#?RADIANCE
genskyvec -m 1
NROWS=146
NCOLS=1
NCOMP=3
FORMAT=ascii

5.3784085	5.62491875	6.26360531
18.2336969	19.0694063	21.2346612
18.6036138	19.4562806	21.6654594
19.4302469	20.3208006	22.6281425
21.3062269	22.2827625	24.8128781
25.505065	26.6740481	29.7027756
32.7982319	34.3014813	38.1962756
43.8405538	45.8499106	51.0559794
68.3327838	71.4647006	79.5792225
101.356337	106.001822	118.03791
96.2825719	100.695514	112.129085
89.0996131	93.1833438	103.763931
55.28012	57.81379	64.37831
37.9156994	39.6535	44.1559937
28.7782431	30.0972456	33.5146644
23.1304788	24.1906238	26.9373706
20.7024825	21.6513462	24.1097687
18.8131988	19.6754681	21.9095369
18.4168706	19.2609769	21.4479813
17.9778987	18.8018844	20.9367619
18.1358588	18.967085	21.1207206
18.4553088	19.3011763	21.4927444
18.10122	18.9308587	21.0803794
18.0356356	18.8622663	21.0040019
18.5027925	19.3508387	21.5480469
17.9158569	18.7369994	20.8645094
18.4194069	19.2636281	21.450935
17.9878419	18.812285	20.9483425
18.1534969	18.9855319	21.1412594
17.6894025	18.5001675	20.600785
17.8719681	18.6910988	20.8133981
15.1545431	15.8491263	17.6487306
14.9309981	15.615335	17.3883919
16.7402938	17.5075575	19.4954681
18.4479075	19.2934356	21.4841269
23.0957244	24.1542769	26.8968962
29.8897319	31.2596787	34.8090869
42.5331981	44.4826344	49.5334563
67.9733425	71.088785	79.1606262
937.789766893112	943.114909893112	956.911894893112
1739.01010589743	1745.82909289743	1763.49648089743
94.1841925	98.5009756	109.68535
56.9962931	59.6086187	66.3769344
38.13357	39.8813569	44.4097206
26.5368675	27.7531412	30.9043944
20.8065012	21.7601325	24.2309069
17.3806525	18.1772656	20.2412181
16.8686625	17.6418094	19.6449662
14.973845	15.660145	17.4382913
14.6289269	15.2994206	17.0366069
14.1140319	14.760925	16.4369669
14.2766681	14.9310156	16.6263712
14.5985406	15.2676406	17.0012169
14.0054019	14.6473144	16.3104575
14.8986125	15.5814656	17.3506762
15.1047569	15.7970581	17.59075
15.23441	15.9326531	17.7417406
14.6076325	15.2771475	17.0118056
14.7559081	15.43222	17.1844856
14.4817044	15.1454494	16.8651531
14.7746563	15.4518294	17.2063188
11.4549294	11.9799456	13.34022
11.64922	12.1831413	13.5664869
13.0203287	13.6170931	15.1632575
16.89749	17.6719569	19.6785356
23.8109881	24.9023256	27.7298819
38.9300262	40.7143156	45.3372612
67.1704162	70.2490594	78.2255525
967.936196866469	972.647566866469	984.854263866469
68.17608	71.3008131	79.3967287
39.6848594	41.5037469	46.2163294
25.4284212	26.5938888	29.6135175
17.3286038	18.1228288	20.1806019
13.7840762	14.415845	16.052705
12.0259619	12.5771519	14.0052356
11.432775	11.9567769	13.3144181
11.2180837	11.7322456	13.0643938
10.8733811	11.3717431	12.6629594
11.3267253	11.8458669	13.1909162
11.0436308	11.5497981	12.8612306
10.6784342	11.1678619	12.4359275
11.0277225	11.5331581	12.8427012
11.0751671	11.5827775	12.8979537
10.7174294	11.2086469	12.4813419
11.1167744	11.6262931	12.9464113
9.45535287	9.88872287	11.0115469
10.1171318	10.5808327	11.7822425
11.3602294	11.880905	13.2299337
13.44239	14.0584981	15.6547825
19.0139006	19.88537	22.1432725
24.9890619	26.1343944	29.1018475
37.1372856	38.83941	43.2494687
45.4297819	47.5119781	52.90677
36.3271044	37.9920969	42.3059438
26.6905687	27.9138875	31.0833944
18.4764981	19.3233375	21.5174238
13.5588194	14.1802644	15.7903744
11.6831138	12.2185881	13.60596
10.2673525	10.7379383	11.9571881
9.60901712	10.0494302	11.1905031
9.16359788	9.58359581	10.6717737
8.99449037	9.40673756	10.4748327
8.96974312	9.38085619	10.4460125
9.06836675	9.48399988	10.5608693
9.02763319	9.44139944	10.5134313
9.06655725	9.48210744	10.5587616
9.12969013	9.54813425	10.6322857
9.06982825	9.48552894	10.5625721
9.31325356	9.74010987	10.84606
8.47277906	8.8611145	9.86725737
9.35562419	9.78442275	10.895405
10.861975	11.3598144	12.649675
14.3133494	14.9693781	16.6690894
18.9951394	19.8657487	22.1214238
22.8420175	23.8889419	26.6014344
22.0366675	23.0466806	25.6635356
16.3498269	17.0991931	19.0407369
12.75961	13.3444237	14.8596281
10.2266613	10.6953831	11.9098
8.91174038	9.32019488	10.3784645
8.38722875	8.77164306	9.76762725
8.10514969	8.47663563	9.43912281
7.92127344	8.28433156	9.22498325
7.81653313	8.17479063	9.10300444
7.84844612	8.20816638	9.14017
7.9896585	8.35585112	9.30462375
8.13210794	8.50482931	9.470518
8.15702238	8.53088581	9.49953269
9.1213365	9.53939769	10.6225569
11.5956619	12.1271294	13.5041156
14.5488856	15.2157081	16.9433906
13.7610044	14.3917175	16.0258369
11.1270594	11.6370494	12.9583881
9.247049	9.67087194	10.7689587
8.17462756	8.54929781	9.52003587
7.61742656	7.96655831	8.87112831
7.42581625	7.76616588	8.64798225
7.45704888	7.79883013	8.68435512
7.596323	7.94448738	8.84655125
8.02129713	8.38893988	9.34146919
9.071433	9.48720638	10.5644406
9.597345	10.0372222	11.1769081
8.78306312	9.18562037	10.2286096
7.67310725	8.02479119	8.93597331
7.49151675	7.83487769	8.72449594
8.21404056	8.59051719	9.56593513
