#?RADIANCE
genskyvec -m 1
NROWS=146
NCOLS=1
NCOMP=3
FORMAT=ascii

1.26430781	1.32225513	1.47239187
13.0946581	13.6948281	15.2498206
12.363464	12.9301221	14.3982838
12.0302054	12.5815894	14.0101788
11.9797511	12.5288227	13.9514206
12.3044638	12.8684194	14.3295731
12.0291556	12.5804919	14.0089562
12.0849153	12.6388059	14.0738912
12.0068784	12.5571928	13.9830112
12.6202788	13.1987087	14.6973688
11.8697503	12.4137804	13.823315
12.6117046	13.1897393	14.6873812
12.1977581	12.7568219	14.2053081
12.2327184	12.7933847	14.2460206
12.4064604	12.9750892	14.4483563
12.4912041	13.0637172	14.5470494
13.6625381	14.2887375	15.9111644
13.7793294	14.4108825	16.0471775
16.8113675	17.5818881	19.5782406
22.363905	23.3889175	26.0446325
30.1338338	31.5149675	35.093365
50.8838881	53.216065	59.2585319
239.862727610865	243.395555710865	252.548813810865
424.039980120437	428.931489120437	441.604969120437
70.4950106	73.72603	82.0973175
38.6676294	40.4398919	45.0316781
26.0259831	27.21884	30.3094281
18.9051925	19.77168	22.0166744
16.160155	16.9008287	18.8198469
14.0561836	14.7004237	16.3695981
13.3795631	13.992795	15.5816188
11.8068369	12.3479838	13.7500456
10.9820226	11.4853656	12.78948
11.3695498	11.8906537	13.2407869
11.1184317	11.6280265	12.9483394
10.9852896	11.4887806	12.793285
10.6266998	11.1137566	12.3756769
11.082974	11.5909446	12.9070481
11.2981042	11.815933	13.1575825
11.1698593	11.6818101	13.0082319
10.3703385	10.8456459	12.077125
10.7163741	11.2075394	12.4801113
10.7979277	11.2928331	12.5750875
11.3897826	11.9118138	13.2643506
11.3782273	11.8997269	13.2508925
11.5227313	12.0508581	13.4191831
12.1435075	12.7000831	14.1421263
13.8437681	14.4782731	16.1222219
15.1778194	15.87347	17.6758362
19.5971306	20.4953319	22.8224937
26.0216087	27.2142644	30.3043331
39.1832706	40.9791688	45.6321856
64.7973369	67.7672125	75.4618981
304.786285537374	308.102012437374	316.692767437374
57.627485	60.268745	67.1120131
36.8483231	38.5372056	42.9129456
25.8853106	27.0717206	30.1456019
17.971815	18.7955225	20.9296794
14.7440881	15.4198575	17.1707194
12.8448875	13.4336106	14.9589413
12.2060675	12.7655112	14.2149838
8.40929688	8.79472281	9.79332712
7.90445419	8.26674138	9.20539631
7.76653181	8.12249781	9.04477381
8.15332156	8.52701544	9.49522256
8.07195525	8.44191962	9.40046488
8.09530275	8.46633731	9.42765556
8.084533	8.45507388	9.41511256
8.17882763	8.55369019	9.52492694
7.80945144	8.1673845	9.09475744
8.13793663	8.51092512	9.47730613
8.18717175	8.56241688	9.53464394
8.63492319	9.03068988	10.0560876
9.06611281	9.48164244	10.558245
9.85195962	10.3035075	11.4734278
12.3978155	12.9660481	14.4382894
17.0257038	17.8060469	19.8278506
24.7054538	25.8377856	28.77156
36.7872056	38.473285	42.8417687
32.8272781	34.3318606	38.2301019
21.8134944	22.8132781	25.4036338
16.1929206	16.9350956	18.8580062
12.3303969	12.8955394	14.3597762
9.56365213	10.0019868	11.1376701
8.97208337	9.38330319	10.4487388
6.24258712	6.52870569	7.2700135
6.13996869	6.42138356	7.15050563
5.88046875	6.14999006	6.84829594
5.93779462	6.2099435	6.915057
6.04464419	6.32169037	7.03949231
5.9803585	6.25445819	6.96462637
5.90844144	6.17924462	6.88087256
6.03076131	6.30717119	7.02332456
5.956167	6.22915794	6.93645325
6.0833375	6.36215675	7.08455387
6.12707594	6.40790019	7.13549106
6.134654	6.41582544	7.14431606
6.55715781	6.85769394	7.63635694
7.48906369	7.83231225	8.72163894
8.82584306	9.23036056	10.2784304
10.1984165	10.6658445	11.8769057
13.0129304	13.609355	15.1546419
15.4520106	16.1602269	17.9951538
16.2045525	16.9472588	18.8715525
13.4840237	14.10204	15.7032694
10.7936891	11.2883989	12.5701499
8.61315038	9.00791969	10.0307334
7.31199025	7.647123	8.51542188
6.88818225	7.20389044	8.02186269
5.00321837	5.23253225	5.826665
4.84553338	5.06762019	5.64302769
4.68032169	4.89483637	5.450625
4.76614319	4.98459125	5.55057125
4.77161813	4.990317	5.55694725
4.71309325	4.92911006	5.48879019
4.78775019	5.00718856	5.57573438
4.906388	5.13126394	5.71389819
4.98879431	5.21744744	5.80986706
5.34839362	5.59352831	6.22865025
5.5806715	5.83645188	6.49915731
6.76316369	7.07314175	7.87626806
8.08403081	8.45454856	9.41452837
8.68542325	9.08350506	10.1148998
7.89183256	8.25354119	9.19069719
6.81679356	7.12922969	7.93872469
6.03439819	6.31097463	7.02755987
5.36454581	5.61042075	6.24746094
4.270178	4.46589444	4.9729785
4.00476437	4.18831594	4.66388213
4.02447019	4.20892488	4.68683106
4.07954625	4.26652537	4.75097175
4.03205181	4.21685412	4.69566044
4.13847537	4.3281555	4.81959962
4.42262631	4.62533006	5.15051719
4.7578425	4.97591019	5.54090419
5.46510625	5.71559025	6.364572
5.50180206	5.75396769	6.40730731
5.20366494	5.44216619	6.06010187
4.47213669	4.67710956	5.20817625
3.81563163	3.99051462	4.44362131
3.65417881	3.82166206	4.255596
3.67646469	3.844969	4.28154975
3.87304544	4.05055981	4.51048431
4.05816706	4.24416656	4.72607425
4.11533281	4.30395225	4.79264844
3.69591244	3.86530838	4.30419813
