#?RADIANCE
genskyvec -m 1
NROWS=146
NCOLS=1
NCOMP=3
FORMAT=ascii

22.5886475	23.6239619	26.306365
36.57013	38.2462606	42.5889656
36.1617838	37.8191981	42.1134131
36.1902612	37.8489806	42.1465769
36.6611612	38.3414625	42.6949794
37.6755237	39.40232	43.8762913
39.4316156	41.2388969	45.921405
42.2775925	44.2153119	49.2357819
47.1197181	49.2793706	54.8748425
54.3638906	56.8555675	63.3112844
58.3854681	61.0614675	67.9947462
68.8791694	72.0361281	80.2155362
69.2481925	72.4220656	80.6452956
68.1914656	71.3169062	79.4146512
64.5432319	67.5014625	75.1659762
56.2695675	58.8485863	65.530605
51.1848519	53.5308225	59.6090287
44.7940713	46.8471344	52.1664319
42.0280212	43.9543044	48.945135
38.6511475	40.4226562	45.0124838
37.7287238	39.457955	43.9382463
36.966115	38.6603919	43.0501219
36.400755	38.0691219	42.3917163
35.9553687	37.6033213	41.8730263
36.9140188	38.6059106	42.9894525
36.8250863	38.5129025	42.8858844
37.8256181	39.5592919	44.0510869
37.665925	39.3922788	43.8651112
37.4992138	39.2179281	43.670965
36.87085	38.5607625	42.9391787
36.5105712	38.1839712	42.5196044
29.4626725	30.8130431	34.3117381
28.1984175	29.490845	32.8394087
30.0139437	31.3895812	34.9537413
30.4134344	31.8073838	35.4189813
32.3991937	33.8841556	37.7315631
34.5606181	36.1446444	40.24872
39.1214425	40.9145075	45.5601806
45.6606706	47.7534506	53.1756581
55.1617169	57.68996	64.2404188
67.089815	70.1647606	78.1316831
79.7588944	83.4145087	92.8858838
88.2773138	92.323355	102.806298
84.947825	88.8412613	98.9288219
76.2472081	79.7418694	88.7962313
64.6548988	67.6182475	75.2960231
51.9825613	54.3650937	60.5380275
45.1802969	47.2510587	52.6162219
37.7686031	39.4996612	43.9846875
33.7025744	35.2472731	39.2494594
30.8626981	32.2772394	35.9421869
29.7269338	31.0894163	34.6194925
29.364275	30.7101363	34.1971475
27.9103175	29.1895388	32.5038925
29.3854888	30.7323237	34.2218538
29.8415337	31.2092694	34.7529538
30.248655	31.63505	35.2270794
29.21842	30.5575975	34.0272863
29.5881438	30.9442669	34.4578606
28.9662506	30.2938681	33.733615
29.2727181	30.6143825	34.0905206
22.7635725	23.8069031	26.5100781
22.6837269	23.7233981	26.4170912
23.8343006	24.9267056	27.7570306
26.8474494	28.0779569	31.2660925
30.8445344	32.2582425	35.9210312
38.1412519	39.8893894	44.4186687
50.2320175	52.5343169	58.4993731
70.1293344	73.3435931	81.6714569
95.5312719	99.9097887	111.254132
112.859281	118.032	131.434037
103.977549	108.743176	121.090537
72.6088869	75.9367931	84.5591025
51.8289406	54.2044325	60.359125
39.4245156	41.2314731	45.9131369
31.4485731	32.8899644	36.6244863
27.3130238	28.5648681	31.8082925
24.33941	25.4549669	28.3452738
23.9557812	25.0537531	27.8985044
22.8349394	23.88154	26.5931919
22.0159206	23.0249838	25.6393762
22.5274844	23.5599925	26.235135
22.6110881	23.6474269	26.3324969
21.9543944	22.9606363	25.5677231
22.5681356	23.6025094	26.2824775
19.8877831	20.7993044	23.1609825
20.7988944	21.7521769	24.2220481
22.4284487	23.4564169	26.1197975
24.7390844	25.8729581	28.8107256
30.5888225	31.9908094	35.623235
36.8751519	38.5652619	42.9441894
54.2798169	56.7676406	63.2133744
82.417675	86.1951481	95.9822563
132.288873	138.352097	154.061413
3111.97921214578	3119.84942514578	3140.24045014578
135.462212	141.670887	157.757025
84.9882806	88.8835731	98.9759419
59.8226094	62.56448	69.6684188
40.0072856	41.8409544	46.5918231
30.7582438	32.1679956	35.8205406
26.069055	27.263885	30.3595869
22.8270544	23.8732938	26.5840081
21.1053625	22.0726912	24.578955
20.1646631	21.0888744	23.4834325
19.5938319	20.4918831	22.8186512
19.4121437	20.3018656	22.6070587
19.4101963	20.2998313	22.6047931
19.3035588	20.1883044	22.4806044
19.6238931	20.5233213	22.8536613
19.3328456	20.2189331	22.5147119
21.0846125	22.0509894	24.5547906
24.4560737	25.5769756	28.4811375
31.030095	32.4523075	36.1371344
42.6580931	44.6132525	49.6789044
75.4723663	78.9315119	87.8938631
1950.65576387035	1956.28916287035	1970.88475287035
3549.02004524291	3556.11880824291	3574.51113924291
100.652228	105.265446	117.217902
58.2696606	60.9403525	67.8598806
39.70569	41.5255319	46.240585
28.895755	30.2201438	33.6515144
23.23942	24.30456	27.0642419
20.2589412	21.1874744	23.5932263
19.064835	19.9386381	22.20259
18.3919081	19.2348681	21.4189094
18.28116	19.1190475	21.289935
18.5640781	19.4149306	21.6194163
20.7949275	21.7480275	24.2174275
24.8724256	26.01241	28.9660131
33.8159325	35.36583	39.3814756
54.0497125	56.5269887	62.9453975
76.1214437	79.6103394	88.6497675
76.4358319	79.9391369	89.0158938
51.7440281	54.1156269	60.260235
34.9007713	36.5003894	40.6448588
24.9177381	26.0598	29.0187831
21.1706994	22.1410225	24.6550456
19.1304888	20.0073025	22.2790488
19.6694163	20.5709306	22.9066756
24.74501	25.8791575	28.81763
32.5733756	34.0663213	37.9344125
44.1402631	46.1633588	51.4050181
42.8195637	44.7821256	49.8669538
27.9917469	29.2747019	32.5987269
23.3479919	24.4181088	27.1906869
31.1160575	32.5422106	36.2372463
