#?RADIANCE
genskyvec -m 1
NROWS=146
NCOLS=1
NCOMP=3
FORMAT=ascii

19.5597175	20.4562037	22.7789219
30.5030713	31.9011288	35.52337
32.56327	34.0557513	37.9226444
34.2311756	35.8001038	39.86506
35.4112919	37.0343094	41.2394038
34.4951475	36.0761756	40.1724781
34.1826188	35.74932	39.80851
33.6835006	35.2273262	39.2272444
31.3147894	32.7500494	36.4686844
29.3193013	30.6631012	34.1447712
31.5880444	33.0358306	36.7869119
28.9209787	30.2465231	33.6808925
30.2817344	31.6696469	35.2656044
30.7525569	32.1620481	35.8139162
31.6631163	33.1143425	36.8743413
35.4628719	37.0882525	41.2994731
40.3300194	42.1784763	46.9676719
45.7911625	47.8899219	53.327625
53.6681262	56.127915	62.5010087
63.0657881	65.9563031	73.4453694
66.0853675	69.1142775	76.9619213
66.378985	69.4213525	77.3038619
58.1449994	60.8099794	67.7147019
50.7752813	53.1024812	59.13205
44.2234881	46.2503981	51.5019406
37.5047419	39.2237094	43.6774
34.0889538	35.651365	39.6994294
31.8762731	33.3372687	37.1225788
29.6090894	30.9661713	34.4822525
29.2298762	30.5695775	34.0406269
29.3945369	30.741785	34.2323906
20.1088388	21.0304931	23.41842
19.0819619	19.9565487	22.2225344
21.3176969	22.2947562	24.8262356
21.1516837	22.1211363	24.6328994
21.3044894	22.2809438	24.8108556
20.1664675	21.0907638	23.4855331
21.4495931	22.4326981	24.9798406
21.5308131	22.5176406	25.0744263
20.3358475	21.267905	23.6827881
17.8348469	18.6522787	20.7701669
18.637025	19.4912225	21.70437
19.1991194	20.0790788	22.358975
21.4580856	22.4415806	24.98973
23.5714256	24.6517831	27.4508925
26.42942	27.6407681	30.7792637
32.3410088	33.8233031	37.6638006
40.5245856	42.3819619	47.1942587
50.9886581	53.3256356	59.3805431
64.0822131	67.0193119	74.6290825
71.4572919	74.7324138	83.217975
68.9566694	72.1171806	80.3057906
57.3428888	59.9711044	66.7805762
44.5298981	46.5708512	51.8587812
35.9713513	37.6200362	41.8916375
29.7054812	31.06698	34.5945087
25.9676469	27.15783	30.24149
22.0427869	23.0530806	25.6706638
20.6459363	21.5922087	24.0439169
19.3949588	20.2838944	22.5870469
19.5236738	20.4185081	22.736945
13.7027712	14.3308131	15.9580187
13.222665	13.8287031	15.3988969
13.3298138	13.9407638	15.52368
14.295125	14.9503181	16.647865
14.1972362	14.8479431	16.5338656
14.1090831	14.7557488	16.4312044
13.9471112	14.5863531	16.2425756
14.0804931	14.72585	16.3979094
13.9207119	14.5587444	16.21183
15.4614181	16.1700663	18.0061125
17.3809881	18.1776156	20.2416094
22.1724063	23.1886406	25.8216169
29.7354781	31.0983537	34.6294444
42.6471781	44.6018387	49.666195
65.1042019	68.08814	75.81927
87.1877981	91.1839019	101.537458
80.6192481	84.314295	93.8878356
57.0391181	59.6534112	66.4268106
36.5142606	38.1878281	42.5239013
26.49847	27.7129806	30.8596769
20.5063019	21.4461737	23.8812994
17.2142356	18.0032212	20.0474144
14.7217313	15.3964769	17.1446844
14.1107706	14.7575137	16.4331669
11.3239463	11.8429594	13.1876813
11.0892056	11.5974587	12.9143044
10.8121294	11.3076844	12.5916275
10.8932119	11.392485	12.686055
11.08347	11.5914613	12.907625
11.0388581	11.5448056	12.8556706
11.1205375	11.6302269	12.9507925
11.6440925	12.1777806	13.5605181
12.3996719	12.9679906	14.4404531
13.7818306	14.4134956	16.0500894
16.3787437	17.1294363	19.0744144
21.0520456	22.0169306	24.5168619
27.3846237	28.6397481	31.8916763
44.62072	46.6658362	51.96455
74.7934831	78.2215144	87.1032531
4122.93178561542	4128.59144061542	4143.25512861542
2997.30546079841	3002.46421779841	3015.83004379841
65.6303012	68.6383569	76.4319581
38.525995	40.2917669	44.8667312
25.7522819	26.9325937	29.99068
19.3047663	20.1895681	22.4820075
15.3668656	16.0711813	17.8959969
13.2618856	13.8697231	15.4445731
12.2230544	12.7832756	14.234765
10.8863363	11.3852912	12.6780456
10.2114437	10.6794688	11.8920787
9.92278937	10.3775837	11.5559156
9.94447325	10.4002606	11.58117
10.1524215	10.6177419	11.8233419
10.8279525	11.3242319	12.6100531
11.934195	12.4811787	13.8983656
14.7623156	15.4389206	17.1919469
18.6829181	19.5392187	21.757815
28.1860025	29.4778619	32.8249494
42.267745	44.2050144	49.2243138
76.8103625	80.3308338	89.4520706
2089.16716036929	2093.31483166929	2104.06106726929
46.4919931	48.6228744	54.1438031
28.2215469	29.5150331	32.8663431
18.8283544	19.6913194	21.9271881
14.2817375	14.9363162	16.632275
12.0471394	12.5992987	14.0298988
11.1492588	11.660265	12.98424
10.4870681	10.9677263	12.2130681
10.2494601	10.7192263	11.9363506
10.7897881	11.2843206	12.5656088
12.5047913	13.0779294	14.5628737
16.9519331	17.7288956	19.7419381
24.9639313	26.10811	29.0725788
35.5556556	37.1852869	41.407525
43.6529813	45.6537412	50.8375344
28.9448544	30.2714937	33.7086975
17.8194775	18.6362037	20.7522687
13.4472031	14.0635344	15.6603906
13.0664094	13.6652862	15.2169244
12.3492713	12.9152794	14.3817581
14.1314694	14.7791637	16.4572744
19.1041125	19.9797181	22.2483331
21.3274881	22.3049981	24.8376394
17.4632131	18.2636081	20.3373675
15.4431712	16.1509813	17.9848612
