#?RADIANCE
genskyvec -m 1
NROWS=146
NCOLS=1
NCOMP=3
FORMAT=ascii

7.88038306	8.24156731	9.17736356
24.7376006	25.8714069	28.809
25.2824587	26.4412369	29.4435312
26.1730737	27.3726719	30.4807281
27.3475	28.6009263	31.8484444
28.0870569	29.3743788	32.70972
28.2750044	29.5709419	32.9286019
28.6497069	29.9628175	33.3649725
27.4616781	28.7203363	31.9814119
27.1356794	28.3793963	31.6017606
27.1254475	28.3686962	31.5898469
25.9155394	27.1033344	30.1808056
25.2523069	26.4097056	29.40842
24.5751881	25.70155	28.6198556
24.418605	25.5377919	28.4375013
25.9379869	27.12681	30.2069481
29.4035837	30.7512469	34.2429269
33.1624506	34.6823956	38.6204375
42.4386163	44.38372	49.4233088
60.1204675	62.8759863	70.0152963
78.1495306	81.7313788	91.0116475
108.685117	113.666522	126.572887
106.799321	111.694295	124.376717
97.29534	101.754708	113.30854
72.7565513	76.0912219	84.7310675
49.5472631	51.8181794	57.7019206
39.0895787	40.8811844	45.523075
31.761435	33.2171656	36.9888413
27.9547031	29.2359594	32.5555844
25.3505963	26.5124994	29.5228856
24.4798681	25.6018613	28.5088494
18.2400606	19.0760631	21.2420713
17.0791444	17.8619388	19.8900887
18.9401487	19.8082381	22.0573838
19.04053	19.91322	22.1742844
19.5400894	20.4356763	22.7560637
18.8948006	19.7608125	22.0045719
20.4274762	21.3637344	23.7894994
20.863135	21.8193606	24.2968606
19.8672069	20.777785	23.1370175
17.0524606	17.83403	19.85901
17.367795	18.1638187	20.226245
17.0715931	17.8540413	19.881295
18.1738256	19.0067919	21.1649363
18.4998069	19.3477156	21.5445675
19.460475	20.3524125	22.6633463
22.5017688	23.5330988	26.2051863
28.6653856	29.9792131	33.38323
35.8804363	37.5249556	41.7857619
52.7940831	55.2138106	61.4831137
76.9920912	80.5208925	89.6637056
115.129819	120.406588	134.078263
1334.73839376344	1340.91216276344	1356.90789376344
99.5585475	104.121642	115.944235
66.1618038	69.1942187	77.0509394
45.566405	47.6548637	53.0658788
34.4521344	36.0311906	40.1223831
25.4680906	26.6353775	29.659715
21.6558375	22.6483956	25.2200275
19.0163175	19.8878975	22.1460863
18.3252294	19.1651344	21.341255
11.9498219	12.4975213	13.9165644
11.3310281	11.8503656	13.1959256
11.4498462	11.9746312	13.3343006
12.6170825	13.1953656	14.693645
12.7426256	13.3266625	14.8398494
12.8442325	13.4329256	14.9581788
12.6657337	13.2462481	14.7503031
12.5197656	13.0935875	14.5803106
11.5785862	12.1092706	13.48423
12.0074619	12.5578025	13.9836906
12.3076231	12.8717219	14.3332525
14.0593819	14.70377	16.3733231
16.7857712	17.5551181	19.5484325
21.6954025	22.6897738	25.2661056
33.7277525	35.2736056	39.27878
57.0218575	59.6353581	66.4067088
1409.48516687287	1414.42329287287	1427.21755087287
2096.79508115257	2102.59716915257	2117.62988215257
61.6246638	64.449125	71.76706
35.673785	37.3088337	41.5450994
24.0723088	25.175625	28.0342125
17.99349	18.8181919	20.95492
13.8008306	14.4333687	16.0722187
12.72832	13.3116994	14.8231881
8.91938387	9.32818906	10.3873662
8.7353555	9.13572544	10.1730496
8.46330769	8.85120913	9.8562275
8.650429	9.046907	10.0741461
8.95646588	9.36697125	10.4305521
8.8787085	9.28564938	10.3399972
8.70498194	9.10395981	10.1376773
8.83489669	9.23983019	10.2889742
8.68023669	9.07808056	10.1088595
8.97022581	9.38136044	10.4465767
9.48377956	9.91845119	11.0446525
10.4528974	10.9319879	12.1732719
12.3533725	12.9195669	14.3865313
17.1512881	17.9373888	19.9741044
24.8716731	26.0116206	28.9651363
34.4180388	35.9955325	40.0826762
51.7784256	54.1516012	60.3002944
56.4317456	59.0181994	65.7194706
41.5456206	43.4497956	48.3833413
26.9126544	28.14615	31.34203
18.6858706	19.5423062	21.7612538
13.6668338	14.2932294	15.9161687
11.0656831	11.5728598	12.8869106
10.0074896	10.4661652	11.6545556
7.53884956	7.88437981	8.77961913
7.10017969	7.42560444	8.26875144
6.83999531	7.15349488	7.96574494
6.966007	7.28528194	8.11249606
6.99933125	7.32013369	8.15130487
6.94791294	7.26635863	8.09142394
7.150525	7.47825725	8.32738269
7.7273365	8.081506	8.99912781
8.53344044	8.92455625	9.93790281
10.6509293	11.1390977	12.4038956
13.1124412	13.7134275	15.2705306
19.6158037	20.5148631	22.8442406
26.6894169	27.9126806	31.0820512
25.5624181	26.7340287	29.7695669
18.9366419	19.8045712	22.0532981
13.3912306	14.0049944	15.595205
10.3124386	10.7850922	12.009695
8.45916737	8.84687869	9.85140588
6.79055706	7.10179056	7.90816981
6.20539575	6.48980956	7.22670094
6.1048405	6.38464525	7.10959569
6.20544219	6.48985813	7.22675494
6.3965415	6.68971606	7.449306
7.25879806	7.59149269	8.45347569
8.92925406	9.33851156	10.3988614
11.1706001	11.6825836	13.0090937
14.6177069	15.2876863	17.0235394
13.3791775	13.99239	15.58117
10.3913281	10.8675977	12.10157
7.84998756	8.20977844	9.14196531
6.66519963	6.97068788	7.762181
6.13803269	6.41935919	7.14825094
6.39487781	6.68797625	7.4473685
7.49075656	7.83408275	8.72361094
8.56324575	8.95572769	9.97261375
8.18833269	8.56363106	9.53599619
6.85251075	7.166584	7.98032031
