#?RADIANCE
genskyvec -m 1
NROWS=146
NCOLS=1
NCOMP=3
FORMAT=ascii

24.8767381	26.0169212	28.9710356
37.754785	39.4852119	43.9685956
37.6788612	39.4058088	43.8801762
37.7528794	39.4832194	43.9663769
37.8723106	39.6081231	44.1054637
37.55073	39.2718031	43.7309569
37.7212987	39.4501906	43.9296
38.7189556	40.4935731	45.0914525
39.6479394	41.4651356	46.1733306
41.9465063	43.8690544	48.8502044
45.2652363	47.3398919	52.7151431
49.4031206	51.6674319	57.5340544
52.7000619	55.1154813	61.3736175
55.9262931	58.4895794	65.1308312
58.1410813	60.8058794	67.7101387
57.2839331	59.9094444	66.7119169
56.8852325	59.4924725	66.2475969
51.8208006	54.1959188	60.3496431
49.7009044	51.9788612	57.8808462
45.2013888	47.2731163	52.6407862
43.1424819	45.1198444	50.2430188
41.0148662	42.8947112	47.7652319
39.3359719	41.1388688	45.81002
37.8204956	39.5539337	44.04512
38.0693606	39.8142037	44.3349431
37.556575	39.2779181	43.7377625
38.2397019	39.9923544	44.5333219
38.1958631	39.9465069	44.4822675
37.8815456	39.6177806	44.1162188
37.5844294	39.3070469	43.7702019
37.4332269	39.1489156	43.5941137
28.9450438	30.2716931	33.7089175
27.4302787	28.6874987	31.9448475
29.1574062	30.4937838	33.9562306
28.8245119	30.1456338	33.5685475
29.3409731	30.6857644	34.1700081
29.3722612	30.71849	34.2064481
31.7313737	33.1857281	36.9538306
34.194075	35.7613013	39.8218525
37.0275875	38.7246838	43.1217137
39.6062906	41.4215775	46.1248275
45.7991313	47.8982562	53.3369069
52.4226769	54.8253825	61.0505769
58.4828263	61.1632887	68.1081294
63.3406038	66.2437125	73.7654169
63.7235287	66.6441881	74.2113619
59.6444594	62.3781625	69.4609488
54.3764362	56.8686887	63.325895
47.2185231	49.3827031	54.9899075
41.0381781	42.9190937	47.7923812
36.3677406	38.034595	42.3532681
33.5181463	35.0543938	39.0346762
31.6460644	33.0965088	36.8544812
29.0303794	30.3609381	33.8082981
29.6695381	31.0293906	34.5526525
29.5136069	30.8663125	34.3710556
29.5989675	30.9555875	34.4704669
28.3835	29.6844087	33.0549513
28.7688394	30.08741	33.5037131
28.2112731	29.50429	32.8543806
28.63883	29.9514437	33.3523069
21.6327263	22.624225	25.1931137
21.2333894	22.206585	24.7280531
21.6531119	22.6455431	25.2168531
23.2630656	24.3292894	27.0917806
24.5868556	25.7137525	28.6334431
27.0417988	28.2812131	31.49243
30.8931444	32.30908	35.9776431
37.2770187	38.9855475	43.4121987
45.5630669	47.6513737	53.0619919
58.3879181	61.0640306	67.9976013
70.6178056	73.8544519	82.2403231
74.2641388	77.6679087	86.4867825
66.81018	69.8723131	77.8060269
55.312005	57.8471356	64.4154431
42.6847081	44.6410881	49.7099025
34.6056719	36.1917644	40.3011919
28.4922744	29.7981669	33.1816287
26.3080469	27.5138319	30.6379125
23.7939913	24.8845481	27.7100875
22.2738944	23.2947794	25.9398063
22.1519419	23.16724	25.7977844
21.9247162	22.9296	25.5331612
21.1377906	22.1066062	24.6167194
21.6324556	22.6239412	25.1927962
18.6668956	19.52246	21.7391569
19.0645244	19.9383156	22.2022294
19.6499519	20.5505725	22.8840075
20.639725	21.5857112	24.0366806
23.0110544	24.0657294	26.7982937
25.2925825	26.4518244	29.4553219
31.2385056	32.6702688	36.379845
40.1475769	41.9876725	46.7552006
55.4230506	57.9632719	64.5447656
74.14038	77.5384775	86.3426562
100.664869	105.278672	117.232638
116.298134	121.628452	135.438862
96.4463194	100.866772	112.319786
65.1908287	68.1787394	75.9201569
47.0223612	49.1775513	54.7614613
37.0002319	38.696075	43.0898544
29.295035	30.6377225	34.1165094
24.8910594	26.0318994	28.987715
22.0559206	23.0668163	25.6859588
20.428215	21.3645069	23.7903594
19.5725269	20.4695994	22.79384
19.0922062	19.9672644	22.2344669
18.7131069	19.5707912	21.7929737
18.7661731	19.6262894	21.8547762
18.2889694	19.1272119	21.2990294
19.0276206	19.8997187	22.1592513
20.6823331	21.6302712	24.0863006
23.58229	24.6631456	27.4635425
28.5946225	29.9052088	33.3008231
42.4619662	44.4081406	49.4505013
62.1659069	65.0151788	72.3973856
112.641175	117.803882	131.18003
5008.14339763945	5015.66881663945	5035.16657263945
1928.59904629529	1933.92845329529	1947.73646129529
74.0223613	77.4150525	86.2052131
46.4504662	48.5794431	54.0954406
32.1787906	33.65365	37.4748831
24.6517444	25.7816163	28.7090131
21.475635	22.4599337	25.0101694
19.3915125	20.28029	22.5830344
18.3830744	19.2256313	21.4086225
18.11887	18.9493181	21.1009337
20.0010575	20.9177706	23.2928969
22.6230025	23.6598894	26.3463731
27.5365719	28.7986631	32.0686356
38.8891	40.6715181	45.2896013
61.4057169	64.2201425	71.5120787
1740.96861165535	1745.73625065535	1758.08875865535
96.5667975	100.992773	112.460091
59.7598969	62.4988894	69.5953825
35.8436369	37.48647	41.7429056
26.2142125	27.4156944	30.528635
20.8280006	21.7826169	24.2559444
20.2718713	21.2009988	23.6082856
25.7542788	26.9346825	29.993005
32.4717444	33.9600319	37.8160538
48.2024631	50.4117419	56.1357894
59.8877119	62.6325619	69.7442331
36.8763375	38.5665013	42.9455675
27.2265644	28.474445	31.7076037
36.1489912	37.8058206	42.098515
