#?RADIANCE
genskyvec -m 1
NROWS=146
NCOLS=1
NCOMP=3
FORMAT=ascii

8.85716481	9.263118	10.3149062
25.6914238	26.8689475	29.9198063
25.5034531	26.6723619	29.7008994
26.30445	27.5100694	30.6337263
28.2545613	29.5495606	32.9047925
32.1704969	33.6449775	37.4652263
38.8067706	40.5854138	45.1937212
48.2374419	50.4483238	56.1765225
66.3274938	69.3675025	77.2439
90.4044844	94.5480162	105.283568
97.0406694	101.488381	113.011958
104.678787	109.476555	121.90717
78.171955	81.7548356	91.0377663
58.0286069	60.6882513	67.5791531
44.6874519	46.7356238	52.0422638
35.563165	37.1931394	41.4162694
30.5991481	32.0016081	35.6352587
27.5698169	28.8334331	32.1073531
25.9713737	27.1617313	30.2458337
25.2196506	26.3755506	29.3703856
26.35235	27.5601656	30.6895088
27.0122306	28.2502894	31.4579944
27.6454681	28.9125494	32.1954531
27.7864481	29.0599937	32.3596362
29.5329881	30.8865825	34.3936256
29.3182594	30.6620125	34.1435594
30.1021119	31.48179	35.0564187
29.2215263	30.5608475	34.0309044
28.1660319	29.4569756	32.801695
26.7757419	28.0029631	31.1825831
25.8216706	27.0051625	30.0714894
18.6118869	19.4649312	21.675095
17.5918244	18.398115	20.4871456
19.92469	20.837905	23.203965
21.4613044	22.4449469	24.9934787
25.9193075	27.107275	30.185195
31.5850244	33.03267	36.7833944
42.6861269	44.6425725	49.7115556
62.2330775	65.0854269	72.4756112
94.3616806	98.6865881	109.892064
1298.13407320728	1303.98299220728	1319.13700420728
118.155388	123.57085	137.601794
82.3138862	86.0866031	95.8613831
57.0594388	59.67466	66.4504725
39.2978013	41.09895	45.7655662
29.698215	31.0593825	34.5860487
23.4875319	24.564045	27.3531906
22.3064887	23.3288681	25.977765
18.7323419	19.5909062	21.8153738
18.0491219	18.8763738	21.0197075
17.2564869	18.0474106	20.0966206
17.84507	18.6629669	20.7820713
18.8638106	19.7284013	21.9684819
18.1187594	18.9492031	21.1008069
20.3084969	21.2393019	23.6509388
20.9033213	21.8613888	24.3436613
21.1980537	22.1696306	24.6869025
19.67108	20.5726731	22.9086156
19.59456	20.4926438	22.8195
18.5328481	19.38227	21.5830487
18.5299531	19.3792425	21.5796738
12.2063369	12.7657944	14.2152969
12.1670744	12.7247319	14.1695744
13.5722831	14.1943462	15.8060556
17.6907337	18.5015581	20.602335
24.0618756	25.16471	28.0220606
37.6190731	39.3432781	43.8105469
64.4530687	67.4071663	75.0609738
2067.74396361889	2073.16127861889	2087.19710061889
1905.94804748809	1911.19709448809	1924.79691748809
61.8101669	64.6431319	71.9830944
37.2956369	39.0050181	43.4338812
23.5226975	24.6008212	27.3941431
17.2602319	18.0513263	20.10098
13.9899394	14.6311444	16.2924519
12.75204	13.33651	14.850815
12.3303869	12.89553	14.3597644
11.8707469	12.4148219	13.8244725
12.8441975	13.4328881	14.9581394
12.5792606	13.15581	14.6495981
12.0126762	12.5632569	13.9897625
12.6808894	13.2620956	14.7679531
12.6417125	13.221125	14.7223287
11.7092944	12.2459688	13.6364481
12.1105706	12.66564	14.1037719
9.03277513	9.44677731	10.5194213
9.74872275	10.1955391	11.3532
10.9907104	11.4944513	12.7995988
13.1581575	13.7612406	15.3237725
18.8513788	19.7153987	21.9540019
25.1212375	26.2726275	29.255775
41.5316112	43.4351419	48.3670225
61.5182594	64.3378456	71.64314
56.5911731	59.1849331	65.9051406
39.7018987	41.52157	46.2361719
25.2503844	26.4076919	29.4061781
16.8101456	17.58061	19.5768156
13.6153625	14.2393988	15.8562244
11.090909	11.5992431	12.9162894
9.84425825	10.2954526	11.46446
9.04314238	9.45762031	10.5314946
8.75145981	9.15256844	10.1918047
8.75261769	9.15377956	10.1931527
8.99706731	9.40943319	10.4778361
8.96973763	9.38084994	10.446008
9.03401281	9.448071	10.5208621
9.06359694	9.47901163	10.5553145
8.82254688	9.22691281	10.2745908
9.06254131	9.47790737	10.5540847
7.50385056	7.84777681	8.73885969
8.47602962	8.86451431	9.87104369
10.0940806	10.5567249	11.7553969
13.9482381	14.5875313	16.2438856
19.81567	20.7238881	23.0769994
27.5517625	28.81455	32.0863238
28.9759394	30.3040019	33.7448956
20.89456	21.8522263	24.3334581
15.1065606	15.7989425	17.5928469
11.0001569	11.5043306	12.8106012
8.7710385	9.173044	10.2146068
7.84865988	8.20838969	9.14041875
7.33648831	7.67274363	8.54395263
7.03266869	7.35499931	8.19012919
6.86280487	7.17734994	7.9923085
6.89352019	7.20947275	8.02807912
7.05889625	7.382429	8.22067338
7.16493919	7.49333194	8.34416912
6.97079225	7.29028675	8.11806875
8.06480506	8.43444187	9.39213825
11.0444349	11.5506369	12.8621656
15.3713013	16.0758206	17.9011631
15.1704981	15.8658138	17.66731
11.8792074	12.4236712	13.8343275
9.14455619	9.56368144	10.6495984
7.46719331	7.80943925	8.69616912
6.55154369	6.8518225	7.62981894
6.20894013	6.49351631	7.23082869
6.21313869	6.49790731	7.23571806
6.32043113	6.61011731	7.36066912
6.78600212	7.09702706	7.9028655
8.13387838	8.506681	9.4725795
9.06409637	9.47953431	10.5558968
8.1496305	8.52315525	9.49092438
6.50556956	6.80374125	7.57627831
6.18860112	6.47224512	7.20714225
7.13755219	7.46468975	8.31227462
