#?RADIANCE
genskyvec -m 1
NROWS=146
NCOLS=1
NCOMP=3
FORMAT=ascii

20.7494538	21.7004694	24.1644681
35.6551431	37.2893375	41.5233875
35.2675969	36.8840262	41.0720569
35.4125363	37.0356087	41.2408525
36.054485	37.7069812	41.988455
37.3204087	39.0309269	43.4627281
39.6053969	41.4206444	46.1237875
43.1142425	45.0903094	50.2101281
49.0876856	51.3375381	57.166705
57.7717194	60.41959	67.2799856
62.8282969	65.707925	73.1687919
74.3157494	77.7218862	86.54689
73.29993	76.6595062	85.3638806
69.919915	73.1245756	81.4275712
64.0049925	66.9385525	74.5391512
54.6805763	57.1867675	63.6800906
48.8801925	51.1205331	56.92506
42.9615831	44.9306537	50.0323469
40.0080231	41.8417238	46.5926794
36.9689981	38.6634081	43.0534812
36.5244025	38.1984369	42.5357131
35.8535163	37.4968	41.75441
35.579465	37.21019	41.4352544
35.14485	36.7556538	40.9291069
36.367405	38.0342425	42.3528737
36.3755744	38.0427894	42.3623906
37.430865	39.1464469	43.5913638
37.2370494	38.9437437	43.3656469
36.85401	38.54315	42.9195675
36.1197125	37.7751994	42.0644175
35.6183081	37.2508131	41.4804913
27.8268837	29.1022813	32.4067263
26.515565	27.7308606	30.8795875
28.4901975	29.7959975	33.1792106
29.0184219	30.3484313	33.7943706
31.3516806	32.7886313	36.5116456
33.9345525	35.4898844	39.5196163
39.2614144	41.0608956	45.7231912
47.0512531	49.2077662	54.7951069
58.4265837	61.1044675	68.0426281
72.31312	75.62747	84.2146587
85.9472656	89.8865162	100.092764
92.3927856	96.6274519	107.599112
84.9206662	88.8128625	98.8972
72.1913006	75.5000663	84.07279
59.2005112	61.9138656	68.9439325
46.7789656	48.9230006	54.4780075
41.0362525	42.9170794	47.7901356
34.0761088	35.6379294	39.6844713
30.7082963	32.1157581	35.7623713
28.2438475	29.5383556	32.8923163
27.4952775	28.7554762	32.0205431
27.4513019	28.7094844	31.9693269
26.1082356	27.3048619	30.4052175
27.8397919	29.1157825	32.42176
28.3804388	29.6812087	33.0513888
28.83251	30.154	33.5778625
27.7084931	28.9784637	32.2688487
28.06337	29.349605	32.6821344
27.3572194	28.6110906	31.859765
27.6382188	28.90497	32.1870119
20.8620281	21.8182044	24.2955712
20.7876044	21.7403687	24.2088994
22.0192731	23.0284906	25.6432812
25.2895912	26.4486969	29.4518388
29.7344769	31.0973056	34.6282763
38.0034013	39.7452219	44.25813
51.9654588	54.3472069	60.51811
75.2621625	78.7116738	87.6490625
103.817191	108.575458	120.903744
115.871336	121.182094	134.941831
96.1690031	100.576743	111.996821
62.9594894	65.8451281	73.321575
44.1238706	46.1462137	51.3859275
33.5642737	35.102635	39.0883962
27.2595425	28.5089369	31.7460081
24.0589694	25.1616719	28.0186763
21.6944556	22.6887838	25.2650031
21.6755419	22.6690031	25.242975
20.7687825	21.7206862	24.18698
20.0271625	20.9450725	23.3233006
20.6405412	21.586565	24.0376306
20.7452006	21.6960219	24.1595162
20.0490075	20.9679212	23.3487425
20.6678413	21.6151169	24.0694237
17.8175319	18.6341688	20.7500025
18.7399925	19.5989056	21.8242831
20.3796612	21.3137306	23.7338175
22.7820619	23.8262406	26.5316119
28.9294263	30.2553563	33.6907287
35.617795	37.2502775	41.4798919
54.4565056	56.9524281	63.4191444
85.8076619	89.7405119	99.9301875
2330.8024484943	2337.3221794943	2354.2142234943
3938.74902868442	3946.47169668442	3966.48041568442
110.637004	115.707872	128.846009
66.9433175	70.0115494	77.961075
47.6097537	49.7918669	55.4455294
32.6258975	34.1212494	37.9955769
25.62658	26.80113	29.8442906
22.0179119	23.0270656	25.641695
19.609905	20.5086912	22.8373706
18.3769206	19.2191937	21.4014569
17.7809675	18.5959288	20.7074194
17.3816112	18.1782681	20.2423356
17.3001725	18.0930969	20.1474931
17.3518894	18.1471831	20.2077219
17.2448031	18.03519	20.0830131
17.5857606	18.3917744	20.4800863
16.9939537	17.7728419	19.7908769
18.6943125	19.5511337	21.771085
21.9057688	22.9097794	25.5110938
28.427995	29.730945	33.1067725
39.9690575	41.80097	46.5472994
71.5661444	74.8462569	83.3447444
113.255451	118.446322	131.895416
2332.72359163514	2338.10093063514	2352.03315463514
75.2709869	78.7209044	87.6593369
44.7860406	46.8387306	52.1570775
31.23346	32.6649931	36.3739706
23.5095731	24.5870931	27.3788581
19.42169	20.3118481	22.6181756
17.2436756	18.0340106	20.0816994
16.371975	17.1223563	19.0665294
15.9402587	16.6708537	18.56376
15.9601244	16.6916294	18.5868963
16.255805	17.0008625	18.9312412
17.9790431	18.8030812	20.9380938
21.5709856	22.5596556	25.1212137
29.7614869	31.1255544	34.6597344
47.7515863	49.9402	55.6107044
63.3428231	66.246035	73.7680006
58.4083575	61.0854044	68.0214019
39.6216062	41.437595	46.142665
27.5015344	28.76202	32.0278306
20.3433088	21.2757094	23.6914775
17.6727587	18.48276	20.5814013
16.2971937	17.0441488	18.9794394
16.8190381	17.5899113	19.587175
20.8147619	21.7687706	24.2405263
27.2502887	28.4992612	31.7352331
35.78555	37.4257212	41.67526
33.7000575	35.2446419	39.2465269
22.6757375	23.7150394	26.4077844
19.3724863	20.2603913	22.5608762
25.4257563	26.5911038	29.610415
