#?RADIANCE
genskyvec -m 1
NROWS=146
NCOLS=1
NCOMP=3
FORMAT=ascii

0.633955212	0.663011481	0.738293681
6.5102695	6.80865669	7.58175163
6.85429425	7.16844906	7.9823975
7.46071212	7.80266119	8.68862094
8.78652331	9.189239	10.2326379
11.8182269	12.3598964	13.7633123
16.6127556	17.3741731	19.3469413
23.4702663	24.545985	27.3330813
64.3722715468534	66.1065984468534	70.6000897468534
126.273050844736	128.520957044736	134.345085244736
51.3797991632097	52.8259204632097	56.5726966632097
22.5678869	23.6022456	26.2821837
14.2359131	14.8883913	16.5789081
10.4088433	10.8859138	12.121964
8.53952912	8.93092388	9.94499431
7.12687175	7.45351981	8.29983637
6.76844763	7.07866794	7.88242175
5.96962581	6.24323338	6.95212725
6.26564469	6.55281987	7.29686563
6.30483131	6.59380262	7.34250188
6.19929769	6.48343213	7.21959906
6.66954062	6.97522788	7.76723613
6.4157315	6.70978588	7.47165456
6.64550356	6.95008912	7.73924313
6.69584131	7.00273381	7.7978655
6.29342556	6.58187419	7.32921906
6.41769769	6.71184175	7.47394413
6.11810531	6.39851831	7.12504394
6.34285662	6.63357063	7.38678563
6.11091113	6.39099425	7.11666544
6.32086031	6.61056625	7.36116894
6.73285469	7.04144388	7.84097062
7.00500281	7.32606525	8.15790994
7.93978162	8.30368794	9.24653775
9.30857737	9.73521969	10.8406133
12.1830844	12.7414744	14.1882169
15.8601863	16.58711	18.4705094
21.9139856	22.918375	25.5206644
31.2465656	32.6786994	36.3892319
35.8375694	37.4801231	41.7358381
25.6560331	26.8319337	29.8785906
19.5340856	20.4293975	22.7490725
14.278785	14.9332281	16.628835
11.1799137	11.6923263	13.0199425
8.87909556	9.28605375	10.3404464
7.68399038	8.036173	8.9486475
6.915248	7.23219638	8.05338256
6.7650985	7.07516525	7.87852131
6.36859281	6.66048662	7.4167575
6.37352156	6.665641	7.42249744
6.35494831	6.64621663	7.40086731
6.46899469	6.76549006	7.53368363
6.63730913	6.94151862	7.7297
6.54861019	6.84875475	7.62640275
6.74223431	7.05125294	7.85189381
6.79194106	7.10323825	7.90978181
6.75177281	7.06122881	7.86300244
6.52374956	6.82275469	7.59745044
6.46697631	6.76337919	7.53133312
6.38564106	6.678316	7.43661163
6.50740688	6.80566281	7.578418
5.56122644	5.81611588	6.47651194
5.74609275	6.00945506	6.69180406
6.56959675	6.870703	7.65084331
8.656564	9.05332313	10.0812908
11.5028817	12.0300963	13.396065
15.6509088	16.36824	18.2267863
18.621935	19.4754381	21.6867956
17.7405437	18.5536494	20.6603412
13.1435306	13.7459431	15.3067363
9.99799956	10.4562394	11.6435038
7.88988969	8.25150931	9.18843494
6.4969915	6.79477	7.56628837
5.74208594	6.00526462	6.68713794
5.32158944	5.56549544	6.19743469
5.27887419	5.52082244	6.14768925
5.326589	5.57072394	6.20325706
5.28556538	5.52782025	6.15548175
5.56210031	5.81702981	6.47752975
5.45884162	5.70903813	6.35727613
5.26299994	5.50422088	6.12920231
5.3814445	5.62809375	6.26714087
5.35565838	5.60112581	6.23711075
5.14255962	5.37826019	5.98893944
5.30977687	5.5531415	6.18367794
4.42006188	4.62264794	5.14753056
4.76171225	4.97995713	5.54541088
5.2877025	5.53005531	6.1579705
6.12598881	6.40676331	7.13422494
7.84173044	8.20114294	9.13234919
8.95705112	9.36758144	10.4312337
9.83498369	10.2857536	11.4536584
9.90756413	10.3616599	11.5381842
8.15601294	8.5298295	9.49835675
6.94756612	7.26599581	8.09101994
5.74690156	6.01030075	6.69274606
4.87010656	5.09331963	5.67164519
4.59646562	4.80713681	5.35296756
4.39907387	4.60069794	5.12308825
4.30966531	4.5071915	5.01896462
4.19671006	4.38905912	4.88741881
4.21485856	4.40803937	4.90855431
4.26770206	4.463305	4.97009519
4.36362025	4.56361919	5.0817995
4.3350555	4.53374537	5.04853369
4.3339275	4.53256569	5.04722006
4.32887294	4.52727956	5.04133344
4.25436169	4.44935338	4.95455912
4.38016425	4.58092169	5.10106644
3.68570438	3.8546325	4.29231012
4.02100144	4.20529719	4.6827915
4.43294956	4.63612631	5.16253956
5.32138231	5.56527875	6.19719344
6.02161456	6.297605	7.01267244
6.00827825	6.28365719	6.99714094
5.65662294	5.9158845	6.58760894
4.80106069	5.02110931	5.59123581
4.23722075	4.43142656	4.93459681
3.85049375	4.0269745	4.48422094
3.54912625	3.7117945	4.13325369
3.55478412	3.71771131	4.13984237
3.55870444	3.72181162	4.14440794
3.52530125	3.68687744	4.10550719
3.46575125	3.62459812	4.0361565
3.47998894	3.63948831	4.05273731
3.5412785	3.70358688	4.12411394
3.57064838	3.73430294	4.15831775
3.283297	3.43378144	3.82367325
3.46216994	3.62085256	4.03198544
4.01224569	4.19613994	4.67259463
4.40088806	4.60259544	5.12520113
4.06174944	4.24791281	4.73024581
3.58578856	3.750137	4.17594987
3.30796788	3.45958294	3.8524045
3.12570844	3.26897	3.64014806
3.07721675	3.21825581	3.58367556
3.04160238	3.18100894	3.54219944
3.099734	3.241805	3.6098985
3.07887863	3.21999381	3.58561094
2.97596938	3.11236794	3.46576444
3.143613	3.28769531	3.66099963
3.17806044	3.32372144	3.70111644
3.03689831	3.17608956	3.53672144
2.83995613	2.97012062	3.30736569
2.85130881	2.98199369	3.320587
2.90464556	3.03777519	3.38270194
