#?RADIANCE
genskyvec -m 1
NROWS=146
NCOLS=1
NCOMP=3
FORMAT=ascii

14.0811694	14.7265563	16.398695
30.9693631	32.3887906	36.0664044
31.6852494	33.13749	36.9001144
32.5585819	34.0508513	37.917185
33.4804488	35.01497	38.9907756
33.4854469	35.0201956	38.9965956
33.2831631	34.8086412	38.7610175
33.4073263	34.9384963	38.9056194
31.86785	33.3284581	37.1127681
31.2353944	32.667015	36.3762213
32.2496044	33.72771	37.5573531
30.942185	32.3603656	36.0347537
31.2934706	32.7277562	36.4438569
31.3755738	32.8136181	36.5394719
31.9319844	33.3955338	37.1874612
34.7594613	36.3526038	40.4802919
39.834855	41.6606175	46.3910106
44.8551956	46.9110556	52.2376144
56.0485063	58.617395	65.2731594
72.9538894	76.2976069	84.9608863
82.8070594	86.6023794	96.4357244
94.628765	98.9659231	110.203096
83.295795	87.113515	97.0049094
73.4780325	76.8457756	85.5712963
59.8006025	62.5414625	69.6427881
46.16398	48.2798281	53.7618038
40.1255081	41.9645937	46.7295012
35.4207637	37.0442163	41.2504344
32.7048356	34.2038056	38.0875081
30.9405231	32.3586294	36.0328188
30.4559769	31.851875	35.4685256
22.3007337	23.3228506	25.971065
20.8637044	21.8199581	24.2975256
22.8935569	23.9428425	26.661455
22.6698538	23.7088863	26.4009344
22.87153	23.9198088	26.6358044
21.8871962	22.8903575	25.4894656
23.4268712	24.5006025	27.2825444
23.8324062	24.9247231	27.7548237
22.8607638	23.9085481	26.623265
20.0662681	20.9859713	23.3688419
20.8413962	21.7966263	24.2715444
21.0788719	22.0449863	24.548105
23.073925	24.1314794	26.8715106
24.3782556	25.4955919	28.3905125
26.4960844	27.7104875	30.8568981
31.6918169	33.144355	36.9077613
40.4763581	42.3315231	47.1380944
51.7199338	54.0904287	60.2321756
72.3072481	75.6213288	84.2078225
93.5415006	97.8288144	108.936871
106.421612	111.299281	123.936856
94.7080812	99.0488687	110.295455
71.3700788	74.6412044	83.1164075
53.2401494	55.6803206	62.0025938
40.9373594	42.8136538	47.6749694
33.8258056	35.3761531	39.39297
27.2864975	28.5371269	31.7774025
24.6521119	25.7819994	28.7094394
22.5295075	23.5621094	26.2374906
22.1885037	23.2054769	25.8403625
14.9272	15.6113631	17.38397
14.1978444	14.8485806	16.5345763
14.2030506	14.8540231	16.5406369
15.291725	15.992595	17.80849
15.2571687	15.9564569	17.7682463
15.2836619	15.9841637	17.7991
15.15312	15.8476387	17.6470731
15.2249331	15.9227419	17.7307037
14.5803206	15.2485838	16.9799975
15.6806388	16.3993338	18.2614094
16.79051	17.5600756	19.5539487
20.2841181	21.2138056	23.6225481
25.8002137	26.9827225	30.0465
35.6431512	37.2767938	41.5094225
57.1269644	59.7452819	66.5291144
92.9936763	97.25589	108.298894
1902.84815101076	1908.77475101076	1924.13004501076
93.4703075	97.7543556	108.853967
53.5077756	55.9602138	62.3142669
35.0206356	36.6257462	40.78445
25.3510025	26.5129206	29.5233556
20.2709006	21.1999825	23.6071544
16.56902	17.3284325	19.2960038
15.6727756	16.3911113	18.252255
11.60493	12.1368231	13.5149081
11.3429006	11.8627838	13.2097538
10.9563575	11.4585225	12.7595925
11.0774125	11.5851263	12.90057
11.3210469	11.8399288	13.1843025
11.2331806	11.7480338	13.0819756
11.155435	11.6667263	12.9914356
11.4943256	12.0211481	13.3860994
11.725815	12.2632475	13.6556881
12.5409156	13.1157037	14.6049413
13.9929713	14.6343163	16.29598
16.5748769	17.3345575	19.3028269
20.6297375	21.575265	24.0250481
31.3415869	32.7780744	36.4998925
49.5974869	51.8707019	57.7604081
75.4327481	78.8900806	87.8477306
3834.30595096134	3839.45196196134	3852.78482096134
1517.16180017297	1520.91976897297	1530.65635827297
48.3372063	50.5526606	56.2927087
30.6862219	32.0926731	35.7366644
21.8527412	22.8543237	25.4493394
16.6458737	17.4088069	19.3855062
13.9441887	14.5832975	16.23917
12.7866237	13.3726781	14.8910894
10.3205805	10.7936075	12.0191775
9.68767762	10.1316967	11.2821081
9.33214163	9.75986431	10.8680587
9.40058925	9.83144962	10.94777
9.48552381	9.92027556	11.0466844
9.70135031	10.1459954	11.2980306
10.2878659	10.7593919	11.9810781
11.821195	12.363	13.7667681
13.9124537	14.5501088	16.2022131
19.0586725	19.932195	22.1954156
25.7828275	26.9645388	30.0262525
42.469855	44.4163881	49.4596881
57.7177669	60.3631619	67.2171513
42.5813762	44.5330212	49.5895644
27.4742619	28.7334969	31.9960681
18.3606362	19.2021656	21.3824919
13.86651	14.5020562	16.148705
11.5077231	12.0351581	13.4017019
9.80291244	10.2522129	11.4163094
9.03833962	9.45259663	10.5259019
8.83030294	9.23502488	10.2836231
9.08673313	9.503208	10.5822588
9.84930444	10.3007317	11.4703369
12.1301269	12.6860912	14.1265438
16.2911912	17.0378694	18.9724506
21.8726494	22.875145	25.4725256
28.7500013	30.0677094	33.4817738
22.8599119	23.9076556	26.6222737
15.591085	16.3056769	18.1571181
11.6068188	12.1387969	13.5171081
10.4071919	10.8841877	12.1200425
9.63248344	10.0739726	11.2178306
10.4459615	10.924735	12.165195
13.1203062	13.7216531	15.27969
15.0776587	15.7687188	17.5591906
13.4423237	14.05843	15.6547069
11.3813575	11.9030025	13.25454
