#?RADIANCE
genskyvec -m 1
NROWS=146
NCOLS=1
NCOMP=3
FORMAT=ascii

2.76872944	2.8956295	3.22441631
19.0914981	19.9665238	22.2336406
19.4370869	20.3279544	22.6361081
20.2773762	21.2067556	23.6146956
22.559685	23.5936706	26.2726369
28.2940712	29.5908825	32.9508056
37.9451069	39.684255	44.1902419
53.0410756	55.4721231	61.7707563
89.8943475	94.0145075	104.68947
572.270602971447	578.817061971447	595.778380971447
109.234579	114.241162	127.212756
83.7060956	87.5426144	97.4827288
48.4088162	50.6275513	56.3761031
33.5011013	35.0365662	39.0148263
26.4859781	27.6999163	30.8451275
21.8897713	22.8930519	25.4924656
20.5891275	21.5327956	23.9777569
18.4145975	19.2585969	21.4453331
18.88249	19.7479356	21.9902344
18.6046619	19.457375	21.6666794
18.240025	19.0760269	21.24203
19.0114969	19.8828556	22.1404731
18.1693469	19.0021069	21.15972
18.4392544	19.2843863	21.4740512
18.6223944	19.4759231	21.6873331
17.6864519	18.4970806	20.5973475
18.29069	19.1290119	21.3010325
17.7524163	18.5660681	20.6741681
18.53543	19.3849694	21.5860544
18.0701913	18.8984069	21.0442438
18.6408419	19.4952138	21.7088156
17.6954294	18.5064687	20.6078025
17.6108819	18.4180487	20.5093406
19.6380031	20.5380763	22.8700894
21.8819494	22.8848712	25.4833562
27.6594712	28.9271975	32.2117619
36.1992487	37.8583787	42.1570431
52.4923769	54.898275	61.1317487
85.9237381	89.8619025	100.065362
885.756782146219	892.708727146219	910.720602146219
665.093563345208	670.432563345208	684.265453345208
75.88458	79.3626206	88.3739212
48.3163875	50.5308862	56.2684606
34.5263738	36.1088325	40.2088412
25.64816	26.8237006	29.8694206
21.3767538	22.3565206	24.8950112
18.8868788	19.7525275	21.9953444
18.7628481	19.62281	21.8509006
17.0690319	17.8513631	19.8783106
16.8427663	17.6147281	19.6148069
16.3523312	17.1018119	19.0436544
16.4577187	17.2120306	19.1663862
16.737475	17.5046106	19.4921869
16.0910838	16.8285906	18.7394094
16.8881225	17.6621619	19.6676263
17.1439931	17.9297581	19.96561
17.2732312	18.0649212	20.1161175
16.7233806	17.4898694	19.4757719
16.9304344	17.7064131	19.7169038
16.7729662	17.5417275	19.53352
17.213215	18.0021537	20.046225
13.212155	13.8177131	15.3866581
13.3111331	13.9212262	15.5019244
14.7769244	15.4541994	17.2089594
19.2269631	20.1081975	22.3914
26.5545162	27.7715963	30.9249463
41.4460819	43.3456925	48.2674187
62.3039156	65.15951	72.558105
70.7106194	73.9515212	82.3484119
47.2084281	49.3721469	54.9781525
31.1278981	32.5545919	36.2510331
22.1162206	23.1298794	25.7561825
16.9660581	17.7436694	19.7583894
14.5157587	15.1810644	16.9048125
13.1690662	13.7726475	15.3364763
12.8996512	13.490885	15.0227206
12.8035194	13.3903469	14.9107669
12.3773387	12.9446331	14.4144438
12.9718294	13.5663694	15.1067775
12.5557562	13.1312281	14.6222244
12.0527919	12.6052119	14.0364813
12.5367669	13.1113688	14.6001119
12.6557712	13.2358275	14.7387019
12.2269431	12.7873412	14.2392937
12.7883681	13.3745006	14.8931212
10.0891661	10.5515863	11.7496763
10.7437287	11.23615	12.5119681
11.7528719	12.2915456	13.6872006
13.6865881	14.3138906	15.9391738
18.4948325	19.3425125	21.538775
22.8806213	23.9293162	26.6463931
29.2683412	30.609805	34.0854244
32.0541575	33.5233062	37.3297406
25.2011756	26.3562281	29.34887
19.8764894	20.7874975	23.1478306
15.1482688	15.8425638	17.6414225
12.1200338	12.6755356	14.1147894
11.1709494	11.68295	13.0095013
10.4816584	10.9620703	12.2067656
10.1150362	10.578641	11.7798025
9.68966556	10.1337741	11.2844231
9.57831425	10.0173192	11.1547462
9.59182806	10.0314538	11.1704838
9.75403556	10.2010954	11.3593869
9.6954525	10.1398266	11.2911625
9.7627625	10.2102214	11.3695506
9.87209512	10.3245666	11.4968788
9.76435919	10.2118918	11.3714125
10.101165	10.5641354	11.7636494
8.30142475	8.68190637	9.6677015
9.00518669	9.417924	10.4872911
10.0042156	10.4627416	11.6507444
12.5198594	13.093685	14.5804219
15.3066675	16.0082225	17.8258925
16.4708087	17.2257212	19.1816312
15.5810469	16.2951769	18.1454281
12.4329731	13.0028194	14.4792369
10.4652553	10.9449138	12.1876631
9.16148694	9.58138844	10.6693153
8.2618865	8.64055606	9.62165606
8.14857744	8.52205375	9.48969756
8.03571956	8.40402313	9.35826544
7.86330119	8.22370213	9.15746994
7.71301419	8.06652706	8.98244838
7.7737565	8.13005331	9.05318762
7.96766781	8.33285244	9.2790135
8.06735556	8.43710894	9.395108
7.39701463	7.73604431	8.61444056
7.86291156	8.22329456	9.15701594
9.42544675	9.857446	10.9767188
10.9507624	11.4526716	12.7530756
10.1478172	10.6129254	11.8179796
8.67059406	9.06799569	10.0976289
7.76367394	8.11950869	9.04144587
7.19055	7.5201165	8.37399481
6.95810588	7.277019	8.10329463
6.82206238	7.13474	7.94486062
6.94506544	7.2633805	8.08810775
6.92922056	7.24680969	8.06965512
6.76201006	7.07193512	7.87492444
7.26725612	7.6003385	8.46332563
7.46860725	7.81091819	8.69781612
7.07149038	7.3956	8.23534013
6.47099788	6.76758494	7.5360165
6.4510135	6.74668463	7.512743
6.67052825	6.97626044	7.76838625
