#?RADIANCE
genskyvec -m 1
NROWS=146
NCOLS=1
NCOMP=3
FORMAT=ascii

19.9188563	20.8318038	23.1971675
31.7612325	33.2169544	36.9886037
31.0264987	32.4485456	36.1329444
30.9193319	32.336465	36.0081394
30.753735	32.1632819	35.8152912
30.1074125	31.4873344	35.0625925
31.3686781	32.8064106	36.5314444
33.3536406	34.8823475	38.843095
36.2701175	37.9324969	42.2395769
40.3009525	42.1480781	46.9338187
47.03535	49.1911325	54.776585
52.40863	54.8106919	61.0342219
56.1563013	58.7301281	65.3986931
56.3687031	58.9522688	65.6460563
53.6740488	56.1341069	62.507905
48.8825494	51.1229981	56.9278062
43.8563269	45.8664062	51.0743475
39.8015063	41.6257413	46.3521738
35.419665	37.0430625	41.2491513
31.8947531	33.3565956	37.1441
31.8378844	33.2971206	37.0778725
29.89049	31.2604675	34.8099694
30.4125825	31.8064913	35.4179875
29.51214	30.8647781	34.3693469
31.5534769	32.9996781	36.7466575
33.0846225	34.6010006	38.5298025
34.4677675	36.0475381	40.1405875
35.2980031	36.9158281	41.1074687
33.7929469	35.3417875	39.3547019
33.392205	34.92268	38.8880062
32.1302513	33.6028875	37.4183563
20.5677838	21.5104744	23.9528994
18.8556381	19.7198538	21.9589619
20.3680425	21.301575	23.7202825
20.1555456	21.07934	23.4728131
21.3092669	22.28594	24.8164181
22.3710813	23.3964238	26.05299
25.6686356	26.8451125	29.8932638
29.88598	31.2557538	34.8047163
35.4330994	37.0571144	41.2647994
41.1923925	43.0803769	47.9719763
49.700765	51.9787156	57.880685
56.3807175	58.9648325	65.6600475
57.4944512	60.1296119	66.9570837
53.9944	56.4691406	62.8809794
46.9152169	49.0654969	54.6366819
38.2179363	39.96959	44.5079737
33.6835612	35.2273919	39.2273162
27.3252425	28.5776487	31.8225231
23.83711	24.9296437	27.7603038
21.1940219	22.1654131	24.6822063
20.1805175	21.1054562	23.5018956
19.872775	20.7836113	23.1435037
18.5873825	19.4393038	21.6465581
20.3205044	21.2518613	23.6649219
20.9737806	21.9350775	24.425715
21.6568775	22.6494838	25.2212388
20.728115	21.6781531	24.1396181
21.24482	22.2185425	24.741365
20.48832	21.4273663	23.8603562
20.6145737	21.5594081	24.00739
14.0280938	14.6710481	16.336885
13.7823781	14.4140712	16.05073
14.4271981	15.0884437	16.8016737
16.3814862	17.1323038	19.0776056
18.7433012	19.6023675	21.8281362
22.9130288	23.9632087	26.6841325
29.5404263	30.8943625	34.4022912
40.4399975	42.2934987	47.0957494
54.4842281	56.9814212	63.4514281
68.1002106	71.2214663	79.3083738
68.5907344	71.734475	79.8796313
51.1905075	53.5367381	59.6156163
36.9977813	38.6935113	43.0870006
27.7801475	29.0534038	32.3522994
21.5627644	22.5510563	25.1116362
18.1369837	18.9682619	21.1220306
15.57114	16.2848162	18.1338906
15.1322488	15.8258094	17.622765
14.2140594	14.8655369	16.5534588
13.6006819	14.2240456	15.8391269
14.1049219	14.7513975	16.4263587
14.2223444	14.8742031	16.5631063
13.6325431	14.2573688	15.8762337
14.0901731	14.7359725	16.4091825
11.7228375	12.260135	13.6522231
12.2764612	12.8391325	14.2969625
13.249865	13.85715	15.4305725
14.6412069	15.3122613	17.0509075
18.0240131	18.8501144	20.9904662
21.4940556	22.4791994	25.03162
30.8756194	32.2907512	35.9572325
46.1671913	48.2831856	53.7655431
73.9730287	77.3634562	86.1477588
1870.04283823444	1874.72013823444	1886.83860823444
1726.19596163679	1730.65015553679	1742.19056953679
63.7249044	66.6456281	74.2129662
43.7862631	45.7931319	50.9927544
28.21323	29.506335	32.8566581
20.97893	21.9404644	24.4317144
17.2418544	18.0321044	20.0795756
14.5715275	15.23939	16.9697594
13.0923013	13.692365	15.2470781
12.2361369	12.7969606	14.2500031
11.7394656	12.2775237	13.6715869
11.5750981	12.1056244	13.4801688
11.5599244	12.0897544	13.4624956
11.4421206	11.9665519	13.3253044
11.6269038	12.1598031	13.5404994
11.344575	11.8645344	13.2117056
12.4160981	12.98517	14.4595819
14.4402663	15.1021113	16.816895
18.2189169	19.05395	21.2174494
24.7876275	25.9237269	28.8672587
43.9878644	46.0039738	51.2275375
74.5622381	77.9796756	86.8339475
4636.80198040239	4642.40030340239	4656.90506440239
79.9886669	83.6548138	93.1534725
43.2460619	45.2281719	50.363645
28.0176231	29.3017631	32.6288594
19.4615894	20.3535788	22.6646444
14.9829369	15.6696538	17.4488781
12.5364844	13.1110731	14.5997812
11.5223231	12.05043	13.4187069
10.9133106	11.4135037	12.7094625
10.7440606	11.2364962	12.5123531
10.8829906	11.3817931	12.6741488
12.3770744	12.9443569	14.4141356
14.9038137	15.5869062	17.3567344
20.2447975	21.1726838	23.5767538
32.7400969	34.2406825	38.1285719
49.7629794	52.0437806	57.9531394
56.0719731	58.641935	65.3004875
37.3287675	39.0396662	43.4724631
23.9352687	25.0323	27.8746169
16.1871375	16.9290494	18.8512731
13.2002269	13.8052375	15.3727644
11.5138062	12.0415212	13.4087863
11.7741775	12.3138275	13.7120119
15.1959831	15.8924656	17.6969906
20.2795306	21.2090075	23.6172031
28.7836063	30.1028562	33.5209119
29.0884419	30.42166	33.8759162
18.07841	18.9070031	21.0538163
14.55126	15.2181931	16.946155
19.8491331	20.7588856	23.1159713
