#?RADIANCE
genskyvec -m 1
NROWS=146
NCOLS=1
NCOMP=3
FORMAT=ascii

5.93150656	6.20336712	6.90773394
22.7641938	23.8075512	26.5108013
22.7145519	23.7556338	26.45299
23.7431763	24.8314044	27.6509081
26.2181	27.4197619	30.5331637
31.4073931	32.8468975	36.5765275
40.1141344	41.9526969	46.7162544
52.7824762	55.2016725	61.4695956
78.9275575	82.5450656	91.9177231
113.92565	119.147228	132.675903
114.298235	119.536898	133.109808
110.340891	115.398174	128.501159
72.1264438	75.4322375	83.9972556
50.1736525	52.4732756	58.4314006
37.7504469	39.4806737	43.9635437
29.9033162	31.273885	34.824905
25.9884156	27.17955	30.2656762
23.4625413	24.5379081	27.3240875
22.6543731	23.6926988	26.3829069
22.5100912	23.5418025	26.2148781
23.7370356	24.8249819	27.6437569
24.9409406	26.0840675	29.045805
25.5512694	26.72237	29.7565844
25.9659569	27.1560644	30.2395225
27.5393587	28.8015775	32.0718781
26.9906994	28.2277725	31.4329206
27.5563194	28.8193194	32.0916331
26.3612406	27.5694656	30.699865
25.3598881	26.5222175	29.5337044
23.8070537	24.89821	27.7252988
22.8977669	23.9472475	26.6663594
17.1981563	17.9864031	20.0286856
16.4612156	17.2156881	19.1704575
18.8290663	19.692065	21.9280181
20.862025	21.8181994	24.2955675
26.2900969	27.4950581	30.6170081
33.5349	35.071915	39.0541881
47.5670581	49.7472131	55.3958044
74.3323131	77.7392063	86.5661769
994.043612392384	999.666358392384	1014.23439439238
1748.90165132655	1756.38826332655	1775.78545132655
113.429159	118.62799	132.097713
69.8484663	73.0498525	81.3443637
47.3426806	49.5125531	55.1344988
32.6108038	34.1054644	37.9780006
24.9643062	26.1085031	29.0730169
20.1979881	21.1237269	23.5222394
19.522765	20.4175581	22.7358869
16.8077362	17.5780919	19.5740106
16.5747944	17.3344731	19.3027306
16.1741406	16.9154563	18.8361344
16.9802994	17.7585612	19.7749737
18.1536913	18.985735	21.1414875
17.604925	18.4118181	20.5024037
19.6568837	20.5578237	22.8920788
20.15156	21.0751712	23.4681706
20.2827256	21.21235	23.6209262
18.6869088	19.5433919	21.7624637
18.3862362	19.2289375	21.412305
17.26249	18.0536862	20.1036081
17.1471194	17.9330287	19.96925
11.5879931	12.11911	13.4951838
11.64436	12.1780588	13.5608281
13.2019906	13.8070819	15.3748181
17.7045088	18.5159644	20.618375
24.9738819	26.1185175	29.0841675
40.5599019	42.4188969	47.2353881
70.6462975	73.88425	82.273505
1490.58231878712	1496.08906078712	1510.35651278712
80.572685	84.2655875	93.8336
46.0886894	48.2010869	53.6741237
29.0720281	30.4044963	33.8568031
19.3431194	20.2296781	22.5266756
14.7853644	15.463025	17.21879
12.3958663	12.9640088	14.4360194
11.6753919	12.2105131	13.5969675
11.5995035	12.1311481	13.50859
11.4524087	11.9773075	13.3372825
12.5364081	13.1109937	14.5996931
12.3795187	12.946915	14.4169837
11.8270437	12.3691163	13.7735781
12.3871813	12.9549288	14.4259063
12.2344819	12.7952281	14.2480725
11.2286973	11.7433444	13.0767531
11.5009771	12.028105	13.3938481
8.69857525	9.09725969	10.1302174
9.41242412	9.84382681	10.9615531
10.7097685	11.2006322	12.4724194
12.9337787	13.5265775	15.0624656
18.6580919	19.5132519	21.7289038
24.6603331	25.7905994	28.719015
37.7087488	39.4370663	43.9149806
48.4579694	50.6789587	56.4333475
39.3056431	41.1071513	45.7747
28.6130288	29.9244588	33.3222588
19.3506806	20.2375856	22.5354819
13.6802	14.30721	15.9317344
11.5342169	12.0628681	13.4325562
9.83166956	10.2822874	11.4497988
9.02392481	9.43752088	10.5091116
8.49613006	8.88553569	9.89445225
8.41880912	8.804671	9.80440469
8.55265281	8.94464906	9.96027694
8.8762875	9.28311706	10.3371762
8.86605588	9.27241613	10.3252613
8.89780256	9.30561894	10.3622335
8.85369625	9.25948931	10.3108687
8.557334	8.94954481	9.96572975
8.73405313	9.13436344	10.171533
7.26410513	7.59704313	8.45965613
8.18755287	8.56281562	9.535089
9.69354944	10.1378377	11.2889469
13.1842619	13.78854	15.3541706
17.9047994	18.7254363	20.8516306
22.1468263	23.1618869	25.7918244
21.7684944	22.7662162	25.3512281
16.01301	16.7469406	18.6484875
12.1753335	12.73337	14.1791913
9.411633	9.84299925	10.9606306
7.83969112	8.19901012	9.12997419
7.28031269	7.6139935	8.47853112
7.00875975	7.32999444	8.16228519
6.8621365	7.17665081	7.99153012
6.74377962	7.05286931	7.85369363
6.778157	7.08882219	7.893729
6.90660625	7.22315888	8.04331894
6.964104	7.283292	8.11028
6.70963556	7.01716031	7.81393025
7.63622281	7.98621619	8.89301844
10.1176199	10.5813429	11.7828119
13.1370561	13.7391714	15.2991975
12.442587	13.0128725	14.4904313
9.88545675	10.3385408	11.5124392
7.97173138	8.33710219	9.28374587
6.79921925	7.11085	7.91825775
6.20614675	6.490595	7.22757544
6.00135906	6.27642112	6.98908306
6.06131769	6.33912794	7.05891
6.12432237	6.40502013	7.132284
6.41777231	6.71191994	7.47403112
7.45291713	7.79450894	8.67954369
8.01580406	8.38319487	9.33507188
7.25779662	7.59044556	8.45230962
6.082299	6.36107075	7.08334438
5.89984444	6.17025356	6.87086044
6.58459481	6.88638869	7.66830994
