#?RADIANCE
genskyvec -m 1
NROWS=146
NCOLS=1
NCOMP=3
FORMAT=ascii

25.32178	26.4823612	29.489325
37.7355587	39.4651044	43.9462056
37.4734406	39.1909737	43.6409475
37.3914125	39.1051837	43.5454187
37.5133112	39.2326706	43.6873788
37.6313412	39.3561088	43.8248325
38.0270075	39.7699106	44.2856212
39.2634244	41.0629975	45.7255313
40.9670575	42.844715	47.7095562
44.2247869	46.2517531	51.5034525
46.7929887	48.937665	54.4943381
52.5530406	54.9617212	61.2023981
55.1972975	57.7271712	64.2818563
58.2196006	60.8879969	67.8015788
60.0642144	62.8171588	69.9497887
57.4123213	60.0437162	66.861435
56.1321075	58.7048269	65.3705194
49.9669544	52.2571037	58.1906844
48.0398619	50.2416887	55.9464269
43.729375	45.7336381	50.9265056
41.5503019	43.45469	48.3887919
40.0597544	41.8958237	46.6529237
38.5075344	40.2724612	44.8452331
37.5358138	39.2562031	43.7135837
37.7623937	39.4931681	43.9774569
37.2785875	38.9871887	43.414025
38.0199188	39.7624994	44.2773681
37.9155844	39.6533806	44.1558594
37.9437175	39.6828031	44.1886238
37.5899112	39.31278	43.7765869
37.5158512	39.2353256	43.6903363
30.8254756	32.2383087	35.8988369
29.50163	30.8537869	34.3571087
31.0569713	32.4804162	36.1684338
30.9191269	32.3362519	36.0079019
31.6950756	33.1477669	36.9115594
32.2124237	33.6888238	37.5140525
34.7740887	36.3679	40.4973263
37.8431469	39.5776212	44.0714987
41.8554156	43.7737875	48.7441206
46.4765269	48.6066994	54.1257912
54.0133881	56.4890019	62.903095
61.9851812	64.8261688	72.1869137
67.3795944	70.4678225	78.4691563
71.1099394	74.3691437	82.8134556
69.2435725	72.4172319	80.6399113
62.2934213	65.1485325	72.5458812
55.2199888	57.7509037	64.3082794
47.6450194	49.8287494	55.4865981
41.4561425	43.3562131	48.2791356
37.1093456	38.8101894	43.2169263
34.4756125	36.0557425	40.1497244
32.8283369	34.3329675	38.2313356
30.5871056	31.9890144	35.6212356
31.2242219	32.6553306	36.3632094
31.206155	32.6364344	36.3421688
31.3484444	32.7852475	36.5078775
30.3140581	31.7034519	35.3032481
30.6794625	32.0856031	35.7287925
30.1870344	31.5706069	35.1553169
30.5783619	31.9798681	35.6110531
24.1653075	25.2728838	28.142515
23.8770725	24.9714369	27.8068406
24.4735856	25.5952888	28.5015306
26.3407413	27.5480238	30.67599
28.2356737	29.5298075	32.882795
31.648835	33.0994069	36.8577075
37.0594781	38.7580356	43.1588537
45.9093194	48.0134969	53.4652313
57.7958181	60.4447912	67.3080519
73.8525013	77.2374062	86.0073969
86.8611175	90.8422475	101.157014
83.9347887	87.7817994	97.7490625
70.6221731	73.8590187	82.2454106
56.6051169	59.199515	65.9213788
43.48486	45.4779163	50.6417469
35.6845231	37.3200625	41.5576019
30.0162656	31.3920112	34.9564437
28.0527381	29.3384881	32.6697537
25.817985	27.0013094	30.0671988
24.4692956	25.590805	28.4965356
24.44422	25.5645794	28.4673338
24.2920075	25.40539	28.2900681
23.5863388	24.6673781	27.4682588
24.100195	25.204785	28.066685
21.4336031	22.4159769	24.9612206
21.981325	22.9888006	25.599085
22.8947794	23.9441225	26.6628806
24.2290412	25.3395375	28.2167381
27.47422	28.7334537	31.9960187
30.7330925	32.1416913	35.7912487
39.2816575	41.0820644	45.7467644
52.1006019	54.4885456	60.6754969
74.2729619	77.677135	86.4970544
100.228093	104.821896	116.723962
130.539175	136.522206	152.023756
131.013875	137.018694	152.5766
100.173294	104.764578	116.660146
65.5684444	68.5736637	76.3599231
47.4831394	49.6594494	55.2980763
37.9822925	39.7231444	44.2335469
30.8198275	32.2324044	35.8922619
26.7646569	27.9913713	31.1696769
24.1767369	25.2848356	28.1558269
22.7111344	23.75206	26.4490088
21.9634781	22.9701375	25.5783019
21.5735987	22.5623881	25.124255
21.2769375	22.25213	24.7787681
21.3855469	22.3657181	24.9052537
21.3014081	22.2777231	24.8072675
22.3916156	23.4178969	26.0769025
24.7137331	25.846445	28.7812006
28.7476812	30.0652819	33.4790706
35.7807	37.4206481	41.6696094
55.5504206	58.0964781	64.6930962
84.1041663	87.9589413	97.9463162
1920.57378601961	1927.76797401961	1946.40749201961
4993.30575124137	5001.82150724137	5023.88509524137
114.311679	119.550967	133.125494
72.9021256	76.2434687	84.9006044
47.0245562	49.1798456	54.7640163
33.707905	35.2528494	39.2556669
26.7467669	27.97266	31.1488413
23.8457025	24.9386288	27.7703094
21.9274806	22.9324887	25.5363812
21.0417187	22.0061325	24.5048375
20.9240119	21.8830294	24.3677569
23.4733237	24.549185	27.3366437
27.0127906	28.2508775	31.4586488
33.7553656	35.3024869	39.3109362
49.3472544	51.6090031	57.4689937
78.3007237	81.8895006	91.1877219
1624.57535047549	1630.11368147549	1644.46294047549
97.8795094	102.365669	113.98886
60.8547056	63.6438781	70.87038
37.8325412	39.5665288	44.0591462
28.7713731	30.0900612	33.5066625
23.6154825	24.6978581	27.5021994
23.4021131	24.47471	27.2537138
30.0176975	31.3935062	34.9581125
38.5844387	40.3528912	44.9347963
56.88918	59.4965994	66.252195
66.3346675	69.3750019	77.2522475
40.63013	42.4923438	47.3171737
30.7698656	32.18015	35.8340738
41.4509738	43.3508087	48.2731156
