#?RADIANCE
genskyvec -m 1
NROWS=146
NCOLS=1
NCOMP=3
FORMAT=ascii

14.6075963	15.2771113	17.0117638
31.2155313	32.6462425	36.35309
31.9707875	33.436115	37.2326481
32.8647725	34.3710731	38.2737688
33.753755	35.3008044	39.3090644
33.6046144	35.1448237	39.1353762
33.3759506	34.9056819	38.8690775
33.4732981	35.00749	38.9824488
31.8832188	33.3445319	37.1306681
31.1651188	32.59352	36.2943812
32.4816	33.9703387	37.8275331
31.0673962	32.4913181	36.1805737
31.6332169	33.0830731	36.8395206
31.7908463	33.2479262	37.0230925
32.3754062	33.8592775	37.7038581
35.3687594	36.9898275	41.18987
40.4673863	42.3221406	47.1276475
45.6689969	47.7621581	53.185355
56.5846931	59.1781556	65.8975944
72.6702562	76.0009737	84.6305725
81.581285	85.3204231	95.00821
91.314155	95.4993875	106.342956
80.1273444	83.799845	93.3149738
70.4590194	73.6883894	82.055405
57.9786594	60.6360119	67.5209831
45.3879094	47.4681869	52.8580056
39.8141694	41.6389831	46.36692
35.4534081	37.0783531	41.2884494
32.7837006	34.2862856	38.1793531
31.1477381	32.5753406	36.2741363
30.6757731	32.0817463	35.7244963
22.0259256	23.0354475	25.6510288
20.5396481	21.4810494	23.9201337
22.5971656	23.6328687	26.3162838
22.3194506	23.342425	25.9928612
22.4847194	23.5152681	26.1853306
21.4591031	22.4426444	24.9909144
23.0182369	24.0732394	26.8066575
23.4393444	24.5136481	27.2970719
22.4871875	23.5178506	26.1882063
19.6904819	20.5929619	22.9312087
20.5348306	21.4760087	23.9145225
20.8309425	21.7856931	24.2593681
22.9255094	23.9762613	26.6986681
24.2956312	25.4091781	28.2942887
26.4625313	27.6753975	30.817825
31.7311844	33.18553	36.9536106
40.6141106	42.4755913	47.2985213
51.6578212	54.0254694	60.1598388
71.3659531	74.63689	83.1116006
90.3395731	94.48013	105.207958
100.100919	104.688875	116.575869
88.0399162	92.07508	102.52983
66.4500644	69.4956875	77.3866375
50.3533219	52.6611819	58.6406444
39.1891062	40.9852731	45.6389844
32.709525	34.20871	38.0929706
26.5621994	27.7796325	30.9338962
24.1704044	25.2782137	28.1484519
22.1524762	23.1677975	25.7984063
21.8801312	22.8829675	25.481235
14.4868063	15.1507837	16.8710944
13.7537013	14.3840794	16.0173312
13.7494594	14.3796419	16.0123913
14.8254275	15.504925	17.2654475
14.7762531	15.4534963	17.2081781
14.803175	15.4816544	17.2395319
14.6909825	15.3643187	17.108875
14.7983431	15.4766006	17.2339037
14.1859719	14.8361613	16.5207469
15.3437869	16.0470425	17.8691181
16.4976881	17.2538319	19.2129331
20.0693587	20.9892031	23.3724437
25.6708869	26.8474681	29.8958894
35.6081	37.2401375	41.4686031
56.9766819	59.58811	66.3540969
91.0840775	95.2587544	106.074996
1628.0316644132	1633.4392644132	1647.4499264132
85.3241981	89.23489	99.36715
49.6578156	51.9337956	57.8306656
32.8933581	34.40097	38.3070606
24.1185444	25.2239769	28.0880569
19.4548063	20.3464844	22.656745
15.9742281	16.7063819	18.6033206
15.18919	15.8853625	17.6890781
11.1068881	11.6159556	12.9348994
10.8657621	11.3637763	12.6540844
10.4809879	10.9613656	12.2059856
10.6009196	11.0867931	12.3456537
10.8427878	11.33975	12.6273331
10.7582216	11.2513063	12.5288463
10.6958096	11.1860337	12.4561631
11.0545844	11.5612531	12.8739844
11.3123813	11.8308638	13.1742119
12.1549231	12.712025	14.1554231
13.6377125	14.2627731	15.8822519
16.2584719	17.00365	18.9343462
20.3855463	21.3198825	23.7406681
31.2995912	32.7341537	36.4509831
49.9162556	52.2040819	58.13164
1564.63153481962	1568.13821541962	1577.22372101962
4380.16810435016	4385.20622235016	4398.25949235016
76.7064263	80.2221419	89.3310275
45.0665456	47.1320938	52.4837494
28.7711731	30.0898512	33.5064306
20.6295319	21.5750519	24.0248119
15.8231212	16.548345	18.4273437
13.3004587	13.9100644	15.4894944
12.2394112	12.8003825	14.253815
9.78079319	10.2290792	11.3905494
9.18846981	9.609608	10.7007388
8.84708737	9.2525785	10.3031721
8.92492963	9.33398869	10.393824
9.01743581	9.43073475	10.5015552
9.24909531	9.67301113	10.7713425
9.8505345	10.3020181	11.47177
11.4074056	11.930245	13.2848738
13.5204381	14.1401237	15.7456775
18.7435362	19.6026119	21.8284094
25.56698	26.7388	29.7748813
42.6444837	44.5990206	49.6630575
57.5668506	60.2053306	67.0413975
40.7167956	42.5829825	47.4181044
25.9539556	27.1435125	30.2255469
17.3159537	18.1096025	20.1658712
13.1031969	13.7037606	15.2597644
10.8967575	11.3961919	12.6901825
9.24428856	9.66798462	10.7657456
8.52139038	8.91195388	9.92386944
8.34118813	8.72349206	9.71400881
8.61274281	9.00749344	10.0302569
9.37885706	9.80872088	10.9224625
11.6651319	12.1997831	13.58502
15.8518863	16.5784294	18.4608425
21.4194194	22.4011431	24.9447
28.0516287	29.3373256	32.6684581
21.8487619	22.8501631	25.444705
14.7235881	15.3984181	17.1468456
10.9426187	11.4441563	12.7435931
9.81440063	10.2642278	11.4296881
9.09391837	9.51072294	10.5906266
9.91850112	10.3730992	11.5509219
12.5774744	13.15394	14.6475162
14.4080331	15.0684025	16.7793569
12.7369775	13.3207575	14.833275
10.7913	11.2858988	12.5673669
