#?RADIANCE
genskyvec -m 1
NROWS=146
NCOLS=1
NCOMP=3
FORMAT=ascii

31.83303	33.2920425	37.072215
39.2188019	41.0163275	45.6735637
39.0291019	40.8179344	45.452645
38.9018838	40.684885	45.3044875
38.9508694	40.7361175	45.3615375
39.0167581	40.8050244	45.4382687
39.3613512	41.1654131	45.8395775
40.3752663	42.2257956	47.0203619
41.984785	43.9090856	48.8947819
44.8175113	46.8716444	52.1937294
46.7639469	48.9072944	54.4605137
52.1741863	54.5655	60.7611888
54.6139012	57.1170394	63.6024444
57.99604	60.6541919	67.541225
60.7276975	63.5110494	70.7224681
58.7509781	61.4437287	68.4204131
58.3691687	61.0444206	67.975765
52.0756569	54.4624575	60.646445
50.7114444	53.0357188	59.0577056
46.2903356	48.4119744	53.9089562
43.52022	45.514895	50.6829244
41.9734969	43.8972806	48.8816375
40.2594875	42.1047112	46.88553
39.3731819	41.1777844	45.8533525
39.2084281	41.00548	45.6614844
38.7862619	40.5639637	45.1698369
39.2596425	41.0590412	45.7211262
39.2354825	41.0337738	45.69299
39.3145306	41.1164475	45.7850506
39.1290306	40.9224438	45.56902
39.0825513	40.8738337	45.5148906
33.8388531	35.3898	39.4081662
32.7210569	34.2207706	38.1063994
34.0057012	35.564295	39.6024725
33.916725	35.4712413	39.4988531
34.6153731	36.2019087	40.3124881
35.1782438	36.7905762	40.9679975
37.3971556	39.11119	43.552105
40.1760625	42.0174644	46.7883763
43.9881863	46.00431	51.2279125
48.8630819	51.1026388	56.9051325
56.0577481	58.6270594	65.2839237
64.2055331	67.1482869	74.7726994
69.9701775	73.1771425	81.4861081
75.5075894	78.9683506	87.9348837
75.4322831	78.8895937	87.8471831
69.6702863	72.8635044	81.1368575
61.6200913	64.4443431	71.7617356
54.4623406	56.9585288	63.4259362
47.27153	49.43814	55.0516394
42.4143894	44.3583825	49.3950938
39.0413456	40.8307381	45.4669025
36.7800206	38.46577	42.8334006
34.4288831	36.0068731	40.0953063
34.5262175	36.1086681	40.2086587
34.3284956	35.9018844	39.9783963
34.3362038	35.9099456	39.9873719
33.4253775	34.9573713	38.9266375
33.7017313	35.2463925	39.248475
33.2922025	34.8180956	38.7715475
33.6415281	35.18343	39.1783656
28.0260131	29.3105387	32.6386294
27.7842563	29.0577	32.3570844
28.3728194	29.6732394	33.0425144
30.1338806	31.5150156	35.0934156
32.0085506	33.4756087	37.2766269
35.3618994	36.9826519	41.1818806
40.6949419	42.560125	47.3926525
49.4007469	51.6649475	57.53129
61.5227888	64.3425813	71.6484188
78.2803031	81.8681487	91.1639387
94.0303088	98.3400306	109.506139
95.664995	100.049643	111.409866
84.1142775	87.9695138	97.9580931
69.1429169	72.3119656	80.5226931
53.0773387	55.51005	61.8129875
43.1741919	45.1530081	50.2799469
36.0521756	37.704565	41.9857637
33.1381294	34.6569588	38.5921156
30.3978713	31.791105	35.4008562
28.8417381	30.1636531	33.5886106
28.5164363	29.8234381	33.2097669
28.2420806	29.5365081	32.8902588
27.5402519	28.8025131	32.0729213
27.9702481	29.2522181	32.5736869
25.6916056	26.8691356	29.9200162
26.2302262	27.4324444	30.5472844
27.2168831	28.4643237	31.6963312
28.5702219	29.8796894	33.272405
31.8923606	33.3540931	37.1413138
35.2694944	36.8860112	41.0742669
44.0750662	46.0951731	51.3290906
57.0970412	59.7139887	66.4942656
79.8075913	83.46544	92.9425994
106.855284	111.752822	124.441894
143.666806	150.251531	167.311962
159.099063	166.391081	185.284125
127.284664	133.11855	148.233612
84.4621687	88.3333469	98.3632244
60.9773369	63.7721313	71.0131956
48.4976238	50.7204306	56.4795281
38.8133413	40.592285	45.2013731
33.2576931	34.7820025	38.7313556
29.6308375	30.9889156	34.5075819
27.6376656	28.9043912	32.1863663
26.5656187	27.7832069	30.9378769
25.9629206	27.1528856	30.2359856
25.5941069	26.7671675	29.80647
25.6070931	26.7807519	29.8215981
26.0757306	27.2708675	30.3673606
27.1973675	28.4439137	31.6736037
29.7566631	31.1205106	34.6541169
34.0051044	35.5636719	39.6017794
41.5217837	43.424865	48.3555825
62.6309687	65.5015531	72.9389869
92.6316887	96.8772906	107.877314
169.588887	177.361719	197.500394
6691.57064749447	6702.21203449447	6729.78292849447
1956.53178290419	1963.60666390419	1981.93706390419
98.6614744	103.183449	114.899522
62.314625	65.1707113	72.5705769
43.7117631	45.7152175	50.905995
34.0682944	35.6297562	39.67537
30.0549563	31.4324744	35.0015025
27.3338556	28.5866563	31.8325538
25.9876431	27.1787419	30.2647775
25.72593	26.9050344	29.9599906
29.0874144	30.4205844	33.8747194
33.1777106	34.6983544	38.63821
40.6006356	42.4614962	47.2828256
57.82253	60.4727269	67.3391587
91.7396138	95.9443488	106.838422
1990.71125873844	1997.62550873844	2015.53970873844
132.499513	138.572394	154.306731
82.0938787	85.8565156	95.6051656
49.9063881	52.1937625	58.12015
37.1538594	38.8567437	43.2687669
29.8636875	31.23244	34.7787556
29.3717456	30.7179494	34.2058488
37.7771281	39.5085788	43.9946175
47.9629438	50.1612425	55.8568456
70.9657225	74.2183156	82.6455
86.0149263	89.9572769	100.171553
52.9554275	55.3825512	61.6710131
39.4658438	41.2746938	45.961265
52.8290406	55.25037	61.5238225
