#?RADIANCE
genskyvec -m 1
NROWS=146
NCOLS=1
NCOMP=3
FORMAT=ascii

11.7704406	12.30992	13.7076613
23.23739	24.302435	27.0618781
22.7646175	23.8079975	26.5112981
22.5644181	23.5986194	26.2781481
22.6346938	23.6721169	26.3599894
22.9173719	23.9677506	26.6891906
22.6649575	23.7037694	26.3952338
22.8007006	23.8457338	26.5533181
22.6239844	23.6609169	26.3475169
23.1905981	24.2534963	27.0073825
22.80331	23.8484612	26.556355
23.6112031	24.6933831	27.497215
23.64564	24.7293981	27.53732
24.4000006	25.5183325	28.4158344
25.7310162	26.9103544	29.9659125
27.6509437	28.9182775	32.2018287
32.7003931	34.1991594	38.082335
34.6528962	36.2411525	40.3561881
44.7997594	46.8530819	52.1730562
55.740895	58.2956844	64.9149187
56.9211831	59.5300681	66.2894669
62.8417275	65.7219738	73.1844337
52.9086388	55.333615	61.6165194
48.1907613	50.3995037	56.1221594
39.5107069	41.3216131	46.0135137
31.5172069	32.9617431	36.7044163
28.3581612	29.6579106	33.0254456
25.6008694	26.77424	29.8143481
24.8045875	25.9414638	28.8870094
23.5557537	24.6353925	27.43264
23.2980612	24.3658875	27.1325338
20.8208825	21.7751725	24.2476525
19.8319931	20.7409581	23.09601
20.4955756	21.4349556	23.8688069
20.21739	21.1440194	23.5448356
20.1265694	21.0490381	23.43907
19.6602463	20.5613406	22.8959969
20.3841456	21.3184156	23.739035
20.7468713	21.6977694	24.1614625
20.6354369	21.5812281	24.0316881
19.6630125	20.5642337	22.8992175
20.4862262	21.4251788	23.8579181
21.19263	22.1639587	24.680585
22.9903525	24.0440744	26.77418
24.8626856	26.0022244	28.9546706
27.7439375	29.0155337	32.3101294
33.8375106	35.3883969	39.4066031
41.5239306	43.42711	48.3580794
54.9292912	57.4468825	63.9697387
72.3804763	75.6979137	84.2931031
86.4198931	90.3808056	100.643174
87.1764906	91.1720831	101.524295
72.9999913	76.34582	85.014575
57.18949	59.8106737	66.60193
43.1390575	45.1162625	50.2390313
34.4762094	36.0563662	40.15042
29.3509413	30.6961931	34.1816194
25.0815131	26.2310813	29.2095119
23.03866	24.0945988	26.8304406
21.5511056	22.5388644	25.0980606
21.0995562	22.0666194	24.5721938
16.5669775	17.3262969	19.2936269
15.9071031	16.6361775	18.5251487
15.7001056	16.4196931	18.2840831
16.2128156	16.9559006	18.8811744
16.1562269	16.8967187	18.8152725
16.2663256	17.011865	18.9434906
16.3958894	17.1473675	19.09438
16.7956375	17.5654381	19.5599206
16.8123581	17.5829244	19.5793931
18.3008594	19.1396469	21.3128756
20.1426506	21.065855	23.4577969
24.9816519	26.126645	29.0932169
33.1775356	34.6981713	38.638005
47.6458056	49.82957	55.4875131
74.1826919	77.58273	86.3919362
107.106171	112.015199	124.734069
112.64965	117.812737	131.189906
80.16971	83.8441575	93.3643131
49.9907675	52.2820106	58.2184194
35.1421769	36.7528606	40.9259956
26.0852612	27.280835	30.3784625
21.52394	22.5104537	25.0664237
18.39962	19.2429375	21.4278919
17.3819869	18.1786606	20.2427737
14.3836056	15.0428531	16.7509081
13.9861369	14.6271675	16.2880219
13.5590019	14.1804556	15.7905881
13.5653819	14.1871306	15.79802
13.7114138	14.3398531	15.9680844
13.7142287	14.3427962	15.9713631
13.8786187	14.5147225	16.1628087
14.4324619	15.0939494	16.8078056
15.1537169	15.8482625	17.6477669
16.4890775	17.2448262	19.2029056
19.0650644	19.93888	22.2028569
23.9141531	25.0102187	27.850025
30.6411337	32.0455187	35.6841563
48.6493294	50.8790869	56.6562
78.9868587	82.6070869	91.9867788
1507.78844190555	1513.50111890555	1528.30214390555
2229.06950624359	2235.67000624359	2252.77131924359
89.8829244	94.0025469	104.676171
53.0609175	55.4928744	61.7938619
34.6146819	36.2011875	40.3116825
25.2105506	26.3660356	29.35979
19.6668487	20.5682456	22.9036844
16.8899369	17.6640581	19.66974
15.5504256	16.2631519	18.1097669
13.8106369	14.4436231	16.0836381
12.9704469	13.5649256	15.1051681
12.5798394	13.1564144	14.6502725
12.5724706	13.1487094	14.6416906
12.7614731	13.3463737	14.8618
13.37997	13.9932188	15.5820906
14.4429906	15.10496	16.8200675
17.2531444	18.0439131	20.092725
21.2972056	22.2733275	24.8023725
31.11212	32.5380919	36.2326594
44.9049794	46.9631244	52.2955956
76.4481269	79.9520031	89.0302219
904.57436230244	909.02773040244	920.56604140244
59.0790944	61.7868813	68.8025281
36.7193325	38.4022987	42.7627244
24.235595	25.3463931	28.2243725
18.1629119	18.9953769	21.1522263
15.2612787	15.9607531	17.7730312
13.9162019	14.5540263	16.2065775
13.0355344	13.632995	15.1809669
12.7120625	13.2946981	14.8042562
13.1997219	13.8047069	15.3721775
14.8615744	15.54273	17.3075438
19.4336075	20.3243131	22.6320569
27.7293356	29.0002631	32.2931231
38.7236181	40.4984512	45.0968838
49.0989956	51.3493637	57.1798738
35.3024862	36.9205162	41.1126894
22.3477475	23.3720194	26.0258169
16.69684	17.4621119	19.4448637
15.8501694	16.5766344	18.4588437
14.8325463	15.5123713	17.2737375
16.6049369	17.3659956	19.3378337
21.9015094	22.9053275	25.5061344
24.9620688	26.1061637	29.0704106
21.0571775	22.0222969	24.5228375
18.2527206	19.0893037	21.2568175
