#?RADIANCE
genskyvec -m 1
NROWS=146
NCOLS=1
NCOMP=3
FORMAT=ascii

0.829440825	0.867456887	0.965953069
9.71260013	10.1577601	11.3111315
9.12315044	9.541295	10.6246694
8.97959269	9.39115656	10.4574858
9.12464125	9.54285331	10.6264057
9.61500912	10.0556981	11.1974816
9.62742569	10.0686827	11.2119406
9.7938735	10.2427579	11.4057827
9.781789	10.2301216	11.3917094
10.2371707	10.7063739	11.9220394
9.47144575	9.90555219	11.0302894
9.85718725	10.3089738	11.4795164
9.27554287	9.70067213	10.802143
9.08595062	9.50238962	10.5813469
9.09760925	9.51458244	10.5949241
9.14513437	9.564286	10.6502714
10.1451608	10.6101486	11.8148859
10.4201297	10.8977172	12.1351075
12.9611891	13.5552431	15.0943869
17.1632244	17.9498719	19.9880056
22.4152231	23.4425862	26.1043963
35.0407906	36.6468263	40.807925
92.9369828759453	95.2112340759453	101.103622775945
292.497278716391	295.691236216391	303.966506216391
53.6841581	56.1446819	62.5196813
31.4771312	32.9198319	36.6577444
21.9393706	22.9449256	25.5502281
15.8972081	16.6258294	18.5136231
13.1596823	13.7628345	15.3255481
11.0252908	11.5306162	12.8398689
10.1077111	10.5709804	11.7712726
8.81334394	9.217289	10.2638736
8.17260956	8.54718725	9.51768512
8.51340438	8.90360169	9.91456912
8.48115706	8.86987656	9.87701531
8.59302413	8.98687131	10.0072934
8.46735575	8.85544256	9.86094088
8.9392675	9.34898444	10.4105236
9.16534275	9.58542094	10.6738059
9.00841869	9.42130438	10.4910551
8.23970013	8.61735287	9.59581787
8.35182737	8.734619	9.7263995
8.23530025	8.61275137	9.59069362
8.50917187	8.8991755	9.90964013
8.40519925	8.79043713	9.78855619
8.51183481	8.90196063	9.91274062
9.08990725	9.50652769	10.5859563
10.5125445	10.9943693	12.2427356
11.7128324	12.2496687	13.6405706
14.9390125	15.6237163	17.3977256
18.9806237	19.8505688	22.1045188
26.500645	27.7152544	30.8622112
39.3098975	41.1116006	45.7796538
94.1932267815288	96.1989579815288	101.395636781529
40.6117325	42.4731031	47.2957512
28.7552337	30.0731794	33.4878656
21.2672787	22.2420288	24.7675175
14.9597769	15.6454325	17.4219081
12.0191576	12.570035	13.9973106
10.1101689	10.5735506	11.774135
9.30614075	9.7326715	10.8377757
6.37351525	6.66563456	7.42249025
5.97599456	6.249894	6.95954406
5.91895488	6.19024031	6.89311662
6.33236025	6.62259325	7.37456163
6.39693131	6.69012369	7.44975981
6.49688862	6.79466244	7.56616856
6.49280681	6.79039363	7.56141494
6.49452425	6.79218969	7.56341494
6.09659687	6.37602394	7.09999538
6.20579087	6.49022281	7.22716094
6.15775975	6.43999013	7.17122469
6.47082656	6.76740587	7.53581706
6.88726925	7.20293569	8.02079937
7.62409119	7.97352837	8.87888956
9.60115094	10.0412032	11.1813418
12.7192965	13.3022633	14.8126806
17.13662	17.9220481	19.9570231
23.7776838	24.867495	27.6910963
22.6005431	23.6364012	26.3202175
16.6492837	17.412375	19.3894787
13.175785	13.7796762	15.3443012
10.1995587	10.6670386	11.8782363
7.71579788	8.06943831	8.98568944
6.99306312	7.31357831	8.14400519
4.84276731	5.06472744	5.63980669
4.72117475	4.93756181	5.49820169
4.54964819	4.75817369	5.29844469
4.63195806	4.84425619	5.3943015
4.78255769	5.00175812	5.56968725
4.76487075	4.98326037	5.54908931
4.71046944	4.92636587	5.4857345
4.77408738	4.99289988	5.55982294
4.64891806	4.86199325	5.4140525
4.68622556	4.90101062	5.45750031
4.68584344	4.90061119	5.45705544
4.71450456	4.93058606	5.49043369
5.07398625	5.30654375	5.90908012
5.87773975	6.147136	6.84511831
6.94714519	7.26555563	8.09052956
7.93331419	8.29692381	9.23900588
9.77401369	10.2219893	11.3826533
11.3542063	11.8746077	13.2229222
12.0984923	12.6530045	14.0897013
10.5830192	11.0680727	12.3248087
8.8212625	9.22557075	10.2730955
7.11462888	7.44071581	8.28557875
5.93508888	6.20711344	6.91190588
5.45227875	5.70217481	6.34963338
3.97191544	4.15396144	4.62562675
3.80336631	3.97768688	4.42933719
3.68477719	3.85366281	4.29123044
3.77416787	3.94715062	4.39533331
3.79664662	3.9706595	4.42151169
3.73815425	3.90948594	4.35339206
3.76839756	3.94111562	4.38861325
3.82655681	4.00194031	4.45634444
3.89930656	4.07802469	4.54106775
4.22447887	4.41810069	4.91975794
4.47846087	4.68372369	5.21554125
5.43047619	5.67937263	6.32424231
6.42975656	6.7244535	7.48798769
6.91480306	7.23173119	8.05286481
6.41259194	6.706502	7.467998
5.65243181	5.91150156	6.58272819
4.98259569	5.21096469	5.80264838
4.33992488	4.53883788	5.05420437
3.44054206	3.59823375	4.00679819
3.20658581	3.35355419	3.73433656
3.21430113	3.36162319	3.74332163
3.25586681	3.40509381	3.79172812
3.21422362	3.36154219	3.74323144
3.30452081	3.45597787	3.84838994
3.56318188	3.72649419	4.14962206
3.88700769	4.065162	4.52674444
4.496233	4.70230994	5.23623831
4.56216969	4.77126888	5.31302694
4.335963	4.53469431	5.04959037
3.68062606	3.84932131	4.28639594
3.12429625	3.267493	3.6385035
2.96726762	3.10326712	3.45563062
2.98294956	3.11966787	3.47389363
3.16081431	3.305685	3.681032
3.36610756	3.5203875	3.92011306
3.42022819	3.57698856	3.983141
3.03693888	3.17613194	3.53676856
