#?RADIANCE
genskyvec -m 1
NROWS=146
NCOLS=1
NCOMP=3
FORMAT=ascii

0.453134463	0.473903119	0.527712856
1.77129231	1.85247644	2.06281762
1.630287	1.70500844	1.89860519
1.56907963	1.6409955	1.82732394
1.54112675	1.61176169	1.79477044
1.58861556	1.66142713	1.85007538
1.56169731	1.63327506	1.81872669
1.547589	1.61852025	1.8022965
1.55568819	1.62699062	1.81172863
1.63450581	1.7094205	1.90351806
1.5003815	1.56914887	1.74731937
1.61096425	1.6848	1.87610219
1.55230894	1.62345625	1.80779313
1.57055381	1.6425375	1.82904075
1.62283369	1.69721344	1.88992506
1.632771	1.70760638	1.901498
1.78179737	1.86346312	2.07505169
1.73744806	1.81708113	2.02340306
1.98771781	2.07882144	2.31486287
2.20290731	2.30387381	2.56546938
2.30723081	2.41297894	2.68696281
2.69467	2.81817575	3.13816794
2.8029865	2.9314565	3.26431163
3.11442062	3.25716494	3.62700263
3.10004725	3.24213269	3.6102635
2.65022181	2.77169019	3.08640431
2.45143687	2.56379444	2.85490269
2.18201563	2.28202444	2.54113906
2.10332488	2.19972725	2.44949731
1.9179775	2.00588475	2.23364475
1.84086625	1.92523919	2.14384225
2.0166305	2.10905944	2.34853456
1.96555313	2.05564087	2.2890505
1.88517025	1.97157388	2.195438
1.85865562	1.94384412	2.16455962
1.8346615	1.91875031	2.1366165
1.83601619	1.92016681	2.13819381
1.80684456	1.88965825	2.10422131
1.79144481	1.87355269	2.08628694
1.80028281	1.88279575	2.09657944
1.84346756	1.92795975	2.14687162
1.84128519	1.9256775	2.14433019
1.85657488	1.94166788	2.16213638
1.86148806	1.94680619	2.167858
1.90877194	1.99625719	2.22292413
1.97101625	2.06135456	2.29541275
2.066927	2.16166119	2.40710881
2.13579481	2.23368538	2.48731137
2.32081575	2.42718613	2.7027835
2.51049981	2.62556444	2.92368625
2.71757125	2.84212644	3.16483837
2.93254119	3.06694913	3.41518869
3.173444	3.31889338	3.69574025
3.33213031	3.48485281	3.88054363
3.29761881	3.44875956	3.840352
3.09255656	3.23429856	3.60154006
2.86654313	2.99792625	3.33832856
2.63374425	2.7544575	3.06721481
2.41977456	2.5306805	2.81802894
2.26065375	2.364267	2.63271975
2.12617631	2.22362594	2.47610956
2.12924869	2.22683925	2.47968781
2.07337244	2.16840206	2.41461519
2.01000169	2.10212681	2.34081469
1.95296362	2.04247444	2.27438894
1.93458388	2.02325238	2.25298406
1.92271725	2.01084169	2.23916456
1.92057556	2.00860188	2.23667031
1.92312887	2.01127225	2.23964387
1.94837562	2.03767619	2.26904594
1.96361231	2.05361112	2.28679012
2.00202944	2.09378906	2.33153013
2.07307363	2.1680895	2.41426719
2.18198969	2.28199737	2.54110888
2.32585969	2.43246156	2.70865769
2.50959288	2.62461575	2.92263031
2.72053225	2.84522331	3.16828675
2.97277369	3.10902556	3.46204269
3.15555869	3.30018813	3.67491106
3.20262863	3.34941569	3.72972806
3.07143269	3.21220688	3.57693962
2.87431456	3.00605381	3.34737875
2.6626835	2.784723	3.100917
2.44576556	2.55786312	2.84829788
2.275182	2.37946112	2.64963906
2.21712831	2.31874656	2.58203056
2.13598556	2.23388481	2.48753331
2.07980963	2.17513431	2.42211169
2.04480394	2.13852406	2.38134469
2.01270187	2.10495069	2.34395931
2.00646125	2.098424	2.33669156
2.00612438	2.09807162	2.33629913
2.00715662	2.09915125	2.33750131
2.02660237	2.11948831	2.36014737
2.04675725	2.14056681	2.38361962
2.09355369	2.18950813	2.43811788
2.16972575	2.26917138	2.52682669
2.23816119	2.34074356	2.60652531
2.37315612	2.48192569	2.76373831
2.52573356	2.64149619	2.9414275
2.66862162	2.7909335	3.10783244
2.83413875	2.96403669	3.30059081
2.9531695	3.088523	3.43921213
3.00869275	3.14659125	3.50387381
2.93870294	3.07339338	3.42236462
2.80752906	2.93620744	3.26960175
2.62456494	2.74485731	3.05652481
2.46459956	2.57756025	2.87023162
2.33473006	2.44173844	2.71898781
2.27300175	2.37718081	2.64710013
2.1760515	2.27578719	2.53419344
2.1231735	2.2204855	2.47261269
2.08134125	2.17673606	2.4238955
2.0677945	2.16256844	2.408119
2.07355419	2.16859194	2.41482694
2.08688525	2.18253413	2.430352
2.13061556	2.22826869	2.48127938
2.18946294	2.28981319	2.54981206
2.28965425	2.39459656	2.66649312
2.40341944	2.51357631	2.7989825
2.55370975	2.67075481	2.974008
2.70153819	2.82535856	3.14616644
2.78940306	2.91725056	3.24849256
2.758646	2.88508394	3.21267338
2.66411925	2.7862245	3.10258894
2.52911731	2.64503513	2.94536794
2.38593531	2.49529056	2.77862044
2.28455562	2.38926425	2.6605555
2.20670756	2.30784831	2.56989494
2.14565225	2.24399462	2.49879106
2.12701525	2.22450337	2.47708669
2.15487331	2.25363831	2.50952975
2.221246	2.32305313	2.58682625
2.31259975	2.41859381	2.69321512
2.42638231	2.53759144	2.8257245
2.56588556	2.68348831	2.98818769
2.60053331	2.71972444	3.02853788
2.54781638	2.66459119	2.96714462
2.40660838	2.51691137	2.80269631
2.31155763	2.41750381	2.69200144
2.24153519	2.34427212	2.61045444
2.24258975	2.34537519	2.61168294
2.30814956	2.41393975	2.6880325
2.4116035	2.52213537	2.80851356
2.42251937	2.53355137	2.82122588
2.31504475	2.42115081	2.69606275
