#?RADIANCE
genskyvec -m 1
NROWS=146
NCOLS=1
NCOMP=3
FORMAT=ascii

17.2344088	18.0243187	20.0709063
32.1150469	33.5869856	37.4006506
31.5140681	32.9584644	36.7007612
31.2008644	32.6309031	36.3360075
31.2613856	32.6941981	36.4064894
31.8438937	33.3034044	37.0848713
31.6296638	33.0793569	36.8353806
31.8606219	33.3208987	37.1043512
32.1083931	33.5800275	37.3929031
33.4186656	34.950355	38.9188244
32.7215187	34.2212531	38.1069375
35.06172	36.6687156	40.8322975
35.66243	37.2969569	41.5318719
38.0107319	39.7528906	44.2666663
41.5833456	43.4892481	48.4272731
44.7209087	46.7706138	52.0812269
52.5973	55.0080075	61.2539456
51.21752	53.56499	59.6470731
60.2500844	63.0115469	70.1662481
61.64886	64.4744312	71.7952387
55.5690338	58.115945	64.7147744
54.92341	57.44073	63.96289
46.9686244	49.1213544	54.6988825
44.298955	46.3293225	51.5898263
40.0350525	41.86999	46.6241569
35.6567919	37.2910594	41.5253094
34.5254975	36.1079169	40.2078213
32.8334325	34.3382987	38.2372725
32.9708119	34.4819731	38.3972594
31.9890331	33.455195	37.2538963
32.0908513	33.5616819	37.3724725
30.399545	31.7928562	35.4028056
29.3936844	30.7408944	34.2313962
30.1185844	31.4990175	35.0756012
29.8920975	31.26215	34.8118375
29.8816344	31.2512081	34.7996544
29.5498694	30.9042369	34.4132856
30.501475	31.8994575	35.52151
31.2592344	32.6919494	36.403985
31.806865	33.2646787	37.0417462
31.8290025	33.2878325	37.06753
34.0357969	35.5957706	39.6375238
36.7837869	38.4697081	42.8377856
41.0672281	42.9494731	47.8262094
47.0363769	49.1922081	54.7777819
54.361615	56.8531881	63.3086344
65.4842044	68.4855644	76.2618194
72.1393638	75.4457494	84.0123069
83.7524919	87.5911444	97.5367625
84.4299175	88.2996181	98.3256831
79.9722912	83.637685	93.1344012
69.4575912	72.6410619	80.8891569
57.84567	60.4969294	67.3661069
49.0066494	51.2527869	57.0723312
42.3284394	44.2684937	49.2949994
38.1638587	39.913035	44.4449956
35.5660475	37.1961575	41.4196281
32.9884081	34.5003738	38.4177513
31.8283669	33.2871669	37.0667906
30.7687769	32.1790119	35.8328075
30.5762081	31.9776156	35.6085431
25.4180006	26.5829925	29.6013819
24.7091488	25.8416506	28.7758662
24.5774856	25.7039525	28.6225306
25.3724319	26.5353356	29.5483144
25.569365	26.7412938	29.7776581
26.1662519	27.3655381	30.4727844
27.0807638	28.3219637	31.5378081
28.8441481	30.1661687	33.591415
30.8165925	32.2290188	35.8884931
36.0661925	37.7192244	42.0020875
43.3292694	45.3151944	50.4605469
57.96063	60.6171588	67.4999875
78.1845837	81.7680419	91.0524644
101.364865	106.010756	118.047838
112.574	117.733631	131.101806
102.364679	107.056389	119.212206
78.4936744	82.0913	91.412435
60.0902275	62.8443619	69.9800812
45.2066206	47.2785894	52.6468831
37.3758913	39.0889519	43.5273438
32.0868463	33.5574913	37.3678075
29.1738056	30.5109375	33.97533
26.7739494	28.0010863	31.1804969
26.1105838	27.30732	30.4079537
22.7899488	23.8344856	26.540795
22.4444106	23.4731119	26.1383869
22.1211763	23.1350619	25.7619519
22.2996888	23.3217562	25.969845
22.9172044	23.9675756	26.6889956
23.3994094	24.4718806	27.2505625
24.8187569	25.9562819	28.90351
27.2298263	28.4778594	31.7114025
31.2488319	32.6810694	36.39187
37.0759856	38.7752987	43.1780769
48.4098106	50.6285931	56.3772606
69.1314256	72.2999475	80.5093119
91.7538075	95.9591856	106.854963
135.76165	141.984037	158.105756
1108.31388801132	1115.81370101132	1135.24504501132
148.3255	155.123762	172.7374
103.816089	108.574314	120.902491
71.8308381	75.123085	83.6530044
49.964295	52.254325	58.1875894
38.2323313	39.9846463	44.5247381
31.6520412	33.1027594	36.8614419
27.4530763	28.7113425	31.9713981
25.1168456	26.2680363	29.2506638
23.8933719	24.988485	27.825825
22.7291938	23.7709488	26.4700419
21.87468	22.8772675	25.4748888
21.8238356	22.824095	25.4156787
22.3291819	23.3526013	26.0041944
23.6498919	24.7338444	27.5422706
27.3723981	28.6269663	31.8774406
32.5594831	34.0517944	37.9182356
45.9194406	48.0240819	53.4770187
64.8801519	67.853825	75.5583463
108.749138	113.733469	126.647428
1629.71966716616	1637.48759916616	1657.61364216616
2061.69937621002	2070.92128321002	2094.81445721002
120.843807	126.382488	140.732694
67.93622	71.0499612	79.1173938
46.2945025	48.4163313	53.91381
33.7190262	35.26448	39.2686175
27.2504094	28.4993869	31.7353762
24.276965	25.3896562	28.2725494
24.4083619	25.5270794	28.4255719
24.17572	25.2837737	28.1546419
24.7097663	25.8422969	28.776585
27.8535194	29.1301375	32.437745
36.1803938	37.8386613	42.1350856
57.5528925	60.1907325	67.0251444
94.6376219	98.9751769	110.213415
124.833502	130.55503	145.379031
99.9275644	104.50757	116.373988
57.915625	60.5700894	67.4475756
35.3829638	37.0046806	41.2064125
28.5951231	29.9057325	33.3014056
31.3095706	32.7445925	36.4626075
31.94495	33.4090925	37.2025587
40.9236656	42.7993312	47.65902
60.9642606	63.7584544	70.9979663
57.2999962	59.9262456	66.7306244
41.4404988	43.3398537	48.2609175
41.74485	43.6581525	48.6153587
