#?RADIANCE
genskyvec -m 1
NROWS=146
NCOLS=1
NCOMP=3
FORMAT=ascii

23.3117044	24.3801569	27.1484225
37.7543044	39.4847081	43.9680344
37.7503494	39.4805738	43.9634313
37.8286969	39.5625119	44.0546719
37.9079463	39.6453906	44.1469644
37.4199044	39.1349831	43.5785988
37.1207181	38.8220819	43.2301719
37.5878119	39.3105856	43.7741419
37.4866419	39.2047794	43.6563237
38.5999575	40.3691206	44.9528688
40.963755	42.8412594	47.7057087
43.1851212	45.16444	50.2926756
45.8867125	47.9898544	53.4389063
49.0059088	51.2520119	57.0714687
52.2026194	54.5952381	60.7943025
54.4175244	56.9116594	63.3737444
57.78262	60.4309881	67.29268
54.6318162	57.1357725	63.6233038
55.1477081	57.6753087	64.224105
51.1151463	53.4579219	59.5278506
47.8828231	50.0774525	55.7635419
45.313175	47.390025	52.7709688
42.1274538	44.0582956	49.0609331
39.9712737	41.8032894	46.5498819
39.31061	41.1123444	45.7804844
37.9190119	39.6569656	44.1598544
38.2441506	39.9970075	44.5385044
37.8965187	39.6334413	44.1336563
37.6501912	39.3758238	43.8467875
37.3093481	39.0193594	43.4498463
37.3256381	39.0363956	43.4688169
29.24864	30.5892013	34.0624806
27.7182594	28.9886794	32.2802262
29.3773569	30.72382	34.2123838
28.8750219	30.19846	33.6273719
28.9818581	30.3101931	33.7517925
28.4437175	29.7473869	33.12508
30.2032644	31.5875794	35.1742206
31.6221394	33.0714869	36.8266187
32.7932063	34.2962281	38.1904225
33.1213856	34.6394494	38.5726175
37.044735	38.7426181	43.1416819
41.4217813	43.3202775	48.2391175
47.2659475	49.4323019	55.0451375
53.5812556	56.0370619	62.3998419
58.3943337	61.0707387	68.0050713
61.7493194	64.5794969	71.9122319
60.7348694	63.5185488	70.7308206
57.3650119	59.9942413	66.8063425
50.8256369	53.1551438	59.1906913
44.8896831	46.947125	52.2777787
40.0862319	41.9235169	46.6837594
36.3152856	37.9797344	42.2921781
32.4014369	33.8865012	37.7341737
31.8565969	33.3166906	37.0996644
30.9438269	32.362085	36.0366681
30.5401337	31.9398894	35.5665319
29.0205487	30.3506563	33.79685
29.18101	30.5184738	33.9837206
28.551615	29.8602275	33.2507381
28.9411425	30.26761	33.7043763
21.9478862	22.9538331	25.5601462
21.4135319	22.3949856	24.9378437
21.566645	22.5551162	25.1161569
22.7436594	23.7860775	26.4868881
23.3101688	24.3785519	27.1466363
24.5240662	25.6480844	28.5603213
26.4325956	27.64409	30.7829625
29.7648694	31.12909	34.6636713
33.8621687	35.4141837	39.4353181
42.0738894	44.0022756	48.9985537
52.1312463	54.5205919	60.7111837
65.0034619	67.9827831	75.7019506
72.422885	75.7422644	84.3424912
70.7051119	73.94576	82.3419988
58.5206831	61.2028794	68.1522144
46.8201587	48.9660806	54.5259775
36.5936063	38.2708113	42.6163056
31.70559	33.1587619	36.9238038
27.1906963	28.436935	31.6658325
24.6503031	25.7801063	28.7073344
23.6271256	24.7100362	27.5157575
22.9105369	23.9606019	26.6812306
21.8349219	22.8356869	25.428585
22.1100694	23.1234475	25.7490194
19.0219781	19.8938181	22.1526813
19.1418831	20.0192181	22.2923181
19.2904312	20.1745738	22.4653144
19.8145	20.722665	23.0756381
21.0981869	22.0651856	24.5705963
22.2359869	23.2551362	25.8956606
25.2320469	26.3885137	29.3848231
29.7848025	31.1499381	34.6868856
37.5307512	39.2509088	43.70769
47.8182519	50.0099194	55.6883419
66.3355313	69.3759081	77.2532556
95.2707106	99.6372875	110.950694
106.800769	111.695809	124.378403
94.5658106	98.9000756	110.129771
72.7177487	76.0506431	84.6858806
56.187715	58.7629831	65.4352806
41.4805775	43.3817719	48.3075919
32.6353919	34.1311806	38.0066369
26.7377875	27.9632675	31.1383825
23.452425	24.5273281	27.3123056
21.5929244	22.5825994	25.1467619
20.414375	21.3500331	23.7742431
19.6456675	20.5460925	22.8790175
19.3969225	20.2859481	22.5893337
18.7810713	19.6418694	21.8721219
18.9045012	19.7709563	22.0158675
19.719855	20.6236794	22.9654156
21.2115988	22.1837963	24.7026756
23.9319681	25.0288494	27.8707725
31.2993169	32.7338663	36.4506631
41.3918031	43.2889263	48.2042081
67.3039075	70.3886662	78.3810144
103.474068	108.216628	120.504182
3736.23950893792	3743.66885893792	3762.91763993792
1890.7388326926	1896.7244516926	1912.2326646926
76.7784119	80.2974194	89.4148606
48.1299169	50.3358706	56.0513013
32.8482381	34.3537819	38.2545137
26.3805	27.5896062	30.7222931
22.2152769	23.2334775	25.8715425
20.0191	20.9366419	23.3139131
19.1163819	19.99255	22.2626219
20.5247912	21.46551	23.9028319
21.9715581	22.9785863	25.5877106
24.5523894	25.6777062	28.5933038
30.9913894	32.4118263	36.0920575
45.6644225	47.7573756	53.1800287
82.6591	86.4476325	96.2634056
2158.48368887641	2164.31504987641	2179.42361487641
93.7439913	98.0405825	109.172699
52.3563331	54.7559956	60.9733156
33.9112681	35.4655337	39.4924994
24.1137131	25.2189244	28.0824294
22.05826	23.0692631	25.6886831
26.9269687	28.16112	31.3587019
31.235965	32.6676131	36.3768856
44.7612744	46.8128331	52.1282406
64.7621356	67.7303969	75.4209056
44.9315663	46.9909275	52.3265531
31.4809856	32.9238631	36.6622319
38.3463469	40.1038875	44.6575188
