#?RADIANCE
genskyvec -m 1
NROWS=146
NCOLS=1
NCOMP=3
FORMAT=ascii

11.2855981	11.8028544	13.1430206
30.0768463	31.4553681	35.026995
30.6939456	32.10075	35.74566
31.5350363	32.9803894	36.7251775
32.5208231	34.0113606	37.8732125
32.8054144	34.308995	38.2046413
32.6448713	34.1410925	38.0176737
32.8109819	34.3148156	38.211125
31.3475338	32.784295	36.5068175
30.9013587	32.3176681	35.9872081
31.4001513	32.8393244	36.568095
30.2884231	31.6766394	35.2733925
30.2708962	31.6583106	35.2529819
30.19484	31.5787694	35.1644087
30.6637787	32.0692025	35.7105281
33.1883794	34.7095138	38.6506337
38.1688656	39.9182713	44.4508287
42.8465213	44.8103206	49.8983463
54.2914556	56.7798106	63.2269269
72.3090688	75.6232344	84.2099413
84.0243819	87.8755	97.8533956
99.6734062	104.241767	116.078
88.5364712	92.5943975	103.108104
78.4384162	82.0335075	91.3480819
62.6836756	65.5566763	73.0003681
47.1025688	49.261435	54.8548706
40.2574694	42.1026019	46.8831794
34.9157112	36.5160137	40.6622562
32.11059	33.582325	37.3954594
30.0893344	31.4684281	35.0415381
29.5961844	30.9526737	34.4672256
22.1864675	23.2033456	25.83799
20.8171663	21.7712856	24.2433269
22.8137406	23.8593694	26.5685031
22.6726719	23.7118369	26.4042169
22.9381969	23.9895287	26.7134419
22.0205881	23.0298638	25.64481
23.5465788	24.6257956	27.421955
23.9395638	25.0367913	27.8796175
22.9392913	23.9906738	26.7147156
20.1284256	21.0509775	23.4412306
20.7912119	21.7441431	24.2130994
20.9151981	21.87381	24.3574919
22.7298337	23.7716169	26.4707862
23.8661319	24.9599969	27.7941013
25.8137869	26.9969175	30.0623075
30.7174262	32.1253075	35.7730056
39.1790019	40.9747044	45.6272144
50.2150231	52.5165412	58.4795813
71.48844	74.76499	83.2542481
95.7624163	100.151519	111.523301
114.653331	119.908275	133.523369
104.968093	109.779119	122.2441
78.737625	82.34643	91.6965306
57.3017237	59.9280513	66.7326356
43.1309444	45.10778	50.2295825
35.0159956	36.6208938	40.7790456
27.8436294	29.1197944	32.4262275
24.8500194	25.9889781	28.9399194
22.5671038	23.6014275	26.2812744
22.1249631	23.1390231	25.7663631
15.0403775	15.7297275	17.5157731
14.3218956	14.9783144	16.6790412
14.3475206	15.0051144	16.7088844
15.4612837	16.1699262	18.0059556
15.4552756	16.1636413	17.9989581
15.4868194	16.1966319	18.035695
15.3300906	16.0327194	17.8531681
15.341605	16.0447631	17.8665794
14.6264575	15.2968344	17.0337288
15.59812	16.3130325	18.1653113
16.5712675	17.3307844	19.2986231
19.7915669	20.6986794	23.0489306
24.8966519	26.0377481	28.9942287
34.0647069	35.626005	39.6711906
54.6181319	57.1214606	63.6073687
91.0983344	95.273665	106.091607
1947.58094254255	1954.18813054255	1971.30675554255
105.192792	110.01414	122.505787
58.3223856	60.9954938	67.9212825
37.2738544	38.9822394	43.4085125
26.45884	27.671535	30.8135237
20.844495	21.7998688	24.2751537
16.8595719	17.6323012	19.6343769
15.83421	16.5599425	18.4402581
11.7823869	12.3224144	13.7215719
11.5078956	12.0353406	13.4019044
11.1293344	11.6394294	12.96104
11.258815	11.7748437	13.1118288
11.510495	12.0380588	13.4049325
11.4182256	11.9415638	13.2974775
11.3109569	11.8293762	13.1725531
11.6047938	12.1366794	13.5147519
11.7616413	12.3007162	13.6974138
12.4863856	13.0586788	14.5414381
13.7901781	14.4222269	16.0598125
16.1231225	16.8620994	18.7767206
19.8366587	20.7458381	23.101445
29.6002356	30.9569113	34.4719425
46.1491706	48.2643388	53.7445556
69.0616175	72.2269388	80.4280144
2352.34138528595	2357.23132728595	2369.90069428595
1342.8329204454	1346.7456760454	1356.8832942454
51.174385	53.5198763	59.5968406
32.2661513	33.7450175	37.5766269
22.7411319	23.7834325	26.483945
17.1306325	17.9157844	19.9500506
14.2518094	14.9050181	16.5974219
13.0075638	13.6037425	15.1483919
10.5120537	10.9938556	12.2421631
9.86046475	10.3124023	11.4833338
9.49941506	9.93480513	11.0628587
9.56498175	10.0033763	11.1392194
9.63396087	10.0755169	11.2195512
9.79700537	10.2460357	11.4094294
10.3186204	10.7915562	12.016895
11.7029306	12.239315	13.6290406
13.5990762	14.222365	15.8372575
18.2614781	19.09846	21.2670131
24.2929775	25.406405	28.2911988
39.2196294	41.0171931	45.6745275
53.7108944	56.1726406	62.5508163
42.3969669	44.34016	49.3748037
28.0068469	29.2904925	32.6163075
18.8167075	19.6791394	21.9136256
14.1991163	14.84991	16.5360563
11.7414638	12.2796125	13.6739125
9.97132319	10.4283424	11.6124375
9.18291763	9.60380119	10.6942725
8.95960888	9.37025725	10.4342113
9.17871525	9.599406	10.6893781
9.85676281	10.3085303	11.4790225
11.9335775	12.4805325	13.8976456
15.7212575	16.4418137	18.3087144
20.8459819	21.8014206	24.2768844
27.5172681	28.7784763	32.0461556
22.6306819	23.6679219	26.3553162
15.8000975	16.5242681	18.40053
11.7857106	12.3258856	13.7254419
10.4981946	10.979361	12.2260219
9.69763481	10.1421087	11.2937038
10.4184602	10.8959731	12.1331669
12.8838725	13.4743831	15.0043456
14.8509112	15.5315775	17.2951244
13.441065	14.0571144	15.6532406
11.3504319	11.8706606	13.2185237
