#?RADIANCE
genskyvec -m 1
NROWS=146
NCOLS=1
NCOMP=3
FORMAT=ascii

3.19827269	3.34486019	3.72465512
19.4303763	20.3209344	22.6282937
19.7402444	20.6450063	22.9891631
20.5394225	21.4808125	23.9198688
22.7192644	23.7605625	26.4584788
28.1320506	29.4214337	32.7621188
37.119015	38.8203012	43.2281881
51.0579094	53.3980625	59.4611925
84.3788356	88.2461931	98.2661675
131.088984	137.097238	152.664061
523.695577544985	528.625658544985	541.399109544985
87.7294156	91.7503419	102.168217
51.2722069	53.6221825	59.7107606
35.3994819	37.0219587	41.2256494
27.7443875	29.0160044	32.3106538
22.7418688	23.784205	26.4848038
21.195865	22.1673412	24.6843525
18.963145	19.8322881	22.0841619
19.3229006	20.208535	22.5031306
19.02164	19.8934644	22.1522844
18.7413031	19.6002806	21.8258112
19.5059931	20.4000188	22.7163569
18.7266444	19.5849506	21.8087394
18.9765456	19.8463025	22.0997688
19.2168563	20.0976263	22.3796287
18.2894262	19.1276913	21.2995619
18.8903544	19.7561625	21.9993931
18.3213781	19.1611062	21.3367737
19.0180344	19.8896944	22.1480869
18.5060894	19.3542819	21.5518825
19.0033931	19.8743825	22.1310363
17.6265394	18.4344206	20.5275756
17.4533844	18.2533306	20.3259213
19.4878763	20.3810694	22.6952575
21.6088094	22.5992106	25.16526
27.1375106	28.3813112	31.6038937
35.2805544	36.8975769	41.0871475
50.8498844	53.1805006	59.2189319
82.8224	86.6184206	96.4535981
977.602265996899	984.316932996899	1001.7140909969
973.822279732019	979.839591732019	995.429873732019
82.9131412	86.7133244	96.5592719
51.8590487	54.2359194	60.3941869
36.45577	38.1266588	42.4557825
26.6252325	27.845555	31.0073012
21.8742287	22.8767962	25.4743637
19.0906869	19.9656762	22.2326969
18.915465	19.7824244	22.0286375
17.0813375	17.8642313	19.8926419
16.8393769	17.6111813	19.6108587
16.32681	17.0751219	19.0139337
16.4713994	17.2263388	19.1823175
16.802015	17.5721075	19.5673475
16.125925	16.8650281	18.7799831
17.0140262	17.7938337	19.8142519
17.2806188	18.0726475	20.1247213
17.4104887	18.2084706	20.2759694
16.7813331	17.5504769	19.5432619
16.9693719	17.7471344	19.7622488
16.7501663	17.5178819	19.506965
17.1677062	17.95456	19.993225
12.9476444	13.5410787	15.0786112
13.0232862	13.6201869	15.1667012
14.4596262	15.1223594	16.83944
18.8360525	19.6993706	21.9361531
26.0867138	27.2823544	30.3801525
41.2802731	43.1722819	48.0743188
64.8249413	67.7960837	75.4940525
78.8599638	82.4743769	91.8389981
52.0827837	54.4699094	60.6547463
33.3490538	34.8775513	38.8377544
23.0952944	24.1538275	26.8963956
17.257825	18.0488081	20.0981756
14.5169894	15.1823525	16.9062456
13.0367694	13.6342875	15.1824056
12.7174994	13.300385	14.8105875
12.6135444	13.1916638	14.6895237
12.1893031	12.7479781	14.19546
12.8184119	13.4059225	14.9281087
12.4020306	12.9704569	14.4431975
11.8828869	12.4275187	13.8386119
12.3745006	12.941665	14.4111375
12.4762937	13.0481237	14.5296844
12.0047831	12.5550019	13.9805712
12.5546806	13.1301012	14.62097
9.80849769	10.2580537	11.4228144
10.4598216	10.9392298	12.181335
11.4756994	12.0016712	13.3644094
13.4271531	14.0425631	15.6370381
18.3690262	19.2109406	21.3922644
23.0728963	24.1304037	26.8703106
30.6500081	32.0548	35.6944919
34.5078825	36.0894919	40.1873044
27.0940081	28.3358163	31.5532325
21.0019706	21.96456	24.4585463
15.6201687	16.3360912	18.1909875
12.2172669	12.7772231	14.2280256
11.1162786	11.6257744	12.9458331
10.3101704	10.7827202	12.0070525
9.89463788	10.3481414	11.5231306
9.45126806	9.88445163	11.0067919
9.33594212	9.76383956	10.8724824
9.35321231	9.7819	10.8925947
9.52261844	9.95907069	11.0898837
9.46293156	9.89664831	11.0203727
9.52581844	9.96241881	11.093609
9.62453275	10.0656573	11.2085703
9.50261531	9.93815094	11.0665869
9.82890475	10.2793957	11.4465788
8.0385705	8.40700462	9.36158556
8.75596637	9.157281	10.1970531
9.80285894	10.2521553	11.4162463
12.451145	13.0218225	14.5003975
15.5418312	16.2541638	18.0997569
17.1310606	17.9162344	19.9505488
16.2803581	17.0265388	18.9598337
12.7621687	13.3471012	14.86261
10.5433918	11.0266309	12.2786587
9.05814694	9.47331188	10.5489672
8.07682512	8.44701256	9.40613581
7.91986425	8.28285781	9.22334237
7.78943913	8.14645463	9.07145144
7.61325062	7.962191	8.866265
7.46168825	7.80368187	8.68975806
7.51841188	7.86300556	8.75581756
7.70690012	8.06013262	8.97532781
7.80236169	8.15996981	9.08650094
7.16011631	7.48828825	8.33855263
7.66840319	8.0198715	8.93049506
9.34255381	9.77075331	10.8801826
11.0714074	11.5788461	12.8935779
10.2732069	10.7440616	11.9640054
8.65599975	9.05273262	10.0806332
7.63137219	7.98114319	8.88736937
6.99309381	7.31361019	8.14404069
6.72484513	7.03306706	7.83164288
6.579536	6.88109788	7.6624185
6.69536713	7.00223813	7.79731363
6.68380656	6.9901475	7.78385019
6.55500756	6.85544525	7.63385288
7.114981	7.44108412	8.2859885
7.35937444	7.696679	8.57060525
6.92470625	7.24208844	8.06439781
6.26301213	6.55006662	7.29379969
6.226811	6.51220637	7.25164056
6.48957106	6.78700938	7.5576465
