#?RADIANCE
genskyvec -m 1
NROWS=146
NCOLS=1
NCOMP=3
FORMAT=ascii

2.21549369	2.31703719	2.58012719
14.64438	15.3155806	17.0546019
13.9216906	14.5597681	16.21297
13.6173588	14.241485	15.8585481
13.6232556	14.2476519	15.865415
14.0182419	14.6607444	16.3254125
13.776185	14.4075937	16.0435162
13.8696475	14.5053406	16.1523619
13.7807894	14.4124094	16.0488775
14.4151738	15.07587	16.7876706
13.6088512	14.2325906	15.8486406
14.3367312	14.9938294	16.6963181
13.858115	14.4932781	16.1389306
13.8655487	14.5010506	16.1475875
14.0561013	14.7003394	16.3695019
14.2340919	14.8864869	16.5767888
15.7049881	16.4248012	18.2897681
16.1016188	16.8396088	18.7516781
20.0920912	21.0129781	23.3989144
27.62266	28.8886987	32.1688925
37.5189956	39.2386156	43.694
63.6645131	66.5824681	74.142635
88.5732244	92.6328244	103.150901
479.151372763436	483.912420763436	496.247853763436
68.66792	71.8151981	79.9695231
39.5080494	41.3188344	46.0104188
27.5502031	28.8129194	32.0845069
20.5227006	21.4633212	23.9003956
17.813125	18.6295588	20.7448687
15.6293994	16.3457456	18.2017388
14.9304662	15.6147813	17.3877756
13.1834163	13.7876569	15.35319
12.3034775	12.8673875	14.328425
12.7653312	13.3504081	14.8662925
12.5354025	13.1099406	14.5985231
12.4455594	13.0159819	14.4938944
12.0816325	12.6353744	14.0700694
12.6204019	13.1988356	14.6975106
12.8722656	13.4622425	14.9908269
12.7110563	13.2936463	14.8030844
11.7819844	12.3219925	13.7211031
12.1360175	12.6922519	14.1334037
12.1961856	12.7551781	14.2034756
12.8368587	13.4252163	14.9495938
12.8557125	13.4449319	14.97155
13.1006037	13.7010469	15.2567462
14.0187675	14.661295	16.3260256
16.250945	16.9957787	18.9255806
18.5054819	19.3536494	21.551175
24.9393462	26.0823981	29.0439487
34.60793	36.194125	40.3038187
54.05724	56.5348619	62.9541644
600.13327423696	604.40773113696	615.48247133696
756.912193465555	761.312344365555	772.712753365555
63.917775	66.8473381	74.4375775
40.3124806	42.1601331	46.9472444
28.34626	29.6454612	33.0115837
19.9190487	20.8320063	23.197395
16.3981706	17.1497525	19.0970362
14.3242269	14.9807544	16.6817569
13.6130463	14.2369769	15.8535281
9.51506275	9.95116906	11.0810836
8.96546944	9.37638638	10.441036
8.82908394	9.2337505	10.2822044
9.28421	9.709737	10.8122371
9.22428556	9.64706588	10.7424484
9.26786737	9.69264375	10.7932038
9.25649044	9.68074588	10.7799545
9.34605981	9.77442113	10.8842669
8.92044262	9.32929637	10.3885999
9.27048437	9.69538119	10.7962519
9.34428944	9.77256925	10.882205
9.94086731	10.3964883	11.5769675
10.6555932	11.1439729	12.4093256
11.9935538	12.5432587	13.9674944
15.8714206	16.5988606	18.4835938
23.0884825	24.146705	26.8884644
35.7341331	37.3719469	41.6153775
54.4051181	56.8986831	63.3592975
43.2192413	45.20012	50.3324069
26.7306981	27.9558556	31.1301281
18.9020544	19.7683969	22.0130169
14.1577506	14.8066475	16.4878825
10.9293879	11.43032	12.7281863
10.1702612	10.6363992	11.8441163
7.206489	7.53678613	8.39255738
7.06927231	7.39328031	8.23275719
6.78606031	7.09708769	7.90293306
6.85396231	7.16810212	7.98201087
6.98411406	7.30421881	8.13358319
6.92040737	7.23759244	8.0593915
6.84325762	7.15690656	7.96954419
6.97549475	7.29520475	8.12354556
6.89130881	7.20716019	8.02550381
7.03831237	7.36090137	8.19670162
7.12734075	7.45401025	8.30038256
7.23548525	7.56711119	8.42632581
7.84312781	8.20260394	9.13397631
9.276807	9.70199262	10.8036144
11.4372927	11.9615004	13.3196806
13.8042162	14.4369094	16.0761612
18.3887706	19.2315881	21.4152569
21.9696613	22.976605	25.5855044
21.9859737	22.9936644	25.6044988
17.2549331	18.045785	20.0948087
13.2012169	13.8062725	15.3739175
10.2162202	10.6844629	11.8976401
8.55649556	8.94866806	9.96475219
7.971077	8.33641769	9.28298406
5.90798181	6.17876412	6.8803375
5.68816088	5.948868	6.62433781
5.49632094	5.74823531	6.400924
5.58728438	5.843368	6.5068585
5.59705937	5.85359131	6.5182425
5.53808413	5.79191275	6.449561
5.6282435	5.8862045	6.55455894
5.79520925	6.06082281	6.74900419
5.95586362	6.22884069	6.93609975
6.52870675	6.82793888	7.6032235
7.03602756	7.35851194	8.19404088
8.90505719	9.31320575	10.3706818
11.0331266	11.538812	12.8489963
11.8150407	12.3565631	13.7595994
10.3728522	10.8482734	12.0800519
8.56399925	8.95651569	9.97349119
7.32631887	7.6621085	8.53210969
6.39176613	6.68472175	7.44374462
5.13360481	5.36889487	5.97851081
4.80030237	5.02031619	5.59035262
4.8000115	5.02001175	5.59001363
4.86050594	5.08327906	5.6604645
4.832933	5.05444212	5.62835331
5.02257731	5.25277881	5.84921019
5.4767165	5.72773269	6.37809325
6.06439888	6.34235019	7.06249806
7.19291412	7.52258919	8.37674819
7.18039169	7.50949287	8.36216494
6.55077756	6.8510215	7.62892681
5.48347312	5.73479869	6.38596169
4.68876037	4.90366187	5.46045275
4.45975238	4.66415744	5.19375344
4.50271156	4.70908581	5.24378325
4.81144594	5.03197031	5.60333006
5.14110462	5.37673844	5.98724506
5.17412913	5.41127656	6.02570481
4.58643994	4.79665156	5.34129169
