#?RADIANCE
genskyvec -m 1
NROWS=146
NCOLS=1
NCOMP=3
FORMAT=ascii

9.52580988	9.96240881	11.0935994
26.4850875	27.6989869	30.8440937
26.2796569	27.4841406	30.6048519
27.0551481	28.2951762	31.5079781
28.9456731	30.2723494	33.7096494
32.7184613	34.2180569	38.1033769
39.1332669	40.9268731	45.5739519
48.219985	50.4300669	56.1561938
65.4860881	68.4875325	76.2640131
88.4805125	92.5358656	103.042939
95.577005	99.9576206	111.307399
104.420519	109.206466	121.606392
79.6482087	83.2987519	92.7569794
59.88156	62.6261288	69.73707
46.3835012	48.5094088	54.0174544
36.9628431	38.6569719	43.0463138
31.7805094	33.2371131	37.0110519
28.6101325	29.9214294	33.3188844
26.8702131	28.1017631	31.2926031
26.001605	27.1933444	30.2810375
27.1091075	28.3516069	31.570815
27.6862081	28.9551581	32.2428988
28.3147006	29.6124563	32.9748306
28.4154319	29.7178063	33.0921413
30.190175	31.5738906	35.1589763
30.0194412	31.39533	34.9601419
30.8406331	32.2541631	35.9164894
30.0037075	31.3788762	34.9418187
28.9426125	30.2691487	33.7060869
27.5719562	28.8356706	32.1098419
26.6125269	27.8322656	30.9925056
19.158725	20.0368331	22.3119331
18.0988206	18.9283462	21.0775863
20.4469269	21.3840769	23.8121525
21.9376019	22.9430756	25.5481681
26.3201137	27.5264494	30.6519656
31.8518081	33.3116812	37.0940869
42.6706606	44.6263962	49.6935406
61.4946862	64.3131919	71.6156919
92.0840688	96.3045888	107.239589
124.151244	129.841519	144.584488
118.936719	124.387987	138.511731
85.2847312	89.1936156	99.3211912
59.5797531	62.3104894	69.3855894
41.1578306	43.04423	47.9317269
31.0869631	32.51178	36.2033612
24.5084113	25.6317119	28.5420863
23.1772931	24.2395844	26.9918906
19.4167325	20.306665	22.6124031
18.6365256	19.4907006	21.7037888
17.7699256	18.5843794	20.6945594
18.3207588	19.1604613	21.3360531
19.3163419	20.2016744	22.4954919
18.5388931	19.3885938	21.5900869
20.7545225	21.7057731	24.1703737
21.3655913	22.3448475	24.8820131
21.6841256	22.6779819	25.2529725
20.1607569	21.0847912	23.4788831
20.1147362	21.0366619	23.4252869
19.0567425	19.9301763	22.1931644
19.0700487	19.9440912	22.2086613
12.61555	13.1937606	14.6918594
12.5729644	13.149225	14.6422663
13.9881519	14.629275	16.2903694
18.1182031	18.9486206	21.1001594
24.4771925	25.5990612	28.5057325
37.9386306	39.6774825	44.1827
64.4475725	67.4014162	75.0545688
1958.85253598555	1964.23558398555	1978.18259898555
2166.26007342663	2171.88741242663	2186.46733642663
66.2363125	69.2721425	77.1377138
39.8038763	41.62822	46.3549325
24.9085812	26.0502231	29.00812
18.1660406	18.9986506	21.1558687
14.6550681	15.3267581	17.0670487
13.2788075	13.8874181	15.4642806
12.7788894	13.3645875	14.8820819
12.2588906	12.820755	14.2765013
13.2163812	13.8221313	15.3915769
12.9330075	13.5257687	15.0615656
12.3608675	12.9274069	14.3952613
13.0457512	13.6436831	15.1928663
13.0204525	13.6172213	15.1634038
12.0918888	12.6461006	14.0820137
12.5130325	13.0865462	14.57247
9.39675319	9.82743706	10.9433024
10.1328358	10.5972571	11.8005312
11.4114756	11.9345037	13.2896162
13.62767	14.2522719	15.87056
19.4600781	20.3519981	22.6628831
25.91818	27.106095	30.1838819
43.1683306	45.1468781	50.2731206
65.2592875	68.2503381	75.9998838
1358.4964807227	1361.3430901227	1368.7184001227
43.3783462	45.3665187	50.5176994
27.33823	28.5912331	31.83765
18.0389063	18.8656894	21.0078088
14.5010638	15.1656944	16.8876969
11.7107344	12.2474769	13.6381269
10.3339106	10.807548	12.0347013
9.46246312	9.89615888	11.0198256
9.12076019	9.53879406	10.6218863
9.09451394	9.51134494	10.5913195
9.32436981	9.7517365	10.8590051
9.29227306	9.71816844	10.8216264
9.35974356	9.78873156	10.9002014
9.39812413	9.82887119	10.9449
9.16374988	9.583754	10.6719503
9.41513537	9.84666275	10.9647097
7.86221956	8.222571	9.15621019
8.87885763	9.28580494	10.3401703
10.5850988	11.0702475	12.3272306
14.6322187	15.3028613	17.0404387
20.89895	21.8568175	24.3385712
29.6650206	31.0246669	34.5473881
31.6517931	33.1025	36.8611519
22.8033788	23.8485337	26.5564356
16.3571675	17.1068712	19.0492856
11.7854269	12.3255913	13.7251131
9.33951738	9.76757794	10.876646
8.29291581	8.67300769	9.65779219
7.70992588	8.06329737	8.97885181
7.36701769	7.70467244	8.57950662
7.18419856	7.51347406	8.36659825
7.21123294	7.54174756	8.39808219
7.38242694	7.72078812	8.59745206
7.50131119	7.84512081	8.73590244
7.356542	7.69371675	8.567307
8.54202256	8.93353162	9.94789794
11.7411413	12.2792769	13.6735394
16.5175662	17.2746206	19.2360837
16.4612738	17.2157494	19.1705269
12.8829481	13.4734163	15.0032669
9.83652081	10.2873605	11.4554475
7.97323856	8.33867831	9.28550119
6.94424344	7.26252106	8.0871505
6.559977	6.8606425	7.63964012
6.54538394	6.84538062	7.62264556
6.67188081	6.97767525	7.76996163
7.2233925	7.55446462	8.41224306
8.70728488	9.10636875	10.1403587
9.7670395	10.2146961	11.3745329
8.7722325	9.17429256	10.2159966
6.94810556	7.26656012	8.09164825
6.58164287	6.88330119	7.66487194
7.64585163	7.99628625	8.90423162
