#?RADIANCE
genskyvec -m 1
NROWS=146
NCOLS=1
NCOMP=3
FORMAT=ascii

7.31709781	7.65246469	8.52137044
24.5159113	25.6395556	28.5508238
24.3762663	25.4935106	28.3881931
25.2902269	26.4493631	29.45258
27.5285588	28.790285	32.0593031
32.1683925	33.6427781	37.4627769
39.9173344	41.7468781	46.487065
51.0298556	53.3687206	59.42852
73.189805	76.5443362	85.2356325
102.691813	107.398526	119.593168
106.883761	111.782607	124.475075
110.099196	115.145411	128.219703
76.7250206	80.2415819	89.352685
54.9522912	57.4709369	63.9965256
41.7429106	43.6561262	48.6131006
33.0699931	34.5856987	38.5127644
28.5865656	29.8967831	33.2914412
25.7380406	26.9177	29.9740912
24.5633056	25.6891219	28.6060156
24.1224212	25.2280319	28.0925706
25.2974338	26.4568987	29.4609719
26.2817506	27.4863294	30.60729
26.8989481	28.1318156	31.3260681
27.2124263	28.4596638	31.6911406
28.8890337	30.2131131	33.64369
28.4866363	29.7922719	33.1750612
29.1768388	30.51411	33.9788619
28.111015	29.3994337	32.7376194
27.0971844	28.3391369	31.5569313
25.5931956	26.7662144	29.8054069
24.6558806	25.7859425	28.7138312
18.2460881	19.0823675	21.2490912
17.3717187	18.1679219	20.2308144
19.7457194	20.6507331	22.9955381
21.5786931	22.5677163	25.1301875
26.6339069	27.8546269	31.0174056
33.2577675	34.7820806	38.7314437
46.0173262	48.12645	53.5910144
69.4719494	72.6560781	80.9058769
109.779128	114.810658	127.846938
1411.32416274458	1418.19722574458	1436.00471974458
121.429557	126.995064	141.414837
78.3088981	81.8980587	91.1972388
53.2896762	55.7321181	62.0602738
36.578835	38.2553644	42.599105
27.7882106	29.0618356	32.3616887
22.2119581	23.2300038	25.8676756
21.2488	22.2227025	24.7459988
18.0808169	18.90952	21.0566181
17.6181169	18.4256119	20.5177656
17.0251087	17.8054244	19.8271575
17.734705	18.547545	20.6535444
18.8506713	19.7146581	21.9531762
18.2146019	19.0494369	21.2124225
20.3588531	21.2919675	23.7095825
20.9159362	21.87458	24.3583531
21.1316638	22.1001988	24.609585
19.5572775	20.4536531	22.7760806
19.3591344	20.2464262	22.545325
18.2514894	19.0880169	21.2553831
18.1847244	19.0181888	21.1776269
12.2158869	12.7757831	14.2264188
12.2382694	12.7991887	14.252485
13.7678994	14.3989269	16.0338669
18.1932431	19.0270987	21.1875487
25.2492569	26.4065125	29.4048638
40.3809831	42.2317781	47.0270225
70.40073	73.627425	81.9875181
2021.41793412525	2027.33060912525	2042.64986212525
1174.49279400202	1179.06607500202	1190.91506000202
54.9806381	57.5005812	64.0295381
33.8189325	35.3689669	39.3849663
21.8678894	22.8701662	25.46698
16.3739825	17.1244562	19.0688694
13.5031956	14.1220931	15.7255981
12.5044263	13.0775444	14.562445
12.2516444	12.8131781	14.2680613
11.9520406	12.4998425	13.9191469
12.996645	13.5923238	15.1356781
12.7946962	13.3811187	14.9004931
12.2358644	12.796675	14.249685
12.8595238	13.4489169	14.9759869
12.7624794	13.3474262	14.8629719
11.7813006	12.3212769	13.7203075
12.1190775	12.6745338	14.1136775
9.16851975	9.58874381	10.6775053
9.9090865	10.3632519	11.5399563
11.2373755	11.7524219	13.0868631
13.5185394	14.1381394	15.7434663
19.4704919	20.3628919	22.6750131
25.9126294	27.10029	30.1774163
41.4639244	43.3643525	48.2881956
57.1414362	59.7604169	66.54597
48.6214394	50.8499213	56.6237244
34.7079856	36.2987669	40.4203419
22.7686438	23.8122063	26.515985
15.6348569	16.3514537	18.208095
12.9198463	13.512005	15.0462381
10.7643032	11.2576644	12.5359275
9.71573019	10.1610351	11.3147775
9.04154094	9.45594487	10.5296269
8.85458163	9.26041613	10.311899
8.92531931	9.33439613	10.394279
9.21699706	9.6394425	10.7339612
9.20234863	9.624123	10.7169029
9.25373212	9.67785988	10.7767418
9.24774175	9.67159688	10.7697672
8.97753525	9.38900531	10.4550878
9.19009331	9.61130594	10.7026304
7.68237613	8.03448488	8.94676788
8.67260088	9.07009506	10.0999668
10.3125795	10.7852388	12.0098587
14.1505606	14.7991281	16.47951
19.6844606	20.586665	22.924195
25.76052	26.9412112	30.0002744
26.0524294	27.2464981	30.3402281
18.9257263	19.7931544	22.0405856
14.0411894	14.6847431	16.3521363
10.5419969	11.025172	12.2770356
8.60613031	9.00057787	10.0225573
7.84046769	8.19982238	9.13087856
7.437049	7.77791344	8.66106375
7.20994119	7.54039675	8.39657775
7.06728337	7.39120019	8.23044069
7.103167	7.42872863	8.27223019
7.25535769	7.58789463	8.44946894
7.34478687	7.68142269	8.55361681
7.148638	7.47628356	8.325185
8.21491688	8.59143381	9.56695581
11.0662913	11.5734956	12.8876181
14.8565081	15.5374306	17.3016425
14.333355	14.9902994	16.6923862
11.2879257	11.8052894	13.1457306
8.89541656	9.30312294	10.3594539
7.43005319	7.77059713	8.6529165
6.65013163	6.95492919	7.74463294
6.37124481	6.66326	7.41984569
6.40482012	6.698374	7.45894706
6.50333231	6.80140156	7.57367281
6.92076694	7.23796856	8.05981031
8.16722394	8.54155494	9.511414
8.92962431	9.3388985	10.3992922
8.04756581	8.41641213	9.37206156
6.59081131	6.89289	7.67554956
6.33202825	6.62224612	7.374175
7.19187062	7.52149775	8.375533
