#?RADIANCE
genskyvec -m 1
NROWS=146
NCOLS=1
NCOMP=3
FORMAT=ascii

10.0913544	10.553875	11.7522237
21.7422781	22.7387994	25.3206975
21.2621219	22.236635	24.7615144
21.0662012	22.0317344	24.5333481
21.1396256	22.108525	24.6188569
21.4346881	22.4171119	24.9624812
21.1840325	22.1549662	24.6705706
21.31302	22.2898656	24.8207881
21.1244712	22.0926737	24.6012081
21.6766969	22.6702119	25.2443213
21.2474069	22.2212456	24.7443769
21.9928537	23.00086	25.6125125
21.9463681	22.9522438	25.5583763
22.558805	23.59275	26.2716094
23.6837544	24.7692594	27.5817075
25.3682981	26.53101	29.5434969
29.9353169	31.3073537	34.8621731
31.8906881	33.3523419	37.139365
41.6019531	43.5087094	48.4489444
53.1653612	55.602105	61.9154969
55.740155	58.2949106	64.9140594
63.2580231	66.1573487	73.6692425
53.5399837	55.9938981	62.3517763
48.6745056	50.9054181	56.6855206
39.2878144	41.0885063	45.7539362
30.6604894	32.0657631	35.7066987
27.2004006	28.4470862	31.6771356
24.2658475	25.3780312	28.2596019
23.3834888	24.4552312	27.2320225
22.0861587	23.0984413	25.7211725
21.80896	22.8085381	25.3983525
19.4300731	20.3206169	22.62794
18.4772325	19.3241062	21.5182788
19.1147087	19.9907988	22.2606725
18.8489375	19.7128469	21.9511588
18.7643131	19.6243437	21.8526081
18.3141862	19.1535844	21.3283962
19.0030488	19.8740225	22.1306356
19.3351862	20.2213806	22.5174369
19.1965737	20.0764163	22.3560106
18.2135256	19.0483125	21.2111687
18.9333175	19.8010944	22.0494281
19.50293	20.3968119	22.7127875
21.0777531	22.0438163	24.5468019
22.6157419	23.6522969	26.3379188
25.0443975	26.1922644	29.16629
30.3481281	31.7390825	35.3429262
37.4361444	39.1519675	43.5975137
49.76324	52.0440544	57.9534431
67.5884631	70.686265	78.7124006
84.03646	87.8881269	97.8674669
88.4062225	92.4581738	102.956429
75.1401744	78.5840975	87.5069988
58.3560938	61.0307462	67.9605344
43.1180262	45.0942681	50.2145375
33.7727244	35.3206375	39.3311519
28.29831	29.5953137	32.9557438
23.8329844	24.9253281	27.7554969
21.6998869	22.694465	25.2713281
20.1881425	21.1134313	23.5107756
19.7147956	20.6183888	22.9595225
15.3778112	16.0826269	17.9087425
14.7474156	15.4233394	17.1745963
14.5495862	15.21644	16.9442063
15.0338331	15.7228837	17.5081531
14.9735656	15.6598531	17.4379656
15.0612875	15.7515962	17.5401263
15.1527231	15.8472238	17.64661
15.4748306	16.1840919	18.0217306
15.402605	16.1085581	17.9376194
16.6443413	17.4072075	19.3837225
18.1300094	18.9609675	21.1139081
22.1607788	23.17648	25.8080744
29.0316487	30.362265	33.8097756
41.4216163	43.3201056	48.2389256
65.6312138	68.6393081	76.4330231
100.240584	104.834946	116.738512
707.499302086256	712.858077086256	726.742152086256
82.9606594	86.7630225	96.6146087
50.1934575	52.4939894	58.4544675
34.3874287	35.9635175	40.0470294
25.0088187	26.1550544	29.1248531
20.3358112	21.2678675	23.6827469
17.1975437	17.9857644	20.0279731
16.1761319	16.9175363	18.8384544
13.296665	13.9060969	15.4850769
12.919125	13.5112513	15.0453994
12.5116769	13.08513	14.5708925
12.5158581	13.0895031	14.5757625
12.6418669	13.2212838	14.7225081
12.6270456	13.2057856	14.7052475
12.7339775	13.3176162	14.8297781
13.1860456	13.790405	15.3562506
13.7340756	14.3635556	15.9944775
14.8111125	15.4899556	17.2487775
16.8688313	17.641985	19.6451606
20.7410919	21.6917256	24.1547319
26.2419262	27.4446806	30.5609106
41.0715944	42.9540431	47.8312969
66.3419063	69.3825756	77.2606844
943.705729141784	948.458791141784	960.773578141784
2319.92547425168	2326.11591825168	2342.15481125168
88.8350013	92.9066113	103.455761
51.9777594	54.3600719	60.5324356
33.3596456	34.8886294	38.85009
23.9436538	25.0410694	27.8843819
18.4395462	19.2846913	21.47439
15.7156787	16.4359806	18.30222
14.4206806	15.0816288	16.794085
12.6942325	13.2760506	14.7834906
11.9117	12.4576525	13.8721688
11.5352763	12.0639762	13.4337894
11.51898	12.0469313	13.4148113
11.6573306	12.1916231	13.5759331
12.1223581	12.6779675	14.1174969
12.9671956	13.5615269	15.1013819
15.2036937	15.9005294	17.70597
18.4186081	19.2627937	21.450005
26.2599812	27.4635631	30.5819394
37.2195281	38.9254219	43.3452444
62.5060938	65.3709525	72.7935569
82.2960344	86.0679312	95.8405956
54.3587831	56.8502275	63.3053375
34.1385388	35.7032225	39.7571756
22.4919369	23.5228181	26.1937375
16.8037275	17.5738981	19.5693425
14.0563356	14.7005837	16.3697769
12.6841419	13.2654956	14.7717394
11.8428431	12.3856388	13.7919794
11.5281037	12.0564744	13.4254381
11.8958956	12.4411231	13.8537625
13.1953669	13.8001544	15.3671038
16.8282931	17.5995894	19.5979494
23.4515175	24.5263787	27.3112481
32.4178744	33.9036925	37.7533181
41.9374656	43.8595975	48.8396763
31.4346931	32.87545	36.6083225
20.3465625	21.2791125	23.6952688
15.1758887	15.8714494	17.6735888
14.2069975	14.85815	16.5452325
13.2358944	13.8425387	15.4143012
14.6103319	15.2799706	17.0149481
18.8888781	19.7546163	21.9976712
21.7182619	22.7136794	25.2927244
18.70155	19.5587019	21.7795131
16.0711231	16.8077175	18.7161638
