#?RADIANCE
genskyvec -m 1
NROWS=146
NCOLS=1
NCOMP=3
FORMAT=ascii

4.35612062	4.55577594	5.07306556
16.1951719	16.9374519	18.86063
15.70598	16.4258388	18.2909231
15.6347944	16.3513881	18.2080219
15.7741263	16.4971081	18.3702875
15.9866231	16.7193425	18.6177538
15.8252444	16.5505675	18.4298169
15.9802244	16.71265	18.6103031
15.6624587	16.3803206	18.24024
15.9927694	16.7257713	18.6249144
15.8934212	16.6218688	18.5092138
16.0390781	16.7742031	18.6788444
15.8639469	16.5910438	18.4748888
15.7795044	16.5027325	18.3765494
15.8226512	16.5478544	18.4267963
16.4036569	17.1554912	19.1034281
18.1056462	18.9354869	21.085535
19.6082263	20.506935	22.8354131
24.6508269	25.7806575	28.7079431
35.2647238	36.8810225	41.0687106
49.10659	51.3573069	57.1887187
80.1503844	83.8239425	93.3417988
96.6078181	101.035676	112.507857
97.8575694	102.342695	113.963309
67.5332831	70.6285525	78.6481394
40.9921925	42.8709988	47.7388269
29.5488638	30.9031863	34.4121162
22.6197181	23.6564562	26.3425494
19.4659138	20.3581013	22.6696787
17.2770862	18.0689512	20.1206081
16.4082881	17.160335	19.1088188
13.2638056	13.8717306	15.4468094
12.3747137	12.9418869	14.4113875
13.0053388	13.6014156	15.1458006
12.7915581	13.3778381	14.8968362
12.7974287	13.3839775	14.9036719
12.4248137	12.9942825	14.4697313
13.0748575	13.6741206	15.2267613
13.3428262	13.9543725	15.5388325
13.0954444	13.6956519	15.2507375
11.9886631	12.5381425	13.9617981
12.3330219	12.8982862	14.3628331
12.3534631	12.9196612	14.3866369
13.0338413	13.6312263	15.178995
13.1689506	13.7725275	15.33634
13.5405794	14.1611881	15.7691337
14.874495	15.5562419	17.32259
17.8648425	18.6836481	20.8050994
21.5176269	22.5038519	25.0590706
30.82757	32.2405006	35.9012775
45.2450969	47.3188294	52.6916875
73.6352038	77.0101444	85.7543356
1528.16552413366	1533.83719913366	1548.53203113366
898.939075163599	903.781057163599	916.326209163599
63.7098113	66.6298406	74.1953863
40.1262344	41.96535	46.7303456
28.3167431	29.6145925	32.9772075
20.0011344	20.9178519	23.2929894
16.4898631	17.2456481	19.2038194
14.3760087	15.0349081	16.7420606
13.6381856	14.2632687	15.8828037
9.85174481	10.3032828	11.4731794
9.37250381	9.8020765	10.9150631
9.26253019	9.68706287	10.7869887
9.682648	10.1264366	11.2762516
9.66321712	10.1061126	11.2536212
9.710582	10.1556506	11.3087824
9.69325556	10.1375306	11.2886056
9.74280488	10.1893507	11.3463091
9.36515912	9.79439469	10.9065094
9.67077619	10.1140204	11.262425
9.81296344	10.2627226	11.4280137
10.6065183	11.0926506	12.3521744
11.8346106	12.3770319	13.7823931
14.1971812	14.8478862	16.5338031
20.263595	21.1923412	23.5986456
32.019865	33.4874419	37.2898031
54.8954125	57.4114506	63.9302869
667.554435961563	671.433424661563	681.483534661563
53.9212944	56.3926856	62.795845
31.1562269	32.5842194	36.2840237
20.6096613	21.5542712	24.0016706
15.0343356	15.7234069	17.5087344
11.5674512	12.0976256	13.4712612
10.5670961	11.0514213	12.306265
8.17647894	8.55123387	9.52219194
7.96387962	8.32889056	9.27460212
7.71466494	8.06825362	8.98437044
7.75468956	8.11011256	9.03098263
7.85875244	8.21894487	9.15217231
7.81500431	8.17319175	9.10122406
7.75607275	8.11155912	9.03259331
7.85894825	8.21915006	9.15240075
7.81417181	8.17232112	9.10025475
7.97357844	8.33903381	9.28589731
8.19780944	8.57354212	9.5470325
8.6235105	9.01875456	10.0427974
9.54214006	9.9794885	11.1126163
11.9261788	12.4727938	13.8890294
15.7978381	16.521905	18.3979006
20.5414538	21.4829375	23.9222369
29.0806163	30.4134781	33.8668044
34.5704675	36.1549469	40.2601913
31.4632513	32.9053169	36.64158
22.6012794	23.6371706	26.321075
16.2132125	16.9563181	18.8816388
11.9913725	12.5409762	13.9649531
9.88198144	10.3349064	11.5083919
8.99107962	9.40317031	10.4708629
7.40053875	7.73972981	8.61854437
7.04106344	7.36377862	8.19990562
6.83566812	7.14896944	7.96070537
6.86427813	7.17889063	7.99402419
6.8712365	7.18616787	8.00212787
6.85091288	7.16491281	7.97845931
6.96011594	7.27912087	8.10563531
7.24028469	7.57213081	8.43191506
7.62834469	7.97797675	8.88384363
8.69796262	9.09661919	10.1295028
10.0280586	10.4876772	11.6785113
13.4752819	14.0928981	15.6930888
17.5578194	18.36255	20.4475431
18.5565225	19.40703	21.6106181
15.418175	16.1248388	17.95575
11.843125	12.3859344	13.7923075
9.54047388	9.97774494	11.1106773
8.10158056	8.47290275	9.43496625
6.94651006	7.26489144	8.08979
6.52228069	6.82121831	7.59573969
6.41423937	6.70822512	7.46991662
6.44942187	6.74502	7.51088956
6.53887313	6.83857131	7.615063
6.98362856	7.30371144	8.13301788
7.88282181	8.24411769	9.18020381
9.20443481	9.6263035	10.7193312
11.4302669	11.9541544	13.3115006
11.2101762	11.7239768	13.0551844
9.5405895	9.97786631	11.1108114
7.72750962	8.08168706	8.99932931
6.86001044	7.17442725	7.98905406
6.46898525	6.76548031	7.53367288
6.57813919	6.87963706	7.66079156
7.19714238	7.52701106	8.38167244
7.98315025	8.34904412	9.29704369
7.87350663	8.23437525	9.16935487
6.91819044	7.235274	8.05680969
