#?RADIANCE
genskyvec -m 1
NROWS=146
NCOLS=1
NCOMP=3
FORMAT=ascii

4.5028945	4.70927694	5.243996
20.2947019	21.2248756	23.6348712
20.7722694	21.7243319	24.1910412
21.8428725	22.8440037	25.4378475
24.2305388	25.3411044	28.2184812
29.5494906	30.9038419	34.4128469
39.08452	40.8758931	45.5171825
53.8395544	56.3071988	62.70065
87.2187975	91.2163338	101.57357
133.045682	139.143614	154.9428
120.069383	125.572554	139.830827
100.532273	105.140002	117.078221
59.9299119	62.6766981	69.79338
40.4740781	42.32914	47.1354412
30.6876288	32.0941425	35.7383031
24.9617544	26.105835	29.0700456
22.530885	23.5635506	26.2390956
20.6362256	21.5820512	24.0326056
20.2950587	21.2252488	23.6352869
19.9146038	20.8273562	23.1922181
20.1874919	21.1127519	23.5100181
20.5909319	21.5346819	23.9798575
20.1878256	21.1130994	23.5104069
20.0971094	21.0182256	23.4047581
20.6772731	21.6249825	24.0804094
19.9637312	20.878735	23.2494281
20.5577294	21.4999575	23.94119
20.0319088	20.9500369	23.3288281
20.1968162	21.1225044	23.5208775
19.6327475	20.5325819	22.86397
19.8516338	20.7614987	23.1188806
16.66968	17.433705	19.4132319
16.427825	17.1807662	19.1315719
18.54626	19.3962962	21.598665
20.5903106	21.5340331	23.9791356
26.1632025	27.3623494	30.4692312
34.3231081	35.8962506	39.9721219
50.0333394	52.3265331	58.2679956
82.2457213	86.0153175	95.782005
1031.77326328253	1038.47011228253	1055.82105028253
1462.47545517769	1469.51946217769	1487.76986217769
93.360025	97.6390244	108.725547
56.5867325	59.1802881	65.8999694
38.4898263	40.2539419	44.8246113
27.250625	28.4996125	31.7356244
21.7058988	22.7007506	25.27833
18.4638587	19.3101181	21.5027037
18.1874713	19.0210656	21.1808281
16.2467725	16.9914194	18.9207244
15.9740856	16.7062319	18.603155
15.4502919	16.1584281	17.9931537
15.6807381	16.3994388	18.2615275
16.0731369	16.8098206	18.7185062
15.4093669	16.1156281	17.9454944
16.43348	17.1866806	19.1381581
16.6565625	17.4199869	19.3979556
16.7962481	17.5660744	19.5606313
16.0688869	16.8053763	18.7135575
16.2265837	16.9703012	18.8972087
15.9039756	16.6329075	18.521505
16.2291025	16.972935	18.9001431
12.4894019	13.0618306	14.5449487
12.7011244	13.2832594	14.7915181
14.2297313	14.8819275	16.5717094
18.618155	19.4714881	21.6823956
26.3848075	27.5941106	30.7273075
43.0521613	45.0253837	50.1378312
71.4283894	74.7021862	83.1843175
611.500624111278	615.833614711278	627.060006211278
62.0333963	64.8765906	72.2430594
37.64117	39.3663888	43.8362806
24.9303844	26.0730256	29.0335112
17.6695462	18.4793981	20.5776594
14.4355425	15.0971725	16.811395
12.8060594	13.3930012	14.9137206
12.32818	12.8932206	14.3571931
12.1813556	12.7396675	14.186205
11.8557431	12.3991325	13.8070019
12.38464	12.9522694	14.4229456
12.0824494	12.6362281	14.0710188
11.6765869	12.2117637	13.5983588
12.0579825	12.6106381	14.0425237
12.0991575	12.6537012	14.0904781
11.6885544	12.2242806	13.6122975
12.120915	12.6764556	14.1158163
10.2565014	10.7265906	11.9445513
10.9616156	11.4640225	12.7657163
12.2732769	12.8358044	14.2932569
14.4873575	15.1513619	16.8717363
20.2902294	21.2201963	23.6296619
26.2239656	27.4258963	30.539995
36.8183688	38.5058769	42.87806
42.6298263	44.5836931	49.6459894
33.50574	35.0414194	39.0202269
25.1629994	26.3163025	29.3044094
18.0276169	18.8538813	20.9946638
13.6924056	14.3199738	15.9459475
12.0744419	12.6278537	14.0616944
10.8610156	11.3588119	12.6485594
10.2980381	10.7700311	11.9929219
9.88587894	10.33898	11.5129294
9.75525006	10.2023646	11.3608019
9.75814931	10.2053981	11.3641781
9.88442725	10.3374611	11.5112406
9.84357488	10.2947386	11.463665
9.88337631	10.3363633	11.5100163
9.94366138	10.399412	11.5802225
9.86544794	10.3176144	11.4891369
10.1221799	10.5861129	11.7881238
9.14683956	9.56606925	10.6522581
10.0472401	10.5077384	11.7008488
11.5419569	12.0709619	13.4415706
14.9406894	15.6254713	17.3996787
19.2421162	20.124045	22.40905
22.0684713	23.0799431	25.7005756
20.9599294	21.9205919	24.4095837
15.890955	16.6192912	18.5063431
12.7630506	13.3480225	14.8636369
10.5688812	11.0532869	12.3083431
9.3926975	9.82319594	10.9385787
8.97480806	9.38615337	10.4519131
8.74977494	9.15080613	10.1898431
8.58999019	8.98369781	10.0037598
8.48627506	8.87522912	9.88297556
8.52370813	8.91437781	9.92656894
8.67043638	9.06783088	10.0974469
8.80683462	9.21048075	10.2562923
8.74254006	9.14323944	10.1814159
9.64852381	10.0907472	11.2365106
11.9839444	12.5332075	13.9563012
14.5445725	15.2111981	16.9383663
13.6257025	14.2502113	15.8682669
11.2192094	11.7334225	13.0657044
9.57665006	10.0155808	11.1528075
8.63949112	9.03546731	10.0614094
8.17113062	8.54564069	9.51596325
8.00780994	8.37483425	9.32576244
8.06236162	8.43188606	9.38929238
8.18169387	8.556688	9.52826494
8.51403125	8.9042575	9.91529956
9.45950394	9.89306344	11.0163806
9.87540663	10.3280289	11.500735
9.12408219	9.54226906	10.6257536
8.14605375	8.51941438	9.48675913
8.00832069	8.37536844	9.32635737
8.63335044	9.02904544	10.0542564
