#?RADIANCE
genskyvec -m 1
NROWS=146
NCOLS=1
NCOMP=3
FORMAT=ascii

1.44669175	1.51299844	1.68479313
11.1556327	11.6669326	12.9916644
11.7001696	12.2364253	13.6258211
12.6610279	13.2413241	14.7448229
14.7779856	15.45531	17.2101969
19.6277256	20.52733	22.858125
27.2157781	28.4631662	31.6950419
38.0302506	39.7733025	44.2893969
62.5357787	65.402	72.8281281
331.45871366972	335.74731306972	346.85868956972
126.55077648522	129.32277148522	136.50477088522
43.893195	45.9049637	51.1172856
27.0531244	28.2930575	31.5056181
19.4136737	20.3034681	22.6088444
15.6189688	16.3348381	18.1895919
12.8017451	13.3884918	14.9087
11.9427692	12.4901448	13.9083506
10.4675772	10.9473412	12.1903674
10.8356105	11.3322424	12.6189734
10.8047062	11.2999229	12.5829825
10.6244283	11.1113819	12.3730345
11.35515	11.8755931	13.2240181
10.949131	11.4509668	12.7511779
11.3081658	11.8264569	13.1693014
11.4231621	11.946725	13.303225
10.7859047	11.2802593	12.5610869
11.0183999	11.5234104	12.831845
10.5380271	11.0210199	12.2724114
10.9009121	11.4005374	12.6950223
10.5164468	10.9984509	12.2472786
10.8469249	11.3440751	12.6321475
11.3018944	11.8198988	13.1620013
11.7237112	12.2610475	13.6532387
13.3020469	13.9117238	15.4913431
15.5491319	16.2618006	18.1082613
20.3798588	21.3139362	23.7340431
26.7608087	27.9873456	31.1651944
37.3435925	39.055175	43.4897294
55.8003769	58.3578931	64.9841925
154.440525971392	157.826485971392	166.599225971392
52.81738	55.2381756	61.5102438
38.8920994	40.6746531	45.2930925
27.4828863	28.7425181	32.0061131
20.8668963	21.8232944	24.3012394
16.1146125	16.8531981	18.7668094
13.6197	14.243935	15.861275
11.9898675	12.5394038	13.9632012
11.6060006	12.1379431	13.5161575
10.767403	11.2609094	12.5395394
10.6837499	11.1734212	12.4421188
10.5830476	11.0681019	12.3248406
10.7492271	11.2418988	12.51837
11.0204075	11.5255094	12.8341837
10.8465375	11.34367	12.6316981
11.2223456	11.7367025	13.0693563
11.3234212	11.8424119	13.1870681
11.28623	11.8035144	13.1437556
10.9067187	11.4066094	12.7017831
10.8442171	11.3412419	12.6289944
10.7084969	11.1993025	12.4709388
10.9203581	11.4208756	12.7176681
9.37829094	9.80812894	10.9218026
9.74451913	10.1911432	11.3483069
11.2040331	11.7175506	13.0480306
14.8291231	15.5087906	17.2697519
20.1331081	21.0558763	23.446685
28.6177631	29.9294106	33.3277725
36.4054612	38.0740431	42.3971944
36.1637613	37.8212669	42.1157162
26.3699906	27.5786144	30.7100531
19.2763456	20.1598444	22.4489144
14.6895338	15.3628025	17.1071863
11.6263611	12.1592338	13.5398662
10.0108369	10.4696652	11.6584531
9.12251187	9.540627	10.6239246
8.91116563	9.31959412	10.3777968
8.90960506	9.31796106	10.3759783
8.80773044	9.21141825	10.2573368
9.22236756	9.64505894	10.7402151
9.06791762	9.48353031	10.5603467
8.77969706	9.1820995	10.2246892
8.97861806	9.39013844	10.4563497
8.9516015	9.36188219	10.4248858
8.64433706	9.04053569	10.0670516
8.93374138	9.34320419	10.404087
7.71350469	8.06704	8.98301956
8.34745031	8.73004137	9.72130144
9.40541669	9.83649825	10.9533928
11.0033236	11.5076416	12.8142881
14.4325931	15.0940875	16.8079581
16.9612681	17.7386588	19.7528113
19.5087556	20.4029075	22.7195737
20.0213113	20.9389537	23.3164881
16.343225	17.0922894	19.0330488
13.5835094	14.2060869	15.81913
10.9039124	11.4036751	12.6985144
9.006438	9.41923294	10.4887471
8.3070485	8.68778769	9.67425031
7.75197538	8.10727394	9.02782162
7.48656469	7.82969875	8.71872906
7.26090337	7.59369463	8.45592769
7.24705812	7.57921487	8.43980356
7.30796712	7.64291538	8.510737
7.44371094	7.78488081	8.66882231
7.40838025	7.74793062	8.62767644
7.41572269	7.75560994	8.63622744
7.42348125	7.763724	8.64526281
7.34183369	7.67833419	8.55017775
7.55817437	7.90459031	8.80212438
6.70326944	7.01050238	7.80651631
7.38988887	7.72859219	8.60614206
8.3160695	8.69722244	9.684756
10.1865367	10.6534208	11.8630712
11.8493874	12.3924863	13.7996
12.1396369	12.6960375	14.13762
11.4011875	11.92374	13.2776325
9.42345262	9.85536019	10.9743956
8.12896738	8.50154481	9.46686069
7.17504137	7.50389706	8.35593394
6.54560906	6.84561612	7.62290781
6.41647313	6.71056131	7.47251813
6.35282088	6.6439915	7.39838963
6.28290444	6.57087069	7.316966
6.20234369	6.48661756	7.2231465
6.23062575	6.516196	7.25608313
6.34014956	6.63073975	7.38363294
6.43507081	6.73001131	7.49417656
6.20752544	6.49203688	7.22918106
6.70076319	7.00788125	7.80359769
7.92268319	8.28580581	9.22662512
8.86767919	9.27411437	10.3271521
8.2077225	8.58390956	9.55857706
7.10171925	7.4272145	8.27054419
6.38539544	6.67805912	7.4363255
5.93573881	6.20779337	6.91266294
5.74573038	6.00907606	6.69138213
5.66939075	5.92923731	6.60247819
5.74943913	6.01295481	6.69570131
5.793465	6.0589985	6.74697319
5.82695819	6.09402712	6.78597875
6.27738638	6.56509975	7.31053975
6.39021131	6.68309575	7.44193394
6.0161765	6.29191756	7.00633925
5.5413485	5.79532662	6.45336231
5.518646	5.77158394	6.42692356
5.77271131	6.03729394	6.72280394
