#?RADIANCE
genskyvec -m 1
NROWS=146
NCOLS=1
NCOMP=3
FORMAT=ascii

11.8808456	12.4253837	13.8362356
29.5141769	30.8669081	34.3717206
29.2261963	30.5657281	34.0363406
29.8650587	31.2338738	34.7803531
31.4660394	32.9082338	36.6448281
34.604695	36.1907412	40.3000525
39.9941994	41.8272663	46.5765806
47.5815131	49.7623294	55.4126381
61.4948619	64.313375	71.615895
80.1919012	83.8673594	93.39016
88.1259325	92.16504	102.629992
100.364443	104.964491	116.882775
83.24677	87.0622388	96.9478069
66.32337	69.3631894	77.2390944
52.9529494	55.3799575	61.668125
42.5349131	44.4844294	49.5354538
36.5889325	38.2659231	42.6108619
32.7442638	34.24504	38.1334256
30.4822762	31.8793819	35.4991531
29.0941381	30.4276188	33.8825513
30.0000194	31.3750194	34.937525
30.242725	31.6288475	35.2201744
30.7653412	32.1754175	35.8288056
30.708585	32.1160606	35.7627075
32.5308775	34.0218744	37.8849194
32.4904387	33.9795825	37.837825
33.4628012	34.9965119	38.9702231
32.8054019	34.3089825	38.2046256
31.8049244	33.2626475	37.0394856
30.5380138	31.9376725	35.5640644
29.6143094	30.97163	34.4883313
21.4226962	22.4045687	24.9485162
20.2240969	21.1510337	23.5526481
22.5859556	23.6211419	26.3032269
23.8582856	24.95179	27.7849638
27.8416181	29.1176925	32.4238856
32.7209769	34.2206875	38.1063069
42.2204475	44.15555	49.1692319
57.9688931	60.6258	67.5096113
82.5601237	86.3441269	96.1481462
109.495498	114.514019	127.516619
116.738469	122.088956	135.951669
95.1310413	99.4912113	110.788034
69.6904637	72.8846056	81.1603531
49.2974744	51.5569406	57.4110194
37.34828	39.0600769	43.4951869
29.1307269	30.4658831	33.9251587
27.0297875	28.2686506	31.4784412
22.4666813	23.4964056	26.1643256
21.2201344	22.1927231	24.712615
20.0213738	20.9390181	23.3165588
20.36905	21.3026325	23.7214575
21.2212194	22.1938581	24.7138794
20.3095913	21.2404469	23.6522106
22.5664625	23.6007594	26.2805288
23.2242825	24.2887275	27.0466131
23.6284044	24.7113719	27.5172481
22.1543469	23.1697556	25.800585
22.2353988	23.2545212	25.8949775
21.2201225	22.19271	24.7126025
21.3047512	22.2812175	24.8111606
14.4431631	15.1051406	16.8202669
14.3918488	15.051475	16.7605087
15.8275894	16.5530187	18.4325469
19.9261481	20.8394313	23.2056631
26.093005	27.2889344	30.3874813
38.7886669	40.5664775	45.1726356
62.9493844	65.8345606	73.3098056
1413.74313909648	1418.75329609648	1431.73423709648
2459.63838103883	2466.13408103883	2482.96385003883
86.5520406	90.5189988	100.797056
51.9908069	54.3737169	60.5476313
31.6921194	33.144675	36.9081162
22.5767419	23.6115069	26.2924975
17.8715625	18.6906738	20.8129225
15.7800144	16.503265	18.3771425
14.8808363	15.5628738	17.3299744
14.06603	14.7107212	16.3810631
14.9132256	15.5967469	17.3676944
14.5380525	15.2043788	16.9307762
13.9437906	14.5828812	16.2387075
14.6776456	15.3503706	17.0933431
14.7078256	15.3819337	17.1284906
13.8133631	14.4464731	16.0868131
14.3107363	14.9666438	16.6660456
11.1096194	11.61881	12.9380788
11.9265025	12.4731337	13.8894069
13.3565869	13.9687631	15.5548581
15.7494337	16.4712837	18.3415294
22.0659712	23.0773275	25.6976637
29.151315	30.4874156	33.949135
49.215695	51.4714131	57.3157825
79.5808606	83.2283175	92.6785531
2288.58873333424	2292.77554523424	2303.62321893424
63.5148825	66.4259781	73.9683744
38.6109713	40.3806394	44.9656963
24.5708725	25.6970363	28.6148306
19.1160312	19.9921819	22.2622119
14.8553319	15.5362	17.3002731
12.7762463	13.3618219	14.8790031
11.5407763	12.0697281	13.4401963
10.9334975	11.4346156	12.7329694
10.7571906	11.2502281	12.5276463
10.8969646	11.3964075	12.6904244
10.8324708	11.3289575	12.6153138
10.9046499	11.4044469	12.699375
10.9753901	11.4784294	12.7817569
10.7743858	11.2682113	12.5476713
11.0696963	11.5770581	12.8915844
9.61099256	10.0514963	11.1928031
10.8267087	11.3229306	12.608605
12.9388537	13.5318831	15.0683737
17.8269044	18.6439712	20.7609169
25.8715175	27.0572956	30.1295413
40.08124	41.9182962	46.6779475
46.1458656	48.2608825	53.7407081
33.5195794	35.0558919	39.036345
23.265175	24.3314963	27.0942362
16.0019706	16.7353925	18.63563
12.338865	12.9043963	14.3696381
10.5802076	11.0651319	12.3215312
9.60185025	10.0419344	11.1821563
9.04481481	9.45936869	10.5334406
8.789373	9.19221869	10.2359567
8.78501344	9.18765956	10.2308807
8.97169475	9.38289725	10.4482876
9.14836094	9.56766056	10.6540288
9.28963962	9.71541469	10.8185613
10.9406225	11.4420675	12.7412681
15.2241019	15.9218725	17.7297356
22.3975831	23.4241375	26.0838525
23.454495	24.5294925	27.3147156
18.4501444	19.295775	21.4867319
13.6047225	14.2282681	15.84383
10.6673339	11.1562525	12.4229994
8.98690506	9.39880463	10.4660001
8.36385612	8.74719925	9.74040756
8.22758056	8.60467775	9.581704
8.44994413	8.83723281	9.84066444
9.48568069	9.92044075	11.0468669
11.7107594	12.2475019	13.638155
13.5495012	14.1705188	15.7795231
12.1476963	12.704465	14.147005
9.28983494	9.71561894	10.8187875
8.62715075	9.02256163	10.047037
10.3409826	10.8149439	12.042935
