#?RADIANCE
genskyvec -m 1
NROWS=146
NCOLS=1
NCOMP=3
FORMAT=ascii

1.51182469	1.58111656	1.76064587
12.0647019	12.6176663	14.05035
12.5974837	13.1748677	14.67082
13.5740796	14.1962251	15.8081494
15.7618569	16.4842769	18.3559969
20.77321	21.7253144	24.1921369
28.5813706	29.8913487	33.28539
39.7583344	41.58059	46.3018969
65.2148338	68.203845	75.9481144
342.925403873502	347.486282273502	359.303084273501
158.221636325066	161.225463125066	169.008110625066
47.9513437	50.1491113	55.8433369
29.4977056	30.8496837	34.3525381
21.144535	22.1136581	24.6245737
16.9780481	17.7562087	19.7723519
13.9111988	14.5487938	16.2007512
12.9628826	13.5570137	15.0963569
11.3783717	11.8998786	13.251063
11.7619126	12.3009982	13.6977269
11.7313111	12.2689961	13.6620888
11.5702189	12.1005208	13.4744854
12.3661456	12.9329275	14.4014069
11.9446914	12.4921552	13.9105901
12.3285511	12.8936087	14.3576275
12.4771844	13.0490556	14.5307206
11.7843973	12.3245149	13.7239131
12.0423892	12.5943325	14.0243669
11.5068586	12.0342554	13.4006952
11.8732293	12.4174164	13.827365
11.4308793	11.9547942	13.3122113
11.7527579	12.2914263	13.6870662
11.9886963	12.5381788	13.9618375
12.3474669	12.9133913	14.3796556
14.0176687	14.6601444	16.3247431
16.2968881	17.0438281	18.9790838
21.2513944	22.2254175	24.7490212
27.8025781	29.0768619	32.3784181
38.9067244	40.6899469	45.3101238
58.66782	61.3567594	68.3235669
201.306823728874	205.014799328874	214.621874328874
57.6187525	60.2596087	67.1018406
42.1348663	44.0660475	49.0695663
29.5757981	30.9313544	34.4434837
22.4121019	23.4393212	26.1007613
17.2385306	18.02863	20.0757056
14.5191563	15.1846188	16.9087675
12.7562081	13.3408681	14.8556694
12.3988144	12.9670938	14.4394544
11.4410538	11.9654337	13.3240606
11.3604244	11.8811094	13.2301606
11.2359944	11.7509744	13.0852525
11.4361075	11.9602619	13.3182994
11.7565094	12.2953469	13.691435
11.5372738	12.066065	13.4361162
12.0047306	12.5549475	13.9805106
12.1273537	12.6831913	14.123315
12.0944225	12.64875	14.0849625
11.6399037	12.1733969	13.5556369
11.5711725	12.1015169	13.4755944
11.3885544	11.9105275	13.2629213
11.6049362	12.1368287	13.5149144
9.70855881	10.1535342	11.3064262
10.044164	10.5045215	11.6972656
11.5177669	12.045665	13.4134
15.2517706	15.9508094	17.7619588
20.7190075	21.6686256	24.1290113
29.6966288	31.0577225	34.5842006
38.4340325	40.19559	44.759635
38.7190056	40.4936263	45.0915119
28.0324225	29.3172388	32.6460906
20.3720725	21.3057912	23.7249756
15.4340331	16.1414269	17.9742181
12.1683919	12.7261094	14.1711062
10.4399839	10.9184829	12.15823
9.48227831	9.91688313	11.0429044
9.26825044	9.69304469	10.7936499
9.27469969	9.69978913	10.8011604
9.15940413	9.57920975	10.6668894
9.63148462	10.0729266	11.2166666
9.45583338	9.88922531	11.0121061
9.1305675	9.5490515	10.6333066
9.361655	9.79073125	10.9024274
9.33040625	9.75804925	10.8660361
8.97016394	9.38129638	10.4465051
9.27667869	9.70185912	10.8034656
7.85535775	8.21539481	9.14821888
8.49475888	8.88410156	9.89285537
9.55081488	9.98856031	11.1227218
11.1832466	11.6958125	13.023825
14.7268656	15.4018456	17.1506631
17.392075	18.1892125	20.2545238
20.2166131	21.1432056	23.5439312
20.9050581	21.863205	24.3456806
17.0278687	17.8083125	19.8303719
14.1041319	14.7505694	16.4254363
11.2611931	11.7773312	13.1146
9.24963531	9.67357669	10.7719727
8.51966625	8.910151	9.92186156
7.94166569	8.3056585	9.24873219
7.66393888	8.01520231	8.92529594
7.41964369	7.75971037	8.64079381
7.40664606	7.74611744	8.62565713
7.47486925	7.81746738	8.70510862
7.62652538	7.97607419	8.88172463
7.58846613	7.93627075	8.83740175
7.59738925	7.94560275	8.84779338
7.60393463	7.95244781	8.855416
7.50356531	7.84747844	8.73852756
7.725305	8.07938106	8.99676181
6.75173238	7.06118669	7.86295544
7.44234994	7.78345744	8.66723712
8.37609287	8.75999675	9.75465925
10.3033193	10.7755551	11.9990738
12.0545899	12.6070913	14.0385756
12.4179644	12.98712	14.4617531
11.6821425	12.2175744	13.6048294
9.62586356	10.0670482	11.2101213
8.27106638	8.65015662	9.63234656
7.27728644	7.61082831	8.47500681
6.61202713	6.91507819	7.70025687
6.48447494	6.78167981	7.55171181
6.4201025	6.71435688	7.47674463
6.3451035	6.63592069	7.38940219
6.25721506	6.54400394	7.28704875
6.28671994	6.57486106	7.32140956
6.40069675	6.69406181	7.45414525
6.48944087	6.78687344	7.55749506
6.20955725	6.49416188	7.23154712
6.70101062	7.00814006	7.80388562
7.95633031	8.32099506	9.26581038
8.95398775	9.36437906	10.4276653
8.2866295	8.66643306	9.65047038
7.15160119	7.47938269	8.32863613
6.414631	6.70863487	7.47037275
5.94793675	6.2205505	6.92686844
5.75307988	6.01676262	6.69994119
5.67161556	5.93156456	6.60506931
5.75620725	6.02003319	6.70358356
5.78988513	6.05525462	6.74280412
5.80167681	6.06758694	6.75653644
6.25951056	6.54640456	7.28972213
6.38329887	6.6758665	7.43388369
6.00733056	6.28266637	6.99603762
5.51603	5.76884794	6.42387675
5.49290294	5.74466081	6.39694356
5.74465419	6.00795069	6.69012906
