#?RADIANCE
genskyvec -m 1
NROWS=146
NCOLS=1
NCOMP=3
FORMAT=ascii

10.256095	10.726165	11.9440769
24.9205331	26.0627237	29.0220381
24.7455187	25.8796862	28.8182181
24.6749569	25.8058913	28.736045
24.8409938	25.9795381	28.9294075
25.1654369	26.3188525	29.3072487
24.7274038	25.8607425	28.7971231
24.7356506	25.8693669	28.8067275
24.3883981	25.5062006	28.402325
25.0949637	26.2451481	29.2251775
24.5341556	25.6586388	28.5720719
26.0017487	27.1934944	30.2812044
26.46618	27.6792106	30.8220744
28.2789631	29.5750819	32.9332119
31.0969456	32.52222	36.2149856
34.1217363	35.6856494	39.7376081
41.2543012	43.1451225	48.0440744
41.5445925	43.4487181	48.3821419
50.8774688	53.2093487	59.2510531
54.7074469	57.2148688	63.7113838
50.4248325	52.7359694	58.7239231
50.51729	52.8326656	58.8315975
42.2362525	44.1720806	49.1876406
38.9218581	40.7057762	45.32775
33.9368631	35.4923019	39.5223081
28.8239775	30.1450762	33.5679256
27.2404437	28.4889631	31.7237688
25.3662194	26.5288375	29.5410781
25.2841262	26.4429838	29.4454744
24.4197662	25.5390037	28.4388531
24.650975	25.78081	28.7081144
22.2912937	23.3129775	25.9600688
21.4203994	22.4021675	24.9458406
22.3122688	23.3349162	25.9844994
22.0726488	23.0843106	25.70544
21.9928713	23.0008769	25.6125325
21.4572256	22.44068	24.9887287
22.2258038	23.2444863	25.8838037
22.6269463	23.6640125	26.350965
22.6792156	23.7186794	26.4118375
22.2039969	23.2216794	25.8584069
23.7714544	24.8609806	27.6838419
25.6682062	26.844665	29.8927662
28.9686975	30.2964281	33.7364631
33.3473462	34.8757662	38.8357656
38.9193856	40.7031913	45.3248694
48.1907794	50.3995231	56.1221794
55.7721756	58.3284	64.9513513
67.8728587	70.9836956	79.043605
73.2972319	76.6566875	85.3607406
72.4048344	75.7233887	84.3214694
63.9868238	66.9195519	74.5179919
52.5909288	55.0013456	61.2465231
43.1149506	45.0910525	50.2109563
35.6665369	37.3012512	41.5366575
30.7714662	32.181825	35.8359394
27.7128256	28.9829962	32.2738975
24.8408669	25.9794056	28.9292594
23.5260525	24.6043294	27.3980488
22.466105	23.4958006	26.1636538
22.3035488	23.3257938	25.9743437
17.9420869	18.7644313	20.8950562
17.3711763	18.1673538	20.2301825
17.2448063	18.0351931	20.083015
17.8358375	18.6533137	20.77132
17.8609869	18.6796144	20.8006094
18.1369562	18.9682319	21.1219975
18.6265162	19.4802306	21.69213
19.7171131	20.6208137	22.9622219
20.9267131	21.8858531	24.3709019
24.4494	25.5699981	28.4733669
29.2580062	30.5989956	34.0733869
39.4231531	41.2300469	45.9115488
54.4469688	56.9424544	63.4080375
74.8053788	78.2339563	87.1171044
93.0819356	97.34819	108.401674
93.3221219	97.5993694	108.68139
73.8356125	77.2197425	85.9877294
55.0614994	57.5851494	64.1237087
39.2892925	41.09005	45.7556575
30.9305438	32.3481925	36.0211975
25.0660475	26.2149069	29.1915012
21.8371044	22.83797	25.4311281
19.42223	20.3124125	22.6188044
18.6009887	19.4535331	21.6624012
16.1760969	16.9175	18.8384131
15.7745337	16.4975331	18.3707581
15.4490056	16.1570825	17.991655
15.4965675	16.206825	18.0470438
15.8253594	16.5506881	18.4299506
16.0875294	16.824875	18.7352713
16.9484975	17.7253025	19.7379381
18.4720506	19.3186862	21.5122419
21.0117519	21.9747894	24.4699375
24.6829831	25.8142862	28.7453938
31.753335	33.2086956	36.9794069
44.5712356	46.6140825	51.9069219
59.4887763	62.2153425	69.2796388
93.4428356	97.7256231	108.821976
531.581236090478	537.609405090479	553.227880090478
564.04262957353	570.48087357353	587.16177357353
99.9206013	104.500284	116.365854
66.76384	69.8238463	77.7520594
44.1749744	46.1996594	51.4454425
32.0931756	33.5641106	37.3751788
25.2914019	26.4505906	29.4539475
20.9018031	21.8597994	24.3418925
18.5338119	19.3832781	21.5841694
17.2056587	17.9942531	20.0374244
16.5024281	17.2587881	19.2184531
15.5761194	16.2900225	18.1396881
15.3738206	16.0784531	17.9040962
15.5480975	16.2607175	18.107055
16.3378381	17.0866556	19.026775
18.6583488	19.5135206	21.7292019
21.8542175	22.8558694	25.4510594
29.962195	31.3354638	34.8934737
41.2916231	43.1841544	48.0875381
67.4114731	70.5011638	78.5062825
104.266349	109.045208	121.42686
1290.78601110618	1298.08347410617	1316.99057410618
111.993425	117.126458	130.425699
59.9699019	62.7185212	69.8399512
39.1107356	40.9033113	45.5477163
27.1704138	28.4157225	31.6422119
20.9682125	21.929255	24.4192331
18.0407169	18.8675831	21.00992
17.9344244	18.7564181	20.8861325
17.4007469	18.19828	20.26462
17.4027894	18.2004156	20.2669994
19.2385475	20.1203144	22.4048925
24.4168112	25.5359125	28.4354131
37.3862563	39.0997919	43.5394131
59.700135	62.4363906	69.525785
82.5741025	86.3587388	96.1644225
79.0907969	82.7157931	92.1078394
46.96382	49.1163281	54.6932863
28.0154613	29.2995025	32.6263406
21.7261313	22.7219113	25.3018906
23.0697662	24.12713	26.8666669
22.7957419	23.8405469	26.5475425
28.3105725	29.60814	32.9700219
41.3710337	43.267205	48.1800175
41.9506819	43.8734188	48.8550656
31.3367894	32.7730587	36.4943063
29.9680537	31.3415894	34.9002994
