#?RADIANCE
genskyvec -m 1
NROWS=146
NCOLS=1
NCOMP=3
FORMAT=ascii

22.3981406	23.4247219	26.0845025
36.1200663	37.7755694	42.0648306
35.8217413	37.4635712	41.717405
35.9806263	37.6297369	41.9024375
36.5213194	38.1952112	42.5321231
37.4006725	39.1148681	43.5562025
39.3109937	41.1127469	45.7809306
42.3576838	44.2990769	49.3290537
47.31326	49.4817831	55.1002369
54.6563963	57.1614788	63.6519306
59.8350588	62.577495	69.6829162
69.9959775	73.2041269	81.5161531
70.5026862	73.7340581	82.1062587
68.6729188	71.820425	79.9753406
64.0595825	66.9956437	74.6027287
55.7339825	58.2884544	64.9068694
50.18911	52.4894425	58.4494025
44.3796612	46.4137281	51.6838162
41.1731456	43.0602469	47.94956
37.8899844	39.6266075	44.1260469
37.3935744	39.1074444	43.5479344
36.4032988	38.0717831	42.3946788
36.1014663	37.7561175	42.0431694
35.4537244	37.0786869	41.2888188
36.6280738	38.3068594	42.6564456
36.7105013	38.393065	42.75244
37.7233725	39.4523581	43.9320113
37.6403044	39.3654831	43.8352719
37.1627044	38.8659937	43.2790687
36.5442713	38.2192138	42.5588488
36.0422212	37.694155	41.9741744
27.6676344	28.9357325	32.2212669
26.2812956	27.4858544	30.6067594
28.2470406	29.541695	32.896035
28.59773	29.9084581	33.3044419
30.5877188	31.9896581	35.6219494
32.6553031	34.1520031	38.0298237
37.4184681	39.1334806	43.5769262
44.1206506	46.1428456	51.3821756
53.6859519	56.146555	62.5217687
65.0761825	68.0588394	75.7866419
77.6376738	81.1960644	90.4155481
85.230585	89.136985	99.2581187
81.2710444	84.9959663	94.6469131
71.5838475	74.8647712	83.36536
59.9259275	62.6725294	69.7887394
47.8653538	50.0591812	55.7431956
42.0164412	43.9421938	48.9316494
34.797095	36.3919613	40.5241187
31.169815	32.5984312	36.2998475
28.4950681	29.80109	33.1848825
27.5936394	28.8583456	32.135095
27.4107425	28.6670663	31.9220944
25.9284269	27.1168131	30.1958156
27.6069137	28.8722306	32.1505525
28.0953006	29.3830019	32.7193206
28.5389119	29.8469444	33.2359419
27.4082038	28.6644112	31.9191375
27.8080575	29.0825906	32.3848019
27.1278306	28.37119	31.5926219
27.4488581	28.7069294	31.9664837
20.502925	21.4426413	23.8773644
20.3670863	21.3005794	23.7191725
21.4552706	22.4386363	24.9864531
24.4262525	25.5457888	28.4464069
28.2605488	29.5558244	32.911765
35.3299944	36.9492844	41.1447244
47.086865	49.2450125	54.8365819
66.555785	69.6062575	77.5097612
90.7328919	94.8914831	105.666011
105.720264	110.565786	123.120081
94.2889387	98.61051	109.807325
64.4739744	67.42903	75.0853206
45.6589212	47.7516219	53.1736212
34.6288587	36.2160144	40.3281944
27.8189669	29.0940019	32.3975062
24.3051044	25.41909	28.3053225
21.6984237	22.6929356	25.2696231
21.548305	22.5359356	25.0947975
20.5219219	21.4625087	23.8994887
19.7231312	20.6271081	22.9692306
20.2960775	21.2263144	23.6364756
20.391455	21.3260606	23.7475475
19.7030081	20.6060644	22.9457975
20.3308031	21.2626294	23.676915
17.4092156	18.2071375	20.2744831
18.2533487	19.0899606	21.2575475
19.7090694	20.6124025	22.9528537
21.8608081	22.8627606	25.4587338
27.3054244	28.5569238	31.7994456
33.135235	34.6539331	38.5887437
49.3629369	51.6254025	57.487255
75.9240513	79.4039031	88.4198975
123.079643	128.720792	143.336506
3683.98628234225	3691.16716934225	3709.77218234225
115.869379	121.180049	134.93955
71.4051831	74.6779175	83.1572894
50.4451812	52.7572512	58.7476194
34.0340381	35.5939319	39.635475
26.3453369	27.5528294	30.6813419
22.3856775	23.4116875	26.0699888
19.7078375	20.6111125	22.9514194
18.3104606	19.14969	21.3240581
17.5912069	18.39747	20.4864269
17.1207856	17.9054881	19.9385831
16.9955238	17.7744863	19.7927063
17.0212106	17.8013494	19.8226194
16.9008556	17.6754769	19.6824525
17.22415	18.0135894	20.0589587
16.5873544	17.3476081	19.3173581
18.1506125	18.982515	21.1379013
21.1080725	22.075525	24.58211
27.0333725	28.2724025	31.4826175
37.47484	39.1924369	43.6425769
66.6368694	69.6910562	77.6041919
2151.65233904117	2156.60434404117	2169.43457904117
3305.21444895688	3311.05445595688	3326.18541195688
82.166995	85.9329862	95.6903206
47.9572225	50.1552625	55.8501862
32.8270019	34.3315719	38.2297831
24.191915	25.3007106	28.1735037
19.6372856	20.5373281	22.8692575
17.2048875	17.9934437	20.0365256
16.218555	16.961905	18.8878606
15.7001788	16.4197713	18.2841675
15.6613731	16.3791838	18.2389737
15.9147106	16.644135	18.5340069
17.59506	18.4015012	20.4909156
21.04305	22.0075231	24.5063863
28.80786	30.1282206	33.5491556
46.2316113	48.3505581	53.8405669
63.8468419	66.7731538	74.3549725
62.2241038	65.0760431	72.4651613
42.0966425	44.0260712	49.0250519
28.6322525	29.9445619	33.3446456
20.6823856	21.6303269	24.08636
17.6879581	18.498655	20.5991031
16.1095444	16.8478981	18.7609063
16.5592031	17.3181669	19.2845737
20.6251856	21.5705075	24.0197494
27.1109356	28.3535194	31.5729456
36.3926075	38.0606012	42.3822263
34.9594156	36.5617225	40.7131544
23.0276706	24.0831044	26.8176425
19.3674206	20.2550925	22.554975
25.6544844	26.8303137	29.8767869
