#?RADIANCE
genskyvec -m 1
NROWS=146
NCOLS=1
NCOMP=3
FORMAT=ascii

0.242227425	0.253329512	0.282094025
3.04509163	3.184658	3.54626294
3.22301725	3.37073881	3.75347237
3.52717444	3.6888365	4.10768881
4.187338	4.37925737	4.87650413
5.67235869	5.93234169	6.60593469
8.02929281	8.39730187	9.35078106
11.3719778	11.8931917	13.2436155
25.6027316737424	26.4073685737424	28.4921123737424
31.6448846409418	32.5725908409418	34.9761977409418
18.2030315415138	18.8142670415138	20.3979164415138
9.59299887	10.0326773	11.1718476
6.19252844	6.47635238	7.21171569
4.59801175	4.80875394	5.35476825
3.82172606	3.99688838	4.45071869
3.23393413	3.38215613	3.76618606
3.10515475	3.24747413	3.61621162
2.75708369	2.88345013	3.21085394
2.91192487	3.04538787	3.39117925
2.94345019	3.07835838	3.42789331
2.899241	3.03212275	3.37640794
3.12444325	3.26764675	3.63867469
3.00213544	3.13973325	3.496237
3.10826069	3.2507225	3.61982881
3.12891294	3.27232125	3.64388
2.93329994	3.06774269	3.41607237
2.99006556	3.12711012	3.48218069
2.84641994	2.97688069	3.31489331
2.95330231	3.08866188	3.43936688
2.84500763	2.97540369	3.3132485
2.94913037	3.08429869	3.43450813
3.12081656	3.26385394	3.63445119
3.24188738	3.39047375	3.775448
3.69259262	3.86183644	4.300332
4.3332325	4.53183875	5.04641056
5.65714675	5.91643256	6.58821925
7.27537169	7.60882619	8.47277719
9.96683713	10.4236501	11.6072141
13.6013639	14.2247581	15.8399225
14.3725831	15.031325	16.7380694
10.2902313	10.7618659	11.9838314
8.02902131	8.39701775	9.35046512
6.01431694	6.28997319	7.00417381
4.82961812	5.05097538	5.62449294
3.90998687	4.08919456	4.5535055
3.43224563	3.58955681	3.99713644
3.13297331	3.27656788	3.64860881
3.10186131	3.24403	3.61237631
2.93206831	3.06645487	3.41463812
2.94988438	3.08508731	3.43538637
2.94541081	3.08040875	3.4301765
3.004083	3.14176994	3.49850506
3.08611519	3.22756206	3.59403844
3.03717031	3.17637394	3.53703788
3.13124006	3.27475525	3.64659019
3.15275637	3.29725775	3.67164781
3.13175569	3.27529462	3.64719062
3.01775506	3.15606875	3.51442744
2.99115119	3.12824544	3.48344487
2.95097337	3.08622619	3.43665469
3.01129662	3.14931437	3.506906
2.52394825	2.63962912	2.93934812
2.59699188	2.71602063	3.02441375
2.95848588	3.094083	3.44540344
3.88929562	4.06755475	4.52940919
5.07682119	5.30950875	5.91238181
6.67654969	6.982558	7.77539856
7.60783081	7.95652256	8.85995406
7.09927275	7.42465581	8.26769519
5.32126062	5.56515156	6.19705169
4.16354425	4.35437331	4.84879444
3.36384675	3.51802306	3.91748012
2.84466494	2.97504525	3.31284963
2.55635112	2.67351712	2.97708412
2.39319331	2.50288119	2.78707325
2.39719294	2.50706431	2.79173112
2.43186631	2.54332675	2.832111
2.41556444	2.52627769	2.81312631
2.55067288	2.66757869	2.97047125
2.497033	2.61148025	2.90800319
2.39895394	2.50890587	2.793782
2.45461644	2.56711956	2.85860556
2.440517	2.55237394	2.84218544
2.33453744	2.441537	2.7187635
2.41276063	2.5233455	2.80986106
1.962978	2.05294794	2.28605162
2.10826037	2.20488906	2.45524519
2.31911331	2.42540594	2.70080094
2.66637956	2.78858869	3.1052215
3.35201188	3.50564569	3.9036975
3.75354025	3.92557725	4.3713105
4.00411981	4.18764194	4.6631315
3.9929855	4.17599731	4.65016481
3.314827	3.4667565	3.8603925
2.8717535	3.00337531	3.34439644
2.4245175	2.53564119	2.82355281
2.090997	2.18683425	2.43514044
2.00163594	2.0933775	2.33107188
1.9448705	2.03401044	2.26496387
1.92183787	2.00992187	2.23814044
1.87637731	1.962378	2.18519788
1.89053506	1.97718456	2.20168575
1.91762825	2.00551937	2.23323775
1.96351463	2.05350912	2.28667662
1.94807588	2.03736269	2.268697
1.94569681	2.03487463	2.26592613
1.94091419	2.02987269	2.26035644
1.90130587	1.98844894	2.21422931
1.95704763	2.04674544	2.27914494
1.60598775	1.67959538	1.8703065
1.73960481	1.81933669	2.02591494
1.89319294	1.97996419	2.20478106
2.23852456	2.3411235	2.60694831
2.48713081	2.60112413	2.89647131
2.44558662	2.55767581	2.84808963
2.30855506	2.41436394	2.68850487
1.99543275	2.08688994	2.32384775
1.78848019	1.87045213	2.08283406
1.65504406	1.73090013	1.92743687
1.53780913	1.60829187	1.790907
1.55828406	1.62970562	1.81475194
1.56920131	1.641123	1.82746594
1.55585419	1.62716419	1.81192206
1.52652906	1.59649481	1.7777705
1.53148319	1.60167612	1.78353975
1.55722963	1.62860262	1.81352375
1.56426887	1.6359645	1.8217215
1.4068455	1.47132588	1.63838881
1.46382669	1.53091863	1.70474813
1.67186244	1.74848925	1.94702313
1.80929156	1.89221756	2.10707106
1.67099206	1.74757931	1.94600956
1.49616738	1.56474175	1.74241175
1.40244363	1.46672219	1.6332625
1.33913706	1.40051425	1.559537
1.33085038	1.39184769	1.54988625
1.31693769	1.37729744	1.53368369
1.34400325	1.40560319	1.56520381
1.3251	1.38583381	1.54318956
1.25679331	1.31439631	1.46364075
1.31208656	1.37222381	1.52803425
1.3212975	1.38185706	1.53876137
1.27422469	1.33262663	1.483941
1.20376569	1.25893831	1.40188562
1.21322369	1.26882975	1.41290019
1.21859319	1.27444525	1.41915325
