#?RADIANCE
genskyvec -m 1
NROWS=146
NCOLS=1
NCOMP=3
FORMAT=ascii

29.2470881	30.5875794	34.0606737
38.0955075	39.8415494	44.365395
37.9546906	39.6942794	44.2014013
37.9426006	39.6816369	44.1873256
38.08327	39.8287538	44.3511444
38.0854425	39.831025	44.3536725
38.6263406	40.3967144	44.9835962
39.9755731	41.807785	46.5548881
41.8659088	43.7847606	48.7563406
45.1669906	47.2371419	52.6007281
48.2203313	50.4304287	56.1565981
54.0806925	56.5593875	62.981475
56.8669937	59.4733956	66.2263563
59.7386169	62.4766331	69.5705994
61.1990744	64.00403	71.2714269
58.1097706	60.7731331	67.6736731
56.209345	58.7856044	65.4604681
50.2394644	52.5421069	58.5080469
47.8937375	50.0888656	55.7762512
43.615115	45.61414	50.7934375
41.6831269	43.5936013	48.5434744
40.0335481	41.868415	46.6224044
38.80801	40.58671	45.1951644
37.7876894	39.5196231	44.0069181
38.0795312	39.8248419	44.3467881
37.8717312	39.6075181	44.1047894
38.5246387	40.2903525	44.8651556
38.554635	40.3217225	44.9000863
38.373145	40.1319144	44.6887294
38.1211394	39.8683569	44.3952481
37.9185325	39.6564638	44.1592919
30.7950519	32.2064906	35.8634063
29.4716194	30.8224012	34.3221581
31.0516694	32.47487	36.16226
30.9489231	32.3674163	36.0426038
31.816465	33.2747169	37.0529244
32.4539006	33.94137	37.7952737
35.155365	36.76665	40.9413538
38.4599756	40.2227225	44.7898481
42.8435394	44.8072012	49.8948762
47.9839463	50.18321	55.8813075
55.9603169	58.5251631	65.1704563
64.2202394	67.163665	74.7898237
69.25817	72.4324994	80.6569125
72.2225756	75.5327731	84.1092106
69.3928244	72.5733275	80.8137319
61.5706031	64.3925875	71.7041019
54.3206906	56.8103875	63.2609769
46.6282887	48.7654175	54.30253
40.6315825	42.4938625	47.3188656
36.444915	38.1153063	42.4431431
33.9883887	35.5461887	39.5823119
32.4935656	33.9828531	37.8414669
30.3469625	31.7378631	35.3415681
31.0859981	32.5107706	36.202235
31.1245062	32.5510444	36.2470819
31.3053388	32.7401663	36.4576769
30.2820775	31.6700044	35.2660038
30.6604863	32.0657594	35.7066937
30.1620887	31.5445181	35.1262681
30.5492337	31.9494044	35.5771306
24.1351525	25.2413456	28.1073969
23.8693156	24.9633256	27.7978087
24.5158006	25.6394406	28.5506938
26.4739775	27.6873675	30.8311537
28.5355406	29.8434187	33.2320163
32.2372681	33.7148088	37.5429862
38.120235	39.8674131	44.3941944
47.7248044	49.9121888	55.5795138
60.6165187	63.3947731	70.59299
77.3454194	80.8904175	90.0751881
89.7206281	93.8328237	104.487154
83.9742819	87.8231025	97.7950594
69.0779981	72.2440687	80.4470875
54.8047312	57.3166144	63.8246806
42.1351069	44.0662969	49.0698444
34.7535869	36.3464588	40.4734506
29.420095	30.768515	34.2621544
27.65333	28.9207731	32.20461
25.5619381	26.7335256	29.7690081
24.2855881	25.3986763	28.2825925
24.328545	25.4436019	28.33262
24.2114175	25.3211063	28.1962131
23.5232469	24.601395	27.3947825
24.0530144	25.1554425	28.0117394
21.404275	22.3853019	24.9270619
21.9922419	23.0002175	25.6117987
22.9812544	24.0345606	26.7635863
24.4066975	25.5253394	28.4236362
27.8827856	29.160745	32.4718269
31.3986819	32.8377881	36.566385
40.6551781	42.5185381	47.3463437
54.5954281	57.097715	63.5809275
78.7203731	82.3283856	91.6764338
106.499336	111.380558	124.027375
135.541712	141.754019	157.849631
128.541843	134.433356	149.697706
96.1711431	100.578982	111.99932
62.6054156	65.4748281	72.9092275
45.4859356	47.5707063	52.9721675
36.5831481	38.2598737	42.6041269
29.9326831	31.3045962	34.8591056
26.18523	27.3853881	30.4948856
23.8119694	24.9033513	27.7310237
22.464415	23.4940337	26.1616856
21.7914931	22.7902681	25.37801
21.4549944	22.4383481	24.9861319
21.188665	22.1598106	24.6759681
21.3250556	22.3024531	24.834805
21.2492525	22.2231762	24.7465269
22.4235288	23.4512731	26.11407
24.8788481	26.0191281	28.973495
29.182965	30.5205156	33.9859944
36.68775	38.3692706	42.7259438
57.8631938	60.5152531	67.3865125
88.6728669	92.737035	103.266943
2884.34365027913	2891.98870627913	2911.79635627913
5415.44268488597	5423.74783488597	5445.26573488597
107.394762	112.317027	125.070163
68.69524	71.8437719	80.0013369
44.8090113	46.8627569	52.1838313
32.5137888	34.0040031	37.8650169
26.0874956	27.2831706	30.3810631
23.41793	24.4912525	27.2721338
21.6622738	22.6551263	25.2275256
20.8771887	21.8340606	24.3132262
20.8166925	21.77079	24.242775
23.3891481	24.46115	27.2386119
27.0582869	28.2984581	31.5116331
34.1491137	35.7142794	39.76949
50.5518456	52.8688037	58.8718394
80.0387063	83.7071381	93.2117431
2114.93370401412	2120.36959401412	2134.45349501412
92.497585	96.7370656	107.721156
57.7643469	60.4118794	67.2713994
36.3951044	38.0632137	42.3851344
28.0340569	29.31895	32.6479969
23.2691119	24.3356119	27.0988219
23.1766325	24.2388931	26.9911194
29.7447388	31.10804	34.6402287
38.4507056	40.2130281	44.7790512
56.4473419	59.0345088	65.7376369
64.3819769	67.3328156	74.9781813
39.4706981	41.2797719	45.9669213
30.1778356	31.560985	35.1446075
40.7678313	42.6363569	47.4775413
