#?RADIANCE
genskyvec -m 1
NROWS=146
NCOLS=1
NCOMP=3
FORMAT=ascii

28.9304731	30.2564531	33.6919481
41.4541581	43.3541375	48.2768231
41.5477762	43.4520475	48.38585
41.6531519	43.56225	48.5085656
41.1640963	43.0507838	47.9390256
39.02009	40.8085081	45.4421481
38.68689	40.4600369	45.0541081
39.1278869	40.9212481	45.5676881
39.2966419	41.0977363	45.764215
40.4026775	42.2544663	47.0522881
46.3061469	48.4285106	53.9273675
48.6946319	50.9264675	56.7089594
54.0919319	56.5711462	62.9945656
57.9713131	60.62833	67.5124275
60.5133331	63.2868581	70.4728238
61.907805	64.745245	72.0968025
61.8001563	64.63266	71.9714344
58.390355	61.0665806	68.0004381
54.7392831	57.248165	63.7484606
49.25088	51.5082106	57.3567569
47.1788587	49.3412213	54.9437156
43.0254644	44.9974625	50.1067412
41.3768925	43.2733325	48.1868437
38.7235412	40.4983681	45.0967925
39.3374919	41.1404606	45.81179
39.9259438	41.75588	46.4970906
40.9867931	42.8653519	47.7325381
42.1414456	44.0729275	49.0772275
41.0798612	42.9626869	47.8409237
41.4863744	43.3878306	48.31434
41.0899825	42.9732725	47.8527106
27.2319675	28.4800969	31.7138956
25.1877506	26.3421888	29.3332362
27.0889188	28.3304925	31.5473038
26.2274669	27.4295594	30.5440731
26.3558144	27.5637869	30.6935425
25.9473319	27.1365838	30.2178319
28.2110325	29.5040375	32.8541012
30.4105669	31.8043831	35.4156406
32.7968331	34.30002	38.1946494
34.4905544	36.0713725	40.1671281
40.1638187	42.0046594	46.7741162
46.2289506	48.3477769	53.8374694
52.9750837	55.4031069	61.6939031
58.9658781	61.6684788	68.6706825
61.1956988	64.0004988	71.2674944
59.5754981	62.3060412	69.3806369
55.7293556	58.2836156	64.9014813
48.7240063	50.9571888	56.7431687
41.9358212	43.8578781	48.8377606
36.4213106	38.0906181	42.4156538
32.7975431	34.300765	38.1954737
30.1527619	31.5347619	35.1154037
26.9032688	28.1363356	31.3311013
27.3388737	28.5919037	31.8383981
27.0589887	28.2991919	31.5124469
27.2815775	28.5319813	31.7716706
26.1065087	27.3030569	30.4032063
26.8244688	28.0539244	31.2393306
26.3030219	27.5085756	30.6320619
26.8585587	28.0895762	31.27903
18.8215294	19.6841825	21.9192419
18.32689	19.1668731	21.3431938
18.5940456	19.4462731	21.6543187
19.97214	20.88753	23.2592237
21.0281713	21.9919619	24.4890587
23.0889281	24.1471681	26.8889806
26.3021319	27.507645	30.6310244
31.55584	33.0021506	36.7494094
38.158465	39.9073944	44.438715
49.383645	51.6470613	57.5113719
61.5165269	64.3360331	71.6411244
70.0044481	73.2129838	81.5260162
67.5438919	70.6396519	78.660495
57.9894156	60.6472619	67.5335094
44.6228587	46.6680719	51.9670394
35.29408	36.9117262	41.1029006
27.9562094	29.2375337	32.5573362
24.8907825	26.03161	28.9873912
21.7221037	22.7176994	25.2972012
19.9150519	20.8278238	23.1927388
19.5066156	20.4006694	22.7170806
19.1925119	20.0721681	22.3512812
18.41095	19.2547831	21.4410856
18.9065313	19.77308	22.0182319
16.0228544	16.7572337	18.6599512
16.3185331	17.0664681	19.0042937
16.7954825	17.5652737	19.5597394
17.6197063	18.427275	20.5196188
19.6103413	20.5091469	22.8378775
21.5031544	22.4887131	25.0422169
26.2793925	27.483865	30.6045444
33.2929175	34.8188419	38.7723775
45.3833831	47.4634531	52.8527356
60.9521362	63.7457731	70.9838469
86.6304594	90.6010262	100.888401
114.31143	119.550712	133.125197
103.941419	108.705408	121.048445
72.3052237	75.6192106	84.2054606
51.3218875	53.67414	59.7686206
39.3318581	41.13457	45.8052325
29.8890019	31.258915	34.8082344
24.3894838	25.5073344	28.4035888
20.70197	21.65081	24.1091706
18.5813569	19.4330019	21.6395381
17.3938887	18.1911075	20.2566331
16.689485	17.4544194	19.4362981
16.2243194	16.967935	18.894575
16.1598981	16.9005594	18.8195487
16.00064	16.7340025	18.63408
16.5470944	17.3055025	19.2704719
17.9599581	18.7831219	20.9158694
20.3166475	21.2478269	23.6604281
24.3998906	25.51822	28.4157081
35.5126344	37.140295	41.3574225
51.3615519	53.7156225	59.8148119
93.9205406	98.2252156	109.378285
4097.52047608095	4104.48016308095	4122.51210708095
3781.47922898635	3787.90507298635	3804.55390498635
88.1456	92.1856044	102.652897
51.7998087	54.1739656	60.3251969
33.7880262	35.3366419	39.3489731
24.4631431	25.5843681	28.4893688
20.4974712	21.4369369	23.871015
17.8263181	18.643355	20.7602319
16.4273425	17.1802613	19.13101
15.97128	16.7032975	18.5998887
17.9440975	18.7665344	20.8973969
20.2022594	21.1281962	23.5272162
24.2056269	25.31505	28.1894719
33.56694	35.1054256	39.0915019
53.7605512	56.2245744	62.6086412
101.083027	105.715994	117.719615
2700.20893713304	2705.37514613304	2718.76036113304
67.9655644	71.0806506	79.1515669
37.9637375	39.7037425	44.2119394
26.107675	27.3042775	30.404565
19.5730675	20.4701662	22.7944712
18.626725	19.4804506	21.692375
23.9983294	25.0982506	27.948055
29.9281744	31.2998825	34.8538569
45.3958213	47.4764613	52.8672194
61.1592663	63.9623962	71.2250662
37.2923794	39.0016125	43.4300869
26.3746287	27.583465	30.7154556
34.8560019	36.4535681	40.5927187
