#?RADIANCE
genskyvec -m 1
NROWS=146
NCOLS=1
NCOMP=3
FORMAT=ascii

26.8455375	28.0759575	31.2638662
35.0583094	36.6651475	40.8283225
36.4460025	38.1164431	42.44441
37.3338813	39.0450162	43.4784187
37.4380088	39.1539156	43.5996819
35.2712906	36.8878888	41.07636
34.4104625	35.9876087	40.073855
33.8485525	35.3999412	39.4194619
32.08048	33.5508325	37.3603912
30.78847	32.1996075	35.8557406
34.756305	36.3493	40.476615
33.7526069	35.2996	39.3077269
37.25533	38.9628656	43.38694
39.7507444	41.5726512	46.2930594
42.2436563	44.1798231	49.1962625
46.8333012	48.9798269	54.5412869
51.4380169	53.7955906	59.90386
53.5928944	56.0492338	62.4133931
55.6116237	58.1604881	64.7643731
54.1515025	56.6334456	63.0639406
51.8233213	54.1985537	60.3525781
47.2832113	49.4503575	55.0652425
43.0772844	45.0516581	50.1670894
38.7179113	40.4924812	45.0902375
36.7993075	38.4859425	42.8558625
35.0151225	36.6199806	40.77803
34.3270769	35.9003994	39.9767413
34.500915	36.0822063	40.1791931
33.2592913	34.7836737	38.7332187
33.8518131	35.403355	39.42326
34.1058175	35.6689988	39.7190681
22.6007787	23.6366481	26.3204906
21.1225281	22.0906438	24.5989444
23.0800362	24.1378725	26.8786281
22.3438806	23.3679725	26.02131
22.0720331	23.0836681	25.7047231
20.8942638	21.8519169	24.3331125
22.1725063	23.188745	25.8217331
22.708205	23.7489975	26.4455981
22.6341944	23.671595	26.3594069
21.6258556	22.6170406	25.1851131
23.9729019	25.0716606	27.9184456
26.4258887	27.6370744	30.7751519
30.7580619	32.1678056	35.8203275
35.39752	37.019905	41.2233638
40.222715	42.0662563	46.8427081
46.9542019	49.1062688	54.6820838
51.7349563	54.10614	60.24967
54.5202494	57.0190912	63.493375
52.0596369	54.4457025	60.6277887
46.9299862	49.0809431	54.6538831
40.9986031	42.8777044	47.7462937
35.1912162	36.8041456	40.9831062
29.5080362	30.8604881	34.3645694
27.2680731	28.5178588	31.7559444
25.0931806	26.2432825	29.2231
23.9441925	25.0416331	27.88501
22.0265225	23.0360687	25.65172
22.0169656	23.0260762	25.6405912
21.4526544	22.4358981	24.9834031
21.9795494	22.9869456	25.5970181
15.4188981	16.1255981	17.9565937
14.8965413	15.5792987	17.348265
14.8994463	15.5823394	17.3516494
15.7017113	16.4213738	18.2859531
15.7191194	16.4395769	18.3062263
16.0862162	16.8235013	18.7337394
16.81174	17.5822788	19.5786756
18.3252781	19.1651863	21.341315
19.9656063	20.8806962	23.2516125
24.2165069	25.3264306	28.2021419
29.6000675	30.9567362	34.4717463
39.7180181	41.5384256	46.2549444
51.9308519	54.3110119	60.4778075
62.6629031	65.5349512	72.976175
62.5258831	65.3916506	72.8166062
52.779955	55.199035	61.4666594
39.5227606	41.3342175	46.0275506
31.5115169	32.9557937	36.6977881
24.4909869	25.61349	28.5217975
20.6429781	21.589115	24.04047
18.3389194	19.1794525	21.3572012
16.9416988	17.7181925	19.7300206
15.621045	16.3370075	18.19201
15.6268287	16.3430588	18.1987462
13.0215756	13.6183975	15.1647106
12.9184269	13.5105225	15.0445875
12.7871281	13.3732044	14.8916762
12.9676088	13.5619556	15.10186
13.4955956	14.1141425	15.7167462
13.9176625	14.5555544	16.2082781
15.1456256	15.8398	17.6383463
17.111975	17.8962744	19.9283213
20.3185619	21.2498281	23.6626619
24.7679938	25.9031931	28.8443944
33.2583106	34.78265	38.7320769
48.9941706	51.239735	57.0577981
64.9675756	67.9452544	75.6601619
88.3773144	92.4279325	102.922743
89.2904056	93.3828794	103.98612
72.225015	75.5353262	84.1120525
49.39302	51.6568637	57.5222894
34.9547063	36.5567956	40.70767
25.4506081	26.617095	29.639355
20.28838	21.2182637	23.6275106
17.2975012	18.0903056	20.1443831
15.3095606	16.0112494	17.82926
14.1458969	14.7942512	16.4740769
13.5719038	14.1939481	15.8056131
12.9958744	13.5915175	15.13478
12.6335281	13.2125644	14.7127969
12.7835787	13.3694912	14.8875425
13.28447	13.8933406	15.4708731
14.4056238	15.0658806	16.7765481
17.4063719	18.2041625	20.2711719
21.4213181	22.4031275	24.94691
31.7474756	33.2025662	36.9725825
46.9957231	49.1496906	54.7304381
84.2978263	88.1614744	98.1718475
6189.56555739428	6195.72129539429	6211.67026439429
2251.29838225525	2256.17513125525	2268.81036925525
58.9861606	61.68969	68.6943019
34.02655	35.5860975	39.6267531
24.1535069	25.2605413	28.1287744
18.3015237	19.1403438	21.3136519
15.192195	15.8885025	17.6925769
13.7408394	14.3706263	16.0023519
14.240505	14.8931956	16.5842563
14.4552456	15.11778	16.8343394
15.1490356	15.8433663	17.6423156
17.68355	18.4940456	20.5939687
24.0009719	25.101015	27.9511331
40.7418281	42.6091594	47.4472569
71.7038012	74.99022	83.5050562
1943.96767520979	1947.98694580979	1958.40054440979
55.3523138	57.8892937	64.4623844
31.3378556	32.7741731	36.495545
19.5981031	20.4963494	22.8236262
16.393855	17.1452381	19.0920106
18.7440013	19.6031031	21.8289531
19.86853	20.77917	23.1385606
26.5673162	27.7849819	30.9398537
40.8398506	42.7116763	47.5614112
34.7603181	36.3534987	40.48129
24.1987781	25.3078881	28.1814956
25.9218506	27.109935	30.1881581
