#?RADIANCE
genskyvec -m 1
NROWS=146
NCOLS=1
NCOMP=3
FORMAT=ascii

10.0361876	10.4961794	11.6879775
27.1389931	28.3828619	31.6056206
26.9161019	28.1497569	31.3460463
27.6589144	28.926615	32.2111138
29.4665044	30.8170506	34.3162012
33.0325825	34.5465744	38.4691962
39.1362456	40.9299888	45.5774238
47.7656481	49.9549044	55.62708
63.9547125	66.8859694	74.4805963
85.5490875	89.4700794	99.6290481
93.12647	97.3947506	108.453526
102.957342	107.676216	119.902419
80.4409294	84.1277994	93.6801662
61.366835	64.17948	71.466795
47.8524231	50.0456575	55.7281356
38.2176069	39.9692475	44.5075919
32.8341094	34.339005	38.23806
29.543765	30.8978512	34.4061769
27.6467806	28.9139231	32.1969813
26.651465	27.8729906	31.0378531
27.7344069	29.0055656	32.2990294
28.2039706	29.4966512	32.8458756
28.8231738	30.1442325	33.5669888
28.8648431	30.187815	33.6155163
30.6672694	32.0728506	35.7145919
30.5470138	31.947085	35.574545
31.4084469	32.848	36.5777575
30.6277706	32.0315431	35.6685956
29.5584681	30.9132294	34.4233019
28.2188694	29.5122331	32.8632269
27.2587519	28.5081106	31.7450894
19.5136937	20.4080706	22.7253244
18.4032906	19.2467744	21.4321669
20.7542281	21.7054612	24.1700281
22.1615263	23.1772637	25.8089462
26.3864719	27.5958512	30.7292462
31.658785	33.1098106	36.8692956
42.0343075	43.9608788	48.9524562
59.8165775	62.55817	69.661395
88.3344894	92.3831513	102.872869
118.420137	123.847737	137.910144
117.431913	122.814212	136.759269
87.0900444	91.0816775	101.423623
61.5252469	64.3451513	71.6512812
42.687065	44.6435544	49.7126469
32.2298825	33.707085	37.534385
25.3272544	26.4880856	29.4957006
23.8699306	24.9639675	27.7985238
19.9231813	20.8363256	23.202205
19.0447831	19.9176675	22.1792381
18.0963175	18.9257325	21.0746719
18.60139	19.4539531	21.6628706
19.5629763	20.4596125	22.7827169
18.7424181	19.6014456	21.8271087
20.9782894	21.9397956	24.43097
21.6021444	22.59224	25.1574956
21.9467044	22.9525944	25.5587688
20.4325694	21.3690587	23.79543
20.4265025	21.3627169	23.7883656
19.3797619	20.2680012	22.56935
19.4154837	20.30536	22.6109494
12.8174537	13.4049206	14.9269938
12.7594125	13.3442181	14.8594
14.1516381	14.8002544	16.4807619
18.2197544	19.0548269	21.2184238
24.4159612	25.5350256	28.4344238
37.4576638	39.1744756	43.622575
62.9468806	65.8319444	73.3068938
1773.62593446831	1778.83353846831	1792.32598646831
2361.68152323033	2367.56265523033	2382.80019223033
69.9368806	73.1423175	81.4473256
41.8962394	43.8164831	48.7916656
26.0177069	27.2101838	30.2997888
18.8468063	19.7106194	21.9486788
15.1168562	15.8097113	17.6048381
13.6132769	14.2372187	15.8537962
13.0355	13.6329625	15.1809294
12.4490194	13.0195988	14.4979213
13.3825194	13.9958844	15.58506
13.0735919	13.6727994	15.2252906
12.4944031	13.0670631	14.5507744
13.1945331	13.7992806	15.3661344
13.1863344	13.7907075	15.356585
12.2684406	12.8307425	14.28762
12.7121575	13.2947962	14.8043663
9.54827175	9.98589994	11.1197594
10.2875841	10.7590991	11.98075
11.5622225	12.0921575	13.4651719
13.7717575	14.4029637	16.0383613
19.59153	20.4894744	22.81597
26.0572575	27.2515481	30.3458487
43.6732438	45.6749338	50.8611356
67.4759594	70.5686006	78.5813812
1523.98327332753	1527.05568642753	1535.01602522753
46.6254413	48.76244	54.2992144
29.0787606	30.411535	33.8646419
18.9847794	19.8549137	22.1093588
15.1403925	15.8343275	17.6322512
12.1158844	12.6711969	14.1099594
10.6229267	11.1098111	12.3712844
9.68554394	10.1294645	11.2796244
9.29433213	9.72032237	10.8240231
9.23817219	9.66158825	10.7586222
9.4491515	9.88223794	11.0043255
9.41015362	9.8414515	10.9589091
9.48013606	9.91464275	11.0404096
9.52852869	9.96525181	11.096765
9.30224969	9.72860156	10.833245
9.56403025	10.0023809	11.13811
8.0021105	8.36887375	9.31912469
9.03416894	9.44823363	10.5210434
10.7740101	11.2678175	12.5472325
14.9035875	15.5866681	17.3564712
21.406715	22.3878563	24.9299056
31.0929463	32.5180369	36.2103281
33.7831356	35.33153	39.3432788
24.3412656	25.4569075	28.347435
17.3008569	18.0938125	20.1482912
12.3185763	12.8831769	14.34601
9.68205413	10.1258143	11.2755594
8.53075081	8.92174319	9.93477125
7.8850575	8.24645562	9.18280694
7.5038165	7.84774125	8.73882013
7.30698756	7.64189112	8.50959631
7.32923937	7.66516275	8.53551031
7.50437356	7.848324	8.73946906
7.63160825	7.98139012	8.88764419
7.51093587	7.85518694	8.74711112
8.74615469	9.14701975	10.1856269
12.0772937	12.6308381	14.0650175
17.2080363	17.9967369	20.0401938
17.3397238	18.1344581	20.1935525
13.568755	14.1906556	15.8019469
10.2680278	10.7386433	11.9579744
8.25129106	8.62947506	9.60931606
7.12893406	7.45567669	8.30223831
6.70701387	7.01441844	7.81087681
6.67413987	6.98003775	7.77259231
6.81035106	7.122492	7.93122181
7.416363	7.75627956	8.63697319
8.99326631	9.40545719	10.473409
10.1666564	10.6326268	11.8399194
9.1267875	9.54509775	10.6289058
7.16036731	7.48855044	8.33884481
6.75266769	7.06216488	7.86404444
7.89761744	8.25959131	9.19743381
