#?RADIANCE
genskyvec -m 1
NROWS=146
NCOLS=1
NCOMP=3
FORMAT=ascii

10.2188075	10.6871687	11.9006525
27.3583212	28.6122444	31.8610469
27.9996319	29.2829475	32.6079069
28.9100075	30.2350494	33.6681156
30.0113394	31.3868575	34.9507081
30.4676425	31.8640744	35.4821094
30.4961288	31.8938675	35.5152869
30.7650225	32.1750881	35.8284363
29.3938825	30.7411025	34.2316281
28.9147144	30.2399731	33.6735975
29.3041125	30.6472162	34.1270819
28.0024394	29.2858831	32.6111744
27.7167188	28.9870675	32.2784313
27.3053106	28.556805	31.7993119
27.3996156	28.6554306	31.9091369
29.4362469	30.7854069	34.2809631
33.5445706	35.0820287	39.0654481
37.9357494	39.6744706	44.1793419
48.2513175	50.4628331	56.1926819
66.6065431	69.6593412	77.5688725
82.1904219	85.9574756	95.7176106
105.121591	109.939677	122.422875
97.3249569	101.785691	113.343047
86.8669444	90.8483375	101.163784
67.2225806	70.3036131	78.2863006
48.2152662	50.4251306	56.1506988
39.6420731	41.4589994	46.1664981
33.36075	34.8897819	38.8513756
29.9792869	31.3533344	34.9133787
27.6919313	28.9611431	32.2495619
26.9812444	28.2178837	31.42191
19.9040312	20.8162981	23.1799038
18.621905	19.4754081	21.6867594
20.5807069	21.5239894	23.9679475
20.5526819	21.4946794	23.9353112
20.9353406	21.8948781	24.3809525
20.135375	21.0582456	23.4493219
21.6849775	22.6788725	25.2539644
22.1000913	23.1130119	25.7373994
21.0794094	22.0455475	24.5487313
18.2165688	19.051495	21.2147163
18.7000581	19.5571419	21.7777781
18.5892888	19.4412975	21.6487775
20.0310362	20.949125	23.3278131
20.7016838	21.6505106	24.108835
22.0702669	23.08182	25.7026663
25.8994194	27.0864775	30.1620362
33.152075	34.6715456	38.6083581
42.0338638	43.9604163	48.9519406
61.3568706	64.16906	71.4551931
86.820755	90.8000394	101.110011
116.984938	122.34675	136.238731
118.016275	123.425362	137.4398
87.3671081	91.371435	101.746282
60.8767919	63.6669769	70.8961
43.8332756	45.8422988	51.0475056
34.3403819	35.9143163	39.9922381
26.2949294	27.5001119	30.6226388
22.9197625	23.9702506	26.6919731
20.4606444	21.3984238	23.8281275
19.9049569	20.8172681	23.1809825
13.0987362	13.6990975	15.2545731
12.4272919	12.9968756	14.4726188
12.5004888	13.0734269	14.55786
13.64762	14.2731369	15.8937937
13.7022262	14.3302463	15.9573881
13.7629519	14.3937538	16.0281069
13.5864312	14.2091412	15.8225312
13.5064719	14.1255175	15.7294119
12.6510875	13.2309294	14.7332481
13.3149856	13.925255	15.5064106
13.8852269	14.5216338	16.1705056
16.2237706	16.9673587	18.8939325
19.8662538	20.7767887	23.1359094
26.4216269	27.6326181	30.7701881
41.9980663	43.9229756	48.9102494
71.651335	74.9353525	83.4439531
2366.7528872159	2372.9598752159	2389.0415812159
1742.38685645329	1747.67002845329	1761.35830145329
59.4119725	62.13502	69.1901975
35.8968113	37.54208	41.8048294
24.7491675	25.8835025	28.8224681
18.9558788	19.8246869	22.0757
14.893825	15.57646	17.3451025
13.8736994	14.509575	16.1570788
9.90539738	10.3593948	11.5356606
9.68801331	10.1320464	11.2824994
9.36359988	9.7927645	10.9046925
9.523897	9.960409	11.0913722
9.801125	10.2503436	11.4142275
9.71037912	10.155438	11.3085456
9.55660987	9.99462063	11.1294687
9.75195119	10.1989158	11.3569606
9.71778362	10.1631823	11.3171694
10.1783591	10.6448672	11.8535469
10.9850355	11.4885162	12.79299
12.4362675	13.0062625	14.48307
14.9978887	15.6852925	17.4662925
21.5960681	22.5858875	25.1504231
32.5161988	34.0065231	37.867825
46.7356406	48.8776888	54.4275519
1536.21122520726	1539.51043830726	1548.05841950726
70.1624869	73.3782606	81.7100681
45.72484	47.8205613	53.25039
28.8714631	30.1947387	33.6232263
20.0765931	20.99677	23.3808663
14.8505025	15.5311519	17.29465
12.1596744	12.7169912	14.1609537
11.0473131	11.5536494	12.86552
8.52346125	8.91411956	9.92628144
8.00625075	8.37320344	9.32394644
7.70133575	8.0543135	8.968848
7.80134194	8.15890313	9.08531306
7.84288106	8.20234631	9.13368931
7.866305	8.22684381	9.160968
8.18619756	8.56139825	9.53350994
9.05305719	9.46798856	10.5430409
10.2353002	10.7044178	11.9198575
13.2269919	13.83323	15.4039344
16.8765163	17.6500231	19.6541106
26.2673894	27.4713113	30.5905644
36.094055	37.748365	42.0345375
31.9170581	33.3799231	37.1700775
22.285	23.3063944	25.95274
15.2871506	15.9878106	17.8031612
11.6278681	12.1608113	13.5416225
9.555504	9.99346488	11.1281806
7.82292519	8.18147581	9.11044888
7.15844719	7.48654269	8.33660875
7.01222588	7.33361931	8.16632175
7.1525035	7.48032619	8.3296865
7.507699	7.85180156	8.74334137
8.77893125	9.18129875	10.2237974
11.1576902	11.6690864	12.9940612
14.3607356	15.0189369	16.7242769
18.976815	19.8465831	22.1000825
16.5727006	17.3322819	19.3002919
12.2276638	12.7880969	14.2401331
9.14512337	9.56427481	10.6502588
7.89847612	8.2604895	9.19843419
7.271196	7.60445894	8.467914
7.67948444	8.0314605	8.94339994
9.23054713	9.65361294	10.7497403
10.6157062	11.1022575	12.362875
9.91009888	10.3643105	11.5411369
8.29606888	8.67630512	9.66146344
