#?RADIANCE
genskyvec -m 1
NROWS=146
NCOLS=1
NCOMP=3
FORMAT=ascii

27.941075	29.2217063	32.53971
37.3182875	39.0287094	43.4602606
38.4828931	40.2466894	44.8165387
39.2049187	41.0018081	45.6573956
39.1356775	40.9293944	45.5767588
36.8341756	38.5224081	42.8964681
35.94674	37.5942969	41.8629769
35.4827469	37.1090356	41.3226144
33.9448669	35.5006712	39.5316287
32.99256	34.5047181	38.4225887
37.3589744	39.07126	43.5076406
36.8962731	38.5873531	42.9687869
40.8735419	42.7469125	47.60065
43.8228888	45.8314356	51.0354075
46.6391181	48.7767425	54.3151438
51.1526694	53.497165	59.5715475
55.40437	57.9437356	64.52301
56.4716462	59.0599275	65.7659412
57.2936	59.9195531	66.7231731
54.4538737	56.949675	63.4160781
51.8322581	54.2079019	60.3629862
47.0951144	49.2536406	54.8461894
43.3192481	45.3047131	50.4488769
39.24308	41.0417219	45.7018406
37.8332656	39.5672887	44.0599937
36.5593488	38.2349838	42.5764106
36.2772975	37.9400056	42.2479375
36.7307	38.4141894	42.775965
35.5936181	37.22499	41.4517363
36.2301925	37.8907419	42.1930806
36.4282525	38.0978806	42.4237388
24.1925637	25.3013887	28.1742594
22.5563363	23.5901669	26.2687338
24.5315775	25.6559431	28.5690694
23.7025781	24.7889463	27.6036281
23.4233431	24.4969131	27.2784381
22.290735	23.3123931	25.9594188
23.7116831	24.7984681	27.6142319
24.4814994	25.6035681	28.5107475
24.7599213	25.8947512	28.8349938
24.10887	25.2138594	28.07679
26.9946406	28.2318938	31.4375087
30.0671931	31.4452725	35.0157544
35.0615294	36.6685144	40.8320744
40.4149937	42.2673463	47.0666313
45.5535462	47.6414162	53.050905
51.7843412	54.1577869	60.3071825
55.0998925	57.6253025	64.16842
55.6525906	58.2033319	64.8120831
51.3147819	53.6667062	59.7603419
45.4885406	47.5734312	52.9751988
39.7740863	41.5970638	46.32024
34.5700188	36.1544762	40.2596694
29.3766194	30.7230469	34.2115213
27.7116256	28.9817406	32.2724994
25.9356169	27.1243306	30.2041881
25.0862963	26.2360831	29.215085
23.343025	24.4129131	27.1848994
23.5306569	24.6091444	27.4034119
23.0084881	24.0630425	26.7953044
23.586205	24.6672381	27.4681025
16.5699275	17.3293812	19.2970606
16.0276956	16.7622969	18.6655881
16.047735	16.7832569	18.6889256
16.9200206	17.6955206	19.7047731
17.0563925	17.8381431	19.8635912
17.64713	18.4559544	20.5515525
18.7144244	19.5721688	21.7945081
20.7431	21.693825	24.1570706
23.0354937	24.0912856	26.8267544
28.356945	29.6566381	33.0240269
35.0780187	36.6857638	40.8512794
46.6541775	48.7924919	54.3326806
58.7047756	61.3954069	68.3666069
66.1169444	69.1473006	76.9986938
60.9408944	63.7340169	70.9707525
49.68047	51.9574906	57.8570487
37.32231	39.0329144	43.4649425
30.4511225	31.8467975	35.46287
24.3170537	25.4315844	28.3192369
20.9224675	21.8814112	24.3659556
19.0106563	19.8819769	22.1394937
17.8385238	18.6561231	20.77445
16.6347125	17.3971344	19.3725081
16.7542313	17.5221325	19.5116981
14.0444956	14.6882031	16.3559875
13.9962875	14.6377831	16.2998438
13.9412656	14.5802394	16.2357663
14.2044138	14.8554487	16.5422244
14.92814	15.6123444	17.3850638
15.5494925	16.2621781	18.10868
17.246055	18.0364987	20.0844712
19.84259	20.7520419	23.1083506
24.1294919	25.2354244	28.1008044
29.9880981	31.3625519	34.9236419
41.1446213	43.0304144	47.9163431
61.4555981	64.2723137	71.57017
79.0900656	82.7150287	92.1069756
94.2654119	98.5859081	109.779927
83.6482881	87.4821631	97.4154037
65.1130025	68.0973475	75.8295212
45.2476075	47.3214563	52.6946137
33.0381694	34.5524169	38.4757019
24.9167562	26.0587719	29.0176394
20.4273931	21.3636481	23.7894031
17.7986369	18.6144075	20.7279956
16.0540419	16.7898519	18.6962688
15.0188281	15.7071906	17.4906769
14.5306606	15.1966494	16.9221669
14.0620975	14.7066113	16.3764856
13.8236619	14.4572469	16.0988075
14.1596569	14.8086406	16.4901006
14.9068319	15.5900619	17.3602481
16.433545	17.1867494	19.1382344
20.4789869	21.4176069	23.8494887
25.8998387	27.0869138	30.1625225
39.976925	41.8091994	46.5564638
60.8784987	63.6687619	70.8980894
2395.02969183426	2400.08947983426	2413.19894483426
6039.29763327385	6046.32900127385	6064.54662627385
95.1949031	99.5580144	110.862421
53.98703	56.4614344	62.8723987
32.763985	34.2656688	38.1563944
24.1504431	25.2573363	28.125205
18.8501287	19.7140938	21.9525456
15.9951112	16.7282206	18.6276425
14.6958956	15.3694563	17.1145956
15.5455187	16.25802	18.1040531
16.099485	16.8373763	18.7491925
17.2508475	18.04151	20.0900488
20.7202544	21.6699313	24.1304638
29.1426169	30.4783181	33.9390088
51.6379412	54.0046781	60.1366887
91.9405437	96.1544775	107.072435
2130.22835717043	2134.68905307043	2146.24634107043
54.4837269	56.980895	63.4508425
31.71406	33.1676206	36.9336669
20.4468287	21.3839756	23.8120356
17.5749813	18.3804994	20.4675306
20.7280925	21.6781281	24.1395912
22.6887637	23.7286638	26.4229562
31.357505	32.7947231	36.5184306
48.3808325	50.598285	56.343515
38.0317087	39.7748281	44.2910969
26.0959512	27.2920144	30.3909125
29.3433931	30.6882981	34.1728294
