#?RADIANCE
genskyvec -m 1
NROWS=146
NCOLS=1
NCOMP=3
FORMAT=ascii

5.05401075	5.28565269	5.88581688
19.1349275	20.0119425	22.2842188
19.5369887	20.4324344	22.7524519
20.4462744	21.3833937	23.8113919
22.5044769	23.5359319	26.2083394
27.1126188	28.3552794	31.5749062
35.1840944	36.7966975	40.9748131
47.4929856	49.6697469	55.3095419
74.9655881	78.4015075	87.30368
112.186641	117.328522	130.650685
105.041768	109.856179	122.329903
94.2971287	98.6190925	109.816877
57.64716	60.2893206	67.1349263
39.2988456	41.1000412	45.7667825
29.7986612	31.1644331	34.7030263
24.02831	25.1296069	27.9829694
21.5672725	22.5557725	25.1168881
19.6350456	20.534985	22.8666494
19.2611144	20.143915	22.4311737
18.8349212	19.6981887	21.9348356
19.0251469	19.8971338	22.1563725
19.3854506	20.2739512	22.5759731
19.0025638	19.8735131	22.1300694
18.9336894	19.8014844	22.0498612
19.4424769	20.3335906	22.642385
18.799145	19.6607756	21.8931738
19.343015	20.2295687	22.5265544
18.870845	19.7357575	21.9766719
19.0479831	19.9210175	22.1829662
18.5414719	19.39129	21.5930906
18.7420556	19.601065	21.8266856
15.8593425	16.5862288	18.4695275
15.6271375	16.34338	18.1991044
17.5591875	18.3639837	20.4491387
19.3977275	20.2867881	22.5902725
24.4049175	25.5234756	28.4215625
31.733475	33.1879256	36.9562769
45.5204656	47.6068181	53.0123788
73.46053	76.8274706	85.5509156
934.170888313554	940.003275313554	955.114469313554
1684.23119834445	1691.32676134445	1709.71075534445
95.6869356	100.072582	111.435417
57.7997188	60.4488712	67.3125944
38.8382581	40.6183431	45.23039
27.1611213	28.4060069	31.6313919
21.3994162	22.3802237	24.9214063
17.9801769	18.8042669	20.939415
17.5347787	18.338455	20.4207112
15.5977856	16.3126837	18.1649219
15.2707606	15.9706719	17.7840756
14.7458512	15.4217038	17.1727756
14.93212	15.6165081	17.3897
15.2810256	15.9814056	17.7960287
14.6574581	15.3292587	17.0698338
15.6047237	16.3199412	18.1730025
15.8197356	16.5448063	18.4234006
15.9545581	16.6858075	18.5804119
15.2874356	15.9881113	17.8034956
15.4408463	16.1485525	17.982155
15.1476375	15.8419037	17.6406881
15.4550994	16.1634556	17.9987512
11.9544719	12.5023862	13.9219794
12.1575569	12.7147775	14.1584881
13.6001844	14.2235256	15.83855
17.7004469	18.5117169	20.6136469
25.0016369	26.1475431	29.11649
40.8978069	42.7722888	47.6289069
69.85115	73.0526637	81.3475019
802.450925635981	807.118803635981	819.212892635981
67.1320512	70.2089325	78.1808675
39.5959288	41.4107413	46.1127619
25.6333781	26.8082406	29.8522069
17.687255	18.4979187	20.5982825
14.1916787	14.8421325	16.5273938
12.4497594	13.0203731	14.4987825
11.8853394	12.4300856	13.8414719
11.6893787	12.22514	13.6132544
11.3458194	11.8658356	13.2131531
11.8300119	12.3722188	13.7770344
11.536895	12.0656694	13.4356762
11.1535931	11.6648012	12.9892906
11.5185775	12.0465113	13.4143425
11.5650337	12.0950963	13.4684456
11.1854387	11.6981037	13.0263756
11.6014088	12.13314	13.5108063
9.85096444	10.3024669	11.4722706
10.5370801	11.0200275	12.2713069
11.8224406	12.3643025	13.7682187
13.981315	14.6221225	16.2824056
19.72329	20.627275	22.9694169
25.7952575	26.9775381	30.0407287
37.6551937	39.3810556	43.8526119
45.2106781	47.2828306	52.6516037
35.8992356	37.5446162	41.8076544
26.5564	27.7735688	30.9271425
18.5853469	19.4371737	21.644185
13.7910325	14.4231187	16.0608062
11.97399	12.5227981	13.9447106
10.6047999	11.0908537	12.3501744
9.96831575	10.4251964	11.608935
9.52736362	9.96403562	11.0954094
9.368337	9.79771887	10.9102094
9.35223944	9.78088356	10.8914625
9.46135594	9.89500113	11.0185381
9.42019775	9.85195619	10.9706056
9.46022094	9.89381437	11.0172169
9.5236675	9.96016825	11.0911056
9.4572965	9.89075556	11.0138106
9.70884544	10.1538356	11.30676
8.81300013	9.21692875	10.2634723
9.71568106	10.1609836	11.3147212
11.2429419	11.7582425	13.0933431
14.7345819	15.4099163	17.1596481
19.3694881	20.257255	22.5573831
22.9248631	23.9755856	26.697915
21.9905263	22.9984263	25.6098025
16.4228969	17.1756138	19.1258337
12.9360513	13.5289537	15.0651106
10.4801069	10.960445	12.2049594
9.19261456	9.61394238	10.7055656
8.69585544	9.09441519	10.1270491
8.42849538	8.81480113	9.81568594
8.24995056	8.62807294	9.60775537
8.14421744	8.51749369	9.48462069
8.17866175	8.55351706	9.52473375
8.324052	8.70557081	9.69405325
8.467004	8.85507481	9.86053206
8.46394419	8.85187475	9.85696894
9.42452019	9.85647763	10.9756413
11.8924419	12.4375131	13.8497431
14.7591356	15.4355944	17.188245
13.9101225	14.5476713	16.1994994
11.3106806	11.8290863	13.1722312
9.48263137	9.91725181	11.0433138
8.43991562	8.82674506	9.82898587
7.9041755	8.26644981	9.20507131
7.71931569	8.07311763	8.98978694
7.75897088	8.11459038	9.03596894
7.89424088	8.25605994	9.19350169
8.29549575	8.67570562	9.66079669
9.32696206	9.75444756	10.862025
9.82295981	10.2731783	11.4396562
9.01663769	9.42989975	10.5006271
7.93455931	8.29822619	9.24045588
7.76511187	8.1210125	9.04312031
8.46624169	8.8542775	9.85964519
