#?RADIANCE
genskyvec -m 1
NROWS=146
NCOLS=1
NCOMP=3
FORMAT=ascii

14.8754388	15.5572294	17.3236881
30.2666687	31.65389	35.2480594
29.6682981	31.028095	34.5512062
29.3615069	30.7072419	34.1939238
29.4270869	30.7758256	34.2702938
29.9614575	31.3346906	34.8926169
29.6989513	31.0601531	34.586905
29.9162337	31.287395	34.8399481
30.0290738	31.405405	34.9713625
31.2131113	32.6437125	36.3502731
30.5474037	31.9474925	35.575
32.5766125	34.0697062	37.9381812
33.0302081	34.5440913	38.4664319
35.0369613	36.6428225	40.803465
38.1532081	39.9018944	44.4325919
41.1677113	43.0545644	47.943235
48.7490531	50.9833825	56.7723363
48.1669419	50.3745931	56.09442
57.6311837	60.27261	67.1163175
60.3737119	63.1408344	70.3102181
54.9858881	57.506075	64.0356537
54.7472862	57.2565325	63.7577813
46.468475	48.5982769	54.1164137
43.5275244	45.522535	50.6914319
38.9282119	40.7124219	45.3351519
34.2053469	35.7730906	39.83498
32.9418181	34.4516519	38.3634956
31.13115	32.5579931	36.2548181
31.1899837	32.6195225	36.3233387
30.1557344	31.5378706	35.1188662
30.22768	31.6131131	35.2026525
28.1560525	29.4465381	32.7900713
27.1017256	28.3438856	31.5622175
27.8754881	29.1531137	32.4633331
27.6089475	28.8743569	32.1529194
27.5648088	28.8281956	32.1015175
27.1532675	28.3977931	31.6222463
28.0933912	29.3810038	32.7170969
28.7636325	30.081965	33.4976488
29.1152956	30.4497456	33.9071894
28.7715881	30.0902856	33.5069137
30.6560675	32.0611362	35.7015462
32.8903844	34.39786	38.303595
36.666235	38.3467706	42.7008887
41.7049081	43.6163806	48.5688413
48.1380275	50.3443506	56.0607463
58.57653	61.2612831	68.2172537
66.1294744	69.1604081	77.01329
78.6192087	82.2225844	91.558625
82.025695	85.7852037	95.525765
79.2638362	82.8967606	92.3093425
69.3591975	72.5381569	80.7745675
57.4255019	60.0575025	66.8767869
47.9862256	50.1855925	55.8839619
40.8716419	42.7449263	47.5984369
36.3790025	38.0463694	42.3663787
33.6020313	35.142125	39.1323669
30.8532237	32.2673275	35.9311512
29.6420444	31.0006394	34.5206325
28.531135	29.8388112	33.2268862
28.3272431	29.6255737	32.9894369
23.1039019	24.1628294	26.9064213
22.3956006	23.422065	26.081545
22.241595	23.2610012	25.9021925
22.979635	24.0328681	26.7617019
23.0948856	24.1534	26.8959187
23.5500156	24.6293912	27.4259581
24.2395481	25.3505269	28.228975
25.6260975	26.8006262	29.8437269
27.0301106	28.2689888	31.4788169
31.2998344	32.7344081	36.4512669
37.1669444	38.8704275	43.284005
49.5869906	51.8597244	57.7481831
67.6521575	70.75288	78.78658
90.6317413	94.7856956	105.548221
106.942825	111.844383	124.543844
101.877947	106.547354	118.645375
78.9935769	82.6141125	91.994605
59.6593112	62.393695	69.4782431
43.7950588	45.8023313	51.0029975
35.4890931	37.1156744	41.3300081
29.9487812	31.3214325	34.8778525
26.9263275	28.1604506	31.3579556
24.48506	25.6072931	28.5148944
23.8054075	24.8964875	27.7233806
20.5194594	21.4599337	23.8966213
20.1624206	21.0865306	23.48082
19.8014569	20.7090225	23.0604463
19.9274675	20.8408094	23.2071981
20.4062844	21.3415725	23.7648212
20.7446531	21.6954487	24.1588775
21.7963781	22.7953781	25.3837006
23.6785606	24.7638281	27.5756594
26.7604344	27.9869538	31.1647581
31.3458044	32.7824856	36.5048044
40.3174694	42.1653531	46.9530569
56.8916881	59.4992225	66.2551163
75.9463769	79.4272513	88.445885
116.998736	122.361182	136.254788
922.547366076813	929.611434076813	947.913834076813
150.5171	157.4158	175.289706
105.503308	110.338873	122.867386
71.5007863	74.7779031	83.26863
48.4566469	50.6775731	56.4318056
36.2210494	37.8811806	42.1824325
29.4526881	30.8025987	34.3001087
25.1829144	26.3371306	29.3276031
22.8365394	23.8832131	26.5950544
21.6238781	22.6149706	25.1828075
20.3330075	21.2649375	23.679485
19.4665806	20.3587994	22.6704575
19.3059737	20.1908313	22.4834175
19.647685	20.5482012	22.8813681
20.6363475	21.5821775	24.0327475
23.4616856	24.5370106	27.3230881
27.4705862	28.729655	31.9917888
37.8643212	39.5997675	44.0961587
52.7084031	55.1242031	61.3833312
87.4824956	91.4921	101.880657
996.05712287653	1002.31635387653	1018.53345987653
2210.33216960018	2219.06011360018	2241.67348860018
120.571282	126.097468	140.415313
65.643205	68.6518487	76.4469856
43.6179981	45.6171563	50.7967975
31.12026	32.5466062	36.2421394
24.7827562	25.9186319	28.861585
21.8580444	22.8598706	25.4555156
21.6443331	22.6363638	25.2066306
21.2024025	22.1741775	24.6919656
21.445365	22.4282775	24.9749175
23.8103037	24.9016081	27.7290844
30.2774425	31.6651575	35.260605
47.025485	49.1808188	54.7651006
76.4312587	79.9343556	89.0105762
104.071523	108.84146	121.199962
91.6540725	95.8548938	106.738828
53.3281975	55.772405	62.1051337
32.1906838	33.6660869	37.4887344
25.5717181	26.7437544	29.7803975
27.3931681	28.6486863	31.9016288
27.4645744	28.7233656	31.9847875
34.4959894	36.0770544	40.1734563
50.9192187	53.2530138	59.2996762
49.8295962	52.11345	58.0307175
36.6346438	38.3137306	42.6640975
35.85892	37.5024525	41.7607012
