#?RADIANCE
genskyvec -m 1
NROWS=146
NCOLS=1
NCOMP=3
FORMAT=ascii

29.7147706	31.0766981	34.6053287
38.8268219	40.6063844	45.2170725
38.4964237	40.2608425	44.8322956
38.33082	40.0876481	44.639435
38.4413863	40.2032831	44.7682006
38.8489262	40.6294994	45.2428131
39.5205806	41.3319387	46.02501
40.9066325	42.7815206	47.639185
43.3749019	45.362915	50.51369
47.3536912	49.5240694	55.1473231
49.2812319	51.5399531	57.3921037
56.3703844	58.9540244	65.6480144
58.4310356	61.1091219	68.0478131
61.2815306	64.0902656	71.3674513
62.91524	65.7988538	73.270045
58.8522488	61.5496431	68.5383519
56.9441438	59.5540806	66.316205
50.0245944	52.3173875	58.2578119
48.2653531	50.477515	56.2090288
44.0783525	46.09861	51.3329188
41.68653	43.5971625	48.5474425
40.5376681	42.3956431	47.209495
39.1403319	40.9342631	45.5821819
38.5696619	40.3374363	44.9175888
38.666885	40.4391156	45.0308119
38.3412631	40.09857	44.6515988
38.9722287	40.7584556	45.3864113
38.914435	40.6980119	45.3191044
39.0985769	40.8905931	45.5335512
38.8059062	40.5845106	45.1927156
38.7468319	40.5227281	45.1239187
33.986045	35.5437369	39.5795831
32.9460075	34.4560319	38.3683744
34.2330762	35.8020881	39.86727
34.3283569	35.9017381	39.978235
35.3941269	37.0163563	41.2194119
36.5006375	38.1735813	42.5080369
39.1945981	40.9910156	45.6453775
42.8822537	44.8476887	49.93996
48.2244744	50.4347606	56.1614225
55.4561362	57.997875	64.583295
64.4059888	67.3579287	75.0061469
73.8516444	77.2365081	86.0063975
78.1785375	81.7617169	91.0454237
80.9124863	84.6209744	94.229345
77.0621025	80.5941125	89.7452425
67.63131	70.731075	78.7623006
58.5648738	61.249095	68.2036775
50.8497844	53.1803981	59.2188144
44.3313025	46.3631537	51.6274994
40.1089394	41.9472631	46.7102031
37.4028381	39.1171338	43.5587244
35.72783	37.3653562	41.6080381
33.8056494	35.3550725	39.3694956
34.2275175	35.7962763	39.8607981
34.2613344	35.8316444	39.9001806
34.4032912	35.9801081	40.0655012
33.593665	35.1333731	39.1226238
33.8964144	35.4499994	39.4752019
33.4941438	35.0292906	39.0067244
33.81847	35.3684794	39.3844269
28.4205069	29.7231138	33.0980494
28.2908831	29.5875487	32.9470931
29.102585	30.4364531	33.8923881
31.2422281	32.6741625	36.38418
33.848095	35.3994662	39.4189306
38.4547581	40.2172675	44.7837737
45.8406544	47.9416812	53.3852619
57.8101988	60.45983	67.3247975
74.4561956	77.8687719	86.7104494
94.3561725	98.680825	109.885622
108.071599	113.024901	125.858419
97.9712462	102.461601	114.095697
79.1989906	82.8289438	92.2338275
62.6242631	65.4945406	72.931175
48.1248706	50.3305931	56.0454262
39.8589631	41.6858306	46.4190869
34.0899325	35.6523862	39.70057
31.9747188	33.4402244	37.2372256
29.8316381	31.1989213	34.7414306
28.5857525	29.89593	33.2904919
28.5364131	29.8443325	33.2330331
28.4101212	29.71225	33.085955
27.7965081	29.0705137	32.3713525
28.2867944	29.5832712	32.9423306
26.1721175	27.3716719	30.4796131
26.8981244	28.1309537	31.3251081
28.2500631	29.5448569	32.8995569
30.0250113	31.4011563	34.9666294
34.4150119	35.992365	40.0791506
38.9854287	40.7722606	45.4017819
51.0601369	53.4003931	59.4637875
69.193315	72.3646738	80.581385
100.862609	105.485473	117.462911
136.427906	142.680837	158.881663
169.66295	177.439156	197.586631
153.415281	160.446787	178.664888
112.659039	117.822576	131.200837
72.9395012	76.2825594	84.9441313
53.2182094	55.6573762	61.9770419
43.1843725	45.1636556	50.2918031
35.6397013	37.2731863	41.5054037
31.3777256	32.8158731	36.5419806
28.6525537	29.965795	33.3682881
27.1592494	28.4040481	31.6292113
26.4038531	27.6140275	30.7494894
26.0293525	27.2223663	30.3133531
25.7988813	26.9813294	30.0449475
25.9307987	27.1192938	30.1985781
26.5414644	27.7579494	30.9097512
28.0749969	29.3617675	32.695675
31.3140563	32.7492838	36.4678306
36.8723588	38.5623425	42.9409381
46.6854494	48.8251981	54.3690981
74.63346	78.0541575	86.91689
115.414012	120.703829	134.40925
3268.60563200509	3278.59069500509	3304.46112000509
4495.01024065238	4504.99440965238	4530.86260965238
126.1222	131.9028	146.879825
81.3292775	85.0568669	94.7147256
53.4899406	55.9415619	62.2934975
39.245175	41.0439119	45.70428
31.8840106	33.3453613	37.13159
28.8660463	30.1890731	33.6169175
26.8378287	28.067895	31.2548906
25.9237006	27.1118687	30.19031
25.9243194	27.1125156	30.1910306
29.5462938	30.9004962	34.4091225
34.3785475	35.95423	40.0366844
43.6184438	45.6176206	50.7973169
65.0496681	68.0311094	75.7557619
102.726395	107.434677	119.633438
2064.54466640322	2071.25964140322	2088.65751640322
110.939007	116.023707	129.197731
69.7110731	72.9061612	81.1843569
44.4971856	46.5366394	51.8206837
34.7403175	36.3325819	40.4579981
29.0989763	30.4326781	33.8881831
29.1801969	30.5176219	33.9827731
37.6755944	39.4023919	43.8763719
48.8885969	51.1293225	56.9348487
71.32548	74.5945619	83.0644687
79.704585	83.3577144	92.8226319
49.1126969	51.3636944	57.1958306
37.885925	39.6223619	44.1213181
51.3313912	53.6840788	59.7796837
