#?RADIANCE
genskyvec -m 1
NROWS=146
NCOLS=1
NCOMP=3
FORMAT=ascii

13.4445875	14.0607975	15.6573419
30.8085344	32.2205919	35.8791088
30.4990431	31.8969138	35.5186794
31.068615	32.4925906	36.1819925
32.5197531	34.0102419	37.8719662
35.3408825	36.9606725	41.1574056
40.2338806	42.0779331	46.8557081
47.1244075	49.2842731	54.8803019
59.5918825	62.323175	69.3997138
76.448465	79.95235	89.0306131
84.2883706	88.1515881	98.1608362
97.3035619	101.763302	113.318103
83.5821756	87.4130237	97.3384194
68.5404425	71.6818787	79.8210619
55.6929881	58.2455825	64.8591294
44.9948125	47.057075	52.4002119
38.7856206	40.5632931	45.1690875
34.6241838	36.2111256	40.3227512
32.1404219	33.6135244	37.4302019
30.4958281	31.8935506	35.5149344
31.2638419	32.6967669	36.4093506
31.3368806	32.7731544	36.4944106
31.7926688	33.2498325	37.0252131
31.6630131	33.1142331	36.87422
33.4564525	34.9898725	38.9628294
33.4737875	35.0080019	38.9830175
34.4881594	36.068865	40.1643388
33.9244994	35.4793706	39.5079081
32.9751981	34.4865619	38.4023681
31.7840694	33.2408388	37.0152
30.8939406	32.30991	35.9785669
22.5127462	23.5445787	26.2179687
21.2723319	22.2473138	24.773405
23.6116106	24.69381	27.4976919
24.7791956	25.9149075	28.8574388
28.5531525	29.8618388	33.2525288
33.1167769	34.6346281	38.5672481
41.9745025	43.8983312	48.8828094
56.3627594	58.9460525	65.6391344
78.5168344	82.1155169	91.4394006
103.286216	108.020166	120.285419
113.830769	119.048006	132.5654
98.2079487	102.709135	114.371344
74.0679138	77.4626931	86.2582625
53.3268644	55.77101	62.1035812
40.5994137	42.4602213	47.2814044
31.5660256	33.0128013	36.7612687
29.0061262	30.3355731	33.7800538
24.0622131	25.165065	28.0224531
22.5587606	23.5927019	26.2715562
21.1938275	22.1652119	24.6819806
21.420185	22.4019425	24.9455912
22.1790594	23.1955981	25.8293638
21.2098688	22.1819856	24.7006606
23.4443194	24.51885	27.302865
24.1103813	25.21544	28.07855
24.5436569	25.6685719	28.5831338
23.1115719	24.1708525	26.9153525
23.2467287	24.3122044	27.0727544
22.26544	23.2859375	25.9299587
22.3821569	23.4080044	26.0658875
15.4314737	16.1387481	17.9712375
15.3830144	16.0880694	17.9148044
16.8236762	17.5947613	19.5925744
20.878	21.8349069	24.3141713
26.91571	28.149345	31.3455875
39.1545781	40.9491631	45.5987725
61.9998344	64.8414937	72.20398
104.56407	109.356584	121.773585
2173.51562293834	2180.02682893834	2196.89679193834
96.6185969	101.046956	112.520418
58.8285687	61.5248763	68.5107725
35.6076	37.2396125	41.4680181
25.136625	26.28872	29.2736956
19.7388006	20.6434969	22.9874806
17.2107706	17.9995962	20.0433744
16.0731287	16.8098144	18.7185
15.0925575	15.7842981	17.5765412
15.8605313	16.5874725	18.4709113
15.4345431	16.1419594	17.9748137
14.8307125	15.5104538	17.2716006
15.5733569	16.287135	18.1364731
15.6260125	16.3422038	18.1977937
14.7566963	15.4330444	17.1854019
15.28339	15.9838769	17.7987813
12.0967525	12.6511844	14.0876756
12.9528138	13.5464844	15.08463
14.461875	15.1247088	16.8420581
16.9325844	17.7086606	19.7194063
23.44862	24.5233475	27.3078725
30.7698856	32.1801725	35.8340981
51.7888331	54.1624869	60.3124131
1585.70723654253	1589.62058914253	1599.75973784253
3157.53113396683	3162.51280696683	3175.41986696683
76.5778575	80.0876744	89.1812981
45.8792244	47.9820194	53.4301813
28.7507025	30.0684412	33.4825881
22.0215675	23.0308875	25.6459494
16.7899787	17.5595194	19.5533306
14.25807	14.911565	16.6047125
12.7979556	13.3845306	14.9042875
12.02356	12.5746394	14.0024369
11.7511987	12.2897956	13.6852519
11.8286763	12.3708238	13.7754819
11.7402506	12.278345	13.6725006
11.8082838	12.3494975	13.7517331
11.8901687	12.4351344	13.8470919
11.7075562	12.2441519	13.6344244
12.0205825	12.571525	13.99897
10.6577175	11.1461962	12.4118019
11.981025	12.5301544	13.9529
14.3181844	14.9744344	16.67472
19.6383725	20.5384625	22.8705206
28.5916144	29.9020619	33.2973188
46.0315963	48.1413737	53.6076306
55.3942894	57.9331919	64.5112694
40.7771738	42.6461244	47.4884194
27.8868369	29.1649819	32.476545
18.7560344	19.6156856	21.8429656
14.27073	14.9248056	16.6194575
12.020465	12.5714044	13.9988356
10.7767719	11.2707063	12.5504488
10.079793	10.5417825	11.73876
9.7759895	10.2240561	11.3849537
9.74454531	10.1911691	11.3483344
9.93170356	10.3869054	11.5662963
10.13861	10.6032969	11.8072569
10.4758331	10.9559744	12.1999806
12.4111044	12.9799469	14.4537681
17.3303194	18.1246256	20.1826031
26.0005738	27.1922662	30.2798356
28.00557	29.2891569	32.6148225
22.2002569	23.2177675	25.8540494
16.1089063	16.8472306	18.7601644
12.4221712	12.99152	14.4666531
10.2895395	10.7611437	11.9830262
9.50178719	9.93728494	11.0656237
9.27377663	9.69882438	10.8000862
9.553286	9.99114481	11.1255994
10.9155579	11.4158531	12.7120781
13.6246969	14.2491619	15.8670962
16.0226931	16.7570656	18.6597613
14.3804344	15.0395375	16.7472156
10.8066212	11.3019244	12.5852119
9.93113281	10.3863079	11.5656313
12.0853894	12.6393031	14.0744431
