#?RADIANCE
genskyvec -m 1
NROWS=146
NCOLS=1
NCOMP=3
FORMAT=ascii

23.4128844	24.485975	27.2662562
33.2326556	34.7558169	38.7021975
33.0613881	34.5767	38.5027431
33.0237281	34.5373144	38.458885
33.3538044	34.88252	38.8432856
34.3891906	35.96536	40.0490787
35.1382525	36.7487525	40.921425
36.3010975	37.9648963	42.2756562
38.7451344	40.5209544	45.1219419
42.6280356	44.5818213	49.6439031
43.1690587	45.1476394	50.2739687
50.3233156	52.6298	58.6056981
52.1073525	54.4956056	60.6833575
55.72389	58.2778994	64.8951156
58.9132906	61.6134806	68.6094406
55.8023306	58.3599362	64.9864694
55.53181	58.0770162	64.6714238
47.534735	49.7134081	55.3581625
46.9050356	49.0548488	54.6248244
42.3421187	44.2827994	49.3109294
38.7451694	40.5209881	45.12198
37.7674019	39.4984087	43.9832887
35.4406306	37.0649925	41.27357
34.92339	36.5240431	40.6711994
34.2333231	35.80235	39.8675606
33.1003494	34.6174488	38.5481175
33.24153	34.7650981	38.7125344
32.7501994	34.2512487	38.1403375
33.1809875	34.7017806	38.6420275
32.8111619	34.3150087	38.2113381
33.0785225	34.5946194	38.5226994
31.7649981	33.2208931	36.9929894
31.2713725	32.7046419	36.4181206
32.29613	33.7763681	37.6115375
32.7115962	34.2108762	38.0953813
33.8209869	35.3711156	39.3873587
35.02585	36.6312019	40.7905237
37.2904275	38.9995706	43.4278144
40.5592144	42.4181781	47.2345869
45.4627513	47.5464606	52.9451656
52.4744219	54.8794962	61.1108406
60.819865	63.6074406	70.829805
70.4175656	73.6450344	82.0071281
76.0791737	79.5661331	88.6005387
81.6845969	85.4284744	95.1285275
80.9583706	84.66896	94.2827775
73.5245062	76.8943763	85.6254188
63.2944225	66.1954156	73.7116337
55.6587544	58.2097787	64.8192613
47.5765594	49.7571487	55.4068694
42.455705	44.4015906	49.4432087
38.6087069	40.3782719	44.9630606
35.9812656	37.630405	41.9031831
33.70396	35.2487231	39.2510713
33.1610338	34.6809131	38.6187881
32.7163762	34.2158775	38.10095
32.4178337	33.9036512	37.75327
31.5882256	33.0360175	36.7871244
31.5748538	33.0220344	36.7715512
31.2743463	32.7077506	36.4215844
31.5632325	33.0098812	36.7580169
27.3621119	28.6162081	31.8654612
27.26977	28.5196331	31.7579213
28.0974325	29.3852312	32.7218044
30.2113375	31.5960231	35.1836231
32.6274431	34.1228669	37.9973787
36.8329056	38.5210781	42.89499
43.4695031	45.4618544	50.6238606
54.20535	56.6897606	63.1266512
68.919855	72.07868	80.26292
88.4034863	92.4553088	102.953229
105.341971	110.170152	122.679513
104.502132	109.291811	121.70145
89.7702719	93.8847412	104.544967
72.4815737	75.8036412	84.4108375
54.8234075	57.336145	63.84643
43.9973369	46.01388	51.2385687
36.2310412	37.8916275	42.1940687
33.075905	34.5918825	38.5196494
30.0833506	31.4621706	35.0345706
28.3536056	29.653145	33.0201394
27.8838513	29.1618594	32.4730694
27.5105919	28.7714906	32.0383763
26.76258	27.9891994	31.1672575
27.1623106	28.4072506	31.6327744
24.8435338	25.9821956	28.9323662
25.5308144	26.7009769	29.7327612
26.7293212	27.9544125	31.1285225
28.395515	29.6969769	33.0689487
32.4230425	33.9090962	37.7593369
36.4831588	38.1553012	42.4876794
47.0062537	49.1607063	54.7427037
62.4234375	65.2845119	72.6972994
88.5937781	92.6543212	103.174828
118.9815	124.434806	138.563875
156.172012	163.3299	181.875356
163.891556	171.403244	190.865369
129.359363	135.28835	150.649756
85.8618931	89.7972281	99.9933356
61.6596638	64.4857287	71.8078194
48.5612763	50.787	56.5536563
38.4805225	40.2442125	44.8137781
32.7019525	34.2007906	38.0841506
28.9508038	30.2777144	33.7156262
26.8420063	28.0722656	31.2597556
25.7094887	26.8878406	29.9408438
25.0612638	26.2099044	29.1859312
24.6507162	25.7805381	28.707815
24.7279525	25.8613175	28.7977638
24.8331181	25.9713031	28.9202381
26.1734463	27.3730619	30.4811612
29.0615144	30.3934994	33.8445588
34.069855	35.63139	39.6771881
42.7124156	44.6700663	49.7421706
66.3752369	69.4174319	77.299495
99.3182369	103.870317	115.664364
1376.68325420344	1384.94307320344	1406.34351620344
4340.27446900595	4350.66747500595	4377.59479400595
148.032231	154.817044	172.395881
95.1184463	99.4780469	110.773367
60.8282819	63.6162431	70.8396069
42.5543775	44.5047869	49.5581219
32.7642612	34.2659569	38.1567162
28.6412344	29.9539575	33.3551094
25.9222275	27.1103275	30.188595
24.6313544	25.7602906	28.6852656
24.3990969	25.5173881	28.4147825
27.5666131	28.8300838	32.1036212
31.9294238	33.3928525	37.184475
40.2138581	42.0569937	46.8323919
59.0143844	61.7192069	68.72717
93.4005169	97.6813675	108.772696
1285.61386063232	1292.34687863232	1309.79156663232
124.625125	130.3371	145.13635
77.9870831	81.5614881	90.8224525
47.6077088	49.7897269	55.4431494
35.1674656	36.7793063	40.9554463
28.08527	29.37251	32.7076388
27.6113563	28.8768769	32.1557306
35.9049156	37.5505556	41.8142694
46.4344019	48.5626444	54.0767319
69.1257844	72.2940481	80.5027412
82.1950163	85.9622869	95.7229519
50.161385	52.4604462	58.4171138
37.2332075	38.9397294	43.361175
50.4925638	52.8068056	58.8028025
