#?RADIANCE
genskyvec -m 1
NROWS=146
NCOLS=1
NCOMP=3
FORMAT=ascii

27.4834275	28.7430844	32.0067425
37.6906387	39.4181256	43.8938906
38.0217881	39.7644519	44.2795419
38.2840344	40.0387181	44.5849506
38.445345	40.2074212	44.7728087
37.7197188	39.4485381	43.9277581
37.254865	38.9623781	43.3863963
37.4201444	39.1352344	43.5788806
36.63263	38.311625	42.6617525
36.6937994	38.3755963	42.7329881
38.8274825	40.6070719	45.2178394
39.3507613	41.1543388	45.8272438
41.4709331	43.3716844	48.29636
43.7908531	45.7979325	50.9981006
46.5954619	48.7310863	54.2643019
50.369875	52.6784931	58.6599213
56.2240294	58.8009625	65.4775706
56.5838988	59.1773244	65.8966687
61.2305012	64.0368981	71.3080256
60.386445	63.1541544	70.3250494
56.6263794	59.2217519	65.9461406
53.7798994	56.24481	62.6311781
48.3702775	50.5872456	56.3312213
44.8866625	46.9439662	52.2742606
42.4340631	44.378955	49.418005
39.7261113	41.54689	46.2643663
39.0784163	40.8695075	45.5100744
38.2954512	40.0506575	44.5982456
37.6177862	39.3419319	43.8090487
37.2755006	38.9839613	43.4104287
37.2207444	38.9266956	43.3466612
29.0430088	30.3741456	33.823005
27.5303475	28.7921538	32.061385
29.1926337	30.5306281	33.9972562
28.6403813	29.9530638	33.3541119
28.5488219	29.8573081	33.2474812
27.6744256	28.9428338	32.2291737
29.1120981	30.4463994	33.9034656
29.9194269	31.2907325	34.8436662
30.081175	31.459895	35.0320369
29.0568687	30.3886412	33.8391456
31.492805	32.9362244	36.6759975
34.0580225	35.619015	39.6634087
38.6029756	40.3722794	44.9563856
43.7500875	45.7552969	50.9506238
49.4613706	51.7283481	57.6018925
57.6889031	60.3329781	67.1835381
63.0896294	65.9812338	73.4731331
67.9969488	71.1134725	79.1881169
65.8099425	68.8262294	76.641165
60.3238156	63.0886563	70.2521138
52.92894	55.3548481	61.6401656
45.5840694	47.6733394	53.0864519
38.9442044	40.7291469	45.3537731
35.9044775	37.5500994	41.81376
33.38988	34.9202456	38.8853
31.9617725	33.4266862	37.22215
29.7130406	31.0748881	34.6033144
29.3684269	30.71448	34.2019831
28.5026044	29.8089731	33.1936587
28.7612675	30.0794887	33.4948925
21.8056081	22.8050306	25.3944506
21.15411	22.1236725	24.6357269
21.1266688	22.0949738	24.6037675
22.0634237	23.0746638	25.6946975
22.1821812	23.1988638	25.8329988
22.6799006	23.719395	26.4126369
23.4913463	24.5680306	27.35763
25.1264006	26.2780256	29.2617887
26.8112263	28.0400719	31.2239081
31.6000563	33.0483919	36.8009006
37.8758175	39.6117913	44.1095475
49.9774113	52.26804	58.2028619
65.0941987	68.0776806	75.8076206
79.3528394	82.9898425	92.4130031
81.1529231	84.8724294	94.5093506
70.07707	73.2889337	81.6105919
53.3820394	55.828715	62.1678381
42.6090525	44.561965	49.6217938
33.4891588	35.02408	39.00092
28.5880312	29.8983137	33.2931437
25.6935344	26.871155	29.9222656
23.9784569	25.0774694	27.9249138
22.2932869	23.3150637	25.9623925
22.1872275	23.2041412	25.8388756
18.8948875	19.7609025	22.0046719
18.7477088	19.6069769	21.83327
18.5468075	19.3968694	21.5993044
18.7618019	19.6217169	21.8496825
19.3712612	20.25911	22.5594488
19.8182737	20.7266113	23.0800325
21.1322856	22.1008469	24.6103087
23.3496719	24.419865	27.1926394
26.9997506	28.2372381	31.4434612
32.2221444	33.6989925	37.5253744
42.3001987	44.238955	49.2621069
60.7485313	63.5328369	70.7467312
79.5361744	83.1815769	92.6265087
109.169548	114.173149	127.13705
115.022683	120.29455	133.9535
96.2706044	100.683004	112.115152
67.3268563	70.4126681	78.40774
48.0986831	50.3032031	56.0149269
35.1913912	36.8043306	40.9833119
28.2409019	29.5352762	32.888885
24.3244162	25.4392838	28.3278112
21.8084087	22.80796	25.3977087
20.3346337	21.2666369	23.6813775
19.634665	20.5345863	22.8662031
18.6414362	19.4958337	21.709505
18.1641194	18.9966419	21.1536319
18.2713294	19.1087644	21.2784856
18.8285213	19.6914944	21.9273825
20.0801681	21.0005075	23.3850319
23.5236581	24.6018263	27.3952619
28.272595	29.5684219	32.9257931
40.5257944	42.3832237	47.195665
58.1854181	60.8522475	67.7617719
99.4804763	104.039985	115.853309
5367.83349495792	5374.92253295792	5393.28960695792
2637.02969246789	2643.31720446789	2659.60764846789
79.645365	83.2957756	92.753675
46.8132306	48.9588356	54.5179113
33.45043	34.983575	38.9558169
25.5588544	26.7303019	29.7654175
21.4698544	22.4538894	25.0034356
19.6037013	20.5022037	22.8301438
20.0122506	20.9294781	23.305935
20.1589137	21.0828631	23.4767362
20.9081006	21.8663881	24.3492256
23.8805587	24.9750856	27.8109025
31.4864175	32.9295419	36.6685575
51.2583975	53.6077388	59.6946788
86.0679081	90.0126806	100.233252
2009.37202744283	2014.25970044283	2026.92326444283
73.1601725	76.513345	85.2011256
42.6865787	44.6430456	49.7120819
27.1482775	28.3925731	31.6164325
22.8254531	23.8716194	26.582145
25.6156537	26.789705	29.8315644
26.8136775	28.0426381	31.2267644
34.96267	36.565125	40.7169469
52.2596575	54.65489	60.86073
46.0049063	48.1134644	53.5765506
32.8286694	34.3333169	38.2317238
34.5623931	36.1465031	40.25079
