#?RADIANCE
genskyvec -m 1
NROWS=146
NCOLS=1
NCOMP=3
FORMAT=ascii

3.62288369	3.7889325	4.21915006
16.2894194	17.0360181	18.9703869
15.7677231	16.49041	18.3628287
15.7012531	16.420895	18.2854188
15.8502575	16.5767281	18.4589481
16.0749119	16.8116775	18.7205737
15.9166987	16.6462138	18.5363244
16.0769188	16.8137769	18.7229125
15.7454769	16.4671444	18.3369212
16.0908738	16.8283731	18.739165
16.00329	16.7367719	18.6371656
16.1317881	16.8711625	18.7868119
15.9463031	16.6771744	18.5707994
15.8195137	16.5445738	18.4231425
15.8074887	16.5319975	18.4091369
16.3436081	17.0926894	19.0334938
17.941635	18.7639606	20.8945312
19.3784538	20.2666306	22.5678244
24.1399412	25.2463556	28.1129725
34.3405906	35.9145356	39.9924831
48.4733494	50.6950419	56.4512563
80.6820994	84.3800269	93.9610337
103.953701	108.718226	121.062756
109.549986	114.571025	127.580093
74.5123431	77.9274881	86.7758325
44.0689437	46.08877	51.3219594
31.0656281	32.4894694	36.1785169
23.3763081	24.4477219	27.2236619
19.843325	20.7528113	23.1092062
17.4776144	18.2786706	20.3541388
16.5236231	17.280955	19.2431356
13.2290819	13.8354144	15.4063687
12.3200769	12.8847469	14.3477569
12.9677663	13.5621231	15.1020444
12.7524513	13.3369381	14.8512938
12.7675069	13.3526844	14.8688281
12.3937494	12.9617975	14.433555
13.0621813	13.660865	15.2119987
13.3384219	13.9497662	15.533705
13.0846481	13.6843587	15.2381619
11.9490238	12.4966862	13.915635
12.2892187	12.8524744	14.31182
12.2904456	12.8537575	14.3132487
12.9517194	13.54534	15.0833587
13.03856	13.6361587	15.1844887
13.3361769	13.9474194	15.5310925
14.5263456	15.1921356	16.9171406
17.3437525	18.1386756	20.1982481
20.5554138	21.4975369	23.9384938
29.0496706	30.3811144	33.8307663
42.0882081	44.0172506	49.0152281
68.3769156	71.5108562	79.6306219
1163.08132512347	1168.51058912347	1182.57736312347
921.987113376214	927.021294376214	940.064421376214
67.2089587	70.2893675	78.2704381
41.7656519	43.6799113	48.6395844
29.1559525	30.4922663	33.9545394
20.2973806	21.2276762	23.6379938
16.6050788	17.3661437	19.3379981
14.3934675	15.0531675	16.7623931
13.6195456	14.243775	15.8610956
9.77021175	10.2180139	11.3782275
9.29190112	9.71778006	10.8211944
9.18752406	9.60861944	10.6996388
9.61609338	10.0568297	11.1987433
9.6029375	10.0430711	11.1834207
9.65442144	10.0969161	11.2433804
9.6371605	10.0788633	11.2232756
9.6810985	10.1248149	11.2744465
9.28975212	9.71553212	10.818691
9.57052081	10.0091699	11.1456704
9.67404613	10.1174396	11.2662331
10.3772412	10.8528658	12.0851625
11.44177	11.9661856	13.3248956
13.4921094	14.1104981	15.7126881
18.8442663	19.70796	21.94572
29.1236662	30.4585006	33.9169387
48.5573469	50.78289	56.5490813
491.320952832549	494.753923532549	503.648445432549
52.4542512	54.8584019	61.0873494
30.8122194	32.2244463	35.8834
20.5960019	21.539985	23.9857606
15.0014819	15.68905	17.4704769
11.4896269	12.0162344	13.3806275
10.4896962	10.9704747	12.2161269
8.084552	8.45509362	9.41513481
7.88151381	8.24274944	9.17868019
7.64043969	7.99062631	8.89792906
7.68574925	8.03801244	8.95069606
7.79532444	8.15260988	9.0783055
7.75333644	8.10869731	9.02940687
7.69247744	8.04504919	8.95853144
7.78833825	8.14530369	9.07016963
7.72781069	8.08200169	8.99968
7.86411781	8.22455631	9.15842119
8.04293669	8.41157106	9.3666705
8.38701706	8.77142169	9.76738081
9.19429356	9.61569794	10.7075207
11.2705489	11.7871144	13.125495
14.6094725	15.2790725	17.0139481
18.6407694	19.4951381	21.7087306
25.9535188	27.1430556	30.2250388
31.0749662	32.4992369	36.1893912
29.3838888	30.7306494	34.2199881
21.7515769	22.7485238	25.3315244
15.8530506	16.5796475	18.4621981
11.8078037	12.3489925	13.7511725
9.74988331	10.1967527	11.3545519
8.88596787	9.29324081	10.3484504
7.29172644	7.62593044	8.49182356
6.95471406	7.27347162	8.0993445
6.76008544	7.06992238	7.872683
6.79588987	7.10736806	7.91438062
6.80323194	7.11504662	7.92293106
6.77348288	7.083934	7.88828575
6.86625175	7.18095481	7.99632275
7.10155681	7.42704456	8.27035494
7.42637206	7.76674719	8.64862956
8.34754113	8.7301365	9.72140775
9.47155119	9.90566375	11.0304113
12.4452537	13.0156606	14.493535
15.9911744	16.7241019	18.623055
17.10227	17.8861244	19.9170206
14.5356181	15.2018337	16.9279388
11.4107913	11.9337856	13.2888188
9.31496781	9.74190294	10.8480562
7.95729694	8.32200606	9.26693587
6.823495	7.13623837	7.94652906
6.42309931	6.71749119	7.48023475
6.32966669	6.61977619	7.3714245
6.36207556	6.65367044	7.40916744
6.42508569	6.71956875	7.48254794
6.79968831	7.11134031	7.91880412
7.57421225	7.9213635	8.82080181
8.71359675	9.11297	10.1477113
10.6717444	11.1608654	12.4281369
10.5738911	11.0585277	12.3141781
9.18432519	9.60527369	10.6959129
7.53092131	7.87608831	8.77038575
6.69519013	7.00205275	7.79710731
6.33578238	6.62617231	7.37854681
6.42235756	6.71671525	7.47937081
6.95727825	7.27615325	8.10233081
7.65589656	8.00679175	8.91593006
7.59325806	7.94128219	8.84298225
6.71951762	7.02749525	7.82543862
