#?RADIANCE
genskyvec -m 1
NROWS=146
NCOLS=1
NCOMP=3
FORMAT=ascii

19.7612719	20.666995	23.01365
35.7903594	37.4307506	41.6808594
36.3176037	37.9821594	42.2948788
36.8767625	38.5669463	42.946065
37.3173919	39.0277713	43.4592137
36.6831012	38.3644094	42.7205287
36.159765	37.8170881	42.1110619
36.1722581	37.8301538	42.1256131
34.79328	36.3879725	40.5196769
34.3820763	35.9579212	40.0407975
36.3009175	37.9647088	42.2754462
35.7233469	37.3606656	41.6028162
37.2702856	38.9785056	43.4043556
38.5870981	40.3556719	44.937895
40.3619806	42.2119037	47.0048925
44.3688112	46.40238	51.6711812
50.8219788	53.1513181	59.1864331
54.57082	57.07198	63.5522706
63.4602163	66.3688075	73.9047119
69.7936975	72.99257	81.28058
68.8236875	71.9781038	80.1509225
67.7391825	70.8438919	78.8879256
58.9020863	61.6017613	68.5963906
52.88508	55.3089769	61.5890856
47.4816187	49.6578581	55.296305
41.5963612	43.5028594	48.44243
39.5013981	41.3118787	46.0026706
37.4966525	39.2152475	43.6679787
36.13314	37.7892425	42.080055
35.3018831	36.9198856	41.1119869
35.1856094	36.7982825	40.9765756
26.1081006	27.3047219	30.4050594
24.5013581	25.6243362	28.5338744
26.4256737	27.6368488	30.7749
25.8923713	27.0791025	30.153825
25.81418	26.9973281	30.0627638
24.7140412	25.8467681	28.7815619
26.1903587	27.3907488	30.5008563
26.7283262	27.9533737	31.1273663
26.2077713	27.4089581	30.521135
24.0719325	25.1752294	28.0337725
25.63033	26.8050537	29.8486562
26.9000494	28.1329669	31.32735
30.22426	31.6095369	35.1986731
33.3602812	34.8892931	38.8508288
37.4885337	39.2067556	43.6585225
45.4586431	47.5421631	52.9403819
54.9376775	57.4556538	63.9795056
66.0466238	69.0737569	76.9167994
75.1800756	78.6258256	87.5534663
76.52771	80.0352262	89.1228994
69.9136194	73.11799	81.4202394
58.5213569	61.2035825	68.1530013
47.0333919	49.18909	54.7743094
40.1398788	41.9796212	46.7462356
34.9206769	36.5212075	40.66804
31.8317812	33.2907375	37.0707637
28.1750681	29.4664238	32.8122169
27.0923881	28.33412	31.5513431
25.7625012	26.9432806	30.0025819
25.8415125	27.0259156	30.0945981
18.3558863	19.1971981	21.3769619
17.6127162	18.4199662	20.5114775
17.5356106	18.3393275	20.4216825
18.4835206	19.3306819	21.5256019
18.4075369	19.2512156	21.4371137
18.5444644	19.3944181	21.5965756
18.7436481	19.6027288	21.8285375
19.4146469	20.3044856	22.6099756
19.6266612	20.526215	22.8568813
22.1645287	23.1804019	25.8124412
25.2459587	26.4030656	29.4010244
32.6277681	34.1232075	37.9977581
43.9286	45.9419919	51.1585175
61.0690825	63.86808	71.1200394
82.5708556	86.3553488	96.1606494
91.0427069	95.2154963	106.026832
74.6002237	78.0193994	86.8781825
55.7730094	58.3292694	64.9523194
38.8534619	40.6342444	45.248095
30.0419475	31.4188688	34.9863531
24.7955212	25.9319838	28.8764537
21.8433206	22.8444725	25.4383687
19.3539269	20.2409806	22.5392606
18.91915	19.7862763	22.0329275
15.1183287	15.8112525	17.6065569
14.8604281	15.5415313	17.3062081
14.4759012	15.13938	16.8583931
14.575505	15.2435475	16.9743912
14.8737762	15.5554913	17.3217531
14.9375506	15.6221881	17.3960225
15.30982	16.0115188	17.8295606
16.27083	17.0165762	18.9487375
17.63464	18.4428944	20.5370094
19.91614	20.8289637	23.1940056
24.2327563	25.343425	28.2210656
32.1690381	33.6434525	37.4635281
42.498905	44.4467687	49.4935175
68.3575225	71.490575	79.6080356
105.06818	109.883797	122.360656
2823.65919101893	2829.71073401893	2845.38970901893
97.271415	101.729692	113.280686
62.7093994	65.5835788	73.0303244
40.4911825	42.3470256	47.1553569
29.051635	30.3831656	33.8330531
22.964105	24.0166256	26.7436156
19.1942669	20.0740031	22.3533237
17.0999969	17.8837469	19.9143725
16.1365156	16.876105	18.7923175
14.3062425	14.9619463	16.6608131
13.6156087	14.2396581	15.8565131
13.3379681	13.9492906	15.5331744
13.4835925	14.1015919	15.7027688
13.9061	14.5434637	16.1948144
15.1157025	15.8085056	17.6034969
16.973055	17.7509856	19.7665369
21.7546762	22.751765	25.3351337
28.537115	29.8450662	33.2338513
44.9629712	47.0237725	52.3631287
68.5491	71.6909319	79.8311419
3433.85181336461	3439.28482536461	3453.36129536461
1801.4618515393	1806.0282485393	1817.8593735393
51.0703937	53.4111194	59.4757325
32.5848725	34.0783456	37.9478025
22.7015475	23.7420319	26.4378444
17.8529656	18.6712256	20.7912656
15.5255475	16.237135	18.080795
14.6070069	15.2764925	17.0110762
13.9860912	14.6271194	16.2879694
13.9109256	14.5485087	16.2004331
14.9288538	15.6130919	17.385895
17.7893238	18.6046675	20.7171506
25.36667	26.5293062	29.5416013
39.0562894	40.8463675	45.4843056
54.9208594	57.4380638	63.9599238
58.8402506	61.5370937	68.5243788
36.2084663	37.8680194	42.1677781
22.19913	23.2165894	25.8527388
17.2545894	18.045425	20.09441
17.3654625	18.1613781	20.2235288
16.8295787	17.6009344	19.5994488
19.9473906	20.8616469	23.2304019
27.9952619	29.2783762	32.602815
29.5629294	30.9178975	34.4284975
23.0990206	24.1577275	26.9007369
21.3090331	22.2856981	24.8161475
