#?RADIANCE
genskyvec -m 1
NROWS=146
NCOLS=1
NCOMP=3
FORMAT=ascii

26.2082887	27.4095012	30.5217375
38.0173575	39.7598188	44.2743837
38.2617125	40.0153744	44.5589563
38.5109062	40.2759875	44.8491606
38.6247731	40.3950738	44.9817706
37.799645	39.5321275	44.0208375
37.4355244	39.1513175	43.5967894
37.754275	39.4846794	43.9680037
37.2205919	38.9265344	43.3464812
37.6378906	39.3629606	43.8324613
40.4821519	42.3375825	47.1448406
41.5559719	43.46062	48.3953931
44.3718056	46.4055125	51.6746681
47.19202	49.3549869	54.9590431
50.1844956	52.4846181	58.4440306
53.471825	55.9226162	62.2723994
57.8184369	60.4684469	67.3343913
56.5223119	59.1129156	65.8249462
58.0301794	60.689895	67.5809825
54.769435	57.2796994	63.7835756
51.513655	53.8746956	59.9919469
48.3344269	50.5497525	56.2894694
44.5995575	46.6437044	51.9399044
41.7336131	43.6464025	48.6022719
40.6202575	42.4820188	47.3056781
38.9790631	40.7656031	45.3943688
38.9456481	40.730655	45.355455
38.57034	40.3381469	44.9183781
37.9180719	39.6559825	44.158755
37.6560606	39.3819631	43.8536238
37.5525163	39.2736719	43.7330362
28.3980481	29.6996238	33.0718944
26.7913938	28.0193325	31.2008119
28.5383331	29.8463375	33.2352675
27.9596344	29.2411156	32.5613256
27.9604863	29.2420081	32.5623181
27.2046288	28.4515056	31.6820581
28.8739863	30.1973763	33.6261631
30.0154431	31.39115	34.9554862
30.6534762	32.0584263	35.6985281
30.1442912	31.5259037	35.1055425
33.3523006	34.8809456	38.8415344
36.80435	38.4912169	42.8617356
42.1571625	44.0893631	49.09553
47.9664581	50.1649194	55.86094
53.3046881	55.7478194	62.0777562
58.9859512	61.6894719	68.6940594
60.8090744	63.5961544	70.8172375
60.0444713	62.7965063	69.9267919
54.59771	57.100105	63.5835875
48.4985569	50.7214069	56.4806144
42.8977837	44.8639312	49.9580456
38.1377175	39.8856969	44.4145544
33.3687194	34.8981175	38.8606556
32.2388506	33.7164638	37.5448313
30.8717775	32.2867319	35.9527581
30.1901306	31.5738438	35.1589256
28.3999906	29.7016544	33.0741562
28.4372	29.74057	33.1174887
27.7105613	28.9806281	32.2712594
28.07469	29.3614481	32.6953181
20.8484444	21.8039975	24.2797531
20.2508744	21.1790406	23.5838325
20.3150369	21.2461419	23.6585556
21.3811644	22.3611344	24.9001494
21.7091169	22.7041187	25.2820781
22.542045	23.5752219	26.2520919
23.8571263	24.9505769	27.7836138
26.2632544	27.4669863	30.58575
28.9912544	30.3200194	33.7627331
35.3597056	36.9803588	41.1793269
43.4137681	45.403565	50.5589531
56.2093694	58.78563	65.4604981
67.6215544	70.7208712	78.7509375
72.1716406	75.479505	84.0498944
63.9643287	66.8960238	74.4917944
51.9676156	54.3494619	60.5206231
39.8799381	41.7077694	46.4435138
33.542715	35.0800888	39.0632881
27.8314106	29.1070162	32.412
24.6634781	25.7938856	28.7226744
23.1637394	24.2254087	26.9761038
22.1764631	23.1928825	25.8263406
20.9150469	21.8736531	24.3573169
21.0881787	22.0547194	24.5589431
17.8356775	18.6531463	20.7711344
17.8493762	18.6674725	20.7870863
17.8241912	18.6411337	20.7577575
18.191445	19.0252194	21.1854544
19.1121506	19.988125	22.2576931
19.8648131	20.7752831	23.1342294
21.9054225	22.90942	25.5106894
25.1201975	26.2715406	29.254565
30.4992206	31.8971013	35.5188869
37.8971638	39.6341175	44.1344075
51.69969	54.0692581	60.2086013
75.3690112	78.8234244	87.7734956
92.4969769	96.7364144	107.720442
98.9637219	103.499557	115.251499
83.0722025	86.8796744	96.7445081
64.88396	67.857805	75.5627831
46.6532938	48.7915675	54.3316494
35.3554462	36.9759031	41.1743656
27.78428	29.057725	32.3571112
23.59679	24.6783094	27.4804306
21.2192194	22.1917669	24.7115506
19.6919225	20.5944688	22.9328869
18.722935	19.58107	21.80442
18.3488519	19.1898394	21.3687669
17.4757388	18.2767088	20.351955
17.3544262	18.1498362	20.2106769
17.8089338	18.625175	20.73999
18.8019419	19.6636994	21.8964306
20.6879994	21.6361981	24.0929012
25.7755081	26.9568825	30.0177281
32.74265	34.2433525	38.1315469
50.6601888	52.9821125	58.9980131
76.12768	79.616865	88.657035
3001.55312935133	3007.54460835133	3023.06802635133
4114.9440929497	4121.8870989497	4139.8757739497
90.4527269	94.59847	105.339743
54.5655013	57.0664194	63.5460763
35.1317581	36.7419619	40.91386
26.9710869	28.2072625	31.4100794
21.8831906	22.8861694	25.4847994
19.2069144	20.0872312	22.3680544
18.0263906	18.8526	20.9932344
18.904385	19.7708338	22.0157319
19.7174662	20.6211825	22.9626331
21.3354337	22.3133075	24.8468931
25.7974087	26.9797906	30.0432362
36.3797931	38.0472	42.3673025
63.7105806	66.6306462	74.1962825
2244.46899797928	2249.38810097928	2262.13309397928
99.8607413	104.437678	116.296143
56.5283044	59.1191831	65.8319237
34.7746244	36.3684587	40.4979494
23.5549069	24.634505	27.4316531
20.8269206	21.7814881	24.2546881
24.6088088	25.736715	28.6590125
27.3664631	28.6207581	31.8705269
37.9165419	39.6543838	44.156975
56.611345	59.2060325	65.9286331
42.9756462	44.9453631	50.0487231
30.0003644	31.3753806	34.9379275
34.5393575	36.1224106	40.2239637
