#?RADIANCE
genskyvec -m 1
NROWS=146
NCOLS=1
NCOMP=3
FORMAT=ascii

17.0286256	17.809105	19.8312544
31.8253988	33.2840606	37.0633325
31.394325	32.8332306	36.5613113
31.1790106	32.6080494	36.3105575
31.3713675	32.8092212	36.5345719
32.2242325	33.7011763	37.5278056
32.3892869	33.8737962	37.7200275
33.054675	34.5696813	38.4949256
34.2533075	35.8232475	39.8908331
36.8402981	38.5288106	42.9035994
36.6993294	38.3813825	42.7394313
41.5476106	43.4518763	48.3856594
43.0984269	45.07377	50.1917119
46.8055056	48.9507562	54.5089162
51.1412287	53.4852006	59.558225
51.5476494	53.9102475	60.0315363
55.0502812	57.5734175	64.1106431
48.4366788	50.6566925	56.4085519
50.0935638	52.3895188	58.3381344
45.6794731	47.7731131	53.1975531
40.9354312	42.8116362	47.6727225
39.7871025	41.6106781	46.3353994
36.1305356	37.7865188	42.0770231
35.2389625	36.8540787	41.03871
34.0193863	35.5786069	39.6184125
32.1214975	33.5937325	37.4081631
32.2274275	33.7045162	37.531525
31.3989425	32.8380594	36.5666862
31.9650806	33.4301456	37.2260031
31.3451575	32.7818106	36.5040506
31.6600725	33.1111594	36.8707956
29.9794194	31.3534725	34.9135319
29.1974269	30.5356425	34.0028387
30.1634375	31.5459294	35.1278394
30.2138075	31.5986056	35.1864975
30.7022212	32.1094037	35.7552944
31.0038588	32.4248675	36.1065794
32.5706981	34.0635219	37.9312962
34.4251325	36.0029506	40.0909375
36.8444925	38.5331975	42.9084819
39.8010469	41.6252613	46.3516381
45.0140294	47.0771731	52.4225931
51.5226556	53.88411	60.0024306
58.0279319	60.6875425	67.5783637
66.1872987	69.22088	77.0806288
71.4993537	74.7764062	83.2669588
72.9346987	76.2775362	84.93854
67.3513719	70.4383106	78.4362894
62.9451231	65.8301063	73.3048456
54.2862475	56.7743656	63.220865
47.8623212	50.0560106	55.739665
42.2484356	44.1848206	49.2018269
37.984695	39.7256588	44.2363444
34.5323262	36.1150569	40.2157744
33.1686263	34.6888531	38.6276313
32.1670481	33.6413712	37.46121
31.5317988	32.977005	36.7214069
30.3491831	31.740185	35.3441538
30.1655837	31.5481725	35.1303394
29.6773981	31.0376112	34.5618056
29.8738175	31.2430337	34.7905531
25.0497287	26.1978419	29.1724987
24.6959281	25.8278256	28.7604681
25.0622781	26.210965	29.1871131
26.4689125	27.6820706	30.825255
27.632885	28.8993894	32.1807963
29.7509594	31.1145444	34.6474738
33.0543863	34.5693769	38.49459
38.5939938	40.3628831	44.945925
46.0993838	48.21227	53.6865769
58.76928	61.4628706	68.4417288
73.7809169	77.16254	85.9240331
88.4114419	92.4636331	102.962498
92.2068788	96.4330306	107.382607
84.601515	88.4790787	98.5255231
66.8131769	69.8754475	77.8095156
52.5224575	54.9297344	61.16678
41.029565	42.9100856	47.7823512
35.4683162	37.0939481	41.3058131
30.7094956	32.1170125	35.7637681
28.0871862	29.3745144	32.7098706
26.8566362	28.087565	31.2767938
26.0509319	27.2449319	30.3384831
24.98303	26.1280844	29.0948225
25.1420806	26.2944256	29.28005
22.5016356	23.53296	26.2050313
22.7665606	23.8100269	26.5135575
23.249555	24.3151575	27.0760444
24.1264456	25.2322425	28.0972606
26.2600594	27.4636463	30.5820319
28.2989613	29.5959963	32.9564981
33.5746469	35.113485	39.1004762
41.3574506	43.2529981	48.1642
54.6969919	57.2039344	63.6992063
71.6817419	74.9671544	83.4793675
100.246556	104.841196	116.745475
138.050887	144.378219	160.771775
140.798744	147.252019	163.971894
110.777458	115.854755	129.009588
81.8977812	85.6514344	95.3768044
62.9847275	65.8715244	73.3509656
46.8631794	49.011075	54.5760812
37.2141613	38.9198069	43.3389912
30.7485019	32.1578069	35.8091944
27.1611044	28.4059875	31.6313725
25.1240581	26.2755769	29.2590606
23.8317319	24.9240175	27.75404
23.0283181	24.0837825	26.8183969
22.7683625	23.8119113	26.5156563
22.5680888	23.60246	26.2824225
23.0154981	24.0703738	26.8034656
24.5291781	25.65343	28.5662731
27.1306194	28.3741069	31.5958694
31.7799094	33.2364887	37.010355
44.3675212	46.4010325	51.6696787
61.4336475	64.2493537	71.5446063
104.065347	108.835014	121.192767
1070.00947545851	1077.33577645851	1096.31758245851
2000.53767482665	2009.58113082665	2033.01189282665
139.972131	146.3875	163.009206
84.3519525	88.2180831	98.2348869
54.1862913	56.6698287	63.1044581
37.7541756	39.4845762	43.967885
30.7236219	32.131785	35.7802181
26.1050712	27.3015531	30.4015319
23.6782394	24.76349	27.5752838
22.7683506	23.8118981	26.5156431
25.1159762	26.2671231	29.2496469
27.6783456	28.9469362	32.2337425
32.2167919	33.6933944	37.5191419
42.992675	44.9631713	50.0685538
66.0750625	69.1035019	76.9499244
119.992477	125.492121	139.74125
1191.17809394183	1198.43248694183	1217.22792494183
105.644694	110.486736	123.032053
59.9015344	62.6470213	69.7603338
39.7507287	41.5726338	46.2930369
28.6481663	29.9612063	33.3631788
26.6253644	27.8456931	31.0074575
33.7304056	35.2763825	39.2818725
40.8099469	42.6804025	47.5265881
60.4115263	63.1803856	70.3542606
84.0904806	87.9446244	97.9303731
54.9784525	57.498295	64.0269919
38.4408794	40.2027513	44.7676075
49.02241	51.2692688	57.090685
