#?RADIANCE
genskyvec -m 1
NROWS=146
NCOLS=1
NCOMP=3
FORMAT=ascii

17.3556688	18.1511363	20.2121231
36.2660469	37.92824	42.2348356
35.8611656	37.5048025	41.7633175
35.8376306	37.4801875	41.7359081
36.0848431	37.7387306	42.0238094
36.4566481	38.1275763	42.4568056
37.1567875	38.8598075	43.27218
38.8542206	40.6350381	45.2489788
41.2194781	43.1087037	48.0035181
45.6117169	47.7022519	53.1186487
49.0950312	51.3452225	57.1752587
56.0616869	58.6311781	65.2885087
58.7157544	61.4068919	68.3793925
60.7273044	63.5106369	70.7220106
60.683505	63.4648313	70.6710019
56.2135438	58.7899956	65.4653581
53.2647425	55.7060406	62.031235
47.0216	49.1767537	54.7605737
44.4457769	46.4828744	51.760815
40.449025	42.3029387	47.1062631
39.018945	40.8073112	45.4408131
37.7758269	39.5072188	43.9931006
36.5161281	38.1897794	42.5260763
35.6031956	37.2350081	41.4628912
36.3630894	38.0297312	42.3478506
35.868385	37.5123538	41.7717269
36.9409369	38.6340625	43.0208025
36.7476794	38.4319469	42.7957369
36.7081513	38.39061	42.7497031
36.1247388	37.7804569	42.0702719
36.0036231	37.6537869	41.9292212
28.1863338	29.4782063	32.8253369
26.7309169	27.956085	31.1303819
28.5208869	29.8280931	33.2149512
28.4449131	29.7486369	33.1264744
29.49455	30.8463825	34.3488606
30.2700319	31.6574075	35.2519756
33.4332912	34.96565	38.9358563
37.3187325	39.0291769	43.4607787
42.41772	44.3618656	49.3989719
48.0173412	50.2181344	55.9201975
56.7948256	59.3979213	66.1423125
64.9834075	67.9618112	75.6785969
68.8309869	71.9857381	80.1594238
68.8759769	72.0327887	80.2118175
63.5273719	66.4390394	73.9829212
54.3447412	56.8355419	63.2889837
48.0068238	50.2071356	55.90795
40.249885	42.0946681	46.8743462
35.2946094	36.9122769	41.1035163
31.6897394	33.1421844	36.9053444
29.9291031	31.3008525	34.854935
29.0059038	30.3353388	33.7797931
27.0385569	28.2778237	31.4886569
28.2352856	29.5294025	32.8823463
28.4491056	29.7530225	33.1313556
28.7513606	30.0691312	33.4833594
27.6450881	28.9121538	32.1950113
28.0825919	29.36971	32.7045194
27.5116337	28.7725831	32.0395919
27.9147669	29.1941938	32.509075
20.9633587	21.9241781	24.4135788
20.6825088	21.6304581	24.0865081
21.3773856	22.3571819	24.8957488
23.5050775	24.5823938	27.3736231
25.7607044	26.9414025	30.00049
29.8415275	31.209265	34.7529475
36.3546119	38.0208644	42.3379775
47.0138131	49.1686119	54.751505
60.8045006	63.5913712	70.8119106
77.1282931	80.6633381	89.8223325
85.0865975	88.9864	99.0904381
72.8241081	76.1618781	84.8097488
56.5655756	59.1581619	65.87533
43.7319044	45.73628	50.9294487
33.9002975	35.45406	39.4797238
28.4074925	29.7095025	33.0828938
24.3684669	25.4853544	28.3791125
23.3953012	24.4675837	27.2457781
21.7653344	22.7629125	25.3475462
20.68588	21.6339831	24.0904331
20.9778587	21.9393444	24.4304669
20.963	21.9238038	24.4131606
20.276475	21.2058119	23.6136431
20.86664	21.8230281	24.3009425
17.947435	18.7700256	20.9012856
18.5601638	19.4108369	21.6148587
19.5355969	20.4309775	22.7508319
21.0105406	21.9735225	24.4685256
24.6089519	25.7368625	28.6591775
28.2529125	29.5478362	32.9028719
37.9665956	39.7067306	44.2152669
52.9180762	55.3434862	61.6275131
78.6823906	82.2886625	91.6322013
106.919988	111.820487	124.517231
1316.36240192628	1322.04163492628	1336.75602792628
100.06938	104.655887	116.539153
71.9916037	75.291215	83.8402231
46.7810356	48.9251644	54.4804181
34.4241219	36.0018919	40.0897594
28.034485	29.3193975	32.6484981
23.4359412	24.5100881	27.2931075
20.8984394	21.8562837	24.3379744
19.3640938	20.2516138	22.5511031
18.4482962	19.2938438	21.48458
18.0409506	18.8678275	21.0101906
17.8780625	18.6974738	20.8204944
17.672005	18.4819719	20.5805237
17.8868462	18.7066606	20.830725
17.3707881	18.1669481	20.22973
18.5402594	19.3900213	21.5916787
20.8468481	21.8023275	24.2778925
25.12065	26.2720119	29.2550919
32.5197106	34.0101981	37.871915
53.4653106	55.9158019	62.2648131
84.6289994	88.5078356	98.5575369
2584.39239092652	2591.67198492652	2610.53274092652
1897.15399495634	1903.22666395634	1918.96038895634
74.9134981	78.3470325	87.2430162
48.3853738	50.6030362	56.3488031
32.6653369	34.1624975	38.0415081
24.50429	25.6274037	28.5372906
20.1867875	21.1120144	23.5091981
18.39167	19.2346213	21.4186344
17.2732212	18.0649106	20.1161069
16.8555988	17.6281469	19.6297513
16.9106956	17.6857694	19.6939156
18.7933444	19.654705	21.886415
21.9899931	22.9978675	25.6091812
28.5665813	29.8758819	33.2681656
43.7658413	45.7717744	50.9689731
68.0142994	71.1316194	79.2083206
89.1624275	93.2490363	103.837089
64.3703969	67.3207044	74.964695
40.87795	42.7515219	47.6057806
26.7424644	27.9681594	31.14383
21.2585381	22.2328869	24.7573406
18.18548	19.0189787	21.1785069
18.2935256	19.1319769	21.3043344
23.2845944	24.3518056	27.1168538
30.4623944	31.8585856	35.4759988
43.9896131	46.0058044	51.2295738
47.4019662	49.5745544	55.2035419
29.2953319	30.6380338	34.1168562
23.0123713	24.0671038	26.7998256
31.1192444	32.5455425	36.2409562
