#?RADIANCE
genskyvec -m 1
NROWS=146
NCOLS=1
NCOMP=3
FORMAT=ascii

23.2548069	24.3206506	27.0821619
30.8220837	32.2347625	35.8948863
30.4161463	31.8102187	35.4221394
30.2362125	31.6220381	35.2125906
29.6217338	30.9793956	34.4969787
27.8468656	29.1231775	32.429995
28.0317781	29.3165675	32.6453437
28.8842413	30.2081025	33.6381075
30.071995	31.450295	35.0213463
31.9410863	33.4050531	37.1980606
38.3878731	40.1473194	44.7058806
41.9490981	43.8717644	48.8532231
47.807525	49.9987031	55.6758494
51.3800994	53.7350194	59.83641
52.4639931	54.86859	61.098695
50.8938919	53.2265275	59.2701831
47.3710244	49.542195	55.1675094
43.0744406	45.0486837	50.1637781
38.0505681	39.79455	44.3130581
33.1912806	34.7125463	38.6540125
32.0812244	33.5516113	37.3612613
28.920185	30.2456931	33.6799669
28.7202356	30.0365769	33.4471087
27.1651375	28.4102019	31.636065
28.5077762	29.8143813	33.1996837
30.0556794	31.4332281	35.0023438
31.3205794	32.756105	36.4754256
32.6644656	34.1615862	38.0404944
31.5097106	32.9539056	36.6956844
31.7711438	33.2273175	37.0001444
30.9404756	32.3585787	36.0327631
19.1734219	20.0522038	22.32905
17.4	18.1975013	20.2637519
18.68361	19.5399419	21.7586219
17.9837287	18.8079825	20.9435531
18.2533369	19.08995	21.2575331
18.3206306	19.1603262	21.3359025
20.4689094	21.4070663	23.8377519
22.9762194	24.0292944	26.7577238
26.174895	27.3745775	30.4828481
29.1842475	30.5218575	33.9874906
35.897095	37.5423756	41.8051594
43.1969862	45.1768475	50.3064919
49.5167094	51.7862225	57.6663356
53.1880925	55.6258794	61.9419694
51.0001756	53.3376831	59.3939575
43.9706506	45.9859712	51.20749
38.3077856	40.0635575	44.6126106
30.7725713	32.1829788	35.8372263
25.7218431	26.9007606	29.9552319
22.04746	23.0579681	25.6761044
20.0944763	21.0154719	23.4016938
18.9380431	19.8060375	22.0549319
17.1842669	17.9718787	20.0125119
18.2726169	19.1101125	21.2799869
18.6485131	19.503235	21.7177494
19.2471619	20.1293231	22.414925
18.5723144	19.4235444	21.62901
19.2736894	20.1570675	22.44582
18.7995906	19.6612356	21.8936881
19.1030719	19.9786281	22.24712
12.6414713	13.22087	14.7220475
12.2207019	12.7808187	14.2320275
12.4323981	13.0022162	14.4785656
13.6002	14.2235419	15.8385669
14.7559794	15.4322931	17.1845675
16.9941263	17.7730219	19.7910788
20.5939737	21.5378619	23.9833994
26.7649563	27.9916837	31.1700237
35.0755413	36.68317	40.8483931
49.108715	51.3595287	57.191195
61.9025325	64.7397287	72.0906581
59.6620681	62.39658	69.481455
46.6293563	48.7665344	54.3037756
34.5455794	36.1289163	40.2312069
25.0561744	26.2045819	29.180005
19.7577969	20.6633625	23.0096031
15.9164556	16.6459594	18.5360406
14.7327687	15.40802	17.1575381
13.2832606	13.892075	15.4694637
12.4637194	13.0349719	14.51504
12.7223613	13.3054675	14.8162494
12.8034587	13.3902844	14.9106975
12.3187719	12.8833844	14.3462381
12.7692787	13.3545369	14.8708894
10.3004258	10.77253	11.9957062
10.5766875	11.0614531	12.3174344
10.9977269	11.5017875	12.8077688
11.7582844	12.2972044	13.6935019
13.6174887	14.2416238	15.8587006
15.4475669	16.1555794	17.98998
20.2523575	21.1805912	23.5855594
27.9087981	29.1879506	32.5021225
42.2693975	44.2067444	49.2262413
63.1051781	65.9974969	73.4912444
2479.31870027311	2483.62209527311	2494.77182227311
90.6020706	94.7546644	105.513656
62.4327069	65.2942019	72.7080931
37.196755	38.901605	43.3187225
25.4486563	26.6150531	29.6370806
19.6145881	20.5135906	22.8428244
15.51172	16.2226744	18.0646931
13.2335575	13.8400969	15.4115819
11.8017156	12.3426288	13.7440819
10.9836313	11.4870481	12.791355
10.6172306	11.1038531	12.3646506
10.4752517	10.9553669	12.1993038
10.2934013	10.7651825	11.987525
10.3934208	10.8697862	12.1040044
9.83858531	10.2895194	11.4578537
10.3903294	10.8665513	12.1004044
11.5210281	12.0490744	13.4171975
13.6047119	14.2282594	15.8438175
17.136055	17.9214569	19.956365
27.0196925	28.258095	31.4666844
42.4421594	44.3874238	49.4274344
2270.38339406914	2274.35944966914	2284.66106116914
5252.68782550349	5257.51615850349	5270.02595050349
61.4506975	64.2671869	71.5644581
35.9638956	37.6122381	41.8829531
22.9224887	23.9731006	26.6951506
16.2364006	16.9805681	18.9086419
12.6385206	13.2177862	14.7186113
11.1156556	11.6251212	12.9451062
10.1570934	10.6226256	11.8287819
9.74083025	10.1872862	11.3440081
9.67044369	10.1136731	11.2620381
10.6122248	11.0986188	12.3588206
12.1592425	12.7165413	14.1604525
15.2603419	15.9597744	17.7719394
22.41256	23.4398006	26.1012962
34.8097431	36.4051875	40.5388481
52.0391756	54.4243019	60.6039588
43.6592856	45.6603344	50.8448775
27.4858206	28.7455875	32.0095313
17.2038256	17.9923344	20.0352887
13.0337631	13.6311425	15.1789056
10.711135	11.2020625	12.4740113
10.5377278	11.0207062	12.2720638
13.1798425	13.7839194	15.3490263
16.6916844	17.4567181	19.4388575
24.0861487	25.1900956	28.0503294
28.0135644	29.2975188	32.6241312
17.5456144	18.3497881	20.4333312
13.5062544	14.12529	15.7291581
17.7060237	18.5175494	20.6201406
