#?RADIANCE
genskyvec -m 1
NROWS=146
NCOLS=1
NCOMP=3
FORMAT=ascii

0.388353125	0.406152638	0.452269588
5.54926375	5.80360481	6.46258044
5.22546338	5.46496356	6.08548762
5.14939594	5.38540975	5.99690094
5.239705	5.47985819	6.10207344
5.58667456	5.84273037	6.50614844
5.60842919	5.86548212	6.53148362
5.67812763	5.93837488	6.61265294
5.71055012	5.97228356	6.65041194
6.00543625	6.28068519	6.99383131
5.40049137	5.64801388	6.28932269
5.68898488	5.94972994	6.6252975
5.29366975	5.53629606	6.16491994
5.20242887	5.44087344	6.05866231
5.26661587	5.50800219	6.13341331
5.30282394	5.54586988	6.17558062
5.99826488	6.27318494	6.98547956
6.16724187	6.44990681	7.1822675
7.92210481	8.28520087	9.22595175
10.7906689	11.285241	12.566633
14.2633959	14.9171349	16.6109156
22.6570906	23.6955394	26.3860712
48.5551832881107	50.0143370881107	53.7948764881107
75.5365751878683	77.3328313878683	81.9867763878683
40.0855594547483	41.4032401547483	44.8172345547483
17.1322213	17.9174469	19.9519006
12.0246196	12.5757476	14.0036706
8.7848895	9.18752944	10.2307362
7.3726075	7.71051838	8.58601625
6.21742875	6.50239406	7.2407145
5.76250425	6.026619	6.71091694
5.45631694	5.706398	6.35433594
5.157433	5.39381525	6.00626087
5.3203025	5.5641495	6.19593587
5.352933	5.59827556	6.23393675
5.44039581	5.68974706	6.33579469
5.40986612	5.65781819	6.30024031
5.63906869	5.89752581	6.56716569
5.75000138	6.01354294	6.69635606
5.66303475	5.92259044	6.59507631
5.27885281	5.52080019	6.14766431
5.29619281	5.53893488	6.167858
5.2137275	5.45268981	6.0718205
5.33033294	5.57463975	6.20761719
5.28305856	5.52519862	6.15256225
5.40571694	5.65347875	6.29540806
5.83565856	6.10312612	6.79611131
6.7233975	7.03155281	7.82995688
7.68366513	8.03583294	8.94826875
9.90910162	10.3632691	11.5399759
12.6560589	13.2361275	14.7390362
17.37575	18.1721369	20.2355094
24.2713056	25.3837419	28.2659613
24.5988575	25.7263037	28.6474206
22.2297906	23.248655	25.888445
16.286755	17.0332294	18.9672831
12.3056238	12.8696312	14.330925
8.90031388	9.30824437	10.3651567
7.23870519	7.57047894	8.43007581
6.18537156	6.46886744	7.20338106
5.73283312	5.99558775	6.67636225
4.12406338	4.31308269	4.80281569
3.89655163	4.07514337	4.5378595
3.88775119	4.06593975	4.52761044
4.17270825	4.36395725	4.85946675
4.22698494	4.42072169	4.92267644
4.29471919	4.49156	5.00155844
4.28352744	4.47985556	4.988525
4.27060387	4.46633975	4.97347425
4.00585325	4.18945469	4.66515019
4.06305175	4.24927475	4.7317625
4.03425206	4.21915525	4.69822306
4.25286094	4.4477835	4.95281113
4.55521656	4.76399731	5.30492975
5.077572	5.31029394	5.91325594
6.42860262	6.72324681	7.48664363
8.47252269	8.86084619	9.8669575
10.9988536	11.5029672	12.8090831
14.5103882	15.1754466	16.8985544
13.1049547	13.7055983	15.2618131
9.771883	10.2197604	11.3801719
7.91834788	8.281272	9.22157637
6.27930888	6.56711044	7.31277888
4.85378125	5.07624606	5.65263294
4.45811938	4.66244975	5.19185175
3.07592494	3.21690469	3.582171
3.02949894	3.16835106	3.52810431
2.93386337	3.06833188	3.41672844
3.00653525	3.14433462	3.50136094
3.12247444	3.26558769	3.63638188
3.10972156	3.2522505	3.62153013
3.06632606	3.20686581	3.57099238
3.10601756	3.24837681	3.61721662
3.010254	3.14822381	3.50569169
3.03364625	3.17268825	3.53293388
3.0266555	3.16537719	3.52479288
3.03222844	3.17120537	3.53128281
3.27934319	3.42964637	3.8190685
3.819789	3.99486244	4.44846269
4.50677806	4.7133385	5.24851888
5.06820706	5.30049975	5.90234975
6.09382294	6.37312294	7.09676506
6.86755981	7.18232275	7.99784569
7.13760425	7.46474425	8.31233537
6.23744312	6.52332556	7.26402262
5.27596725	5.51778231	6.14430388
4.34807444	4.547361	5.06369525
3.67990512	3.84856712	4.28555631
3.43542463	3.59288156	4.00083856
2.41868231	2.5295385	2.81675719
2.34584169	2.45335925	2.73192819
2.28017394	2.38468169	2.65545256
2.361978	2.47023537	2.75072056
2.38038612	2.48948725	2.77215831
2.33244975	2.43935381	2.71633237
2.35079856	2.45854344	2.73770088
2.38273094	2.49193913	2.77488869
2.41827581	2.52911325	2.81628381
2.62201788	2.74219363	3.05355844
2.74201013	2.86768563	3.19329956
3.32434713	3.47671281	3.87147925
3.87186431	4.04932475	4.50910881
4.046731	4.23220606	4.71275569
3.7120655	3.88220188	4.32301
3.29763931	3.44878081	3.84037575
2.95998037	3.09564606	3.44714406
2.61502037	2.73487531	3.04540931
2.01226444	2.10449331	2.34344987
1.87627475	1.96227069	2.18507844
1.90890606	1.99639763	2.22308056
1.946939	2.03617369	2.26737281
1.90390056	1.99116263	2.21725094
1.94581488	2.034998	2.26606375
2.09684644	2.19295175	2.44195262
2.26255563	2.36625606	2.63493463
2.58613556	2.70466662	3.01177044
2.58437331	2.70282381	3.00971825
2.47157556	2.584856	2.87835562
2.10925975	2.20593406	2.45640875
1.75070581	1.83094656	2.03884294
1.67069669	1.74727019	1.94566556
1.68227419	1.75937819	1.95914856
1.78288756	1.86460319	2.07632119
1.86569813	1.95120913	2.17276088
1.89729725	1.98425656	2.20956088
1.68092063	1.75796288	1.95757225
