#?RADIANCE
genskyvec -m 1
NROWS=146
NCOLS=1
NCOMP=3
FORMAT=ascii

15.4690888	16.1780887	18.0150444
25.5192994	26.688935	29.7193531
24.5621212	25.6878856	28.6046381
24.5016156	25.6246069	28.5341769
24.6322619	25.76124	28.6863244
24.7115037	25.8441131	28.7786056
26.9863069	28.2231781	31.4278056
30.03412	31.4106819	34.9772363
35.1968669	36.810055	40.9896856
42.050035	43.9773238	48.97077
52.25179	54.6466631	60.8515662
61.2827294	64.0915213	71.3688513
63.1021206	65.9942987	73.4876806
57.5806631	60.219775	67.0574825
49.0460381	51.2939794	57.1182013
40.6898531	42.5548031	47.3867281
33.8715425	35.4239869	39.4462369
30.4021538	31.7955837	35.4058431
26.2868987	27.4917162	30.6132881
23.9721375	25.07086	27.917555
24.794865	25.9312944	28.8756881
23.7840088	24.8741087	27.6984613
25.16134	26.3145669	29.3024794
24.9028587	26.0442394	29.0014563
27.3606987	28.6147306	31.863815
29.0898175	30.4231	33.8775194
30.2691812	31.6565181	35.2509862
30.7626963	32.1726525	35.8257262
28.7847494	30.10405	33.5222406
27.9628344	29.244465	32.5650544
26.2393063	27.4419406	30.5578594
15.9929813	16.7259925	18.62516
14.44267	15.1046238	16.8196925
15.6572125	16.3748338	18.2341306
15.6826188	16.4014044	18.2637169
17.1743525	17.96151	20.0009663
18.8217731	19.6844362	21.9195244
22.81121	23.8567231	26.5655556
28.7617138	30.0799581	33.4954137
37.9752175	39.7157469	44.2253075
49.5075037	51.7765962	57.6556156
64.0457862	66.9812137	74.5866556
70.0952888	73.3079862	81.6318056
60.7628275	63.5477887	70.7633788
46.67987	48.8193625	54.3626006
35.3524887	36.9728094	41.1709219
26.3566762	27.5646906	30.6945481
23.0830344	24.1410075	26.8821194
18.2749975	19.1126025	21.28276
16.3052306	17.0525525	18.9888006
14.83034	15.5100637	17.2711675
14.7315544	15.4067512	17.1561231
15.2204831	15.9180894	17.7255244
14.6614669	15.3334519	17.0745025
16.7011744	17.4666469	19.4499119
17.541035	18.3449975	20.4279975
18.2163688	19.0512856	21.2144812
17.2431475	18.0334581	20.0810837
17.4602412	18.2605025	20.3339056
16.4956294	17.2516787	19.2105363
16.3086775	17.0561563	18.9928125
10.5642515	11.0484461	12.3029512
10.2830168	10.7543194	11.97543
10.8315725	11.3280206	12.6142712
12.7182825	13.3012062	14.8115012
15.3119394	16.0137362	17.8320312
20.34111	21.2734087	23.6889194
29.521655	30.87473	34.3804281
47.731805	49.9195119	55.5876669
74.2187981	77.6204919	86.4339794
1624.95994291452	1628.97811421452	1639.38884631452
60.4050231	63.1735831	70.3466863
34.1797137	35.7462813	39.8051269
22.4266394	23.4545269	26.1176913
16.5089075	17.2655644	19.2259981
13.3263275	13.9371169	15.5196213
11.7453512	12.28368	13.6784425
10.6327165	11.12005	12.382685
10.9605961	11.462956	12.7645288
10.7545826	11.2475016	12.5246087
10.4826084	10.9630596	12.2078713
11.1485154	11.6594887	12.9833762
11.2617944	11.7779594	13.1152975
10.5765191	11.0612765	12.3172388
10.8135323	11.3091536	12.5932619
8.46270631	8.85058019	9.85552687
8.85538644	9.26125806	10.3128354
9.59800287	10.0379108	11.1776744
10.8213181	11.3172931	12.602325
13.9462581	14.5854606	16.2415825
17.3448769	18.1398506	20.1995556
27.3051937	28.5566819	31.7991763
45.4451175	47.5280175	52.9246275
2363.55417841645	2367.30265091645	2377.01461531645
4107.15639571095	4111.47135881095	4122.65106991095
53.8812563	56.3508131	62.7492163
30.4436881	31.8390225	35.4542119
21.5584181	22.5465106	25.106575
14.9323206	15.6167194	17.3899344
11.8027919	12.3437519	13.7453338
10.1334255	10.5978724	11.8012169
9.08702956	9.50351769	10.5826044
8.62265319	9.01785775	10.0417987
8.53005475	8.921015	9.93396037
8.46100631	8.84880212	9.85354737
8.529784	8.92073206	9.93364469
8.59685787	8.99088025	10.0117579
8.42992894	8.81630056	9.8173545
8.543925	8.93552113	9.95011394
7.74814494	8.10326806	9.02336094
8.49739488	8.88685837	9.89592481
9.88554125	10.3386284	11.5125369
12.8073906	13.3943962	14.9152763
17.8792731	18.6987406	20.8219056
30.8872956	32.3029631	35.9708331
45.8764987	47.9791706	53.4270069
45.1339344	47.2025712	52.56223
30.2477712	31.6341256	35.2260506
18.6372944	19.4915038	21.7046844
13.1945662	13.7993175	15.3661731
10.2931929	10.7649637	11.9872806
8.67191506	9.06937769	10.0991683
7.78936512	8.14637738	9.07136506
7.44661375	7.78791669	8.67220275
7.325366	7.6611115	8.53099956
7.37947763	7.71770344	8.594017
7.46916931	7.81150594	8.6984705
7.93052187	8.294004	9.23575406
9.31782881	9.74489537	10.8513894
12.5565638	13.1320737	14.6231669
19.2608638	20.1436513	22.4308813
23.8892269	24.9841494	27.8209987
21.6985013	22.693015	25.2697131
15.5305181	16.2423338	18.0865831
11.3078097	11.8260856	13.1688875
8.72493956	9.12483206	10.1609197
7.70898506	8.06231344	8.97775612
7.23652156	7.56819512	8.42753262
7.41590825	7.755804	8.63644388
8.78148437	9.18396869	10.2267702
11.0550151	11.5617013	12.8744863
13.8326287	14.4666225	16.10925
13.084875	13.6845987	15.2384294
9.33777131	9.76575306	10.8746142
8.20863938	8.58486831	9.55964519
10.2770059	10.7480346	11.9684294
