#?RADIANCE
genskyvec -m 1
NROWS=146
NCOLS=1
NCOMP=3
FORMAT=ascii

1.02955672	1.07674481	1.19900469
10.6793715	11.1688441	12.4370206
10.2063606	10.6741521	11.8861574
10.1118726	10.5753347	11.7761196
10.3097552	10.7822844	12.0065689
10.8601298	11.3578857	12.647527
10.8469471	11.3440991	12.6321744
10.9976109	11.5016663	12.8076339
10.9309002	11.4319007	12.7299456
11.3942721	11.9165088	13.2695812
10.5150641	10.9970049	12.2456685
10.9288777	11.4297833	12.7275899
10.3098838	10.7824187	12.0067183
10.1644891	10.6303614	11.8373943
10.2772084	10.7482462	11.9686647
10.4891347	10.9698875	12.2154723
11.8941782	12.4393269	13.8517625
12.4939049	13.0665432	14.5501944
16.0660538	16.8024137	18.7102594
22.2385988	23.2578675	25.8987019
29.99138	31.3659869	34.9274631
48.6317119	50.8606631	56.6356825
247.321466508948	250.493271508948	258.711154008948
253.875190311327	257.289213411327	266.134650311327
48.4070106	50.6256663	56.3740044
29.1269663	30.4619519	33.9207819
21.0120019	21.9750506	24.4702281
15.7636813	16.4861819	18.35812
13.5206257	14.1403212	15.7458969
11.6400025	12.1735015	13.5557529
10.9457882	11.4474694	12.7472844
9.71133575	10.1564383	11.30966
9.115539	9.53333369	10.6158051
9.5663265	10.0047836	11.1407854
9.56618656	10.0046368	11.1406227
9.69488275	10.13923	11.2904991
9.53351637	9.97046881	11.1025754
10.0347846	10.4947114	11.6863443
10.2474679	10.7171418	11.9340314
10.0310263	10.4907831	11.6819677
9.16257925	9.58253081	10.6705877
9.28222706	9.70766194	10.8099294
9.17549531	9.596039	10.6856289
9.53423838	9.97122438	11.1034143
9.52121756	9.95760606	11.0882504
9.78127825	10.2295868	11.3911131
10.6884034	11.1782893	12.4475375
12.6459038	13.2255081	14.7272112
14.586405	15.2549494	16.9870856
19.3282531	20.21413	22.5093619
25.3438756	26.50547	29.5150569
36.2737062	37.9362494	42.243755
52.8856387	55.3095613	61.5897356
165.445884908012	167.698364808012	173.534346708012
39.166105	40.961215	45.6121944
27.4655287	28.7243644	31.9858981
20.6327294	21.5783963	24.0285363
14.9951006	15.6823769	17.4630438
12.4115444	12.9804062	14.4542769
10.725413	11.216993	12.4906375
10.0787813	10.5407243	11.7375794
7.05356794	7.37685644	8.21446825
6.67621694	6.98221012	7.7750115
6.661881	6.96721706	7.75831594
7.14540687	7.4729045	8.32142225
7.20777644	7.53813281	8.394057
7.29508194	7.62943981	8.49573131
7.26398912	7.59692169	8.45952113
7.24636869	7.57849369	8.4390005
6.80885869	7.12093112	7.92948369
6.95871313	7.27765381	8.10400175
6.96375156	7.28292331	8.10986938
7.45064631	7.79213394	8.67689869
8.11981225	8.49197019	9.45619888
9.25250781	9.67658025	10.7753165
12.0807559	12.6344558	14.0690463
16.5153337	17.2722856	19.2334838
22.2536988	23.27366	25.9162894
29.5617994	30.9167156	34.4271812
24.4524675	25.5732044	28.4769369
17.1469506	17.9328525	19.969055
13.3680925	13.9807963	15.5682581
10.5125613	10.9943867	12.2427531
8.19279769	8.56830056	9.54119594
7.57700081	7.92427981	8.824049
5.37128037	5.61746387	6.25530394
5.28309069	5.52523206	6.15259931
5.12386725	5.35871112	5.96717075
5.22586544	5.46538412	6.08595606
5.39332894	5.640523	6.28098112
5.36517787	5.61108187	6.24819731
5.29136944	5.5338905	6.162241
5.35632213	5.60182025	6.23788387
5.225568	5.46507319	6.08560969
5.28957475	5.53201331	6.16015069
5.34023563	5.58499619	6.21914969
5.45057806	5.70039631	6.34765281
5.95368362	6.2265605	6.93356094
7.07812431	7.40253813	8.24306594
8.56586031	8.95846212	9.97565869
9.88054325	10.3334016	11.5067166
12.1207944	12.676332	14.115675
13.591825	14.2147838	15.8288137
13.5775419	14.1998463	15.81218
11.3703083	11.891447	13.2416719
9.31429875	9.74120425	10.8472772
7.55156794	7.89768125	8.79443056
6.39631287	6.68947681	7.4490395
5.95269206	6.22552356	6.93240619
4.425811	4.6286605	5.154226
4.27349563	4.469364	4.97684188
4.15811338	4.34869344	4.84246963
4.26261294	4.45798262	4.96416825
4.28480669	4.48119362	4.99001469
4.21893812	4.41230594	4.91330525
4.26123762	4.45654425	4.96256669
4.36157169	4.56147706	5.079414
4.49067719	4.69649987	5.22976819
4.95118456	5.17811356	5.76606725
5.32032569	5.56417394	6.19596306
6.55537775	6.85583231	7.634284
7.74032025	8.09508444	9.01424788
8.01823412	8.38573644	9.3379025
7.19565419	7.525455	8.37993963
6.20214694	6.48641175	7.22291737
5.44355513	5.69305112	6.33947381
4.78702175	5.00642663	5.57488575
3.860941	4.03790075	4.49638794
3.62169175	3.78768581	4.21776219
3.63905463	3.80584462	4.23798275
3.68904369	3.85812481	4.29619919
3.65687425	3.82448075	4.258735
3.797274	3.97131562	4.42224244
4.14784656	4.33795606	4.83051312
4.56296544	4.77210125	5.31395388
5.27044638	5.51200844	6.1378745
5.221882	5.46121831	6.08131719
4.84333969	5.06532594	5.64047288
4.1159715	4.30462012	4.79339219
3.53895894	3.70116119	4.12141281
3.37370512	3.52833319	3.92896106
3.40851344	3.56473681	3.96949806
3.64144456	3.80834375	4.24076569
3.86862744	4.04593919	4.50533913
3.8868145	4.06496	4.5265195
3.46872088	3.62770381	4.03961469
