#?RADIANCE
genskyvec -m 1
NROWS=146
NCOLS=1
NCOMP=3
FORMAT=ascii

0.468560731	0.4900364	0.545678025
6.67854619	6.984646	7.77772375
6.29827019	6.58694069	7.33486094
6.21269962	6.49744825	7.23520681
6.32833713	6.61838587	7.36987644
6.74925331	7.05859375	7.86006812
6.77687812	7.08748475	7.89223975
6.86234387	7.17686781	7.99177187
6.89526119	7.21129394	8.03010687
7.24485244	7.57690794	8.43723475
6.51675388	6.81543812	7.58930319
6.85594062	7.17017106	7.98431469
6.37881912	6.67118156	7.428667
6.2701135	6.55749369	7.30207013
6.3531055	6.64428925	7.39872131
6.41379238	6.70775756	7.46939606
7.28341513	7.61723813	8.48214444
7.51897163	7.86359087	8.7564695
9.70888225	10.1538725	11.306803
13.3004975	13.9101025	15.4895381
17.6214844	18.4291362	20.5216887
28.1138225	29.4023725	32.7408906
69.9037060074412	71.7185666074412	76.4207142074412
110.271677773124	112.468314573124	118.159610873124
34.101235	35.6642088	39.7137325
20.3384487	21.2706256	23.6858187
14.3415038	14.9988219	16.7018775
10.5121094	10.9939149	12.2422281
8.84677325	9.25225075	10.3028058
7.46885606	7.81117844	8.69810581
6.92950056	7.24710212	8.06998125
6.53658869	6.83618206	7.61240263
6.17335663	6.45630194	7.18938844
6.38096425	6.67342506	7.431165
6.42176844	6.71609919	7.47868481
6.52938394	6.82864719	7.604012
6.487887	6.78524813	7.55568538
6.77165194	7.082019	7.88615338
6.90634475	7.22288519	8.04301431
6.79425681	7.10565994	7.91247862
6.31434813	6.60375569	7.353585
6.33738081	6.62784387	7.38040831
6.23819194	6.52410869	7.2648945
6.38889925	6.68172363	7.44040575
6.34051438	6.63112112	7.38405775
6.50288506	6.80093375	7.57315206
7.05334575	7.37662394	8.21420925
8.17531162	8.55001319	9.52083181
9.39308912	9.8236045	10.9390354
12.1971157	12.7561503	14.2045594
15.6641069	16.3820444	18.2421569
21.6314912	22.6229337	25.1916744
30.3682869	31.7601638	35.3664012
51.1663133460728	52.5605989460728	56.1730689460728
26.8931913	28.1257956	31.3193644
19.5425006	20.4381988	22.7588725
14.7367606	15.4121962	17.1621869
10.6570393	11.1454864	12.4110119
8.66877981	9.06609856	10.0955169
7.40464662	7.74402613	8.62332862
6.86488587	7.17952619	7.99473213
4.89985144	5.124428	5.70628581
4.62374337	4.83566494	5.38473488
4.61380906	4.82527531	5.3731655
4.96245	5.18989569	5.77918712
5.02681844	5.25721412	5.85414938
5.10706463	5.34113819	5.94760269
5.09114406	5.32448813	5.929062
5.07415375	5.30671894	5.90927519
4.75106906	4.96882644	5.53301631
4.82528706	5.04644581	5.61944906
4.79691869	5.01677731	5.58641194
5.07922725	5.312025	5.91518369
5.4690595	5.71972469	6.36917594
6.13497962	6.41616588	7.14469525
7.83736831	8.19658056	9.12726956
10.4131634	10.8904322	12.1269949
13.5928394	14.2158437	15.829995
17.9696631	18.7932712	20.92717
15.9995506	16.7328656	18.6328131
11.7892329	12.3295727	13.7295444
9.48723469	9.922067	11.0486771
7.49788731	7.84154031	8.73191594
5.7770965	6.04187987	6.72791056
5.30186463	5.54486662	6.17446356
3.62402163	3.79012231	4.22047525
3.56758125	3.73109537	4.154746
3.45057112	3.60872206	4.01847788
3.53784862	3.69999988	4.12011963
3.67709062	3.84562394	4.28227869
3.66029906	3.82806256	4.26272338
3.60631981	3.77160938	4.19986012
3.65479988	3.82231156	4.25631931
3.54034162	3.702607	4.123023
3.572214	3.7359405	4.16014119
3.57045775	3.73410363	4.15809562
3.58657363	3.75095813	4.17686406
3.89806106	4.07672194	4.539617
4.577884	4.78770331	5.33132763
5.441326	5.69071987	6.33687794
6.1456045	6.42727787	7.157069
7.42320988	7.76344006	8.64494688
8.36601419	8.74945594	9.74292144
8.6494455	9.04587812	10.0729997
7.49873825	7.84243037	8.73290525
6.30131138	6.59012137	7.33840269
5.16608225	5.40286094	6.01633375
4.35552744	4.55515544	5.07237481
4.05953494	4.245597	4.72766719
2.82753337	2.95712863	3.29289837
2.73810331	2.86359969	3.18874975
2.65715625	2.77894256	3.09447994
2.75456869	2.88081969	3.20792487
2.7759155	2.90314481	3.23278506
2.71819481	2.84277881	3.16556456
2.74222369	2.86790869	3.19354813
2.78622163	2.91392344	3.24478738
2.83527144	2.96522119	3.30190975
3.09295975	3.23472025	3.6020095
3.24673606	3.39554456	3.78109481
3.97107981	4.15308769	4.62465369
4.64741219	4.86041838	5.41229906
4.84775031	5.06993856	5.6456095
4.42084119	4.62346294	5.14843825
3.9018505	4.08068538	4.54403044
3.48608069	3.64585938	4.05983181
3.06622981	3.20676512	3.57088019
2.335799	2.44285644	2.72023281
2.17002375	2.26948306	2.52717369
2.20789488	2.30909	2.57127744
2.25352369	2.35681006	2.62441619
2.20365869	2.30465975	2.56634437
2.25946869	2.3630275	2.63133956
2.44899938	2.56124512	2.85206406
2.655068	2.77675869	3.09204813
3.05207194	3.19195856	3.55439237
3.04303612	3.18250856	3.54386938
2.89772269	3.03053475	3.37463975
2.4550455	2.56756844	2.85910506
2.02044131	2.11304494	2.35297237
1.92275513	2.0108815	2.23920869
1.93792119	2.0267425	2.25687075
2.06322288	2.15778719	2.40279525
2.16446806	2.26367263	2.5207035
2.20065881	2.30152225	2.56285056
1.93733475	2.02612919	2.25618769
