#?RADIANCE
genskyvec -m 1
NROWS=146
NCOLS=1
NCOMP=3
FORMAT=ascii

2.26808131	2.37203506	2.64136981
14.6815437	15.3544487	17.0978838
14.0478406	14.6916988	16.3598819
13.7685262	14.3995825	16.0345956
13.7898512	14.4218856	16.0594331
14.1955056	14.8461325	16.53185
13.9523412	14.5918244	16.2486662
14.0466487	14.6904537	16.3584938
13.9564387	14.5961081	16.2534381
14.5993944	15.2685344	17.0022125
13.7890294	14.4210275	16.0584763
14.5372562	15.2035456	16.9298463
14.075865	14.7210069	16.3925187
14.1291175	14.7767038	16.4545369
14.3976963	15.0575919	16.7673175
14.7194831	15.3941262	17.142065
16.5392081	17.2972544	19.2612881
17.3199869	18.11382	20.1705688
22.4727619	23.5027631	26.1714063
32.5975844	34.0916394	37.9626056
45.72696	47.8227775	53.2528575
79.3815281	83.0198438	92.4464062
487.449164440582	491.953954940582	503.625467940582
91.5026806	95.6965394	106.562506
56.8314988	59.436275	66.1850206
33.5603481	35.0985287	39.0838219
24.4454275	25.5658444	28.4687406
18.9893956	19.8597406	22.1147325
17.0672406	17.8494894	19.8762263
15.3128912	16.0147319	17.8331388
14.8570088	15.5379537	17.3022263
13.2084562	13.8138438	15.3823494
12.3892537	12.9570944	14.4283212
12.893825	13.4847925	15.0159356
12.6801006	13.2612719	14.7670337
12.5987456	13.1761875	14.67229
12.2327125	12.7933788	14.246015
12.7794062	13.3651288	14.8826837
13.0352231	13.6326719	15.1806044
12.8744725	13.4645519	14.9933963
11.9396337	12.4868663	13.9046994
12.3104594	12.8746887	14.336555
12.3938356	12.9618844	14.4336544
13.0876669	13.6875188	15.2416806
13.1870488	13.7914531	15.3574163
13.5671644	14.1889937	15.8000956
14.8029806	15.4814494	17.2393044
17.5717581	18.37713	20.46378
20.8347119	21.7896381	24.2637612
29.44014	30.7894781	34.2854981
42.4028481	44.3463094	49.3816531
67.8960844	71.0079894	79.0706556
964.234390792656	969.162051792656	981.929218792656
444.081010317725	447.783812117725	457.377447117725
51.8922969	54.2706925	60.4329094
33.8275619	35.3779919	39.3950181
24.7643156	25.8993456	28.8401119
18.2648888	19.1020306	21.2709862
15.6237937	16.3398831	18.1952106
13.9971494	14.6386838	16.3008462
13.5090537	14.1282194	15.7324219
9.52679013	9.96343456	11.0947417
9.018652	9.43200656	10.5029719
8.91361681	9.32215675	10.3806503
9.39088956	9.82130431	10.9364746
9.33606562	9.76396825	10.8726261
9.38307037	9.8131275	10.9273675
9.37444031	9.80410194	10.9173185
9.47132294	9.90542463	11.0301457
9.05093469	9.46576831	10.5405666
9.43400406	9.8663965	10.9866853
9.55492925	9.99286256	11.1275131
10.2907338	10.7623911	11.9844175
11.2571685	11.7731212	13.1099125
13.0644944	13.6632819	15.2146925
18.0555838	18.88313	21.0272319
27.2307031	28.4787769	31.7124256
41.3034856	43.19656	48.1013525
56.53663	59.1278919	65.8416219
37.6264175	39.3509625	43.8191025
23.2337537	24.2986325	27.0576419
16.8584981	17.63118	19.6331281
13.1499125	13.7526169	15.31417
10.5580231	11.0419318	12.2956987
10.0384454	10.4985402	11.6906064
7.19784587	7.52774712	8.38249169
7.104115	7.42972006	8.27333425
6.84486219	7.15858488	7.97141287
6.92444969	7.24182006	8.06409894
7.06484263	7.38864781	8.22759837
7.00340738	7.32439662	8.15605181
6.9299455	7.24756787	8.07049944
7.07041581	7.39447637	8.23408856
6.99769706	7.31842444	8.14940131
7.16735256	7.49585606	8.34698
7.3001025	7.63469031	8.50157844
7.48340769	7.82639712	8.71505256
8.21691138	8.59351988	9.56927881
9.98007494	10.4374954	11.6226309
12.6249512	13.2035975	14.70281
15.32933	16.0319262	17.8522856
19.9953094	20.91176	23.2862031
22.3798363	23.4055775	26.063185
20.5865206	21.5300681	23.9747181
15.7079269	16.4278744	18.2931931
12.1291001	12.6850163	14.1253469
9.66871781	10.1118669	11.2600276
8.30194144	8.68244694	9.66830325
7.86209225	8.22243787	9.15606181
5.89341744	6.16353213	6.86337594
5.71670181	5.97871713	6.65757606
5.54330506	5.79737294	6.45564094
5.64678687	5.90559769	6.576154
5.66301237	5.922567	6.59505031
5.61258194	5.86982513	6.53631969
5.715641	5.97760763	6.65634056
5.916213	6.18737256	6.88992344
6.12156075	6.402132	7.12906787
6.80529769	7.11720681	7.9253365
7.41280763	7.75256094	8.63283275
9.5087125	9.94452744	11.0736887
11.6209551	12.1535816	13.5335712
11.7627718	12.3018975	13.6987288
9.99998388	10.458317	11.645815
8.20299556	8.5789665	9.55307313
7.09948444	7.42487725	8.26794137
6.30501	6.59398944	7.34270994
5.13249181	5.367731	5.97721487
4.83027619	5.05166363	5.62525931
4.84829863	5.07051206	5.64624806
4.92099894	5.14654425	5.7309135
4.906945	5.1318465	5.71454669
5.13200756	5.36722431	5.97665069
5.64794662	5.90681075	6.57750475
6.27863425	6.56640475	7.31199325
7.37575244	7.71380756	8.58967875
7.15423625	7.48213837	8.33170487
6.41966931	6.71390394	7.47624037
5.43468425	5.68377363	6.32914294
4.70547431	4.9211415	5.47991706
4.50075131	4.70703575	5.24150037
4.56410669	4.77329481	5.31528281
4.90177525	5.12643981	5.70852606
5.19805419	5.43629825	6.05356769
5.17729519	5.41458787	6.02939187
4.63119069	4.8434535	5.39340769
