#?RADIANCE
genskyvec -m 1
NROWS=146
NCOLS=1
NCOMP=3
FORMAT=ascii

18.1535644	18.9856025	21.1413375
28.0572387	29.343195	32.6749956
30.1388456	31.5202081	35.0991981
31.66139	33.1125369	36.8723294
32.5652731	34.0578469	37.924975
31.3103863	32.745445	36.4635556
30.72418	32.1323719	35.7808713
29.9921731	31.3668137	34.928385
27.6246325	28.8907606	32.1711888
25.644575	26.8199506	29.8652469
27.9364681	29.2168894	32.5343481
25.6254694	26.7999681	29.8429938
27.3828475	28.637895	31.8896106
28.3966337	29.698145	33.0702481
29.8419312	31.2096863	34.7534163
34.2273556	35.7961075	39.8606094
39.8642281	41.6913375	46.4252187
45.7254475	47.8211956	53.2510975
53.9480044	56.4206219	62.8269513
61.7044625	64.5325844	71.8599937
61.9266381	64.7649419	72.118735
58.4474262	61.1262637	68.0668988
49.6325031	51.9073237	57.8011881
42.16776	44.1004463	49.1078725
36.7470081	38.431245	42.7949562
31.6991137	33.1519894	36.9162619
29.1769544	30.5142306	33.9789962
27.8801288	29.1579656	32.4687331
26.195335	27.3959538	30.5066519
26.3484894	27.5561256	30.6850125
26.8375287	28.0675825	31.25454
17.9534469	18.7763119	20.9082875
17.063595	17.8456763	19.8719806
19.1654306	20.0438456	22.3197425
18.9094156	19.776095	22.0215919
18.8914006	19.7572544	22.0006094
17.7118275	18.5236206	20.6269019
18.7435937	19.6026744	21.8284781
18.7088469	19.566335	21.7880131
17.6287088	18.4366912	20.5301006
15.54256	16.2549281	18.1006081
16.436775	17.1901269	19.1419944
17.2373419	18.027385	20.0743206
19.70613	20.6093269	22.9494312
22.2487731	23.2685075	25.9105513
25.6388013	26.8139125	29.8585206
32.4682175	33.9563413	37.8119438
41.4359481	43.3350944	48.2556169
53.1596787	55.5961631	61.9088794
64.6113681	67.5727225	75.2453244
66.7894713	69.8506531	77.7819075
58.6279931	61.3151063	68.2771856
45.8284656	47.9289381	53.3710712
34.4453619	36.0241069	40.1144988
28.2422575	29.5366944	32.8904644
23.6991356	24.7853444	27.5996187
21.1074862	22.0749106	24.5814269
18.25766	19.0944681	21.2625669
17.5317625	18.3352994	20.4171994
16.7882906	17.5577525	19.5513663
17.2021387	17.9905694	20.0333256
11.9075381	12.4532981	13.8673212
11.5427931	12.0718356	13.4425419
11.6847769	12.2203288	13.6078963
12.5388331	13.11353	14.6025181
12.3775956	12.9449019	14.4147431
12.2403475	12.8013631	14.2549056
12.0953313	12.6496994	14.0860231
12.2977331	12.8613781	14.3217344
12.3352719	12.9006388	14.3654538
14.0484075	14.6922913	16.3605406
16.2380575	16.9823019	18.9105725
21.65504	22.6475625	25.2190969
30.50502	31.903165	35.5256412
45.9105219	48.0147525	53.4666313
70.9082281	74.1581856	82.5785419
84.7369662	88.6207469	98.6832594
61.856895	64.6920025	72.0375125
42.1474194	44.0791769	49.084185
26.9423156	28.1771725	31.376575
19.9840313	20.899965	23.2730706
16.0795081	16.8164856	18.7259288
13.9036756	14.5409256	16.1919894
12.2103806	12.7700238	14.2200063
12.0183463	12.5691856	13.9963656
9.57489213	10.0137404	11.1507594
9.49591575	9.93114556	11.058785
9.30872781	9.73537788	10.8407887
9.40867519	9.83990512	10.9571862
9.5871955	10.0266092	11.1650881
9.54749344	9.98508681	11.1188519
9.66211556	10.1049625	11.2523394
10.2155436	10.6837556	11.8968525
11.066455	11.5736656	12.8878106
12.5588119	13.1344219	14.6257831
15.37274	16.0773238	17.9028381
20.4714844	21.4097575	23.8407487
27.6638606	28.931785	32.21687
47.9770212	50.1759669	55.8732425
1573.98275112482	1577.83001742482	1587.79795432482
5996.51871434908	6001.81951134908	6015.55343634908
75.2746175	78.7247	87.6635694
44.1471131	46.1705219	51.412995
27.0360869	28.2752381	31.4857756
18.9040194	19.7704531	22.0153069
14.7433344	15.4190706	17.1698419
12.1744831	12.7324794	14.1782
10.778795	11.2728213	12.5528037
10.165267	10.6311744	11.8383012
9.005039	9.41776969	10.48712
8.60080713	8.9950105	10.0163574
8.43413094	8.82069525	9.82224863
8.52524712	8.91598738	9.92836106
8.75574425	9.15704919	10.1967936
9.46415012	9.89792344	11.0217912
10.5984238	11.084185	12.3427481
13.5022156	14.1210669	15.7244563
17.5172488	18.3201225	20.4002994
27.4667537	28.7256456	31.9873244
40.839805	42.7116281	47.5613588
1409.35517801475	1412.50306301475	1420.65895861475
61.6466131	64.4720825	71.7926213
31.7297356	33.1840144	36.9519219
20.2108956	21.1372288	23.537275
14.1918438	14.8423031	16.5275862
11.2272675	11.7418494	13.0750881
9.75761213	10.2048355	11.3635519
9.13994313	9.55885706	10.6442256
8.75312862	9.15431344	10.1937488
8.70778675	9.10689338	10.140944
9.30789031	9.734502	10.8398137
10.9405162	11.4419556	12.7411431
15.1371669	15.8309531	17.6284937
22.575345	23.6100481	26.2908731
30.564485	31.9653569	35.5948919
32.8433494	34.3486681	38.24882
21.2267113	22.1996031	24.7202738
13.5877881	14.2105625	15.8241131
10.6862197	11.1760056	12.4449956
10.619663	11.1063952	12.3674825
10.301025	10.7731546	11.9964025
11.983025	12.5322469	13.9552313
16.2041375	16.9468281	18.8710712
16.9928731	17.7717119	19.7896169
13.7289488	14.3581906	15.9885056
12.6690362	13.2497	14.7541475
