#?RADIANCE
genskyvec -m 1
NROWS=146
NCOLS=1
NCOMP=3
FORMAT=ascii

14.3636625	15.0219969	16.7276825
31.7723931	33.2286275	37.0016006
32.6648381	34.161975	38.04093
33.5173506	35.0535587	39.0337488
34.3059006	35.8782556	39.9520838
34.0481644	35.6087056	39.6519287
33.5685081	35.1070625	39.0933269
33.4980619	35.03339	39.0112875
31.7991356	33.2565956	37.032745
31.1298988	32.5566838	36.2533619
32.2502994	33.7284381	37.5581625
31.2129512	32.6435462	36.3500862
32.02	33.4875825	37.2899587
32.7770938	34.2793775	38.1716587
34.1604356	35.7261219	39.782675
38.1362094	39.8841194	44.4127988
45.2438463	47.3175206	52.6902325
51.3920875	53.7475562	59.8503731
65.4193194	68.4177	76.1862519
82.4534425	86.2325556	96.0239094
86.9604919	90.9461775	101.272743
89.9160069	94.0371519	104.714692
74.2258769	77.6278925	86.442225
63.0356631	65.9247962	73.410285
51.8286738	54.2041538	60.3588131
41.4777806	43.378845	48.3043344
37.2962113	39.0056213	43.4345481
33.9941813	35.5522463	39.5890569
32.1423306	33.6155181	37.4324244
31.02126	32.4430669	36.1268444
31.0010706	32.4219519	36.1033312
22.6834531	23.72311	26.4167731
21.3066913	22.2832481	24.8134194
23.4358131	24.5099544	27.2929581
23.1256637	24.18559	26.9317656
23.1902619	24.2531494	27.006995
22.0664894	23.0778687	25.6982656
23.5093731	24.5868844	27.3786256
23.8354237	24.9278812	27.7583388
22.8841019	23.9329562	26.650445
20.2614906	21.1901419	23.5961962
21.2689738	22.2438013	24.7694919
21.8880763	22.8912781	25.4904888
24.4822775	25.6043812	28.5116544
26.68246	27.9054037	31.0739494
29.9985387	31.3734713	34.9358
37.4718413	39.1892987	43.6390831
48.93093	51.173595	56.9841475
64.52382	67.48116	75.1433694
87.8459125	91.8721812	102.303888
103.472339	108.214819	120.502175
99.94219	104.522874	116.391019
78.740405	82.3493381	91.69978
56.8457519	59.45118	66.2016187
43.8552569	45.8652887	51.0731031
35.1369756	36.7474175	40.9199375
30.2349188	31.6206856	35.211085
25.3774413	26.5405731	29.5541438
23.7475213	24.8359494	27.6559681
22.238015	23.2572575	25.8980237
22.2987775	23.3208044	25.9687869
15.03141	15.7203481	17.5053281
14.3784631	15.037475	16.74492
14.4340119	15.0955713	16.8096106
15.5208988	16.2322738	18.07538
15.4249256	16.1319019	17.9636106
15.4108912	16.1172231	17.9472681
15.3035456	16.0049606	17.8222569
15.4964688	16.2067225	18.0469294
15.0823263	15.7735987	17.5646256
16.6434369	17.4062606	19.38267
18.408185	19.2518931	21.4378662
23.4471363	24.5217969	27.3061456
31.6482025	33.0987438	36.8569719
46.3482725	48.4725662	53.97643
76.6584113	80.1719169	89.2751094
1694.96956381401	1700.33278881401	1714.22848881402
105.440563	110.273254	122.794331
70.6774319	73.9168094	82.3097625
41.5258631	43.4291306	48.3603319
28.6737788	29.9879925	33.3930069
22.1546394	23.1700594	25.8009269
18.636995	19.4911906	21.704335
15.8856338	16.6137244	18.5001438
15.4702269	16.1792781	18.0163694
11.550635	12.0800394	13.4516781
11.4167656	11.9400331	13.2957756
11.0904687	11.5987819	12.915775
11.2347694	11.7496956	13.0838262
11.4909987	12.0176688	13.3822262
11.4142306	11.9373831	13.292825
11.4060975	11.9288769	13.2833519
11.8717956	12.4159187	13.8256962
12.3575381	12.923925	14.3913838
13.5385925	14.1591119	15.76682
15.688995	16.4080737	18.2711437
19.5012737	20.3950813	22.7108594
25.3723025	26.5351994	29.5481631
41.2426462	43.1329313	48.0304994
68.46916	71.6073294	79.7380444
3064.54113920975	3069.20372620975	3081.28408720975
2550.92236784147	2555.51483884147	2567.41350684147
62.2672881	65.1212037	72.5154481
37.6589238	39.3849587	43.8569569
25.2263956	26.382605	29.3782425
18.9762287	19.8459731	22.0994006
15.2603538	15.9597856	17.7719538
13.2582062	13.8658737	15.4402869
12.4790581	13.0510138	14.5329025
10.189511	10.6565306	11.866535
9.72647119	10.1722683	11.3272869
9.45391781	9.88722244	11.0098763
9.581719	10.0208811	11.1587119
9.72984038	10.1757901	11.3312094
10.1180416	10.5817862	11.7833031
10.940545	11.4419856	12.7411762
13.0804844	13.6800044	15.2333131
15.9896006	16.7224581	18.6212244
23.1597813	24.2212712	26.9714962
31.9733019	33.4387437	37.2355775
52.2552456	54.6502744	60.85559
59.6747613	62.4098531	69.4962375
36.6242844	38.3028956	42.6520325
23.6374194	24.7207975	27.5277456
16.4131131	17.1653813	19.11444
12.9156425	13.5076106	15.0413444
11.1062281	11.6152631	12.9341287
9.71324619	10.1584378	11.3118856
9.13036487	9.54883956	10.6330706
9.05301975	9.46794956	10.5429969
9.46513463	9.8989525	11.0229375
10.5116209	10.9934056	12.2416588
13.4815663	14.0994712	15.7004087
18.7979894	19.6595638	21.8918269
24.9028594	26.0442388	29.0014563
29.6150375	30.9723937	34.4891813
21.510695	22.4965988	25.0509981
14.5102931	15.1753481	16.8984469
11.21854	11.732725	13.0649263
10.4374533	10.9158369	12.1552856
9.90623181	10.3602663	11.5366325
11.0292356	11.5347419	12.8444656
14.1827106	14.8327513	16.5169513
15.4706388	16.1797088	18.0168481
13.2793831	13.8880219	15.46495
11.7327744	12.2705263	13.6637938
