#?RADIANCE
genskyvec -m 1
NROWS=146
NCOLS=1
NCOMP=3
FORMAT=ascii

21.3090531	22.2857169	24.8161688
28.4374856	29.7408681	33.1178238
30.1518431	31.5338025	35.1143363
31.256915	32.6895231	36.4012831
31.5995881	33.0479044	36.8003569
29.726245	31.0886969	34.6186912
28.8875575	30.2115694	33.64197
28.11567	29.4043056	32.7430431
26.0756262	27.2707575	30.3672406
24.3823606	25.4998838	28.3952919
27.4552388	28.7136037	31.973915
25.87051	27.0562406	30.128365
28.6221881	29.9340375	33.3329244
30.5756494	31.9770319	35.6078913
32.7680763	34.2699438	38.161155
37.5965463	39.3197194	43.7843112
43.0887719	45.0636738	50.1804681
47.1701744	49.3321394	54.9336044
51.6434875	54.0104794	60.1431462
52.4963087	54.9023888	61.1363306
50.0102056	52.3023388	58.241055
44.9242319	46.9832588	52.318015
39.3817219	41.1867162	45.8632975
34.2070975	35.7749212	39.8370156
31.3420569	32.7785663	36.5004387
28.8306331	30.1520369	33.5756781
27.5981425	28.8630569	32.1403381
27.4570206	28.715465	31.9759906
26.2538356	27.4571369	30.5747806
26.8759706	28.107785	31.2993087
27.3577669	28.611665	31.8604025
17.7785513	18.5934006	20.7046056
16.7098019	17.4756681	19.4599575
18.5526806	19.40301	21.6061412
18.0184844	18.8443331	20.9840306
17.764255	18.5784487	20.6879563
16.5847644	17.3448994	19.3143425
17.521515	18.3245844	20.4052669
17.6449094	18.4536344	20.5489694
17.072835	17.8553394	19.8827412
15.71675	16.4370994	18.303465
17.20896	17.9977037	20.0412688
18.7732575	19.6336975	21.8630231
22.0746919	23.0864475	25.7078206
25.7213144	26.9002075	29.954615
30.1215744	31.5021444	35.0790856
37.6688138	39.3952994	43.8684737
44.9864	47.048275	52.3904125
52.1368725	54.5264781	60.7177363
53.0081919	55.4377319	61.7324606
48.1775775	50.3857163	56.1068063
40.5512156	42.4098113	47.2252712
32.8606519	34.366765	38.2689681
26.0668938	27.2616262	30.3570725
22.9806306	24.0339069	26.7628581
20.3863462	21.3207194	23.7416
18.9743519	19.8440081	22.0972163
17.0889594	17.8722044	19.9015194
16.9574087	17.7346237	19.7483163
16.5258806	17.2833163	19.2457656
17.0698425	17.8522125	19.8792556
11.7052081	12.2416975	13.6316919
11.3103825	11.828775	13.1718838
11.3550069	11.8754437	13.2238506
12.0413094	12.5932031	14.02311
11.8872375	12.4320712	13.8436812
11.901675	12.4471688	13.8604944
12.0940794	12.6483906	14.0845644
12.8178175	13.4052994	14.9274175
13.543265	14.1639975	15.7722613
16.2466325	16.9912694	18.9205588
19.7482838	20.6534125	22.9985244
27.5771869	28.8411419	32.1159362
39.4545862	41.2629194	45.948155
55.4877819	58.0309687	64.6201469
65.7434875	68.7567275	76.5637713
57.3608344	59.9898731	66.8014781
39.3830506	41.1881069	45.86485
29.1310412	30.4662119	33.9255269
20.8101675	21.7639669	24.2351756
16.6523081	17.4155387	19.3930019
14.2842606	14.9389544	16.6352106
12.9127025	13.5045337	15.0379175
11.7363588	12.2742744	13.6679681
11.7692344	12.3086563	13.7062531
9.47549925	9.909793	11.0350087
9.41751938	9.84915488	10.9674869
9.25154063	9.675569	10.7741906
9.35182244	9.780447	10.8909769
9.60423662	10.0444306	11.184935
9.7193055	10.1647726	11.3189406
10.2247829	10.6934169	11.9076119
11.2486469	11.76421	13.0999888
12.9006444	13.4919225	15.0238731
15.3988612	16.10464	17.9332569
20.1917656	21.1172219	23.5149962
29.2183225	30.5574956	34.0271738
41.1297012	43.0148106	47.8989669
71.0357531	74.2915594	82.7270575
3620.86297231565	3625.35105301565	3636.97926401565
79.7503437	83.405565	92.8759262
48.2613706	50.47335	56.2043919
31.1272856	32.5539519	36.25032
21.0583606	22.0235344	24.5242169
15.9504181	16.6814781	18.5755906
13.1656131	13.7690362	15.3324525
11.38379	11.9055444	13.2573719
10.3738206	10.8492875	12.0811788
9.94063856	10.3962508	11.5767025
9.06518881	9.48067619	10.5571681
8.75575387	9.15705881	10.1968044
8.71369506	9.11307213	10.1478237
8.93301575	9.34244556	10.4032419
9.43605987	9.868545	10.9890781
10.8376981	11.334425	12.6214025
12.8134425	13.400725	14.9223206
17.8849325	18.7046562	20.8284937
25.1791012	26.3331412	29.3231638
43.9026394	45.9148431	51.1282869
2736.2420299049	2739.3651075049	2747.4567256049
3197.15543066656	3201.20165626656	3211.68509086656
50.36408	52.6724325	58.6531719
26.5390181	27.75539	30.9068987
17.918135	18.7393819	20.8671619
13.2190644	13.8249362	15.3947025
10.82323	11.3192944	12.6045525
9.66436994	10.1073195	11.2549644
9.48816781	9.92304144	11.0497625
9.36371706	9.79288719	10.9048288
9.58196637	10.0211401	11.159
10.7353007	11.2273363	12.5021531
13.5648075	14.1865244	15.7973494
20.8449369	21.80033	24.2756669
33.85174	35.4032775	39.4231731
43.4208169	45.4109356	50.5671625
35.681805	37.3172194	41.5544363
21.0554725	22.0205144	24.5208531
13.3812331	13.9945419	15.5835644
10.9326475	11.4337281	12.7319806
11.6310844	12.1641756	13.5453681
11.8172238	12.3588462	13.7621431
14.7213169	15.3960438	17.1442012
21.1729462	22.1433713	24.6576625
19.89552	20.8073963	23.1699919
14.929015	15.6132606	17.3860831
14.8740419	15.5557681	17.3220606
