#?RADIANCE
genskyvec -m 1
NROWS=146
NCOLS=1
NCOMP=3
FORMAT=ascii

19.9334419	20.8470562	23.2141544
28.6756462	29.9899456	33.39518
29.2439931	30.5843406	34.0570675
29.5147144	30.8674725	34.3723481
29.1009425	30.4347356	33.890475
26.9849487	28.2217575	31.4262238
26.1902975	27.390685	30.500785
25.8548681	27.0398831	30.1101506
25.0212162	26.1680219	29.1392925
24.7537794	25.8883281	28.8278413
28.8127975	30.1333838	33.5549044
29.3721569	30.7183794	34.2063269
33.5176319	35.0538538	39.034075
36.8703706	38.5602619	42.9386231
39.8791669	41.7069594	46.442615
43.5230119	45.5178156	50.6861763
46.1828325	48.2995444	53.7837594
45.2369675	47.3103275	52.68222
43.61745	45.6165806	50.7961581
39.1011594	40.8932962	45.5365594
36.5013919	38.1743706	42.5089131
32.2286238	33.7057681	37.5329194
29.8593244	31.227875	34.7736738
27.0205969	28.25904	31.4677388
26.6188681	27.8388987	30.9998913
26.5247231	27.74044	30.8902531
26.9424225	28.1772831	31.3766981
27.8875837	29.1657644	32.4774181
27.2376369	28.4860294	31.7205012
27.9393869	29.2199419	32.5377475
28.0833144	29.3704669	32.7053631
17.8843456	18.7040431	20.8278112
16.4731594	17.2281775	19.1843669
17.8926881	18.7127694	20.8375281
17.0943569	17.8778469	19.9078056
16.7954619	17.565255	19.559715
15.985875	16.7185606	18.6168856
17.1386225	17.9241425	19.9593562
17.98911	18.8136106	20.9498206
18.7377212	19.5965337	21.8216381
18.9166075	19.7836206	22.0299669
21.97032	22.9772913	25.58627
25.4381837	26.6041012	29.6248869
30.5606244	31.9613181	35.5903962
36.1815119	37.8398312	42.1363881
40.874955	42.7483888	47.6022931
44.652035	46.6985862	52.0010169
44.465925	46.503945	51.784275
40.9646756	42.8422225	47.70678
34.8705569	36.4687894	40.6096725
29.4279606	30.7767419	34.2713144
25.3028413	26.4625544	29.4672694
22.0823525	23.0944594	25.71674
18.8227744	19.685485	21.9206912
18.3339044	19.17421	21.3513619
17.6167375	18.4241725	20.5161606
17.4806869	18.2818813	20.3577156
16.5843506	17.344465	19.3138594
17.104785	17.8887537	19.9199488
16.8810612	17.6547769	19.659405
17.4311194	18.2300438	20.29999
11.7379494	12.2759381	13.66982
11.3145825	11.8331675	13.1767762
11.3285256	11.8477487	13.1930112
12.0024438	12.5525563	13.9778475
12.2060919	12.7655369	14.2150125
12.89303	13.4839619	15.0150094
14.1172556	14.7642963	16.4407225
16.3478987	17.0971756	19.03849
19.032705	19.9050369	22.1651713
24.9061331	26.0476631	29.00527
32.5400456	34.0314644	37.8955981
44.4063544	46.441645	51.7149037
52.6126087	55.02402	61.2717706
51.3400987	53.693185	59.7898256
40.0472894	41.88279	46.6384087
29.9966519	31.3714988	34.9336019
21.8978725	22.9015244	25.5019
18.3304275	19.1705719	21.3473106
14.9896538	15.6766794	17.4567025
13.1833831	13.7876219	15.3531506
12.4761631	13.0479875	14.5295337
12.0600281	12.6127794	14.0449081
11.4593581	11.9845781	13.3453781
11.7877631	12.3280344	13.7278319
9.57487706	10.0137256	11.1507425
9.64107431	10.0829564	11.2278338
9.67011256	10.1133241	11.2616525
9.95452862	10.4107781	11.59288
10.6810813	11.1706306	12.4390088
11.334135	11.8536138	13.1995438
13.0786188	13.6780538	15.2311406
15.745385	16.4670462	18.3368125
20.313185	21.2442038	23.6563975
26.8866387	28.1189419	31.3117325
39.7749969	41.5980162	46.3213
63.4237681	66.3306875	73.862265
1551.21312647032	1554.84994087032	1564.27259897032
70.0759944	73.2878094	81.6093431
48.6980844	50.9300794	56.7129812
34.6842113	36.2739031	40.3926538
24.0639425	25.1668738	28.0244681
18.2183369	19.0533444	21.2167725
14.4518375	15.1142119	16.8303694
12.3377369	12.9032169	14.3683256
11.1400313	11.6506156	12.9734963
10.3998413	10.8765025	12.1114837
9.93698581	10.3924301	11.5724481
9.81669325	10.2666242	11.4323575
9.27580988	9.70095125	10.8024544
9.32529831	9.75270756	10.8600875
9.73669463	10.1829591	11.3391919
10.5522856	11.0359312	12.2890169
12.0057538	12.5560175	13.9817013
15.8364256	16.56226	18.4428369
21.2156206	22.1880031	24.7073588
35.9531131	37.6009612	41.8703962
58.0370875	60.6971188	67.5890263
4662.90584502573	4667.85793502573	4680.68838302573
1879.25095437617	1882.90416817617	1892.36930747617
44.9314144	46.99077	52.3263813
26.6881356	27.9113406	31.0805594
17.40431	18.2020075	20.2687713
13.6329531	14.2577956	15.8767113
11.2747588	11.7915175	13.1303963
10.0246164	10.4840775	11.6745006
9.48631631	9.92110569	11.0476069
10.0531629	10.5139331	11.707745
10.707909	11.1986875	12.4702519
11.9843994	12.5336825	13.9568312
15.1559856	15.8506356	17.6504087
22.0471794	23.0576725	25.6757787
39.5282819	41.3399944	46.03398
60.5973644	63.3747425	70.570685
47.4845631	49.6609381	55.2997344
26.6728113	27.8953163	31.0627144
16.9968344	17.7758563	19.7942338
12.0192287	12.5701088	13.9973931
10.8454275	11.3425113	12.6304063
12.9389106	13.5319431	15.06844
14.8211688	15.5004725	17.2604887
20.8587381	21.8147625	24.2917388
29.9610531	31.3342694	34.8921456
21.2644769	22.2390975	24.7642556
15.15295	15.84746	17.6468731
17.972005	18.7957212	20.9298994
