#?RADIANCE
genskyvec -m 1
NROWS=146
NCOLS=1
NCOMP=3
FORMAT=ascii

5.53424644	5.78789938	6.44509131
19.2819619	20.1657175	22.455455
18.8479375	19.7118013	21.9499944
18.7911938	19.6524575	21.8839131
18.9681488	19.8375219	22.0899906
19.230085	20.1114644	22.3950381
19.0069275	19.8780794	22.1351538
19.1665331	20.045	22.3210281
18.7754644	19.6360056	21.8655925
19.1722231	20.0509506	22.327655
18.9909588	19.8613781	22.116555
19.2409256	20.1228031	22.4076644
19.0730813	19.9472638	22.2121931
19.1272613	20.0039269	22.2752919
19.4216106	20.3117669	22.6180825
20.4762394	21.4147331	23.8462875
23.3606269	24.4313219	27.2053969
25.9562325	27.1458925	30.2281975
34.4824694	36.0629156	40.1577125
51.9396937	54.3202606	60.4881025
71.6101056	74.8922306	83.3959337
110.320663	115.377009	128.477619
107.776704	112.716459	125.514963
92.2086294	96.4348519	107.384632
62.0126775	64.8549206	72.2189319
39.4113612	41.2177144	45.8978169
30.1687538	31.5514881	35.1340287
24.3724219	25.48949	28.3837175
21.9146525	22.9190737	25.5214406
19.987115	20.9031894	23.2766606
19.3602344	20.2475794	22.5466087
15.9215	16.6512331	18.5419131
14.9658794	15.651815	17.4290131
15.7655412	16.48813	18.3602894
15.53264	16.2445519	18.0890538
15.5333919	16.2453388	18.0899319
15.0747725	15.7657006	17.5558312
15.8285306	16.5540025	18.4336431
16.1279831	16.8671813	18.78238
15.8269888	16.5523912	18.4318469
14.5341806	15.20033	16.9262656
14.978105	15.6646025	17.4432544
15.0777375	15.7688019	17.559285
16.0237963	16.7582188	18.661045
16.4302106	17.1832613	19.1343494
17.2586581	18.0496794	20.0991481
19.6927681	20.5953519	22.9338713
24.5328731	25.6572944	28.5705744
31.5229756	32.9677763	36.7111338
47.9703337	50.1689737	55.8654544
73.6762619	77.0530881	85.8021506
1065.17938680895	1070.70637480895	1085.02626280895
1708.48021939563	1715.30984439563	1733.00485639563
93.739435	98.0358113	109.167373
58.090255	60.7527244	67.6509475
38.4777294	40.2412913	44.8105275
28.6588175	29.9723463	33.3755825
21.5394563	22.5266794	25.0844919
18.6055106	19.4582619	21.6676681
16.7338694	17.5008394	19.4879869
16.1780187	16.9195106	18.8406519
11.8653538	12.4091825	13.8181944
11.3564962	11.8770019	13.2255875
11.2694819	11.7859994	13.1242525
11.7922956	12.3327756	13.7331113
11.7625563	12.3016744	13.6984794
11.8093463	12.3506075	13.7529669
11.7848819	12.3250213	13.7244769
11.8586356	12.4021562	13.8103706
11.4458881	11.9704925	13.3296925
11.9143963	12.4604719	13.8753063
12.2509263	12.8124262	14.267225
13.6376744	14.2627319	15.8822088
15.9127713	16.6421087	18.5317519
20.2754613	21.2047519	23.6124637
31.12964	32.5564162	36.2530619
52.2014081	54.5939725	60.7928944
88.3772819	92.4279125	102.922716
866.637351128276	871.405245128276	883.758446128276
53.0127837	55.442535	61.7378062
31.3669994	32.8046531	36.5294856
21.5276119	22.5142937	25.0707006
16.5194737	17.2766156	19.2383062
13.3353012	13.9465012	15.5300688
12.5029138	13.075965	14.5606862
9.83422219	10.2849566	11.4527725
9.64823562	10.0904474	11.236175
9.385718	9.81589706	10.9304513
9.44724387	9.88024269	11.0021044
9.57903369	10.0180731	11.1555831
9.52643763	9.96306494	11.0943319
9.46373413	9.8974885	11.0213075
9.61053619	10.0510187	11.1922706
9.6103885	10.0508658	11.1920981
9.88891112	10.3421529	11.5164631
10.3378687	10.8116888	12.0393106
11.1714525	11.6834775	13.0100881
12.7458562	13.3300387	14.8436119
16.8892844	17.6633769	19.6689819
23.5864306	24.6674744	27.4683638
31.2310381	32.6624581	36.3711475
42.8211088	44.78374	49.86875
44.9426006	47.0024688	52.3394062
35.3767581	36.9981906	41.199185
24.3696444	25.486585	28.3804806
17.6664131	18.4761244	20.5740137
13.5275913	14.1476056	15.7540081
11.48126	12.0074831	13.3708856
10.6487667	11.1368362	12.4013787
8.9068655	9.31509662	10.3727875
8.54395619	8.93555388	9.95014956
8.326992	8.70864544	9.69747656
8.37687787	8.760818	9.75557288
8.39766994	8.78256275	9.77978594
8.40933425	8.79476187	9.79337081
8.5967945	8.99081387	10.0116829
9.08982256	9.50643981	10.5858569
9.77509506	10.2231206	11.3839144
11.5815175	12.1123344	13.4876412
13.769005	14.4000838	16.035155
19.1637163	20.0420525	22.3177456
24.493725	25.6163531	28.5249869
23.3381737	24.4078406	27.1792513
18.2272025	19.0626144	21.2270963
13.7134331	14.341965	15.970435
11.1276061	11.63762	12.9590237
9.63053162	10.0719298	11.2155581
8.40998275	8.79543994	9.79412606
7.95404206	8.318602	9.26314525
7.85218631	8.21207775	9.14452575
7.92938556	8.29281556	9.23443075
8.11748619	8.48953737	9.45348944
8.85823913	9.26424163	10.3161591
10.294104	10.7659169	11.9883419
12.2418137	12.8028962	14.2566144
15.0673538	15.7579406	17.5471887
13.9707437	14.6110675	16.2700944
11.4112075	11.9342206	13.2893038
9.30256881	9.72893619	10.8336175
8.406431	8.79172562	9.78998956
7.97468137	8.34018719	9.28718156
8.20022969	8.57607319	9.54985119
9.14269406	9.56173438	10.6474309
10.0718934	10.5335226	11.7295625
9.71045831	10.1555212	11.3086394
8.60884431	9.00341606	10.0257165
