#?RADIANCE
genskyvec -m 1
NROWS=146
NCOLS=1
NCOMP=3
FORMAT=ascii

20.7138856	21.6632706	24.1230469
30.0051519	31.3803869	34.9435019
31.7953094	33.252595	37.0282906
32.9752031	34.4865644	38.4023737
33.4093506	34.9406112	38.9079756
31.6123337	33.0612306	36.8151981
30.7248531	32.1330731	35.7816506
29.9228963	31.2943613	34.8477088
27.7359525	29.0071825	32.3008294
26.021335	27.2139781	30.304015
28.9442063	30.2708156	33.7079431
27.32314	28.5754475	31.8200737
29.972905	31.3466637	34.9059481
31.908015	33.3704637	37.1595431
34.168335	35.7343812	39.791875
39.18671	40.982765	45.6361919
45.2253925	47.2982219	52.6687412
49.6658869	51.9422381	57.8400675
55.2265838	57.7578012	64.315965
56.9767787	59.5882137	66.3542119
54.3958881	56.8890313	63.3485481
49.2441925	51.5012144	57.3489688
42.8158806	44.7782731	49.8626619
37.1480588	38.8506769	43.2620125
33.801445	35.3506769	39.3646012
30.7221231	32.13022	35.7784738
29.3164581	30.6601281	34.1414594
28.9499294	30.2768006	33.7146075
27.7337731	29.0049025	32.29829
28.2713206	29.5670881	32.9243094
28.83258	30.1540725	33.5779425
19.0522462	19.925475	22.18793
17.9474069	18.7699956	20.9012519
19.9286494	20.8420444	23.2085725
19.4023375	20.2916125	22.5956412
19.1583162	20.0364062	22.3114581
17.9045738	18.7251994	20.8513694
18.9017137	19.7680419	22.0126225
19.0036556	19.874655	22.1313412
18.3223044	19.1620775	21.3378512
16.7828919	17.552105	19.545075
18.2762481	19.1139081	21.2842137
19.8271081	20.7358506	23.0903213
23.2136344	24.2775919	27.0342144
26.943775	28.1786963	31.3782719
31.5262006	32.9711506	36.7148906
39.5976744	41.4125681	46.1147944
47.7903031	49.9806894	55.6557906
56.3734444	58.9572256	65.6515769
58.5885738	61.2738819	68.2312787
53.9499031	56.4226044	62.82916
45.4818806	47.566465	52.9674425
36.6345681	38.3136506	42.6640094
28.886375	30.210335	33.6405931
25.2247631	26.3808962	29.37634
22.23211	23.2510812	25.8911462
20.5796363	21.52287	23.9667038
18.4561212	19.3020256	21.4936919
18.2334794	19.06918	21.2344056
17.735925	18.5488212	20.6549638
18.2966788	19.1352769	21.3080094
12.6088175	13.1867194	14.68402
12.1900281	12.7487356	14.1963025
12.2473794	12.8087175	14.263095
12.9969981	13.5926938	15.1360894
12.8256681	13.4135112	14.93656
12.8129012	13.4001587	14.9216925
12.9628969	13.5570294	15.0963731
13.6519638	14.2776781	15.8988488
14.3183806	14.9746394	16.6749487
17.0452425	17.8264819	19.8506063
20.5766212	21.5197175	23.9631938
28.5936237	29.9041644	33.29966
40.9913619	42.8701319	47.7378612
58.6421938	61.3299575	68.2937237
72.4062056	75.7248181	84.3230569
65.1473875	68.1333087	75.869565
44.7643862	46.8160881	52.1318631
32.73615	34.2365575	38.1239775
23.0778513	24.1355856	26.8760825
18.3067044	19.1457631	21.3196844
15.5783981	16.2924081	18.1423456
14.0077069	14.6497256	16.3131437
12.6828169	13.2641144	14.7701994
12.6851031	13.2665038	14.7728619
10.2144773	10.6826406	11.8956106
10.1464353	10.6114811	11.8163719
9.96148306	10.4180509	11.6009775
10.0645376	10.5258279	11.7209919
10.3166696	10.789515	12.0146194
10.4122851	10.8895138	12.125975
10.8869825	11.3859675	12.6787988
11.9024381	12.4479663	13.8613819
13.5351463	14.155505	15.7628062
16.035965	16.7709469	18.6752181
20.826615	21.7811675	24.2543281
29.8195787	31.1863081	34.7273875
41.8354762	43.7529338	48.7209013
73.0249025	76.3718744	85.0435906
3663.23076699269	3668.14295099269	3680.87001499269
92.1220656	96.3443281	107.283826
55.2049044	57.7351275	64.2907156
35.1057294	36.71474	40.8835475
23.4125781	24.4856556	27.2659006
17.5448881	18.3490294	20.4324863
14.3758581	15.03475	16.741885
12.3586925	12.9251325	14.3927275
11.2228856	11.7372681	13.0699863
10.731975	11.2238587	12.4982806
9.75527675	10.2023936	11.3608331
9.4044315	9.83546763	10.9522438
9.33527569	9.76314206	10.8717075
9.54365631	9.98107287	11.1143837
10.0339194	10.4938081	11.6853356
11.4160531	11.9392894	13.2949469
13.3857287	13.9992394	15.5887969
18.4366225	19.281635	21.4709856
25.6709869	26.8475719	29.8960044
44.1687906	46.1931944	51.4382437
2366.31996788922	2369.45784788922	2377.58781478922
3208.06014162692	3212.39978162692	3223.64347092692
56.5971413	59.191175	65.9120912
29.428375	30.7771769	34.2717975
19.6559381	20.5568344	22.8909787
14.3854337	15.0447675	16.7530388
11.7170806	12.2541125	13.6455175
10.4242412	10.9020194	12.1398975
10.169511	10.6356144	11.8432431
9.98874731	10.4465654	11.6327288
10.1714115	10.6376011	11.8454575
11.3093544	11.8277006	13.1706863
14.1399956	14.7880775	16.4672044
21.4211469	22.4029494	24.9467137
34.45526	36.0344575	40.1260231
44.85701	46.912955	52.2397294
38.4818225	40.2455731	44.8152925
22.836795	23.8834788	26.5953481
14.4702969	15.1335169	16.8518675
11.7500888	12.2886344	13.6839575
12.3821763	12.9496931	14.4200769
12.4864194	13.0587125	14.5414769
15.4024969	16.1084456	17.9374944
22.0044506	23.012985	25.626015
21.058185	22.0233513	24.5240119
15.9401231	16.6707106	18.5635988
15.6911425	16.4103175	18.2736406
