#?RADIANCE
genskyvec -m 1
NROWS=146
NCOLS=1
NCOMP=3
FORMAT=ascii

22.9675131	24.0201912	26.747585
31.20272	32.6328419	36.3381675
33.5587088	35.0968169	39.081915
34.7904675	36.3850306	40.5164012
34.6923869	36.2824531	40.4021762
31.3963275	32.835325	36.5636406
29.7387181	31.1017406	34.6332156
28.17302	29.4642819	32.8098294
25.4272062	26.5926194	29.6121013
23.1321006	24.1923206	26.9392587
26.9256138	28.1597037	31.3571225
25.2716413	26.4299238	29.4309338
28.8989075	30.22344	33.6551863
31.2361194	32.6677738	36.3770656
33.2251331	34.7479494	38.6934381
37.4908869	39.2092169	43.6612644
40.5527869	42.4114556	47.2271031
43.5447475	45.5405463	50.7114894
43.7736912	45.7799844	50.9781138
42.2966387	44.235235	49.2579644
41.1027787	42.9866531	47.8676125
36.3806969	38.0481444	42.3683562
33.5693481	35.1079431	39.0943056
29.4539262	30.8038962	34.3015531
27.8799288	29.1577588	32.4685025
26.8439956	28.0743469	31.2620731
26.3520337	27.5598356	30.6891425
27.4668906	28.7257881	31.9874825
26.7595037	27.9859819	31.1636744
28.443695	29.7473631	33.1250537
29.62443	30.9822175	34.5001187
17.5845738	18.3905313	20.4787006
16.3615681	17.1114706	19.0544088
18.4344975	19.27941	21.46851
17.5522437	18.3567219	20.4410525
16.9418825	17.718385	19.7302344
15.3993912	16.1051944	17.933875
16.1803244	16.9219219	18.8433381
16.1701719	16.911305	18.8315144
15.6889919	16.4080706	18.2711412
14.7511763	15.4272712	17.1789744
16.5657275	17.32499	19.2921712
18.4285325	19.27317	21.4615625
21.7751137	22.7731406	25.3589363
24.9126313	26.0544575	29.0128356
28.1043212	29.3924356	32.7298269
32.9073781	34.4156325	38.3233875
37.0717037	38.7708219	43.1730894
38.8250581	40.6045375	45.215015
36.4919181	38.1644637	42.4978806
32.1171388	33.5891725	37.4030869
27.9839288	29.2665238	32.5896156
24.2886781	25.40191	28.2861919
20.2214125	21.1482262	23.5495225
18.873955	19.73901	21.9802944
17.2601906	18.0512812	20.1009281
16.4722656	17.2272431	19.183325
15.1963081	15.8928062	17.6973681
15.6229056	16.3389556	18.1941769
15.6076619	16.3230106	18.1764231
16.5435356	17.30178	19.2663269
10.6914099	11.1814325	12.4510388
10.3024791	10.7746751	11.9980969
10.3278814	10.8012429	12.0276794
10.9515213	11.4534649	12.7539594
10.7166977	11.2078784	12.4804887
10.754149	11.2470481	12.5241038
11.1326919	11.6429381	12.964945
12.1654625	12.7230469	14.1676981
13.2248569	13.8309962	15.40145
16.0164456	16.7505337	18.6524869
19.1759187	20.0548156	22.3319569
25.7072888	26.8855394	29.9382819
35.2939325	36.91157	41.1027288
45.72158	47.8171494	53.2465912
45.0260587	47.0897506	52.4366006
34.8213925	36.4173725	40.5524125
24.5143125	25.6378844	28.5489619
20.0666863	20.9864088	23.3693306
15.8555856	16.5822981	18.4651506
13.4009663	14.0151775	15.6065419
12.0072437	12.5575744	13.9834356
11.1234212	11.6332456	12.9541512
10.3192168	10.7921818	12.0175881
10.5911115	11.0765379	12.3342319
8.39335688	8.77805206	9.77476344
8.38937088	8.77388356	9.77012194
8.26746119	8.64638644	9.62814825
8.3855435	8.76988069	9.76566431
8.70490931	9.10388387	10.1375917
8.92902637	9.33827325	10.3985962
9.68431594	10.1281799	11.2781937
10.8982862	11.3977894	12.6919613
12.6844187	13.2657869	14.7720625
15.0846781	15.7760581	17.5673644
19.5451587	20.4409787	22.7619681
29.2952138	30.6379113	34.1167187
43.438425	45.42935	50.5876675
2228.72304856968	2232.19444106968	2241.18851726968
2257.87681614545	2261.28053364545	2270.09925044545
48.3892819	50.6071231	56.3533544
28.5043888	29.8108394	33.1957394
19.8211575	20.7296237	23.08339
15.1177856	15.810685	17.6059225
12.5158069	13.0894481	14.5757012
10.8911369	11.3903125	12.683635
9.72286106	10.1684924	11.3230806
9.01013637	9.4231005	10.4930555
8.7291855	9.12927281	10.1658651
8.05868925	8.42804569	9.38501563
7.87166988	8.23245437	9.16721587
7.94716294	8.31140744	9.25513412
8.27723563	8.65660862	9.63953075
8.93124231	9.3405905	10.401176
10.509988	10.9916956	12.2397581
12.4577912	13.0287725	14.5081388
17.3069081	18.1001419	20.1553381
25.3667556	26.5293969	29.5417031
53.1242619	55.5591219	61.8676331
5521.15005496151	5525.39578936151	5536.39609696151
69.0454362	72.2100225	80.4091644
31.82429	33.2829031	37.0620406
17.8164094	18.6329925	20.748695
13.3437656	13.9553538	15.5399281
10.7681768	11.2617181	12.5404394
9.27524144	9.70035613	10.8017938
8.47653044	8.86503781	9.87162675
8.51687862	8.90723519	9.91861556
8.59206569	8.98586831	10.0061777
8.98683125	9.39872737	10.4659155
10.2365274	10.7057011	11.9212906
12.8366325	13.4249769	14.9493281
19.9695569	20.8848281	23.2562144
35.8717338	37.5158531	41.775625
42.9679962	44.9373619	50.039815
26.3229131	27.5293781	30.6552269
15.5515987	16.2643794	18.1111331
10.9390981	11.4404744	12.7394938
9.47843125	9.9128595	11.038425
10.2499262	10.7197136	11.9368944
10.7009678	11.1914281	12.4621681
13.2741487	13.8825469	15.458855
18.9116644	19.7784463	22.0242088
16.2077737	16.9506294	18.8753037
12.3150487	12.8794875	14.3419012
12.8548744	13.4440556	14.9705731
