#?RADIANCE
genskyvec -m 1
NROWS=146
NCOLS=1
NCOMP=3
FORMAT=ascii

14.2852144	14.9399519	16.6363212
26.3084769	27.5142806	30.6384163
25.2499288	26.4072175	29.4056481
25.2135356	26.3691544	29.3632669
25.485515	26.6536	29.6800069
25.9127275	27.100395	30.1775325
28.5830937	29.89315	33.2873969
32.1709775	33.6454787	37.465785
38.3939437	40.153665	44.7129494
46.8119231	48.9574694	54.51639
58.0562769	60.7171881	67.6113763
68.6596556	71.8065538	79.9598925
68.69303	71.84146	79.9987613
60.8050669	63.5919625	70.8125713
50.6030637	52.9223688	58.9314863
41.3727225	43.2689694	48.1819856
34.3247356	35.8979513	39.9740175
30.7288487	32.1372525	35.7863069
26.7661094	27.9928875	31.1713675
24.6163256	25.7445738	28.6677638
25.5922219	26.7651969	29.8042762
24.8573494	25.9966425	28.948455
26.3049625	27.5106069	30.6343244
26.1804031	27.3803356	30.4892613
28.7980056	30.1179131	33.53768
30.42515	31.8196338	35.4326238
31.651915	33.1026281	36.8612944
31.9628313	33.4277931	37.2233813
29.9254412	31.2970244	34.8506725
28.8945456	30.2188781	33.6501081
27.077755	28.3188181	31.534305
16.7570638	17.525095	19.5149987
15.16622	15.8613388	17.6623269
16.4659531	17.2206412	19.1759756
16.5991781	17.3599737	19.3311275
18.3483256	19.1892888	21.3681531
20.3247956	21.2563481	23.6699194
24.8898681	26.0306525	28.9863275
31.9066175	33.369005	37.1579162
43.0736675	45.0478775	50.1628787
57.4272112	60.0592894	66.878775
74.1601525	77.5591556	86.3656831
78.1689956	81.7517394	91.0343137
64.4724238	67.4274094	75.083515
47.6987975	49.8849906	55.5492262
35.6331112	37.266295	41.4977313
26.5437363	27.7603231	30.9123937
23.4078275	24.480685	27.2603669
18.6427269	19.4971856	21.7110088
16.8038887	17.5740694	19.5695319
15.4193431	16.1260625	17.9571106
15.4580775	16.16657	18.00222
16.1014356	16.8394188	18.751465
15.5866456	16.3010319	18.1519475
17.79003	18.6054063	20.7179744
18.680495	19.5366837	21.7549937
19.3596956	20.2470131	22.54598
18.2721225	19.109595	21.2794087
18.4263469	19.2708869	21.4590169
17.3560169	18.1514994	20.2125288
17.1146569	17.8990788	19.9314462
11.1226098	11.6323944	12.9532056
10.8396454	11.3364619	12.62367
11.4624125	11.9877731	13.3489363
13.5646225	14.1863338	15.7971344
16.5203362	17.2775187	19.2393106
22.3402181	23.3641438	26.0170475
33.2227587	34.7454681	38.6906744
55.4017087	57.9409538	64.5199094
87.8301062	91.8556513	102.285479
1791.75828525323	1796.15697785323	1807.55358285323
60.1199462	62.8754419	70.0146912
33.6115956	35.1521281	39.1435075
22.19963	23.2171144	25.8533219
16.5172325	17.2742712	19.235695
13.5390206	14.1595588	15.7673194
12.0959175	12.6503144	14.0867044
11.0962075	11.6047844	12.9224613
11.5546241	12.0842119	13.4563237
11.4084779	11.9313675	13.2861237
11.135527	11.6459038	12.9682494
11.84641	12.38937	13.7961338
11.9421125	12.4894606	13.9075869
11.1757061	11.6879269	13.0150431
11.3965145	11.9188525	13.27219
8.9011675	9.30913769	10.3661513
9.32373425	9.75107206	10.8582656
10.1350686	10.5995929	11.8031319
11.4793775	12.0055137	13.3686919
14.9384769	15.6231563	17.3971006
18.7407087	19.5996569	21.8251169
29.96836	31.3419088	34.9006537
50.3017469	52.6072437	58.58058
2754.39882585211	2758.46398145211	2768.99644505211
3002.58789714343	3006.61856714343	3017.06168804343
50.2085862	52.5098113	58.4720837
28.9318713	30.257915	33.6935775
20.8466631	21.802135	24.2776781
14.76536	15.4421037	17.1954906
11.8660094	12.4098675	13.8189562
10.3053706	10.7776991	12.0014637
9.36259394	9.79171225	10.9035213
8.97826994	9.38977363	10.4559432
8.9631675	9.373979	10.4383565
8.92765694	9.33684088	10.3970013
9.01479287	9.4279705	10.4984784
9.07997006	9.49613512	10.5743826
8.88604287	9.293319	10.3485368
8.99726994	9.40964488	10.4780711
8.10889775	8.48055519	9.44348731
8.90306044	9.31111694	10.3683572
10.371475	10.8468338	12.0784463
13.5080625	14.1271825	15.7312662
18.9334687	19.8012512	22.0496025
32.2203487	33.6971125	37.5232825
45.8403031	47.9413162	53.3848556
42.039065	43.9658544	48.9579981
28.3905481	29.69178	33.0631619
17.9414663	18.7637825	20.8943338
12.9699038	13.5643562	15.1045331
10.3233387	10.7964916	12.0223875
8.842239	9.247508	10.2975247
8.04914081	8.41805969	9.37389575
7.74536381	8.1003595	9.02012225
7.65738725	8.00835069	8.91766587
7.73113375	8.08547731	9.00355013
7.82012887	8.17855137	9.10719225
8.23571787	8.61318831	9.59118087
9.64832962	10.0905448	11.2362856
12.9906556	13.5860594	15.1287
19.6909344	20.5934331	22.9317337
23.6313244	24.7144256	27.5206475
20.8614625	21.8176119	24.2949125
15.0808469	15.7720531	17.5629063
11.1976388	11.7108631	13.0405837
8.82229663	9.22665156	10.2742999
7.89976056	8.26183275	9.19992981
7.49692019	7.840529	8.73078887
7.6835745	8.035738	8.94816331
8.99278769	9.40495663	10.4728509
11.2277213	11.7423244	13.0756175
13.7878012	14.4197406	16.0570444
12.9171737	13.50921	15.0431275
9.40673044	9.83787206	10.9549231
8.37612781	8.76003363	9.75469963
10.3622714	10.8372088	12.06773
