#?RADIANCE
genskyvec -m 1
NROWS=146
NCOLS=1
NCOMP=3
FORMAT=ascii

9.67042975	10.1136575	11.2620219
27.1765006	28.42209	31.6493037
26.53523	27.7514262	30.9024869
26.8845931	28.1168031	31.3093513
28.1467513	29.43681	32.7792381
30.8474131	32.2612512	35.9243844
35.6628056	37.2973494	41.5323106
42.8172856	44.7797438	49.8642994
56.6449037	59.2411288	65.9677162
76.632285	80.1445956	89.244685
90.62638	94.7800888	105.541982
109.332933	114.344017	127.327321
91.2810837	95.464805	106.304444
70.6971325	73.9374144	82.3327031
54.4110056	56.9048406	63.3661544
41.98153	43.9056813	48.8909919
35.0892313	36.6974881	40.8643381
30.58607	31.9879294	35.6200281
28.1335281	29.4229775	32.7638369
26.5576	27.7748225	30.9285381
27.2678769	28.5176531	31.755715
27.6253881	28.8915513	32.1720688
28.1468563	29.4369175	32.7793588
28.2985919	29.5956119	32.9560712
30.1838112	31.5672356	35.1515669
30.238755	31.6246969	35.2155512
31.3343625	32.7705181	36.4914775
30.7029438	32.1101625	35.7561394
29.8136425	31.1801012	34.7204744
28.4691619	29.7739975	33.1547137
27.4448231	28.7027087	31.9617844
19.5801669	20.4775894	22.8027356
18.2183625	19.0533719	21.216805
20.2011437	21.1270287	23.5259169
21.0981581	22.0651588	24.5705669
24.3497444	25.4657731	28.3573075
28.3473844	29.6466387	33.0128906
36.81374	38.5010338	42.87267
51.378925	53.7337887	59.8350419
76.4340419	79.937265	89.013815
108.212326	113.172045	126.022263
129.826044	135.776394	151.19325
106.789322	111.683813	124.365069
75.0704081	78.5111331	87.4257525
50.5432356	52.8597994	58.8618119
36.9138044	38.6056862	42.9892025
27.8682169	29.1455081	32.4548625
25.4370406	26.6029037	29.6235537
20.7078775	21.6569875	24.1160494
19.3807669	20.2690525	22.57052
18.2072637	19.0417619	21.2038775
18.5455325	19.3955356	21.5978181
19.4201906	20.3102806	22.6164306
18.65998	19.51523	21.7311031
20.9198563	21.8786837	24.3629187
21.6615712	22.6543938	25.2267063
22.1172806	23.1309888	25.7574175
20.7192919	21.6689256	24.1293438
20.7677069	21.71956	24.1857256
19.6979556	20.6007775	22.9399106
19.6556219	20.5565031	22.8906113
12.8076856	13.394705	14.9156181
12.56761	13.1436244	14.6360306
13.5921006	14.2150725	15.8291369
16.8986994	17.6732213	19.6799419
21.7137981	22.7090125	25.2875287
31.8201938	33.2786175	37.0572675
51.5109544	53.8718719	59.9888019
713.974003079943	718.258577379943	729.359560179943
3832.76061376548	3838.90520776548	3854.82524576548
88.5749556	92.6346344	103.152923
51.4777913	53.8371888	59.95018
30.3452825	31.7361062	35.3396119
20.9943994	21.95664	24.4497269
16.2503538	16.9951606	18.9248919
14.1958731	14.8465169	16.5322794
13.326505	13.9373031	15.5198262
12.5817912	13.1584556	14.6525456
13.4446244	14.0608362	15.6573875
13.1649662	13.7683587	15.3317025
12.64302	13.2224906	14.7238512
13.4000225	14.0141912	15.6054438
13.4344569	14.0501987	15.6455431
12.4986837	13.0715388	14.5557575
12.8850994	13.4756669	15.0057737
9.52751906	9.9641965	11.09559
10.0956462	10.558364	11.7572231
11.0477702	11.5541262	12.8660494
12.8234687	13.41121	14.9339994
17.46025	18.2605125	20.3339187
22.5203306	23.5525112	26.2268025
36.4406688	38.1108637	42.4381988
57.2090575	59.8311363	66.6247175
895.264569917897	898.468307417897	906.768922417897
54.5398656	57.0396081	63.5162219
34.1210388	35.6849181	39.7367937
21.6978925	22.6923781	25.2690056
16.8996975	17.6742644	19.681105
13.0881844	13.6880587	15.24228
11.1936998	11.706745	13.0359975
10.0573189	10.5182796	11.7125881
9.53397306	9.97094738	11.1031075
9.41711169	9.84872931	10.9670124
9.60692744	10.0472454	11.1880684
9.57836813	10.0173764	11.1548079
9.66556881	10.1085739	11.2563599
9.72201206	10.1676044	11.3220935
9.46484469	9.89865031	11.0226002
9.67456937	10.1179871	11.2668438
7.98159088	8.34741338	9.29522844
8.81278069	9.21669963	10.2632183
10.2337065	10.7027519	11.918005
13.65098	14.2766494	15.8977037
19.0886275	19.9635238	22.2302981
28.4712263	29.7761581	33.1571188
33.5722919	35.1110213	39.0977338
26.8082437	28.0369544	31.220435
19.25826	20.1409294	22.4278487
13.5016838	14.1205112	15.7238356
10.3697394	10.8450174	12.076425
8.96591775	9.37685556	10.4415597
8.16735706	8.54169394	9.511568
7.70814981	8.06143969	8.97678338
7.48623138	7.82934994	8.71834075
7.49391425	7.83738525	8.72728831
7.64456075	7.99493619	8.9027285
7.71627525	8.06993769	8.986246
7.48165412	7.82456306	8.71301006
8.54024887	8.93167669	9.94583175
11.456585	11.98168	13.3421506
16.3055756	17.0529144	18.9892031
17.2763956	18.0682313	20.1198044
14.3211169	14.9775019	16.6781356
10.9491102	11.4509462	12.7511531
8.70394981	9.10288087	10.1364746
7.412146	7.75186887	8.63206206
6.90786169	7.22447169	8.04478087
6.82238594	7.13507831	7.94523713
6.8981955	7.21436262	8.03352419
7.44309519	7.784237	8.66810512
8.93282556	9.342246	10.4030207
10.2726729	10.7435059	11.963385
9.46209369	9.895773	11.0193966
7.38002225	7.71827281	8.59465119
6.89746275	7.21359631	8.03267056
8.02059775	8.38820838	9.34065519
