#?RADIANCE
genskyvec -m 1
NROWS=146
NCOLS=1
NCOMP=3
FORMAT=ascii

10.6956481	11.1858656	12.4559731
28.003945	29.2874575	32.6129288
28.9164275	30.2417638	33.67559
29.8704631	31.239525	34.7866444
30.9054838	32.3219856	35.9920144
31.1501275	32.57784	36.27692
30.9165144	32.3335219	36.00486
30.9756406	32.3953556	36.0737175
29.3768681	30.7233094	34.2118137
28.77111	30.0897844	33.5063562
29.1576906	30.4940831	33.9565631
27.9738825	29.2560187	32.5779188
27.9868925	29.269625	32.5930713
28.0557887	29.34168	32.6733056
28.7478088	30.0654156	33.4792194
31.6564188	33.1073375	36.8665394
37.3241137	39.0348031	43.4670431
43.01068	44.9820006	50.0895231
56.5477494	59.1395213	65.8545719
78.5509288	82.1511787	91.47911
92.1889425	96.4142706	107.361709
107.226109	112.140624	124.873738
90.0334337	94.159965	104.851444
75.3663863	78.8206769	87.77044
57.9391869	60.5947319	67.475015
42.7623069	44.722245	49.8002725
36.3283106	37.9933556	42.3073481
31.5942387	33.042305	36.7941244
29.1415075	30.4771594	33.9377138
27.5360194	28.7980875	32.0679925
27.33061	28.5832625	31.8287744
20.2280719	21.1551906	23.5572762
19.0530231	19.9262875	22.1888369
21.1445775	22.113705	24.624625
21.0707619	22.0365056	24.5386588
21.33975	22.31782	24.85192
20.3922738	21.3269187	23.7485031
21.8331287	22.8338131	25.4265
22.121	23.1348787	25.7617481
21.0294044	21.9932506	24.4904944
18.2414319	19.0774956	21.2436687
18.8360706	19.6993906	21.936175
18.9563069	19.8251369	22.0762006
20.7804194	21.7328563	24.2005313
22.0326669	23.0424969	25.6588781
24.1816362	25.2899606	28.1615313
29.542305	30.8963256	34.4044781
38.9443506	40.7292987	45.3539444
51.6691388	54.037305	60.1730212
77.1049931	80.6389687	89.7951962
106.672438	111.561597	124.228969
124.938569	130.664913	145.501369
102.983512	107.703594	119.932894
70.2777588	73.4988225	81.84431
50.0834931	52.3789844	58.3264037
37.3727281	39.0856444	43.5236606
30.427565	31.8221594	35.435435
24.2503287	25.3618025	28.2415319
21.906355	22.9103962	25.51178
20.078255	20.9985075	23.3828019
19.9310031	20.8445075	23.2113163
13.2039263	13.8091056	15.3770731
12.6182231	13.1965581	14.6949737
12.7539556	13.3385106	14.853045
13.9131481	14.5508344	16.2030213
13.897005	14.5339512	16.1842225
13.8834525	14.5197775	16.1684387
13.6693425	14.2958544	15.9190881
13.6180119	14.24217	15.85931
12.8844337	13.4749694	15.0049981
13.8083012	14.4411819	16.0809175
14.7538169	15.4300313	17.1820475
17.9688862	18.7924606	20.9262669
23.1006931	24.1594738	26.9026825
32.4354	33.9220238	37.7737281
54.4311556	56.925915	63.38962
1036.81555452659	1041.20541742659	1052.57917242659
3366.20258632223	3372.47088532223	3388.71154232223
89.3148794	93.4084844	104.014636
46.7749963	48.9188475	54.4733838
29.6876	31.0482812	34.5736856
21.660765	22.6535494	25.2257675
17.3989325	18.1963812	20.2625075
14.256845	14.9102825	16.6032837
13.6755281	14.3023238	15.9262938
9.88179619	10.3347116	11.5081756
9.77793713	10.2260922	11.3872225
9.5063545	9.94206194	11.0709431
9.68364237	10.1274756	11.2774087
9.95482925	10.4110915	11.5932288
9.84977469	10.3012226	11.4708838
9.70416988	10.1489446	11.301315
9.94832856	10.4042932	11.5856588
10.0402908	10.5004691	11.6927544
10.6910798	11.1810888	12.450655
11.8524156	12.3956519	13.8031269
13.8863188	14.5227756	16.1717756
17.3174762	18.111195	20.1676456
26.3229906	27.5294606	30.6553181
41.2878675	43.1802262	48.0831638
58.885125	61.584025	68.5766369
1447.50627777875	1451.07498467875	1460.32118847875
59.7980675	62.5388094	69.6398331
37.3689856	39.0817281	43.5193006
24.3262519	25.4412037	28.3299481
17.6590181	18.4683887	20.5654
13.6938725	14.3215075	15.9476569
11.5975288	12.1290788	13.5062869
10.8006724	11.2957025	12.578285
8.44745444	8.834629	9.83776513
8.05793325	8.42725494	9.38413538
7.80777262	8.16562856	9.09280231
7.93795006	8.30177275	9.24440475
7.99963994	8.36628981	9.31624775
8.09408419	8.46506269	9.42623594
8.52414862	8.91483863	9.92708244
9.67923481	10.1228661	11.2722756
11.2312344	11.7459981	13.0797094
15.1003694	15.7924669	17.5856369
19.6073175	20.5059844	22.8343563
30.7110319	32.11862	35.7655575
38.7906269	40.5685294	45.17492
29.4009956	30.7485394	34.2399112
19.9680925	20.883295	23.2545081
13.9660225	14.6061325	16.2645981
10.9464922	11.4482056	12.7481019
9.2766375	9.70181687	10.8034181
7.77902487	8.13556331	9.05932337
7.22930075	7.56064362	8.41912363
7.154718	7.48264244	8.33226581
7.36530281	7.70287919	8.5775095
7.84925869	8.20901637	9.14111663
9.42758244	9.85967981	10.9792062
12.3053219	12.8693131	14.3305706
15.7856912	16.5092031	18.383755
19.73275	20.6371669	22.9804331
16.0357606	16.7707306	18.6749806
11.5952725	12.1267206	13.50366
8.91639881	9.32506656	10.3838896
7.93088244	8.29438119	9.23617406
7.43062725	7.77119744	8.65358506
7.98455756	8.35051606	9.298683
9.75710606	10.2043068	11.3629631
10.8635374	11.3614488	12.651495
9.85541219	10.307118	11.47745
8.49628569	8.88569856	9.89463294
