#?RADIANCE
genskyvec -m 1
NROWS=146
NCOLS=1
NCOMP=3
FORMAT=ascii

18.2356469	19.0714469	21.2369294
26.0841063	27.2796256	30.3771163
25.23973	26.39655	29.39377
25.115245	26.2663581	29.2487975
25.0019606	26.1478831	29.1168688
24.52475	25.6487994	28.5611169
26.2058969	27.4070013	30.5189531
28.5497231	29.8582525	33.2485338
32.3524675	33.8352875	37.6771475
37.3053894	39.01522	43.4452369
46.1389712	48.2536712	53.73268
53.2837813	55.7259519	62.0534038
57.3173156	59.9443556	66.7507931
55.3622594	57.899695	64.4739681
49.6006187	51.8739794	57.7640581
42.5053862	44.4535494	49.5010675
35.9382238	37.58539	41.8530581
32.2824819	33.7620956	37.5956425
27.7578469	29.0300806	32.3263294
24.9159869	26.0579681	29.0167425
25.3833156	26.546715	29.5609862
23.8539019	24.9472056	27.77986
25.0254331	26.1724325	29.1442037
24.5115956	25.6350431	28.5457981
26.7534775	27.9796787	31.1566581
28.6185075	29.9301887	33.3286413
29.8246737	31.1916369	34.7333206
30.6175881	32.0208931	35.6567338
28.7928456	30.1125169	33.5316694
28.2808944	29.5771025	32.9354606
26.7110675	27.9353244	31.1072663
16.1341137	16.8735925	18.7895206
14.54789	15.2146688	16.9422313
15.7102562	16.4303112	18.2959038
15.5430262	16.2554131	18.10115
16.6824781	17.4470925	19.4281362
17.8801062	18.6996119	20.8228756
21.1993462	22.1709819	24.6884044
25.8742344	27.0601356	30.1327044
32.7476112	34.2485444	38.137325
40.8899056	42.7640244	47.6197037
52.6553181	55.068685	61.3215087
60.840005	63.6285025	70.8532569
58.0533156	60.7140894	67.6079281
48.7213956	50.9544581	56.74013
38.4311213	40.1925462	44.7562469
28.9759625	30.3040269	33.7449263
25.0554375	26.20381	29.1791475
19.6905344	20.5930181	22.9312706
17.2206444	18.0099231	20.0548756
15.39724	16.1029475	17.9313706
14.9778762	15.6643625	17.4429863
15.1669344	15.862085	17.66316
14.4386175	15.1003875	16.8149744
16.2859319	17.03237	18.966325
17.0709594	17.8533769	19.880555
17.7713338	18.5858531	20.6962
16.9357631	17.711985	19.7231075
17.2879194	18.0802812	20.1332231
16.46117	17.2156413	19.170405
16.3794125	17.1301369	19.0751919
10.6203069	11.1070696	12.3682337
10.3165524	10.7893932	12.014485
10.7722356	11.2659637	12.5451681
12.4242888	12.9937344	14.4691187
14.5822106	15.2505619	16.9822012
18.6644744	19.5199294	21.7363381
25.7789588	26.9604956	30.0217487
39.1861681	40.9821994	45.6355606
58.4307381	61.1088112	68.0474663
76.4212156	79.9238506	88.9988825
65.2168012	68.2059019	75.9504012
39.3503462	41.1539031	45.8267606
25.7964744	26.9788131	30.0421469
18.6563006	19.5113806	21.7268187
14.5965519	15.26556	16.9989038
12.5095925	13.0829487	14.568465
11.0100594	11.514685	12.8221306
11.0809507	11.5888263	12.9046906
10.6987613	11.18912	12.4596006
10.3771548	10.8527735	12.0850619
10.9933404	11.4972025	12.8026606
11.1389838	11.6495198	12.9722756
10.5455813	11.0289213	12.2812088
10.8372535	11.333961	12.6208862
8.5411805	8.93265081	9.94691656
8.90934263	9.31768731	10.3756722
9.5798445	10.0189203	11.1565288
10.6781231	11.1675362	12.4355637
13.4429994	14.059135	15.6554931
16.3789956	17.1297013	19.0747087
24.7790875	25.9147975	28.857315
39.8473787	41.6737187	46.4055987
71.1618644	74.4234475	82.8739219
6687.85267120044	6692.76802920044	6705.50329120044
1372.66473433005	1375.87754683005	1384.20166493005
38.4498713	40.2121538	44.77808
26.321705	27.5281162	30.6538206
17.3919881	18.1891206	20.2544206
13.2654512	13.87345	15.448725
11.1150131	11.6244525	12.9443594
9.69278437	10.1370369	11.2880556
8.98510825	9.39692531	10.4639078
8.69860494	9.09729075	10.1302504
8.53267687	8.9237575	9.9370135
8.55356569	8.94560375	9.96134131
8.61633787	9.01125312	10.0344439
8.47890756	8.86752394	9.87439494
8.60541506	8.99982987	10.0217238
7.90691775	8.269318	9.20826519
8.62837769	9.02384469	10.0484654
9.97506794	10.4322599	11.6167994
12.7192706	13.3022381	14.8126519
17.485025	18.2864225	20.3627712
30.56346	31.9642837	35.5936988
48.7959725	51.0324531	56.8269781
1233.76479464091	1236.45799214091	1243.43583094091
39.4537144	41.2620088	45.9471412
23.0780394	24.1357813	26.8763013
15.6048719	16.3200956	18.1731744
11.6421344	12.1757325	13.5582381
9.45876631	9.89229244	11.0155231
8.24798231	8.62601431	9.60546331
7.76259631	8.11838188	9.04019081
7.53834631	7.88385375	8.77903306
7.54119125	7.88682913	8.78234619
7.62963406	7.97932556	8.88534519
8.22009994	8.59685413	9.57299162
9.67853181	10.1221304	11.2714566
12.9825837	13.5776181	15.1193006
20.20688	21.1330275	23.5325963
26.9356088	28.1701556	31.3687631
26.5754044	27.7934419	30.949275
18.8086925	19.6707581	21.9042912
13.1319519	13.7338325	15.2932531
9.67490875	10.1183422	11.2672381
8.29254931	8.67262431	9.65736531
7.58654375	7.93426025	8.83516306
7.74992638	8.10513112	9.0254355
9.37695456	9.80673169	10.9202457
11.9640788	12.5124331	13.9331681
15.5914919	16.3061019	18.1575944
15.1836444	15.8795619	17.6826213
10.3892642	10.8654366	12.0991625
8.87219075	9.27883206	10.3324057
11.3551908	11.8756356	13.2240663
