#?RADIANCE
genskyvec -m 1
NROWS=146
NCOLS=1
NCOMP=3
FORMAT=ascii

16.6859975	17.4507731	19.4322356
28.1894294	29.4814462	32.8289406
30.3524394	31.7435913	35.3479481
32.0096644	33.4767737	37.2779238
33.1304081	34.6488838	38.583125
32.1704256	33.6449037	37.4651444
31.7078994	33.1611781	36.9264919
31.0404425	32.4631263	36.1491838
28.6031937	29.9141725	33.3108056
26.6040025	27.8233512	30.9825794
28.5759937	29.8857256	33.2791262
26.0761081	27.27126	30.3678006
27.4401119	28.6977812	31.9562969
28.1060637	29.3942587	32.7318569
29.2777606	30.6196563	34.0963938
33.4188169	34.95051	38.9189988
38.9906256	40.7776944	45.407835
45.22561	47.2984506	52.6689969
54.6758563	57.1818306	63.6745931
65.6310781	68.6391669	76.4328644
67.8970856	71.0090356	79.0718188
66.0669062	69.0949719	76.9404225
55.5906437	58.1385494	64.7399431
46.8488	48.9960369	54.5593363
39.9206719	41.7503694	46.4909519
33.49311	35.0282106	39.0055194
30.3419694	31.7326425	35.3357531
28.4880406	29.7937419	33.1766987
26.5811144	27.7994138	30.9559225
26.4858187	27.6997506	30.8449438
26.9407625	28.1755456	31.3747644
18.2941044	19.1325825	21.3050106
17.4521506	18.2520394	20.3244844
19.6651063	20.5664231	22.9016569
19.5242725	20.4191331	22.7376425
19.6222819	20.5216356	22.851785
18.4661044	19.3124669	21.5053175
19.5754069	20.4726113	22.7971944
19.5242588	20.4191206	22.7376294
18.2875075	19.1256825	21.2973281
15.9279794	16.65801	18.5494575
16.6415706	17.4043081	19.3804975
17.1971775	17.98538	20.0275475
19.4146706	20.3045088	22.6100019
21.6118506	22.6023931	25.1688038
24.6580706	25.7882325	28.71638
31.0888287	32.5137319	36.2055325
40.2311413	42.0750675	46.8525194
52.8055894	55.2258444	61.4965156
68.6271881	71.7725975	79.9220831
75.9205494	79.40024	88.4158106
69.1881394	72.3592619	80.5753581
53.6560925	56.1153287	62.486995
39.4059819	41.2120881	45.8915519
31.2983481	32.7328544	36.4495356
25.6471306	26.822625	29.8682219
22.4374519	23.4658337	26.1302838
19.0962244	19.9714675	22.239145
18.0965188	18.9259406	21.074905
17.19427	17.9823419	20.0241625
17.5416662	18.3456587	20.4287319
12.1862119	12.7447469	14.1918594
11.8290181	12.3711813	13.7758775
12.0192331	12.5701144	13.9973981
12.9676062	13.5619544	15.1018594
12.8327137	13.4208794	14.944765
12.6738662	13.25475	14.7597738
12.43735	13.007395	14.4843313
12.4866012	13.0589038	14.5416881
12.3025831	12.8664519	14.327385
13.7395231	14.3692512	16.0008213
15.5778219	16.291805	18.1416731
20.33352	21.2654731	23.6800787
28.1461869	29.4362175	32.7785812
42.2600075	44.196925	49.2153025
69.19059	72.3618237	80.5782125
1295.52787819998	1299.91948029998	1311.29778329998
75.53567	78.99772	87.9675844
49.883105	52.1694125	58.0930363
30.364085	31.7557706	35.3615075
21.7914187	22.7901912	25.377925
17.1063125	17.8903525	19.9217287
14.5456187	15.2122944	16.9395881
12.6064981	13.1842944	14.6813188
12.3225962	12.8873831	14.3506913
9.77547362	10.2235151	11.3843544
9.69707431	10.1415236	11.2930525
9.51461656	9.95070237	11.0805631
9.63190381	10.0733658	11.2171538
9.81453	10.264362	11.4298388
9.73836631	10.1847094	11.3411406
9.74568288	10.1923589	11.3496612
10.1741378	10.6404513	11.8486319
10.8052831	11.300525	12.5836525
12.0459113	12.5980137	14.0284662
14.391335	15.0509375	16.7599088
18.5925044	19.44466	21.6525231
24.6156169	25.7438313	28.6669381
41.6333437	43.5415369	48.4855006
72.7515762	76.08602	84.7252819
5339.37942950991	5344.50243250991	5357.77566650991
1776.62980763249	1780.62275133249	1790.96814923249
50.3869438	52.6963444	58.6797994
29.9665081	31.3399731	34.8984988
20.37729	21.3112481	23.7310519
15.5761819	16.2900894	18.1397619
12.6588594	13.2390562	14.7422975
11.0983231	11.6069975	12.9249225
10.4157574	10.8931456	12.1300175
9.125202	9.54344031	10.6270587
8.70245556	9.10131775	10.1347344
8.51022475	8.90027644	9.91086613
8.58485025	8.97832237	9.99777337
8.75010406	9.15115025	10.1902252
9.27666113	9.7018415	10.8034456
10.2044688	10.6721731	11.8839537
12.6088606	13.1867656	14.6840681
15.9019656	16.6308044	18.519165
23.9551837	25.0531275	27.8978081
34.68282	36.2724463	40.3910356
58.663305	61.3520387	68.3183087
61.0863256	63.8861144	71.1401187
33.2780175	34.8032594	38.7550256
21.0899012	22.05652	24.5609469
14.6556213	15.327335	17.0676912
11.5044381	12.0317256	13.3978788
9.92512975	10.3800304	11.5586431
9.15051662	9.56991519	10.6565394
8.69745025	9.096083	10.1289062
8.60070806	8.99490681	10.0162419
9.0694865	9.48517088	10.5621731
10.4050478	10.881945	12.117545
13.88015	14.5163244	16.1645925
19.9963837	20.912885	23.2874575
26.9878356	28.2247794	31.4295869
30.8660662	32.2807588	35.9461075
21.034735	21.9988263	24.4967031
13.7121863	14.3406619	15.9689831
10.7016416	11.1921313	12.4629538
10.4021104	10.8788728	12.114125
9.97363606	10.4307607	11.61513
11.3468519	11.8669169	13.2143562
14.9489413	15.6341006	17.4092881
16.0816119	16.8186844	18.7283788
13.3739875	13.9869606	15.5751237
12.10031	12.6549069	14.09182
