#?RADIANCE
genskyvec -m 1
NROWS=146
NCOLS=1
NCOMP=3
FORMAT=ascii

7.74119206	8.09599663	9.01526338
25.529635	26.6997425	29.7313887
26.3355962	27.5426431	30.6699981
27.3006656	28.5519456	31.7939031
28.5118656	29.8186575	33.204445
29.2926481	30.6352269	34.1137344
29.3035431	30.64662	34.1264175
29.5111631	30.8637575	34.36821
28.1416863	29.4315119	32.7733406
27.7688688	29.0416075	32.3391619
27.3484031	28.6018731	31.8494969
26.290585	27.4955681	30.6175787
25.5943563	26.76743	29.8067625
25.1934369	26.3481356	29.3398594
25.4804525	26.6483063	29.6741125
27.5574062	28.8204544	32.0928981
32.2998494	33.7802588	37.6158656
37.072065	38.7712	43.1735106
49.6134356	51.8873819	57.77898
73.0382356	76.3858194	85.0591188
94.3343381	98.6579913	109.860198
126.474	132.270738	147.289513
112.228412	117.372223	130.699368
94.1485431	98.4636875	109.64383
67.7725931	70.8788344	78.9268331
46.2081081	48.3259781	53.813195
37.0129669	38.7093944	43.1046863
30.6394	32.0437044	35.6821356
27.5730094	28.8367713	32.1110694
25.4216538	26.5868119	29.6056356
25.0065788	26.1527131	29.1222456
19.3413869	20.2278656	22.5246581
18.3829525	19.2255056	21.4084812
20.38029	21.3143869	23.7345494
20.5558831	21.4980275	23.9390394
21.0441406	22.0086631	24.5076556
20.33206	21.2639469	23.67838
21.7481188	22.7449081	25.3274994
22.0294081	23.0390894	25.6550844
20.8935856	21.8512069	24.3323231
18.0891637	18.9182519	21.0663406
18.3590194	19.2004731	21.3806075
18.1386656	18.9700225	21.12399
19.4024119	20.2916887	22.5957262
20.1169606	21.0389863	23.4278775
21.652165	22.6445556	25.2157525
25.838335	27.0225912	30.0908975
33.624995	35.1661394	39.15911
44.15556	46.1793556	51.4228338
67.6202325	70.7194894	78.7493969
101.730968	106.393633	118.474202
1388.50917439687	1395.29788739687	1412.88683139687
140.876362	147.333194	164.062287
91.498375	95.6920581	106.557496
60.5381388	63.3127994	70.50171
42.3602044	44.3017125	49.3319906
32.7714556	34.27348	38.1650937
24.9900356	26.13541	29.10298
21.7822788	22.7806325	25.3672788
19.5747506	20.4719269	22.7964288
19.1704019	20.0490431	22.3255288
13.1021687	13.7026831	15.2585662
12.5930906	13.1702744	14.6657056
12.8207362	13.4083525	14.9308163
14.0580337	14.7023612	16.3717525
14.1588737	14.8078219	16.4891906
14.1880638	14.8383494	16.5231819
13.9215013	14.5595687	16.2127494
13.7051931	14.3333456	15.9608394
12.7842413	13.3701862	14.888315
13.3130412	13.9232206	15.504145
13.8504681	14.48528	16.130025
16.2122038	16.9552612	18.8804619
20.0150206	20.9323744	23.30916
26.8974669	28.1302669	31.3243444
43.5070369	45.5011069	50.6675737
75.9516787	79.4327962	88.4520606
2065.10228398336	2071.23583898336	2087.12736398336
1204.51214917995	1209.75498617995	1223.33872917995
55.6963581	58.2491069	64.8630538
33.53482	35.0718331	39.0540969
23.4909394	24.5676081	27.3571575
18.1860481	19.0195744	21.1791694
14.4961062	15.1605125	16.8819256
13.64635	14.2718087	15.892315
10.0627088	10.5239145	11.7188625
9.96319369	10.4198401	11.6029706
9.76033494	10.2076826	11.3667244
9.98147313	10.4389572	11.6242587
10.2992856	10.7713357	11.9943769
10.2004239	10.6679418	11.8792444
9.9895045	10.4473559	11.6336094
10.1074211	10.5706772	11.7709356
9.99387894	10.451932	11.6387056
10.3878462	10.8639546	12.0975144
11.1541919	11.665425	12.9899869
12.5747525	13.1510963	14.6443469
15.0966556	15.7885863	17.581315
21.525525	22.51211	25.06827
31.7815512	33.2382025	37.0122669
43.3809044	45.369195	50.5206806
59.8024806	62.5434269	69.6449781
56.6716512	59.2691	65.9988606
39.7239575	41.5446362	46.2618606
26.295105	27.5002975	30.6228444
18.87271	19.7377087	21.9788456
14.3259163	14.98252	16.683725
11.9576725	12.5057325	13.9257056
11.0172931	11.5222544	12.8305587
8.72236144	9.12213619	10.1579167
8.33740287	8.7195335	9.70960125
8.11378644	8.485668	9.44918081
8.26085756	8.63947994	9.62045725
8.296612	8.67687312	9.66209675
8.2636345	8.64238425	9.62369175
8.52539706	8.91614413	9.92853569
9.31082062	9.73756581	10.8432256
10.4220622	10.89974	12.1373606
13.2274575	13.8337162	15.4044781
16.420115	17.172705	19.122595
24.28272	25.3956769	28.2792525
31.233595	32.6651338	36.3741262
27.34826	28.60172	31.84933
19.9941538	20.9105519	23.2848612
14.40745	15.0677919	16.7786769
11.3601811	11.880855	13.2298775
9.58566644	10.025009	11.1633069
8.04830856	8.41718925	9.37292681
7.49353994	7.83699375	8.72685225
7.41184825	7.75155781	8.63171525
7.54506206	7.89087731	8.78685375
7.84241969	8.2018635	9.13315181
8.99259781	9.40475819	10.4726309
11.1365451	11.6469687	12.969435
13.8189419	14.45231	16.0933094
17.3406331	18.1354113	20.1946131
15.24858	15.9474731	17.758245
11.7440206	12.2822869	13.6768913
9.152068	9.57153756	10.6583483
8.07447475	8.44455475	9.40339906
7.55409594	7.90032506	8.79737469
7.93056625	8.29405031	9.23580569
9.30168525	9.72801169	10.8325881
10.4024949	10.8792751	12.1145725
9.77493444	10.2229522	11.3837275
8.42825131	8.81454588	9.81540069
