#?RADIANCE
genskyvec -m 1
NROWS=146
NCOLS=1
NCOMP=3
FORMAT=ascii

19.9485444	20.8628512	23.2317431
26.1914006	27.39184	30.5020713
25.4701587	26.6375394	29.6621237
25.3254906	26.4862431	29.4936481
25.0620056	26.2106812	29.1867944
24.2077694	25.3172919	28.1919656
25.4874319	26.6556062	29.6822419
27.3652131	28.6194506	31.8690731
30.3201869	31.70986	35.3103869
34.1140306	35.6775894	39.728635
42.1142475	44.0444825	49.0455525
47.8996094	50.0950062	55.7830881
52.784845	55.2041494	61.4723531
52.761055	55.1792669	61.4446475
48.9610981	51.2051469	57.0192825
43.1485994	45.12624	50.25014
37.0499175	38.7480394	43.14772
33.3840587	34.91416	38.87852
28.6573575	29.97082	33.3738837
25.4686262	26.6359381	29.6603394
25.6669556	26.8433569	29.8913094
23.7626181	24.8517369	27.6735513
24.7468	25.8810281	28.8197112
24.0260725	25.1272663	27.9803656
26.0599444	27.2543563	30.3489781
27.9677813	29.2496387	32.570815
29.1521131	30.4882513	33.9500681
30.1375237	31.518825	35.09766
28.432795	29.7359631	33.11236
28.1550144	29.4454512	32.78886
26.7281587	27.9531994	31.1271713
16.032205	16.7670138	18.6708388
14.4463619	15.1084875	16.8239925
15.5709094	16.2845731	18.1336194
15.2750206	15.9751269	17.7890369
16.16277	16.9035619	18.8228937
17.0461962	17.8274787	19.851715
19.91772	20.8306144	23.1958469
23.794835	24.8854319	27.7110712
29.2898256	30.632275	34.1104456
35.4909069	37.1175725	41.3321194
45.3483025	47.4267656	52.81188
53.6115031	56.0686963	62.4350662
54.2954281	56.7839681	63.231555
48.7045094	50.9367981	56.7204631
39.93981	41.7703831	46.5132413
30.6474881	32.0521637	35.6915562
26.359225	27.5673569	30.6975162
20.6699406	21.6173106	24.0718681
17.8359025	18.6533812	20.7713962
15.757445	16.4796606	18.3508588
15.09076	15.7824194	17.5744481
15.0395869	15.7289019	17.5148538
14.1723156	14.8218794	16.5048444
15.8361669	16.5619906	18.4425363
16.5481863	17.306645	19.2717431
17.2393544	18.02949	20.0766638
16.4982644	17.2544331	19.2136031
16.9344625	17.7106244	19.7215938
16.2163019	16.9595469	18.8852344
16.2146675	16.9578419	18.883335
10.5187387	11.0008464	12.2499475
10.2019541	10.6695431	11.8810269
10.5842479	11.0693581	12.3262394
12.052085	12.6044725	14.0356594
13.8855456	14.5219681	16.1708763
17.3149019	18.1085037	20.1646488
23.1154262	24.1748812	26.91984
33.7024863	35.2471837	39.2493575
48.7130419	50.9457231	56.7304
66.3689887	69.4108981	77.2922231
64.878075	67.85165	75.5559294
42.5449619	44.4949369	49.547155
28.2902025	29.5868356	32.9462981
20.3077919	21.2385644	23.6501169
15.5471894	16.2597681	18.1059987
13.0560525	13.6544538	15.2048606
11.2518806	11.7675919	13.1037544
11.1141761	11.6235738	12.9433838
10.5825762	11.067612	12.3242925
10.2096556	10.677598	11.8899938
10.7625314	11.2558136	12.5338644
10.9155968	11.4158936	12.7121219
10.3872922	10.8633777	12.0968694
10.7096946	11.2005553	12.4723331
8.47959631	8.868244	9.87519775
8.81960406	9.22383569	10.2711641
9.41968881	9.85142363	10.9700125
10.4053889	10.8823019	12.1179438
12.8603219	13.4497512	14.9769156
15.417295	16.12392	17.954725
22.5707006	23.6051887	26.2854619
35.0851194	36.6931869	40.8595469
60.6326825	63.4116788	70.6118144
4190.06941697858	4194.52300407858	4206.06188407858
2719.48552568529	2723.24905628529	2733.00000748529
45.2562806	47.3305256	52.7047131
30.3767213	31.7689894	35.3762263
19.4254888	20.315825	22.6226037
14.4279331	15.0892125	16.8025288
11.8663231	12.4101938	13.8193206
10.1292157	10.593471	11.7963156
9.22063862	9.64325081	10.7382025
8.77178937	9.17382944	10.2154809
8.51869794	8.90913794	9.9207345
8.48898094	8.87805887	9.88612694
8.533498	8.9246165	9.93796937
8.40995756	8.79541375	9.79409681
8.53703631	8.92831688	9.94209081
7.91175894	8.27438088	9.21390306
8.58811369	8.98173531	10.0015734
9.861326	10.3133029	11.484335
12.3893962	12.957245	14.4284856
16.7558181	17.5237931	19.5135475
29.0427519	30.3738775	33.8227081
47.65521	49.8394056	55.4984656
2404.03435051927	2407.20856481927	2415.43267481927
47.8311425	50.0234006	55.7033531
27.0274181	28.2661731	31.4756812
17.6567963	18.466065	20.5628112
12.724485	13.30769	14.8187244
10.0465391	10.5070054	11.700035
8.55616731	8.94832475	9.96436963
7.94611994	8.31031694	9.25391925
7.62792319	7.97753613	8.88335269
7.57666275	7.923926	8.82365525
7.65067487	8.00133062	8.90984881
8.31343031	8.69446225	9.68168244
9.77344619	10.2213964	11.3819941
12.9961856	13.5918444	15.1351425
20.2289406	21.1561	23.5582881
28.3571569	29.65686	33.0242744
30.3274394	31.7174462	35.3188313
21.5719875	22.5607038	25.1223787
14.6164975	15.2864194	17.0221313
10.3881243	10.8642479	12.0978388
8.68540725	9.08348825	10.1148808
7.77645806	8.13287875	9.05633387
7.90528113	8.26760613	9.20635925
9.69231687	10.1365478	11.2875106
12.4379212	13.0079931	14.4849963
16.6885806	17.4534744	19.4352444
16.7415687	17.50889	19.4969525
11.1297524	11.6398666	12.9615262
9.28901425	9.71476106	10.8178314
12.0429437	12.5949113	14.0250125
