#?RADIANCE
genskyvec -m 1
NROWS=146
NCOLS=1
NCOMP=3
FORMAT=ascii

0.698934069	0.730968538	0.813967
2.60818188	2.72772338	3.03744519
2.41643269	2.52718594	2.81413744
2.33646425	2.44355231	2.72100762
2.30518031	2.41083444	2.68457481
2.38440606	2.49369119	2.77683969
2.35032313	2.45804619	2.73714725
2.33205419	2.43893975	2.71587162
2.35260881	2.4604365	2.73980906
2.47584038	2.58931625	2.88332269
2.27118319	2.37527887	2.64498212
2.43508594	2.54669413	2.83586063
2.34793838	2.45555219	2.73436988
2.38229356	2.491482	2.7743795
2.4729655	2.58630944	2.8799745
2.50599131	2.62084913	2.91843575
2.7612125	2.88776812	3.21566231
2.71567244	2.84014069	3.16262706
3.14339388	3.28746594	3.66074437
3.53347831	3.69542938	4.11503025
3.74110894	3.91257637	4.35683331
4.42963	4.63265481	5.15867362
4.64874612	4.86181338	5.4138525
5.03949031	5.270467	5.86890694
4.68491362	4.89963881	5.45597263
3.94164475	4.12230331	4.59037394
3.61849238	3.78433975	4.21403594
3.20793875	3.35496913	3.73591219
3.08415819	3.22551538	3.5917595
2.81229663	2.94119362	3.27515406
2.70359337	2.82750794	3.14856
2.96961762	3.105725	3.45836737
2.90578719	3.03896894	3.3840315
2.80037025	2.92872044	3.26126475
2.77315781	2.90026081	3.22957356
2.74893569	2.8749285	3.20136494
2.75712613	2.88349425	3.21090313
2.71889131	2.84350725	3.16637587
2.70197775	2.82581837	3.14667837
2.71880456	2.8434165	3.16627456
2.78031944	2.90775081	3.23791406
2.777391	2.90468794	3.23450338
2.80323862	2.93172025	3.264605
2.81958812	2.94881919	3.28364556
2.90599512	3.03918644	3.38427363
3.02039588	3.15883075	3.517503
3.1988	3.3454115	3.72526919
3.33722819	3.49018456	3.88648056
3.66541425	3.8334125	4.26868075
4.01184087	4.19571669	4.67212325
4.38123044	4.58203675	5.10230806
4.76560094	4.984024	5.5499395
5.16399281	5.40067562	6.01390037
5.28791531	5.53027825	6.15821844
5.05260744	5.28418525	5.88418269
4.63898094	4.85160056	5.40248025
4.25536844	4.45040625	4.9557315
3.88340575	4.06139519	4.52254988
3.55363375	3.71650844	4.13850294
3.31636281	3.46836275	3.86218125
3.12184069	3.26492488	3.63564375
3.13778181	3.28159662	3.65420844
3.06454838	3.20500669	3.56892225
2.98454462	3.12133631	3.47575112
2.91454744	3.04813069	3.3942335
2.89663625	3.02939863	3.37337444
2.88587331	3.01814244	3.36084025
2.88685394	3.01916781	3.361982
2.89268394	3.02526519	3.36877181
2.93086756	3.06519894	3.41323969
2.96130456	3.097031	3.44868606
3.03184356	3.17080287	3.53083456
3.167135	3.31229538	3.68839287
3.36702019	3.52134175	3.92117594
3.62604219	3.79223581	4.22282844
3.95934737	4.14081744	4.61099038
4.33367831	4.53230494	5.04692975
4.74786094	4.96547119	5.52927981
5.02407356	5.25434369	5.85095275
4.96137062	5.18876662	5.77792981
4.65684838	4.87028712	5.42328831
4.28789031	4.4844185	4.99360569
3.93642094	4.11684012	4.58429031
3.59952006	3.76449775	4.19194131
3.34411444	3.49738625	3.89450019
3.27215469	3.42212819	3.81069694
3.1593415	3.3041445	3.67931644
3.08735375	3.2288575	3.59548113
3.04353881	3.18303444	3.54445481
3.00599875	3.14377369	3.50073625
3.00124738	3.13880444	3.49520275
3.00537613	3.14312238	3.500011
3.0108675	3.14886563	3.50640631
3.04452906	3.18406975	3.54560788
3.08293113	3.22423219	3.59033038
3.16842781	3.31364738	3.68989862
3.3049475	3.45642406	3.84888706
3.43220519	3.58951469	3.99708931
3.67744294	3.84599225	4.28268881
3.94641619	4.1272935	4.59593088
4.18458175	4.37637487	4.87329444
4.44940231	4.65333306	5.1817
4.61096538	4.82230119	5.36985381
4.63542488	4.84788181	5.39833875
4.4576535	4.66196244	5.19130931
4.20510669	4.39784069	4.89719744
3.89330425	4.07174725	4.53407737
3.64022556	3.80706912	4.23934619
3.44124725	3.59897081	4.00761944
3.36540037	3.51964775	3.91928925
3.22647262	3.37435244	3.75749644
3.15634894	3.30101506	3.67583181
3.10264856	3.24485319	3.61329288
3.08904763	3.23062894	3.59745344
3.10497744	3.24728888	3.61600525
3.13213581	3.27569181	3.64763337
3.21349994	3.36078538	3.74238869
3.31932806	3.47146375	3.86563425
3.49991937	3.66033206	4.07594769
3.69311288	3.86238038	4.30093787
3.95209225	4.13322975	4.60254106
4.18690775	4.37880769	4.87600325
4.28593406	4.4823725	4.9913275
4.19064181	4.38271281	4.880352
3.99832181	4.18157812	4.65637881
3.76249281	3.93494031	4.38173669
3.53478044	3.69679119	4.11654644
3.39459981	3.55018562	3.95329469
3.28378475	3.43429131	3.82424081
3.20005075	3.34671981	3.72672606
3.18094856	3.32674206	3.70448
3.23357275	3.38177812	3.76576513
3.35351881	3.50722163	3.90545219
3.51527356	3.67639025	4.09382925
3.70476513	3.87456675	4.31450794
3.9248455	4.10473413	4.57081
3.94708638	4.12799431	4.59671113
3.822929	3.9981465	4.45211962
3.58797625	3.75242487	4.17849731
3.45447862	3.61280869	4.02302825
3.35250194	3.50615812	3.90426781
3.36700937	3.5213305	3.921163
3.48482506	3.64454619	4.05836956
3.64206094	3.80898875	4.24148369
3.64021763	3.80706075	4.239337
3.47634206	3.63567438	4.04849012
