#?RADIANCE
genskyvec -m 1
NROWS=146
NCOLS=1
NCOMP=3
FORMAT=ascii

4.45350575	4.65762431	5.18647869
15.7893306	16.5130075	18.3879919
15.9560725	16.6873925	18.5821775
16.5013869	17.2576981	19.21724
17.8052375	18.6213088	20.7356825
20.7188	21.6684119	24.1287719
25.8235163	27.0070931	30.0736375
33.8646712	35.4167981	39.4382331
52.2646606	54.6601206	60.8665544
80.0991487	83.7703569	93.28214
90.4843331	94.6315362	105.376541
92.3738006	96.6075913	107.576981
57.383095	60.0131519	66.8274
38.0878594	39.8335519	44.3564894
27.8428125	29.1189413	32.4252775
21.5813256	22.57047	25.1332538
18.7799131	19.6406588	21.870775
16.7832612	17.5524919	19.5455069
16.2249438	16.9685887	18.8953013
15.7086444	16.4286219	18.2940263
15.8229775	16.5481969	18.4271756
16.05846	16.7944713	18.7014144
15.7537719	16.4758188	18.3465812
15.68319	16.4020025	18.2643825
16.1261856	16.8653025	18.7802875
15.6360169	16.3526675	18.2094456
16.09927	16.8371519	18.7489406
15.7308875	16.4518862	18.31993
15.8492731	16.5756994	18.4578013
15.4210831	16.1278813	17.9591362
15.5276075	16.2392894	18.0831925
12.9603681	13.5543825	15.0934281
12.6284588	13.2072625	14.7068931
13.9893075	14.6304838	16.2917137
15.0703313	15.7610544	17.5506575
18.1771825	19.0103019	21.1688444
22.6407488	23.6784494	26.36704
31.4155625	32.8554431	36.5860412
49.1067044	51.3574269	57.1888512
84.9310531	88.8237219	98.9092919
1854.30881945467	1860.28000745467	1875.75081345467
775.868888342299	780.431601242299	792.253211242299
58.9187238	61.6191625	68.6157656
38.2021919	39.9531244	44.4896388
25.5473394	26.7182581	29.7520075
19.36059	20.2479488	22.5470212
15.6788962	16.3975131	18.2593838
14.9708569	15.6570212	17.4348113
13.0934769	13.6935925	15.2484431
12.6949325	13.2767844	14.7843081
12.1972369	12.7562756	14.2046975
12.3184656	12.8830613	14.3458819
12.5923619	13.1695131	14.6648569
12.0754606	12.6289212	14.0628819
12.871445	13.4613862	14.9898713
13.0620537	13.6607313	15.2118506
13.1860556	13.7904175	15.3562619
12.6357794	13.21492	14.7154181
12.7596531	13.3444694	14.85968
12.4914956	13.0640231	14.5473881
12.705145	13.2874625	14.7961994
9.6998055	10.1443794	11.2962325
9.7505375	10.1974369	11.3553137
10.6490344	11.1371144	12.4016875
13.3109487	13.9210331	15.5017087
17.875805	18.6951131	20.8178681
27.8845863	29.1626294	32.4739269
46.8151194	48.9608119	54.5201119
616.168025637297	619.738902537297	628.990726237297
62.6958481	65.5694044	73.0145406
38.49428	40.2586	44.8297975
24.3268594	25.4418388	28.3306562
16.0145544	16.748555	18.6502856
12.357685	12.9240781	14.3915537
10.5669011	11.0512169	12.3060381
9.92545575	10.3803714	11.55902
9.6816485	10.1253903	11.2750856
9.35610825	9.78492906	10.895968
9.74241731	10.1889436	11.3458577
9.50074487	9.93619575	11.0644094
9.189222	9.61039413	10.7016145
9.49581031	9.93103406	11.0586625
9.53315338	9.97008925	11.1021512
9.20010956	9.62178181	10.7142949
9.50802262	9.94380675	11.0728862
7.97299287	8.33842156	9.28521538
8.41753031	8.80333344	9.80291694
9.21679456	9.63923075	10.7337266
10.6211854	11.1079907	12.3692569
14.3806181	15.03973	16.7474288
18.42844	19.2730781	21.4614556
27.29005	28.5408444	31.78154
35.1939119	36.8069656	40.986245
31.41588	32.8557731	36.5864112
24.2404231	25.3514406	28.2299937
16.8481837	17.6203931	19.6211169
12.1884869	12.747125	14.1945094
10.3796367	10.8553703	12.0879537
8.98725294	9.39916838	10.4664052
8.33193369	8.71381369	9.70323175
7.907395	8.269817	9.20882056
7.7388845	8.09358312	9.01257631
7.709111	8.062445	8.97790269
7.79222444	8.14936769	9.07469519
7.756894	8.11241812	9.03355006
7.78854512	8.14552	9.07041037
7.83379313	8.19284194	9.12310531
7.75876606	8.114376	9.03572981
7.93421237	8.29786356	9.24005187
7.1240615	7.45058069	8.29656369
7.72110163	8.07498519	8.99186663
8.74267763	9.14338363	10.1815768
11.1501036	11.6611487	12.985225
14.5501406	15.2170225	16.9448519
18.0830069	18.9118112	21.0591706
18.3583031	19.1997244	21.3797737
14.318495	14.9747594	16.6750812
11.2422646	11.7575347	13.0925556
8.95878713	9.36939744	10.4332544
7.731738	8.08610881	9.00425331
7.23921888	7.571016	8.43067425
6.97169331	7.29122894	8.11911825
6.80090656	7.11261475	7.920223
6.70371719	7.01097094	7.80703775
6.72245156	7.03056387	7.82885531
6.82512406	7.13794194	7.94842594
6.90824425	7.22487188	8.04522663
6.83096062	7.144046	7.95522331
7.50324175	7.84714	8.73815056
9.30330162	9.72970319	10.8344702
11.6727353	12.2077339	13.5938731
11.3955291	11.9178219	13.2710425
9.51644825	9.95261888	11.0826976
7.97159356	8.33695794	9.28358538
7.03285094	7.3551895	8.19034131
6.53608231	6.8356525	7.61181281
6.35552994	6.646825	7.40154481
6.36541469	6.65716275	7.41305638
6.43940969	6.73454906	7.4992295
6.72479331	7.03301281	7.83158263
7.52411206	7.86896706	8.76245594
8.02538012	8.39320981	9.34622481
7.46042894	7.80236506	8.6882915
6.52860006	6.82782744	7.60309912
6.35865556	6.65009375	7.40518462
6.91483806	7.23176775	8.05290531
