#?RADIANCE
genskyvec -m 1
NROWS=146
NCOLS=1
NCOMP=3
FORMAT=ascii

23.3002094	24.368135	27.1350369
31.279685	32.7133375	36.4278012
31.7559812	33.2114644	36.9824894
31.9634038	33.4283925	37.2240481
31.4557494	32.8974681	36.6328431
29.1690181	30.50593	33.9697538
28.4277525	29.73069	33.10649
28.21994	29.5133538	32.864475
27.5750625	28.8389194	32.11346
27.4954856	28.7556956	32.0207875
32.2020688	33.6779969	37.5019937
33.1115838	34.6291981	38.5612019
37.8508606	39.5856881	44.0804831
41.6394719	43.5479456	48.4926363
44.8689556	46.9254469	52.2536406
48.3039025	50.5178294	56.2539219
50.3316606	52.6385256	58.6154169
48.6281313	50.8569206	56.6315156
46.110295	48.2236825	53.6992844
40.9628431	42.8403056	47.7046469
38.3641375	40.1224944	44.6782394
33.9099506	35.4641556	39.4909675
31.7915463	33.2486569	37.0239056
28.966535	30.2941669	33.7339444
28.8157838	30.136505	33.5583825
29.0631406	30.3951987	33.8464494
29.64691	31.0057269	34.5263006
30.7845156	32.1954719	35.851135
30.0203625	31.396295	34.9612137
30.7585406	32.1683069	35.8208863
30.7568363	32.1665231	35.8188994
19.5434394	20.43918	22.7599669
17.9671519	18.790645	20.9242456
19.4533694	20.34498	22.6550694
18.5874025	19.4393244	21.6465813
18.3158506	19.1553269	21.3303362
17.5470294	18.3512669	20.4349788
18.8897069	19.7554831	21.9986369
19.99063	20.906865	23.2807544
21.073075	22.0389231	24.5413519
21.5691738	22.5577587	25.1191013
25.240685	26.3975494	29.39488
29.4324694	30.7814563	34.2765662
35.3032681	36.9213344	41.1136
41.6090631	43.5161438	48.4572231
46.3025775	48.4247775	53.9232131
48.9993331	51.2451325	57.0638081
47.4881775	49.6647156	55.3039425
42.5488962	44.4990544	49.55174
35.8423556	37.4851294	41.7414144
30.2191425	31.604185	35.1927094
26.1739131	27.37355	30.4817044
23.1021844	24.1610356	26.9044212
19.8964131	20.8083331	23.1710319
19.6471375	20.5476325	22.8807313
19.0792769	19.9537431	22.2194081
19.0751475	19.9494256	22.2146019
18.1855062	19.0190081	21.17854
18.8005094	19.6621994	21.8947606
18.5450706	19.3950531	21.5972819
19.1114644	19.9874056	22.2568937
12.8808894	13.471265	15.0008725
12.422165	12.9915125	14.466645
12.4533581	13.0241369	14.5029744
13.2241056	13.8302094	15.4005737
13.5498625	14.1708969	15.779945
14.4620013	15.1248431	16.8422056
16.0321163	16.7669231	18.6707381
18.8231513	19.6858762	21.9211269
22.2526194	23.2725287	25.9150294
29.4736219	30.8244956	34.3244913
38.7518069	40.52793	45.1297106
51.5914506	53.9560588	60.082545
57.8020913	60.4513513	67.315355
53.2909044	55.7334013	62.0617006
40.3338806	42.1825144	46.9721656
30.2305506	31.6161156	35.2059962
22.3794437	23.4051675	26.0627263
19.0311594	19.9034213	22.1633756
15.8241612	16.5494331	18.4285537
14.0831013	14.7285762	16.400945
13.503595	14.1225094	15.7260638
13.1587987	13.7619112	15.3245181
12.5563531	13.1318531	14.6229194
12.9414644	13.534615	15.071415
10.5313294	11.0140144	12.2646119
10.6317244	11.1190131	12.3815306
10.71289	11.2038969	12.4760544
11.0754156	11.5830388	12.898245
11.9898188	12.5393525	13.9631438
12.8282619	13.4162231	14.9395813
15.0341663	15.7232331	17.5085406
18.3914606	19.2344019	21.4183887
24.21925	25.3292981	28.2053356
32.6151913	34.1100531	37.9831094
48.9668556	51.2111681	57.0259875
77.7797144	81.3446175	90.5809663
1077.74967973396	1081.89417783396	1092.63222483396
70.3368219	73.5605925	81.9130919
47.6351569	49.8184331	55.4751125
34.1817856	35.7484494	39.8075388
24.1900087	25.2987175	28.1712825
18.6794844	19.5356256	21.753815
15.1118562	15.8044794	17.5990144
13.0971363	13.6974212	15.2527062
11.9687538	12.5173225	13.9386125
11.2886844	11.8060825	13.1466125
10.8504637	11.3477775	12.6362706
10.7629444	11.256245	12.5343456
10.2010025	10.6685488	11.8799169
10.3288944	10.8023031	12.02886
10.8749444	11.3733794	12.66478
11.9119525	12.4579169	13.8724619
13.7293537	14.3586156	15.9889775
18.5511537	19.4014162	21.6043663
25.4155	26.5803775	29.5984694
44.457245	46.4948675	51.7741706
72.7876169	76.123715	84.7672531
7406.73478685673	7412.31939985673	7426.78868085673
1023.15453674187	1026.71048044187	1035.92360794187
43.9013137	45.9134569	51.1267419
26.7193787	27.9440156	31.1169444
17.9426338	18.765005	20.8956937
14.3388475	14.9960456	16.6987844
12.058425	12.6111019	14.0430419
10.8589456	11.3566456	12.6461462
10.3640894	10.83911	12.0698456
11.0754525	11.5830775	12.8982894
11.9374469	12.4845806	13.9021519
13.5781044	14.2004344	15.8128362
17.5436094	18.34769	20.4309956
26.0172394	27.2096963	30.2992456
46.9821262	49.1354706	54.7146031
67.1622388	70.2405063	78.2160275
48.6358294	50.86497	56.6404762
27.28865	28.5393775	31.7799075
17.8205869	18.6373625	20.7535587
12.882795	13.4732563	15.0030887
11.80079	12.3416587	13.7430056
14.2556419	14.9090256	16.601885
16.6340031	17.3963937	19.3716825
23.7227475	24.8100381	27.6271181
33.4159644	34.9475275	38.9156744
22.8825769	23.9313625	26.6486694
16.3746269	17.1251294	19.0696181
19.8711575	20.7819187	23.1416213
