#?RADIANCE
genskyvec -m 1
NROWS=146
NCOLS=1
NCOMP=3
FORMAT=ascii

12.4974081	13.0702063	14.5542731
30.3391531	31.7296969	35.3324731
31.2426663	32.6746206	36.3846888
32.1426988	33.6159044	37.4328531
33.0466063	34.5612412	38.48553
33.0221112	34.5356244	38.457
32.6328525	34.1285225	38.0036769
32.6087369	34.1033031	37.9755931
30.9300838	32.3477125	36.0206619
30.2932294	31.6816688	35.2789937
31.0471113	32.4701025	36.1569519
29.9539944	31.3268844	34.8839238
30.3871362	31.7798794	35.3883544
30.8359162	32.2492262	35.9109944
31.9202487	33.3832594	37.1737906
35.4434881	37.0679812	41.2768975
42.0072375	43.93257	48.9209306
48.0662019	50.269235	55.9771
62.26827	65.12223	72.5165931
82.1193925	85.8831969	95.6348744
90.3966562	94.5398381	105.274444
97.7954844	102.277774	113.891009
80.8973519	84.6051444	94.2117175
68.2090956	71.3353425	79.4351806
54.5069225	57.005155	63.4778538
42.1472269	44.0789744	49.08396
37.037685	38.7352437	43.1334712
33.1043075	34.6215875	38.5527262
31.0175381	32.4391756	36.1225113
29.6740919	31.0341537	34.557955
29.5951388	30.9515819	34.4660075
21.81164	22.8113413	25.4014738
20.5171038	21.4574706	23.8938781
22.6453119	23.6832225	26.3723531
22.4361562	23.4644794	26.1287756
22.5856419	23.6208169	26.3028631
21.5244375	22.5109744	25.0670044
22.9684131	24.0211306	26.74863
23.2689387	24.33543	27.0986187
22.2372019	23.2564062	25.8970769
19.5166294	20.4111419	22.7287431
20.33774	21.269885	23.6849937
20.729685	21.6797956	24.1414494
22.9866863	24.0402431	26.7699137
24.7615169	25.8964194	28.8368519
27.5626194	28.8259037	32.0989669
34.1425825	35.70745	39.7618825
44.86492	46.9212262	52.2489413
59.6029819	62.3347825	69.4126413
85.1094062	89.01025	99.1169994
107.819765	112.7615	125.5651
111.732687	116.853781	130.122025
88.9211419	92.9966894	103.556086
62.7124094	65.5867269	73.0338306
46.7497644	48.8924612	54.4439988
36.3447225	38.0105212	42.3264594
30.5510206	31.951275	35.57921
25.1020944	26.2526075	29.2334825
23.1466237	24.20751	26.9561725
21.4887612	22.4736613	25.0254544
21.4598806	22.4434588	24.9918188
14.3838019	15.0430588	16.7511362
13.7542631	14.3846656	16.0179875
13.8432944	14.4777788	16.1216706
14.9665369	15.6525038	17.4297819
14.8985088	15.5813575	17.3505575
14.8758913	15.5577031	17.3242156
14.7108475	15.3850944	17.1320094
14.7860162	15.4637081	17.2195494
14.2171112	14.8687275	16.5570112
15.4878231	16.1976806	18.03686
16.8734762	17.646845	19.6505719
21.0770175	22.0430475	24.5459456
27.8788856	29.1566675	32.4672875
40.2159044	42.0591331	46.8347744
67.5797294	70.6771319	78.7022344
112.560834	117.719859	131.086481
2109.30755008502	2114.84442508502	2129.19000008502
79.27264	82.9059644	92.319595
44.3349062	46.3669206	51.631695
29.5120137	30.8646494	34.3692013
22.2058244	23.2235906	25.8605331
18.304705	19.1436719	21.3173556
15.345655	16.0489937	17.8712931
14.8437788	15.5241187	17.28682
10.9488886	11.4507125	12.7508937
10.8226947	11.3187338	12.6039294
10.5138095	10.9956919	12.2442081
10.6704249	11.1594856	12.4266006
10.9289761	11.4298881	12.7277037
10.8338105	11.3303581	12.6168738
10.7551056	11.2480462	12.5252181
11.1153881	11.6248431	12.9447981
11.4141919	11.9373406	13.2927787
12.3466956	12.9125856	14.378755
14.0277856	14.6707244	16.3365256
16.98435	17.7627981	19.7796919
21.6920188	22.686235	25.262165
34.2933931	35.8651712	39.9375156
55.7115219	58.2649675	64.8807144
1952.34475403866	1956.08946843866	1965.79170463866
2520.05566153297	2524.43796343297	2535.79211253297
63.5229344	66.4344019	73.977755
38.4444113	40.206445	44.7717244
25.3037831	26.4635413	29.4683656
18.6962356	19.553145	21.7733256
14.7801912	15.4576163	17.2127675
12.6951681	13.2770313	14.7845825
11.8883744	12.4332581	13.845005
9.546807	9.98436869	11.1180544
9.10361912	9.520868	10.6019225
8.83216788	9.23697519	10.2857961
8.95537025	9.36582462	10.4292756
9.05830812	9.4734805	10.5491551
9.30325644	9.72965575	10.8344175
9.93875919	10.3942861	11.574515
11.6078525	12.1398787	13.5183113
13.8605525	14.4958275	16.14177
19.4210456	20.3111763	22.6174275
26.13004	27.3276669	30.4306106
42.0595025	43.9872281	48.9817975
50.9290325	53.2632781	59.3111063
34.3134919	35.8861931	39.9609225
22.5067975	23.5383587	26.2110413
15.613935	16.3295737	18.1837281
12.2361437	12.7969663	14.2500094
10.4454763	10.9242281	12.1646288
8.97683275	9.38827063	10.4542706
8.39113625	8.77572969	9.77217781
8.30342806	8.68400181	9.67003475
8.61435512	9.0091795	10.032135
9.39095425	9.821373	10.93655
11.6920481	12.2279344	13.616365
15.8305869	16.5561538	18.4360381
20.7267488	21.6767231	24.1380269
25.3685031	26.5312256	29.5437394
19.3844156	20.2728681	22.5747681
13.440745	14.0567794	15.6528669
10.3482824	10.8225787	12.0514369
9.4374415	9.86999044	10.9906869
8.89598775	9.30372025	10.3601202
9.74178525	10.1882835	11.3451212
12.2454244	12.8066725	14.2608175
13.521635	14.1413762	15.7470712
11.9007688	12.4462206	13.8594381
10.3825849	10.8584544	12.0913863
