#?RADIANCE
genskyvec -m 1
NROWS=146
NCOLS=1
NCOMP=3
FORMAT=ascii

8.91266425	9.32116106	10.37954
26.7883112	28.0161081	31.1972206
27.6230206	28.8890756	32.1693106
28.57921	29.8890906	33.2828744
29.7444875	31.1077744	34.6399344
30.4045269	31.7980656	35.4086075
30.3323731	31.722605	35.3245781
30.4882925	31.8856706	35.5061575
29.0489737	30.3803837	33.8299525
28.6270137	29.9390856	33.3385469
28.3453212	29.6444819	33.0104919
27.2943025	28.5452919	31.7864925
26.7639381	27.9906169	31.1688362
26.5183469	27.7337694	30.8828269
26.971895	28.2081069	31.4110206
29.3237088	30.6677125	34.1499044
34.4967819	36.0778825	40.1743781
39.5866694	41.4010575	46.10198
52.8947881	55.3191294	61.6003894
76.7411219	80.2584206	89.371435
95.95664	100.354649	111.749494
122.793631	128.42165	143.0034
106.296545	111.168457	123.791184
89.1524113	93.23856	103.825412
65.4733244	68.4741813	76.2491456
45.770465	47.8682756	53.3035244
37.37026	39.0830625	43.5207844
31.429445	32.86996	36.6022069
28.56717	29.8764975	33.2688506
26.5524338	27.7694188	30.9225231
26.2161294	27.4177019	30.5308694
20.2682056	21.197165	23.6040156
19.2608381	20.1436256	22.4308519
21.2882938	22.2640069	24.791995
21.4050894	22.3861556	24.9280119
21.8333925	22.8340869	25.4268044
21.0525656	22.0174719	24.5174681
22.4622462	23.4917656	26.1591606
22.7285831	23.77031	26.4693319
21.588415	22.5778838	25.1415119
18.7866581	19.6477125	21.87863
19.1402219	20.0174825	22.290385
19.0251375	19.8971225	22.1563587
20.467385	21.4054719	23.8359769
21.3943238	22.3748956	24.9154738
23.1988906	24.2621719	27.0170425
27.9145956	29.1940144	32.508875
36.4000762	38.0684119	42.390925
48.2099312	50.41955	56.144485
73.5727319	76.9448113	85.6815794
108.870615	113.860518	126.788913
1144.58708533576	1151.36395433576	1168.92217233576
131.889581	137.934519	153.596406
87.3209169	91.323125	101.692484
58.9362781	61.6375237	68.6362106
42.0559594	43.983525	48.9776763
33.0377775	34.55201	38.4752475
25.6003238	26.77367	29.8137113
22.5503519	23.5839087	26.2617644
20.4138469	21.34948	23.7736281
20.0639888	20.9835875	23.3661887
13.8237781	14.45737	16.0989438
13.2897856	13.8989013	15.4770638
13.4937219	14.112185	15.7145644
14.7157506	15.3902219	17.1377181
14.7808012	15.4582556	17.2134756
14.7889506	15.4667775	17.2229656
14.5245294	15.1902369	16.9150256
14.3449625	15.00244	16.7059056
13.4800363	14.0978706	15.6986275
14.1446325	14.7929281	16.4726037
14.8522481	15.5329763	17.2966819
17.59283	18.3991675	20.4883175
22.0239225	23.0333494	25.6486919
30.0738681	31.4522525	35.0235275
49.2921269	51.5513475	57.4047925
86.8416594	90.8219025	101.134354
2902.98263884253	2909.86863184253	2927.70965784253
1008.0381876358	1013.1866456358	1026.5258706358
55.8	58.3575	64.9837556
34.1742287	35.7405475	39.7987387
24.1367156	25.2429794	28.1092175
18.87936	19.7446644	21.9865912
15.2134125	15.9106944	17.7172863
14.3722113	15.0309369	16.7376387
10.7197097	11.2110294	12.4839956
10.6004604	11.0863144	12.3451219
10.3710242	10.8463631	12.0779219
10.5775098	11.0623119	12.3183912
10.8797319	11.3783863	12.6703556
10.7751382	11.2689981	12.548545
10.5778097	11.062625	12.31874
10.7344248	11.2264187	12.5011325
10.6961498	11.1863888	12.4565588
11.1963544	11.7095187	13.0390888
12.1534281	12.7104606	14.1536812
13.8954356	14.5323069	16.1823931
16.8571594	17.6297787	19.6315663
24.4937469	25.6163769	28.5250094
36.8593863	38.5487756	42.9258306
51.1079637	53.4504094	59.5194844
70.1116831	73.3251312	81.6509006
62.7555194	65.6318137	73.0840381
42.0878675	44.0168925	49.01483
27.5946344	28.8593856	32.1362519
19.8219506	20.7304562	23.0843156
15.1205487	15.8135731	17.6091394
12.6855081	13.2669275	14.7733331
11.7059606	12.2424844	13.6325694
9.39060763	9.82101056	10.9361475
8.96135362	9.37208212	10.4362438
8.71444987	9.11386194	10.1487035
8.84730156	9.25280275	10.3034216
8.88977087	9.29721856	10.3528799
8.90549219	9.31366056	10.3711885
9.24163694	9.66521137	10.7626575
10.2138937	10.6820316	11.8949306
11.5697956	12.1000769	13.4739925
14.9384762	15.6231581	17.3971025
18.8525163	19.7165888	21.9553269
28.3357963	29.6345181	32.9993975
36.3593556	38.0258263	42.3435019
30.6077594	32.0106131	35.6452869
21.8577075	22.8595181	25.4551219
15.5659806	16.2794194	18.1278812
12.21458	12.7744156	14.2248963
10.3170439	10.7899075	12.0150569
8.75156019	9.15267319	10.1919224
8.15538019	8.52916831	9.49762038
8.04935819	8.41828694	9.37414906
8.20981537	8.58609831	9.56101469
8.61346956	9.00825319	10.0311028
10.0235912	10.483005	11.6733075
12.6050475	13.1827781	14.6796288
15.8248588	16.5501644	18.4293681
19.8669425	20.7775081	23.13671
17.0861125	17.8692256	19.8982038
12.8761881	13.4663463	14.9953963
10.0012952	10.4596871	11.6473438
8.90187081	9.30987306	10.3669702
8.33161694	8.7134825	9.70286244
8.80614769	9.20976238	10.2554928
10.4515838	10.930614	12.1717406
11.7012356	12.2375419	13.6270644
10.8716944	11.3699806	12.660995
9.38810731	9.81839519	10.9332344
