#?RADIANCE
genskyvec -m 1
NROWS=146
NCOLS=1
NCOMP=3
FORMAT=ascii

5.90528456	6.17594344	6.87719631
22.3514444	23.375885	26.0301219
21.8297788	22.8303081	25.4225969
22.3585956	23.3833637	26.0384494
24.0232363	25.1243019	27.9770625
27.6608531	28.9286425	32.21337
33.8746325	35.4272181	39.4498344
43.192215	45.171855	50.3009356
62.5268963	65.3927094	72.8177831
90.9964331	95.1670881	105.972941
106.561864	111.445937	124.100165
118.565521	123.999781	138.079434
82.7592956	86.5524269	96.3801044
57.4567425	60.0901756	66.9131669
42.1589362	44.09122	49.0975975
32.2197206	33.6964569	37.5225506
27.1026294	28.3448325	31.5632725
23.8059687	24.897075	27.7240356
22.4161169	23.4435219	26.1054369
21.7434631	22.7400381	25.3220762
22.6931887	23.7332931	26.4281106
23.6556656	24.7398812	27.5489944
24.2596581	25.3715575	28.2523925
24.7097319	25.8422606	28.7765431
26.4220644	27.6330731	30.7706975
26.1834537	27.38353	30.4928163
27.007115	28.2449413	31.4520388
26.0583819	27.2527244	30.3471594
25.1722106	26.325935	29.3151363
23.6718131	24.7567694	27.5677988
22.6547206	23.6930625	26.3833106
16.4432519	17.1969	19.1495356
15.3634269	16.0675825	17.8919906
17.2559887	18.0468888	20.09604
18.4949125	19.3425944	21.5388681
22.2832444	23.3045606	25.9506969
27.1609238	28.4057981	31.6311606
37.2846956	38.9935769	43.4211369
56.1223587	58.69463	65.3591675
91.57654	95.7737931	106.64853
1572.15780704018	1578.50188204018	1594.93884404018
1462.49115600755	1468.66316800755	1484.65434900755
84.4832763	88.3554344	98.38782
55.6177319	58.1668756	64.7714856
36.7124419	38.395095	42.7547025
27.0228706	28.2614175	31.470385
20.9720138	21.93323	24.4236581
19.74878	20.6539325	22.9991019
16.4520712	17.2061231	19.15981
15.8660244	16.5932169	18.4773094
15.2498981	15.94885	17.75978
15.8915625	16.619925	18.5070494
16.9686838	17.7464156	19.7614488
16.4580756	17.2124044	19.1668019
18.569195	19.4202812	21.6253763
19.2093956	20.0898256	22.3709438
19.4976688	20.3913113	22.7066619
18.0518837	18.8792619	21.022925
17.8673956	18.6863187	20.8080737
16.7467156	17.5142731	19.5029475
16.5753206	17.3350238	19.3033444
10.6397863	11.1274428	12.3909188
10.4550182	10.9342043	12.17574
11.4866837	12.0131556	13.3772012
14.8241738	15.5036131	17.2639837
19.873375	20.7842369	23.1442031
30.657115	32.0622312	35.7027656
51.7188412	54.0892881	60.2309044
95.5035269	99.8807731	111.221829
1354.57711899878	1358.75651089878	1369.58491479878
53.90739	56.378145	62.7796512
32.8078725	34.3115681	38.207505
20.6732512	21.6207756	24.0757256
15.0627838	15.7531619	17.5418662
12.1406469	12.6970938	14.1387962
11.1015541	11.6103746	12.928685
10.8098299	11.3052807	12.5889481
10.5181143	11.0001938	12.2492206
11.5215875	12.0496586	13.4178487
11.3919899	11.9141211	13.2669225
10.9126178	11.4127792	12.7086544
11.5603354	12.0901819	13.4629756
11.4904741	12.0171199	13.3816144
10.5093519	10.9910306	12.2390175
10.7536584	11.2465369	12.5235331
7.70480681	8.0579435	8.97289006
8.19303162	8.56854519	9.54146856
9.03106469	9.44498844	10.5174277
10.6397274	11.1273834	12.3908519
14.7797475	15.4571513	17.2122481
19.1229306	19.9993981	22.2702481
29.5953581	30.9518131	34.4662644
41.5227512	43.425875	48.3567069
39.7680956	41.5907956	46.3132613
30.4880325	31.8853987	35.5058556
20.3019369	21.2324419	23.6432987
13.8337931	14.4678412	16.1106069
11.3840201	11.9057869	13.25764
9.39947306	9.8302825	10.946469
8.4085	8.79388912	9.79239931
7.76623981	8.12219225	9.04443356
7.596771	7.94495606	8.84707331
7.68019887	8.03220769	8.94423231
7.984752	8.35071956	9.29890988
7.99637	8.36286994	9.31243969
8.06450162	8.43412437	9.39178462
8.05879631	8.42815756	9.38514038
7.75584656	8.11132262	9.03233006
7.89309963	8.25486638	9.19217269
6.24381756	6.52999231	7.27144613
6.89412144	7.21010169	8.02877925
7.963991	8.32900688	9.27473113
10.6002317	11.0860744	12.3448538
14.3677756	15.0262981	16.7324744
18.9493269	19.8178369	22.0680712
20.136335	21.0592494	23.4504413
15.6590837	16.3767913	18.2363081
11.8080224	12.3492222	13.7514262
8.90762875	9.31589544	10.3736767
7.18965369	7.51917919	8.37295125
6.56261956	6.86340612	7.642718
6.22469719	6.50999556	7.24917894
6.03431244	6.310885	7.02746013
5.90736625	6.17812044	6.8796205
5.94518931	6.21767706	6.92366875
6.06567706	6.343687	7.06398662
6.07322725	6.35158338	7.07277969
5.64125862	5.89981606	6.56971581
6.30641837	6.59546231	7.34435019
8.2700665	8.64911069	9.63118175
11.0071222	11.5116143	12.8187127
10.8994009	11.3989562	12.6932606
8.94709375	9.35716862	10.4196374
7.187867	7.51731062	8.3708705
6.017997	6.29382175	7.00845925
5.40221356	5.64981488	6.291328
5.16705831	5.40388169	6.01747044
5.20630856	5.44493094	6.06318044
5.20262156	5.44107481	6.0588865
5.34927938	5.59445437	6.2296815
6.19923325	6.48336475	7.21952406
6.815715	7.12810188	7.9374685
6.28284844	6.57081225	7.31690106
5.17433756	5.41149469	6.02594775
4.97910731	5.20731644	5.79858594
5.53695975	5.79073675	6.44825131
