#?RADIANCE
genskyvec -m 1
NROWS=146
NCOLS=1
NCOMP=3
FORMAT=ascii

4.59733463	4.80804587	5.35397956
18.1591056	18.9913969	21.1477931
17.7330544	18.5458188	20.6516213
17.69182	18.5026962	20.6036006
17.8707169	18.6897888	20.81194
18.1216137	18.9521875	21.1041313
17.9175725	18.7387931	20.8665075
18.0730019	18.9013475	21.0475175
17.6865838	18.4972175	20.5975012
18.0598687	18.8876119	21.0322225
17.9172569	18.738465	20.8661394
18.1125256	18.9426825	21.0935475
17.9455881	18.7680925	20.8991312
17.9392956	18.7615137	20.8918062
18.1338863	18.9650194	21.1184219
19.0502737	19.92341	22.1856319
21.5618325	22.5500825	25.1105525
23.9147837	25.0108781	27.8507619
31.4481138	32.8894838	36.6239506
47.3450838	49.515065	55.1372975
67.0188125	70.090505	78.0489912
107.850921	112.794067	125.601375
112.126314	117.265432	130.580443
96.7172506	101.150124	112.635298
63.6571987	66.5748175	74.134115
39.4085075	41.2147281	45.8944938
29.5222169	30.8753188	34.3810825
23.4818163	24.5580662	27.3465338
20.8626219	21.8188238	24.2962625
18.9091094	19.7757756	22.0212338
18.2474894	19.0838331	21.2507225
14.8553725	15.5362412	17.3003194
13.9409588	14.5799181	16.2354094
14.7113675	15.3856381	17.132615
14.492505	15.1567444	16.8777312
14.5039656	15.1687319	16.8910781
14.0719588	14.7169244	16.38797
14.7981413	15.4763887	17.2336694
15.08565	15.777075	17.5684975
14.7921663	15.4701394	17.2267106
13.5433738	14.1641113	15.7723869
13.948245	14.5875388	16.2438944
14.0106181	14.6527712	16.316535
14.8607256	15.54184	17.3065544
15.1609213	15.8557963	17.6561575
15.8125806	16.5373225	18.4150675
17.8413481	18.6590756	20.7777369
22.0670838	23.0784919	25.6989594
27.8542744	29.1309269	32.438625
41.9044013	43.8250181	48.8011706
63.8044831	66.7288513	74.3056406
691.963813768922	696.811331768923	709.370804768923
1926.77133990665	1933.51566490665	1950.98963390665
93.6222969	97.9133281	109.03098
57.5823969	60.2215888	67.0595038
37.5169956	39.2365225	43.69167
27.5847287	28.8490256	32.1247156
20.4265363	21.3627525	23.788405
17.5083575	18.3108225	20.3899419
15.6632175	16.3811144	18.24112
15.1088219	15.8013088	17.5954819
11.0083831	11.5129331	12.8201794
10.5329381	11.0156963	12.2664856
10.4576021	10.9369081	12.17875
10.9565463	11.4587206	12.7598106
10.9347876	11.4359638	12.7344706
10.981198	11.4845025	12.7885219
10.9550996	11.4572075	12.7581275
11.0127717	11.5175244	12.8252931
10.6041635	11.0901888	12.3494331
11.0012948	11.5055206	12.8119262
11.2517212	11.7674256	13.1035681
12.3931231	12.9611413	14.432825
14.2323369	14.8846519	16.5747444
17.7551375	18.5689131	20.6773375
26.6241306	27.8444019	31.00602
43.6644912	45.6657794	50.8509425
72.1951656	75.5041088	84.0772881
556.680986121234	560.867217421233	571.713384421234
49.6662213	51.9425862	57.8404556
29.4044444	30.7521475	34.2439281
20.22508	21.1520606	23.55379
15.4465681	16.1545363	17.9888175
12.3990919	12.9673831	14.4397763
11.6114981	12.1436919	13.5225581
9.09816306	9.515162	10.5955701
8.93229362	9.34169012	10.4024014
8.69427906	9.09276638	10.1252121
8.75697088	9.15833194	10.1982225
8.88496769	9.29219512	10.3472846
8.83605312	9.24103856	10.2903211
8.77136306	9.17338356	10.2149842
8.89592063	9.30364969	10.3600411
8.86939787	9.27591138	10.329154
9.09173994	9.5084445	10.5880891
9.43554763	9.86800975	10.9884825
10.0764464	10.5382836	11.7348619
11.3555575	11.87602	13.224495
14.6918494	15.3652244	17.1098844
20.0331525	20.9513375	23.3302763
26.06383	27.2584212	30.3535031
35.4576106	37.0827494	41.293345
38.2327619	39.9850956	44.5252412
31.5394037	32.9849575	36.730265
22.2472269	23.26689	25.9087494
16.2822244	17.0284931	18.9620094
12.503525	13.0766025	14.5614
10.6140206	11.1004978	12.3609119
9.8518985	10.3034432	11.4733563
8.21234119	8.58873963	9.563956
7.89307894	8.25484487	9.19214856
7.69943362	8.05232406	8.96663244
7.75207381	8.10737687	9.02793637
7.76891906	8.12499425	9.04755381
7.76207056	8.11783194	9.03957856
7.91002125	8.27256363	9.21187937
8.29763769	8.67794588	9.663291
8.83476244	9.23968881	10.2888179
10.27761	10.7486679	11.9691344
11.9992838	12.54925	13.9741675
16.3222437	17.0703456	19.0086138
20.702445	21.6513062	24.1097231
20.2225994	21.1494675	23.5509031
16.2023244	16.9449312	18.8689581
12.4287644	12.9984163	14.4743338
10.1940002	10.6612248	11.8717637
8.85916837	9.26521344	10.3172404
7.727361	8.08153156	8.99915619
7.321394	7.65695769	8.52637387
7.23856838	7.57033594	8.42991663
7.30157031	7.63622544	8.50328769
7.4350895	7.77586425	8.65878175
8.017963	8.38545275	9.33758644
9.16699856	9.58715206	10.6757345
10.7339476	11.2259192	12.5005769
13.0814887	13.6810581	15.234485
12.3320481	12.897265	14.3616994
10.3023539	10.7745454	11.99795
8.48739875	8.87640425	9.88428319
7.6656	8.01694006	8.9272305
7.29020613	7.6243405	8.49005319
7.46129731	7.80327319	8.68930288
8.2197005	8.59643663	9.57252731
9.00105075	9.41359819	10.4824744
8.74968719	9.15071406	10.1897408
7.79797481	8.15538181	9.08139175
