#?RADIANCE
genskyvec -m 1
NROWS=146
NCOLS=1
NCOMP=3
FORMAT=ascii

20.2009875	21.1268662	23.5257338
28.0293425	29.31402	32.6425075
28.7705337	30.0891813	33.5056869
29.1481263	30.48408	33.9454231
28.8162194	30.1369619	33.55889
26.6993669	27.9230881	31.0936406
25.8728994	27.0587406	30.1311481
25.4421431	26.6082412	29.6294969
24.4141544	25.5331369	28.43232
23.8825744	24.9771913	27.8132481
27.7564625	29.0286344	32.3247169
27.9306675	29.2108219	32.5275925
31.8330694	33.2920875	37.072265
34.9559044	36.5580481	40.7090638
37.8591131	39.5943206	44.0900937
41.7987312	43.7145037	48.6781063
44.9804513	47.042055	52.3834875
44.786515	46.8392294	52.1576312
43.8226687	45.8312075	51.0351525
39.7164487	41.5367862	46.2531162
37.0673662	38.766285	43.1680381
32.6680156	34.1652988	38.0446313
30.0598594	31.4376006	35.0072131
27.0207981	28.2592506	31.4679725
26.3634619	27.5717856	30.7024506
26.053325	27.2474375	30.34127
26.2675388	27.4714681	30.59074
27.1198188	28.3628075	31.5832894
26.4255819	27.636755	30.7747938
27.1627331	28.40769	31.6332656
27.3699675	28.6244225	31.8746081
17.4050413	18.2027725	20.2696225
16.0694425	16.8059562	18.7142044
17.5077694	18.3102075	20.3892563
16.7400063	17.5072531	19.4951331
16.42039	17.1729888	19.1229125
15.5485513	16.2611919	18.107585
16.6122469	17.3736425	19.3463475
17.3065594	18.0997762	20.1549325
17.8206919	18.6374713	20.75368
17.7539606	18.567685	20.6759694
20.4643038	21.4022506	23.8323894
23.5241225	24.6023125	27.3958031
28.26046	29.55573	32.9116625
33.5345113	35.0715062	39.053735
38.327675	40.08436	44.6357731
43.0396756	45.012325	50.12329
43.9988625	46.0154731	51.2403419
41.7182706	43.6303569	48.584405
35.975125	37.6239844	41.8960325
30.442155	31.83742	35.4524275
26.0157856	27.2081756	30.2975525
22.47336	23.5033881	26.1721025
18.9794888	19.8493813	22.1031975
18.2520687	19.0886206	21.256055
17.3594706	18.1551131	20.2165513
17.093585	17.8770406	19.9069056
16.1291944	16.8684494	18.7837931
16.5807175	17.3406675	19.3096294
16.3607731	17.1106419	19.0534856
16.9151956	17.690475	19.6991556
11.4065488	11.9293488	13.2838762
10.9943906	11.4983	12.803885
10.9997194	11.5038719	12.8100881
11.6344369	12.1676806	13.5492706
11.7557387	12.2945438	13.6905387
12.2995775	12.8633087	14.3238831
13.3110094	13.9210975	15.50178
15.2145969	15.9119319	17.718665
17.4666244	18.2671775	20.3413419
22.5923412	23.6278225	26.3106656
29.3006031	30.6435456	34.122995
40.6631794	42.5269062	47.3556612
50.48673	52.8007037	58.7960087
52.1194106	54.5082156	60.6974006
42.1394444	44.0708356	49.0748975
31.6448356	33.0952231	36.85305
22.811485	23.8570106	26.5658769
18.8065969	19.668565	21.9018513
15.1391331	15.8330088	17.6307837
13.1670375	13.7705262	15.3341125
12.3047444	12.8687119	14.3299
11.798535	12.3392994	13.7403769
11.1603569	11.6718756	12.9971669
11.4515194	11.9763831	13.3362525
9.29430894	9.72029875	10.8239987
9.33644913	9.76436956	10.8730744
9.32664925	9.75412037	10.8616619
9.56431181	10.0026758	11.1384394
10.1793062	10.6458569	11.85465
10.7187131	11.2099894	12.4828363
12.1918844	12.7506794	14.1984681
14.4685462	15.1316875	16.8498281
18.32728	19.1672794	21.3436456
23.8811281	24.97568	27.8115656
34.8023263	36.3974325	40.5302106
55.2947613	57.8291044	64.3953613
72.6651006	75.9955825	84.6245681
1844.53741034221	1847.89204974221	1856.58362654221
52.8341494	55.2557137	61.5297744
37.4453063	39.1615456	43.6081806
25.4887775	26.6570125	29.6838056
18.9237069	19.7910412	22.0382337
14.7261475	15.4010963	17.1498275
12.3915087	12.9594525	14.4309444
11.0619706	11.5689781	12.8825875
10.2259735	10.694665	11.9089987
9.71413688	10.1593681	11.3129225
9.55814406	9.99622531	11.131255
9.00188306	9.414469	10.4834444
8.99021513	9.40226644	10.4698556
9.3135435	9.74041406	10.8463981
9.99579844	10.4539387	11.6409406
11.2375894	11.7526456	13.08711
14.5037025	15.168455	16.8907713
19.0455381	19.9184575	22.1801175
31.3510331	32.787955	36.5108913
49.8108119	52.0938044	58.0088406
3556.85776889228	3561.26639899228	3572.68875299228
2901.3544031237	2905.2779544237	2915.4435306237
48.7924894	51.0288106	56.8229231
28.3455188	29.644685	33.0107181
17.9606725	18.7838706	20.9167013
13.7966719	14.4290175	16.0673725
11.2314806	11.7462569	13.0799962
9.86844556	10.3207498	11.4926287
9.26332619	9.687895	10.787915
9.73025512	10.1762243	11.3316937
10.2468983	10.7165476	11.9333681
11.2993328	11.8172163	13.1590137
14.0134594	14.6557419	16.3198406
20.0031506	20.91996	23.2953362
35.4128731	37.0359625	41.2412444
56.8826856	59.4898056	66.2446294
48.6078525	50.8357119	56.6078988
27.6185263	28.8843737	32.1640762
17.2179538	18.0071088	20.0517419
11.9342562	12.4812431	13.8984362
10.6159556	11.1025206	12.3631656
12.4990594	13.0719337	14.5561969
14.0659163	14.7106025	16.3809331
19.5168363	20.4113563	22.7289838
28.4167581	29.7191919	33.0936837
20.9305094	21.8898231	24.3753231
14.8946662	15.5773394	17.3460831
17.2635512	18.0547969	20.104845
