#?RADIANCE
genskyvec -m 1
NROWS=146
NCOLS=1
NCOMP=3
FORMAT=ascii

19.2166294	20.0973919	22.3793669
28.7388431	30.0560388	33.4687781
29.3591238	30.70475	34.1911487
29.66507	31.0247181	34.5474475
29.2864713	30.6287663	34.10654
27.1959475	28.4424288	31.67195
26.3543637	27.5622719	30.6918556
25.9651731	27.1552425	30.2386081
25.0286831	26.1758306	29.1479875
24.6968331	25.82877	28.7615194
28.5956375	29.9062706	33.3020044
29.064775	30.39691	33.8483556
33.0850688	34.6014669	38.5303225
36.3778281	38.0451431	42.3650156
39.4123006	41.2186988	45.8989125
43.2461125	45.2282244	50.363705
46.3011312	48.4232638	53.9215275
45.6089362	47.699345	53.1154094
44.3943912	46.4291325	51.7009706
40.0027469	41.8362056	46.586535
37.2788137	38.9874256	43.4142875
32.9461519	34.4561825	38.3685406
30.3419875	31.7326606	35.3357756
27.3920662	28.6475337	31.900345
26.8528431	28.083595	31.2723737
26.5737187	27.7916794	30.9473106
26.9321719	28.1665619	31.3647587
27.8022256	29.076495	32.3780106
27.1882775	28.4344062	31.6630163
27.8808806	29.1587537	32.4696119
28.0939544	29.3815925	32.7177525
17.9947469	18.8195044	20.9563831
16.60033	17.3611781	19.3324694
18.0498025	18.877085	21.0204994
17.2553538	18.0462231	20.0953
16.9395125	17.715905	19.7274744
16.085175	16.8224094	18.7325275
17.20943	17.9981938	20.0418162
17.9935963	18.8183031	20.9550437
18.6359875	19.4901356	21.7031613
18.6958712	19.552765	21.7729031
21.6263906	22.6175981	25.185735
24.9492119	26.0927162	29.0554375
29.9703081	31.343945	34.90292
35.5336813	37.1623063	41.3819338
40.3957506	42.2472206	47.0442206
44.7585519	46.8099844	52.125065
45.1422194	47.2112356	52.5718775
42.1903187	44.1240412	49.134145
36.1293606	37.7852881	42.0756537
30.527655	31.9268369	35.5519994
26.163745	27.3629156	30.4698613
22.7164806	23.7576531	26.4552356
19.2802556	20.1639337	22.4534663
18.6560281	19.5110963	21.7265025
17.8370994	18.6546319	20.7727888
17.6309662	18.4390519	20.5327294
16.6858519	17.4506181	19.4320631
17.178695	17.9660513	20.0060231
16.95415	17.7312144	19.74452
17.5162675	18.3190956	20.3991544
11.819055	12.3607619	13.7642762
11.3932894	11.9154781	13.2684337
11.4027144	11.9253375	13.2794119
12.0686419	12.62179	14.0549425
12.2330831	12.7937644	14.246445
12.8583662	13.4477063	14.9746388
13.994745	14.6361713	16.2980494
16.0971719	16.8349606	18.7464994
18.6082275	19.4611031	21.6708337
24.2078081	25.3173313	28.1920112
31.5197494	32.9644038	36.7073769
43.4126144	45.4023575	50.5576087
52.6990487	55.11442	61.3724375
52.8821706	55.3059344	61.5856962
41.9510256	43.8737794	48.8554656
31.4447394	32.8859544	36.6200187
22.8083575	23.85374	26.5622363
18.9480262	19.8164775	22.0665581
15.3776038	16.08241	17.9085006
13.4528019	14.0693881	15.6669113
12.6528906	13.2328144	14.7353469
12.1829875	12.7413756	14.188105
11.5518844	12.0813444	13.4531319
11.8673431	12.4112625	13.8205106
9.64050337	10.08236	11.2271712
9.69540181	10.1397745	11.2911044
9.7045845	10.1493774	11.3017975
9.97000737	10.4269656	11.6109056
10.6523163	11.1405456	12.4055081
11.25869	11.7747144	13.1116837
12.8955406	13.486585	15.0179313
15.4106319	16.11695	17.946965
19.6977612	20.6005744	22.939685
25.8683287	27.05396	30.1258275
37.9933244	39.7346838	44.246395
60.5274775	63.3016506	70.4892944
1617.9421893453	1621.5072268453	1630.7439243453
73.2988375	76.6583681	85.3626112
51.8127519	54.1875	60.3402687
36.7981831	38.484765	42.8545538
25.2857738	26.444705	29.4473912
18.9579313	19.8268363	22.0780931
14.8968319	15.5796038	17.3486012
12.6285319	13.20734	14.7069781
11.3399506	11.8596975	13.2063181
10.5363512	11.0192662	12.27046
10.0394383	10.4995794	11.6917631
9.89845619	10.3521359	11.5275787
9.33956162	9.76762462	10.8766981
9.35811331	9.78702669	10.8983044
9.73188988	10.1779352	11.3335981
10.4939575	10.97493	12.2210887
11.8661294	12.409995	13.8190988
15.479675	16.18916	18.0273731
20.5297437	21.4706894	23.9085987
34.2919062	35.8636188	39.9357863
54.9380337	57.456025	63.9799194
3873.94826885889	3878.75396785889	3891.20511985889
2262.90731230621	2266.78589480621	2276.83496610621
47.8463681	50.0393237	55.7210831
28.0965388	29.3842956	32.7207638
18.0613312	18.8891431	21.0339281
14.0116356	14.6538363	16.3177213
11.498295	12.0253006	13.3907237
10.1642701	10.6301325	11.8371387
9.58070856	10.0198243	11.1575337
10.1091747	10.5725106	11.7729769
10.7062499	11.1969544	12.4683213
11.8921731	12.4372313	13.8494275
14.8910594	15.5735669	17.3418837
21.4623356	22.446025	24.9946787
38.2687912	40.0227756	44.5671981
60.1951437	62.9540838	70.1022631
49.2043906	51.45959	57.3026156
27.7519119	29.0238737	32.3194163
17.485885	18.2873213	20.3637713
12.2403044	12.8013175	14.2548531
10.9674262	11.4701012	12.7724837
13.0007088	13.5965731	15.14041
14.7611406	15.4376919	17.1905788
20.6333131	21.5790075	24.029215
29.8606281	31.2292388	34.7751881
21.5800037	22.5690863	25.1317137
15.3603637	16.0643794	17.8884238
18.0137531	18.8393825	20.9785181
