#?RADIANCE
genskyvec -m 1
NROWS=146
NCOLS=1
NCOMP=3
FORMAT=ascii

25.8134444	26.9965619	30.0619094
36.5344744	38.20897	42.5474444
36.5751787	38.2515394	42.5948437
36.24786	37.9092181	42.2136531
34.6743669	36.2636094	40.3811913
30.6179775	32.0213006	35.6571894
29.3473719	30.6924562	34.1774606
28.8093769	30.1298056	33.5509212
28.3250344	29.6232644	32.9868638
28.2728456	29.5686819	32.9260844
34.8510438	36.4483819	40.5869456
35.6055056	37.2374231	41.46558
41.518835	43.4217794	48.3521456
44.9337063	46.993165	52.3290462
46.8249138	48.9710537	54.5315163
49.3341425	51.5952925	57.4537256
48.6844113	50.9157775	56.6970562
47.7358369	49.9237281	55.5923625
43.1726844	45.1514313	50.2781913
38.4061831	40.1664644	44.7272019
36.89193	38.5828087	42.9637287
31.9869	33.4529656	37.2514131
30.9118225	32.3286131	35.9993944
28.1785537	29.4700694	32.8162744
29.0161206	30.346025	33.7916912
31.1373531	32.5644819	36.262045
32.8674575	34.3738819	38.2768975
35.7258006	37.36323	41.6056725
34.8407394	36.437605	40.5749469
36.39823	38.0664831	42.3887744
36.2078506	37.8673731	42.1670606
20.113295	21.0351519	23.4236087
17.9043344	18.7249494	20.8510906
19.3798356	20.2680763	22.5694344
17.9738056	18.7976038	20.931995
17.4340931	18.2331563	20.3034544
16.6108538	17.3721825	19.3447219
18.1052681	18.9350925	21.085095
19.5667256	20.4635337	22.787085
21.2353113	22.2085944	24.73029
22.0917931	23.1043337	25.7277362
25.9655962	27.1556856	30.2391019
29.9246244	31.2961681	34.8497206
35.1464637	36.7573437	40.93099
39.8117831	41.6364912	46.3641412
42.09254	44.0217775	49.0202706
41.6524763	43.5615475	48.5077825
39.5659844	41.3794231	46.0778881
34.0221725	35.5815225	39.6216569
29.2213875	30.5607	34.0307419
25.0841225	26.2338094	29.2125506
22.3861425	23.4121731	26.0705287
20.2181656	21.1448319	23.5457406
17.5620275	18.3669531	20.4524469
17.8621406	18.6808213	20.8019513
17.8280344	18.6451519	20.7622325
18.3973756	19.2405856	21.4252769
17.9387438	18.760935	20.8911625
19.1270144	20.0036694	22.2750044
19.0065219	19.8776538	22.1346787
19.7241675	20.6281906	22.9704375
12.1463656	12.7030725	14.145455
11.5866731	12.1177269	13.4936456
11.5586338	12.0884025	13.4609925
12.3325713	12.8978144	14.3623087
12.8329044	13.4210794	14.9449875
14.08928	14.7350381	16.4081419
16.0688494	16.8053375	18.7135162
19.1567856	20.0348056	22.309675
22.514035	23.5459281	26.2194725
29.3682	30.7142413	34.2017181
38.2125337	39.96394	44.5016806
47.7739869	49.9636256	55.6367931
47.2968425	49.4646125	55.0811156
39.2941413	41.0951206	45.7613025
29.153015	30.489195	33.9511194
22.9888225	24.0424769	26.7724006
18.1585881	18.9908562	21.1471906
16.1238938	16.8629037	18.7776163
13.7388881	14.3685856	16.0000806
12.4031606	12.9716381	14.4445137
12.1797625	12.7380019	14.18435
12.1173475	12.6727256	14.1116625
11.6925525	12.2284619	13.6169519
12.2483994	12.8097831	14.2642831
9.64609519	10.0882072	11.2336813
9.79260606	10.2414336	11.4043075
9.97194937	10.4289969	11.6131675
10.4398094	10.9183006	12.1580281
11.5867387	12.1177969	13.4937231
12.6312344	13.2101637	14.7101231
15.0503444	15.7401525	17.5273806
18.41412	19.2581	21.4447775
24.2291412	25.3396431	28.216855
33.3942438	34.9248125	38.8903812
54.3537194	56.8449281	63.2994369
2292.23334237925	2296.50462357925	2307.57114187925
86.9014687	90.8844462	101.204008
50.1542469	52.4529813	58.4088025
31.9142694	33.3770038	37.1668281
23.6577912	24.7421056	27.55147
18.1460094	18.9777031	21.1325437
15.0342725	15.7233444	17.5086656
12.8088556	13.3959287	14.9169806
11.3940894	11.9163188	13.2693681
10.5769825	11.06176	12.3177794
10.1224729	10.5864187	11.7884625
9.81903444	10.2690731	11.4350844
9.81315625	10.2629257	11.42824
9.37041581	9.7998925	10.91263
9.63803287	10.0797755	11.2242931
10.3461049	10.8203019	12.0489019
11.5531469	12.0826644	13.4546019
13.4505931	14.0670756	15.6643375
18.0825531	18.9113344	21.05864
25.1861294	26.3404944	29.3313488
49.9833269	52.2742269	58.2097519
3433.15906844546	3437.57258614546	3449.00763214546
4966.97987694893	4972.31286294893	4986.13019194893
54.8800519	57.3953881	63.9123981
29.2578644	30.5988494	34.0732219
19.1214525	19.9978506	22.2685262
14.2647831	14.918585	16.61253
12.0971288	12.6515794	14.0881144
10.5726176	11.0571944	12.3126937
9.72450331	10.1702102	11.324995
9.403868	9.83487856	10.9515887
10.2073653	10.6752031	11.8873288
11.1558943	11.6672044	12.9919681
12.8534137	13.4425288	14.9688719
16.5861737	17.3463719	19.3159825
24.6053881	25.7331356	28.6550281
47.2195137	49.38374	54.9910606
59.004825	61.7092113	68.71604
35.2391412	36.8542688	41.03892
19.7394913	20.6442188	22.9882825
14.23211	14.8844156	16.5744794
11.2051456	11.7187156	13.0493262
10.5827158	11.0677575	12.3244562
12.6274356	13.2061925	14.7057019
14.7734725	15.4505894	17.2049425
20.6172075	21.5621631	24.0104581
27.7795656	29.052795	32.35162
18.0585269	18.8862081	21.0306594
13.7252775	14.3543506	15.9842294
16.677325	17.4417025	19.4221363
