#?RADIANCE
genskyvec -m 1
NROWS=146
NCOLS=1
NCOMP=3
FORMAT=ascii

0.395338431	0.413458106	0.460404569
5.8933195	6.16343006	6.86326219
6.09494156	6.37429306	7.09806781
6.51442706	6.813005	7.58659375
7.48302075	7.82599244	8.71460213
9.58046187	10.0195659	11.1572468
12.751655	13.3361063	14.8503662
17.3653969	18.1613125	20.2234544
26.7597919	27.986285	31.1640125
98.8189196558813	100.570737155881	105.109549655881
60.7961580313159	62.2816542313159	66.1304442313159
23.0335806	24.0892862	26.824525
14.6469669	15.3182881	17.0576156
10.5268089	11.0092881	12.2593477
8.39950656	8.78448375	9.781926
6.90993544	7.22664075	8.04719612
6.39337906	6.68640881	7.44562313
5.64276581	5.90139244	6.57147156
5.78638325	6.05159225	6.73872581
5.772738	6.03732162	6.72283487
5.76487081	6.02909394	6.71367288
6.16599631	6.44860406	7.18081687
5.98807519	6.26252856	6.97361313
6.16129581	6.44368856	7.17534281
6.28731081	6.57547906	7.32209781
5.93322031	6.20515938	6.90972969
6.08219669	6.36096375	7.08322531
5.78589187	6.0510785	6.7381535
5.92057425	6.19193381	6.89500256
5.653352	5.91246369	6.58379975
5.75871056	6.0226515	6.70649881
5.37721731	5.62367306	6.26221813
5.37397794	5.62028519	6.25844563
6.12824181	6.40911938	7.13684856
6.93428719	7.25210825	8.07555569
8.68910231	9.08735256	10.1191849
10.7656286	11.2590533	12.5374731
14.7329687	15.4082287	17.15777
20.9488613	21.9090156	24.3966944
46.4877501517507	47.7161808517507	50.8989314517507
20.47548	21.4139406	23.8454062
16.71295	17.4789613	19.4636244
12.3852054	12.95286	14.4236062
9.84292837	10.2940619	11.46291
7.67120069	8.02279706	8.93375263
6.4625965	6.75879869	7.52623281
5.69547069	5.95651275	6.63285081
5.6718715	5.931832	6.60536737
5.13300712	5.36826988	5.977815
5.12604	5.36098337	5.96970088
5.04640069	5.277694	5.87695444
5.18743913	5.42519662	6.0412055
5.39474769	5.64200675	6.28263362
5.23667112	5.47668519	6.09854006
5.57181694	5.82719188	6.48884556
5.65170675	5.91074325	6.58188406
5.6478835	5.90674462	6.57743131
5.34723331	5.59231475	6.22729913
5.3099815	5.55335525	6.18391588
5.15551319	5.39180731	6.00402519
5.23688044	5.47690394	6.09878381
3.8978225	4.0764725	4.53933931
3.92957894	4.1096845	4.57632231
4.39222306	4.59353319	5.11511006
5.68771375	5.94840031	6.62381662
7.30777738	7.64271681	8.51051587
9.82346925	10.2737111	11.4402483
12.1419557	12.6984615	14.1403181
12.6544586	13.2344546	14.7371723
9.69464437	10.1389829	11.2902212
7.63490687	7.98483981	8.89148512
6.00161744	6.27669131	6.98938388
4.88884506	5.11291719	5.69346788
4.22998581	4.42385987	4.926171
3.83595038	4.01176456	4.467284
3.79688369	3.97090744	4.42178769
3.83537125	4.011159	4.46660969
3.78621556	3.95975031	4.4093635
4.06061706	4.24672837	4.72892687
3.9650435	4.14677444	4.61762375
3.78473519	3.95820219	4.40763975
3.91970869	4.099362	4.56482763
3.89582788	4.0743865	4.53701637
3.66529569	3.83328825	4.26854256
3.79149306	3.96526975	4.41550981
2.89368413	3.02631125	3.36993644
3.08420769	3.22556712	3.591817
3.34858088	3.50205744	3.89970163
3.82990269	4.00543988	4.46024106
4.83134787	5.05278462	5.6265075
5.50529325	5.75761894	6.41137294
6.21295531	6.4977155	7.23550444
6.53217869	6.83156994	7.60726694
5.57712281	5.83274069	6.49502456
4.8415645	5.06346944	5.63840569
3.99741531	4.18062994	4.6553235
3.33843731	3.491449	3.88788875
3.13631356	3.28006125	3.65249875
2.97987206	3.11644931	3.47030931
2.90349462	3.03657138	3.38136163
2.80620613	2.934824	3.26806106
2.82007388	2.94932712	3.28421131
2.8665475	2.99793075	3.33833363
2.95349312	3.08886156	3.439589
2.93517244	3.06970119	3.41825306
2.93803938	3.0726995	3.42159188
2.93102094	3.0653595	3.41341844
2.8506245	2.98127813	3.31979
2.92493894	3.05899863	3.40633531
2.32449556	2.431035	2.70706894
2.50599819	2.62085637	2.91844369
2.72552163	2.85044137	3.17409731
3.25160094	3.4006325	3.78676044
3.70107631	3.87070894	4.310212
3.79635688	3.97035662	4.42117425
3.66533913	3.8333335	4.26859294
3.16611956	3.31123319	3.68721025
2.78602969	2.9137225	3.24456387
2.51450912	2.62975744	2.92835575
2.28582181	2.3905885	2.66203
2.29118138	2.39619375	2.66827194
2.29393419	2.39907269	2.67147769
2.27087969	2.37496169	2.64462894
2.22771819	2.32982181	2.59436356
2.23747112	2.34002175	2.60572163
2.27616687	2.380491	2.65078594
2.2769755	2.381337	2.65172794
2.02695469	2.11985662	2.36055769
2.11487288	2.21180425	2.46294581
2.44604469	2.55815512	2.84862319
2.71710425	2.84163813	3.16429456
2.54244712	2.65897594	2.96089175
2.265021	2.36883438	2.63780594
2.08854387	2.18426875	2.43228356
1.96198	2.051904	2.28488931
1.92889475	2.01730231	2.24635863
1.90312025	1.99034656	2.21634219
1.94265831	2.03169694	2.26238781
1.91084213	1.99842237	2.22533525
1.81675044	1.900018	2.11575725
1.91534369	2.00313013	2.2305775
1.95136888	2.0408065	2.27253169
1.87660956	1.96262075	2.18546838
1.74539069	1.82538769	2.03265294
1.75127487	1.8315415	2.03950562
1.77405556	1.85536625	2.06603544
