#?RADIANCE
genskyvec -m 1
NROWS=146
NCOLS=1
NCOMP=3
FORMAT=ascii

0.483127231	0.505270538	0.562641925
7.98561269	8.35161944	9.29991194
7.54865594	7.89463587	8.7910395
7.46090756	7.80286531	8.688849
7.62178131	7.97111275	8.87620006
8.13680781	8.50974462	9.47599031
8.17666731	8.551431	9.52241088
8.29209444	8.67214856	9.65683612
8.31368775	8.6947315	9.68198181
8.72160019	9.12133988	10.1570314
7.85657481	8.21666794	9.14963675
8.23656994	8.61407912	9.59217212
7.65446106	8.00529031	8.91425831
7.5144855	7.85889937	8.75124525
7.61132475	7.96017694	8.86402256
7.71391988	8.06747437	8.98350313
8.80818294	9.21189125	10.2578641
9.15673438	9.57641694	10.6637806
11.8945024	12.4396669	13.8521412
16.3847213	17.1356875	19.0813731
21.7503762	22.7472675	25.3301262
34.6976619	36.2879694	40.4083225
102.80064474458	105.03583974458	110.82704034458
153.140631984701	155.771646384701	162.588373884701
39.8935669	41.7220225	46.4593869
23.959955	25.0581194	27.9033662
17.0423644	17.8234731	19.8472544
12.5442994	13.1192445	14.6088816
10.5766753	11.0614395	12.3174216
8.92621813	9.33533662	10.3953247
8.27807981	8.65749156	9.64051456
7.64761063	7.998126	8.90628025
7.18525981	7.51458394	8.36783412
7.48407319	7.82709306	8.71582744
7.53336075	7.87863963	8.77322694
7.67118288	8.02277838	8.93373187
7.60200763	7.95043281	8.85317169
7.98337694	8.3492815	9.29730856
8.15911269	8.53307175	9.50196644
8.00243325	8.36921112	9.31950025
7.352125	7.68909719	8.56216269
7.39342212	7.73228725	8.610257
7.26914725	7.60231631	8.46552806
7.48136481	7.8242605	8.712673
7.42365106	7.76390162	8.64546069
7.6277265	7.97733044	8.88312369
8.3273315	8.70900056	9.69787269
9.77967969	10.2279162	11.389254
11.258025	11.7740171	13.1109094
14.7328294	15.4080819	17.1576063
18.9674881	19.8368312	22.0892213
26.335985	27.5430494	30.6704494
37.1458506	38.8483669	43.2594419
72.5006376376841	74.1743244376841	78.5107057376841
31.6745963	33.1263469	36.8877094
22.9123894	23.9625394	26.6833881
17.2969519	18.0897294	20.1437438
12.4801306	13.0521363	14.5341544
10.159519	10.6251633	11.8316067
8.65177731	9.0483165	10.0757161
8.02636475	8.39423956	9.34737112
5.50822119	5.76068125	6.41478294
5.16977	5.40671763	6.02062831
5.1633705	5.40002462	6.01317531
5.60795644	5.86498769	6.53093319
5.68391156	5.94442394	6.61938888
5.78028425	6.04521388	6.73162306
5.75742462	6.02130619	6.70500112
5.736683	5.99961412	6.68084569
5.32764731	5.57183113	6.20448956
5.42967163	5.67853131	6.32330531
5.39785831	5.64526	6.28625631
5.75741506	6.02129637	6.70499
6.23726056	6.5231345	7.26380994
7.04072262	7.36342225	8.19950881
9.11366375	9.53137187	10.6136204
12.2259322	12.7862874	14.2381169
15.9842775	16.7168906	18.6150256
21.2460025	22.2197769	24.7427412
18.5506563	19.4008944	21.6037869
13.4525869	14.0691625	15.6666606
10.8032058	11.2983531	12.5812348
8.513933	8.90415487	9.91518444
6.49953831	6.79743363	7.56925456
5.97459844	6.24843394	6.95791813
3.89873788	4.07742987	4.54040544
3.84106306	4.01711162	4.47323812
3.69910812	3.86865038	4.30791987
3.80668494	3.98115781	4.43320213
3.97665475	4.15891806	4.63114606
3.95306419	4.13424606	4.60367281
3.88435625	4.06238919	4.52365688
3.94666625	4.12755494	4.596222
3.80784313	3.98236925	4.434551
3.85108994	4.02759806	4.48491544
3.85103469	4.02754044	4.48485094
3.86590875	4.04309594	4.50217306
4.24331575	4.43780094	4.94169494
5.05428019	5.28593481	5.886131
6.06894338	6.34710306	7.06779056
6.8633295	7.17789875	7.99291994
8.33055887	8.71237525	9.70163081
9.38997413	9.82034862	10.9354084
9.67137794	10.1146499	11.2631283
8.30776263	8.68853438	9.6750835
6.93757475	7.25554669	8.07938437
5.6566265	5.91588831	6.58761331
4.73082225	4.94765125	5.509437
4.40900469	4.61108394	5.13465369
2.90724875	3.04049756	3.38573356
2.81244394	2.94134737	3.27532544
2.71617837	2.84066988	3.16321612
2.83483381	2.96476362	3.30140038
2.85969962	2.99076931	3.33035881
2.78944881	2.91729837	3.24854563
2.82098137	2.95027619	3.28526819
2.87641063	3.00824606	3.34982
2.93163687	3.06600337	3.4141355
3.23027706	3.37833131	3.76192687
3.38544112	3.54060694	3.94262831
4.21583381	4.40905938	4.90969
4.9683385	5.19605375	5.78604431
5.15609781	5.39241887	6.00470575
4.65421906	4.86753719	5.42022612
4.078749	4.26569156	4.75004337
3.63541013	3.80203294	4.23373825
3.172495	3.31790087	3.69463494
2.30323287	2.40879775	2.68230656
2.11346787	2.21033531	2.46130969
2.16409413	2.26328169	2.52026812
2.22025231	2.32201356	2.58566887
2.15854775	2.25748131	2.51380912
2.21928531	2.32100256	2.58454294
2.43167687	2.54312863	2.83189063
2.64770769	2.76906075	3.08347612
3.07539994	3.21635575	3.58155975
3.05050281	3.19031731	3.55256469
2.90351787	3.0365955	3.38138875
2.41703744	2.52781825	2.81484181
1.91112206	1.99871481	2.22566081
1.80622581	1.88901094	2.10350044
1.82377325	1.90736281	2.12393606
1.96139656	2.05129394	2.28421006
2.05493838	2.14912287	2.39314713
2.09780938	2.19395881	2.44307406
1.80795369	1.89081819	2.10551288
