#?RADIANCE
genskyvec -m 1
NROWS=146
NCOLS=1
NCOMP=3
FORMAT=ascii

1.1795915	1.23365612	1.37373256
11.0469096	11.5532246	12.8650481
10.5779318	11.0627512	12.3188818
10.486562	10.9671969	12.2124762
10.6920567	11.1821098	12.4517923
11.2540775	11.7698873	13.1063112
11.2364846	11.7514894	13.0858231
11.3869991	11.9089023	13.2611109
11.3119352	11.8303984	13.1736929
11.7809544	12.3209138	13.7199044
10.8810479	11.3797609	12.6718858
11.3031511	11.8212116	13.1634623
10.6747539	11.1640139	12.4316406
10.5352248	11.0180886	12.2691489
10.6648259	11.1536302	12.4200789
10.9044494	11.4042363	12.6991404
12.3904644	12.9583606	14.4297294
13.0450632	13.6429606	15.1920638
16.8399225	17.6117513	19.6114944
23.4469688	24.5216194	27.30595
31.6956344	33.1483494	36.9122094
51.6926206	54.0618644	60.2003681
319.724330848349	323.060737748349	331.705059048349
293.034513784836	296.525462584836	305.570207584836
49.0008525	51.2467256	57.0655794
29.5664619	30.9215919	34.4326106
21.4037512	22.3847575	24.926455
16.1193638	16.8581675	18.7723438
13.8814975	14.5177306	16.16616
11.9896036	12.5391292	13.9628954
11.3055509	11.8237213	13.1662544
10.0532414	10.5140152	11.7078394
9.44728794	9.88028863	11.0021561
9.91482719	10.3692579	11.5466451
9.91492262	10.3693554	11.5467533
10.0444292	10.5047991	11.6975759
9.87390831	10.3264616	11.4989888
10.3865357	10.8625867	12.0959869
10.6011254	11.0870098	12.3458944
10.37474	10.8502486	12.0822494
9.48110412	9.91565444	11.0415364
9.60680794	10.0471202	11.1879301
9.50331119	9.93887994	11.0673989
9.8833625	10.3363493	11.5099993
9.887777	10.3409656	11.5151399
10.1798424	10.6464181	11.8552762
11.1611143	11.6726669	12.9980488
13.2406494	13.8475119	15.4198412
15.3729806	16.0775744	17.9031194
20.52484	21.4655613	23.9028881
27.1581287	28.4028763	31.627905
39.2400319	41.0385356	45.6982906
233.827314606143	236.475895906143	243.338129006143
52.5062512	54.9127856	61.1479094
40.5978975	42.4586325	47.2796363
28.2693213	29.5649969	32.9219813
21.1899494	22.1611519	24.6774631
15.4239831	16.1309144	17.9625137
12.7844081	13.3703594	14.8885106
11.0715889	11.5790371	12.89379
10.4197273	10.8972973	12.1346413
7.32259919	7.65821825	8.52777756
6.93523162	7.25309612	8.07665575
6.920153	7.23732638	8.05909525
7.41643362	7.75635319	8.63705563
7.47714987	7.81985206	8.70776444
7.563381	7.91003594	8.808188
7.52891388	7.87398906	8.76804825
7.51061794	7.85485425	8.74674075
7.06367875	7.38743069	8.22624306
7.22651231	7.55772737	8.41587644
7.24489187	7.57694912	8.43728081
7.77556331	8.13194306	9.05529225
8.51140756	8.90151338	9.91224362
9.75806988	10.2053151	11.3640868
12.8457949	13.4345581	14.9599975
17.7363056	18.5492163	20.6554037
24.1522031	25.2591775	28.1272556
32.1217862	33.594035	37.4085006
25.9915894	27.1828694	30.2693725
17.98577	18.8101169	20.9459294
13.8923469	14.5290794	16.1787969
10.8942502	11.3935708	12.6872625
8.49653656	8.88596069	9.89492556
7.85819112	8.21835806	9.15151844
5.59423206	5.85063419	6.51494969
5.50099156	5.75312	6.40636319
5.33492775	5.579445	6.21296831
5.43815262	5.68740131	6.33318237
5.60795169	5.86498275	6.53092731
5.57739756	5.833028	6.49534444
5.50045969	5.75256387	6.40574388
5.56837844	5.82359575	6.484841
5.4381935	5.687444	6.33323
5.51110275	5.76369475	6.41813862
5.57682694	5.83243137	6.49468019
5.71203394	5.97383525	6.65213975
6.25809331	6.54492238	7.28807156
7.4850855	7.82815181	8.71700606
9.12199944	9.54009025	10.6233286
10.5887563	11.0740751	12.3314898
13.0650744	13.66389	15.2153681
14.6384169	15.3093438	17.0476575
14.4872344	15.1512319	16.8715925
12.0065085	12.5568048	13.9825794
9.75973506	10.2070559	11.3660245
7.87661356	8.23762487	9.17297344
6.66423506	6.96967919	7.76105744
6.19690713	6.48093194	7.216815
4.62576725	4.83778144	5.38709181
4.462683	4.6672225	5.19716656
4.3406165	4.53956125	5.05500975
4.44550769	4.64926025	5.1771645
4.46732656	4.672079	5.2025745
4.40116813	4.60288831	5.12552725
4.448789	4.65269162	5.18098588
4.5639625	4.77314406	5.31511494
4.712327	4.92830825	5.48789763
5.21918875	5.45840156	6.07818063
5.6368685	5.89522494	6.56460363
6.98954969	7.30990387	8.1399135
8.28905863	8.66897338	9.65329931
8.56462744	8.957172	9.97422306
7.63680438	7.98682431	8.89369506
6.53378238	6.83324725	7.60913444
5.70622519	5.96776044	6.64537525
5.00758825	5.23710256	5.83175406
4.04690925	4.2323925	4.71296325
3.79417987	3.96807975	4.41863881
3.80778412	3.98230744	4.434482
3.85916937	4.03604769	4.4943245
3.83207594	4.00771269	4.46277231
3.99224925	4.17522738	4.64930712
4.37842925	4.57910713	5.09904594
4.83758331	5.05930575	5.63376919
5.60917462	5.86626162	6.53235169
5.54274819	5.79679081	6.45499269
5.10883225	5.34298688	5.94966106
4.32622938	4.52451463	5.03825494
3.72288662	3.89351863	4.33561175
3.54545781	3.70795781	4.12898113
3.585526	3.74986256	4.175644
3.84176469	4.01784544	4.47405544
4.09166787	4.27920238	4.76508831
4.10346838	4.29154388	4.77883106
3.65620213	3.82377788	4.25795219
