#?RADIANCE
genskyvec -m 1
NROWS=146
NCOLS=1
NCOMP=3
FORMAT=ascii

5.90653194	6.17724794	6.87864881
19.0187137	19.8904038	22.1488769
18.6048606	19.4575831	21.6669125
18.5461656	19.396195	21.5985556
18.7145737	19.572325	21.7946825
18.9627937	19.8319213	22.0837531
18.742545	19.6015781	21.8272575
18.8973019	19.7634263	22.0074831
18.5197106	19.36853	21.5677475
18.9013969	19.7677094	22.0122519
18.7275437	19.5858906	21.8097862
18.9810856	19.8510513	22.1050569
18.8304412	19.6935031	21.9296225
18.9134112	19.7802763	22.0262456
19.2434269	20.1254163	22.4105744
20.3271519	21.2588125	23.6726619
23.2662538	24.332625	27.0954944
25.8781181	27.0641969	30.1372256
34.5047125	36.0861763	40.1836144
51.9049056	54.2838794	60.4475906
70.5737938	73.808425	82.1890656
106.318671	111.191593	123.81695
101.298029	105.940856	117.969994
86.4537513	90.4162125	100.682603
58.7261738	61.4177894	68.3915275
37.8040081	39.53669	44.0259187
29.232365	30.57218	34.0435269
23.7971194	24.88782	27.7137294
21.5075594	22.4933219	25.047345
19.6789019	20.5808519	22.9177231
19.0901375	19.9651025	22.2320594
15.7559781	16.4781275	18.3491519
14.8212062	15.5005119	17.2605319
15.6010575	16.316105	18.16873
15.3710581	16.0755631	17.9008781
15.3667281	16.0710363	17.8958369
14.91492	15.5985212	17.3696694
15.6500819	16.3673762	18.2258244
15.9428688	16.6735831	18.5668
15.6516012	16.3689656	18.2275956
14.3934256	15.0531231	16.7623431
14.83833	15.5184194	17.2804725
14.9532194	15.638575	17.41427
15.9074925	16.6365837	18.5255994
16.3520794	17.1015475	19.04336
17.2362569	18.0262519	20.0730587
19.7735269	20.6798131	23.0279206
24.7136281	25.8463356	28.78108
32.009945	33.4770663	37.2782494
48.9182112	51.1602931	56.9693356
75.2895213	78.7402894	87.6809325
1215.13740238595	1220.71905238595	1235.18053938595
1627.18349833062	1633.67354733062	1650.48871633062
89.4871837	93.5886831	104.215294
55.7847794	58.3415788	64.9660256
37.2652256	38.9732106	43.3984619
27.9380119	29.2185038	32.5361444
21.1490663	22.1183969	24.62985
18.3374331	19.1778994	21.3554706
16.5346694	17.2925088	19.2560006
16.0026056	16.7360587	18.6363681
11.7727087	12.3122925	13.7103031
11.269755	11.786285	13.1245681
11.1808956	11.6933538	13.021085
11.6927425	12.2286587	13.6171738
11.6606044	12.1950494	13.5797475
11.70589	12.2424106	13.632485
11.6838088	12.2193156	13.6067688
11.7630212	12.3021575	13.6990181
11.3673013	11.8883012	13.2381687
11.8526069	12.39585	13.8033469
12.2202281	12.7803219	14.231475
13.6756569	14.3024569	15.9264444
16.0819781	16.8190669	18.7288037
20.6981231	21.6467881	24.1046919
32.11881	33.59092	37.4050319
54.3823981	56.8749238	63.3328388
93.0671744	97.3327556	108.384497
999.270410012941	1004.06266701294	1016.47896801294
52.1299294	54.5192156	60.70965
30.9028462	32.319225	35.9889406
21.2127475	22.1849975	24.7040138
16.3232381	17.0713875	19.0097738
13.2154706	13.8211794	15.390515
12.3989012	12.9671825	14.4395531
9.77103225	10.2188714	11.3791813
9.58341988	10.0226594	11.1606919
9.32047512	9.74766287	10.8544712
9.37882988	9.80869281	10.92243
9.50697725	9.94271337	11.0716681
9.45515081	9.888512	11.0113131
9.39680556	9.827492	10.9433631
9.54898931	9.98665138	11.120595
9.563368	10.0016886	11.1373406
9.85957594	10.3114719	11.4822987
10.3453343	10.8194944	12.0480044
11.24637	11.7618275	13.0973344
12.9097088	13.5014044	15.0344331
17.3046544	18.0977831	20.1527131
24.4391094	25.5592338	28.4613794
32.623945	34.1192087	37.993305
44.8538106	46.9096069	52.2360013
46.3600825	48.4849194	53.9901844
35.66183	37.2963281	41.5311744
24.3162231	25.4307156	28.31827
17.5644913	18.3695312	20.4553162
13.4397206	14.0557069	15.6516756
11.4089594	11.93187	13.286685
10.5792963	11.0641787	12.3204731
8.8646085	9.27090294	10.3235773
8.49608481	8.88548838	9.89439894
8.27730244	8.6566785	9.63960912
8.32383094	8.70533987	9.69379525
8.34616525	8.72869719	9.71980537
8.36777325	8.75129612	9.74496956
8.56824213	8.96095294	9.97843231
9.09630881	9.51322256	10.59341
9.83147738	10.2820853	11.4495756
11.7547963	12.2935581	13.6894406
14.0984888	14.74467	16.4188663
19.8336019	20.7426412	23.0978844
25.4222056	26.58739	29.6062775
23.9024394	24.9979687	27.8363837
18.438825	19.2839375	21.4735494
13.7508	14.3810437	16.0139513
11.1048927	11.613865	12.9325737
9.59428606	10.0340239	11.1733469
8.38505625	8.76937119	9.76509725
7.92458419	8.28779425	9.22883931
7.81792256	8.17624387	9.10462275
7.89975444	8.26182625	9.19992294
8.109359	8.48103769	9.44402463
8.90275325	9.31079581	10.3679988
10.4301028	10.9081491	12.1467244
12.4957806	13.0685019	14.5523787
15.4439138	16.1517612	17.9857269
14.19713	14.8478313	16.5337412
11.4695	11.995185	13.3571894
9.3056355	9.73214406	10.8371875
8.41402531	8.799668	9.79883419
7.97323825	8.33867788	9.28550069
8.21885156	8.59554875	9.57153831
9.21855888	9.64107537	10.7357812
10.1821774	10.6488612	11.857995
9.7750205	10.2230426	11.3838275
8.64648475	9.04278194	10.0695524
