#?RADIANCE
genskyvec -m 1
NROWS=146
NCOLS=1
NCOMP=3
FORMAT=ascii

6.79777937	7.10934419	7.91658125
19.7498869	20.6550906	23.0003919
19.3395138	20.2259075	22.5224762
19.2680387	20.1511569	22.4392381
19.4299081	20.3204462	22.6277494
19.6787263	20.5806656	22.9175181
19.4466475	20.33795	22.6472419
19.6009425	20.4993169	22.8269306
19.2289637	20.1102894	22.3937325
19.6220856	20.5214319	22.851555
19.4266037	20.31699	22.6239019
19.7265412	20.630675	22.9732037
19.5910231	20.4889425	22.8153794
19.7430031	20.6478906	22.9923719
20.1801625	21.1050863	23.5014825
21.4006569	22.38152	24.9228494
24.6870025	25.81849	28.7500712
27.4853269	28.7450688	32.0089531
36.9334638	38.626245	43.0120969
55.2629944	57.7958819	64.358365
72.7600237	76.0948537	84.7351206
104.38456	109.168849	121.564519
95.0407031	99.3967381	110.682841
80.8775463	84.5844331	94.1886506
56.0833706	58.6538569	65.3137631
37.0714713	38.7705781	43.1728181
29.2752031	30.6169825	34.0934162
24.1988531	25.3079656	28.1815825
22.1095237	23.1228738	25.7483831
20.3533356	21.286195	23.7031575
19.8104469	20.718425	23.0709181
16.4975363	17.2536737	19.2127581
15.5435494	16.2559631	18.10176
16.3337612	17.08239	19.0220269
16.0945825	16.8322519	18.7434837
16.0792431	16.8162081	18.72562
15.6117625	16.3273013	18.1811987
16.35765	17.1073756	19.0498469
16.6570475	17.4204937	19.39852
16.3682137	17.1184219	19.0621494
15.1001237	15.7922113	17.5853525
15.5798637	16.2939394	18.1440519
15.7389887	16.4603569	18.3293637
16.7815906	17.5507481	19.5435625
17.3484513	18.1435875	20.2037175
18.4276125	19.2722106	21.46049
21.3884338	22.3687363	24.9086144
26.9045619	28.1376875	31.3326063
35.4111144	37.0341237	41.2391962
54.45353	56.9493156	63.4156762
83.7552338	87.5940156	97.539955
1370.6139405965	1376.5601655965	1391.9663405965
1405.15384541195	1411.30042741195	1427.22568941195
86.3262919	90.2829113	100.534176
54.6728837	57.1787225	63.6711325
37.2272181	38.9334663	43.3542
28.3211219	29.6191712	32.9823069
21.7746906	22.7726963	25.3584419
19.035145	19.9075894	22.1680131
17.2572375	18.0481937	20.0974944
16.7401063	17.5073631	19.4952512
12.3970762	12.9652775	14.4374306
11.8723738	12.4165237	13.8263694
11.773625	12.3132481	13.7113675
12.2974531	12.8610856	14.3214087
12.2584712	12.8203194	14.2760131
12.3045062	12.8684638	14.329625
12.28729	12.8504563	14.3095725
12.3856925	12.9533706	14.4241725
12.0021062	12.5522019	13.9774525
12.5628112	13.1386069	14.6304406
13.0319806	13.6292781	15.1768288
14.7584425	15.43487	17.1874362
17.6557775	18.4649969	20.5616237
23.2159394	24.2800025	27.0368975
36.80313	38.4899394	42.8603137
63.4635187	66.3722625	73.9085594
1384.2562409758	1389.3390219758	1402.5080609758
109.522174	114.541937	127.547688
53.4035481	55.8512075	62.1928831
31.9164394	33.3792756	37.1693562
21.9704181	22.9773938	25.5863831
17.0249687	17.8052787	19.8269944
13.8766706	14.5126856	16.16054
13.0409638	13.6386744	15.1872906
10.3210205	10.7940669	12.0196906
10.1172745	10.5809835	11.7824106
9.83560125	10.2863998	11.4543775
9.89137875	10.3447328	11.5193356
10.0211549	10.4804572	11.6704694
9.968104	10.4249749	11.6086875
9.91675575	10.3712742	11.5488881
10.0933047	10.5559151	11.754495
10.1440796	10.6090151	11.8136256
10.5047904	10.9862619	12.2337056
11.1159181	11.6253975	12.9454138
12.2487225	12.8101225	14.2646594
14.25156	14.9047569	16.5971306
19.5855706	20.48324	22.8090281
28.321195	29.6192506	32.982395
38.44898	40.2112244	44.777045
53.04257	55.4736869	61.7724975
52.7253869	55.1419675	61.4031106
38.5799063	40.3481512	44.9295175
25.80438	26.9870794	30.0513531
18.5345831	19.3840831	21.5850669
14.1787337	14.8285913	16.512315
12.0486812	12.6009106	14.0316925
11.1702212	11.6821894	13.0086525
9.3990445	9.82983331	10.9459712
8.99296563	9.40514288	10.4730587
8.755578	9.15687487	10.1966004
8.79854788	9.20181444	10.246643
8.82706781	9.23164163	10.2798554
8.87514894	9.28192625	10.3358499
9.12221744	9.54031869	10.6235819
9.77492113	10.2229396	11.3837112
10.6869856	11.1768037	12.4458875
13.0403281	13.6380094	15.1865513
15.942635	16.6733394	18.5665269
22.9362181	23.9874619	26.7111394
29.5212131	30.8742669	34.3799131
26.8831756	28.11532	31.3076988
20.19187	21.1173294	23.5151162
14.7915875	15.4695344	17.2260381
11.8336244	12.3759969	13.7812394
10.191672	10.6587894	11.8690531
8.92733431	9.33650337	10.3966256
8.42568287	8.81186006	9.81241087
8.30163088	8.68212238	9.66794156
8.40182875	8.78691213	9.78463031
8.6798995	9.07772812	10.1084664
9.66111444	10.1039162	11.2511737
11.5259931	12.0542681	13.4229819
14.0295469	14.6725675	16.3385775
17.4700606	18.2707713	20.3453425
15.7403675	16.4618031	18.3309719
12.4148512	12.9838675	14.45813
9.97611631	10.4333539	11.6180194
9.03786456	9.4520995	10.5253471
8.54694294	8.93867787	9.95362725
8.86111544	9.26724969	10.3195079
10.0739682	10.5356914	11.7319769
11.1832088	11.6957719	13.0237787
10.629935	11.1171369	12.379445
9.36279719	9.79192525	10.9037581
