#?RADIANCE
genskyvec -m 1
NROWS=146
NCOLS=1
NCOMP=3
FORMAT=ascii

1.16398144	1.21733056	1.35555344
11.8878759	12.4327369	13.8444219
12.0015043	12.5515736	13.9767537
12.3812078	12.9486802	14.41895
13.5473006	14.1682194	15.7769619
16.5297463	17.2873581	19.2502681
21.5490863	22.5367506	25.0957069
29.8610431	31.2296737	34.7756738
50.4351019	52.7467106	58.7358825
339.732298612022	343.611325512022	353.661532412022
387.822932360488	391.540954860488	401.174018560488
57.4048413	60.0358937	66.852725
32.1353212	33.6081881	37.4242588
21.6120406	22.6025919	25.1690238
16.7929281	17.562605	19.5567662
13.8014831	14.43405	16.0729769
12.9486338	13.5421144	15.0797656
11.5660927	12.0962054	13.4696802
11.8492289	12.392319	13.7994169
11.6362911	12.1696213	13.5514312
11.3791564	11.9007008	13.2519773
11.8170575	12.3586725	13.7619494
11.2270701	11.7416444	13.0748607
11.3502431	11.8704618	13.2183047
11.4522344	11.9771288	13.3370812
10.8448518	11.3419085	12.6297356
11.2629463	11.7791646	13.11664
10.9476964	11.4494657	12.7495044
11.4921243	12.0188452	13.3835369
11.2189747	11.7331764	13.0654297
11.6033514	12.1351695	13.51307
10.7903084	11.2848643	12.566215
10.5879785	11.0732609	12.3305856
11.6976224	12.2337625	13.6228556
12.6885406	13.2700975	14.7768631
15.3605756	16.0646006	17.88867
19.1987125	20.0786525	22.3585025
27.2057244	28.4526513	31.6833337
43.072255	45.0464006	50.1612356
71.5760287	74.8565931	83.3562575
292.119496122217	294.865505522217	301.980173022217
44.3087844	46.3396013	51.6012744
28.9940125	30.322905	33.7659462
21.0160313	21.979265	24.4749225
15.6176975	16.3335088	18.1881125
13.0173969	13.6140287	15.159845
11.5473969	12.0766512	13.4479069
11.5813526	12.1121648	13.4874525
10.4738347	10.9538855	12.1976537
10.3295187	10.8029554	12.0295875
9.97842	10.4357634	11.6207012
10.0216843	10.4810118	11.6710869
10.1705384	10.6366871	11.8444394
9.70796619	10.1529146	11.3057362
10.2207673	10.6892193	11.9029375
10.384841	10.8608137	12.0940144
10.4848513	10.9654068	12.2104831
10.1471969	10.6122778	11.8172594
10.3177717	10.7906693	12.015905
10.2284157	10.6972173	11.9118425
10.5169656	10.9989928	12.2478837
7.74635731	8.10139837	9.02127931
7.67875463	8.0306975	8.94254994
8.295412	8.67561806	9.66069913
10.3733833	10.8488291	12.08067
13.4837469	14.1017512	15.7029469
19.7278231	20.6320138	22.9746931
28.19267	29.4848319	32.8327156
33.2932969	34.8192388	38.77282
24.1148075	25.22007	28.0837056
17.155945	17.9422569	19.9795275
12.5633245	13.1391437	14.6310394
9.88559856	10.3386894	11.5126052
8.55019619	8.94208012	9.95741681
7.7828925	8.13960831	9.06382756
7.66468569	8.0159835	8.92616538
7.61011181	7.95890838	8.86260956
7.313359	7.64855437	8.51701663
7.68139162	8.033455	8.94562106
7.39111506	7.72987425	8.60756994
7.06201031	7.38568556	8.22430006
7.38154612	7.71986675	8.596426
7.47187581	7.81433637	8.70162263
7.20114431	7.53119637	8.38633294
7.55596494	7.90227975	8.79955119
5.69313219	5.95406706	6.63012731
5.98073106	6.25484781	6.96506
6.32239344	6.61216956	7.36295419
7.13203	7.45891456	8.30584388
9.10245719	9.51965363	10.6005699
10.8061356	11.3014169	12.5846449
13.3466756	13.9583981	15.5433175
14.8612019	15.5423394	17.3071106
12.4268187	12.99638	14.4720681
10.3197966	10.7927875	12.018265
8.16141187	8.53547644	9.50464475
6.68389675	6.99024181	7.78395506
6.27608806	6.563742	7.309028
5.98491963	6.25922825	6.96993781
5.80984056	6.07612494	6.76604381
5.55224794	5.80672581	6.46605575
5.48467856	5.7360595	6.38736544
5.48896644	5.74054388	6.39235925
5.58638844	5.84243094	6.50581519
5.54551369	5.79968287	6.458213
5.58978781	5.84598637	6.50977419
5.66308869	5.92264675	6.59513906
5.58519613	5.84118412	6.50442669
5.78158431	6.04657356	6.73313706
4.521307	4.72853331	5.265439
4.79955806	5.01953762	5.58948556
5.14003456	5.37561944	5.98599894
6.15041513	6.43230888	7.16267106
7.23808444	7.56982994	8.42935319
7.74890306	8.10406069	9.02424369
7.54897894	7.89497375	8.79141569
6.36905088	6.66096556	7.41729119
5.52583469	5.77910181	6.43529519
4.97712775	5.20524594	5.79628025
4.51675081	4.72376838	5.26013294
4.515973	4.72295494	5.25922731
4.47121125	4.67614175	5.20709863
4.36410244	4.56412375	5.08236119
4.26459131	4.4600515	4.966472
4.30031006	4.49740744	5.00806975
4.41441512	4.61674244	5.14095469
4.4473105	4.6511455	5.17926406
3.90202887	4.08087169	4.54423794
4.02109425	4.20539419	4.68289956
4.63932587	4.8519615	5.40288194
5.26559287	5.50693225	6.13222181
4.96093494	5.188311	5.7774225
4.411398	4.61358694	5.13744088
4.07386138	4.26057987	4.74435113
3.82735319	4.00277331	4.45727187
3.74336337	3.914934	4.35945881
3.66706231	3.83513575	4.27059969
3.74458781	3.91621463	4.36088469
3.69166712	3.86086862	4.29925438
3.473378	3.63257425	4.04503819
3.64361975	3.81061875	4.24329894
3.732331	3.90339606	4.3466105
3.61309394	3.77869394	4.20774925
3.35752506	3.5114115	3.910118
3.36515294	3.51938887	3.91900119
3.39156144	3.54700787	3.94975594
