#?RADIANCE
genskyvec -m 1
NROWS=146
NCOLS=1
NCOMP=3
FORMAT=ascii

0.512768488	0.536270331	0.59716165
2.027974	2.12092294	2.361745
1.87465475	1.96057644	2.18319181
1.81504662	1.89823619	2.11377313
1.79727819	1.87965331	2.09308019
1.86860262	1.95424694	2.17614375
1.85018175	1.93498175	2.15469113
1.84166294	1.9260725	2.14477006
1.85838125	1.94355713	2.16424013
1.954557	2.04414081	2.27624469
1.78495125	1.86676169	2.07872462
1.90665006	1.994038	2.22045288
1.82719331	1.91093956	2.12791906
1.84531087	1.92988756	2.14901838
1.91079019	1.99836794	2.22527444
1.93741462	2.02621269	2.25628106
2.14526306	2.24358781	2.49833794
2.12387925	2.22122369	2.47343462
2.48673187	2.60070694	2.89600656
2.84335056	2.97367062	3.31131894
3.06007762	3.20033119	3.56371556
3.69377062	3.86306838	4.30170406
3.94331281	4.12404806	4.59231663
4.32522525	4.52346469	5.03708544
4.01839769	4.20257394	4.67975919
3.30894113	3.46060069	3.85353769
2.97804075	3.11453412	3.46817681
2.59524569	2.71419437	3.02238
2.45756775	2.57020619	2.86204262
2.21543988	2.31698094	2.58006444
2.11078106	2.20752525	2.45818069
2.29143969	2.39646381	2.66857256
2.23473419	2.33715956	2.6025345
2.16079644	2.25983288	2.51642775
2.14594444	2.24430013	2.49913119
2.13776494	2.235746	2.4896055
2.14968919	2.24821669	2.5034925
2.12933194	2.22692631	2.47978462
2.12014725	2.21732044	2.469088
2.12856875	2.226128	2.47889562
2.16206325	2.26115756	2.51790287
2.15272169	2.25138806	2.50702394
2.16242619	2.26153731	2.51832556
2.16986875	2.26932094	2.52699306
2.22936938	2.33154862	2.5962865
2.31671919	2.42290213	2.69801294
2.46361306	2.57652856	2.86908275
2.5929655	2.71180969	3.01972463
2.87123313	3.00283125	3.34379025
3.18711444	3.33319038	3.71166038
3.52267363	3.68412944	4.10244706
3.88893969	4.06718269	4.52899437
4.27861538	4.47471844	4.98280412
4.39850437	4.60010231	5.12242513
4.217316	4.41060963	4.91141637
3.83083363	4.00641331	4.46132506
3.46859175	3.62756881	4.03946431
3.1074365	3.2498605	3.61886887
2.80591262	2.93451681	3.26771925
2.58790188	2.706514	3.01382744
2.4194755	2.530368	2.81768088
2.39309212	2.5027755	2.78695525
2.33258762	2.43949781	2.71649275
2.27575244	2.38005769	2.65030363
2.23612725	2.33861625	2.60415656
2.23148175	2.33375813	2.59874662
2.22940063	2.33158163	2.59632319
2.22969325	2.3318875	2.59666369
2.228588	2.33073169	2.59537675
2.24497113	2.34786569	2.61445606
2.25863438	2.36215525	2.63036825
2.30407556	2.409679	2.68328806
2.40678881	2.51710013	2.80290644
2.56816063	2.68586819	2.99083756
2.78562788	2.91330244	3.244096
3.08132275	3.22255006	3.58845737
3.42084619	3.577635	3.98386081
3.79829019	3.97237813	4.42342537
4.07206375	4.25869988	4.74225794
4.02223362	4.20658588	4.68422663
3.73852869	3.90987769	4.35382819
3.41090856	3.56724175	3.97228731
3.09216094	3.23388487	3.60107925
2.78388925	2.91148431	3.24207125
2.56595919	2.68356544	2.98827344
2.47822169	2.59180662	2.88609569
2.39028356	2.49983813	2.7836845
2.33758894	2.44472831	2.72231712
2.31044144	2.41633644	2.6907015
2.29115613	2.39616744	2.6682425
2.29010513	2.39506819	2.66701837
2.29205306	2.3971055	2.66928694
2.29305063	2.39814856	2.67044881
2.30912838	2.41496338	2.68917238
2.33158881	2.43845313	2.71532963
2.39027575	2.49983	2.7836755
2.49243881	2.60667569	2.90265294
2.59597637	2.71495844	3.02323081
2.80321838	2.93169913	3.26458163
3.03642581	3.17559519	3.536171
3.24422231	3.39291569	3.77816731
3.4835	3.64316025	4.0568265
3.63509881	3.80170744	4.23337562
3.66827681	3.83640606	4.27201419
3.51271175	3.67371106	4.09084575
3.28947437	3.440242	3.83086731
3.01363331	3.15175806	3.50962731
2.78995544	2.91782831	3.24913562
2.62161219	2.74176919	3.05308581
2.53886006	2.65522425	2.95671431
2.4301395	2.54152075	2.83010012
2.37859006	2.48760881	2.77006662
2.34436131	2.45181131	2.73020431
2.33665	2.44374619	2.72122375
2.34486263	2.45233556	2.73078812
2.36093175	2.46914119	2.749502
2.41585931	2.526586	2.81346963
2.49453637	2.608869	2.90509569
2.63866081	2.75959944	3.07294063
2.79694812	2.92514175	3.25727944
3.02135437	3.159833	3.51861906
3.228887	3.37687756	3.76030819
3.32032587	3.47250738	3.86679631
3.23896794	3.38742056	3.77204819
3.07417169	3.21507112	3.58012913
2.87310381	3.00478756	3.345969
2.67890544	2.80168856	3.119809
2.55321981	2.67024231	2.97343738
2.46492169	2.57789719	2.87060688
2.40445475	2.51465869	2.80018794
2.39117069	2.50076606	2.78471769
2.42635394	2.53756175	2.8256915
2.51460544	2.629858	2.92846775
2.64281	2.76393881	3.07777269
2.79916444	2.92745944	3.25986031
2.98846406	3.12543506	3.48031519
3.01073075	3.14872244	3.506247
2.90936019	3.04270581	3.38819256
2.70958663	2.83377581	3.15553931
2.59396169	2.71285156	3.02088481
2.51230794	2.62745525	2.925792
2.52239613	2.63800594	2.93754063
2.61494375	2.73479544	3.04532006
2.74380069	2.86955794	3.19538469
2.7449855	2.87079713	3.19676431
2.60807894	2.72761575	3.03732544
