#?RADIANCE
genskyvec -m 1
NROWS=146
NCOLS=1
NCOMP=3
FORMAT=ascii

10.2752837	10.7462344	11.966425
27.7242581	28.9949544	32.2872113
28.6156762	29.9272269	33.3253413
29.5669481	30.9220994	34.4331775
30.6370731	32.0412719	35.6794287
31.0022006	32.4231325	36.1046475
30.8082494	32.2202919	35.8787769
30.8922012	32.3080937	35.976545
29.33684	30.681445	34.1651981
28.7850731	30.1043869	33.5226175
28.9654313	30.2930106	33.7326587
27.8297119	29.1052394	32.4100187
27.68266	28.9514469	32.238765
27.6690669	28.9372306	32.2229369
28.3049281	29.6022375	32.96345
31.0595813	32.4831444	36.1714737
36.6154187	38.2936231	42.6417081
42.1375106	44.0688125	49.0726462
55.7067619	58.2599869	64.8751706
78.3890469	81.9818763	91.2905794
93.4955631	97.7807775	108.883386
111.425291	116.532293	129.764044
94.08875	98.4011625	109.574197
78.7967412	82.4082575	91.7653687
59.8364494	62.5789506	69.6845338
43.5353269	45.5306962	50.7005188
36.610935	38.2889331	42.6364875
31.5648406	33.0115606	36.7598875
29.0222425	30.3524262	33.79882
27.3091387	28.5608075	31.80377
27.0763263	28.3173219	31.5326394
20.3299031	21.2616888	23.6758669
19.2040325	20.0842175	22.3646975
21.2770337	22.25223	24.7788794
21.2565094	22.2307663	24.7549762
21.5669631	22.5554475	25.1165269
20.6630469	21.6101012	24.0638419
22.0911763	23.1036869	25.7270169
22.3689	23.3941406	26.0504506
21.2607594	22.2352119	24.7599294
18.4702587	19.3168119	21.5101569
18.9978681	19.8686031	22.1246025
19.0561312	19.9295375	22.1924537
20.7782419	21.7305794	24.1979969
21.9505506	22.9566163	25.5632462
24.0195737	25.1204687	27.9727944
29.2325831	30.5724081	34.0437794
38.4205494	40.1814881	44.7439319
51.0235613	53.3621406	59.4211925
76.7604587	80.2786444	89.393955
108.503019	113.476056	126.3608
131.974837	138.0237	153.695725
110.407506	115.467838	128.578731
74.7991344	78.2274262	87.1098281
52.5034006	54.9098038	61.1445887
38.7124619	40.4867825	45.08389
31.2174994	32.6483	36.3553813
24.70704	25.8394456	28.7734088
22.1692463	23.185335	25.8179344
20.2586337	21.1871556	23.5928687
20.0568919	20.9761637	23.3579219
13.4671262	14.0843681	15.6835919
12.89465	13.4856563	15.016895
13.0481063	13.646145	15.1956094
14.2237875	14.87571	16.5647869
14.2271994	14.8792787	16.5687606
14.2166344	14.8682319	16.5564575
13.9863006	14.6273375	16.2882138
13.8990356	14.5360756	16.1865869
13.1315062	13.7333656	15.2927338
13.9900688	14.63128	16.2926019
14.8802669	15.5622781	17.3293119
17.9862887	18.81066	20.9465338
22.9633737	24.0158625	26.7427644
32.0207525	33.4883675	37.2908356
53.464545	55.9150006	62.26392
788.364400919462	792.694991519462	803.915181919462
3760.41992449411	3767.03895549411	3784.18820649411
95.9132406	100.309256	111.698951
49.476755	51.7444369	57.6198056
31.0954656	32.5206769	36.2132663
22.4667419	23.4964662	26.1643944
17.9138519	18.7349031	20.862175
14.6193825	15.2894369	17.0254906
13.9614419	14.6013406	16.2592625
10.2044034	10.6721056	11.8838794
10.0935211	10.5561396	11.7547463
9.83106681	10.2816565	11.4490969
10.0148525	10.4738657	11.66313
10.2925891	10.7643328	11.9865794
10.1863656	10.6532399	11.8628719
10.0259987	10.485525	11.6761125
10.2477159	10.7174026	11.9343194
10.3086183	10.7810959	12.0052444
10.9250908	11.4258219	12.7231775
12.0441975	12.5962225	14.0264725
14.0217269	14.6643869	16.3294687
17.3516	18.1468806	20.207385
26.0529225	27.247015	30.3408013
40.4208344	42.2734538	47.0734331
57.2432194	59.866865	66.6645025
1058.43348608952	1061.95543108952	1071.08048478952
61.6524812	64.4782156	71.7994531
39.1072087	40.8996219	45.5436063
25.4593863	26.6262738	29.6495781
18.4119031	19.25578	21.4421956
14.2074694	14.8586463	16.5457831
12.0025438	12.5526588	13.9779625
11.1467675	11.65766	12.9813387
8.80351137	9.20700525	10.2524235
8.39649725	8.78133631	9.77842062
8.14399069	8.51725681	9.48435644
8.27242031	8.6515725	9.63392319
8.32853319	8.71025744	9.69927162
8.40467244	8.7898865	9.78794181
8.81479419	9.21880531	10.2655626
9.93509225	10.3904505	11.5702431
11.4536056	11.9785644	13.3386806
15.2274931	15.92542	17.7336856
19.6291619	20.5288319	22.8597956
30.4041838	31.7977069	35.4082062
38.6368969	40.4077544	44.9958875
30.1870413	31.5706119	35.1553263
20.7660975	21.717875	24.1838513
14.57998	15.2482275	16.9796019
11.42198	11.9454881	13.3018481
9.66928937	10.1124649	11.2606925
8.14869831	8.52218	9.48983912
7.57977963	7.927186	8.82728556
7.49201937	7.8354035	8.72508144
7.69019362	8.04266062	8.95587169
8.16262231	8.53674212	9.50605456
9.719775	10.1652644	11.3194894
12.55553	13.13099	14.6219619
16.0192475	16.7534612	18.65575
20.0682494	20.9880413	23.3711469
16.5734787	17.3330956	19.3011975
12.1114363	12.666545	14.1047781
9.338035	9.7660275	10.8749194
8.31619819	8.697357	9.68490612
7.78834156	8.14530694	9.07017337
8.32984544	8.71162969	9.70079975
10.0962636	10.5590091	11.75794
11.2667781	11.7831706	13.1211025
10.2882774	10.7598234	11.9815587
8.87415131	9.28088337	10.3346896
