#?RADIANCE
genskyvec -m 1
NROWS=146
NCOLS=1
NCOMP=3
FORMAT=ascii

19.0165712	19.888165	22.1463844
31.2576494	32.6902906	36.40214
33.373735	34.9033637	38.8664975
34.9042613	36.5040394	40.6489219
35.804095	37.445115	41.6968537
34.5003794	36.0816456	40.1785681
33.7599825	35.3073137	39.316315
32.9869738	34.4988781	38.4160819
30.4619719	31.8581444	35.4755081
28.5197712	29.8269262	33.21365
30.8062631	32.2182175	35.8764631
28.6302175	29.9424325	33.342275
30.5083881	31.9066869	35.5295619
31.7673144	33.223315	36.9956875
33.5433356	35.0807375	39.0640125
38.3817094	40.14087	44.6987019
44.9100925	46.9684713	52.3015488
50.9037856	53.236875	59.2817037
60.0866625	62.8406331	69.9759294
67.7860444	70.8929006	78.9424994
67.1493475	70.2270256	78.2010156
63.2309713	66.129055	73.6377394
53.5773531	56.03298	62.395295
45.7960912	47.8950775	53.3333644
40.0875075	41.9248512	46.6852487
34.6788919	36.2683394	40.38646
32.1666988	33.6410056	37.4608037
30.7884169	32.1995513	35.8556781
29.1879838	30.5257644	33.9918394
29.3263762	30.6705013	34.15301
29.9248256	31.2963806	34.849955
20.4108069	21.3463025	23.7700875
19.3952331	20.2841794	22.587365
21.68248	22.67626	25.2510569
21.3626875	22.3418119	24.8786319
21.3008944	22.2771856	24.8066675
19.9884462	20.9045844	23.2782144
21.114565	22.0823156	24.5896719
21.0960744	22.0629769	24.5681381
19.9678356	20.8830288	23.2542112
17.7491656	18.5626694	20.6703837
18.828095	19.6910481	21.9268856
19.8314294	20.7403694	23.095355
22.7096719	23.7505313	26.4473056
25.7277456	26.9069325	29.9621056
29.7326569	31.0954031	34.6261594
37.6775806	39.4044694	43.8786862
47.7319038	49.9196144	55.5877825
60.8248919	63.6126969	70.8356587
72.3314281	75.6466187	84.2359806
73.3840281	76.74746	85.4618206
63.7921069	66.71591	74.2912281
49.9770025	52.2676137	58.2023875
37.8622256	39.5975775	44.0937206
31.2825919	32.7163769	36.4311888
26.45496	27.6674781	30.8090069
23.7016219	24.7879456	27.602515
20.6464975	21.5927962	24.04457
19.9038025	20.8160581	23.1796381
19.1131425	19.9891606	22.2588494
19.5897519	20.4876144	22.8138981
13.6402313	14.26541	15.8851863
13.21901	13.8248812	15.3946406
13.3587944	13.9710731	15.5574294
14.2915256	14.9465537	16.6436744
14.1063881	14.75293	16.428065
13.9698919	14.6101769	16.2691044
13.8500625	14.4848575	16.1295531
14.1468206	14.7952169	16.4751512
14.2769831	14.9313444	16.6267388
16.3382981	17.0871363	19.0273106
18.9841206	19.8542262	22.1085913
25.4628363	26.6298819	29.6535962
36.0543994	37.7068925	41.9883556
54.2136119	56.6983994	63.13627
81.7508612	85.4977769	95.2056969
93.2745331	97.5496175	108.625968
66.9928144	70.0633162	78.0187181
46.0474062	48.1579094	53.6260438
29.8647231	31.2335225	34.7799594
22.3849763	23.4109537	26.0691712
18.1591244	18.9914187	21.1478156
15.8031756	16.5274869	18.4041156
13.9562925	14.595955	16.2532663
13.7652819	14.3961894	16.0308175
11.01145	11.5161425	12.8237531
10.9202037	11.4207125	12.7174881
10.7047156	11.1953462	12.4665337
10.8140319	11.309675	12.5938406
11.0206331	11.5257431	12.8344463
10.9930956	11.4969456	12.8023775
11.1697737	11.6817219	13.0081337
11.853605	12.3968956	13.8045112
12.9142037	13.5061037	15.0396669
14.7266944	15.4016688	17.1504644
18.1586069	18.9908731	21.1472119
24.4290381	25.5487013	28.4496519
33.2270181	34.7499206	38.6956325
58.0110738	60.6699144	67.5587325
2054.6602000321	2059.2849740321	2071.2673450321
5218.88248550471	5224.96039150471	5240.70769150471
82.43022	86.2082744	95.9968625
48.7619131	50.9968338	56.7873144
30.1594525	31.5417594	35.1231962
21.2770412	22.2522375	24.7788875
16.7088212	17.4746425	19.4588169
13.8839787	14.5203269	16.16905
12.3454694	12.9113031	14.3773288
11.6695631	12.2044181	13.5901806
10.3850006	10.8609787	12.0941988
9.93128012	10.3864637	11.565805
9.75216313	10.1991362	11.3572062
9.86650806	10.3187219	11.4903725
10.1583311	10.6239244	11.8302256
11.0433375	11.5494881	12.8608862
12.42987	12.9995725	14.4756206
15.9826769	16.7152156	18.6131606
20.9325562	21.8919625	24.377705
33.2723344	34.797315	38.7484069
49.8928406	52.1795962	58.1043738
1831.06369696544	1834.87478696544	1844.74899506544
70.5872631	73.8225125	82.2047487
35.9747881	37.6236306	41.8956406
22.9889819	24.0426419	26.7725862
16.2100937	16.9530562	18.8780069
12.8715588	13.461505	14.9900044
11.2279506	11.742565	13.075885
10.57836	11.0631994	12.3193819
10.162808	10.6286025	11.8354369
10.1352251	10.599755	11.8033156
10.8793044	11.37794	12.6698575
12.8808694	13.4712419	15.0008475
18.0337975	18.860345	21.0018606
27.2081638	28.4552044	31.686175
36.8193075	38.5068588	42.8791562
38.6104331	40.3800769	44.96507
24.5525869	25.6779138	28.5935356
15.6422581	16.359195	18.2167138
12.3489369	12.91493	14.3813662
12.3675706	12.9344169	14.4030675
12.0498331	12.6021181	14.0330356
14.1190875	14.7662106	16.442855
19.2526594	20.1350725	22.4213275
19.9935006	20.9098706	23.2840987
15.9987038	16.7319787	18.6318244
14.8742338	15.5559694	17.3222875
