#?RADIANCE
genskyvec -m 1
NROWS=146
NCOLS=1
NCOMP=3
FORMAT=ascii

25.668745	26.8452269	29.8933931
36.4583037	38.1293081	42.458735
36.1515619	37.8085062	42.1015094
35.6525625	37.2866381	41.5203825
34.0012344	35.5596225	39.5972731
30.0802019	31.4588775	35.0309037
29.0447706	30.3759894	33.82506
28.7776063	30.0965794	33.5139225
28.71199	30.0279556	33.4375081
29.0306437	30.3612131	33.8086062
35.9086931	37.5545075	41.8186675
36.9581006	38.6520125	43.04079
43.0013287	44.9722225	50.0786344
46.3301112	48.4535731	53.9552781
47.9189144	50.1151969	55.8055719
49.7648075	52.0456925	57.9552687
48.3228988	50.5376981	56.2760456
46.9201975	49.0707056	54.6424825
41.960235	43.8834113	48.8661925
37.130955	38.83279	43.2420944
35.7504756	37.38904	41.6344106
31.057695	32.48117	36.1692756
30.3396944	31.7302625	35.333105
27.9115844	29.190865	32.5053687
29.14801	30.4839581	33.94529
31.6514012	33.1020894	36.8606969
33.5964375	35.1362719	39.1258531
36.51964	38.193455	42.5301656
35.4810069	37.10722	41.3205931
36.8638044	38.5533938	42.9309725
36.3696575	38.0365987	42.3554994
20.0619219	20.9814263	23.3637813
17.7685738	18.5829644	20.6929837
19.1532806	20.0311387	22.3055913
17.7680856	18.5824538	20.6924163
17.3414831	18.1363	20.1956038
16.7071713	17.4729163	19.4568956
18.35331	19.1945019	21.37396
20.0634381	20.9830112	23.3655463
22.0373631	23.0474094	25.6643494
23.1289856	24.1890644	26.9356356
27.301845	28.5531794	31.7952763
31.5795656	33.0269606	36.7770381
36.9108812	38.60263	42.9858006
41.4180013	43.316325	48.2347169
42.8791181	44.8444094	49.9363094
41.0705981	42.9529994	47.8301363
38.3770175	40.1359644	44.6932375
32.4588913	33.94659	37.8010869
27.8271306	29.10254	32.407015
23.8918969	24.9869413	27.8241063
21.4143612	22.3958512	24.9388081
19.4968237	20.3904281	22.7056788
17.09004	17.87333	19.9027738
17.6743781	18.4844525	20.5832869
17.86994	18.6889788	20.8110369
18.5980619	19.4504719	21.6589944
18.1843306	19.01778	21.1771719
19.3879588	20.2765731	22.5788937
19.1838712	20.0631319	22.3412175
19.8054763	20.7132275	23.0651269
12.1257481	12.6815106	14.1214456
11.5601075	12.089945	13.4627069
11.5551775	12.0847894	13.4569694
12.3942313	12.9622994	14.4341169
13.047485	13.6454937	15.194885
14.5083744	15.1733425	16.8962119
16.7306112	17.4974294	19.4841931
20.1546525	21.0784069	23.4717738
23.9955212	25.0953163	27.944785
31.7594838	33.2151262	36.9865669
41.6117056	43.5189087	48.4603037
49.4967169	51.7653137	57.6430544
45.6728437	47.7661813	53.1898362
36.5191663	38.1929594	42.5296131
27.114925	28.3576919	31.5775919
21.6066981	22.5970056	25.1628006
17.2280244	18.01764	20.06347
15.4322044	16.1395138	17.9720894
13.306915	13.9168144	15.4970131
12.1381125	12.6944413	14.1358437
12.09068	12.6448369	14.0806075
12.1229681	12.6786031	14.1182069
11.7115206	12.2482969	13.6390412
12.270605	12.8330075	14.2901438
9.63235463	10.0738387	11.21768
9.80661844	10.2560882	11.420625
10.0456238	10.5060506	11.6989675
10.5803681	11.0653006	12.3217219
11.8673831	12.4113062	13.8205575
13.0376156	13.6351731	15.1833906
15.7288088	16.4497125	18.3175075
19.5526875	20.4488519	22.7707356
26.4459169	27.65802	30.798475
37.6273719	39.3519594	43.8202125
62.9067106	65.7899319	73.2601075
2499.1141496108	2503.6814351108	2515.5148211108
80.4426731	84.1296287	93.6821969
44.1897219	46.2150837	51.4626181
28.6696788	29.9837038	33.38823
21.7307344	22.7267263	25.3072519
17.0138275	17.7936306	19.8140244
14.2722819	14.926425	16.6212612
12.2958887	12.8594512	14.3195888
11.0489725	11.5553806	12.86745
10.3605369	10.8353944	12.0657087
10.0089136	10.4676543	11.6562162
9.7528505	10.1998556	11.3580087
9.78002769	10.2282792	11.3896562
9.33673169	9.76466506	10.8734025
9.67758769	10.1211426	11.2703569
10.4771062	10.9573075	12.2014644
11.8242144	12.3661575	13.7702856
13.9172031	14.5550731	16.2077425
19.1540806	20.0319756	22.306525
27.5825619	28.8467619	32.1221944
58.1580119	60.8235863	67.7298538
4736.42446279823	4741.46869079823	4754.53780379823
3461.02332428768	3465.58189228768	3477.39276328768
46.6337675	48.7711475	54.3089119
26.1151794	27.3121237	30.4133044
17.7679587	18.5823219	20.6922687
13.559835	14.1813281	15.7915594
11.6397875	12.1732775	13.5555031
10.2872987	10.7587981	11.9804169
9.558236	9.99632219	11.1313631
9.31162162	9.73840412	10.84416
10.1657706	10.6317013	11.8388881
11.21995	11.734195	13.0665662
13.1102812	13.7111681	15.268015
17.2592231	18.0502688	20.0998038
26.0902075	27.2860081	30.3842237
49.1272856	51.3789544	57.2128219
53.9139806	56.385035	62.7873244
31.5712794	33.0182969	36.7673894
18.394265	19.2373337	21.4216556
13.62123	14.2455356	15.8630581
10.909725	11.4097556	12.7052869
10.4210085	10.89864	12.1361331
12.5219594	13.0958825	14.5828637
14.83746	15.5175106	17.2794587
20.80386	21.7573706	24.2278313
27.0945744	28.3364094	31.5538906
17.3873125	18.1842287	20.2489744
13.3823006	13.9956562	15.584805
16.4563344	17.2105831	19.1647737
