#?RADIANCE
genskyvec -m 1
NROWS=146
NCOLS=1
NCOMP=3
FORMAT=ascii

0.932039612	0.974758119	1.08543794
9.97593694	10.4331689	11.6178103
9.50050062	9.93594025	11.0641253
9.39660644	9.82728375	10.9431319
9.57043213	10.0090777	11.1455663
10.0954607	10.5581697	11.7570075
10.0871443	10.5494712	11.7473218
10.2238662	10.6924594	11.9065444
10.1831153	10.6498411	11.8590863
10.6336176	11.1209912	12.3837337
9.7747585	10.2227683	11.3835216
10.1888767	10.6558669	11.8657958
9.59545687	10.0352486	11.1747091
9.46056169	9.89417144	11.017612
9.57045719	10.009102	11.1455957
9.74575506	10.1924359	11.3497437
11.0415957	11.5476675	12.8588581
11.5509067	12.0803231	13.4519944
14.8304444	15.5101706	17.2712887
20.43193	21.3683944	23.7946875
27.4364569	28.6939619	31.9520431
44.2683194	46.2972825	51.5541488
182.73879859392	185.63145359392	193.12606929392
216.527038292547	219.754943992547	228.118169592547
46.5133413	48.6452019	54.1686631
27.8918956	29.1702737	32.4824388
20.0132419	20.9305125	23.3070887
14.9377272	15.6223725	17.3962294
12.7569914	13.3416867	14.8565806
10.9383999	11.4397419	12.7386779
10.2534381	10.7233884	11.9409828
9.20067212	9.62236931	10.7149503
8.64594694	9.0422195	10.0689264
9.03614863	9.45030556	10.5233495
9.03977188	9.45409413	10.5275681
9.160687	9.58055112	10.6683836
9.02549013	9.43915787	10.510936
9.47745687	9.91183975	11.0372884
9.67325287	10.1166104	11.2653102
9.48284756	9.91747756	11.0435672
8.70406287	9.10299894	10.1366077
8.80432687	9.20785875	10.2533732
8.70127587	9.10008463	10.1333618
9.01549694	9.42870762	10.4992974
8.99666625	9.40901331	10.4773677
9.23517231	9.65845031	10.7551289
10.0639936	10.5252609	11.7203613
11.8369331	12.3794594	13.785095
13.6164581	14.240545	15.8575006
17.91458	18.7356656	20.8630237
23.3220225	24.3909487	27.16044
33.0297431	34.5436062	38.4658906
47.6075275	49.7895369	55.4429369
122.771350615076	124.848288715076	130.229455615076
37.2061663	38.9114494	43.3296856
26.3016037	27.5070938	30.6304106
19.7825912	20.6892931	23.0384762
14.3684181	15.02697	16.7332206
11.8534443	12.3967275	13.8043256
10.2209863	10.6894453	11.9031881
9.57512556	10.0139851	11.1510311
6.77894737	7.08964894	7.8946495
6.42058931	6.71486612	7.47731156
6.40233013	6.69577013	7.45604731
6.8485985	7.16249244	7.97576406
6.91100519	7.22775944	8.04844181
6.99642038	7.31708931	8.14791481
6.96988906	7.28934213	8.11701706
6.9528325	7.27150381	8.09715331
6.54570319	6.84571431	7.62301688
6.67728462	6.9833265	7.77625475
6.67614819	6.98213806	7.77493137
7.11842525	7.44468619	8.28999969
7.7310515	8.08539131	9.00345431
8.769483	9.17141738	10.2127942
11.351371	11.8716424	13.2196188
15.3638775	16.068055	17.8925156
20.5168519	21.4572069	23.8935862
27.1538688	28.39842	31.622945
22.9995269	24.0536713	26.7848675
16.3900831	17.141295	19.0876169
12.874085	13.4641469	14.9929463
10.1434649	10.6083751	11.8129113
7.90715656	8.26956756	9.20854325
7.29398463	7.62829212	8.49445356
5.21597125	5.45503656	6.07443344
5.12635963	5.36131775	5.97007356
4.97501119	5.20303231	5.79381531
5.07076631	5.30317613	5.90533
5.229373	5.46905256	6.09004106
5.20492944	5.44348844	6.0615745
5.13709187	5.37254181	5.98257181
5.19662287	5.43480125	6.05190075
5.07121819	5.303649	5.9058565
5.12698656	5.36197319	5.97080344
5.16876506	5.4056665	6.019458
5.26630469	5.50767706	6.13305119
5.73042269	5.99306694	6.67355506
6.76744937	7.077624	7.881259
8.13386787	8.50667019	9.4725675
9.33780631	9.76578856	10.8746532
11.3911359	11.9132289	13.2659275
12.7820036	13.3678443	14.8857081
12.8788807	13.4691625	14.9985319
10.9022218	11.4019059	12.6965461
8.99740231	9.409783	10.4782245
7.32266788	7.65828994	8.52785719
6.21120787	6.49588788	7.23346956
5.77667081	6.04143469	6.727415
4.32908225	4.52749844	5.04157712
4.18032475	4.37192287	4.86833669
4.07071462	4.25728881	4.74068656
4.169803	4.36091887	4.85608331
4.19148625	4.38359594	4.88133525
4.12871994	4.31795281	4.80823875
4.16616556	4.35711469	4.85184706
4.25533063	4.45036644	4.95568738
4.37240469	4.57280637	5.09202994
4.79846256	5.01839175	5.58820981
5.14084875	5.376471	5.98694713
6.28593325	6.57403837	7.3204935
7.38999075	7.72869838	8.60626031
7.68141281	8.03347712	8.94564556
6.94336169	7.26159894	8.08612369
6.02733988	6.30359287	7.01934
5.30947206	5.55282269	6.183323
4.678315	4.89273756	5.44828794
3.79507344	3.96901431	4.41967956
3.56605819	3.72950238	4.15297194
3.58178687	3.74595194	4.17128937
3.62854444	3.79485263	4.2257425
3.59597087	3.76078613	4.18780806
3.72430769	3.89500481	4.33726675
4.05050856	4.23615675	4.717155
4.439918	4.64341419	5.17065463
5.10739238	5.341481	5.94798437
5.07664194	5.309321	5.91217275
4.73267731	4.94959144	5.51159737
4.04099506	4.22620713	4.70607563
3.48921438	3.6491365	4.06348113
3.3306405	3.48329475	3.87880875
3.36159725	3.51567038	3.91486019
3.57928387	3.74333438	4.16837444
3.79735131	3.9713965	4.42233244
3.81933481	3.99438781	4.44793394
3.42017269	3.57693037	3.98307619
