#?RADIANCE
genskyvec -m 1
NROWS=146
NCOLS=1
NCOMP=3
FORMAT=ascii

20.1235344	21.0458644	23.4355344
31.1206169	32.5469775	36.2425562
29.1864138	30.5241225	33.9900119
28.2841569	29.5805119	32.9392594
27.1651581	28.4102269	31.6360919
25.3980969	26.5621756	29.5782012
26.5881719	27.8067969	30.9641437
28.3414687	29.6404512	33.0060025
30.9384775	32.35649	36.0304388
33.6296819	35.1710394	39.1645688
41.8428037	43.7605981	48.729435
44.8665294	46.9229106	52.2508138
50.1279269	52.4254544	58.3781494
50.2841419	52.58883	58.5600744
47.1686881	49.3305844	54.93187
43.4740313	45.4665888	50.6291331
38.0598475	39.8042569	44.3238663
35.5609669	37.1908431	41.4137119
30.3056144	31.6946219	35.2934144
26.8852837	28.1175262	31.3101556
27.2161737	28.4635813	31.6955044
25.0290431	26.1762062	29.1484088
26.7954287	28.0235513	31.2055106
26.4800412	27.6937081	30.838215
29.9327794	31.3046969	34.8592181
33.6642844	35.2072294	39.2048656
35.9067287	37.5524537	41.8163812
37.9164694	39.6543075	44.1568919
35.3451419	36.9651263	41.162365
34.9361387	36.5373769	40.6860463
32.4395	33.92631	37.7785031
17.3871706	18.1840806	20.24881
15.065415	15.7559131	17.5449319
16.0345475	16.7694644	18.6735681
15.3441625	16.0474375	17.8695575
16.0834625	16.8206187	18.7305344
16.8572956	17.6299212	19.6317262
19.6003162	20.4986625	22.8262025
22.9325344	23.9836069	26.7068481
26.9638525	28.1996956	31.4016556
30.5940444	31.9962712	35.629315
38.2341575	39.9865562	44.5268662
45.2094712	47.28157	52.6501994
46.6468562	48.7848356	54.3241525
42.8929587	44.858885	49.9524275
35.9538469	37.60173	41.8712531
28.8120156	30.1325656	33.5539944
25.9592119	27.1490081	30.2316675
20.8094931	21.7632612	24.2343906
18.1265694	18.9573687	21.1098981
15.9399925	16.6705737	18.56345
15.20666	15.9036325	17.7094225
15.2279125	15.9258588	17.7341744
14.5071375	15.1720481	16.8947731
16.8049156	17.5751413	19.5707256
18.0649188	18.8928913	21.0381019
19.2624056	20.1452656	22.4326781
18.5594431	19.4100825	21.6140175
19.2168119	20.0975825	22.3795812
18.1883775	19.0220094	21.1818812
17.9667231	18.7901987	20.9237463
10.7083755	11.1991732	12.470795
10.2207054	10.6891541	11.9028644
10.5016753	10.9830019	12.2300762
11.91351	12.4595462	13.8742775
13.59845	14.22171	15.8365281
16.4005388	17.1522288	19.0997962
20.6086712	21.5532331	24.0005175
28.32155	29.6196187	32.9828069
40.8195	42.6903938	47.5377131
59.2447856	61.9601694	68.9954925
60.4974881	63.2702881	70.4543712
38.2549469	40.0082981	44.5510781
25.7922662	26.9744106	30.037245
19.3916156	20.2803956	22.5831538
15.5357944	16.2478513	18.0927275
13.2172744	13.823065	15.3926169
11.3253344	11.8444125	13.1892956
11.1289936	11.63907	12.9606406
10.6688416	11.1578303	12.4247575
10.4004702	10.8771581	12.1122131
11.2020133	11.7154375	13.0456781
11.4848796	12.0112687	13.3750994
10.8411972	11.3380857	12.6254781
11.1520678	11.6632027	12.9875125
8.475978	8.86446019	9.87098331
8.78919037	9.192028	10.2357446
9.37682563	9.80659581	10.9200944
10.311031	10.7836188	12.0080556
12.4188494	12.9880481	14.4627875
14.3720262	15.0307438	16.7374237
19.5183837	20.4129762	22.7307863
29.7309356	31.0936019	34.6241506
56.0314631	58.5995713	65.2533106
3682.25109299988	3687.07211299988	3699.56299099988
3065.82056050183	3070.22958760183	3081.65296660183
44.5148156	46.5550744	51.8412131
27.9531269	29.2343119	32.5537475
18.2202331	19.0553269	21.21898
14.1861669	14.8363656	16.5209738
11.955565	12.5035287	13.9232538
10.2845578	10.7559325	11.9772263
9.31550287	9.74246344	10.8486806
8.80648981	9.21012038	10.2558909
8.54973869	8.9416015	9.95688425
8.55582531	8.94796719	9.96397225
8.64281387	9.03894225	10.0652776
8.49468363	8.88402325	9.89276731
8.59613675	8.99012594	10.0109184
7.94314919	8.30721025	9.25045981
8.60947594	9.00407675	10.0264536
9.77510269	10.2231287	11.3839244
11.8308906	12.3731419	13.77806
15.0858894	15.7773256	17.568775
25.0862225	26.2360081	29.2149975
45.0482019	47.11291	52.4623862
2692.5801608991	2696.2800340991	2705.8660990991
50.4985131	52.8130263	58.8097306
25.1685413	26.3220975	29.310865
16.51415	17.2710494	19.2321044
12.4996906	13.0725925	14.5569312
10.1895331	10.6565531	11.8665594
8.7027245	9.101599	10.1350491
8.05013394	8.41909806	9.37505244
7.68909481	8.04151131	8.95459206
7.61465638	7.96366162	8.86790269
7.68267181	8.03479406	8.94711188
8.37957119	8.76363475	9.75870981
9.66519456	10.1081834	11.255925
12.2013062	12.7605344	14.2094388
17.8983338	18.7186719	20.8441031
25.5834975	26.7560731	29.794115
28.6077944	29.9189838	33.3161637
19.8712181	20.7819813	23.14169
13.8563581	14.4914412	16.136885
10.3869316	10.8630014	12.0964506
8.823002	9.22738931	10.2751209
7.89853981	8.260556	9.19850825
8.01190187	8.379114	9.33052769
9.61557112	10.0562869	11.198135
11.7907731	12.3311813	13.7313375
15.2427237	15.9413481	17.7514219
15.4667938	16.1756869	18.0123713
10.8704443	11.368673	12.6595394
9.30989837	9.73660231	10.8421521
11.532895	12.0614844	13.4310175
