#?RADIANCE
genskyvec -m 1
NROWS=146
NCOLS=1
NCOMP=3
FORMAT=ascii

6.71134188	7.01894487	7.81591712
23.2976356	24.3654425	27.1320387
22.7421144	23.7844594	26.4850887
23.2147875	24.2787975	27.035555
24.7493606	25.8837056	28.8226931
28.0728644	29.3595362	32.6931919
33.8069819	35.3564656	39.3710481
42.376425	44.3186788	49.3508813
59.7571987	62.4960681	69.5922406
85.15375	89.0566288	99.1686469
100.388191	104.989315	116.910425
115.109806	120.385667	134.054961
84.7038131	88.5860675	98.6446544
60.3927981	63.1608	70.3324506
44.7316831	46.7818819	52.0937744
34.234955	35.8040569	39.86946
28.70416	30.0197656	33.4283862
25.1836131	26.3378619	29.3284175
23.5251694	24.6034044	27.3970219
22.6423088	23.6800794	26.3688569
23.5532294	24.6327512	27.4296981
24.3458094	25.4616594	28.3527262
24.9457631	26.0891113	29.0514213
25.3074594	26.4673837	29.4726481
27.0731319	28.3139831	31.5289194
26.9295994	28.1638731	31.3617656
27.8250556	29.1003687	32.4045962
26.9707275	28.2068856	31.4096631
26.0710825	27.2660075	30.3619525
24.6191575	25.7475344	28.6710606
23.5934038	24.6747669	27.4764863
16.8966537	17.6710831	19.6775612
15.7322594	16.4533213	18.3215281
17.6358125	18.4441219	20.5383744
18.7486144	19.6079262	21.8343256
22.31337	23.336065	25.98578
26.8322869	28.0620994	31.2484344
36.3338775	37.9991806	42.3138306
53.6130375	56.0702987	62.4368531
85.2377944	89.1445219	99.2665237
126.282194	132.070119	147.066144
1437.75274662281	1443.87858462281	1459.75009062281
89.5378513	93.6416638	104.274299
59.498085	62.2250806	69.2904819
39.2602863	41.0597169	45.72188
28.7569019	30.0749263	33.4898106
22.1301225	23.14442	25.7723737
20.7103363	21.6595606	24.1189144
17.1024113	17.8862713	19.9171831
16.3622419	17.1121781	19.0551944
15.6138906	16.32953	18.18368
16.1836487	16.9254006	18.8472088
17.2090537	17.9978013	20.0413788
16.6279931	17.3901069	19.3646825
18.7820706	19.6429175	21.8732894
19.4501794	20.3416444	22.651355
19.7874063	20.69433	23.0440862
18.357705	19.1991013	21.3790794
18.2444175	19.0806175	21.2471438
17.1432569	17.9289887	19.9647531
17.0118662	17.7915769	19.8117369
10.8190468	11.3149194	12.5996819
10.6071292	11.0932884	12.3528869
11.6027175	12.13451	13.5123344
14.8594963	15.5405556	17.3051212
19.7065937	20.6098106	22.9499706
30.058545	31.4362263	35.0056806
50.4421694	52.7540981	58.7441125
1229.82418802765	1234.14813242765	1245.35111012765
1867.31261366923	1871.98262966923	1884.08221966923
59.9333025	62.6802437	69.7973262
35.8506462	37.4938	41.7510663
22.1515037	23.1667825	25.797275
15.8998619	16.6286063	18.5167156
12.6599794	13.2402275	14.7436
11.4465751	11.9712094	13.33049
11.0417744	11.5478546	12.8590675
10.6463372	11.1342945	12.3985469
11.6148829	12.1472312	13.5264975
11.4443149	11.9688457	13.3278606
10.9543296	11.4564021	12.7572294
11.6336019	12.1668075	13.5482981
11.597211	12.1287488	13.5059187
10.636992	11.1245217	12.3876656
10.9249706	11.4256979	12.7230394
7.77910956	8.13565188	9.05942175
8.26957425	8.648596	9.63060844
9.08911725	9.50570175	10.5850354
10.6807548	11.170287	12.4386294
14.7964437	15.4746125	17.2316906
19.1666538	20.0451231	22.3211638
30.2042975	31.5886625	35.1754256
43.9531556	45.9676738	51.1871144
44.33538	46.3674169	51.6322462
33.9466519	35.5025387	39.5337069
22.1871662	23.2040775	25.8388062
14.8151056	15.49413	17.253425
12.0285256	12.5798331	14.0082219
9.78050544	10.2287774	11.3902136
8.64923612	9.0456595	10.0727574
7.91895681	8.281909	9.22228587
7.68200325	8.03409488	8.94633306
7.72301125	8.07698263	8.99409106
8.00101406	8.367727	9.31784794
8.00402094	8.37087156	9.32134975
8.0796905	8.45000931	9.40947337
8.0950095	8.4660305	9.42731344
7.80800556	8.16587231	9.0930735
7.96609856	8.33121119	9.27718563
6.27718188	6.56488563	7.31030162
6.936625	7.25455344	8.07827844
8.02107388	8.38870637	9.34120994
10.7164112	11.2075807	12.4801525
14.6898631	15.3631481	17.10757
20.0216131	20.9392694	23.3168369
21.8074019	22.8069063	25.3965375
16.9921325	17.77094	19.7887562
12.6309497	13.2098669	14.7097937
9.35028138	9.77883656	10.8891836
7.43335056	7.77404556	8.65675656
6.70454887	7.01184056	7.80800625
6.29612656	6.58469888	7.33236444
6.05635887	6.33394163	7.05313487
5.91113938	6.18206644	6.88401463
5.945978	6.21850175	6.92458731
6.07648762	6.35499306	7.07657656
6.09723538	6.37669181	7.10073894
5.66831469	5.92811194	6.60122488
6.36212087	6.653718	7.40922031
8.41803487	8.80386125	9.803503
11.4290045	11.9528341	13.3100279
11.4789682	12.0050862	13.3682144
9.41711019	9.84872819	10.9670111
7.46801944	7.81030338	8.69713137
6.16646137	6.44909069	7.18135838
5.46443231	5.71488512	6.36378706
5.18867144	5.42648538	6.04264056
5.21140106	5.45025681	6.06911125
5.21580937	5.45486719	6.07424506
5.39337862	5.64057519	6.28103912
6.30592306	6.59494437	7.34377331
7.01195762	7.33333869	8.16600919
6.46146137	6.75761125	7.52491044
5.24022031	5.480397	6.10267344
5.010937	5.24060494	5.83565419
5.62353556	5.88128081	6.54907613
