#?RADIANCE
genskyvec -m 1
NROWS=146
NCOLS=1
NCOMP=3
FORMAT=ascii

3.13487325	3.27855494	3.65082125
15.3736381	16.0782619	17.9038825
15.5936006	16.3083063	18.1600481
16.2529475	16.9978725	18.9279125
17.7593163	18.5732838	20.6822031
21.0755894	22.0415525	24.5442794
27.1431037	28.3871619	31.6104069
36.88555	38.5761356	42.9562975
59.5756475	62.3061969	69.3808112
95.1476769	99.5086063	110.8074
469.363859025208	474.207716025208	486.757785025208
92.9029225	97.1609719	108.193198
53.7506275	56.2141969	62.5970888
34.7948338	36.3895975	40.5214863
25.3911206	26.5548806	29.5700775
20.0577019	20.97701	23.3588656
17.6682044	18.4779956	20.5760969
16.0190644	16.7532719	18.655535
15.5695356	16.28314	18.1320225
15.1915819	15.8878625	17.6918638
15.4206406	16.12742	17.9586213
15.6783963	16.3969875	18.2587981
15.3971244	16.1028263	17.9312369
15.3016438	16.0029675	17.8200388
15.7978106	16.5218762	18.3978688
15.2840431	15.9845606	17.7995412
15.7583975	16.4806569	18.3519663
15.3674256	16.0717662	17.8966494
15.4387956	16.1464063	17.9797644
14.9831487	15.6698756	17.4491262
15.0879356	15.779465	17.5711594
12.394405	12.96248	14.4343175
12.0733381	12.6266988	14.0604087
13.4798944	14.0977219	15.6984613
14.6345388	15.3052875	17.04314
17.9438081	18.7662319	20.8970613
22.6911175	23.7311275	26.4257
32.3631225	33.8464319	37.6895544
52.1069662	54.4952019	60.6829088
458.420433847061	462.691991947061	473.759235447061
1550.07878072976	1555.34968972976	1569.00613172976
80.4047319	84.0899406	93.6380169
48.2384525	50.4493825	56.1777031
32.0999006	33.5711444	37.38301
22.0292512	23.0389244	25.6549006
17.0915319	17.8748956	19.9045156
14.2258569	14.8778756	16.5671975
13.8850744	14.5214731	16.1703275
12.2692138	12.8315531	14.2885225
12.0100744	12.5605363	13.9867344
11.5843462	12.1152944	13.4909369
11.7565488	12.29539	13.6914787
12.0600194	12.6127694	14.0448975
11.5575219	12.0872406	13.4596975
12.3624363	12.9290488	14.3970875
12.5422244	13.1170769	14.6064663
12.6590394	13.2392469	14.7425075
12.0953087	12.6496775	14.085995
12.2080163	12.76755	14.2172525
11.9291231	12.4758725	13.8924588
12.1332206	12.6893263	14.1301469
9.17802375	9.59868212	10.6885731
9.22500144	9.64781394	10.7432832
10.1002656	10.5631933	11.7626006
12.7375613	13.3213656	14.8339512
17.2163775	18.0054612	20.0499075
26.8063075	28.0349281	31.2181788
43.2896813	45.2737875	50.4144425
62.3031925	65.1587544	72.5572637
46.4159325	48.5433281	54.0552237
29.81326	31.1796994	34.7200287
19.7153444	20.618965	22.9601631
13.7185131	14.3472788	15.9763525
11.0084743	11.5130282	12.8202863
9.65131619	10.0936679	11.2397625
9.23433038	9.65757087	10.7541482
9.09998375	9.5170665	10.5976906
8.84830812	9.25385606	10.3045929
9.24977956	9.67372756	10.7721419
9.03091537	9.44483212	10.5172551
8.73086925	9.1310335	10.1678256
9.022016	9.43552525	10.5068909
9.04725263	9.46191806	10.5362792
8.71245587	9.11177706	10.1463813
8.99938913	9.41186019	10.4805391
7.50532588	7.84931975	8.74057775
7.91346944	8.27617	9.21589494
8.63901431	9.03496906	10.0608522
9.92970725	10.38482	11.5639719
13.3028806	13.9125956	15.4923131
16.7431813	17.5105788	19.4988319
23.3147769	24.3833712	27.1520031
28.0937869	29.3814194	32.7175581
24.0144344	25.115095	27.9668106
18.8509044	19.7149037	21.9534494
13.6742887	14.3010256	15.9248494
10.3607975	10.8356664	12.0660131
9.10696169	9.52436381	10.6058168
8.14678125	8.520175	9.48760631
7.69517225	8.04786737	8.96166962
7.37379737	7.71176281	8.58740187
7.27191588	7.60521175	8.46875256
7.27571362	7.60918363	8.47317512
7.37462862	7.71263231	8.58837
7.34630038	7.68300544	8.55537919
7.37467363	7.7126795	8.58842263
7.40986819	7.749487	8.6294095
7.32735987	7.66319712	8.53332162
7.48516494	7.8282345	8.71709856
6.67448181	6.98039531	7.77299044
7.19342525	7.52312356	8.37734356
8.05292194	8.42201406	9.378299
10.0703986	10.5319578	11.7278188
12.7010394	13.28317	14.7914194
14.8726706	15.5543331	17.3204656
14.6930056	15.3664338	17.1112294
11.6621012	12.1966138	13.5814894
9.4836535	9.91832088	11.0445064
7.88611956	8.24756669	9.18404394
6.99377856	7.31432631	8.14483819
6.68337138	6.98969231	7.78334319
6.51505	6.81365637	7.587319
6.39670925	6.68989156	7.44950125
6.31731031	6.6068535	7.35703475
6.33927256	6.62982237	7.38261163
6.43110494	6.72586381	7.48955806
6.49449744	6.79216187	7.56338387
6.35039694	6.64145663	7.39556694
6.875185	7.1902975	8.00672625
8.30265356	8.68319175	9.669132
10.0019299	10.4603509	11.6480817
9.61005444	10.0505154	11.1917109
8.16515006	8.53938588	9.50899863
7.06449175	7.38828094	8.22718981
6.39861594	6.69188544	7.45172175
6.06441169	6.34236381	7.06251337
5.94084988	6.21313869	6.91861512
5.97236112	6.24609425	6.95531238
6.01758112	6.29338656	7.00797494
6.18064812	6.46392769	7.19788
6.77365613	7.08411531	7.8884875
7.09762838	7.42293588	8.26577994
6.65995019	6.96519775	7.75606737
5.98985319	6.26438788	6.97568344
5.88730631	6.15714087	6.85625913
6.27551669	6.56314438	7.30836238
