#?RADIANCE
genskyvec -m 1
NROWS=146
NCOLS=1
NCOMP=3
FORMAT=ascii

24.6823069	25.8135794	28.744605
29.7433663	31.1066038	34.6386306
30.2232219	31.6084513	35.1974631
30.4295294	31.8242138	35.4377231
29.9136638	31.2847075	34.8369562
27.61037	28.8758444	32.1545781
26.9875844	28.2245131	31.4292919
26.8428881	28.0731862	31.2607844
26.3186725	27.5249444	30.65029
26.1836425	27.383725	30.493035
31.058655	32.482175	36.170395
31.8455388	33.305125	37.0867844
36.6008281	38.2783644	42.6247175
40.2364456	42.0806162	46.8586981
43.1836581	45.1629081	50.29097
46.2560913	48.3761625	53.869075
47.6065763	49.7885438	55.4418294
45.9843494	48.0919638	53.5526087
43.0587181	45.0322406	50.1454675
38.1193431	39.8664787	44.3931538
35.8840256	37.5287106	41.78994
31.57663	33.0238912	36.7736181
29.9099775	31.28085	34.8326625
27.2585894	28.5079406	31.7449
27.2494812	28.4984138	31.7342919
27.786655	29.06021	32.3598788
28.3330169	29.6316119	32.9961613
29.5615444	30.9164494	34.4268838
28.6706625	29.984735	33.3893794
29.44523	30.7948019	34.2914244
29.3139081	30.6574631	34.1384919
18.28379	19.1217975	21.2929975
16.7674625	17.53597	19.5271087
18.1569881	18.9891825	21.145325
17.3300994	18.1243963	20.1823456
17.0956062	17.8791537	19.9092575
16.4124694	17.1647087	19.1136906
17.7240144	18.5363644	20.6410919
18.8418738	19.7054587	21.9429325
19.9797037	20.8954394	23.2680312
20.5682231	21.5109325	23.9534119
24.1824531	25.2908144	28.1624831
28.2977744	29.5947544	32.9551169
33.9303119	35.48545	39.5146788
39.8555075	41.6822156	46.4150606
43.9678862	45.98308	51.2042687
45.7935	47.8923694	53.3303519
43.90475	45.91705	51.1307431
38.8225719	40.6019394	45.2121225
32.5911488	34.0849094	37.9551113
27.4666881	28.7255769	31.9872475
23.8786094	24.9730469	27.8086325
21.1822456	22.1530969	24.6684925
18.3021437	19.1409919	21.3143725
18.1985925	19.0326937	21.1937781
17.7527225	18.5663875	20.674525
17.8157588	18.6323138	20.7479369
17.0121125	17.7918337	19.8120231
17.6215825	18.4292375	20.5218025
17.3748675	18.1712144	20.2344813
17.8974644	18.717765	20.84309
11.9932725	12.5429631	13.967165
11.5628569	12.09282	13.4659106
11.5991187	12.1307444	13.5081412
12.3398506	12.9054281	14.3707856
12.69263	13.2743756	14.7816263
13.6244219	14.2488738	15.8667731
15.207755	15.9047769	17.7106981
17.9923081	18.8169556	20.9535437
21.4297156	22.4119087	24.9566906
28.5482688	29.8567312	33.24684
37.5947981	39.3178894	43.7822744
49.3183037	51.5787238	57.4352769
53.7068588	56.16842	62.5461163
48.2772931	50.4900025	56.222935
36.1507388	37.8076444	42.1005475
27.149565	28.3939175	31.6179312
20.2324	21.1597187	23.5623169
17.3297431	18.1240237	20.1819306
14.50184	15.1665081	16.8886025
12.9620394	13.5561344	15.0953756
12.4989025	13.0717675	14.5560144
12.2213481	12.7814925	14.2327794
11.6781906	12.2134419	13.6002281
12.0530313	12.6054606	14.0367575
9.79006544	10.2387776	11.4013475
9.89681163	10.3504147	11.5256631
9.99538513	10.4535081	11.64046
10.3593313	10.8341337	12.0643038
11.2725731	11.7892325	13.1278506
12.1161069	12.6714281	14.1102163
14.3194594	14.9757675	16.6762056
17.6637144	18.4733006	20.5708694
23.4907444	24.5674019	27.35693
31.8841644	33.3455225	37.1317681
48.1292106	50.3351319	56.0504775
75.9480281	79.4289769	88.4478244
1324.98094702683	1328.86076452683	1338.91307762683
62.5157244	65.3810262	72.8047725
42.0252238	43.9513787	48.9418769
30.2948706	31.683385	35.2809013
21.6505125	22.6428281	25.2138287
16.8724687	17.6457894	19.6493956
13.7676913	14.3987106	16.033625
12.0049775	12.5552063	13.9807987
11.0230069	11.5282294	12.8372119
10.4391875	10.9176487	12.1573044
10.0565547	10.5174794	11.7116962
9.99321031	10.4512319	11.6379275
9.476823	9.91117769	11.0365506
9.62945488	10.070805	11.2143044
10.1832889	10.6500212	11.8592888
11.22	11.7342494	13.0666262
13.0217113	13.61854	15.1648681
17.8049387	18.6209975	20.7353356
24.6496331	25.7794094	28.7065562
43.7282	45.7324075	50.925135
1320.56691328599	1323.86331388599	1332.40399008599
7187.01114946917	7192.08788446917	7205.24124046917
67.8989438	71.0109781	79.0739844
38.6401531	40.4111588	44.9996813
23.8175625	24.9091994	27.7375356
16.2152075	16.9584031	18.8839625
13.0733119	13.672505	15.2249625
11.072385	11.5798687	12.894715
10.0235209	10.4829319	11.6732269
9.60033769	10.0403533	11.1803944
10.2981328	10.7701312	11.9930344
11.1636886	11.6753581	13.0010475
12.8021313	13.3888975	14.9091513
16.7153819	17.4815025	19.4664575
24.9812819	26.1262569	29.0927837
45.0882319	47.1547738	52.5090056
61.9524263	64.7919125	72.1487669
43.5088981	45.5030569	50.6697419
24.4972419	25.6200313	28.5290806
16.1978725	16.9402756	18.8637738
11.8333463	12.3757069	13.7809181
10.9101519	11.4102019	12.7057825
13.2492694	13.8565275	15.4298788
15.589615	16.3041381	18.1554075
22.341085	23.3650506	26.0180563
31.1090119	32.53484	36.2290394
20.9945806	21.95683	24.4499394
15.0765494	15.7675569	17.5578981
18.4725206	19.3191788	21.5127906
