#?RADIANCE
genskyvec -m 1
NROWS=146
NCOLS=1
NCOMP=3
FORMAT=ascii

7.7771525	8.13360513	9.05714244
24.6666775	25.7972325	28.7264037
24.0778825	25.1814519	28.0407031
24.5010419	25.6240037	28.5335056
25.9194863	27.1074619	30.1854025
28.9642231	30.2917481	33.7312538
34.2901437	35.8617756	39.9337325
42.2234131	44.1586531	49.1726863
57.96227	60.6188713	67.5018969
80.8195337	84.52376	94.1210875
95.6525369	100.036608	111.39534
112.412532	117.564774	130.913772
87.3229819	91.3252869	101.694891
64.264105	67.2095431	74.8409112
48.2263488	50.4367237	56.1636063
37.0034169	38.6994063	43.0935656
30.95049	32.3690512	36.0444244
27.1045244	28.3468131	31.5654781
25.1307769	26.2826012	29.2668831
23.9926094	25.0922706	27.941395
24.8476038	25.9864519	28.9371062
25.4596381	26.6265375	29.64987
26.0449812	27.2387119	30.3315525
26.3151225	27.5212306	30.646155
28.13919	29.4289006	32.7704325
28.0880319	29.3753975	32.7108537
29.0634856	30.3955612	33.8468519
28.3040606	29.60133	32.9624406
27.3929019	28.6484094	31.9013181
25.9860625	27.1770894	30.2629388
24.9527644	26.0964331	29.0595756
17.7372775	18.5502331	20.6565369
16.4871362	17.2427962	19.2006463
18.4197075	19.2639419	21.4512844
19.4293562	20.3198687	22.6271062
22.8320975	23.8785681	26.5898819
27.0828181	28.3241137	31.5402019
36.0918769	37.7460862	42.0320012
52.0903144	54.4777869	60.6635169
80.5759181	84.2689788	93.8373769
116.984239	122.346012	136.237912
1213.323861211	1219.376355211	1235.057817211
96.0516187	100.453981	111.860107
64.9308912	67.9068875	75.6174375
43.0238494	44.9957756	50.1048606
31.4158819	32.8557762	36.5864163
23.9731525	25.0719219	27.918735
22.2413631	23.2607581	25.9019225
18.2328912	19.0685656	21.2337244
17.2916444	18.0841775	20.1375625
16.3865831	17.1376344	19.0835425
16.87388	17.6472656	19.6510387
17.8443731	18.66224	20.7812594
17.1896	17.9774562	20.0187231
19.3920394	20.2808394	22.5836475
20.0904738	21.0112856	23.3970325
20.4777587	21.4163219	23.8480569
19.0596013	19.9331644	22.1964937
19.0156181	19.8871675	22.1452738
17.9282094	18.7499181	20.8788956
17.8351781	18.6526225	20.77055
11.3650044	11.8858988	13.2354944
11.1347244	11.6450663	12.9673156
12.1239781	12.6796612	14.1193844
15.364905	16.0691294	17.8937131
20.1284712	21.0510256	23.4412819
30.2569519	31.6437288	35.2367438
50.2040256	52.5050394	58.4667713
1060.81992714133	1065.10427404133	1076.20463064133
2649.40371090005	2654.70669390005	2668.44626490005
69.12582	72.2940856	80.5027862
40.7200969	42.5864331	47.4219475
24.6548494	25.7848625	28.71263
17.4244644	18.2230856	20.2922431
13.7071075	14.3353506	15.9630706
12.231125	12.7917169	14.244165
11.6738808	12.2089331	13.5952075
11.1549637	11.6662324	12.9908856
12.0867903	12.6407678	14.076075
11.8738963	12.4181138	13.8281425
11.3716111	11.8928087	13.2431887
12.0836144	12.6374456	14.0723756
12.0779491	12.6315219	14.0657787
11.1308058	11.6409694	12.9627525
11.4609041	11.9861944	13.3471781
8.21874425	8.59543688	9.57141319
8.72909531	9.12917844	10.1657588
9.57322156	10.0119939	11.1488157
11.203809	11.7173162	13.0477719
15.4388594	16.1464731	17.9798394
19.9898969	20.9061012	23.2799031
31.9637381	33.4287406	37.2244381
48.1658587	50.3734594	56.0931581
52.0168463	54.4009519	60.5779569
39.9425644	41.7732637	46.5164469
25.621635	26.7959588	29.83853
16.7603519	17.5285338	19.5188269
13.3926863	14.0065181	15.5969019
10.6912041	11.181217	12.4507994
9.3324645	9.76020125	10.8684325
8.47452406	8.86293975	9.86929038
8.146013	8.51937175	9.48671106
8.13475456	8.50759731	9.47359988
8.38297481	8.76719444	9.76267381
8.37569775	8.75958356	9.75419825
8.45758937	8.84522837	9.84956806
8.49134431	8.88053125	9.88887906
8.21736469	8.5939935	9.56980588
8.39642544	8.78126137	9.77833794
6.68547831	6.99189575	7.78579675
7.38916325	7.72783281	8.60529675
8.55814637	8.95039462	9.96667562
11.4484116	11.9731281	13.3326294
15.8487375	16.57514	18.4571794
22.4016138	23.4283537	26.0885481
25.1300013	26.2817931	29.2659812
19.6982506	20.6010862	22.940255
14.4312262	15.0926594	16.8063681
10.4573604	10.9366546	12.1784669
8.19260856	8.56810287	9.54097544
7.27616381	7.6096545	8.47369963
6.75382937	7.06337969	7.8653975
6.44567537	6.74110206	7.50652644
6.27612125	6.56377663	7.30906656
6.30433875	6.59328731	7.34192806
6.44415781	6.73951469	7.50475906
6.48196869	6.77905875	7.54879313
6.09527937	6.37464606	7.09846113
6.88291531	7.19838219	8.01572906
9.17263625	9.59304944	10.6823006
12.7054188	13.28775	14.7965194
13.0052125	13.6012844	15.145655
10.6894315	11.1793644	12.448735
8.35419806	8.73709862	9.7291605
6.79515194	7.10659594	7.91352088
5.93087375	6.20270531	6.90699737
5.58924587	5.84541925	6.50914281
5.58279831	5.83867631	6.50163413
5.60637044	5.863329	6.529086
5.87563887	6.14493869	6.84267131
6.94053388	7.2586415	8.08283062
7.81798631	8.17631056	9.104697
7.20067031	7.53070094	8.38578131
5.74759425	6.0110255	6.69355281
5.45079319	5.70062131	6.34790325
6.19609719	6.48008481	7.21587188
