#?RADIANCE
genskyvec -m 1
NROWS=146
NCOLS=1
NCOMP=3
FORMAT=ascii

1.51642275	1.58592531	1.76600075
13.6369262	14.2619519	15.8813375
12.9758204	13.570546	15.1114238
12.666558	13.2471084	14.7512625
12.6437569	13.2232606	14.72471
13.0046075	13.6006519	15.1449481
12.7403375	13.3242688	14.8371856
12.8138576	13.4011601	14.9228075
12.7413576	13.3253364	14.8383738
13.384415	13.9978675	15.5872675
12.6077231	13.1855756	14.6827444
13.3775837	13.9907219	15.57931
12.9507656	13.5443419	15.0822456
13.0088103	13.605045	15.1498438
13.2421956	13.8491288	15.4216394
13.4537575	14.0703887	15.6680219
14.978645	15.6651662	17.4438813
15.4723138	16.1814613	18.0187988
19.7025081	20.6055406	22.9452156
27.9371525	29.217605	32.5351438
39.288005	41.0887063	45.7541594
69.0501456	72.2149406	80.4146538
443.829216866079	448.300967466079	459.886864466079
353.007455114631	357.431405514631	368.893504514631
57.7813394	60.42965	67.2911888
33.0608931	34.576185	38.5021669
23.5143944	24.5921362	27.3844725
17.9644175	18.7877863	20.9210625
16.0059856	16.7395925	18.6403063
14.2788636	14.9333119	16.6289275
13.8238231	14.4574144	16.098995
12.2929106	12.8563356	14.3161194
11.4984763	12.02549	13.3909362
11.9430956	12.4904869	13.9087319
11.7093887	12.2460694	13.6365613
11.5964625	12.127965	13.5050475
11.2362658	11.7512625	13.0855681
11.7302402	12.2678756	13.6608425
11.9675974	12.5161119	13.9372656
11.8370077	12.3795375	13.7851844
10.9923441	11.4961594	12.8015019
11.3592467	11.8798775	13.22879
11.4521138	11.9770044	13.3369406
12.1001281	12.6547181	14.0916075
12.1484806	12.7052856	14.1479194
12.4131775	12.982115	14.4561794
13.3450125	13.9566587	15.5413781
15.6030781	16.3182194	18.1710856
17.928155	18.74986	20.8788306
24.5210469	25.6449263	28.5568037
34.1923606	35.7595088	39.819855
53.3827819	55.8294919	62.1687019
427.640031710996	431.572787310996	441.762226110996
71.753975	75.0426969	83.5634919
49.2978975	51.5573813	57.4115131
32.1328419	33.6055956	37.4213744
23.4195794	24.4929781	27.2740563
17.1141412	17.8985394	19.9308438
14.5972613	15.2663019	16.9997275
13.0509138	13.64908	15.1988775
12.5898812	13.1669169	14.661965
8.78752675	9.1902875	10.2338078
8.30068756	8.68113531	9.66684219
8.18722881	8.5624765	9.53471031
8.614489	9.00931956	10.0322914
8.54545863	8.93712569	9.951899
8.58190413	8.97524094	9.99434319
8.5776985	8.97084294	9.98944569
8.68104856	9.07892956	10.1098064
8.29609519	8.67633244	9.66149469
8.65670225	9.05346744	10.0814513
8.74217544	9.14285806	10.1809936
9.32584469	9.75327888	10.8607243
10.0053629	10.4639414	11.6520806
11.2632196	11.7794487	13.1169575
14.94669	15.6317469	17.4066663
21.5967237	22.5865725	25.151185
31.4806388	32.9234988	36.6618294
43.6815056	45.6835744	50.8707569
32.2229869	33.6998731	37.526355
20.6019975	21.546255	23.9927438
15.3354987	16.0383756	17.8594663
12.0558794	12.60844	14.0400763
9.69433894	10.1386623	11.2898662
9.257419	9.68171712	10.7810346
6.549433	6.84961525	7.62736087
6.47154575	6.76815812	7.53665469
6.222595	6.507797	7.24673087
6.29307662	6.58150919	7.3288125
6.41708025	6.71119619	7.47322519
6.35587638	6.64718731	7.40194819
6.28707425	6.57523175	7.32182244
6.42096719	6.71526131	7.47775156
6.35070112	6.64177475	7.39592106
6.49901819	6.79688963	7.56864856
6.5814515	6.88310137	7.66464906
6.66092725	6.9662195	7.75720506
7.21801763	7.54884337	8.40598337
8.50542675	8.89525837	9.90527825
10.3825964	10.8584656	12.0913986
12.2313523	12.7919564	14.24443
15.5810188	16.2951481	18.1453944
17.6188275	18.4263562	20.5185944
16.9659319	17.7435369	19.7582438
13.4767544	14.0944375	15.6948056
10.6921954	11.1822537	12.4519516
8.67343325	9.07096538	10.1009369
7.50198837	7.84582912	8.73669119
7.15009631	7.477809	8.3268835
5.27917194	5.52113394	6.148036
5.13734669	5.37280837	5.98286881
4.97813706	5.20630144	5.79745575
5.07684887	5.3095375	5.91241381
5.08962919	5.32290381	5.92729756
5.03727631	5.26815137	5.86632825
5.12553844	5.36045862	5.969117
5.27845894	5.52038806	6.14720525
5.40848975	5.65637875	6.29863738
5.89549069	6.1657005	6.8657905
6.26043006	6.54736625	7.29079294
7.77325631	8.12953062	9.052605
9.30267881	9.72905112	10.8337446
9.547257	9.98484019	11.1185773
8.35403263	8.7369255	9.728968
7.07178463	7.395908	8.235683
6.25748956	6.544291	7.28736831
5.61956744	5.87713075	6.54445494
4.53830175	4.74630725	5.285231
4.276267	4.47226238	4.98006944
4.30550519	4.50284075	5.01411975
4.372119	4.57250756	5.09169694
4.33729862	4.53609125	5.05114587
4.48678937	4.69243363	5.22524038
4.854233	5.0767185	5.65315913
5.281248	5.52330506	6.15045369
6.08029581	6.35897587	7.08101156
5.9681855	6.24172712	6.95044981
5.50934987	5.76186162	6.41609731
4.74419144	4.96163363	5.52500688
4.09329813	4.2809075	4.76698694
3.93085244	4.1110165	4.57780556
3.97200269	4.15405275	4.62572844
4.21602069	4.40925506	4.90990775
4.41548794	4.61786444	5.14220394
4.431653	4.63477037	5.16102975
3.99499344	4.17809719	4.652503
