#?RADIANCE
genskyvec -m 1
NROWS=146
NCOLS=1
NCOMP=3
FORMAT=ascii

11.6722169	12.2071938	13.59327
29.2510888	30.5917619	34.0653319
30.186495	31.5700406	35.1546912
31.1304075	32.5572156	36.253955
32.0692788	33.5391213	37.34735
32.0364825	33.5048181	37.3091531
31.6930519	33.14565	36.9092025
31.685025	33.137255	36.8998525
29.9918306	31.366455	34.9279881
29.29833	30.6411675	34.1203469
30.1418212	31.52332	35.1026644
28.9108319	30.23591	33.6690756
29.3247338	30.6687844	34.1510994
29.64849	31.0073775	34.5281381
30.5564425	31.9569469	35.5855263
33.9269331	35.481915	39.5107419
40.0744406	41.9111844	46.6700287
46.1534094	48.2687737	53.7494937
59.7886575	62.5289681	69.6288769
79.8510337	83.5108713	92.9931875
89.5703462	93.6756488	104.31213
98.1452431	102.643578	114.298319
81.5458263	85.2833412	94.9669212
68.3993206	71.5342881	79.6567125
54.2887981	56.7770337	63.2238338
41.5776287	43.4832687	48.4206169
36.2639781	37.9260763	42.2324269
32.2342581	33.7116612	37.5394825
30.0130137	31.38861	34.9526569
28.6436525	29.956485	33.3579206
28.5158406	29.8228169	33.209075
20.58663	21.5301831	23.9748462
19.2910663	20.1752388	22.466055
21.4278225	22.4099294	24.954485
21.2268819	22.1997806	24.720475
21.3969875	22.3776819	24.9185744
20.3475656	21.2801619	23.696435
21.8152894	22.8151581	25.405725
22.1281206	23.142325	25.7700419
21.08456	22.050935	24.5547288
18.3183625	19.157955	21.3332619
19.0932337	19.9683375	22.2356606
19.3977244	20.2867856	22.5902675
21.5266912	22.5133306	25.0696269
23.0748094	24.1324044	26.8725406
25.5613288	26.7328881	29.7682987
31.5499231	32.9959619	36.742515
41.7132569	43.6251131	48.578565
55.18005	57.7091356	64.2617694
79.8097887	83.4677344	92.9451525
103.216764	107.947532	120.204519
109.96235	115.002281	128.060325
88.1986962	92.2411412	102.714737
61.5063194	64.3253575	71.6292394
45.5739981	47.6628056	53.0747225
35.1184394	36.7280362	40.8983525
29.3282687	30.6724794	34.1552131
23.8583187	24.9518237	27.7850025
21.9237275	22.9285656	25.5320106
20.2668081	21.1957037	23.6023894
20.2371594	21.1646962	23.5678594
13.1720488	13.7757675	15.3399506
12.5521781	13.1274844	14.6180581
12.6477813	13.2274713	14.7293963
13.7736063	14.4048969	16.0405144
13.7148775	14.3434763	15.9721188
13.6975306	14.3253344	15.9519169
13.5264444	14.1464063	15.7526725
13.5717625	14.1938	15.8054488
12.941	13.5341294	15.0708744
14.0759975	14.7211463	16.3926725
15.2467981	15.9456088	17.7561681
18.9518863	19.8205131	22.0710519
24.8641981	26.0038044	28.9564319
35.5841381	37.2150762	41.4406975
60.0230169	62.7740688	69.9018094
1531.48870985723	1536.16496285723	1548.28075485723
2342.20933360991	2347.56364760991	2361.43619060991
76.55165	80.0602644	89.15078
42.0095844	43.9350225	48.9236644
27.5314644	28.7933237	32.0626862
20.629035	21.5745331	24.0242306
16.9107113	17.6857844	19.6939337
14.049475	14.6934081	16.3617862
13.6074156	14.2310875	15.8469712
9.72257675	10.168195	11.3227506
9.62339875	10.0644701	11.2072513
9.32838394	9.75593444	10.8636801
9.49146763	9.92649275	11.0536051
9.75184425	10.1988043	11.3568351
9.65325212	10.0956936	11.2420166
9.55199656	9.98979612	11.1240969
9.86650925	10.3187234	11.4903731
10.068865	10.5303549	11.7260325
10.8596867	11.3574212	12.6470094
12.2485313	12.8099219	14.2644369
14.65972	15.3316238	17.0724675
18.6571944	19.512315	21.72786
29.2891088	30.631525	34.10961
47.2516506	49.4173506	55.0284869
68.7327425	71.8829925	80.0450112
2335.21648114292	2339.06408244292	2349.03288684292
57.4062225	60.0373394	66.8543337
34.9319037	36.5329475	40.6811144
22.8918419	23.94105	26.6594587
16.8391206	17.6109119	19.6105587
13.2534263	13.8608756	15.4347212
11.3237333	11.8427362	13.1874306
10.612585	11.0989937	12.3592387
8.24539925	8.62331306	9.60245481
7.8678275	8.22843606	9.16274138
7.61659762	7.96569144	8.87016331
7.74985813	8.10505962	9.02535619
7.83379075	8.19283931	9.12310256
8.00141994	8.36815125	9.31832056
8.52386069	8.9145375	9.92674681
9.88902237	10.3422698	11.51659
11.7083706	12.2450038	13.635375
16.2536375	16.9985944	18.928715
21.6034581	22.5936163	25.1590281
34.7218919	36.31331	40.4365381
42.6481994	44.6029069	49.6673838
29.5353012	30.889	34.39632
19.4716944	20.3641462	22.6764119
13.5246688	14.1445487	15.750605
10.6183108	11.1049838	12.3659094
9.03922794	9.45352538	10.5269349
7.58339381	7.93096575	8.83149438
7.05319988	7.37647131	8.21403931
6.9970935	7.31779344	8.14869894
7.25759706	7.59023681	8.45207706
7.84497175	8.20453269	9.13612387
9.67170375	10.1149899	11.2635069
12.9968312	13.5925175	15.1358925
16.9224613	17.6980744	19.7076194
20.8823331	21.8394381	24.3192163
16.1862781	16.9281487	18.8502694
11.3584313	11.8790262	13.2278413
8.70785437	9.10696406	10.1410226
7.79809175	8.15550375	9.081528
7.32937794	7.6653075	8.53567194
7.98814019	8.35426306	9.30285538
9.9853055	10.4429639	11.6287213
11.0345561	11.5403075	12.8506631
9.80268825	10.2519774	11.4160469
8.48405075	8.87290294	9.88038469
