#?RADIANCE
genskyvec -m 1
NROWS=146
NCOLS=1
NCOMP=3
FORMAT=ascii

11.3953331	11.9176187	13.270815
29.0316394	30.362255	33.809765
29.9495387	31.3222244	34.8787344
30.8874913	32.3031675	35.97106
31.8628325	33.3232094	37.1069244
31.9609369	33.4258125	37.2211769
31.6505725	33.1012219	36.8597313
31.66643	33.1178087	36.8782
30.01328	31.3888869	34.9529663
29.3750794	30.7214381	34.2097306
29.9775738	31.3515444	34.911385
28.8060638	30.1263412	33.5470625
29.0372237	30.3680937	33.8162675
29.2772881	30.6191619	34.0958425
30.1354675	31.516675	35.0952637
33.3407744	34.8688912	38.8281106
39.401645	41.2075537	45.8865044
45.3232106	47.4005231	52.7826569
59.1585381	61.8699712	68.8950506
80.2205375	83.89731	93.4234994
91.2951412	95.4795013	106.320816
102.234922	106.920691	119.061087
85.1099425	89.0108138	99.117615
71.4027062	74.6753281	83.1544056
55.9799081	58.5456531	65.1932719
42.2854844	44.2235681	49.2449744
36.5382244	38.2128912	42.5518094
32.2160806	33.6926513	37.5183144
29.9334325	31.3053819	34.8599769
28.4620544	29.766565	33.1464362
28.3178012	29.6157012	32.9784413
20.7988831	21.7521656	24.2220356
19.5560088	20.4523231	22.7746012
21.6747556	22.6681806	25.2420581
21.5282469	22.5149569	25.0714381
21.7363119	22.7325581	25.3137481
20.7256194	21.6755438	24.1367113
22.1760937	23.1924962	25.82591
22.4724381	23.502425	26.1710281
21.4053244	22.3864	24.9282838
18.6341381	19.4882006	21.7010075
19.3391894	20.2255675	22.5220987
19.5820531	20.4795638	22.8049331
21.6084063	22.5987894	25.1647906
23.0812662	24.1391569	26.8800594
25.498215	26.6668813	29.6947969
31.3666562	32.8042925	36.5290869
41.36991	43.2660288	48.17871
54.9228275	57.4401206	63.9622119
80.4541944	84.1416762	93.6956187
106.816118	111.711847	124.396275
117.459231	122.842769	136.791075
94.8647625	99.2127244	110.477928
65.7353981	68.7482675	76.5543519
47.943515	50.140925	55.8342219
36.508915	38.18224	42.5176775
30.2012025	31.5854225	35.1718194
24.4156813	25.5347312	28.4340969
22.288715	23.3102813	25.9570688
20.5524038	21.4943875	23.9349869
20.4707531	21.408995	23.8398994
13.5410981	14.1617319	15.7697394
12.9323512	13.5250856	15.0608037
13.0438819	13.641725	15.1906881
14.1855894	14.8357619	16.5203019
14.14176	14.7899225	16.4692588
14.1226062	14.7698906	16.4469512
13.9311669	14.5696794	16.2240075
13.9385606	14.5774113	16.2326175
13.2744025	13.8828119	15.4591481
14.3485363	15.0061763	16.7100663
15.4709838	16.18007	18.01725
19.0803431	19.9548569	22.2206506
24.864185	26.0037937	28.9564194
35.3789975	37.0005338	41.2017938
59.6046981	62.3365763	69.41464
1378.96790941806	1383.68671441806	1395.91266241806
2637.20461812501	2643.06298712501	2658.24148012501
83.110955	86.9202025	96.7896381
44.8869194	46.9442369	52.2745619
29.1143244	30.4487319	33.9060612
21.5697488	22.5583594	25.11977
17.5457356	18.3499156	20.4334719
14.5238212	15.1894975	16.9142013
14.0006925	14.6423875	16.3049737
10.1451038	10.610087	11.8148187
10.0355699	10.4955324	11.6872563
9.74576319	10.1924434	11.3497537
9.91308569	10.3674359	11.544615
10.1769481	10.6433904	11.8519062
10.0749251	10.5366912	11.7330912
9.95738906	10.4137688	11.5962094
10.2508252	10.7206539	11.9379406
10.426214	10.9040826	12.1421963
11.1886256	11.7014387	13.0300844
12.5456063	13.1206125	14.6104044
14.916375	15.6000431	17.3713625
18.8280856	19.6910394	21.9268775
29.1942413	30.5323106	33.9991294
46.6210456	48.7578419	54.294095
67.4090306	70.4986112	78.5034356
2044.12345784616	2048.03577154616	2058.17222904616
60.6920594	63.473775	70.6809619
37.1740013	38.87781	43.292225
24.2797025	25.3925213	28.2757375
17.7626137	18.5767325	20.6860431
13.8985762	14.5355944	16.1860512
11.8437063	12.3865437	13.7929844
11.0646944	11.571825	12.8857594
8.70365975	9.10257713	10.136137
8.30083688	8.68129163	9.66701669
8.04278469	8.41141231	9.36649356
8.17087813	8.54537656	9.515669
8.24831481	8.62636256	9.60585119
8.40059475	8.78562175	9.78319306
8.90865706	9.31697006	10.3748739
10.2524648	10.7223689	11.9398512
12.0544588	12.6069544	14.0384231
16.5327975	17.2905506	19.2538213
21.8203825	22.8204831	25.4116563
34.7022006	36.2927156	40.4136056
43.1250181	45.1015806	50.22268
30.91038	32.3271044	35.9977156
20.5958825	21.5398613	23.9856237
14.3304581	14.9872688	16.6890125
11.2299596	11.7446656	13.078225
9.54530619	9.98279969	11.1163063
8.0602445	8.42967212	9.38682681
7.50300456	7.84689194	8.73787437
7.4280145	7.76846488	8.65054213
7.67697006	8.02883081	8.94047175
8.26342094	8.64216056	9.62344288
10.0927431	10.5553286	11.7538412
13.4107569	14.0254156	15.6179444
17.3790925	18.1756344	20.2394013
21.5572019	22.5452394	25.1051588
17.013305	17.79308	19.8134106
12.0548544	12.6073681	14.0388831
9.2609425	9.68540175	10.7851387
8.30833831	8.68913713	9.67575294
7.80170831	8.15928638	9.08574019
8.45747137	8.84510519	9.84943094
10.4786991	10.9589726	12.2033181
11.6254431	12.158275	13.5387962
10.4020947	10.8788566	12.1141063
9.00240088	9.41501075	10.4840464
