#?RADIANCE
genskyvec -m 1
NROWS=146
NCOLS=1
NCOMP=3
FORMAT=ascii

7.34782312	7.68459794	8.55715269
20.3529156	21.2857581	23.7026681
19.9403406	20.8542706	23.2221863
19.8626056	20.7729762	23.1316625
20.0231975	20.9409256	23.3186813
20.2733569	21.2025525	23.6100156
20.0336013	20.9518088	23.3308
20.1894488	21.1147981	23.5122963
19.8158381	20.7240631	23.0771981
20.2174075	21.1440375	23.5448562
20.01437	20.9316944	23.3084031
20.3382581	21.2704275	23.6855975
20.2124169	21.1388194	23.5390456
20.4020194	21.3371131	23.759855
20.8993619	21.8572469	24.3390481
22.2063475	23.2241369	25.8611438
25.7077569	26.8860256	29.9388263
28.629645	29.9418356	33.3416088
38.5842481	40.3526894	44.9345725
57.503785	60.1393731	66.9679531
74.4928912	77.9071456	86.7531862
104.412291	109.197852	121.596818
93.37466	97.6543219	108.742565
79.4195794	83.0596344	92.4907088
55.601195	58.1495819	64.7522288
37.2145937	38.92026	43.3394962
29.6746081	31.0346937	34.5585562
24.7041881	25.8364638	28.7700881
22.6800306	23.7195306	26.4127863
20.9382656	21.897935	24.3843562
20.4093794	21.3448106	23.7684256
17.0615494	17.8435369	19.8695987
16.0868169	16.8241294	18.7344394
16.8915156	17.6657112	19.6715794
16.6449356	17.4078275	19.384415
16.6241369	17.3860775	19.360195
16.1436244	16.8835413	18.8005981
16.9038813	17.6786412	19.6859781
17.21052	17.9993356	20.043085
16.9201725	17.69568	19.7049519
15.6331544	16.3496744	18.2061119
16.1370544	16.8766669	18.7929437
16.3218531	17.0699369	19.0081575
17.4232581	18.2218238	20.2908387
18.0625319	18.8904	21.0353256
19.2581481	20.1408119	22.4277194
22.4769537	23.5071487	26.1762894
28.3525225	29.6520112	33.0188769
37.5790137	39.3013825	43.7638944
57.8722294	60.5247056	67.3970356
88.7423744	92.8097281	103.347891
1378.13669892482	1384.25904292482	1400.12151192482
131.902913	137.948475	153.61195
85.7347687	89.6642844	99.8452938
54.7631681	57.2731438	63.7762762
37.6408644	39.3660694	43.8359262
28.8420694	30.1639944	33.5889938
22.33967	23.3635706	26.0164081
19.6058463	20.5044481	22.8326413
17.8201719	18.63693	20.7530762
17.3047856	18.0979206	20.152865
12.8550769	13.4442669	14.9708094
12.3136737	12.8780494	14.3402988
12.2090031	12.7685831	14.2184031
12.7449681	13.3291112	14.8425781
12.7024206	13.2846162	14.7930294
12.7498113	13.3341769	14.8482175
12.7354819	13.3191925	14.8315312
12.8456194	13.4343762	14.9597956
12.4651656	13.036485	14.5167256
13.0729231	13.6720987	15.2245106
13.6029806	14.2264506	15.8418062
15.4962256	16.2064675	18.0466456
18.6935056	19.5502906	21.770145
24.8286506	25.9666306	28.9150344
39.7281362	41.5490094	46.2667287
69.011025	72.1740275	80.3690887
1644.25432564585	1649.82411464585	1664.25498464585
1186.51768033684	1191.63523633684	1204.89439433684
54.4628075	56.9590163	63.42648
32.7309606	34.2311275	38.1179331
22.5858969	23.6210837	26.3031594
17.5679294	18.3731244	20.4593181
14.3678256	15.0263512	16.7325319
13.5146119	14.13403	15.7388931
10.7183719	11.2096306	12.4824375
10.5044553	10.9859094	12.2333144
10.2104354	10.6784138	11.8909056
10.265697	10.7362075	11.95526
10.3981084	10.8746869	12.1094644
10.3442156	10.8183256	12.0467013
10.2966488	10.7685775	11.9913056
10.4885739	10.9693019	12.21482
10.5602948	11.0443087	12.2983425
10.9604988	11.462855	12.764415
11.6478775	12.1817381	13.5649244
12.9222463	13.5145131	15.0490337
15.1349144	15.8285975	17.6258713
21.0481106	22.0128156	24.51228
30.7709294	32.1812631	35.8353131
42.0986963	44.0282194	49.0274419
58.0917431	60.7542788	67.6526794
56.5013175	59.0909594	65.800495
40.3803331	42.2310981	47.0262663
26.8004825	28.0288369	31.2113969
19.2173881	20.0981844	22.3802513
14.7085738	15.3827162	17.12936
12.5084894	13.0817956	14.5671794
11.5969525	12.1284794	13.5056169
9.77906562	10.2272712	11.3885375
9.34970406	9.77823256	10.88851
9.10059519	9.5177055	10.5984031
9.14255375	9.56158731	10.6472675
9.17520225	9.595732	10.6852881
9.2389595	9.66241188	10.7595387
9.51464694	9.950735	11.0806006
10.2438226	10.7133306	11.9297856
11.2645963	11.7808881	13.1185619
13.8837681	14.5201075	16.168805
17.1302494	17.915385	19.9496006
24.9001719	26.0414306	28.9983275
32.0792119	33.5495081	37.3589187
28.72423	30.0407563	33.4517606
21.3029994	22.2793863	24.80912
15.4827519	16.1923762	18.0309544
12.3365694	12.9019969	14.3669656
10.6117938	11.0981663	12.3583187
9.3077445	9.73434838	10.8396437
8.78015931	9.18258319	10.2252287
8.64627694	9.04256463	10.0693106
8.75828131	9.15970256	10.1997494
9.07781231	9.49387844	10.5718706
10.1744839	10.6408158	11.8490363
12.2478019	12.8091581	14.2635862
15.0198775	15.7082881	17.4919013
18.7558187	19.61546	21.842715
16.725475	17.4920587	19.4782106
13.0404856	13.6381756	15.1867331
10.4343615	10.9126019	12.1516831
9.46514138	9.89896	11.0229469
8.94372169	9.35364188	10.4157112
9.3002185	9.72647825	10.8308781
10.64428	11.1321413	12.3961494
11.8406794	12.3833794	13.78946
11.1976962	11.7109244	13.0406512
9.84617325	10.2974582	11.46669
