#?RADIANCE
genskyvec -m 1
NROWS=146
NCOLS=1
NCOMP=3
FORMAT=ascii

3.4237745	3.5806975	3.98727081
15.3822756	16.0872963	17.9139419
15.5868194	16.3012169	18.1521519
16.2134344	16.9565494	18.8818944
17.6609294	18.4703875	20.5676244
20.8611175	21.8172519	24.2945125
26.6548094	27.8764875	31.0417506
35.9164438	37.5626119	41.8276931
57.4041356	60.0351556	66.8519019
90.7620031	94.92192	105.699907
367.340805362849	371.988584362849	384.030545362849
92.8225888	97.0769525	108.099646
54.4433588	56.9386769	63.4038294
35.395245	37.0175269	41.2207162
25.8165356	26.9997931	30.0655094
20.2911631	21.2211756	23.6307531
17.8197406	18.6364787	20.752575
16.0990044	16.8368756	18.7486313
15.6293812	16.3457288	18.2017194
15.2223806	15.9200725	17.7277306
15.4224237	16.1292837	17.9606981
15.6759394	16.39442	18.2559394
15.3898619	16.0952288	17.9227775
15.3023881	16.0037475	17.8209075
15.7827494	16.5061238	18.3803269
15.2764256	15.9765956	17.7906687
15.7463425	16.4680488	18.3379288
15.3621075	16.066205	17.8904569
15.4464056	16.1543663	17.9886281
14.9991312	15.6865912	17.4677387
15.1040462	15.796315	17.5899238
12.4592525	13.0303013	14.5098394
12.1375019	12.6938019	14.1351313
13.5257875	14.1457181	15.7519069
14.6577944	15.32961	17.0702244
17.9050325	18.7256794	20.8519031
22.5696556	23.6040981	26.284245
31.9912537	33.4575194	37.2564825
51.2002337	53.5469094	59.6269413
368.035268066986	372.209239866986	383.023699666986
1953.45943411404	1958.98816811404	1973.31262411404
84.6402625	88.5196144	98.5706587
50.4444219	52.7564556	58.7467344
33.3095931	34.8362837	38.7917994
22.6972269	23.7375169	26.432815
17.5042338	18.3065088	20.3851394
14.4734037	15.1367669	16.8554856
14.0542356	14.6983888	16.3673319
12.3891969	12.9570344	14.4282519
12.1010044	12.6556337	14.0926313
11.6618463	12.1963469	13.5811931
11.8219181	12.3637544	13.76761
12.1174212	12.6728031	14.1117475
11.6147131	12.1470537	13.5263006
12.4135094	12.9824619	14.4565688
12.5952356	13.1725175	14.6682012
12.7132825	13.2959731	14.8056775
12.1558806	12.713025	14.1565375
12.2706338	12.8330381	14.2901763
11.9957563	12.54556	13.9700569
12.2009875	12.7601994	14.2090669
9.24967006	9.67361281	10.7720124
9.29753862	9.7236755	10.8277589
10.1747298	10.6410717	11.8493225
12.8077675	13.3947913	14.9157125
17.2960306	18.0887656	20.1426688
26.9795706	28.2161338	31.41996
44.0895425	46.1103125	51.3459494
65.7618463	68.7759287	76.5851581
49.6081481	51.8818544	57.7728262
31.5134375	32.9578025	36.7000263
20.605255	21.5496619	23.9965387
14.1451025	14.7934194	16.4731525
11.2459619	11.7614019	13.09686
9.8026445	10.2519324	11.4159975
9.33990125	9.76798006	10.8770936
9.18275656	9.60363312	10.6940863
8.9163445	9.32501031	10.3838273
9.31277438	9.73960894	10.8455018
9.09019269	9.50682694	10.5862882
8.78928119	9.19212269	10.2358503
9.0828075	9.49910244	10.5776869
9.1109095	9.52849294	10.6104137
8.77832381	9.1806635	10.2230891
9.06875481	9.484406	10.5613225
7.57268225	7.91976319	8.81902006
7.98751681	8.353611	9.30212944
8.72744781	9.12745506	10.1638404
10.0401181	10.5002882	11.6925525
13.4933094	14.111755	15.714085
17.0669881	17.8492238	19.87593
24.1352075	25.2414025	28.1074619
29.5367987	30.8905675	34.3980637
25.4542662	26.6209194	29.6436175
19.8865069	20.7979719	23.1594975
14.2750106	14.9292819	16.6244406
10.6971285	11.1874126	12.4576981
9.33366162	9.76145406	10.8698271
8.287681	8.66753275	9.65169544
7.79534513	8.15263144	9.07832919
7.45356225	7.79518387	8.68029494
7.33801931	7.67434494	8.54573538
7.33471538	7.67088975	8.54188788
7.4299735	7.7705135	8.65282369
7.40047988	7.73966825	8.61847575
7.42970456	7.77023263	8.65251062
7.46724681	7.80949537	8.69623175
7.38698706	7.72555725	8.60276262
7.54820781	7.894167	8.79051744
6.74130338	7.05027975	7.85081
7.27590763	7.60938637	8.47340113
8.16874694	8.54314756	9.513187
10.2670342	10.7376066	11.9568188
13.0586119	13.6571319	15.2078425
15.5008875	16.2113456	18.0520775
15.3997788	16.1056019	17.9343269
12.1627381	12.7201981	14.1645238
9.80767588	10.2571934	11.4218557
8.07527688	8.4453935	9.40433256
7.11730081	7.44351025	8.28869019
6.770377	7.08068587	7.88466875
6.58201825	6.88369412	7.66530925
6.4532025	6.74897413	7.5152925
6.37053913	6.66252188	7.41902394
6.392017	6.68498425	7.44403706
6.48614344	6.78342494	7.55365494
6.55387588	6.85426181	7.63253506
6.42507369	6.71955613	7.48253419
6.98018237	7.30010731	8.12900456
8.48368388	8.87251894	9.87995694
10.3177177	10.7906119	12.0158417
9.94501494	10.4008284	11.5817981
8.4113995	8.796922	9.79577631
7.22270681	7.55374731	8.41144438
6.50298087	6.80103394	7.57326337
6.13635019	6.41759938	7.1462915
6.00154112	6.27661156	6.98929525
6.02874144	6.30505862	7.02097213
6.08034056	6.35902275	7.08106381
6.26894006	6.556266	7.30070331
6.90357756	7.2199915	8.039792
7.26227094	7.59512462	8.45751994
6.79843938	7.11003425	7.91734962
6.07650888	6.35501538	7.07660131
5.96058113	6.23377419	6.94159375
6.38278	6.67532363	7.4332795
