#?RADIANCE
genskyvec -m 1
NROWS=146
NCOLS=1
NCOMP=3
FORMAT=ascii

3.78615856	3.95969087	4.40929725
17.4422562	18.2416931	20.3129625
17.015105	17.7949619	19.8155075
16.9868362	17.7653987	19.7825875
17.1699031	17.9568563	19.9957838
17.4152431	18.2134406	20.2815025
17.22579	18.0153063	20.06087
17.3787756	18.1752994	20.2390319
16.9919244	17.7707212	19.788515
17.3518988	18.1471944	20.2077331
17.2425237	18.0328069	20.0803575
17.3943681	18.1916106	20.2571925
17.2290237	18.0186862	20.0646344
17.1724681	17.9595381	19.99877
17.2876531	18.0800031	20.1329144
18.1035606	18.9333069	21.0831056
20.3418975	21.2742337	23.6898344
22.51142	23.5431931	26.2164281
29.2912387	30.633755	34.1120906
43.9360037	45.9497356	51.1671381
63.484275	66.39397	73.9327338
105.749266	110.596103	123.153837
117.905001	123.308982	137.310218
102.997281	107.717999	119.94893
66.373615	69.4157381	77.2976113
40.09805	41.9358769	46.6975244
29.4312737	30.7802056	34.2751731
23.0651025	24.1222519	26.8612362
20.2522094	21.1804337	23.5853844
18.2445956	19.080805	21.2473519
17.54137	18.3453494	20.4283881
14.1410513	14.7891831	16.4684331
13.2501356	13.8574331	15.4308881
14.005195	14.6471	16.3102175
13.7954769	14.4277688	16.0659831
13.8165006	14.4497569	16.0904675
13.4022363	14.0165044	15.6080212
14.1145281	14.7614425	16.4375444
14.3963112	15.0561419	16.7657056
14.1067831	14.7533425	16.4285244
12.8812713	13.4716619	15.0013144
13.2598875	13.8676312	15.442245
13.2941175	13.9034313	15.4821094
14.0773394	14.7225494	16.3942344
14.2986562	14.9540112	16.6519756
14.8193175	15.4985356	17.2583313
16.5511956	17.3097925	19.2752481
20.3275031	21.2591813	23.673075
25.2143325	26.3699906	29.3641937
37.4285681	39.1440437	43.5886888
56.288785	58.8686863	65.5529844
323.439261426354	327.723078926354	338.822098526354
2070.39099983222	2076.81733783222	2093.46735583222
313.238072292491	317.531085392491	328.653906792491
57.7309369	60.3769363	67.2324913
37.1230456	38.8245163	43.2328831
27.0048975	28.24262	31.4494544
19.7331625	20.6375981	22.9809125
16.7982988	17.5682194	19.5630206
14.9543594	15.6397669	17.4155981
14.3949744	15.0547431	16.7641469
10.4243262	10.9021079	12.1399969
9.97175487	10.4287926	11.6129394
9.90561044	10.3596173	11.5359106
10.3905426	10.8667748	12.1006519
10.3758068	10.8513648	12.0834931
10.4232531	10.9009848	12.1387469
10.3965703	10.8730782	12.1076719
10.4429338	10.9215693	12.1616675
10.0351118	10.4950519	11.6867237
10.3809372	10.8567309	12.0894687
10.5685001	11.0528891	12.3079013
11.5335663	12.0621881	13.4317994
13.0596375	13.6582019	15.2090356
15.979015	16.7113856	18.6088956
23.4141512	24.4873	27.2677313
37.5418687	39.2625356	43.7206363
60.6793031	63.4604344	70.6661081
80.0972025	83.7683244	93.2798713
46.8943419	49.0436644	54.6123738
27.9481406	29.2290963	32.5479413
19.3258825	20.2116525	22.5066031
14.7169606	15.3914862	17.139125
11.7600637	12.2990663	13.695575
11.0044354	11.5088038	12.8155831
8.59422637	8.98812819	10.0086925
8.44370713	8.83071006	9.83340138
8.2239395	8.60086969	9.57746312
8.28856606	8.66845844	9.65272662
8.4154285	8.80113544	9.8004675
8.36966069	8.75326988	9.74716794
8.30387362	8.6844675	9.670553
8.41284663	8.79843512	9.79746119
8.36682175	8.75030081	9.74386213
8.54875538	8.94057306	9.95573869
8.81717888	9.22129881	10.2683391
9.32111563	9.74833281	10.8552169
10.3910787	10.8673362	12.1012769
13.1569394	13.7599656	15.3223538
17.5434419	18.347515	20.4307994
22.4434163	23.4720706	26.1372294
30.2448412	31.6310613	35.2226394
33.2527419	34.7768244	38.7255906
28.5732069	29.8828112	33.2758825
20.6473881	21.593725	24.045605
15.2808956	15.9812681	17.7958769
11.7852013	12.3253569	13.72485
10.0134003	10.4723477	11.6614394
9.30413219	9.73057125	10.8354375
7.73491975	8.08943669	9.007959
7.4487385	7.79013881	8.67467706
7.27287425	7.606214	8.46986837
7.32884375	7.66474894	8.5350495
7.34361325	7.68019537	8.55225012
7.32377	7.65944231	8.52914069
7.44361562	7.78478112	8.66871112
7.7561835	8.11167494	9.03272231
8.18841713	8.56371931	9.53609487
9.37520269	9.80489875	10.9182044
10.7692594	11.2628506	12.5416994
14.3370113	14.9941225	16.6966431
18.0227394	18.8487819	20.9889831
17.9511969	18.7739606	20.905665
14.715935	15.390415	17.1379338
11.5026197	12.0298238	13.3957594
9.53602725	9.9730945	11.1054986
8.32416581	8.70568969	9.694185
7.25742394	7.59005581	8.45187538
6.88907694	7.20482594	8.02290456
6.82152531	7.1341785	7.94423519
6.87533088	7.19045006	8.00689606
6.97007631	7.28953787	8.11723513
7.441169	7.78222237	8.66586181
8.38785431	8.7722975	9.76835538
9.68399075	10.1278388	11.2778138
11.6805387	12.2158969	13.6029619
11.1614562	11.6730232	12.9984469
9.51373694	9.94978306	11.0795387
7.91847694	8.28140687	9.2217265
7.15355581	7.48142694	8.33091231
6.82075725	7.13337494	7.94334056
6.9541315	7.27286238	8.09866625
7.58197875	7.92948594	8.8298465
8.25314781	8.63141688	9.6114785
8.07697537	8.44716994	9.4063115
7.2373115	7.56902144	8.42845275
