#?RADIANCE
genskyvec -m 1
NROWS=146
NCOLS=1
NCOMP=3
FORMAT=ascii

12.0910081	12.6451806	14.0809875
29.4856875	30.8371138	34.3385412
28.8908519	30.2150137	33.6458062
29.1664775	30.5032725	33.9667937
30.0958419	31.475235	35.0491187
31.8503656	33.3101731	37.0924062
35.4785531	37.1046513	41.3177313
40.9627969	42.8402563	47.7045931
50.8332612	53.1631169	59.1995719
65.1708175	68.1578125	75.8968512
77.8276294	81.394725	90.6367631
94.7725262	99.1162675	110.370502
88.1508531	92.1911044	102.659022
74.5016856	77.916345	86.7634225
60.2520663	63.0136175	70.1685569
47.6230187	49.80574	55.4609763
39.8606013	41.6875444	46.4209944
34.8206206	36.4165644	40.5515169
31.4580237	32.8998469	36.6354912
29.18227	30.5197906	33.9851869
29.7590912	31.1230487	34.6569425
29.4449006	30.7944575	34.2910406
29.8950819	31.2652706	34.8153144
29.6414362	31.0000006	34.519925
31.5794731	33.026865	36.77693
31.8733038	33.3341638	37.1191231
33.0820356	34.5982956	38.5267881
32.7633075	34.2649575	38.1556025
31.7747656	33.2311075	37.0043644
30.6618562	32.0671906	35.7082875
29.6675838	31.0273463	34.5503731
20.3013787	21.2318562	23.6426475
18.7299125	19.5883675	21.8125475
20.7472787	21.6981938	24.1619356
21.2521044	22.2261594	24.7498487
23.7791156	24.8689906	27.6927644
26.63103	27.8516181	31.0140562
33.4479113	34.9809375	38.95288
44.2950325	46.3252219	51.5852606
61.7789719	64.6105044	71.9467644
82.6147256	86.4012325	96.2117431
104.519673	109.310144	121.721863
102.145851	106.827524	118.95735
80.0212631	83.6889013	93.1914306
56.8231625	59.427555	66.1753106
41.9502081	43.8729256	48.8545156
31.3367706	32.7730388	36.4942831
28.2287281	29.5225444	32.8747081
22.5141631	23.5460613	26.21962
20.6628	21.6098431	24.0635538
19.0530313	19.9262944	22.188845
19.1269175	20.0035656	22.2748881
19.7739975	20.680305	23.0284688
18.7466338	19.6058537	21.8320181
21.0190838	21.9824575	24.4784756
21.7539812	22.7510375	25.3343238
22.2930631	23.3148269	25.96213
20.9377887	21.8974394	24.3838037
21.1800906	22.1508456	24.6659831
20.1968712	21.1225594	23.5209394
20.2897388	21.2196844	23.6290937
12.84442	13.4331219	14.9583981
12.5180088	13.0917525	14.5782675
13.3716788	13.9845487	15.5724356
16.2753525	17.0213069	18.9540075
20.1448337	21.0681363	23.4603369
28.106335	29.3945406	32.7321725
43.0623544	45.0360425	50.1497019
73.3532956	76.7153213	85.4260306
2320.86579810292	2326.01801910292	2339.36696010292
102.747521	107.456779	119.658042
61.4819162	64.2998356	71.60082
35.4788006	37.1049106	41.31802
23.7995662	24.8903756	27.7165762
17.8536125	18.6719019	20.7920194
15.1182381	15.8111562	17.60645
13.8424213	14.4768656	16.120655
12.743285	13.3273506	14.8406175
13.4471706	14.0635	15.6603519
12.9931719	13.5886919	15.1316312
12.4065769	12.9752112	14.4484925
13.1861581	13.7905231	15.3563825
13.2817	13.8904456	15.4676481
12.4119837	12.9808663	14.4547894
12.9019863	13.4933294	15.02544
9.34224162	9.77042775	10.8798199
9.87020281	10.3225867	11.494675
10.6698531	11.1588883	12.4259344
12.2340275	12.7947512	14.247545
16.28118	17.0273988	18.9607906
20.6527544	21.5993412	24.0518569
33.1539494	34.6735056	38.61054
54.2118938	56.6966044	63.1342706
2548.84443397883	2552.67874337883	2562.61310897883
1905.72890206916	1909.00445646916	1917.49112766916
42.9624925	44.9316062	50.0334069
25.9312612	27.1197775	30.1991175
19.4343594	20.3250988	22.6329319
14.3618531	15.0201038	16.725575
11.8641256	12.4078987	13.8167638
10.3946914	10.8711141	12.1054844
9.62262106	10.0636574	11.206345
9.34550675	9.77384287	10.8836225
9.41536663	9.84690338	10.9649798
9.32669619	9.75416894	10.8617141
9.4003765	9.83122756	10.9475223
9.48376187	9.918434	11.0446323
9.2582085	9.68254244	10.7819556
9.50405888	9.93966219	11.068269
7.72597694	8.08008431	8.99754475
8.50390813	8.89367025	9.90350981
9.82210744	10.2722869	11.4386638
13.0343944	13.6318019	15.1796388
18.3565144	19.1978538	21.3776925
29.5141875	30.8669206	34.3717331
38.6609275	40.4328844	45.0238719
33.1431231	34.6621825	38.5979306
23.0699875	24.1273613	26.8669244
15.3032175	16.0046163	17.8218737
11.2015218	11.7149244	13.0451062
9.32482169	9.75220906	10.8595309
8.23964181	8.61729181	9.59574994
7.5891425	7.93697775	8.83818906
7.28383044	7.61767231	8.48262775
7.24796	7.58015794	8.44085381
7.39214237	7.73094888	8.6087665
7.47239612	7.81488056	8.70222825
7.22625931	7.5574625	8.41558169
8.2852635	8.66500444	9.64888087
11.2500928	11.7657231	13.1016719
16.7766275	17.5455556	19.5377813
18.9366212	19.8045487	22.0532744
16.1881431	16.9300987	18.8524425
11.9962431	12.5460712	13.9706263
9.13237263	9.55093944	10.6354111
7.46361769	7.8057	8.69200506
6.78523506	7.096225	7.90197212
6.60300069	6.905638	7.68974494
6.66546413	6.97096437	7.76248894
7.28638556	7.62034469	8.48560362
8.93196519	9.34134694	10.4020189
10.6930721	11.1831726	12.4529756
9.96410925	10.4207989	11.6040374
7.41392981	7.75373475	8.63413956
6.77303313	7.08346375	7.887762
8.066713	8.43643681	9.39435981
