#?RADIANCE
genskyvec -m 1
NROWS=146
NCOLS=1
NCOMP=3
FORMAT=ascii

6.358028	6.64943763	7.40445375
19.3478425	20.2346194	22.5321787
18.93702	19.8049656	22.0537394
18.8717144	19.7366675	21.9776862
19.0362538	19.9087469	22.1693031
19.2842275	20.1680875	22.4580919
19.0582337	19.9317356	22.1949038
19.21238	20.0929469	22.3744181
18.8386306	19.7020687	21.9391581
19.2252156	20.1063706	22.3893663
19.0398694	19.9125313	22.1735169
19.3169525	20.2023112	22.4962025
19.1739162	20.0527206	22.3296256
19.2921475	20.1763694	22.467315
19.6763594	20.5781906	22.9147619
20.8273225	21.7819075	24.2551538
23.937565	25.0347031	27.87729
26.6410537	27.8621006	31.0257281
35.6756956	37.3108312	41.5473225
53.5423694	55.9963925	62.3545544
71.600475	74.8821637	83.3847262
105.129211	109.947641	122.431725
97.6602913	102.136378	113.733548
83.192015	87.0049856	96.8840412
57.1348063	59.7534825	66.538245
37.2993131	39.008865	43.4381613
29.1669969	30.503815	33.9673975
23.9378944	25.0350494	27.8776756
21.7614775	22.7588781	25.3430563
19.9760913	20.8916606	23.2638256
19.4132894	20.3030644	22.6083944
16.0999037	16.837815	18.7496806
15.157565	15.8522863	17.65225
15.9407781	16.6713969	18.5643656
15.7066	16.4264844	18.2916444
15.69649	16.4159106	18.2798706
15.2376138	15.9360038	17.7454713
15.9763562	16.7086062	18.6057994
16.2716719	17.0174575	18.9497194
15.9822038	16.7147212	18.6126088
14.7218475	15.3965981	17.1448188
15.1833325	15.879235	17.6822569
15.32035	16.0225337	17.8418256
16.3172431	17.0651162	19.0027906
16.82268	17.5937194	19.5914138
17.8037469	18.6197519	20.7339481
20.5505631	21.4924619	23.9328431
25.7745775	26.9559112	30.0166456
33.6749062	35.2183375	39.2172381
51.6582088	54.0258763	60.1602913
79.5536981	83.1999056	92.6469194
1324.244828327	1330.027896327	1345.011303327
1511.90814786013	1518.20609786013	1534.52352286013
87.6287281	91.64505	102.050956
55.0606944	57.5843081	64.1227725
37.1494319	38.8521144	43.2636119
28.0646856	29.3509825	32.6836662
21.4195944	22.4013225	24.9449038
18.65217	19.5070612	21.7220081
16.8668281	17.6398906	19.6428269
16.3438113	17.0929	19.0337306
12.0659275	12.6189494	14.0517813
11.5528881	12.0823956	13.4543025
11.4590675	11.9842763	13.34504
11.9757956	12.5246856	13.9468131
11.940085	12.4873381	13.905225
11.985495	12.5348306	13.9581094
11.9657813	12.5142131	13.93515
12.054435	12.6069287	14.038395
11.6655494	12.2002206	13.5855056
12.187855	12.746465	14.1937731
12.6057731	13.18354	14.680475
14.1946006	14.8451863	16.5307963
16.842995	17.6149638	19.6150737
21.9249906	22.9298856	25.5334794
34.4175569	35.9950275	40.082115
58.8659344	61.563955	68.55429
1167.12394389428	1171.79478789428	1183.89652689428
107.474164	112.400062	125.162623
52.7279456	55.1446425	61.40609
31.37148	32.8093381	36.5347037
21.55786	22.5459281	25.1059244
16.6474231	17.4104306	19.3873125
13.52491	14.1448019	15.750885
12.699915	13.2819944	14.7901113
10.03057	10.4903041	11.6814344
9.83497769	10.2857474	11.4536525
9.56289081	10.0011901	11.1367837
9.61971575	10.060618	11.20296
9.74827406	10.1950707	11.3526775
9.69582081	10.1402116	11.2915919
9.64097581	10.0828528	11.2277213
9.80505537	10.2544533	11.4188038
9.8376105	10.2885001	11.4567163
10.1655821	10.6315036	11.8386675
10.7131288	11.2041475	12.4763325
11.7282062	12.2657488	13.6584756
13.5581787	14.179595	15.7896288
18.4141669	19.25815	21.4448331
26.3344581	27.5414519	30.6686713
35.4717925	37.0975819	41.3098594
48.8789763	51.1192625	56.9236444
49.5447169	51.8155156	57.6989563
37.1195031	38.8208131	43.2287569
25.0422438	26.1900119	29.1637806
18.028815	18.8551325	20.9960581
13.7902369	14.4222881	16.05988
11.71169	12.2484763	13.6392394
10.8583194	11.3559931	12.6454212
9.11802469	9.53593362	10.6186988
8.73088325	9.13104825	10.1678411
8.50289481	8.89261069	9.90233025
8.54736912	8.93912319	9.95412394
8.57263175	8.96554369	9.9835445
8.60733094	9.00183325	10.0239543
8.83070331	9.2354435	10.2840892
9.42004169	9.85179288	10.9704244
10.2420988	10.7115262	11.92778
12.3762869	12.9435344	14.4132181
14.9940813	15.6813075	17.4618569
21.3468181	22.3252144	24.8601519
27.4313388	28.6886081	31.9460806
25.3748563	26.5378687	29.5511344
19.3010819	20.1857144	22.47772
14.2559981	14.9093988	16.6023
11.4542294	11.979215	13.339405
9.87869494	10.3314678	11.5045631
8.64314419	9.039288	10.065662
8.16232681	8.53643306	9.50571019
8.04681662	8.415629	9.37118887
8.13751063	8.51047994	9.47680981
8.38085525	8.76497769	9.76020481
9.2665035	9.69121706	10.791615
10.9594455	11.4617519	12.7631881
13.2405675	13.8474269	15.4197456
16.4334956	17.1866963	19.1381756
14.9516219	15.6369044	17.4124106
11.92782	12.4745113	13.8909406
9.62739688	10.0686523	11.2119075
8.71283288	9.11217081	10.1468221
8.24708106	8.62507187	9.60441369
8.526263	8.91704994	9.92954419
9.63069706	10.0721034	11.2157481
10.6668951	11.1557962	12.4224906
10.1881829	10.6551421	11.8649888
8.99076175	9.40283806	10.4704918
