#?RADIANCE
genskyvec -m 1
NROWS=146
NCOLS=1
NCOMP=3
FORMAT=ascii

17.0677144	17.8499837	19.8767763
25.8149588	26.998145	30.0636725
24.9153606	26.0573144	29.016015
24.8215938	25.9592494	28.9068181
24.8252894	25.9631131	28.9111194
24.6129069	25.7409969	28.6637806
26.5821331	27.8004794	30.9571106
29.2609812	30.6021081	34.0768525
33.6981994	35.2426988	39.2443631
39.5234656	41.3349563	46.0283706
48.9988169	51.2445956	57.0632075
57.0578487	59.6729994	66.4486231
60.1636725	62.9211725	70.065615
56.5667394	59.15938	65.8766862
49.42679	51.6921831	57.5616175
41.6469081	43.5557231	48.5012988
34.9076294	36.5075612	40.652845
31.3481244	32.7849113	36.5075056
27.0085337	28.2464231	31.4536888
24.4292856	25.5489594	28.44994
25.0814156	26.2309812	29.2093994
23.8030688	24.8940419	27.7206575
25.0925138	26.2425862	29.222325
24.7061181	25.8384813	28.7723344
27.0596781	28.2999138	31.5132531
28.8737388	30.1971175	33.6258756
30.0653469	31.4433419	35.0136038
30.7175206	32.125405	35.7731138
28.8086781	30.1290756	33.5501081
28.1470006	29.43707	32.7795288
26.4926375	27.7068825	30.8528831
16.0620962	16.7982725	18.7056494
14.4923087	15.1565388	16.8775019
15.678515	16.3971119	18.2589388
15.6056181	16.3208762	18.1740431
16.9175537	17.6929413	19.7019019
18.3338513	19.1741513	21.3512994
21.9707687	22.9777606	25.5867913
27.2411094	28.4896588	31.7245444
35.1901594	36.80304	40.9818738
44.8829413	46.9400731	52.2699262
57.9933506	60.6513775	67.5380931
65.4690594	68.4697238	76.2441794
59.6544125	62.3885706	69.4725375
47.8541813	50.0474969	55.7301838
36.9168331	38.6088538	42.9927325
27.6307512	28.8971594	32.1783144
24.0294637	25.1308144	27.984315
18.94317	19.8113963	22.0609006
16.7299287	17.4967169	19.4833975
15.0853569	15.7767669	17.5681544
14.8301938	15.5099094	17.2709969
15.1730762	15.8685088	17.6703131
14.5339463	15.2000844	16.9259925
16.4818313	17.2372481	19.1944656
17.2985394	18.0913875	20.1455931
17.9899706	18.8145112	20.9508212
17.0882181	17.8714281	19.9006544
17.3746756	18.1710137	20.2342575
16.4790919	17.2343837	19.1912781
16.3441094	17.0932138	19.0340775
10.5919068	11.0773686	12.3351588
10.2995872	10.7716497	11.9947275
10.8018525	11.2969356	12.5796588
12.5699706	13.1460919	14.6387788
14.9420712	15.6269163	17.4012869
19.480225	20.3730656	22.686345
27.5694481	28.8330488	32.1069213
43.1918144	45.1714375	50.3004706
65.7749556	68.7896394	76.60042
1187.4048911478	1191.1825949478	1200.9702892478
63.3247231	66.2271056	73.7469231
36.7378881	38.4217063	42.784335
24.0327387	25.1342406	27.98813
17.5194694	18.3224456	20.4028838
13.9205269	14.5585487	16.2116144
12.098035	12.6525281	14.08917
10.7996996	11.2946862	12.5771519
11.0029429	11.5072462	12.8138463
10.7138253	11.2048755	12.4771444
10.4207037	10.898319	12.1357775
11.0653678	11.5725281	12.8865412
11.1974407	11.7106561	13.0403531
10.5597582	11.0437442	12.2977175
10.8249989	11.3211427	12.6066131
8.50227694	8.89196469	9.90161031
8.88381175	9.290986	10.3459392
9.592343	10.0319911	11.1710831
10.7549112	11.247845	12.52499
13.7034637	14.3315387	15.9588269
16.873725	17.6471031	19.65086
26.0656294	27.2603025	30.3555969
42.7414931	44.7004775	49.7760338
1609.91787997875	1613.45764187875	1622.62884627875
6027.83425889759	6032.58032489759	6044.87695289759
61.5429738	64.3636919	71.6719262
34.1648712	35.7307613	39.7878425
23.7693913	24.8588219	27.6814387
16.0768894	16.8137469	18.7228794
12.4844844	13.0566906	14.5392244
10.5902458	11.0756306	12.3332238
9.36643525	9.79572981	10.9079956
8.78632106	9.189027	10.2324044
8.60137625	8.99560581	10.01702
8.48741869	8.87642519	9.88430725
8.53516519	8.92635987	9.93991206
8.60275006	8.99704256	10.0186194
8.45228044	8.8396765	9.84338556
8.57380281	8.96676837	9.98490844
7.82777169	8.18654431	9.11609294
8.56613044	8.95874456	9.97597387
9.93867119	10.3941934	11.5744125
12.7827887	13.3686669	14.8866244
17.7277656	18.5402862	20.6454625
30.9152069	32.3321538	36.0033369
47.8085487	49.9997725	55.6770419
51.5783913	53.9423994	60.0673369
34.4633506	36.0429188	40.1354444
20.6789244	21.6267075	24.0823319
14.3104831	14.9663794	16.6657494
10.9215627	11.4221338	12.7190694
9.03903762	9.45332637	10.5267134
8.00236225	8.369137	9.31941831
7.59321931	7.94124169	8.84293719
7.42454288	7.76483406	8.64649944
7.45615913	7.79789931	8.68331919
7.547516	7.89344369	8.78971187
8.075635	8.44576812	9.40475037
9.50394519	9.93954238	11.0681373
12.7912413	13.3775056	14.8964669
19.8041344	20.7118244	23.0635669
25.4649581	26.6320994	29.6560669
24.0123075	25.1128719	27.9643356
17.0547588	17.8364344	19.8616888
12.1594337	12.7167425	14.1606769
9.17159019	9.59195419	10.6810823
7.98520175	8.35118987	9.29943319
7.40375356	7.74309212	8.6222885
7.57885581	7.92621975	8.82620969
9.07573237	9.49170319	10.5694473
11.51055	12.0381162	13.404995
14.69817	15.371835	17.1172431
14.0853694	14.7309494	16.4035875
9.8402845	10.2912976	11.4598325
8.52894494	8.91985456	9.93266675
10.8021291	11.297225	12.57998
