#?RADIANCE
genskyvec -m 1
NROWS=146
NCOLS=1
NCOMP=3
FORMAT=ascii

23.6965825	24.7826756	27.5966469
33.5147512	35.0508425	39.0307225
35.18989	36.80276	40.9815619
35.8877913	37.5326475	41.7943263
35.1984756	36.8117375	40.9915594
31.4314769	32.8720863	36.604575
29.6462325	31.0050162	34.5255094
28.2246344	29.5182619	32.8699412
26.0238794	27.2166381	30.3069769
24.3706919	25.4876788	28.3817019
28.9823469	30.3107044	33.7523612
28.1817394	29.4734013	32.819985
32.6406169	34.1366437	38.0127194
35.5392306	37.1681106	41.3883962
37.78364	39.51539	44.0021988
41.9531119	43.8759619	48.8578969
44.3765194	46.4104425	51.6801575
46.09625	48.2089906	53.6829256
44.6678319	46.7151062	52.0194162
41.6239038	43.5316637	48.4745069
40.0773419	41.9142194	46.6734062
35.0958812	36.7044413	40.8720819
32.6655563	34.1627263	38.0417638
28.8850356	30.2089319	33.6390325
27.9537044	29.2349131	32.5544194
27.872525	29.1500156	32.4598788
28.1744112	29.4657381	32.8114513
29.9871556	31.3615669	34.922545
29.4536981	30.8036581	34.3012887
31.270025	32.7032325	36.4165494
32.2175575	33.6941944	37.5200312
18.7415744	19.6005638	21.8261256
17.1727388	17.9598206	19.9990856
19.0669163	19.940815	22.2050119
17.9154075	18.7365294	20.8639862
17.1902694	17.9781569	20.0195038
15.7473656	16.46912	18.3391206
16.6594637	17.4230212	19.401335
17.0210913	17.8012231	19.8224806
17.172965	17.9600588	19.9993487
16.82228	17.5933	19.5909487
19.2649581	20.1479363	22.43565
21.7545594	22.7516438	25.3349994
25.7630944	26.9439006	30.00327
29.5741469	30.9296269	34.4415587
33.1119188	34.6295481	38.5615906
37.369435	39.0821994	43.5198231
39.6727081	41.4910406	46.2021775
38.4611088	40.2239087	44.7911675
34.3624913	35.9374375	40.0179869
29.7750325	31.1397213	34.6755088
26.1792437	27.379125	30.4879113
23.0382913	24.09421	26.8300112
19.4074344	20.2969425	22.6015769
18.5083569	19.3566569	21.5545256
17.3628537	18.1586506	20.2204913
17.0156094	17.7954894	19.8160944
16.0777156	16.8146112	18.7238413
16.8406506	17.6125119	19.61234
16.8869825	17.6609706	19.6663006
17.8409631	18.6586737	20.7772906
11.3410726	11.8608719	13.2076256
10.8795166	11.3781619	12.6701044
10.8468209	11.3439669	12.6320281
11.4506042	11.9754231	13.3351844
11.3613187	11.8820475	13.2312031
11.7088875	12.2455462	13.6359769
12.5417156	13.1165438	14.6058738
14.1606975	14.8097263	16.4913094
15.8068062	16.5312844	18.4083463
19.5301125	20.4252437	22.7444469
23.98983	25.0893612	27.9381569
32.6517363	34.1482731	38.02567
42.5846825	44.5364781	49.593415
47.1937719	49.3568213	54.9610838
39.3873019	41.1925513	45.8697975
29.8780037	31.2474125	34.7954281
22.1360844	23.1506531	25.779315
18.8172944	19.6797531	21.91431
15.2793819	15.9796881	17.794115
13.1823719	13.7865662	15.3519731
12.1325419	12.6886144	14.1293556
11.5205325	12.0485562	13.4166212
10.8821362	11.3809006	12.6731556
11.2818872	11.7989725	13.1386963
8.94477494	9.35474356	10.4169352
8.973274	9.38454869	10.4501254
8.91169594	9.32014806	10.3784125
9.10427925	9.52155831	10.6026919
9.62725963	10.0685094	11.2117475
10.0754254	10.5372137	11.7336731
11.2873656	11.8047019	13.1450775
13.016155	13.6127269	15.1583969
15.6135438	16.3291637	18.1832756
19.2022575	20.0823606	22.3626319
26.6125344	27.8322756	30.9925169
43.9942669	46.0106719	51.2349944
64.4250819	67.3778969	75.0283837
2287.43127601232	2290.99852031232	2300.24094291232
54.9715425	57.4910687	64.0189462
36.3910444	38.0589675	42.3804069
23.9955781	25.095375	27.9448519
18.1285319	18.9594231	21.1121863
14.5222731	15.1878738	16.9123969
12.3383781	12.9038869	14.3690706
10.9534731	11.4555075	12.7562337
9.99894956	10.4572342	11.6446106
9.42100044	9.85279556	10.9715406
9.22776431	9.65070331	10.7465013
8.65704831	9.0538295	10.0818545
8.5846525	8.97811538	9.99754287
8.83068181	9.23542113	10.2840663
9.3863715	9.81657981	10.9312113
10.3740091	10.849485	12.0813987
12.6770631	13.2580937	14.7634969
15.6123831	16.3279506	18.1819225
23.8109025	24.9022344	27.7297819
38.93773	40.7223738	45.3462344
2930.79580771894	2935.00494831894	2945.91051131894
4693.83020636322	4698.63402836322	4711.08030436322
51.5772819	53.9412388	60.066045
26.5026169	27.7173206	30.8645081
16.79401	17.5637344	19.5580244
13.2332556	13.8397788	15.4112313
10.9702475	11.4730494	12.7757681
9.63878387	10.0805603	11.2251681
8.97160775	9.38280606	10.4481862
9.28694362	9.71259475	10.8154206
9.61683131	10.0576026	11.1996013
10.3533779	10.8279066	12.0573719
12.2173869	12.7773506	14.2281669
16.1338325	16.8732994	18.7891919
27.8267912	29.1021869	32.4066206
51.6015119	53.9665794	60.0942631
48.0040238	50.2042056	55.9046875
25.0417088	26.1894506	29.1631575
15.64467	16.3617169	18.2195244
11.370725	11.8918837	13.2421575
10.1305469	10.5948631	11.7978669
11.3855069	11.9073438	13.2593737
12.3391544	12.9047006	14.369975
16.04604	16.7814837	18.6869538
23.3744325	24.4457612	27.2214756
17.9144831	18.7355625	20.8629087
13.335765	13.9469875	15.5306112
14.7319775	15.4071931	17.1566169
