#?RADIANCE
genskyvec -m 1
NROWS=146
NCOLS=1
NCOMP=3
FORMAT=ascii

1.35625038	1.41841188	1.57946669
12.46802	13.0394738	14.52005
12.5802329	13.1568261	14.6507312
12.97108	13.5655871	15.1059031
14.1724106	14.8219769	16.5049525
17.2423037	18.0325756	20.0801012
22.3765956	23.4021894	26.0594131
30.8355925	32.2488888	35.9106181
51.7965975	54.1706062	60.3214575
366.608838426584	370.578050326584	380.861965226584
449.615347528097	453.483093128097	463.504089328097
62.133515	64.9812969	72.3596606
34.6965706	36.2868312	40.4070506
23.2322306	24.2970413	27.05587
17.9434194	18.7658256	20.8966075
14.64918	15.3205988	17.0601919
13.6728562	14.29953	15.9231819
12.1887874	12.7474391	14.1948594
12.4602231	13.0313162	14.5109694
12.2310837	12.7916737	14.2441169
11.9714689	12.52016	13.9417751
12.4345437	13.00446	14.4810637
11.8323025	12.3746154	13.7797022
11.9659791	12.5144192	13.93538
12.0795431	12.6331875	14.067635
11.4471058	11.9717653	13.3311087
11.8767267	12.4210758	13.8314381
11.5391396	12.0680165	13.4382893
12.0896652	12.6437745	14.0794225
11.7940446	12.3346064	13.7351497
12.1795669	12.7377969	14.1841212
11.3109468	11.829365	13.1725419
11.0987866	11.6074794	12.9254631
12.2565812	12.8183412	14.2738094
13.2927875	13.9020394	15.4805588
16.0874581	16.8248006	18.7351869
20.117415	21.0394619	23.4284075
28.4601025	29.764525	33.1441625
45.1580475	47.2277906	52.5903112
76.6576212	80.1710894	89.2741938
388.720335178375	391.798438378375	399.773538978375
49.2244231	51.4805425	57.3259469
31.8286256	33.2874369	37.0670888
22.7965775	23.8414206	26.5485156
16.7649169	17.5333094	19.5241444
13.8629419	14.4983231	16.1445494
12.2119806	12.7716969	14.2218706
12.1991186	12.7582437	14.2068894
11.0130707	11.5178363	12.8256388
10.8532447	11.3506844	12.6395081
10.4872817	10.9679493	12.2133156
10.5386388	11.0216616	12.2731231
10.7029739	11.1935253	12.4645069
10.224387	10.6930042	11.9071506
10.7674271	11.2609332	12.5395663
10.9387928	11.4401528	12.7391356
11.0394575	11.5454327	12.8563694
10.6755056	11.1647986	12.4325169
10.8434254	11.3404161	12.628075
10.7390233	11.2312275	12.5064887
11.0317679	11.537391	12.8474125
8.14375138	8.5170065	9.48407763
8.07879194	8.4490695	9.40842756
8.73693056	9.137373	10.1748846
10.9358639	11.4370907	12.735725
14.2681987	14.9221581	16.6165075
21.0465238	22.0111569	24.5104338
30.6193581	32.0227463	35.6587975
37.0822919	38.7818962	43.1854231
26.8753313	28.1071163	31.2985644
18.8765475	19.7417231	21.983315
13.6448091	14.270195	15.8905169
10.5820154	11.0670247	12.3236392
9.07345719	9.48932363	10.5667985
8.22232738	8.59918375	9.57558587
8.07634644	8.446512	9.40557881
8.01393169	8.38123662	9.33289219
7.70657925	8.05979719	8.97495494
8.09566613	8.46671737	9.42807819
7.79581356	8.15312163	9.07887525
7.451158	7.79266919	8.67749513
7.78277081	8.13948081	9.06368613
7.87159631	8.23237762	9.16713056
7.58137462	7.92885413	8.82914319
7.94661075	8.31083006	9.25449056
6.01186944	6.28741331	7.00132331
6.31961481	6.60926363	7.35971856
6.69830781	7.0053135	7.80073806
7.57482625	7.92200531	8.82151675
9.72735919	10.1731951	11.3283216
11.6319913	12.1651246	13.5464225
14.5885013	15.25714	16.9895263
16.4154525	17.1678275	19.1171619
13.7398675	14.3696112	16.00122
11.327272	11.8464384	13.1915537
8.85724494	9.26320156	10.3149999
7.17980638	7.50888056	8.36148325
6.69639644	7.00331431	7.79851212
6.347157	6.63806812	7.39179363
6.14523156	6.42688769	7.1566345
5.87015931	6.13920781	6.83628987
5.7977085	6.06343644	6.75191481
5.80284313	6.06880675	6.75789475
5.90586963	6.17655506	6.8778775
5.86301194	6.13173319	6.82796625
5.90769825	6.1784675	6.88000725
5.98100144	6.25513063	6.965375
5.89716412	6.16745062	6.86773944
6.10036	6.37995969	7.10437813
4.79705619	5.01692112	5.586572
5.10148488	5.33530281	5.94110463
5.48640281	5.73786269	6.38937344
6.60550488	6.90825719	7.69266144
7.84218269	8.20161606	9.132876
8.48130162	8.87002862	9.87718325
8.27694919	8.65630975	9.63919881
6.92926187	7.24685294	8.06970319
5.96292525	6.236226	6.94432381
5.32424587	5.56827375	6.20052837
4.81322569	5.03383156	5.60540262
4.79595013	5.01576437	5.58528381
4.74260281	4.959972	5.52315662
4.62938475	4.84156487	5.39130475
4.52521506	4.73262044	5.26999025
4.56150081	4.77056975	5.3122485
4.67959688	4.89407819	5.44978081
4.7146445	4.93073225	5.49059663
4.15928031	4.34991381	4.84382887
4.30402844	4.50129625	5.01240006
4.99676819	5.22578663	5.81915325
5.71550219	5.9774625	6.65617888
5.39035881	5.63741669	6.27752244
4.76538988	4.98380331	5.54969375
4.3704015	4.57071163	5.08969712
4.08897469	4.276386	4.76195194
3.98814075	4.1709305	4.64452256
3.90528138	4.0842735	4.54802594
3.98436631	4.16698306	4.64012694
3.93241806	4.11265381	4.57962881
3.71979912	3.89028969	4.33201625
3.919128	4.09875438	4.56415131
4.02468775	4.20915269	4.68708456
3.88444013	4.06247687	4.5237545
3.59491462	3.75968156	4.186578
3.59764881	3.76254112	4.18976225
3.64192387	3.808845	4.24132387
