#?RADIANCE
genskyvec -m 1
NROWS=146
NCOLS=1
NCOMP=3
FORMAT=ascii

0.144125019	0.150730756	0.167845612
3.7929805	3.96682544	4.41724219
3.94242056	4.12311469	4.59127725
4.24876125	4.44349606	4.94803669
4.95002813	5.17690437	5.76472087
6.49120194	6.78871513	7.55954587
8.81009338	9.21388906	10.2600889
12.1078062	12.6627494	14.1005499
28.0334682845548	28.8889563845548	31.1054501845548
49.85238648691	51.01022648691	54.01008898691
32.3311878048096	33.2762410048096	35.7247910048096
14.7577925	15.4341919	17.1866806
9.38401125	9.81411163	10.9284631
6.73928663	7.04817044	7.84846144
5.38599556	5.63285369	6.272441
4.39825281	4.59983944	5.12213219
4.08415937	4.27134981	4.75634413
3.56408463	3.72743838	4.15067369
3.7065255	3.87640794	4.31655806
3.72796663	3.89883175	4.34152812
3.70703375	3.87693925	4.31714981
4.02054519	4.20482	4.68225994
3.89705269	4.07566756	4.53844287
4.04982269	4.23543925	4.71635612
4.11675056	4.30543475	4.79429925
3.86217419	4.03919044	4.49782375
3.94211788	4.12279831	4.59092519
3.72600619	3.89678137	4.33924488
3.82139781	3.99654519	4.45033644
3.63278369	3.79928631	4.2306795
3.70831919	3.87828369	4.31864694
3.61500075	3.78068819	4.20996975
3.63834725	3.805105	4.23715894
4.16473119	4.3556145	4.85017675
4.77951869	4.99857981	5.566148
6.06610769	6.34413725	7.06448819
7.57446238	7.921625	8.821093
10.3827236	10.8585978	12.0915467
14.5747656	15.2427738	16.9735313
17.7175969	18.5296525	20.6336181
13.3734763	13.9864263	15.5745275
10.9656203	11.4682118	12.77038
8.19098756	8.5664075	9.53908713
6.53382112	6.83328775	7.60917944
5.08740069	5.320573	5.92470225
4.29709906	4.49404931	5.00433019
3.79436019	3.96826825	4.41884875
3.77216519	3.945056	4.393001
3.43374063	3.59112063	3.99887744
3.45135669	3.60954375	4.01939275
3.42337544	3.58028006	3.98680631
3.53232675	3.69422481	4.11368906
3.6894395	3.85853875	4.29666012
3.59674138	3.76159194	4.18870525
3.81287469	3.98763119	4.44041044
3.86852081	4.04582775	4.50521506
3.850398	4.02687444	4.4841095
3.63396794	3.80052481	4.23205869
3.58496106	3.74927175	4.174986
3.47143306	3.63054031	4.04277319
3.52217994	3.68361288	4.10187212
2.55332931	2.67035688	2.97356475
2.55907019	2.67636088	2.98025075
2.88059863	3.01262606	3.35469725
3.81682812	3.99176606	4.44501462
4.92416569	5.14985637	5.7346015
6.57999075	6.88157337	7.66294806
7.95288944	8.31739638	9.2618025
8.12030525	8.49248563	9.4567725
6.14594375	6.42763269	7.15746419
4.89228431	5.11651406	5.69747331
3.85861094	4.03546388	4.49367419
3.1661635	3.3112795	3.68726163
2.740535	2.86614287	3.19158175
2.48098863	2.59470044	2.88931813
2.48247006	2.59624994	2.89104337
2.53070362	2.64669419	2.9472155
2.50106688	2.61569894	2.91270088
2.72404119	2.848893	3.17237313
2.64723294	2.76856412	3.08292338
2.49855463	2.61307156	2.90977525
2.60262738	2.72191419	3.0309765
2.58090219	2.6991935	3.00567594
2.39119225	2.50078844	2.78474269
2.48192919	2.59568413	2.89041344
1.71711675	1.795818	1.99972581
1.84216712	1.92659975	2.14535706
1.988293	2.07942306	2.31553294
2.30147531	2.40695956	2.68025988
2.93611112	3.07068262	3.41934619
3.32097506	3.47318631	3.86755244
3.67630456	3.84480175	4.28136312
3.85998444	4.03690006	4.49527356
3.25304356	3.40214119	3.7884405
2.83819206	2.96827581	3.30531144
2.33787806	2.44503081	2.72265413
1.93139069	2.01991262	2.24926544
1.83772431	1.92195325	2.14018338
1.77445287	1.85578181	2.06649831
1.7425665	1.82243419	2.02936406
1.67263025	1.74929231	1.94791756
1.69119869	1.76871188	1.96954175
1.73190163	1.81128044	2.01694394
1.80520394	1.88794225	2.10231038
1.78800638	1.86995675	2.08228256
1.78996088	1.87200075	2.08455856
1.78326738	1.8650005	2.07676369
1.71111237	1.78953806	1.99273294
1.7685435	1.84960188	2.05961644
1.211063	1.26657012	1.41038381
1.31224519	1.37238969	1.52821888
1.41125512	1.4759375	1.64352412
1.71684781	1.79553675	1.99941256
1.95336138	2.04289038	2.27485219
1.96350256	2.05349631	2.28666238
1.90084987	1.98797206	2.21369825
1.64692931	1.7224135	1.91798644
1.44222575	1.50832781	1.67959213
1.31418988	1.37442375	1.53048381
1.16735994	1.22086388	1.359488
1.20680325	1.26211506	1.40542306
1.22328975	1.27935731	1.42462294
1.20449987	1.25970631	1.40274063
1.16466263	1.21804319	1.35634681
1.173224	1.22699687	1.36631725
1.20548438	1.26073581	1.40388725
1.19601056	1.2508275	1.392854
0.926647069	0.969118369	1.07915781
0.937126094	0.980077637	1.0913615
1.10969069	1.16055148	1.2923275
1.24769171	1.30487741	1.45304094
1.13854045	1.19072357	1.32592544
1.00830084	1.05451464	1.17425038
0.9417729	0.984937475	1.09677309
0.88185	0.92226815	1.02698784
0.882208088	0.922642581	1.02740487
0.8638322	0.903424494	1.00600454
0.900387088	0.941654812	1.04857566
0.856106488	0.895344725	0.997007394
0.723429112	0.756586281	0.842493537
0.751284469	0.785718337	0.874933437
0.765427094	0.800509156	0.891403706
0.748015106	0.782299113	0.871125969
0.684912787	0.716304594	0.79763805
0.700430131	0.732533156	0.815709294
0.672056969	0.702859544	0.782666381
