#?RADIANCE
genskyvec -m 1
NROWS=146
NCOLS=1
NCOMP=3
FORMAT=ascii

11.3292581	11.8485162	13.1938644
28.8763406	30.1998381	33.628905
29.7843	31.149415	34.686305
30.7214912	32.1295581	35.7777387
31.7294819	33.1837494	36.9516281
31.9342269	33.3978794	37.1900688
31.6583631	33.10937	36.8688062
31.69554	33.1482506	36.9120994
30.0781019	31.4566806	35.0284581
29.478195	30.8292775	34.3298156
29.8917694	31.2618081	34.8114575
28.756885	30.0749062	33.4897894
28.8409456	30.1628194	33.587685
29.0085081	30.338065	33.7828294
29.8206681	31.1874488	34.7286556
32.8901888	34.397655	38.3033681
38.86542	40.64675	45.2620219
44.6632088	46.7102706	52.0140312
58.6334075	61.3207687	68.2834919
80.5312619	84.2222744	93.7853656
92.8804887	97.1375119	108.167075
106.117016	110.980713	123.582138
88.5964062	92.657075	103.177904
74.350855	77.7586	86.5877662
57.6576125	60.3002506	67.1470994
43.0306675	45.0029062	50.1128025
36.8621175	38.5516319	42.9290106
32.2721675	33.7513081	37.5836312
29.9133581	31.2843863	34.8366006
28.3525075	29.6519969	33.01886
28.1845488	29.4763394	32.8232569
21.0007306	21.9632631	24.4571
19.8047706	20.7124875	23.064305
21.9076906	22.9117906	25.5133294
21.81059	22.8102413	25.40025
22.0546875	23.0655269	25.6845219
21.0806881	22.046885	24.5502181
22.5166075	23.5486175	26.2224656
22.7993731	23.8443431	26.55177
21.7123413	22.7074887	25.28583
18.9371162	19.8050675	22.0538519
19.5796356	20.4770344	22.8021194
19.76728	20.67328	23.0206469
21.7027944	22.6975069	25.274715
23.11054	24.1697719	26.9141513
25.4676262	26.6348906	29.6591725
31.2316062	32.6630531	36.3718081
41.0876481	42.97083	47.8499913
54.6871469	57.1936394	63.6877419
80.9048688	84.6130038	94.22047
109.833017	114.867025	127.909706
124.478506	130.183769	144.965594
101.349234	105.994412	118.029631
69.8250475	73.02536	81.3170887
50.21598	52.5175444	58.480695
37.8346975	39.5687881	44.06166
31.0319425	32.4542387	36.139285
24.9450175	26.08833	29.0505525
22.6367463	23.6742631	26.3623794
20.824325	21.7787719	24.2516644
20.6930794	21.6415125	24.0988169
13.88815	14.52469	16.1739087
13.290145	13.8992775	15.4774831
13.4169769	14.0319219	15.6251881
14.5736844	15.2416456	16.9722712
14.5450231	15.2116675	16.9388919
14.5254513	15.1912012	16.9161
14.3162631	14.9724238	16.6724838
14.2893288	14.9442575	16.6411162
13.5950513	14.2181562	15.8325706
14.6141213	15.2839325	17.0193612
15.6942994	16.4136219	18.2773206
19.2223894	20.1034169	22.3860769
24.8991937	26.0404044	28.9971856
35.2363956	36.8513969	41.0357225
59.2186613	61.9328494	68.96507
1238.02857636852	1242.76504636852	1255.03685736852
3008.11090565008	3014.43608765008	3030.82403765008
89.4181369	93.5164738	104.134866
47.6245294	49.8073187	55.4627375
30.6142931	32.0174469	35.6528981
22.4602	23.4896256	26.1567775
18.1456994	18.9773763	21.1321806
14.9713456	15.6575306	17.43538
14.3710837	15.0297587	16.736325
10.5449199	11.0282295	12.2804394
10.4257963	10.9036439	12.1417075
10.1417228	10.6065504	11.8108825
10.3135559	10.7862609	12.0109963
10.5815456	11.0665336	12.3230913
10.4770121	10.9572088	12.2013544
10.3449591	10.8191022	12.0475669
10.6189493	11.10565	12.3666506
10.7696367	11.263245	12.5421406
11.5065525	12.0339363	13.4003406
12.8367	13.4250475	14.9494075
15.1759663	15.8715312	17.6736788
19.0178694	19.88952	22.1478925
29.1645412	30.5012494	33.9645412
46.1396731	48.2544081	53.7334987
66.3344687	69.3747975	77.25202
1782.44018343978	1786.38342223978	1796.60000793978
63.5490319	66.4616925	74.0081506
39.2497125	41.048655	45.7095631
25.5846925	26.7573244	29.7955094
18.63509	19.4891994	21.7021162
14.5087994	15.1737856	16.8967069
12.335615	12.9009969	14.3658519
11.4921831	12.0189075	13.383605
9.13842856	9.55727281	10.6424613
8.71227419	9.11158637	10.1461707
8.44853137	8.83575544	9.83901963
8.57246969	8.96537431	9.983356
8.64429994	9.04049681	10.0670071
8.78246369	9.18499262	10.2279111
9.27733188	9.70254244	10.8042256
10.6027869	11.0887475	12.3478281
12.3918531	12.9598137	14.4313456
16.8182175	17.5890538	19.5862175
22.0586519	23.0696725	25.68914
34.7423394	36.334695	40.46035
43.5405225	45.5361281	50.7065687
32.1437381	33.6169906	37.4340644
21.6380988	22.6298444	25.1993713
15.0886106	15.7801713	17.571945
11.8086063	12.3498338	13.7521044
10.0248743	10.4843472	11.6748025
8.51278494	8.90295388	9.91384794
7.93063094	8.29411806	9.235881
7.8385625	8.19782988	9.12865969
8.07703044	8.4472275	9.40637556
8.66256575	9.05959956	10.0882796
10.4954447	10.9764844	12.2228188
13.8106538	14.4436425	16.0836594
17.8182894	18.6349612	20.7508844
22.1814537	23.1981031	25.8321531
17.7791425	18.5940194	20.705295
12.7098088	13.2923419	14.8016325
9.784141	10.2325801	11.3944481
8.79128856	9.19422263	10.2381894
8.24973244	8.62784519	9.60750162
8.90261013	9.31064594	10.3678307
10.9460733	11.4477694	12.7476156
12.1802894	12.7385525	14.1849631
10.9660347	11.4686444	12.7708619
9.492084	9.92713812	11.0543237
