#?RADIANCE
genskyvec -m 1
NROWS=146
NCOLS=1
NCOMP=3
FORMAT=ascii

22.308545	23.3310181	25.9801612
33.7960781	35.3450625	39.3583506
35.2741913	36.8909244	41.0797369
35.8411831	37.4839038	41.7400456
35.0426869	36.6488088	40.8101306
31.2675675	32.7006625	36.4136887
29.4616856	30.8120112	34.3105887
28.0842281	29.3714219	32.7064269
26.0239438	27.2167075	30.3070538
24.5964856	25.723825	28.6446594
29.2360663	30.5760525	34.0478381
28.71007	30.0259487	33.4352719
33.2558988	34.7801263	38.7292681
36.24648	37.9077744	42.2120488
38.5397606	40.3061638	44.8827644
42.6145194	44.5676812	49.6281631
44.9226962	46.9816512	52.3162262
46.2620881	48.3824312	53.87606
44.6114462	46.6561344	51.9537481
41.3245956	43.2186381	48.1259381
39.6843219	41.5031856	46.2157019
34.7516869	36.3444725	40.4712369
32.3246187	33.8061656	37.6447162
28.6581313	29.9716288	33.3747844
27.8713206	29.1487556	32.4584775
27.9045681	29.1835269	32.497195
28.4055269	29.7074481	33.0806056
30.2997719	31.68851	35.2866106
29.854525	31.2228581	34.768085
31.6367256	33.0867412	36.843605
32.5576094	34.0498325	37.9160513
18.9556625	19.8244619	22.0754487
17.3213019	18.1151931	20.1720987
19.1744869	20.0533163	22.3302894
17.9803331	18.80443	20.9395981
17.2455344	18.0359544	20.0838619
15.8383756	16.5642987	18.4451081
16.7854175	17.5547481	19.5480175
17.23341	18.0232738	20.0697419
17.5226844	18.3258062	20.4066269
17.294425	18.0870863	20.1407994
19.8670019	20.7775719	23.1367806
22.4891581	23.5199106	26.1905
26.6315631	27.8521731	31.0146744
30.5795931	31.9811556	35.612485
34.1509475	35.7161994	39.7716275
38.1825213	39.9325512	44.46673
40.0552313	41.891095	46.6476569
38.2968044	40.0520725	44.5998231
33.9833175	35.5408862	39.5764069
29.393945	30.7411669	34.2317
25.8777569	27.0638181	30.136805
22.8189306	23.8647987	26.5745506
19.2671556	20.1502325	22.4382094
18.4567144	19.3026469	21.4943825
17.4081162	18.2059887	20.2732037
17.1477725	17.9337112	19.9700106
16.2718962	17.0176906	18.9499794
17.0926931	17.8761069	19.9058656
17.14273	17.9284394	19.9641394
18.0917344	18.9209381	21.0693325
11.4696906	11.9953844	13.3574125
10.9949659	11.4989012	12.8045544
10.9550467	11.4571531	12.7580663
11.5629369	12.0929069	13.4660069
11.5135713	12.0412762	13.4085138
11.9339894	12.4809656	13.8981262
12.8665444	13.4562613	14.9841656
14.6122981	15.2820288	17.01724
16.3895438	17.1407294	19.0869894
20.335485	21.2675269	23.6823669
25.1207756	26.2721463	29.2552419
34.2025494	35.7701644	39.8317213
43.8473863	45.8570581	51.0639406
47.0697206	49.2270813	54.8166144
38.3948606	40.1546244	44.71402
29.1589487	30.4954012	33.9580281
21.7801875	22.7784437	25.3648444
18.61137	19.4643919	21.6744937
15.1793175	15.875035	17.6775806
13.1479888	13.7506019	15.3119287
12.1680538	12.7257569	14.1707131
11.6092444	12.1413363	13.5199344
10.9991369	11.5032631	12.8094113
11.4212981	11.9447756	13.301055
9.05514437	9.47017137	10.54547
9.09219694	9.50892256	10.58862
9.04728069	9.46194725	10.5363131
9.25969056	9.68409319	10.7836813
9.83203594	10.282672	11.4502263
10.3309139	10.8044125	12.0312094
11.6446456	12.1783563	13.5611594
13.4939256	14.1123975	15.7148013
16.2948781	17.0417262	18.9767438
20.2029987	21.12897	23.5280775
28.4205275	29.723135	33.098075
47.78028	49.9702075	55.6441219
68.9728756	72.1341306	80.3246656
2128.21028225396	2131.70784355396	2140.76972605396
52.0425444	54.4278275	60.6078844
34.7663644	36.35982	40.4883306
23.3607244	24.4314225	27.2055113
17.8681044	18.6870581	20.8088962
14.4185275	15.0793762	16.7915775
12.3045438	12.8684994	14.3296662
10.9661481	11.4687638	12.770995
10.0546656	10.5155038	11.7094975
9.50293756	9.93848775	11.0669637
9.32727025	9.75477013	10.8623844
8.77498531	9.17717194	10.2192025
8.72963825	9.12974656	10.1663913
9.01508025	9.428271	10.4988131
9.62395219	10.0650498	11.207895
10.6879563	11.1778219	12.4470156
13.1644681	13.7678387	15.33112
16.3590206	17.1088088	19.0514444
25.4901031	26.6583975	29.68535
42.5763006	44.5277131	49.5836506
3258.18080717905	3262.84523017905	3274.93030517905
3802.15270571929	3806.82872571929	3818.94388771929
48.7973263	51.03387	56.8285581
25.6962287	26.8739719	29.9254031
16.617965	17.3796219	19.3530069
13.2055763	13.8108319	15.3789956
11.0020862	11.5063487	12.8128469
9.7055265	10.1503625	11.3028962
9.06651375	9.48206194	10.5587119
9.4374305	9.86997925	10.9906756
9.82413831	10.2744116	11.4410287
10.6408804	11.128588	12.3921919
12.6524119	13.2323125	14.73479
16.8953231	17.6696925	19.6760137
29.69654	31.05763	34.5840975
54.5846163	57.0864094	63.5683381
47.8724369	50.0665894	55.7514437
24.6917094	25.8234131	28.7555544
15.6326331	16.3491288	18.205505
11.4419581	11.9663813	13.3251144
10.2506168	10.7204356	11.9376981
11.60274	12.1345331	13.5123594
12.6706594	13.2513988	14.7560412
16.62543	17.3874287	19.3617
24.2195262	25.3295869	28.2056594
18.1768012	19.0099025	21.1684
13.50943	14.1286119	15.7328569
15.0866413	15.7781113	17.5696506
