#?RADIANCE
genskyvec -m 1
NROWS=146
NCOLS=1
NCOMP=3
FORMAT=ascii

0.485021856	0.507252019	0.564848387
6.72231306	7.03041894	7.828694
6.93531019	7.25317844	8.07674706
7.39593406	7.73491388	8.613182
8.47210838	8.86041313	9.8664765
10.8228072	11.3188525	12.6040608
14.3849887	15.0443006	16.7525194
19.588455	20.4862575	22.8123881
30.4222737	31.8166269	35.4292744
141.069798090428	143.118938090428	148.428081790428
87.8735024887458	89.6300287887458	94.1810374887458
27.1985231	28.4451194	31.6749475
17.11241	17.8967275	19.9288275
12.2235796	12.7838269	14.2353781
9.70965825	10.1546828	11.3077064
7.95370463	8.31824906	9.262752
7.33737131	7.67366725	8.54498075
6.46347544	6.75971787	7.52725619
6.61672231	6.91998856	7.70572481
6.59153494	6.89364681	7.67639194
6.5782275	6.87972925	7.66089456
7.03139631	7.35366831	8.18864738
6.82995044	7.14298969	7.95404694
7.02822169	7.35034844	8.18495025
7.17441569	7.50324275	8.35520538
6.77611656	7.08668844	7.891353
6.94838937	7.266857	8.09197887
6.61361488	6.91673869	7.70210587
6.76684519	7.076992	7.88055556
6.46140556	6.75755337	7.52484581
6.57599469	6.87739419	7.65829419
6.14019781	6.42162331	7.15077231
6.13184981	6.4128925	7.14105019
6.97904469	7.29891744	8.12767956
7.887772	8.24929462	9.18596844
9.88392919	10.3369426	11.5106606
12.2819219	12.8448425	14.3033206
16.8505631	17.62288	19.6238863
24.2146638	25.3245013	28.1999938
65.4206093325672	66.8840843325672	70.6758211325672
24.5954319	25.7227219	28.6434306
19.9230275	20.836165	23.2020256
14.6154487	15.2853244	17.0209112
11.5070925	12.0345013	13.4009688
8.906702	9.31492588	10.3725982
7.46875594	7.81107375	8.69798925
6.55434313	6.85475025	7.63307913
6.50682837	6.80505775	7.57774431
5.87836181	6.14778663	6.8458425
5.86061469	6.12922587	6.8251745
5.76506563	6.02929731	6.71389962
5.92217188	6.19360462	6.89686313
6.15666856	6.43884912	7.169954
5.97830313	6.25230838	6.96223219
6.36125112	6.65280837	7.40820738
6.45495019	6.75080188	7.51732787
6.453175	6.74894525	7.51526025
6.11352175	6.39372463	7.119706
6.07213744	6.35044375	7.07151044
5.89568619	6.16590506	6.86601831
5.98575875	6.260106	6.9709155
4.464216	4.66882581	5.19895175
4.50102719	4.70732413	5.24182119
5.03026625	5.26081994	5.85816456
6.51432788	6.81290106	7.58647788
8.40758063	8.79292794	9.79132962
11.4145668	11.9377331	13.2932137
14.3248156	14.9813663	16.6824406
15.1161744	15.8089962	17.6040444
11.5449622	12.0741057	13.4450731
9.00783819	9.42069662	10.4903778
7.02318825	7.345084	8.17908831
5.67281381	5.93281744	6.60646475
4.88265294	5.10644106	5.68625644
4.41305012	4.61531488	5.13936475
4.35537537	4.55499681	5.07219781
4.391757	4.59304556	5.11456719
4.3319015	4.53044687	5.04486037
4.64249081	4.85527144	5.40656756
4.53496106	4.74281325	5.28134019
4.33176956	4.53030888	5.04470706
4.48739231	4.69306425	5.22594269
4.46200181	4.66651013	5.19637313
4.20077837	4.39331387	4.89215669
4.34440794	4.54352644	5.05942531
3.32610194	3.478548	3.87352287
3.54571544	3.70822744	4.12928163
3.85519575	4.03189213	4.48969712
4.41644644	4.61886675	5.14332025
5.598702	5.85530913	6.52015544
6.41827244	6.71244294	7.47461331
7.3202555	7.65576656	8.52504781
7.74092613	8.09571831	9.01495456
6.60125631	6.90381369	7.68771319
5.70288281	5.96426481	6.64148256
4.67781025	4.89220981	5.44770019
3.88430925	4.06233975	4.52360175
3.63422044	3.80078881	4.23235294
3.43780387	3.59536981	4.00360931
3.34060106	3.49371194	3.89040856
3.22461125	3.37240587	3.75532875
3.23663287	3.38497844	3.76932888
3.28785644	3.43854981	3.82898306
3.38641925	3.54163006	3.9437675
3.36645656	3.52075225	3.92051944
3.370969	3.52547181	3.92577456
3.36448019	3.51868531	3.91821762
3.27422856	3.42429731	3.81311212
3.35963287	3.51361612	3.91257275
2.68087431	2.80374756	3.12210175
2.89372925	3.02635844	3.36998913
3.15599238	3.300642	3.67541631
3.78088756	3.95417812	4.40315894
4.32934469	4.52777275	5.041883
4.46783369	4.67260919	5.20316475
4.31645581	4.51429325	5.02687275
3.711392	3.88149744	4.3222255
3.25085562	3.399853	3.78589237
2.918538	3.05230437	3.398881
2.645324	2.76656794	3.08070038
2.642888	2.76402025	3.07786356
2.64103331	2.76208088	3.07570375
2.61277956	2.73253175	3.04279962
2.563774	2.68128019	2.98572863
2.57560962	2.69365844	2.99951231
2.62091831	2.74104375	3.052278
2.62374937	2.74400463	3.05557519
2.34530331	2.45279625	2.73130112
2.45424619	2.56673225	2.85817419
2.85010281	2.98073256	3.31918244
3.18134513	3.32715681	3.70494181
2.97877456	3.11530175	3.46903131
2.64481319	2.76603369	3.08010531
2.4282135	2.53950619	2.827857
2.27369506	2.37790606	2.64790756
2.22896594	2.33112681	2.59581675
2.19763294	2.29835788	2.55932688
2.2423825	2.34515844	2.61144156
2.20893731	2.31018019	2.57249169
2.1087125	2.20536169	2.45577144
2.23005519	2.332266	2.59708525
2.27586506	2.3801755	2.65043481
2.1843955	2.28451369	2.5439105
2.02505844	2.11787356	2.35834944
2.02943838	2.12245425	2.36345025
2.06302806	2.15758363	2.40256819
