#?RADIANCE
genskyvec -m 1
NROWS=146
NCOLS=1
NCOMP=3
FORMAT=ascii

14.8470006	15.5274894	17.2905706
25.4221994	26.58738	29.6062687
24.4450606	25.5654594	28.4683119
24.4049181	25.5234762	28.4215625
24.5990906	25.7265481	28.647695
24.8158862	25.9532812	28.9001681
27.2451387	28.4938737	31.7292356
30.4837544	31.8809256	35.500875
36.028365	37.679665	41.9580356
43.4241506	45.4144206	50.5710431
54.0229831	56.4990337	62.9142694
63.526485	66.4381144	73.9818887
64.5941469	67.5547106	75.2252694
58.0668625	60.7282606	67.623705
48.8746656	51.1147537	56.918625
40.282345	42.1286175	46.91215
33.4437712	34.9766112	38.9480613
30.0257225	31.4018987	34.9674569
26.0127056	27.2049538	30.293965
23.8190325	24.9107387	27.7392494
24.7233769	25.8565325	28.7924356
23.8311656	24.9234256	27.7533794
25.2510762	26.4084175	29.4069844
25.0467644	26.1947394	29.169045
27.5499425	28.8126469	32.084205
29.2387206	30.5788275	34.0509281
30.407125	31.8007831	35.411635
30.8261556	32.2390219	35.8996312
28.8116688	30.1322019	33.5535888
27.9170444	29.1965769	32.5117275
26.1603719	27.3593875	30.4659344
15.9867319	16.7194569	18.6178825
14.444925	15.1069837	16.8223206
15.6763469	16.3948456	18.2564131
15.7493225	16.4711662	18.3413987
17.3301956	18.1244981	20.1824606
19.0931087	19.9682094	22.2355162
23.2670694	24.3334788	27.0964456
29.5792631	30.9349763	34.4475162
39.477785	41.2871831	45.9751725
52.0135762	54.39753	60.574145
67.2605206	70.3432919	78.330485
72.3220631	75.6368225	84.2250738
61.1796769	63.9837431	71.2488363
46.1049056	48.218045	53.693005
34.6624144	36.2511062	40.3672713
25.8231469	27.0067062	30.0732075
22.699155	23.7395319	26.4350594
18.0148325	18.8405137	20.9797763
16.1529019	16.8932425	18.8114012
14.7529981	15.4291775	17.1810981
14.7251912	15.4000956	17.1487125
15.2806569	15.9810188	17.7955975
14.7551825	15.4314612	17.1836406
16.8372581	17.6089669	19.6083913
17.6857075	18.4963019	20.59648
18.3516913	19.1928081	21.3720725
17.3420213	18.1368625	20.19623
17.52574	18.3290037	20.4101875
16.5278537	17.2853781	19.2480638
16.31706	17.0649231	19.0025775
10.5697979	11.0542475	12.3094119
10.2933697	10.7651481	11.9874869
10.8643681	11.3623181	12.6524631
12.8102794	13.3974181	14.9186387
15.5144225	16.2255019	18.0678387
20.79479	21.7478819	24.217265
30.5462194	31.9462537	35.5736194
50.1480156	52.4464656	58.401545
78.7335513	82.3421719	91.6917887
1735.06880272536	1739.18295022536	1749.84238172536
58.8596606	61.5573925	68.5469838
33.0663369	34.5818763	38.5085081
21.75987	22.7571969	25.3411838
16.1002125	16.83814	18.7500412
13.0946738	13.6948475	15.2498413
11.6181644	12.1506625	13.53032
10.5866063	11.0718269	12.3289875
10.9710576	11.4738989	12.7767119
10.8004156	11.2954353	12.577985
10.5354924	11.0183694	12.26946
11.2097247	11.7235031	13.05466
11.3125969	11.8310938	13.1744644
10.6031623	11.0891399	12.3482663
10.8267654	11.3229897	12.6086687
8.45921012	8.8469235	9.85145594
8.85697263	9.26291687	10.3146828
9.61530206	10.0560032	11.1978206
10.8676594	11.36576	12.6562963
14.0772856	14.7224944	16.3941725
17.5855569	18.3915612	20.4798469
27.9077731	29.1868775	32.5009281
46.6785244	48.8179581	54.3610363
2603.22440333286	2607.04261213287	2616.93524023286
3497.25660612277	3501.33125982277	3511.88834322277
50.6996075	53.0233375	59.0439206
28.9216019	30.2471737	33.6816162
20.6592706	21.6061544	24.059445
14.4709525	15.1342038	16.85263
11.5327163	12.0612969	13.4308087
9.95731769	10.4136957	11.5961262
8.98664112	9.39852863	10.4656924
8.57246288	8.96536731	9.98334812
8.52024794	8.91075888	9.92253894
8.46989894	8.85810231	9.86390325
8.54672688	8.93845156	9.95337656
8.61191763	9.00663056	10.0292961
8.43596325	8.82261144	9.82438294
8.54582694	8.9375105	9.95232825
7.72478544	8.07883775	8.99615687
8.47828181	8.8668695	9.8736655
9.87244125	10.3249269	11.4972794
12.8275831	13.4155125	14.9387894
17.9480138	18.7706294	20.9019588
30.79371	32.2050881	35.861845
44.7831769	46.83574	52.153745
42.4541325	44.399945	49.4413781
28.548305	29.8567669	33.2468819
17.8151894	18.6317188	20.7472737
12.7458944	13.3300819	14.8436587
10.0436881	10.5040251	11.6967131
8.53114594	8.92215669	9.93523044
7.71380256	8.06735163	8.98336606
7.3987225	7.7378305	8.6164295
7.29702194	7.63146831	8.49799056
7.35978819	7.6971115	8.57108706
7.44737131	7.788709	8.67308506
7.87668012	8.23769431	9.17305087
9.24358144	9.66724581	10.7649201
12.4548362	13.0256838	14.5046956
18.9973037	19.8680137	22.123945
23.1726869	24.2347681	26.9865281
20.73404	21.6843494	24.1465187
14.9109563	15.594375	17.3650519
10.9639415	11.4664552	12.7684231
8.54808725	8.93987419	9.9549595
7.60306212	7.95153562	8.85439975
7.17632412	7.50523875	8.35742813
7.35567656	7.69281144	8.56629881
8.66169663	9.05869094	10.087269
10.8613799	11.3591925	12.6489825
13.4626369	14.0796731	15.6783638
12.6699006	13.2506031	14.7551556
9.13319044	9.55179512	10.6363613
8.08048294	8.45083813	9.41039581
10.0584102	10.5194216	11.7138581
