#?RADIANCE
genskyvec -m 1
NROWS=146
NCOLS=1
NCOMP=3
FORMAT=ascii

21.46044	22.4440431	24.9924719
29.4590725	30.80928	34.3075475
28.78199	30.1011637	33.5190269
28.5565881	29.86543	33.2565275
28.0734475	29.3601456	32.6938706
26.7647012	27.9914169	31.1697275
27.4987594	28.7591188	32.0245987
28.9115987	30.2367125	33.6699663
31.0491819	32.4722687	36.1593625
34.0110356	35.5698763	39.6086887
41.2498156	43.1404312	48.0388506
46.2156569	48.3338756	53.8219888
51.9645594	54.3462662	60.5170619
54.2499231	56.7363775	63.1785588
53.0914731	55.5248312	61.8294469
48.92635	51.1688063	56.9788144
43.6159981	45.6150644	50.7944669
39.181845	40.9776775	45.6305262
34.0843662	35.6465656	39.6940856
29.9255238	31.2971094	34.8507662
29.4600544	30.8103063	34.3086887
26.9620019	28.1977594	31.3994981
27.3747075	28.6293813	31.8801306
26.29279	27.4978738	30.620145
28.0982244	29.3860588	32.7227263
29.8833575	31.2530106	34.8016631
31.2365181	32.6681894	36.3775275
32.4260412	33.9122331	37.7628294
31.0325556	32.45488	36.1399987
30.978825	32.3986869	36.0774244
29.8171781	31.1837994	34.7245919
18.3213425	19.1610694	21.33673
16.5682169	17.3275944	19.2950731
17.79452	18.6101006	20.7232037
17.275715	18.0675181	20.11901
17.8788231	18.6982669	20.82138
18.3875406	19.2303031	21.4138244
20.9736944	21.9349881	24.4256163
24.248995	25.3604063	28.2399769
28.667595	29.9815262	33.3858063
33.2935894	34.819545	38.7731619
41.7991469	43.71494	48.6785944
50.278195	52.5826106	58.5531512
54.8189112	57.3314437	63.8411938
54.3384081	56.8289175	63.2816081
48.0385537	50.24032	55.9449025
38.6240606	40.39433	44.9809406
33.1598356	34.67966	38.6173944
26.1660987	27.3653794	30.4726044
22.1703725	23.1865131	25.8192469
19.27769	20.16125	22.4504781
18.0028413	18.8279713	20.9658106
17.4526125	18.2525244	20.3250231
16.1611563	16.9018788	18.8210163
17.6436006	18.452265	20.5474437
18.2604519	19.0973881	21.2658194
18.9662237	19.8355087	22.0877494
18.2599094	19.0968231	21.2651894
18.8650138	19.7296606	21.9698831
18.2473113	19.083645	21.2505163
18.3974369	19.2406519	21.4253494
12.0770431	12.6305744	14.0647238
11.6950556	12.2310806	13.61987
12.00908	12.5594956	13.9855744
13.3855925	13.9990969	15.5886388
14.95413	15.6395269	17.4153306
17.8943944	18.7145538	20.8395156
22.7037344	23.7443206	26.4403919
31.1478794	32.57549	36.2743025
42.8648206	44.8294562	49.9196587
60.0743419	62.8277481	69.9615831
69.0163394	72.1795862	80.3752838
54.3274194	56.8174225	63.2688088
38.2234075	39.9753131	44.5143462
27.504205	28.764815	32.0309406
20.4026219	21.3377419	23.7605544
16.5989438	17.3597275	19.3308544
13.8421894	14.476625	16.1203862
13.2459156	13.85302	15.4259725
12.2960863	12.8596569	14.3198187
11.7237875	12.2611281	13.6533281
12.1915006	12.7502775	14.19802
12.3423669	12.9080594	14.3737131
11.8312113	12.373475	13.7784319
12.2426456	12.8037669	14.2575825
9.79939069	10.2485306	11.4122081
10.1312428	10.5955913	11.7986775
10.6812225	11.1707794	12.439175
11.607725	12.1397444	13.5181619
13.8873025	14.5238019	16.1729206
16.1953531	16.9376406	18.8608387
22.4354694	23.4637619	26.1279762
32.8431206	34.3484294	38.2485525
53.1796656	55.617065	61.9321538
82.8133138	86.6089231	96.4430094
3762.33481129273	3767.03824129273	3779.22444429273
68.7314994	71.88169	80.0435613
45.4388719	47.5214862	52.9173556
27.7423181	29.0138406	32.3082413
19.7353331	20.6398694	22.9834406
15.7317994	16.4528406	18.3209913
12.9553875	13.5491744	15.0876281
11.4392931	11.963595	13.3220125
10.5567269	11.0405763	12.2941856
10.0574307	10.5183946	11.712715
9.89195706	10.3453392	11.5200106
9.87393837	10.3264937	11.499025
9.73388294	10.1800189	11.3359187
9.86616112	10.3183597	11.4899675
9.25951969	9.68391425	10.7834831
9.9283155	10.383363	11.5623519
11.2226594	11.7370306	13.0697231
13.6927163	14.3202988	15.9463106
17.9169794	18.7381706	20.8658156
29.9287175	31.3004481	34.8544856
48.9926094	51.2381006	57.0559781
3308.86382467513	3313.20819217513	3324.46404497513
2601.13348041039	2604.69053041039	2613.90653541039
41.9761412	43.9000475	48.8847169
25.9178706	27.1057725	30.1835206
17.586915	18.3929806	20.4814281
13.1998544	13.8048475	15.3723312
10.7882112	11.2826706	12.5637719
9.77787456	10.2260262	11.3871481
9.18187975	9.60271563	10.693065
8.98314863	9.39487588	10.4616262
9.01281631	9.4259035	10.4961762
9.87424256	10.3268117	11.4993781
11.5014044	12.02855	13.3943431
14.9331713	15.6176075	17.3909225
22.8150787	23.8607681	26.5700606
34.2039219	35.7716013	39.83332
42.9889662	44.9592919	50.0642363
32.016575	33.4840006	37.2859713
20.7504888	21.7015544	24.1656763
13.8584031	14.4935812	16.1392675
11.0767328	11.5844156	12.8997788
9.53624831	9.9733265	11.1057562
9.56884188	10.0074136	11.1437138
11.9033044	12.4488731	13.8623919
15.2767644	15.9769481	17.7910663
21.3933387	22.3738662	24.9143256
22.8928119	23.9420644	26.6605875
14.6326425	15.3033037	17.0409319
11.73888	12.2769119	13.670905
15.4115369	16.1178988	17.9480219
