#?RADIANCE
genskyvec -m 1
NROWS=146
NCOLS=1
NCOMP=3
FORMAT=ascii

0.117696487	0.123090894	0.137067362
5.13473281	5.37007462	5.9798245
5.33896531	5.58366781	6.21767025
5.75747038	6.02135431	6.70505438
6.7147135	7.02247075	7.81984362
8.78048281	9.18292062	10.2256049
11.8537974	12.3970956	13.8047356
16.2325738	16.9765675	18.9041862
42.3420247253025	43.4867947253025	46.4527916253025
87.6217121844403	89.2131565844403	93.3364440844403
53.1769249756538	54.5008243756538	57.9309305756538
20.6932144	21.6416537	24.098975
13.1504869	13.7532163	15.3148375
9.41247238	9.84387619	10.9616079
7.46766544	7.80993325	8.69671919
6.06136419	6.33917631	7.05896387
5.58290131	5.83878431	6.50175413
4.8616555	5.08448106	5.66180325
5.02821275	5.25867237	5.85577325
5.05054025	5.28202313	5.88177519
5.04792013	5.27928287	5.87872381
5.47851631	5.72961475	6.380189
5.32819694	5.57240563	6.20512975
5.53339869	5.78701275	6.44410419
5.64556106	5.90431581	6.57472662
5.29779956	5.54061525	6.16972944
5.41045206	5.65843106	6.30092269
5.10319581	5.33709187	5.943097
5.21094931	5.44978425	6.06858513
4.93704225	5.16332331	5.74959725
5.02161544	5.25177269	5.84808988
4.72243275	4.9388775	5.49966662
4.712819	4.92882313	5.48847075
5.45219981	5.70209213	6.34954138
6.25360181	6.54022481	7.28284063
7.93955356	8.30344919	9.24627212
9.87404806	10.3266094	11.4991536
13.6399931	14.2651591	15.8849087
19.3205356	20.20606	22.5003756
24.0448325	25.1468869	28.0022131
18.0492881	18.876545	21.0199006
14.8598444	15.5409194	17.3055262
11.0579375	11.5647596	12.8778912
8.83026644	9.23498681	10.2835808
6.81232781	7.12455944	7.9335235
5.6936295	5.95458719	6.63070631
4.98332531	5.21172737	5.8034975
4.98179675	5.21012875	5.80171775
4.46821281	4.67300581	5.20360663
4.49167656	4.697545	5.23093194
4.43822563	4.64164413	5.16868362
4.59995575	4.810787	5.35703206
4.83392475	5.05547962	5.62950881
4.68312925	4.89777275	5.45389463
5.02555963	5.25589744	5.85268319
5.11219612	5.34650506	5.95357881
5.09374075	5.32720375	5.93208588
4.76613437	4.98458219	5.55056106
4.70186862	4.91737075	5.47571794
4.52711069	4.734603	5.27219787
4.59765831	4.80838413	5.3543565
3.12594788	3.26922044	3.64042713
3.10921237	3.25171787	3.62093719
3.51287538	3.67388225	4.0910365
4.736721	4.95382062	5.51630663
6.13575506	6.41697719	7.14559844
8.27034688	8.64940444	9.63150869
10.1174256	10.5811398	11.7825844
10.4692379	10.9490777	12.1923022
7.83492337	8.194024	9.124422
6.2423705	6.52847888	7.269761
4.88005575	5.10372487	5.68323194
3.97507056	4.15726125	4.62930119
3.39915281	3.55494713	3.95859688
3.0374335	3.17664912	3.53734456
3.04279056	3.18225163	3.54358331
3.108457	3.25092781	3.62005756
3.05813338	3.19829781	3.56145144
3.377591	3.53239725	3.9334865
3.26364919	3.41323306	3.80079156
3.05001713	3.18980931	3.55199925
3.207228	3.35422588	3.73508456
3.18081869	3.32660606	3.7043285
2.90979694	3.04316262	3.38870125
3.041179	3.18056613	3.54170656
1.93160275	2.0201345	2.24951244
2.08548006	2.18106469	2.42871544
2.24346369	2.346289	2.6127005
2.62624394	2.74661331	3.05847994
3.40254644	3.55849625	3.962549
3.86314369	4.04020444	4.49895294
4.29994638	4.49702694	5.00764625
4.5735505	4.78317156	5.326281
3.8251075	4.00042506	4.454657
3.33259325	3.485337	3.88108288
2.71178306	2.83607312	3.15809744
2.19553444	2.296163	2.55688287
2.091397	2.18725256	2.43560606
2.02165894	2.114318	2.35439031
1.98150819	2.07232719	2.3076315
1.88133238	1.96756019	2.1909685
1.9031635	1.99039181	2.21639263
1.95649162	2.04616425	2.278498
2.05755694	2.15186175	2.39619688
2.03419981	2.12743375	2.36899531
2.04030306	2.13381681	2.37610312
2.03589638	2.12920838	2.37097119
1.93651006	2.02526675	2.2552275
2.01595937	2.10835731	2.34775275
1.22086301	1.27681919	1.42179675
1.3339425	1.39508144	1.55348744
1.42719006	1.49260313	1.66208181
1.78109269	1.862726	2.074231
2.05013481	2.14409919	2.38755275
2.05290388	2.14699513	2.39077769
2.00067631	2.09237387	2.32995431
1.72735081	1.806521	2.01164413
1.49201831	1.56040256	1.73757962
1.35355731	1.41559519	1.57633019
1.16527189	1.21868025	1.35705619
1.22746851	1.28372744	1.4294895
1.24965013	1.30692588	1.45532188
1.22040188	1.27633688	1.42125969
1.16496342	1.21835769	1.35669719
1.17847894	1.23249256	1.37243694
1.22539267	1.28155625	1.42707181
1.21081562	1.26631137	1.41009581
0.82023195	0.857825887	0.955228494
0.805486662	0.842404806	0.938056381
0.990791819	1.03620296	1.15385957
1.14361573	1.19603134	1.33183579
1.01744367	1.06407647	1.18489807
0.888776631	0.929512294	1.03505456
0.832987137	0.871165706	0.970082906
0.768399119	0.803617413	0.894864831
0.775857619	0.811417744	0.90355085
0.750374037	0.784766169	0.873873181
0.801149369	0.837868681	0.933005244
0.736452231	0.770206275	0.857660006
0.536058331	0.56062765	0.624284625
0.5492771	0.574452263	0.639678981
0.563146388	0.588957238	0.655830937
0.561193363	0.586914706	0.653556444
0.494707869	0.517381963	0.576128556
0.518948269	0.542733381	0.604358519
0.461550056	0.482704413	0.537513519
