#?RADIANCE
genskyvec -m 1
NROWS=146
NCOLS=1
NCOMP=3
FORMAT=ascii

22.4871225	23.5177819	26.1881294
29.4338581	30.7829075	34.2781825
31.0587262	32.4822488	36.1704763
32.0720538	33.5420213	37.3505813
32.2929606	33.773055	37.6078475
30.2752787	31.6628956	35.2580856
29.3775556	30.7240256	34.2126144
28.6166588	29.9282544	33.3264844
26.64792	27.8692825	31.033725
25.0493537	26.1974487	29.17206
28.3640831	29.6641031	33.03234
26.9855056	28.2223387	31.42687
30.0280694	31.4043531	34.97019
32.2647775	33.7435794	37.5750256
34.7018231	36.2923238	40.4131675
39.6829169	41.5017162	46.2140663
45.1885006	47.2596381	52.6257775
48.7465112	50.9807256	56.7693788
52.4166194	54.8190462	61.0435231
52.0291638	54.4138313	60.5922987
49.1904981	51.44506	57.2864363
43.9289563	45.9423656	51.1589331
38.8105713	40.5893888	45.1981462
33.9099269	35.4641319	39.4909387
31.3967925	32.8358125	36.5641844
29.2678444	30.6092869	34.0848462
28.2699319	29.5656375	32.9226938
28.3403994	29.6393338	33.00476
27.2108281	28.45799	31.6892794
27.91257	29.1918963	32.5065162
28.3791425	29.6798513	33.0498775
18.4050206	19.2485825	21.43418
17.2537538	18.0445494	20.093435
19.0865919	19.9613944	22.2279281
18.4794931	19.3264731	21.5209125
18.1803194	19.0135844	21.1724988
16.9888369	17.7674925	19.7849181
17.9548494	18.7777794	20.90992
18.1512219	18.9831525	21.1386106
17.7160025	18.5279875	20.6317625
16.5115094	17.2682875	19.2290306
18.2259575	19.0613131	21.2256481
20.0584694	20.9778137	23.3597594
23.7001281	24.7863819	27.6007744
27.7712569	29.0441044	32.3419438
32.5495338	34.0413869	37.9066481
40.3255075	42.1737588	46.9624162
47.1131975	49.2725531	54.8672488
52.9619412	55.3893631	61.6785975
51.9171837	54.2967181	60.4618888
46.2737575	48.3946362	53.8896494
38.8742094	40.6559456	45.27226
31.8148456	33.2730256	37.0510419
25.52987	26.6999888	29.7316631
22.84816	23.8953656	26.6085881
20.5180006	21.4584075	23.8949219
19.2873331	20.171335	22.4617081
17.5290513	18.3324656	20.4140413
17.5135025	18.3162037	20.3959356
17.122335	17.9071087	19.9403869
17.7000725	18.5113262	20.6132112
12.1269331	12.6827512	14.122825
11.7118063	12.2485981	13.639375
11.7412038	12.2793412	13.67361
12.4249944	12.9944738	14.4699444
12.2890994	12.8523494	14.3116819
12.3668288	12.9336412	14.402205
12.6745156	13.2554312	14.7605294
13.5815762	14.204065	15.8168788
14.5342419	15.2003944	16.9263362
17.6429981	18.4516331	20.5467431
21.6936288	22.68792	25.2640388
30.5086031	31.9069112	35.5298131
43.3733425	45.3612856	50.511875
58.88057	61.5792619	68.5713337
64.8161387	67.786875	75.4837975
53.9966238	56.4714675	62.8835706
37.12581	38.8274106	43.2361025
27.9734169	29.2555306	32.5773775
20.4382913	21.3750456	23.802095
16.6141619	17.3756438	19.3485781
14.4635325	15.1264444	16.84399
13.2122931	13.8178581	15.3868187
12.1027719	12.6574812	14.094685
12.1869094	12.745475	14.1926712
9.83883156	10.2897772	11.4581394
9.78966587	10.2383578	11.4008819
9.6329055	10.0744139	11.2183206
9.74784144	10.1946172	11.3521737
10.0477414	10.5082645	11.7014325
10.2203877	10.6888225	11.9024944
10.8684975	11.3666356	12.6572712
12.0821825	12.6359488	14.0707087
14.0558956	14.7001237	16.3692638
16.993015	17.77186	19.7897813
22.6693094	23.7083188	26.4003012
33.4469	34.9798819	38.951705
47.2786156	49.4455519	55.0598919
79.2030181	82.8331544	92.2385213
3299.58570017892	3303.99793417892	3315.42961117892
73.1234225	76.4749075	85.1583231
45.0462431	47.1108625	52.4601069
29.7596656	31.1236481	34.6576119
20.6252631	21.5705875	24.0198381
15.9153281	16.64478	18.5347256
13.31574	13.9260444	15.50729
11.6459438	12.1797175	13.5626756
10.6901937	11.1801594	12.4496213
10.2880658	10.7596038	11.9813125
9.44394456	9.87679219	10.9982619
9.16028062	9.5801265	10.6679106
9.16268806	9.58264419	10.670715
9.44291088	9.875711	10.9970575
10.0567274	10.51766	11.7118994
11.7387531	12.2767787	13.6707556
14.0811769	14.7265631	16.3987025
20.13497	21.0578225	23.4488519
28.9329494	30.2590431	33.6948325
51.6646856	54.0326475	60.1678331
3640.22581960042	3643.88839960042	3653.37781840042
2964.9954750871	2968.9897001871	2979.3383923871
48.23586	50.4466681	56.1746819
26.090575	27.2863931	30.3846506
17.9638619	18.7872056	20.9204156
13.4515544	14.0680819	15.6654556
11.1303006	11.6404394	12.9621625
10.0165101	10.4756	11.6650619
9.94885725	10.4048476	11.5862744
9.90819069	10.362316	11.5389156
10.2345356	10.7036175	11.9189694
11.6222706	12.1549581	13.5351038
14.9636875	15.6495212	17.4264606
23.5974831	24.6790337	27.4812381
38.9344263	40.71892	45.3423875
48.2807175	50.4935837	56.2269225
36.6677594	38.3483631	42.7026631
21.5124488	22.4984344	25.0530387
13.7692106	14.4002988	16.0353925
11.3887469	11.9107306	13.263145
12.3272938	12.8922956	14.3561619
12.7038462	13.2861044	14.7946869
16.1094606	16.8478106	18.7608106
23.4236719	24.4972531	27.2788156
21.2543231	22.2284788	24.7524312
15.7133612	16.4335556	18.2995213
16.0153862	16.7494238	18.6512512
