#?RADIANCE
genskyvec -m 1
NROWS=146
NCOLS=1
NCOMP=3
FORMAT=ascii

12.8802094	13.4705525	15.0000775
30.7657469	32.1758419	35.8292762
31.6648844	33.1161906	36.8763981
32.5515544	34.0435	37.909
33.4201175	34.9518713	38.9205138
33.3204425	34.8476262	38.8044331
32.8987894	34.40665	38.3133844
32.8575544	34.3635244	38.2653612
31.1657394	32.5941681	36.2951031
30.519415	31.91822	35.5424037
31.3913	32.8300681	36.5577888
30.3132838	31.7026406	35.3023444
30.8650044	32.2796506	35.9448719
31.4071525	32.8466462	36.5762481
32.5800863	34.0733394	37.9422281
36.2481581	37.9095313	42.2140044
42.9855363	44.955705	50.0602406
49.0966981	51.3469606	57.1771987
63.2698425	66.1697081	73.6830056
82.2735613	86.0444313	95.8144106
89.3132875	93.4068106	104.012777
95.1234531	99.4832731	110.779194
78.5841775	82.1859494	91.5178269
66.3803063	69.4227369	77.3054037
53.5478538	56.0021275	62.3609413
41.8643362	43.7831162	48.7545106
37.0729687	38.7721456	43.1745637
33.3454863	34.87382	38.8335994
31.3384219	32.7747644	36.4962037
30.0643219	31.4422694	35.0124106
30.0087694	31.3841694	34.9477125
22.0315956	23.0413762	25.6576319
20.7064312	21.6554781	24.1143687
22.839315	23.8861156	26.5982863
22.5949269	23.6305269	26.3136763
22.7157156	23.7568519	26.4543437
21.6305781	22.62198	25.1906112
23.0772894	24.1349987	26.8754294
23.3863669	24.4582406	27.2353725
22.3776662	23.4033075	26.0606581
19.6808975	20.5829381	22.9200456
20.5614612	21.5038619	23.9455356
21.0219306	21.985435	24.4817906
23.3840256	24.4557913	27.2326475
25.2816569	26.4403981	29.4425981
28.22952	29.5233731	32.8756312
35.0690113	36.6763369	40.8407856
46.0313106	48.1410775	53.6073
61.0273369	63.8244194	71.0714213
85.9328656	89.8714556	100.075987
106.345557	111.219725	123.848275
107.534326	112.462969	125.232687
85.2208544	89.1268094	99.2467931
60.5389838	63.3136888	70.5026969
45.6507663	47.7430919	53.1641256
35.8416169	37.4843556	41.7405506
30.3608594	31.7523987	35.3577538
25.1138125	26.2648619	29.2471306
23.2721481	24.3387875	27.1023575
21.6644913	22.6574456	25.2301056
21.6674069	22.6604963	25.2335031
14.5140025	15.1792288	16.9027681
13.8758494	14.5118244	16.1595819
13.9534819	14.5930169	16.2499931
15.0654412	15.7559406	17.5449619
14.9871081	15.6740169	17.4537388
14.9662344	15.6521856	17.4294269
14.81845	15.4976281	17.2573219
14.9294075	15.6136706	17.3865394
14.4045875	15.0647981	16.7753444
15.7599788	16.4823112	18.3538106
17.2505681	18.0412188	20.0897256
21.6852944	22.6792037	25.2543325
28.8709587	30.19421	33.6226381
41.8663656	43.7852412	48.7568756
70.1396	73.3543287	81.6834131
114.134979	119.366143	132.919688
1889.20745532262	1894.48301532262	1908.15147732262
76.0477725	79.5332925	88.5639731
43.2020969	45.1821919	50.312445
29.0867363	30.4198769	33.87393
22.0753863	23.087175	25.7086281
18.3167313	19.1562475	21.3313606
15.4332675	16.1406244	17.9733275
14.9653919	15.6513062	17.4284481
11.0555431	11.562255	12.8751019
10.9284198	11.429305	12.7270556
10.6134717	11.0999238	12.3602737
10.7660543	11.2594975	12.5379675
11.0231319	11.5283562	12.8373544
10.9327164	11.4338012	12.7320613
10.8739669	11.372355	12.66364
11.2643119	11.7805925	13.11823
11.6146725	12.1470113	13.5262556
12.6149825	13.1931681	14.6911988
14.4200494	15.0809681	16.7933506
17.5986794	18.4052856	20.4951306
22.6151244	23.65165	26.3371994
36.09043	37.7445719	42.030315
59.0820681	61.7899956	68.8059963
2220.44758501274	2224.43974621274	2234.78308421274
2600.53810618135	2604.98588778135	2616.50967578135
62.87328	65.7549712	73.2211794
37.9725113	39.7129175	44.2221575
25.1144537	26.26553	29.247875
18.6571387	19.5122575	21.727795
14.8281725	15.5077963	17.2686425
12.7801456	13.3659019	14.8835456
11.98917	12.5386731	13.9623869
9.65736781	10.099997	11.24681
9.21162894	9.63382838	10.7277094
8.94003313	9.34978438	10.4114138
9.06472525	9.48019188	10.5566275
9.17975306	9.60049106	10.6905881
9.462969	9.89668875	11.0204163
10.1479714	10.6130848	11.8181569
11.9391744	12.4863863	13.9041644
14.3593856	15.017525	16.7227044
20.3335494	21.2655044	23.680115
27.5791406	28.843185	32.1182106
44.6581175	46.704945	52.0081006
53.2399581	55.6801219	62.0023712
34.7986881	36.3936262	40.525975
22.6781888	23.717605	26.4106406
15.7271625	16.44799	18.3155913
12.3390038	12.9045406	14.3697981
10.5554649	11.039255	12.2927175
9.10787487	9.52531944	10.60688
8.52521475	8.91595356	9.9283235
8.44193219	8.82885375	9.831334
8.7797255	9.18212931	10.2247223
9.6243395	10.0654544	11.2083481
12.0932069	12.6474787	14.0835481
16.52884	17.28641	19.2492112
21.7299438	22.7258981	25.30633
26.3921363	27.6017756	30.7358431
19.8448831	20.7544375	23.11102
13.6354663	14.2604244	15.8796356
10.5055019	10.9870044	12.2345344
9.63083938	10.0722531	11.215915
9.0952205	9.51208456	10.5921442
10.0108227	10.4696531	11.6584381
12.6758644	13.2568412	14.7621013
13.9484013	14.5877025	16.2440763
12.1823437	12.7407006	14.1873563
10.662985	11.1517038	12.417935
