#?RADIANCE
genskyvec -m 1
NROWS=146
NCOLS=1
NCOMP=3
FORMAT=ascii

25.347985	26.5097669	29.5198431
35.1656375	36.7773931	40.9533162
34.5642669	36.1484606	40.2529713
33.9475781	35.5035056	39.5347838
32.3199906	33.8013213	37.6393238
28.7025481	30.0180819	33.4265106
27.9582963	29.2397175	32.5597681
27.9853706	29.2680331	32.5912994
28.31044	29.6080019	32.9698706
28.9419187	30.2684219	33.7052794
35.8477131	37.4907319	41.7476519
37.08901	38.7889225	43.1932469
42.9547481	44.9235056	50.0243862
45.982365	48.08989	53.5502994
47.1159281	49.2754044	54.870425
48.1824894	50.3908537	56.1125281
46.0481969	48.1587381	53.6269644
44.3870262	46.42143	51.6923919
39.3300194	41.1326437	45.8030875
34.715275	36.3063906	40.4288338
33.57985	35.1189244	39.1065338
29.2973131	30.6401069	34.119165
28.9851875	30.313675	33.7556675
26.9350269	28.1695494	31.3680856
28.5037125	29.8101319	33.19495
31.2589487	32.6916469	36.4036494
33.2980037	34.8241619	38.7783019
36.13147	37.787495	42.0781087
34.9537025	36.5557456	40.7065019
36.0954944	37.7498706	42.0362137
35.3057844	36.9239644	41.1165313
19.3832031	20.2716012	22.5733588
17.0906494	17.8739713	19.9034869
18.359005	19.2004581	21.3805912
17.0571037	17.8388881	19.86442
16.7703506	17.5389913	19.53047
16.3400406	17.0889581	19.0293394
18.0906144	18.9197662	21.0680281
19.980435	20.8962044	23.2688825
22.1568594	23.1723806	25.8035094
23.3977369	24.4701331	27.2486156
27.7075394	28.9774663	32.2677394
32.121285	33.5935081	37.4079156
37.27575	38.98422	43.4107175
41.2582456	43.1492463	48.0486656
41.6839244	43.5944375	48.5444081
38.6716581	40.4441081	45.0363713
35.7101663	37.3468794	41.5874675
29.8141912	31.1806725	34.7211125
25.5914831	26.7644262	29.8034162
22.0163219	23.0254044	25.6398431
19.8611881	20.7714913	23.1300087
18.2740606	19.1116206	21.2816675
16.1871988	16.9291131	18.8513425
17.0409725	17.8220175	19.8456331
17.4433263	18.2428119	20.3142094
18.2849419	19.1230006	21.2943381
17.8984794	18.7188256	20.8442719
19.055855	19.9292487	22.1921337
18.7612919	19.6211844	21.84909
19.2627725	20.1456494	22.433105
11.7209325	12.2581431	13.6500056
11.1674769	11.6793194	13.0054563
11.1900969	11.7029756	13.0318019
12.0769169	12.6304425	14.0645756
12.8544481	13.4436106	14.9700775
14.4545481	15.1170481	16.8335269
16.8192031	17.5900831	19.5873644
20.4441981	21.3812244	23.8089725
24.642325	25.771765	28.6980431
33.0812806	34.597505	38.5259106
43.42284	45.4130538	50.5695206
48.5139819	50.7375375	56.4985762
41.8063206	43.72244	48.686945
32.4679069	33.9560194	37.8115869
24.2935088	25.40696	28.2918169
19.6026269	20.5010794	22.8288937
15.8002581	16.5244344	18.4007163
14.3129775	14.9689888	16.6686569
12.5112494	13.0846819	14.5703937
11.5342088	12.06286	13.4325488
11.6570563	12.1913363	13.5756138
11.7688969	12.3083031	13.7058612
11.3663106	11.8872663	13.2370169
11.9043931	12.4500094	13.8636563
9.29141544	9.71727175	10.8206275
9.48589906	9.92067013	11.04712
9.76930269	10.2170623	11.3771681
10.3491446	10.8234806	12.0524444
11.7192888	12.2564225	13.6480894
12.9569763	13.5508369	15.0894787
15.79596	16.5199406	18.3957137
19.9510281	20.8654481	23.2346344
27.7907062	29.0644469	32.364595
40.9311062	42.8071181	47.6676881
69.9511394	73.1572281	81.4639362
2276.90315277402	2281.36350307402	2292.91988707402
69.2860613	72.4616725	80.6894
37.3278569	39.0387175	43.4714031
24.8328294	25.971	28.9199
19.2430238	20.1249938	22.4101056
15.3725131	16.0770869	17.9025737
13.0660087	13.6648669	15.2164575
11.4034281	11.9260844	13.2802431
10.3631659	10.838145	12.0687706
9.82229775	10.272487	11.438885
9.57722425	10.0161803	11.1534756
9.36712675	9.79645325	10.9087994
9.423246	9.85514394	10.974155
8.9566015	9.36711194	10.4307094
9.35002081	9.77856319	10.8888781
10.1943202	10.6615606	11.8721381
11.6148288	12.1471744	13.5264369
13.7965725	14.4289163	16.0672606
19.4021781	20.2914419	22.5954538
28.9185194	30.2439512	33.6780288
64.9257769	67.9015406	75.6114831
6123.56068779919	6128.80359479919	6142.38751079919
2286.78346629245	2290.40088759245	2299.77330319245
38.1188981	39.8660137	44.392635
22.4407206	23.4692537	26.1340906
15.8727331	16.6002344	18.4851231
12.3895631	12.9574169	14.4286788
10.7710481	11.2647206	12.5437844
9.63801412	10.0797555	11.2242712
9.05295687	9.46788375	10.5429225
8.88172669	9.28880569	10.3435113
9.71045219	10.1555148	11.3086325
10.7988043	11.2937506	12.5761113
12.7711906	13.3565375	14.8731156
17.1070119	17.8910806	19.9225394
26.191055	27.3914763	30.5016662
47.5749556	49.7554725	55.4050037
46.1949619	48.31223	53.7978869
26.9757062	28.2120913	31.4154588
16.4002425	17.1519194	19.09945
12.4807587	13.0527919	14.5348844
10.1911832	10.6582781	11.8684819
9.83979413	10.2907841	11.4592613
11.8463856	12.3893444	13.7961031
14.163475	14.8126337	16.4945494
19.8222344	20.7307525	23.0846444
24.8676456	26.0074106	28.9604463
15.9054069	16.6344031	18.5231719
12.445925	13.0163638	14.4943181
15.4033306	16.1093169	17.9384631
