#?RADIANCE
genskyvec -m 1
NROWS=146
NCOLS=1
NCOMP=3
FORMAT=ascii

19.7167281	20.6204113	22.961775
30.1987238	31.5828325	35.1689331
32.2129119	33.6893356	37.5146194
33.623675	35.1647594	39.1575762
34.3507725	35.9251819	40.0043381
32.8446538	34.3500337	38.2503388
32.0681244	33.5379131	37.346005
31.2746944	32.7081175	36.4219888
28.880785	30.2044875	33.6340819
26.9782175	28.2147175	31.4183844
29.5270844	30.8804075	34.3867531
27.4931587	28.7532613	32.0180756
29.6521781	31.0112356	34.532435
31.1187019	32.5449738	36.2403225
33.0145119	34.5276762	38.4481513
37.877815	39.6138819	44.1118744
44.1118063	46.1335956	51.3718763
49.6128325	51.8867538	57.7782831
57.3175919	59.9446462	66.7511156
62.613955	65.4837587	72.9191725
61.1582369	63.9613212	71.2238681
56.6064338	59.2008919	65.9229119
48.42481	50.64428	56.3947306
41.57245	43.4778519	48.4145856
36.9191494	38.6112762	42.9954275
32.5464781	34.03819	37.9030869
30.4712325	31.8678294	35.48629
29.5189175	30.8718663	34.3772406
28.0475956	29.3331106	32.6637644
28.36247	29.6624138	33.0304606
28.9365775	30.262835	33.6990575
19.410165	20.2997969	22.6047575
18.3876456	19.2304112	21.4139456
20.5283281	21.4692094	23.9069512
20.13889	21.0619206	23.4534163
20.008605	20.9256656	23.3016887
18.7318313	19.5903731	21.8147794
19.782425	20.6891187	23.0382844
19.792335	20.6994831	23.049825
18.8256337	19.688475	21.9240206
16.8776794	17.6512375	19.6554637
18.0647925	18.8927612	21.0379581
19.2221306	20.1031437	22.3857719
22.2003862	23.2179031	25.8542
25.3797681	26.5430075	29.5568569
29.48646	30.8379225	34.3394419
37.3441162	39.05572	43.4903369
46.67558	48.8148744	54.357605
58.1081719	60.7714625	67.6718106
65.90703	68.9277681	76.7542319
64.3638619	67.3138713	74.9570856
55.13743	57.66456	64.2121344
43.5756719	45.5728881	50.7475019
33.4829044	35.0175356	38.9936325
28.2319263	29.52589	32.8784331
24.2264138	25.3367906	28.2136813
21.9532337	22.9594225	25.5663706
19.3116669	20.1967856	22.4900469
18.7788831	19.6395812	21.869575
18.1167019	18.9470506	21.0984125
18.6196575	19.473055	21.6841413
12.9006988	13.4919806	15.0239394
12.4910531	13.0635575	14.5468719
12.5972594	13.1746313	14.67056
13.439635	14.0556175	15.6515769
13.2545081	13.862005	15.43598
13.1524419	13.7552606	15.3171144
13.1167869	13.7179738	15.2755938
13.5286281	14.14869	15.7552162
13.8282675	14.4620637	16.10417
16.0442806	16.7796444	18.6849025
18.8921469	19.758035	22.0014794
25.6834031	26.8605594	29.9104625
36.642925	38.3223906	42.6737394
54.5807256	57.0823394	63.5638044
77.5309213	81.0844162	90.2912231
80.6587944	84.3556519	93.9338862
56.5301856	59.1211519	65.8341169
39.7025294	41.5222262	46.2369044
26.5399663	27.7563806	30.9080025
20.3020019	21.2325088	23.6433744
16.7431544	17.5105481	19.4988
14.7321581	15.4073813	17.1568262
13.1197056	13.721025	15.2789919
13.0026256	13.5985794	15.1426394
10.4202344	10.8978281	12.1352313
10.3371679	10.810955	12.038495
10.1338962	10.598365	11.8017669
10.2339191	10.7029763	11.918255
10.4426607	10.9212812	12.16135
10.4516985	10.9307312	12.1718712
10.7151313	11.2062412	12.4786625
11.4821306	12.0083944	13.3718981
12.6905625	13.2722125	14.7792194
14.6594687	15.3313606	17.0721737
18.3936325	19.2366712	21.4209175
25.2734681	26.431835	29.43306
34.7962094	36.3910362	40.5230875
61.2513944	64.0587469	71.3323563
2876.95448160043	2881.70530760043	2894.01429560043
3890.05110004344	3895.47056504344	3909.51193604344
70.10682	73.3200456	81.6452381
42.4276644	44.3722656	49.4105531
26.9026944	28.1357337	31.3304313
19.3733113	20.2612531	22.5618369
15.4333725	16.1407356	17.9734513
12.9684744	13.5628631	15.10287
11.6099175	12.1420381	13.5207181
11.0137594	11.5185563	12.8264425
9.87167062	10.3241221	11.4963838
9.45922169	9.89276913	11.0160531
9.31627262	9.743268	10.8495763
9.45138744	9.88457619	11.0069294
9.79413894	10.2430375	11.4060925
10.8064831	11.3017787	12.5850506
12.3279431	12.892975	14.3569175
16.2145513	16.9577163	18.883195
21.6725919	22.6659175	25.2395388
35.39752	37.0199044	41.2233631
53.8543094	56.3226294	62.7178338
2533.40616277598	2537.36756217598	2547.63121667598
64.9178838	67.8932863	75.6022887
32.872255	34.3788969	38.2824788
21.2556912	22.22991	24.7540256
15.1543125	15.8488837	17.64846
12.1230731	12.6787138	14.1183281
10.6377312	11.125295	12.3885275
10.1377701	10.6024181	11.8062781
9.80390419	10.2532481	11.4174637
9.83554838	10.2863441	11.4543175
10.6752641	11.1645475	12.4322369
12.8690094	13.4588369	14.987035
18.4980594	19.3458881	21.5425325
28.5517638	29.8603862	33.2509106
38.3918869	40.1515156	44.710555
37.9395688	39.6784631	44.1837912
23.4274244	24.5011813	27.2831894
14.8412031	15.5214238	17.2838206
11.8103069	12.3516131	13.7540863
12.026295	12.5774994	14.0056237
11.8384712	12.3810675	13.7868881
14.106455	14.7530013	16.4281431
19.5636781	20.460345	22.7835337
19.8361712	20.7453269	23.1008756
15.565675	16.2791	18.1275244
14.724285	15.3991481	17.1476588
