#?RADIANCE
genskyvec -m 1
NROWS=146
NCOLS=1
NCOMP=3
FORMAT=ascii

0.553355625	0.578717744	0.644428769
7.56288244	7.9095145	8.80760725
7.99000225	8.35621019	9.30502381
8.70232181	9.10117744	10.1345798
10.2423993	10.7118411	11.9281286
13.5462412	14.1671083	15.775725
18.7000863	19.5571731	21.77781
26.2055844	27.4066719	30.5185894
75.6664950717304	77.5645794717304	82.4823507717304
171.653078753365	174.130516853365	180.549341853365
34.8225331	36.4185669	40.553745
25.1068194	26.2575481	29.2389856
16.2285737	16.9723819	18.8995281
11.9862699	12.535641	13.9590113
9.81461037	10.2644461	11.4299329
8.27458963	8.65384137	9.63644981
7.82636131	8.18506938	9.11445062
7.01624175	7.33781919	8.1709985
7.2827375	7.61652938	8.48135519
7.33404894	7.67019281	8.54111194
7.34931581	7.68615919	8.558891
7.86245637	8.22281863	9.156486
7.62649144	7.97603881	8.88168519
7.82402313	8.18262413	9.11172769
7.95322994	8.31775294	9.26219963
7.47906694	7.82185731	8.70999706
7.64051656	7.99070675	8.89801862
7.26183863	7.5946725	8.4570165
7.43824863	7.77916819	8.66246094
7.13154275	7.45840512	8.30527631
7.32349756	7.65915769	8.52882356
6.94126288	7.259404	8.08367937
7.05691262	7.38035406	8.21836325
8.2055385	8.58162544	9.55603381
9.53425413	9.97123962	11.1034345
12.3814531	12.9489348	14.4192344
15.8092119	16.5338012	18.4111456
22.1849994	23.20181	25.8362806
31.88879	33.3503575	37.1371569
65.3403420352654	67.0176507352654	71.3634076352654
25.0629725	26.2116931	29.1879225
19.3181656	20.2035806	22.4976156
14.2184237	14.8701019	16.55854
11.4032688	11.9259181	13.2800569
9.06926294	9.48493744	10.5619129
7.7920505	8.14918556	9.07449275
7.00469994	7.32574856	8.15755725
7.05973319	7.38330406	8.22164794
6.47423469	6.77097019	7.539786
6.51334681	6.81187494	7.58533537
6.43423844	6.72914081	7.49320719
6.61885713	6.92222144	7.70821131
6.87267794	7.1876755	8.00380644
6.65347244	6.95842306	7.74852331
7.05155181	7.37474781	8.21212006
7.12769456	7.45438038	8.30079494
7.10606381	7.43175831	8.27560406
6.72477275	7.03299131	7.83155863
6.68797325	6.99450519	7.7887025
6.52697213	6.82612463	7.60120344
6.67925481	6.98538719	7.77854931
5.07347088	5.30600469	5.90847987
5.19280344	5.43080681	6.04745269
5.94915969	6.22182944	6.9282925
7.96220669	8.32714075	9.27265363
10.5387591	11.0217855	12.2732633
14.3391931	14.9964062	16.6991881
17.0913206	17.8746744	19.9042681
16.2692475	17.01492	18.946895
11.8863471	12.4311397	13.8426431
9.12365856	9.54182625	10.6252612
7.20080412	7.53084075	8.38593675
5.95945981	6.2326015	6.94028781
5.24667887	5.48715137	6.110195
4.82628319	5.047488	5.62060956
4.82278031	5.04382413	5.61652963
4.895153	5.11951425	5.70081387
4.83832131	5.06007737	5.63462825
5.17912913	5.41650606	6.031528
5.04042656	5.27144612	5.86999719
4.79949281	5.01946931	5.58940938
4.95675306	5.18393756	5.77255231
4.92603312	5.15180944	5.73677644
4.65833806	4.87184506	5.42502306
4.85319019	5.07562794	5.65194481
3.77850387	3.95168519	4.40038275
4.08703687	4.27435937	4.75969538
4.53308037	4.74084644	5.27915006
5.27552262	5.51731719	6.14378606
6.78807331	7.09919306	7.90527737
7.74756437	8.10266094	9.02268519
8.49395488	8.88326131	9.89191875
8.58099719	8.97429275	9.99328606
7.028286	7.35041569	8.18502469
5.98903156	6.26352875	6.97472675
4.93969644	5.16609906	5.75268856
4.1588415	4.349455	4.84331775
3.93184125	4.11205044	4.57895681
3.77112913	3.94397219	4.39179437
3.69988981	3.86946794	4.30883019
3.58936894	3.75388156	4.1801195
3.611651	3.77718488	4.20606875
3.66766631	3.83576769	4.27130325
3.76933544	3.9420965	4.38970575
3.73864863	3.91000331	4.35396812
3.73772975	3.90904237	4.35289794
3.73214056	3.90319688	4.34638906
3.64760369	3.81478537	4.24793875
3.76663419	3.93927144	4.38655963
3.04371794	3.18322144	3.54466313
3.33462244	3.48745931	3.883446
3.6805465	3.849238	4.28630331
4.44637894	4.65017112	5.17817913
5.04333112	5.27448369	5.87337969
5.02047694	5.250582	5.846764
4.72624825	4.94286769	5.50411019
4.00252	4.18596869	4.66126825
3.51858519	3.67985363	4.097686
3.18943744	3.33561987	3.71436569
2.92009112	3.05392875	3.40068987
2.93674663	3.07134744	3.42008644
2.94534319	3.08033781	3.43009756
2.9147155	3.04830656	3.39442931
2.85814556	2.989144	3.32854912
2.87012519	3.00167244	3.3425
2.92638	3.06050588	3.40801369
2.94790631	3.08301881	3.43308281
2.66238163	2.78440725	3.10056544
2.80872431	2.93745756	3.27099375
3.27768531	3.42791238	3.81713781
3.60778706	3.77314387	4.20156894
3.31625681	3.46825169	3.8620575
2.91413938	3.047704	3.3937585
2.68123406	2.80412375	3.12252075
2.52532537	2.64106913	2.94095169
2.48683663	2.60081656	2.89612869
2.45569381	2.56824612	2.85986
2.50846363	2.62343481	2.92131512
2.48459425	2.59847125	2.893517
2.38313	2.49235681	2.77535375
2.5231465	2.63879063	2.9384145
2.55200106	2.66896787	2.97201825
2.43462919	2.54621637	2.83532863
2.26660913	2.37049544	2.63965544
2.27790187	2.38230563	2.65280663
2.31864194	2.42491312	2.70025212
