#?RADIANCE
genskyvec -m 1
NROWS=146
NCOLS=1
NCOMP=3
FORMAT=ascii

4.98377119	5.212194	5.80401725
19.0738525	19.94807	22.2130931
19.5055162	20.3995181	22.7158019
20.447215	21.3843775	23.8124862
22.5699162	23.6043694	26.2845506
27.331645	28.5843444	31.8299787
35.6268194	37.259715	41.4904013
48.1660925	50.373705	56.0934319
75.8907862	79.36911	88.3811425
112.31325	117.460931	130.798135
101.983559	106.657798	118.768346
90.765055	94.9251244	105.703494
55.7289694	58.2832106	64.9010325
38.2689669	40.0229594	44.5674019
29.2167175	30.5558169	34.0253056
23.6857631	24.7713594	27.5840456
21.3565444	22.3353844	24.8714769
19.4736531	20.366195	22.6786938
19.1486225	20.0262669	22.3001669
18.7454719	19.6046387	21.8306656
18.9287919	19.7963619	22.0441581
19.3033425	20.1880775	22.4803506
18.9117225	19.7785081	22.0242769
18.8510087	19.7150138	21.9535719
19.3474331	20.2341894	22.5317
18.6954081	19.5522806	21.7723612
19.2356506	20.1172825	22.4015156
18.7608887	19.6207606	21.8486187
18.9533444	19.8220394	22.0727519
18.4522094	19.2979344	21.4891356
18.6692687	19.5249438	21.7419212
15.86946	16.5968075	18.4813075
15.6729544	16.3912994	18.2524619
17.64878	18.4576813	20.5534756
19.5798313	20.4772412	22.8023469
24.7963662	25.9328656	28.877435
32.4509844	33.9383194	37.7918763
46.6930119	48.8331069	54.3779062
75.4798106	78.9393006	87.9025381
967.785631653973	973.728281653973	989.125137653973
1468.23366976284	1475.19381276284	1493.22696976284
92.5481331	96.7899244	107.780023
56.1877388	58.7630088	65.4353081
37.9600388	39.6998719	44.20763
26.7204638	27.9451506	31.1182088
21.1629063	22.1328712	24.6459681
17.8593838	18.6779375	20.7987419
17.4503362	18.2501425	20.3223725
15.5553956	16.2683506	18.1155544
15.2428094	15.9414363	17.7515212
14.7268956	15.4018775	17.1506981
14.9134963	15.5970306	17.36801
15.2601588	15.9595813	17.7717269
14.6389506	15.3099038	17.04828
15.5767188	16.2906512	18.1403894
15.7889106	16.5125675	18.3875031
15.9211213	16.6508388	18.541475
15.2596006	15.9590006	17.7710788
15.414595	16.1210969	17.9515813
15.131025	15.82453	17.62134
15.4481712	16.1562112	17.9906837
11.9908425	12.5404237	13.9643363
12.2236081	12.783855	14.23541
13.7368894	14.3664944	15.9977525
18.0042563	18.8294506	20.9674569
25.6529487	26.8287075	29.8749981
42.309375	44.2485537	49.2727944
72.6322813	75.9612538	84.5863519
826.31039559872	831.05937559872	843.36354159872
66.5577575	69.6083175	77.5120544
38.9768469	40.7632844	45.3917881
25.2840281	26.4428775	29.4453581
17.5282875	18.3316663	20.4131512
14.1201681	14.7673419	16.4441144
12.418315	12.9874875	14.4621625
11.8712212	12.41532	13.8250281
11.6824038	12.2178456	13.6051331
11.3418763	11.8617112	13.2085606
11.8245819	12.3665419	13.7707119
11.5305944	12.0590812	13.42834
11.1472769	11.6581956	12.981935
11.51097	12.038555	13.4054838
11.5591556	12.0889475	13.4615994
11.1872488	11.6999975	13.0284844
11.6125256	12.1447662	13.5237562
9.89096069	10.3442975	11.5188494
10.609288	11.0955481	12.3554019
11.96478	12.5131656	13.9339838
14.2239606	14.8758919	16.5649881
20.2356975	21.1631656	23.5661575
26.5955394	27.8145006	30.9727238
38.8640081	40.6452738	45.2603775
46.2112819	48.3292962	53.8168894
36.0309012	37.6823169	41.96099
26.4429188	27.6548862	30.794985
18.4824919	19.3296075	21.5244038
13.73346	14.3629106	15.9937606
11.9369675	12.4840794	13.9015937
10.5873997	11.0726556	12.3299106
9.961234	10.4177915	11.6006875
9.52495463	9.96151531	11.092605
9.36782237	9.79718137	10.9096113
9.35183813	9.78046425	10.890995
9.46022994	9.89382237	11.0172263
9.41903013	9.85073581	10.9692444
9.45978687	9.8933605	11.0167106
9.52611606	9.96272875	11.0939569
9.46638681	9.90026388	11.0243975
9.72694844	10.1727671	11.3278425
8.85503231	9.26088756	10.3124234
9.80061419	10.2498086	11.4136319
11.4010431	11.9235894	13.2774656
15.0424281	15.7318731	17.5181619
19.8467275	20.7563688	23.1131687
23.3643181	24.4351812	27.209695
22.2162863	23.2345344	25.8727188
16.443725	17.1973963	19.1500888
12.9283106	13.5208581	15.0560981
10.4713086	10.9512437	12.1947125
9.19194594	9.61324325	10.7047863
8.69663044	9.09522569	10.1279522
8.43043937	8.81683425	9.8179495
8.25254406	8.63078525	9.61077544
8.14795831	8.52140631	9.48897656
8.18447094	8.55959237	9.53149894
8.33491475	8.71693131	9.70670306
8.48852487	8.87758188	9.88559463
8.51296581	8.903143	9.91405856
9.51679312	9.95297937	11.0831
12.0751856	12.6286294	14.0625588
14.9977631	15.68516	17.4661456
14.0565431	14.7007994	16.3700144
11.3576275	11.8781844	13.2269037
9.49916975	9.93454775	11.062575
8.45012669	8.83742388	9.84087719
7.91185325	8.27447969	9.214013
7.72841688	8.08263575	9.00038594
7.77126288	8.12744531	9.05028381
7.91902894	8.28198419	9.22236963
8.34416906	8.72661	9.71748081
9.40694181	9.83809362	10.9551688
9.89638781	10.3499719	11.5251694
9.05463575	9.46964012	10.5448784
7.9582665	8.32302006	9.26806487
7.789674	8.1467005	9.07172494
8.51208987	8.90222719	9.91303881
