#?RADIANCE
genskyvec -m 1
NROWS=146
NCOLS=1
NCOMP=3
FORMAT=ascii

0.944797719	0.988100831	1.10029581
9.64882463	10.0910623	11.2368609
10.1064533	10.5696659	11.7698076
10.9194947	11.4199711	12.7166613
12.7229014	13.3060358	14.8168812
16.680595	17.4451231	19.4259437
22.8762306	23.9247244	26.6412769
31.92934	33.3927656	37.1843775
147.395607793088	149.764585293088	155.902400893088
404.923379556538	408.401315756538	417.412348256538
48.2245487	50.4348387	56.1615087
34.988185	36.59181	40.7466594
22.0555031	23.0663794	25.6854738
16.0462506	16.7817038	18.6871969
12.9912703	13.5867025	15.1294163
10.8353726	11.3319933	12.6186946
10.165342	10.6312524	11.8383889
9.0750655	9.49100606	10.5686711
9.3682965	9.79767619	10.9101625
9.39573475	9.82637319	10.9421174
9.40145994	9.83236113	10.9487842
10.0340552	10.4939497	11.6854931
9.74585762	10.1925419	11.3498642
9.99977631	10.4580992	11.6455718
10.1759203	10.6423172	11.8507094
9.60040825	10.0404262	11.1804778
9.81417088	10.263987	11.4294197
9.34651088	9.77489319	10.8847921
9.56342731	10.0017517	11.1374096
9.16886769	9.58910712	10.6779108
9.38173562	9.811731	10.9258132
8.87978125	9.28677106	10.3412454
9.00173812	9.41431744	10.4832749
10.3971915	10.873731	12.1083981
12.0311012	12.5825231	14.0112181
15.6279656	16.3442475	18.2000706
20.1692662	21.09369	23.4887925
28.5532087	29.8618969	33.2525956
42.8055606	44.7674819	49.8506444
182.697473358254	185.238067158254	191.820520858254
37.6333388	39.3581981	43.8271612
27.9799262	29.2623394	32.5849575
19.9658194	20.8809194	23.2518613
15.5839325	16.298195	18.1487894
12.1592598	12.7165606	14.1604738
10.3147718	10.7875316	12.0124125
9.164471	9.5845095	10.6727897
9.15535594	9.57497675	10.6621761
8.35676663	8.73978481	9.73215175
8.36811319	8.75165119	9.745365
8.24913194	8.627217	9.60680206
8.47035038	8.85857469	9.86442944
8.78747375	9.19023338	10.2337461
8.51752762	8.9079135	9.91937038
9.02957275	9.44342831	10.5156913
9.13848137	9.55732788	10.6425241
9.12230112	9.54040606	10.6236791
8.64922306	9.04564563	10.0727419
8.60560275	9.0000265	10.0219428
8.39665281	8.78149925	9.77860206
8.57553306	8.96857763	9.98692331
6.55578825	6.85626175	7.63476231
6.71196006	7.01959125	7.81663712
7.688469	8.04085706	8.95386344
10.3013309	10.773475	11.9967586
13.8771988	14.5132362	16.1611556
19.6252906	20.5247819	22.8552856
24.7356919	25.8694106	28.8067762
24.2518337	25.3633762	28.2432825
17.3656463	18.1615706	20.2237431
12.8789951	13.4692819	14.9986631
9.90505731	10.3590381	11.5352641
7.9927945	8.35913044	9.308276
6.93160987	7.24930844	8.07243769
6.31631863	6.60581644	7.35587969
6.25899963	6.54587031	7.28912719
6.32115225	6.61087163	7.36150894
6.23436944	6.52011113	7.26044306
6.65990656	6.965152	7.7560165
6.49068588	6.78817525	7.55894469
6.19467125	6.47859344	7.21421094
6.40287769	6.69634256	7.45668512
6.37149381	6.66352062	7.42013594
6.03680788	6.31349469	7.03036631
6.28280281	6.57076437	7.31684775
4.94216256	5.16867813	5.75556031
5.34976612	5.59496362	6.23024862
5.96684481	6.24032512	6.94888844
6.9901695	7.31055212	8.1406355
9.16857294	9.58879906	10.6775676
10.7037884	11.1943795	12.4654554
12.1666412	12.7242769	14.1690675
12.4771031	13.0489697	14.5306281
10.105113	10.5682622	11.7682461
8.44680194	8.83394731	9.83700494
6.81588812	7.12828281	7.93767006
5.63607387	5.8943935	6.56367775
5.26178144	5.50294631	6.12778325
4.98061125	5.20888919	5.80033713
4.84783206	5.07002444	5.64570481
4.68648619	4.9012835	5.45780387
4.699522	4.91491669	5.47298525
4.76405831	4.98241075	5.54814313
4.89189438	5.11610606	5.69701888
4.85740625	5.08003731	5.65685475
4.86203531	5.08487844	5.66224556
4.86173125	5.0845605	5.6618915
4.76054662	4.97873819	5.54405363
4.91540056	5.14068975	5.72439387
4.02580825	4.21032419	4.68838931
4.43090775	4.63399069	5.1601615
4.94186537	5.1683675	5.75521437
6.06590656	6.34392719	7.06425419
7.02851431	7.35065444	8.18529119
7.12386131	7.45037125	8.29633069
6.69775612	7.00473644	7.80009569
5.56763656	5.82281962	6.48397712
4.81868325	5.03953956	5.6117585
4.29454806	4.49138144	5.00135944
3.89725669	4.07588069	4.53868031
3.88071694	4.05858306	4.51941856
3.87031013	4.04769925	4.50729888
3.82354106	3.9987865	4.45283237
3.75308219	3.92509844	4.37077706
3.77215181	3.94504187	4.39298519
3.84991713	4.0263715	4.48354963
3.88730144	4.06546925	4.52708663
3.55910775	3.72223338	4.14487781
3.79401738	3.96790981	4.41844969
4.49385919	4.69982769	5.23347381
5.02698025	5.25738337	5.85433769
4.62073506	4.83251869	5.38123113
4.00695281	4.19060469	4.66643063
3.63315537	3.79967506	4.2311125
3.38701219	3.54224994	3.94445806
3.30630944	3.45784831	3.850473
3.258727	3.40808531	3.79505931
3.3254225	3.4778375	3.87273181
3.31010481	3.46181769	3.85489306
3.21766094	3.36513706	3.74723462
3.44300906	3.60081356	4.00967094
3.49983225	3.66024125	4.07584656
3.31441656	3.46632725	3.85991444
3.05348594	3.19343706	3.556039
3.05772744	3.19787338	3.56097875
3.14843494	3.29273813	3.666615
