#?RADIANCE
genskyvec -m 1
NROWS=146
NCOLS=1
NCOMP=3
FORMAT=ascii

0.546140312	0.571171737	0.63602595
8.49285288	8.88210819	9.89063444
7.85990444	8.22014969	9.15351425
7.70011869	8.05304075	8.96743075
7.82004606	8.17846444	9.10709588
8.33711175	8.719229	9.70926244
8.39592269	8.7807355	9.77775238
8.53861356	8.92996631	9.94392638
8.61474094	9.00958306	10.0325837
9.07776975	9.49383344	10.5718205
8.20963263	8.58590719	9.56080125
8.6306025	9.0261715	10.0510566
8.01616194	8.38356919	9.33548894
7.82885069	8.18767275	9.11734975
7.85781631	8.21796581	9.15108219
7.83466837	8.19375725	9.12412481
8.74053438	9.1411415	10.1790816
8.86613844	9.27250269	10.3253579
11.1659872	11.6777624	13.0037238
14.7897812	15.4676438	17.2239338
19.0239925	19.8959238	22.1550256
29.5587644	30.91354	34.423645
41.217845	43.1069956	48.0016181
167.771831421936	170.523109021936	177.651425821936
80.6569967039021	83.0214436039021	89.1475174039021
30.2273688	31.6127894	35.2022925
20.8041881	21.7577125	24.2282113
14.8222562	15.5016082	17.2617525
12.0821961	12.635964	14.0707258
9.92509344	10.3799929	11.5585983
8.96121569	9.37193844	10.4360832
8.20098356	8.57686181	9.55072863
7.61115106	7.95999531	8.86382019
7.82073087	8.17918063	9.10789325
7.82958656	8.18844238	9.11820644
7.95700362	8.32169937	9.2665945
7.90946844	8.27198556	9.21123575
8.30746806	8.68822681	9.67473944
8.519174	8.90963606	9.92128981
8.40742219	8.79276238	9.79114375
7.78393275	8.14069606	9.06503888
7.832413	8.19139869	9.12149863
7.69475094	8.04742662	8.96117912
7.86491775	8.22539294	9.15935287
7.73211281	8.08650112	9.00469013
7.84019231	8.19953419	9.13055794
8.36909506	8.75267837	9.74650906
9.57758038	10.0165534	11.1538898
10.7425407	11.2349062	12.510585
13.6396206	14.2647694	15.884475
17.2506744	18.0413312	20.0898506
23.6846569	24.7702031	27.5827581
34.4774494	36.0576644	40.1518637
64.7644514084425	66.5772402084425	71.2740158084425
39.1449325	40.939075	45.58754
28.6097887	29.9210681	33.3184825
21.2166294	22.1890575	24.7085325
14.8428856	15.5231844	17.2857781
11.7078811	12.2444921	13.6348044
9.70063194	10.1452431	11.2971951
8.78712575	9.18986887	10.2333401
6.005961	6.281234	6.99444225
5.583649	5.83956619	6.50262481
5.5154715	5.76826381	6.42322675
5.93294231	6.20486887	6.90940637
6.01595463	6.29168581	7.00608094
6.13629456	6.41754119	7.14622669
6.14054363	6.421985	7.15117494
6.14227087	6.42379138	7.15318656
5.73016706	5.9927995	6.67325738
5.81766044	6.08430306	6.77515081
5.74771575	6.01115275	6.69369431
6.02286194	6.29890944	7.01412488
6.39128031	6.68421381	7.44317881
7.05177206	7.37497794	8.2123765
8.86510338	9.27142013	10.3241516
11.6640246	12.1986263	13.5837288
15.5211181	16.2325019	18.0756375
21.5505256	22.5382562	25.0973831
21.2565337	22.23079	24.7550062
16.1231988	16.8621794	18.7768106
13.0256269	13.6226363	15.1694294
10.0670897	10.528499	11.7239669
7.46172819	7.80372413	8.68980444
6.68219594	6.98846319	7.7819745
4.34992994	4.54930169	5.06585631
4.2288005	4.42262031	4.924791
4.04232106	4.227594	4.70761987
4.13715706	4.32677656	4.81806444
4.30670831	4.504099	5.01552106
4.29039356	4.48703644	4.99652113
4.23442275	4.42850037	4.9313385
4.30632706	4.50370025	5.01507694
4.16372	4.35455694	4.848999
4.19700006	4.38936237	4.88775656
4.16971038	4.36082213	4.85597575
4.14847438	4.3386125	4.8312445
4.48562625	4.69121725	5.22388581
5.22163106	5.46095588	6.081025
6.16666119	6.4492995	7.18159125
6.97881537	7.29867762	8.12741212
8.58322269	8.97662038	9.99587881
10.0361869	10.4961789	11.687977
10.940845	11.4422993	12.7415266
9.74769969	10.194469	11.3520079
8.2317795	8.60906975	9.58659331
6.642295	6.94673331	7.73550669
5.46272125	5.71309569	6.36179444
4.99895006	5.22806856	5.82169425
3.315385	3.46734025	3.86104231
3.16487613	3.30993306	3.68576231
3.0418055	3.18122144	3.54243619
3.153808	3.29835731	3.67287244
3.18116844	3.326972	3.70473581
3.113512	3.25621475	3.62594444
3.14446569	3.288587	3.66199269
3.1879385	3.33405219	3.71262044
3.22791531	3.37586138	3.75917656
3.50417419	3.66478219	4.08090325
3.65848387	3.826164	4.26060944
4.496592	4.70268569	5.23665644
5.34568144	5.59069156	6.22549181
5.77414338	6.03879125	6.72447137
5.3748325	5.621179	6.25944069
4.787695	5.00713094	5.57567013
4.25433825	4.44932869	4.95453156
3.66478175	3.83275087	4.26794406
2.67045988	2.79285575	3.10997319
2.43943187	2.55123912	2.84092194
2.47445206	2.58786425	2.88170575
2.52874506	2.64464575	2.94493444
2.46326131	2.57616088	2.86867344
2.51894006	2.6343915	2.93351581
2.72965113	2.85475994	3.17890631
2.96632131	3.10227763	3.45452863
3.4642585	3.62303694	4.03441781
3.52418313	3.685708	4.10420506
3.41120612	3.56755306	3.972634
2.83688594	2.96690994	3.30379019
2.25214419	2.35536719	2.62280944
2.11927881	2.21641237	2.46807687
2.12971831	2.22733031	2.48023456
2.27294213	2.37711869	2.64703075
2.40502788	2.51525812	2.80085562
2.47480681	2.58823531	2.88211875
2.13211037	2.229832	2.48302044
