#?RADIANCE
genskyvec -m 1
NROWS=146
NCOLS=1
NCOMP=3
FORMAT=ascii

3.8479035	4.02426556	4.48120437
18.358515	19.1999475	21.3800219
18.8532306	19.7173369	21.9561606
19.9103869	20.8229463	23.1873069
22.2378488	23.2570825	25.8978294
27.4121737	28.6685631	31.9237612
36.7621981	38.4471312	42.8126463
51.2169862	53.5644294	59.6464512
83.8528169	87.696075	97.6535969
127.38575	133.224249	148.351342
108.618887	113.597247	126.49575
87.4344031	91.4417956	101.824651
51.9752875	54.3574869	60.5295575
35.2748925	36.8916594	41.080555
26.9506844	28.1859231	31.3863194
22.1394437	23.1541675	25.7832287
20.1180975	21.0401762	23.4292025
18.5191312	19.3679238	21.5670725
18.2624244	19.09945	21.2681144
17.9644987	18.7878706	20.921155
18.2400156	19.0760156	21.2420206
18.6150069	19.4681925	21.6787275
18.2522062	19.088765	21.2562163
18.16348	18.9959731	21.1528869
18.6936456	19.5504381	21.7703106
18.0359037	18.8625481	21.0043131
18.5717437	19.4229494	21.628345
18.0885362	18.9175938	21.0656087
18.2326175	19.0682781	21.2334031
17.7216487	18.5338912	20.6383394
17.9342256	18.7562106	20.8859019
15.0536012	15.7435588	17.5311756
14.8707994	15.5523762	17.3182844
16.8660194	17.639045	19.6418856
18.8523637	19.7164319	21.95515
24.2296188	25.3401431	28.2174113
32.1214144	33.5936456	37.4080656
47.3325787	49.5019875	55.1227356
78.6210437	82.2245075	91.5607675
1069.82863056438	1076.24840156438	1092.88147656438
1064.16382309466	1070.11421009466	1085.53111609466
78.6936362	82.3004219	91.6452919
48.0706606	50.2738975	55.9822944
33.0836037	34.5999356	38.5286156
23.7180463	24.8051213	27.6216425
19.0857744	19.9605381	22.2269756
16.3925463	17.14387	19.0904875
16.2478063	16.9924969	18.9219262
14.5685181	15.2362413	16.9662544
14.362135	15.0203994	16.725905
13.9073769	14.5447987	16.1963
14.1291406	14.7767269	16.4545625
14.4909731	15.1551419	16.8759463
13.889365	14.5259594	16.1753238
14.8165237	15.4956138	17.2550787
15.0132594	15.7013663	17.4841925
15.1358388	15.8295637	17.6269469
14.4732219	15.1365775	16.8552731
14.6158575	15.2857519	17.0213844
14.32788	14.9845731	16.6860106
14.6318725	15.3024981	17.0400356
11.2708606	11.7874425	13.1258581
11.4887538	12.0153212	13.3796113
12.9391387	13.5321819	15.0687062
17.090085	17.8733819	19.9028312
24.4533525	25.5741325	28.4779706
40.1120694	41.9505387	46.7138506
65.6360037	68.6443187	76.4385975
507.08088401737	510.80811461737	520.46505651737
52.3649887	54.7650494	60.9833981
31.9849694	33.4509469	37.2491644
21.4557881	22.4391781	24.9870537
15.4643019	16.1730819	18.0094694
12.78294	13.368825	14.8867994
11.4217131	11.9452081	13.3015381
11.0486148	11.5550112	12.867035
10.9446503	11.4462806	12.7459581
10.6666872	11.1555756	12.422245
11.1500208	11.6610606	12.9851263
10.8780812	11.37666	12.6684313
10.5100612	10.9917719	12.2398444
10.851605	11.3489688	12.6375975
10.8869286	11.3859125	12.678735
10.5186936	11.0008006	12.249895
10.9155721	11.4158694	12.7120944
9.24873081	9.67263063	10.7709188
9.90704775	10.3611197	11.5375831
11.1355489	11.6459275	12.968275
13.1968156	13.8016675	15.3687919
18.5575981	19.4081531	21.6118694
23.9393919	25.0366144	27.8794188
32.9667381	34.4777131	38.3925162
37.2144344	38.9200937	43.3393113
28.721925	30.038345	33.4490744
21.5847794	22.5740819	25.1372769
15.6190769	16.3349506	18.1897175
12.005315	12.5555575	13.98119
10.6708027	11.1598794	12.4270375
9.67638169	10.1198822	11.268955
9.21679738	9.63923369	10.7337294
8.86815275	9.27460956	10.3277038
8.76560381	9.16736037	10.2082774
8.77560156	9.17781663	10.2199195
8.89291069	9.30050231	10.3565368
8.85646506	9.26238606	10.3140926
8.89169844	9.29923437	10.3551248
8.9457655	9.35577881	10.4180905
8.8775905	9.28448	10.3386931
9.11419462	9.53192819	10.6142394
8.24073194	8.61843169	9.59701962
9.0696745	9.48536806	10.5623926
10.4327166	10.9108838	12.1497681
13.5057569	14.1247694	15.72858
17.2763819	18.0682144	20.1197863
19.4347488	20.3255081	22.6333869
18.2475825	19.0839287	21.2508294
13.833735	14.4677813	16.1105388
11.1935287	11.7065656	13.0357981
9.35893294	9.787884	10.8992581
8.37076325	8.75442306	9.74845144
8.03439919	8.40264219	9.35672788
7.85349156	8.21344306	9.14604581
7.72015	8.07398994	8.99075838
7.62998375	7.97969125	8.88575256
7.66555156	8.01688912	8.92717412
7.79951756	8.15699525	9.08318856
7.92604138	8.28931794	9.23053606
7.86596525	8.22648831	9.16057244
8.676141	9.07379725	10.1040892
10.7490854	11.24175	12.5182056
12.920755	13.512955	15.0472956
12.0171759	12.5679631	13.9950031
9.90143806	10.3552529	11.53105
8.50349994	8.89324331	9.90303425
7.71357037	8.06710875	8.98309625
7.32508525	7.66081819	8.53067269
7.19039413	7.51995338	8.37381331
7.24676475	7.57890787	8.43946169
7.35539937	7.69252163	8.56597581
7.6387255	7.9888335	8.89593263
8.46115737	8.84896006	9.85372381
8.79087325	9.19378813	10.2377049
8.12449419	8.49686663	9.46165144
7.29238369	7.62661775	8.49258881
7.18416937	7.51344344	8.36656419
7.72084256	8.07471412	8.99156481
