#?RADIANCE
genskyvec -m 1
NROWS=146
NCOLS=1
NCOMP=3
FORMAT=ascii

24.6542169	25.7842025	28.7118913
34.2254838	35.7941494	39.85843
35.7421194	37.3803	41.6246788
36.7786169	38.4643025	42.8317663
37.0935725	38.7936919	43.1985575
35.1841819	36.79679	40.9749119
34.3767344	35.9523319	40.0345725
33.78349	35.3319	39.3436919
31.8332756	33.2923006	37.0725062
30.3831812	31.7757431	35.3837481
33.8821113	35.4350394	39.4585437
32.5266563	34.0174594	37.880005
35.5047644	37.132065	41.3482587
37.534695	39.2550331	43.7122813
39.6796937	41.4983431	46.2103131
44.1458387	46.1691875	51.41151
48.9849794	51.2301212	57.0470925
51.91462	54.2940363	60.4589038
55.2628719	57.7957531	64.3582244
55.5447669	58.0905669	64.6865138
53.7474663	56.2108913	62.593405
49.785515	52.0673494	57.9793837
44.9703906	47.0315338	52.3717725
40.3092775	42.1567831	46.9435156
37.8094006	39.5423312	44.0322006
35.232045	36.8468462	41.0306531
34.139525	35.7042519	39.7583238
33.8637181	35.415805	39.4371237
32.5183281	34.0087506	37.8703062
32.9168519	34.4255412	38.3344194
33.2133894	34.7356681	38.6797619
22.2742819	23.2951875	25.9402588
20.8829375	21.8400725	24.3199238
22.8862887	23.9352437	26.6529925
22.2449881	23.26455	25.9061425
22.02271	23.032085	25.6472837
20.8134856	21.7674356	24.2390388
22.0573913	23.0683544	25.6876719
22.4520012	23.4810531	26.1472288
22.0921681	23.104725	25.7281719
20.7279638	21.6779963	24.1394425
22.6876444	23.7274944	26.4216556
24.6634087	25.793815	28.7225987
28.4784463	29.7837088	33.1655262
32.484985	33.9738781	37.8314738
36.8925969	38.5835069	42.9645069
43.7130844	45.7165994	50.9075312
49.6319525	51.90675	57.8005494
54.4700638	56.9666087	63.4349313
54.5104419	57.0088363	63.4819569
50.6436675	52.9648331	58.9787713
44.7160937	46.7655813	52.0756206
38.1763	39.926045	44.4594856
31.7460513	33.2010775	36.9709244
28.7395119	30.0567381	33.4695587
26.0015156	27.1932513	30.2809313
24.44177	25.5620181	28.4644819
22.1897938	23.2068262	25.8418681
21.9114544	22.9157288	25.5177175
21.2160906	22.1884944	24.7079062
21.6606844	22.6534669	25.2256756
15.2696956	15.9695587	17.7828338
14.7395506	15.4151144	17.1654375
14.7329819	15.4082425	17.1577856
15.5281081	16.2398119	18.083775
15.4793088	16.1887756	18.0269469
15.7037	16.4234519	18.2882662
16.1923531	16.9345025	18.8573456
17.3476931	18.1427937	20.2028344
18.5209044	19.3697788	21.5691381
22.0276294	23.0372288	25.6530119
26.4343044	27.6458744	30.7849519
35.1949388	36.8080388	40.9874406
46.7809462	48.9250725	54.4803138
59.5797119	62.3104469	69.3855425
65.13157	68.1167644	75.8511437
58.5840187	61.2691175	68.225975
44.76777	46.8196237	52.1358
35.0543913	36.66105	40.8237619
26.5939644	27.8128531	30.9708881
21.9614925	22.96806	25.5759894
19.03042	19.9026469	22.1625112
17.2670269	18.0584319	20.1088925
15.7027037	16.4224087	18.2871081
15.5479781	16.260595	18.1069181
12.9360575	13.5289594	15.0651187
12.7649094	13.3499669	14.8658013
12.5666819	13.1426537	14.6349494
12.6910525	13.2727244	14.7797887
13.0961925	13.6964338	15.2516087
13.3870825	14.0006556	15.5903731
14.3088375	14.9646587	16.6638344
15.8766831	16.6043644	18.4897212
18.3976681	19.2408944	21.4256181
21.9389663	22.9445019	25.5497556
28.6542225	29.96754	33.3702312
41.100325	42.9840881	47.864755
54.7678087	57.2779981	63.78168
80.8547994	84.5606431	94.1621575
95.1840019	99.546595	110.849716
84.5308344	88.4051669	98.4432094
58.2647769	60.9352431	67.8541919
40.1691175	42.0102	46.7802881
28.2097775	29.5027237	32.8526381
21.8144569	22.8142856	25.4047544
18.1535325	18.9855681	21.1413013
15.7242463	16.4449419	18.3121988
14.3218475	14.9782663	16.6789863
13.5945831	14.2176688	15.8320263
12.9299656	13.5225894	15.058025
12.4204981	12.9897713	14.4647069
12.4241456	12.993585	14.4689538
12.751925	13.3363881	14.85068
13.6178856	14.2420381	15.8591631
15.9856763	16.7183525	18.616655
19.16055	20.0387431	22.3140594
27.2267356	28.4746269	31.7078044
39.0106425	40.7986294	45.4311463
67.8273381	70.9360894	78.9905912
3639.87216638069	3645.03888438069	3658.42546338069
3775.44868176657	3781.21131276657	3796.14178476657
70.2586781	73.478865	81.8220888
38.5692606	40.3370169	44.9171194
26.2875319	27.4923775	30.6140237
19.2603356	20.1430994	22.4302644
15.5868769	16.301275	18.1522181
13.8485744	14.4833006	16.1278213
14.0882975	14.73401	16.4069975
14.0230506	14.6657731	16.3310125
14.383	15.04222	16.7502019
16.3464838	17.0956981	19.0368456
21.4712513	22.4553488	25.0050606
34.9316213	36.5326519	40.6807869
60.17792	62.9360756	70.0822056
2072.14449364504	2075.89592994504	2085.61561054504
60.8416269	63.6302012	70.8551506
33.7078362	35.2527794	39.2555887
20.3844881	21.3187769	23.7394369
16.5516181	17.310235	19.2757387
18.3726431	19.2147219	21.3964744
18.8736581	19.7386988	21.9799494
24.4579931	25.578985	28.4833731
37.3163863	39.02672	43.4580438
34.4165662	35.9939906	40.0809606
24.3565487	25.4728894	28.3652313
24.8531019	25.9922	28.9435087
