#?RADIANCE
genskyvec -m 1
NROWS=146
NCOLS=1
NCOMP=3
FORMAT=ascii

29.3814681	30.7281194	34.2171706
32.8856075	34.3928644	38.2980319
33.2967825	34.8228838	38.7768794
33.5505056	35.0882375	39.0723613
33.1407956	34.6597494	38.5952212
30.9715069	32.3910331	36.0689031
30.7383844	32.1472256	35.7974113
30.9804975	32.4004356	36.0793725
30.8964213	32.3125069	35.9814613
31.1197331	32.5460531	36.2415262
36.5356956	38.2102462	42.5488637
37.4799313	39.1977606	43.6485044
42.0648125	43.9927825	48.9879825
44.9584581	47.0190525	52.3578737
46.7277888	48.8694756	54.4184056
48.3425231	50.5582206	56.2988994
48.1220006	50.3275906	56.0420819
46.5851806	48.7203344	54.2523275
43.3310887	45.317095	50.4626675
39.1868163	40.9828775	45.6363144
37.8815656	39.6178019	44.1162419
34.0625013	35.6236988	39.6686256
33.1098931	34.6274287	38.5592312
30.6856644	32.0920887	35.7360156
31.0965537	32.52181	36.2145306
31.9646056	33.4296487	37.2254475
32.5427119	34.03425	37.8987006
33.7579112	35.3051475	39.3139031
32.4775075	33.9660587	37.8227644
33.0930319	34.6097944	38.539595
32.6120544	34.1067738	37.9794569
20.61024	21.5548769	24.002345
18.99575	19.8663888	22.1221356
20.5255588	21.4663131	23.9037238
19.8143056	20.7224606	23.0754113
19.8802456	20.7914225	23.1522037
19.4918344	20.3852075	22.699865
21.2171519	22.1896037	24.7091444
22.8304731	23.87687	26.5879894
24.504945	25.6280869	28.5380525
25.5299425	26.7000644	29.7317475
29.6097506	30.9668637	34.4830237
33.8709963	35.4234181	39.4456
38.8204575	40.5997256	45.20966
43.1638719	45.142215	50.2679281
45.0075994	47.0704475	52.4151044
44.4031125	46.438255	51.7111288
42.2081656	44.1427056	49.1549287
37.2796794	38.9883306	43.4152963
32.3445137	33.8269706	37.6678831
28.14089	29.4306794	32.7724125
25.3237819	26.4844538	29.491655
23.188805	24.2516244	27.0052963
20.5564625	21.4986331	23.939715
20.8117556	21.7656281	24.2370262
20.5057737	21.4456219	23.8806844
20.6373231	21.5831994	24.0338838
19.6868881	20.5892019	22.9270213
20.2488562	21.1769281	23.5814812
19.8420719	20.7514994	23.1077494
20.2872275	21.2170575	23.6261669
14.0345387	14.6777869	16.3443894
13.6549631	14.2808131	15.9023425
13.8517681	14.4866413	16.13154
14.8864188	15.5687144	17.3364775
15.65141	16.3687669	18.2273725
17.1446144	17.9304075	19.9663319
19.4473194	20.3386562	22.6480281
23.1583613	24.2197844	26.9698444
27.6810156	28.9497262	32.2368494
35.4062206	37.0290038	41.233495
43.7328162	45.737235	50.9305087
50.2724556	52.5766081	58.5464656
49.6704531	51.9470138	57.8453844
43.688715	45.6911144	50.8791525
34.2641062	35.834545	39.9034088
27.2929519	28.5438794	31.7849187
21.6057319	22.5959944	25.1616794
19.1268975	20.0035475	22.2748675
16.5560506	17.3148706	19.2809019
15.0810363	15.7722506	17.563125
14.6670088	15.3392475	17.0809544
14.3682612	15.026805	16.7330381
13.7446425	14.374605	16.0067806
14.1055681	14.7520719	16.4271088
11.9470494	12.4946231	13.913335
12.1567912	12.7139775	14.1575981
12.508805	13.0821231	14.5675456
13.1130531	13.7140681	15.2712438
14.5678831	15.2355762	16.9655163
15.9374363	16.6679012	18.5604731
19.3347037	20.2208794	22.5168762
24.2210194	25.3311481	28.2073963
32.4768106	33.9653306	37.8219525
42.92404	44.8913881	49.9886231
60.1538738	62.9109244	70.0542
80.1041844	83.7756262	93.2879981
75.5337187	78.9956769	87.9653119
54.8721619	57.3871344	63.9032088
39.7275825	41.5484287	46.2660837
30.6535838	32.0585381	35.6986544
23.2758363	24.3426431	27.1066531
18.8914356	19.7572925	22.0006519
15.89602	16.6245881	18.5122406
14.1521425	14.8007806	16.48135
13.1501544	13.7528687	15.3144519
12.5362625	13.1108406	14.5995225
12.1445262	12.70115	14.1433156
12.0597119	12.6124462	14.0445381
12.0154538	12.56616	13.9929975
12.3939206	12.9619738	14.4337544
13.4332163	14.0489056	15.6441006
15.1344981	15.8281625	17.6253863
18.0741019	18.9024969	21.0487981
25.9302425	27.1187087	30.1979288
36.8907744	38.5816019	42.9623838
65.7380656	68.7510606	76.5574606
3538.25862574042	3543.09052274042	3555.60948174042
4058.08736410767	4062.93367910767	4075.49008210767
69.56458	72.7529544	81.0137581
40.8241669	42.6952719	47.5431462
26.5048275	27.7196319	30.8670812
19.0279863	19.9001037	22.1596787
15.8084563	16.5330094	18.4102644
13.6104156	14.2342256	15.8504644
12.4327163	13.0025488	14.4789362
12.0284369	12.5797394	14.0081181
13.5751131	14.1973044	15.80935
15.2428706	15.9415013	17.7515938
18.1321981	18.9632569	21.1164556
24.8574669	25.9967656	28.9485925
39.5965588	41.4113981	46.1134937
75.8054175	79.2798319	88.2817338
3138.95094017139	3143.07233887139	3153.75052967139
54.1875331	56.6711287	63.1059012
29.9508988	31.3236456	34.8803181
20.3464544	21.279	23.6951431
15.0300537	15.7189294	17.5037494
14.2037131	14.8547181	16.5414106
18.3500969	19.1911419	21.3702181
22.752245	23.7950556	26.4968869
34.548865	36.1323538	40.2350344
47.5649831	49.7450412	55.3933894
29.1443312	30.4801113	33.9410031
20.4048069	21.3400256	23.7630975
26.8624744	28.0936713	31.2835913
