#?RADIANCE
genskyvec -m 1
NROWS=146
NCOLS=1
NCOMP=3
FORMAT=ascii

25.3318275	26.49287	29.5010263
37.1009825	38.8014438	43.2071881
37.401955	39.1162106	43.557695
37.65745	39.3834138	43.8552387
37.9219844	39.6600731	44.1633131
37.5288131	39.2488806	43.7054312
37.0255969	38.7226031	43.1193969
37.1020775	38.8025888	43.208465
36.19274	37.8515731	42.1494637
36.1904356	37.8491631	42.1467825
37.3676106	39.0802906	43.5176963
37.68574	39.4130012	43.888185
38.96897	40.7550456	45.3826144
40.6751237	42.5393969	47.3695706
43.0300281	45.0022369	50.1120569
46.5733213	48.7079288	54.238515
53.0294075	55.45992	61.7571663
54.6001381	57.1026438	63.5864156
62.4217106	65.2827025	72.6952863
65.6265731	68.6344562	76.4276175
62.411695	65.2722281	72.6836225
61.2457394	64.052835	71.3257719
53.8074681	56.2736419	62.6632844
49.7123181	51.9907981	57.8941394
45.4143494	47.4958394	52.8887962
40.9431431	42.8197019	47.6817038
39.4887044	41.2986025	45.9878881
37.9730844	39.7135144	44.22282
37.2704725	38.9786994	43.4045719
36.6380794	38.3173238	42.6680975
36.6421669	38.3215975	42.6728588
29.8286369	31.19578	34.737935
28.4325363	29.7356931	33.1120594
30.0055606	31.3808131	34.9439769
29.5413656	30.8953419	34.4033819
29.436555	30.78573	34.2813231
28.5283006	29.8358469	33.2235844
29.7954594	31.1610844	34.6992969
30.3592294	31.7506937	35.355855
30.1652219	31.5477925	35.1299162
28.773215	30.0919863	33.5088075
30.5802544	31.9818475	35.6132569
32.3946806	33.8794369	37.7263075
36.0605375	37.7133119	41.9955025
40.1926319	42.0347919	46.8076719
45.3475863	47.4260175	52.8110469
54.17327	56.6562088	63.0892881
62.1071363	64.9537106	72.3289387
72.5650038	75.8909	84.5079994
77.0959294	80.6294881	89.7846369
75.3948419	78.8504381	87.8035806
67.4909925	70.5843275	78.5988888
57.0595738	59.6748019	66.4506313
47.7487631	49.9372481	55.6074175
41.6784925	43.5887556	48.53808
37.3220912	39.0326856	43.4646875
34.7008431	36.2912956	40.4120256
31.6667356	33.1181269	36.878555
30.7055906	32.1129281	35.7592206
29.5696612	30.9249375	34.4363363
29.635665	30.9939669	34.5132013
23.02058	24.0756913	26.8093862
22.3157681	23.3385744	25.9885725
22.2182537	23.2365925	25.8750106
23.0754656	24.1330906	26.8733037
23.0653031	24.1224625	26.8614688
23.3338831	24.4033519	27.1742506
23.7843775	24.8744925	27.6988912
24.8607638	26.0002144	28.9524344
25.7976638	26.9800556	30.04353
29.340035	30.6847887	34.1689175
34.00124	35.5596288	39.59728
44.0430194	46.0616569	51.2917675
58.788565	61.4830406	68.4641869
78.4666181	82.0630044	91.3809256
94.9613837	99.3137781	110.590456
93.7801106	98.0783588	109.214762
74.8572606	78.2882169	87.1775225
57.2586988	59.8830525	66.6825275
42.4756494	44.4224519	49.4664375
34.6082938	36.1945056	40.3042437
29.4139488	30.7620869	34.2549956
26.5197525	27.7352419	30.8844631
24.1442888	25.2509013	28.1180381
23.6115006	24.6936944	27.4975625
20.2840231	21.2137063	23.6224381
19.9533544	20.8678831	23.2373456
19.5983625	20.4966212	22.8239275
19.6957513	20.5984744	22.937345
20.0847781	21.00533	23.3903994
20.3185037	21.2497656	23.66259
21.1324769	22.1010494	24.6105325
22.6784994	23.7179306	26.4110031
25.1605144	26.3137038	29.3015162
28.8506125	30.1729313	33.5989438
36.0435319	37.6955256	41.9756981
49.4650844	51.7322319	57.606215
65.02722	68.0076319	75.7296194
99.9793237	104.561701	116.434258
136.515844	142.772806	158.984081
1652.76600061745	1659.28536961745	1676.17652561745
101.994871	106.669643	118.781534
69.1110637	72.278655	80.4855981
46.9104644	49.0605275	54.6311481
35.2516544	36.8673562	41.0534919
28.8139612	30.1345981	33.5562575
24.7355275	25.8692381	28.8065825
22.4920056	23.5228881	26.1938163
21.3218044	22.2990531	24.8310206
20.1930456	21.1185606	23.5164869
19.3289312	20.2148394	22.5101531
19.1324125	20.0093144	22.2812912
19.3607919	20.24816	22.5472544
20.168945	21.0933531	23.4884188
22.5110906	23.5428494	26.2160419
25.8108994	26.9938994	30.0589462
34.320525	35.8935475	39.9691131
46.5987156	48.7344906	54.26809
75.6633219	79.1312219	88.1162513
1689.51760750083	1694.99056850083	1709.17055050083
5942.4084693842	5950.6883753842	5972.1408693842
119.434587	124.908676	139.091525
64.2268325	67.17056	74.7975037
42.6485375	44.6032612	49.6677756
30.5898862	31.9919212	35.624475
24.4881194	25.61049	28.5184556
21.6710875	22.6643438	25.2377881
21.514775	22.50087	25.0557487
21.0177588	21.9810719	24.4769331
21.0827769	22.0490694	24.55265
23.0190244	24.0740619	26.8075725
28.5396956	29.8477656	33.2368563
42.8642469	44.8288581	49.9189919
68.5639669	71.7064788	79.8484544
95.9287313	100.325466	111.717007
89.2193125	93.3085294	103.903338
52.1193238	54.5081256	60.6972994
31.6958456	33.1485706	36.9124556
25.3242919	26.4849875	29.4922494
26.9179706	28.15171	31.3482206
26.7360075	27.9614087	31.1363119
32.8294581	34.3341406	38.2326425
47.6057019	49.7876275	55.4408087
47.8530712	50.0463356	55.7288931
35.7458313	37.3841819	41.6290012
34.5655525	36.1498056	40.2544669
