#?RADIANCE
genskyvec -m 1
NROWS=146
NCOLS=1
NCOMP=3
FORMAT=ascii

16.854305	17.6267938	19.6282437
33.0921081	34.6088287	38.53852
33.6978969	35.242385	39.2440125
34.4219925	35.9996669	40.0872819
35.1644644	36.7761687	40.9519531
35.00537	36.6097794	40.7666706
34.6819031	36.27149	40.3899687
34.7633931	36.3567138	40.4848713
33.3029594	34.8293456	38.7840744
32.7676256	34.2694737	38.1606337
33.9037019	35.4576212	39.4836869
32.8893313	34.3967569	38.3023694
33.5081144	35.0439019	39.0229944
33.9413581	35.4970044	39.5275437
34.8573006	36.4549256	40.5942337
37.9520069	39.6914738	44.1982769
43.4779175	45.470655	50.6336625
48.0744962	50.2779087	55.9867606
58.9456375	61.6473113	68.6471119
72.7795206	76.1152456	84.7578206
78.1964106	81.7804094	91.0662438
84.9065869	88.7981394	98.8807994
74.0908156	77.4866419	86.2849337
66.14807	69.1798544	77.0349431
55.7416562	58.2964794	64.9158081
45.032055	47.0960225	52.4435831
40.4345531	42.2878031	47.0894094
36.6246319	38.3032588	42.6524369
34.43849	36.0169194	40.1064944
32.9456669	34.4556763	38.3679756
32.5808625	34.0741512	37.9431319
24.482775	25.6049019	28.5122344
23.0008606	24.0550656	26.78642
24.9357006	26.0785863	29.0397025
24.6148912	25.7430725	28.6660944
24.70877	25.8412544	28.7754231
23.6920312	24.7779163	27.5913456
25.1620162	26.3152756	29.303265
25.575015	26.7472019	29.7842369
24.7300012	25.86346	28.8001494
22.1650031	23.1808994	25.8129963
23.1323781	24.1926113	26.9395838
23.6494994	24.7334319	27.5418131
25.9778219	27.1684675	30.2533369
27.7875419	29.0611344	32.3609088
30.4977587	31.8955719	35.5171831
36.6224513	38.3009775	42.6498969
45.8660381	47.9682275	53.4148263
58.1250875	60.7891525	67.6915106
76.7989137	80.3188619	89.4387425
92.1700419	96.3944962	107.3397
96.2897744	100.703056	112.137487
83.3767938	87.1982294	97.0992306
64.9387612	67.9151194	75.6266012
50.5517431	52.8686962	58.8717206
40.5458094	42.4041569	47.2189762
34.6016025	36.1875087	40.2964519
28.8990762	30.2236175	33.6553856
26.6010831	27.8202981	30.9791787
24.6519462	25.7818256	28.7092494
24.3719925	25.4890419	28.3832181
17.1373337	17.9227956	19.9578556
16.3732806	17.1237231	19.0680512
16.3154512	17.0632425	19.000705
17.3224306	18.1163756	20.173415
17.2523431	18.0430731	20.0917912
17.2864519	18.0787475	20.131515
17.2292313	18.018905	20.0648781
17.4509406	18.2507744	20.3230756
17.0448213	17.8260425	19.8501169
18.525635	19.3747244	21.5746456
20.1722956	21.0968581	23.4923194
24.755555	25.8901837	28.82991
32.0661156	33.5358119	37.3436662
44.80173	46.8551413	52.1753506
69.5479106	72.7355206	80.9943412
102.912548	107.629375	119.850256
115.887525	121.199025	134.9607
84.7078631	88.5903031	98.6493725
52.5730125	54.9826075	61.2256581
36.55523	38.2306775	42.5716125
27.3411813	28.5943181	31.8410856
22.463965	23.4935637	26.1611594
18.8694056	19.7342531	21.974995
17.9287838	18.7505181	20.8795631
13.9494575	14.5888063	16.2453044
13.6061131	14.2297263	15.8454538
13.16974	13.7733525	15.3372606
13.2505644	13.8578819	15.4313881
13.4733363	14.0908638	15.6908231
13.4129556	14.027715	15.6205044
13.4433163	14.0594681	15.6558625
13.9404644	14.5794025	16.2348337
14.47884	15.1424525	16.8618163
15.68514	16.4040425	18.2666525
17.9086894	18.7295031	20.8561637
21.932345	22.9375756	25.5420438
27.7185025	28.9889319	32.2805069
43.0611275	45.0347606	50.1482725
69.17031	72.3406106	80.5545931
1955.32345720182	1960.33051220182	1973.30330020182
4610.80298357282	4617.21926457282	4633.84320857282
89.7366681	93.8496	104.505834
52.7227231	55.1391787	61.4000088
34.2921356	35.86386	39.9360525
24.9777131	26.1225256	29.08863
19.4294019	20.3199162	22.6271594
16.5422706	17.3004569	19.2648537
15.2136562	15.9109487	17.7175719
12.9530056	13.5466856	15.0848556
12.1431356	12.6996962	14.141695
11.7348319	12.2726769	13.66619
11.7633131	12.3024638	13.6993569
11.9166831	12.4628625	13.8779712
12.3932444	12.9612687	14.4329663
13.3204275	13.930945	15.5127488
15.7286688	16.4495681	18.3173475
19.0775325	19.9519213	22.21738
27.1824125	28.4282719	31.6561856
38.4724575	40.235775	44.8043838
65.6574706	68.6667694	76.4635981
1359.71274805818	1363.72665805818	1374.12636215818
55.4542813	57.9959344	64.5811356
34.5170631	36.0990944	40.1979987
22.8767269	23.9252437	26.6418575
17.2124656	18.0013694	20.0453519
14.3882081	15.0476681	16.75627
12.78176	13.3675919	14.8854262
11.8845887	12.4292987	13.8405956
11.5816581	12.1124831	13.4878069
11.9979081	12.5478131	13.9725656
13.3621031	13.9745319	15.5612844
17.140215	17.9258056	19.9612094
23.9660525	25.0644956	27.9104681
33.2190406	34.7415806	38.6863438
43.1093513	45.0851956	50.2044337
31.8312075	33.2901369	37.0700969
20.5425269	21.4840594	23.9234863
15.3105831	16.0123175	17.83045
14.2480156	14.9010488	16.5930013
13.2650281	13.8730069	15.4482288
14.7016387	15.3754625	17.121285
19.1021813	19.9776962	22.2460806
21.9048106	22.9087825	25.5099806
18.8029713	19.6647731	21.8976281
16.1436681	16.8835869	18.8006488
