#?RADIANCE
genskyvec -m 1
NROWS=146
NCOLS=1
NCOMP=3
FORMAT=ascii

2.44348719	2.55548037	2.84564462
17.4796394	18.2807906	20.3564994
16.5935631	17.3540981	19.3245862
16.2257169	16.969395	18.8962
16.2354256	16.97955	18.9075069
16.7208344	17.487205	19.4728069
16.434505	17.1877525	19.1393519
16.5485619	17.3070369	19.27218
16.4441919	17.1978825	19.1506312
17.2110613	17.9999038	20.0437175
16.22377	16.96736	18.8939331
17.0993881	17.8831106	19.9136631
16.5084706	17.2651075	19.2254887
16.5052037	17.2616906	19.2216863
16.7226494	17.4891044	19.4749194
16.9123375	17.6874844	19.6958269
18.6402688	19.4946169	21.7081487
19.0529456	19.9262044	22.1887438
23.7008169	24.7871025	27.6015763
32.3761619	33.8600675	37.7047381
43.6990538	45.7019238	50.89119
73.7118188	77.0902744	85.84356
102.493363	107.190978	119.362056
464.251621501289	469.90710050129	484.559971501289
83.7215337	87.5587669	97.5007069
48.2464356	50.4577288	56.1869975
33.5137319	35.0497769	39.0295362
24.8165469	25.9539719	28.9009375
21.4349431	22.4173763	24.9627788
18.7264469	19.5847419	21.8085094
17.8439625	18.66181	20.7807819
15.762625	16.4850787	18.3568919
14.700005	15.3737525	17.1193812
15.24372	15.9423913	17.7525831
14.9702556	15.6563919	17.4341106
14.8663919	15.5477687	17.3131531
14.4355481	15.0971769	16.8113994
15.0800594	15.7712275	17.5619837
15.3810175	16.0859831	17.9124788
15.1864525	15.8824956	17.6858888
14.0743744	14.71945	16.3907825
14.4908287	15.1549913	16.87578
14.5557587	15.2228981	16.951395
15.3099538	16.0116581	17.8297181
15.3226425	16.0249319	17.8444969
15.6020794	16.3171744	18.1699225
16.6697556	17.4337856	19.41332
19.2792775	20.1629119	22.4523275
21.8822731	22.88521	25.4837312
29.352085	30.6973888	34.1829506
40.5939231	42.4544775	47.2750087
63.2276206	66.1255531	73.6338388
549.778556701825	554.792255701825	567.782345701825
806.135928649338	811.551685649338	825.583459649338
79.1699069	82.7985281	92.1999619
49.6904013	51.967875	57.8686156
34.7211212	36.3125062	40.43564
24.2180075	25.3279988	28.2038875
19.7991844	20.7066475	23.0578012
17.2131556	18.0020925	20.0461556
16.3072331	17.0546488	18.9911337
11.3934738	11.9156737	13.26865
10.7270937	11.2187519	12.4925956
10.5576907	11.0415847	12.2953125
11.0985667	11.6072511	12.9252069
11.0285488	11.5340241	12.8436663
11.0814008	11.5892958	12.9052144
11.0671399	11.5743831	12.8886069
11.1711667	11.6831784	13.0097556
10.6605421	11.1491494	12.4150888
11.0717938	11.5792506	12.8940275
11.1546498	11.665905	12.9905212
11.85527	12.3986369	13.8064494
12.6928375	13.2745919	14.7818675
14.2626194	14.9163225	16.6100088
18.8183406	19.6808463	21.9155256
27.3230356	28.5753406	31.8199525
42.5738587	44.5251594	49.58081
65.8262444	68.84328	76.66015
53.6052513	56.0621563	62.427785
33.0567144	34.5718113	38.4973012
23.1972713	24.2604769	27.0151556
17.2271356	18.0167119	20.0624363
13.1943594	13.7991	15.3659325
12.2160787	12.7759838	14.2266425
8.64958256	9.04602194	10.0731609
8.47180613	8.86009712	9.86612438
8.12744787	8.49995575	9.46509094
8.20590044	8.58200406	9.5564555
8.35988	8.74304081	9.73577719
8.28390444	8.66358306	9.64729731
8.19120938	8.56663931	9.53934656
8.34733862	8.72992462	9.7211725
8.24498062	8.62287531	9.60196825
8.41772069	8.80353256	9.80313731
8.52178875	8.91237044	9.92433437
8.65020519	9.0466725	10.0738851
9.37067294	9.80016162	10.9129296
11.0723596	11.5798414	12.894685
13.64588	14.271315	15.891765
16.5086756	17.2653219	19.2257281
22.1271769	23.1413375	25.7689419
26.72296	27.9477625	31.1211175
27.0420919	28.2815206	31.4927713
21.2476719	22.2215225	24.7446856
16.1788194	16.9203475	18.841585
12.4228425	12.9922231	14.4674369
10.3430059	10.8170614	12.0452913
9.59417144	10.0339047	11.1732125
7.1077295	7.43350013	8.27754362
6.82871644	7.14169912	7.95260962
6.59353325	6.89573681	7.67871938
6.69839656	7.00540625	7.8008415
6.70891019	7.01640188	7.8130855
6.63760081	6.94182406	7.73003963
6.74409	7.05319381	7.85405525
6.94239594	7.260589	8.08499887
7.13524413	7.46227613	8.30958694
7.82134306	8.179821	9.10860644
8.43997312	8.8268045	9.82905206
10.6981386	11.1884689	12.4588742
13.3217106	13.9322894	15.5142438
14.3970681	15.0569325	16.7665862
12.67747	13.2585206	14.7639713
10.4417251	10.9203037	12.16026
8.88726875	9.29460181	10.349965
7.71371575	8.06726075	8.98326494
6.18351631	6.46692725	7.20122031
5.77260806	6.03718587	6.72268363
5.76489362	6.02911794	6.7136995
5.83441075	6.101821	6.79465769
5.80233069	6.06827062	6.75729781
6.03186875	6.3083295	7.02461425
6.58088494	6.88250856	7.66398919
7.30239169	7.6370845	8.50424406
8.70000094	9.09875094	10.1318772
8.72162375	9.12136463	10.157057
7.95535413	8.31997419	9.26467269
6.62889144	6.93271544	7.71989687
5.65530862	5.91450988	6.58607838
5.36952106	5.615624	6.25325519
5.41906025	5.66743344	6.31094725
5.79434331	6.05991731	6.74799613
6.21144588	6.49613694	7.23374663
6.25844819	6.54529369	7.28848481
5.53097375	5.78447675	6.44128031
