#?RADIANCE
genskyvec -m 1
NROWS=146
NCOLS=1
NCOMP=3
FORMAT=ascii

0.717828825	0.750729269	0.835971638
12.6396226	13.2189375	14.7198925
11.7716819	12.3112164	13.7091058
11.5790252	12.1097309	13.484742
11.8141305	12.3556117	13.75854
12.5975345	13.1749206	14.6708787
12.6902144	13.2718475	14.7788119
12.9251771	13.5175811	15.0524456
12.974626	13.5692959	15.110035
13.6172088	14.2413313	15.8583756
12.3649959	12.9317269	14.4000706
12.9128387	13.5046771	15.0380781
11.9979601	12.5478663	13.9726244
11.7214691	12.2587033	13.6506292
11.7946284	12.3352157	13.7358287
11.8934684	12.4385859	13.8509356
13.4713813	14.0888175	15.6885444
13.8996981	14.5367694	16.1873581
17.8242863	18.6412325	20.7578675
24.0486806	25.1509138	28.0066962
31.0981844	32.5235169	36.2164287
48.4647956	50.6860981	56.4412963
136.335181129328	139.380994829328	147.272427929328
265.347266462492	269.489023362492	280.219971062492
68.4162206	71.5519631	79.6763938
41.4476338	43.3473162	48.2692256
29.4347119	30.7838031	34.2791769
21.3889781	22.3693069	24.9092494
17.7035156	18.514925	20.6172181
14.63644	15.3072762	17.0453531
13.2817419	13.8904888	15.4676956
11.8074506	12.3486244	13.7507594
10.8762446	11.3747397	12.6662944
11.3049449	11.8230875	13.1655519
11.3114493	11.8298888	13.1731237
11.5085121	12.035985	13.4026238
11.3764634	11.8978856	13.2488412
12.055155	12.6076812	14.0392331
12.3897938	12.9576575	14.4289475
12.1586519	12.7159231	14.159765
11.0522457	11.5588069	12.8712625
11.1653904	11.6771388	13.0030294
10.9684549	11.471175	12.7736794
11.3303972	11.8497066	13.1951919
11.1924703	11.7054587	13.0345656
11.4475537	11.9722331	13.3316312
12.4548881	13.0257381	14.504755
14.65539	15.3270931	17.0674219
16.7004094	17.4658438	19.4490181
21.7265888	22.7223912	25.3024237
27.923725	29.2035612	32.5195063
39.0738919	40.8647775	45.5048062
58.30477	60.9770706	67.9007663
169.024247232115	172.019174132115	179.778760932115
57.7049094	60.3497169	67.2021794
40.7526856	42.6205175	47.4599019
30.1510494	31.5329713	35.1134131
21.161275	22.131165	24.6440681
16.7801894	17.5492819	19.5419306
13.8963487	14.5332637	16.1834544
12.6232044	13.2017675	14.7007731
8.1601845	8.5341925	9.50321463
7.51439713	7.85880681	8.7511425
7.41617194	7.75607981	8.63675031
8.0802645	8.45060969	9.41014213
8.18485762	8.55999619	9.53194925
8.34793563	8.73054887	9.72186719
8.33553394	8.7175785	9.70742494
8.33457975	8.71658075	9.70631288
7.68747587	8.03981819	8.95270606
7.87332319	8.2341835	9.16914194
7.81752294	8.17582588	9.10415731
8.36220206	8.74546956	9.73848175
9.06264056	9.47801206	10.5542016
10.237591	10.7068141	11.9225298
13.3463456	13.9580525	15.5429325
18.1160862	18.9464069	21.0976913
24.6379362	25.7671738	28.6929319
34.9171325	36.5174981	40.6639119
32.520185	34.0106931	37.8724675
23.2298856	24.2945869	27.05314
18.260335	19.0972681	21.2656844
13.9534356	14.5929669	16.2499387
10.1942295	10.6614646	11.8720294
9.128685	9.54708269	10.6311149
5.54048725	5.79442631	6.45235956
5.37391569	5.62021994	6.258373
5.08405025	5.31706888	5.92080031
5.22165244	5.460978	6.08104981
5.46551519	5.71601781	6.36504825
5.4264715	5.6751845	6.31957844
5.32919069	5.57344506	6.20628694
5.44513988	5.69470862	6.34131938
5.24403906	5.48439088	6.10712094
5.32481031	5.56886419	6.20118562
5.3288215	5.57305894	6.20585694
5.3448905	5.58986463	6.22457069
5.92231156	6.19375069	6.89702569
7.15589981	7.48387825	8.33364213
8.71528875	9.11473831	10.1496805
10.0071178	10.4657766	11.6541216
12.5700001	13.1461238	14.6388119
14.7651788	15.4419144	17.1952813
15.8117038	16.536405	18.4140469
13.5947421	14.2178344	15.83221
11.160771	11.6723044	12.9976482
8.81892237	9.22312319	10.2703709
7.12327825	7.4497615	8.29565194
6.48764531	6.78499537	7.55540381
3.93354144	4.11382869	4.58093713
3.72587925	3.89664856	4.33909725
3.53683856	3.69894344	4.11894331
3.69655181	3.86597706	4.30494281
3.72937738	3.90030694	4.34317088
3.62891162	3.79523662	4.22617019
3.68951737	3.85862025	4.29675062
3.78898231	3.96264394	4.41258594
3.87620206	4.05386113	4.5141605
4.33287775	4.531468	5.04599763
4.56311619	4.77225875	5.31412919
5.86928637	6.13829519	6.83527331
7.1383155	7.46548813	8.31316381
7.64608706	7.99653237	8.90450612
6.9225035	7.23978456	8.06183231
5.99898237	6.27393563	6.98631525
5.24630281	5.48675819	6.10975719
4.42181344	4.62447956	5.14957044
2.94624419	3.08128019	3.43114706
2.61473694	2.73457894	3.04507925
2.670076	2.79245437	3.10952606
2.75130844	2.87741006	3.20412819
2.66133125	2.78330875	3.09934206
2.75933419	2.88580356	3.21347487
3.08402038	3.22537144	3.59159906
3.41375281	3.57021631	3.97559981
4.10867381	4.29698794	4.78489331
4.13213187	4.321521	4.81221206
3.954248	4.13548419	4.6050515
3.14849744	3.2928035	3.66668787
2.30035894	2.40579194	2.67895969
2.1233325	2.22065181	2.47279794
2.14425769	2.24253619	2.49716694
2.35286931	2.46070913	2.74011256
2.50178144	2.61644644	2.913533
2.59220113	2.71101019	3.01883419
2.121795	2.21904369	2.47100687
