#?RADIANCE
genskyvec -m 1
NROWS=146
NCOLS=1
NCOMP=3
FORMAT=ascii

6.278488	6.56625188	7.31182263
19.1161894	19.9923487	22.2623988
19.4875725	20.3807538	22.6949031
20.295035	21.2252231	23.6352613
22.1477062	23.16281	25.7928506
26.3180494	27.5242906	30.6495625
33.3429844	34.8712037	38.8306863
43.7278231	45.7320144	50.9246963
66.2579319	69.2947506	77.1628837
95.6599206	100.044328	111.403939
90.7558375	94.9154694	105.692734
88.1540569	92.1944519	102.662754
56.7600806	59.3615813	66.1018463
39.7880069	41.6116225	46.3364525
30.5054475	31.9036125	35.5261375
24.4810013	25.6030475	28.5101669
21.9044825	22.9084375	25.5095969
19.8176006	20.7259069	23.0792488
19.3966238	20.2856344	22.5889856
18.8884569	19.7541788	21.9971844
18.98196	19.8519663	22.1060756
19.3089188	20.1939081	22.4868444
18.9224737	19.7897519	22.0367981
18.8742294	19.7392981	21.9806119
19.3184794	20.2039081	22.4979788
18.7191088	19.5770663	21.7999612
19.2292731	20.1106131	22.3940913
18.7955606	19.6570212	21.8889975
19.00237	19.87331	22.1298431
18.543545	19.3934562	21.5955044
18.747575	19.6068381	21.8331144
16.0849019	16.8221263	18.73221
15.8798331	16.6076569	18.49339
17.7544106	18.5681538	20.6764913
19.5398719	20.4354488	22.75581
24.3441006	25.4598719	28.3507363
31.3490744	32.785905	36.5086113
43.9296275	45.943065	51.1597125
68.6920212	71.8404031	79.9975881
922.286589775709	927.465035775709	940.881866775709
1479.53246448617	1486.37200248617	1504.09262748617
101.097514	105.731138	117.736471
62.3633694	65.2216875	72.6273431
41.7320931	43.6448125	48.6005025
28.9970644	30.3260962	33.7694994
22.6474725	23.6854806	26.37487
18.7782875	19.6389562	21.8688806
18.0722812	18.9005944	21.0466788
16.0069556	16.7406081	18.6414344
15.5804081	16.2945106	18.1446856
15.0129619	15.7010544	17.483845
15.1497394	15.8441037	17.6431356
15.4617863	16.17045	18.0065381
14.84152	15.5217563	17.2841881
15.7502694	16.472155	18.3425012
15.9670619	16.698885	18.594975
16.1028687	16.8409144	18.7531325
15.4682138	16.1771731	18.014025
15.6298981	16.3462669	18.2023194
15.3624081	16.0665156	17.8908044
15.6803856	16.3990694	18.2611163
12.2641419	12.8262494	14.2826162
12.4997287	13.0726344	14.5569775
14.0032369	14.6450506	16.3079363
18.1704431	19.0032544	21.1609963
25.6473481	26.8228506	29.8684744
42.0709775	43.9992294	48.9951625
74.0223287	77.4150187	86.2051713
1475.34332182651	1480.97904082651	1495.58066982651
81.3656919	85.0949525	94.7571387
45.7699906	47.86778	53.30297
28.8066969	30.1270031	33.5478013
19.2318287	20.1132875	22.3970694
15.0842831	15.7756438	17.566905
13.0398581	13.6375169	15.1860025
12.2994719	12.8631981	14.3237606
12.0134894	12.5641075	13.99071
11.6119163	12.1441288	13.5230456
12.0687906	12.6219431	14.0551131
11.76016	12.2991681	13.6956875
11.3748844	11.8962331	13.2469994
11.744385	12.2826694	13.677315
11.8028681	12.3438331	13.745425
11.4424525	11.9668994	13.3256894
11.8790619	12.4235181	13.8341569
10.1745471	10.6408795	11.8491081
10.9225512	11.4231675	12.7202225
12.3441025	12.9098737	14.3757363
14.691355	15.3647088	17.1093075
21.0461744	22.0107887	24.5100244
28.0510956	29.3367688	32.6678394
43.3636475	45.3511469	50.5005831
54.8960369	57.4121031	63.9310119
43.849245	45.8590019	51.0661025
31.478445	32.9212062	36.6592763
21.2693663	22.2442125	24.7699519
15.26652	15.9662344	17.7791344
12.9525569	13.5462169	15.0843325
11.2059819	11.7195887	13.0502988
10.3953762	10.87183	12.1062813
9.86913538	10.3214712	11.4934312
9.64979475	10.0920766	11.23799
9.60068906	10.0407203	11.1808044
9.69046269	10.1346076	11.2853512
9.64335081	10.0853366	11.2304875
9.68638431	10.1303429	11.2806025
9.76152719	10.2089296	11.3681125
9.71288294	10.1580556	11.3114619
9.98682475	10.4445533	11.63049
9.15997456	9.57980631	10.6675537
10.1883842	10.6553504	11.8652219
11.9741719	12.5229863	13.9449206
16.0642431	16.8005206	18.70815
21.83738	22.8382594	25.43145
27.0932887	28.3350631	31.552395
26.2649831	27.4687937	30.5877638
19.0429038	19.9157037	22.1770494
14.5377369	15.2040481	16.9304056
11.3758575	11.8972506	13.248135
9.77735875	10.2254871	11.3865494
9.096627	9.51355544	10.5937794
8.7320625	9.13228188	10.1692142
8.50469831	8.8944965	9.90443038
8.38536688	8.769696	9.76545894
8.41816556	8.80399812	9.803656
8.57788169	8.97103431	9.98965931
8.75363225	9.15484019	10.1943348
8.8793375	9.28630675	10.3407286
10.0636144	10.5248621	11.7199169
13.0743381	13.6735781	15.2261575
16.8242831	17.595395	19.5932794
15.9658375	16.6976044	18.5935475
12.6762294	13.2572237	14.7625287
10.3040845	10.7763538	11.999965
8.96494525	9.37583844	10.4404271
8.2558785	8.63427256	9.61465906
8.01607806	8.38348156	9.33539144
8.03476394	8.40302369	9.35715244
8.22006625	8.59681913	9.57295281
8.80262825	9.20608175	10.2513948
10.1153767	10.578998	11.7802006
10.8036215	11.2987869	12.5817181
9.78961525	10.2383063	11.4008225
8.40107656	8.78612556	9.783754
8.15810894	8.53202206	9.50079844
9.08245144	9.49873025	10.577273
