#?RADIANCE
genskyvec -m 1
NROWS=146
NCOLS=1
NCOMP=3
FORMAT=ascii

0.209438738	0.219038006	0.243908862
7.18458744	7.51388094	8.36705112
7.67289369	8.02456775	8.93572431
8.45635056	8.84393306	9.84812581
10.116451	10.5801231	11.7814519
13.6376491	14.2627088	15.8821806
18.978315	19.8481531	22.1018287
26.54293	27.75948	30.9114575
76.4665962060165	78.3598236060165	83.2650105060165
140.445885089917	142.816174389917	148.957378189917
33.5457006	35.0832131	39.06677
24.4914487	25.6139719	28.5223325
15.854025	16.5806681	18.463335
11.6691391	12.2039748	13.5896856
9.49843825	9.93378406	11.0617253
7.89242344	8.254159	9.191385
7.43258525	7.77324525	8.65586538
6.57299331	6.87425538	7.65479881
6.88968087	7.20545781	8.02360794
6.99060081	7.31100313	8.14113756
7.00893238	7.33017463	8.16248625
7.60665138	7.95528938	8.85857987
7.38236425	7.72072225	8.59737875
7.63824081	7.98832656	8.89536831
7.7519825	8.10728144	9.02783012
7.23907725	7.57086819	8.43050919
7.35882419	7.69610356	8.56996437
6.93090363	7.24856956	8.07161494
7.087721	7.41257469	8.254242
6.75105663	7.06047963	7.86216812
6.94278931	7.26100025	8.08545712
6.67973213	6.98588644	7.77910525
6.81554537	7.12792419	7.93727094
8.05494944	8.42413444	9.38066063
9.50036	9.93579163	11.0639609
12.4642396	13.0355179	14.5156481
15.8902456	16.6185475	18.505515
22.3146375	23.3373912	25.9872569
31.5560906	33.00241	36.7496994
61.0858480699731	62.6904423699731	66.8477992699731
23.9742431	25.0730613	27.920005
18.7562037	19.6158637	21.8431637
13.9038988	14.5411594	16.19225
11.2025344	11.7159825	13.0462869
8.81614931	9.22022144	10.2671408
7.51190588	7.85620144	8.74824081
6.70307063	7.01029456	7.80628488
6.77241444	7.08281669	7.88704138
6.16632131	6.44894419	7.18119538
6.24527312	6.5315145	7.27314125
6.19491744	6.47885087	7.21449794
6.42060113	6.7148785	7.47732531
6.72817681	7.03655137	7.835523
6.49960862	6.79750719	7.56933625
6.93099525	7.24866575	8.07172206
7.01588506	7.33744631	8.17058325
6.96696244	7.2862815	8.11360875
6.51804681	6.81679062	7.59080906
6.440471	6.73565888	7.5004655
6.245145	6.53138075	7.27299219
6.40313281	6.69660969	7.45698219
4.50180294	4.70813512	5.24272481
4.56665138	4.77595606	5.3182465
5.30349575	5.54657244	6.176363
7.37104544	7.708885	8.58419694
9.78235056	10.2307071	11.3923629
13.2262966	13.832501	15.4031225
15.5129975	16.2240094	18.0661787
14.7099474	15.3841532	17.13096
10.5835286	11.0686076	12.3254024
8.23799906	8.615574	9.59383719
6.47132581	6.76792806	7.53639837
5.34659838	5.59165075	6.22655981
4.64993206	4.86305394	5.41523381
4.21835244	4.41169356	4.91262331
4.26299463	4.45838181	4.96461281
4.37360356	4.57406	5.09342575
4.30874894	4.50623294	5.01789719
4.73751744	4.95465344	5.51723406
4.56089219	4.76993294	5.31153931
4.25368644	4.44864712	4.95377263
4.44986563	4.65381781	5.18223969
4.41082894	4.61299187	5.13677813
4.06741656	4.25384	4.73684613
4.28589169	4.48232838	4.99127844
2.83087044	2.96061856	3.2967845
3.10914238	3.25164481	3.62085563
3.43100225	3.58825637	3.99568825
4.08061269	4.26764062	4.75221375
5.36600194	5.61194344	6.24915669
6.08277569	6.36156938	7.08389962
6.55956	6.86020669	7.63915488
6.69765212	7.00462763	7.79997438
5.39547875	5.6427715	6.28348494
4.61882631	4.83052238	5.37900831
3.75792981	3.93016813	4.37642269
3.0708145	3.21156	3.57621956
2.93740925	3.07204031	3.42085787
2.859875	2.99095263	3.33056287
2.82049944	2.94977225	3.28470675
2.69187237	2.81525006	3.13491
2.72457387	2.84945031	3.17299362
2.79433694	2.92241056	3.25423819
2.92383375	3.05784269	3.40504813
2.88367262	3.01584081	3.35827719
2.88596725	3.01824081	3.36094944
2.88129969	3.01335919	3.35551381
2.76172762	2.88830688	3.21626225
2.89535425	3.02805781	3.37188131
1.83669119	1.92087269	2.13898012
2.04438238	2.13808313	2.38085375
2.22817356	2.33029806	2.59489369
2.80142906	2.92982787	3.26249794
3.20303113	3.34983669	3.73019688
3.11561919	3.25841831	3.62839844
2.95686563	3.09238869	3.44351669
2.50145875	2.61610869	2.91315725
2.16019925	2.25920844	2.51573219
1.96406606	2.0540855	2.28731856
1.71152231	1.78996706	1.9932105
1.79804912	1.88045975	2.09397831
1.82980738	1.91367369	2.13096338
1.78778381	1.869724	2.08202337
1.70984462	1.7882125	1.99125663
1.72706819	1.80622556	2.01131506
1.79599944	1.87831587	2.09159119
1.79268337	1.87484806	2.08772919
1.27915875	1.33778681	1.48968713
1.28530906	1.34421906	1.49684963
1.58394275	1.65654019	1.84463331
1.79996337	1.88246169	2.09620775
1.58262237	1.655159	1.84309562
1.36465194	1.42719844	1.589251
1.27052388	1.32875612	1.47963088
1.17660528	1.23053294	1.37025488
1.18441706	1.23870262	1.37935231
1.14914812	1.20181724	1.33827881
1.21954156	1.27543719	1.420258
1.14175673	1.19408731	1.32967094
0.879556806	0.9198698	1.02431719
0.911933981	0.953730931	1.06202312
0.92657645	0.969044512	1.07907552
0.907907806	0.949520219	1.05733447
0.808033481	0.845068344	0.941022394
0.841494144	0.8800626	0.979990137
0.77362795	0.809085844	0.900954256
