#?RADIANCE
genskyvec -m 1
NROWS=146
NCOLS=1
NCOMP=3
FORMAT=ascii

0.159013081	0.166301188	0.185184
3.47956963	3.63904963	4.05224875
3.72050544	3.8910285	4.33283875
4.10731025	4.295562	4.78330531
4.92801894	5.15388625	5.73908894
6.70109519	7.0082285	7.80398431
9.45187506	9.88508488	11.007496
13.3246915	13.935407	15.5177159
27.3647800011007	28.2903013011007	30.6882525011007
31.9280988860626	32.9679581860626	35.6621407860626
18.7327825091227	19.4128518091227	21.1748543091227
10.8071044	11.3024311	12.5857754
7.06742319	7.39134644	8.23060356
5.26895544	5.510449	6.13613775
4.36388688	4.56389812	5.08211025
3.68441788	3.85328681	4.29081194
3.52662919	3.68826606	4.10705363
3.13764237	3.28145087	3.65404625
3.31863288	3.47073681	3.86482481
3.37571712	3.53043725	3.931304
3.36071006	3.5147425	3.91382706
3.64294644	3.80991456	4.24251487
3.51686056	3.67804975	4.09567719
3.64062825	3.80749038	4.23981506
3.67556444	3.84402775	4.28050131
3.43032194	3.58754475	3.99489612
3.486197	3.645981	4.05996731
3.294243	3.44522906	3.83642087
3.39199044	3.5474565	3.9502555
3.24758519	3.39643262	3.78208369
3.35874487	3.51268731	3.91153831
3.38476238	3.53989731	3.94183806
3.48903987	3.64895388	4.06327775
4.06963075	4.25615537	4.73942444
4.805265	5.02550631	5.59613187
6.30079344	6.58957963	7.33779944
8.0326715	8.40083537	9.35471544
11.1042043	11.6131469	12.9317726
15.0701256	15.7608394	17.5504175
15.5450869	16.25757	18.10355
10.8515473	11.3489086	12.63753
8.55644494	8.94861506	9.96469444
6.4456965	6.74112425	7.50655119
5.2461445	5.48659244	6.10957263
4.22395644	4.41755444	4.91914962
3.67885225	3.847466	4.28433
3.34585281	3.4992045	3.89652487
3.37029912	3.52477106	3.92499431
3.13762769	3.28143538	3.654029
3.18147788	3.3272955	3.70509619
3.17279606	3.31821575	3.69498556
3.26856656	3.41837563	3.80651831
3.39603412	3.5516855	3.95496506
3.30685281	3.45841687	3.85110588
3.46810925	3.62706412	4.03890238
3.49799025	3.65831456	4.07370131
3.46897375	3.62796806	4.03990906
3.28423013	3.43475719	3.82475981
3.24638825	3.39518088	3.78068981
3.17236838	3.31776869	3.69448756
3.24850606	3.39739569	3.78315606
2.47286131	2.58620081	2.87985337
2.52621494	2.64199969	2.941988
2.90978094	3.04314575	3.38868237
3.94304694	4.12376975	4.59200688
5.15651356	5.39285356	6.00519
6.76168831	7.07159875	7.87454994
7.62905675	7.97872156	8.88467281
7.06992781	7.39396594	8.23352075
5.20939019	5.44815375	6.06676931
4.11061888	4.29902231	4.7871585
3.30742675	3.45901719	3.85177431
2.79818287	2.92643288	3.25871738
2.49534794	2.60971794	2.90604081
2.31488381	2.42098256	2.69587525
2.34457056	2.45202994	2.73044812
2.4023555	2.51246338	2.79774325
2.38112325	2.49025788	2.77301662
2.57110375	2.68894587	2.99426469
2.49247469	2.60671313	2.90269475
2.35366881	2.46154519	2.74104356
2.43236969	2.54385319	2.83269731
2.41061087	2.52109712	2.80735725
2.25813963	2.36163769	2.62979194
2.35687069	2.46489387	2.74477269
1.72003106	1.79886587	2.00311975
1.86767531	1.95327694	2.1750635
2.05519238	2.14938844	2.39344281
2.39773175	2.50762775	2.79235856
3.06042494	3.20069406	3.56411975
3.41551669	3.572061	3.97765406
3.60599031	3.77126456	4.19947631
3.60871369	3.77411275	4.20264806
2.95650556	3.09201206	3.44309731
2.56103969	2.67842056	2.98254419
2.14126781	2.23940925	2.49368481
1.81377356	1.89690475	2.11229062
1.74650306	1.82655112	2.03394844
1.71184719	1.79030694	1.99358887
1.6994425	1.7773335	1.97914231
1.64625481	1.721708	1.91720094
1.66696806	1.74337081	1.94132325
1.70214975	1.78016506	1.98229538
1.76175825	1.84250525	2.05171431
1.74087013	1.82065994	2.02738844
1.73770781	1.81735281	2.02370581
1.73068656	1.81000962	2.01552881
1.67451913	1.75126781	1.95011725
1.73789094	1.81754406	2.02391875
1.26190437	1.31974162	1.46959281
1.38193825	1.44527706	1.60938231
1.50144006	1.57025594	1.74855225
1.81474094	1.89791662	2.11341719
2.02567063	2.11851387	2.35906244
1.96630919	2.05643175	2.28993112
1.85745219	1.94258525	2.16315794
1.59759706	1.67082025	1.86053506
1.41629437	1.48120769	1.64939288
1.30960238	1.36962581	1.52514125
1.18975563	1.24428619	1.38556975
1.23109175	1.28751656	1.43370875
1.25009406	1.30739	1.45583875
1.23342844	1.28996044	1.43643013
1.19615519	1.25097912	1.39302262
1.20178106	1.25686275	1.3995745
1.2317005	1.28815338	1.43441788
1.23161338	1.28806219	1.43431625
1.00549967	1.05158507	1.17098838
1.03106901	1.07832638	1.20076581
1.20748244	1.26282538	1.406214
1.32390438	1.38458337	1.54179694
1.19818252	1.25309906	1.3953835
1.06004205	1.10862716	1.23450719
0.995156781	1.04076801	1.15894288
0.943300981	0.986535494	1.09855268
0.9460627	0.989423725	1.10176875
0.930426212	0.973070644	1.08355884
0.963113044	1.00725576	1.12162563
0.929257075	0.971848019	1.08219734
0.818760681	0.856287187	0.95351505
0.8515395	0.890568331	0.9916887
0.858313456	0.897652787	0.999577556
0.832348244	0.870497525	0.969338906
0.77401235	0.809487888	0.901401919
0.788980112	0.82514165	0.9188331
0.769394575	0.804658462	0.896024131
