#?RADIANCE
genskyvec -m 1
NROWS=146
NCOLS=1
NCOMP=3
FORMAT=ascii

26.9505669	28.1858006	31.3861831
35.0652856	36.6724469	40.8364531
36.4406669	38.1108637	42.4381956
37.3367569	39.0480231	43.4817675
37.4621244	39.1791375	43.6277669
35.3289369	36.9481781	41.1434937
34.5097481	36.0914444	40.18948
33.9761156	35.5333531	39.5680175
32.2306419	33.7078794	37.5352694
30.9411581	32.3592919	36.0335575
34.9092269	36.5092344	40.6547075
33.8588044	35.4106656	39.4314019
37.2962069	39.005615	43.4345431
39.6787056	41.4973131	46.2091631
42.0307525	43.9571625	48.9483187
46.4544894	48.5836519	54.100125
50.82383	53.1532531	59.1885875
52.9726206	55.4005313	61.691035
54.9055525	57.4220562	63.9420963
53.6473988	56.1062356	62.47687
51.5651	53.9284981	60.0518581
47.2423044	49.407575	55.0176031
43.1859869	45.1653431	50.2936813
38.9109306	40.6943475	45.3150231
37.0336575	38.7310338	43.1287831
35.2404031	36.8555875	41.0403881
34.52794	36.1104706	40.2106663
34.6594012	36.2479544	40.3637631
33.3714344	34.9009575	38.86382
33.9226175	35.4774006	39.5057156
34.1362963	35.7008756	39.7545644
22.6490175	23.6870981	26.3766713
21.1694156	22.1396806	24.6535506
23.117395	24.1769406	26.9221344
22.3944862	23.4208994	26.0802462
22.1441381	23.1590769	25.7886944
20.9881669	21.9501256	24.4424719
22.2820425	23.3033012	25.9492975
22.8320944	23.878565	26.5898794
22.76068	23.8038763	26.5067106
21.7360838	22.73232	25.3134819
24.0506825	25.1530044	28.0090262
26.4421044	27.6540325	30.7940344
30.6634906	32.0688988	35.7101913
35.1241756	36.7340319	40.9050312
39.7178112	41.5382094	46.2547037
46.1139294	48.2274831	53.7035163
50.7458456	53.071695	59.0977675
53.4398594	55.8891825	62.2351725
51.3153725	53.6673238	59.7610294
46.5615019	48.6955694	54.2247513
40.9528675	42.8298731	47.6930287
35.3389263	36.958625	41.1551256
29.7527044	31.1163687	34.6495063
27.5237106	28.7852125	32.0536563
25.3348837	26.496065	29.5045844
24.1605875	25.2679481	28.1370188
22.2068475	23.22466	25.8617269
22.1557956	23.1712675	25.8022731
21.5565469	22.5445556	25.1043994
22.0515544	23.0622513	25.6808744
15.5240494	16.2355681	18.0790494
14.9991162	15.6865769	17.4677237
14.9988687	15.6863163	17.4674344
15.8006838	16.5248806	18.4012137
15.8317962	16.5574194	18.4374463
16.2111019	16.9541113	18.8791794
16.9431719	17.719735	19.7317388
18.4494237	19.2950225	21.4858931
20.0706494	20.9905531	23.373945
24.2375337	25.3484219	28.2266287
29.4694444	30.8201256	34.3196256
39.1677906	40.9629787	45.6141588
50.7392956	53.0648456	59.0901413
60.940695	63.7338069	70.9705225
61.1697575	63.9733681	71.2372831
52.2934194	54.6901987	60.9000469
39.70126	41.5208994	46.2354288
31.8064025	33.2641944	37.041205
24.8295025	25.9675213	28.9160269
20.9610769	21.9217919	24.4109206
18.5958063	19.4481137	21.6563663
17.1520775	17.9382137	19.975025
15.7929337	16.5167769	18.3921887
15.7597419	16.482065	18.3535356
13.1917138	13.7963325	15.3628487
13.0719181	13.6710475	15.2233381
12.9399756	13.5330569	15.0696794
13.11762	13.7188438	15.2765619
13.6494881	14.27509	15.8959669
14.0804362	14.7257912	16.3978431
15.3207156	16.0229144	17.84225
17.2883438	18.0807263	20.1337187
20.4863	21.4252563	23.8580062
24.8777856	26.0180163	28.9722563
33.2073338	34.7293362	38.67271
48.5248075	50.7488594	56.511185
63.6630925	66.5809825	74.1409819
85.5016731	89.4204994	99.5738275
87.2511863	91.2501987	101.611282
72.0615894	75.3644112	83.9217306
50.0156513	52.3080331	58.2473963
35.611905	37.2441138	41.4730331
25.9765694	27.1671625	30.2518819
20.7081456	21.6572675	24.1163613
17.6339606	18.4421806	20.5362163
15.5772819	16.29124	18.141045
14.3726594	15.0314062	16.7381606
13.7589613	14.3895819	16.0234587
13.248345	13.8555625	15.4288038
12.8582031	13.4475375	14.9744494
13.00813	13.6043356	15.1490513
13.5038181	14.1227413	15.7263206
14.6408444	15.3118831	17.0504844
17.68339	18.4938775	20.5937806
21.7264588	22.7222544	25.3022719
32.0630606	33.5326169	37.3401087
47.2798012	49.4467913	55.0612706
83.83486	87.6772831	97.63269
5617.51308513409	5623.75509213409	5639.92757913409
2456.72944485371	2461.70565485371	2474.59860485371
60.5778463	63.3543269	70.5479512
35.0925556	36.7009625	40.8682088
24.8887087	26.0294394	28.9849763
18.79672	19.6582363	21.8903475
15.5466788	16.259235	18.1054038
14.0306694	14.6737412	16.339885
14.59486	15.2637888	16.9969287
14.8095288	15.4882981	17.2469319
15.4940144	16.2041563	18.0440719
18.069625	18.8978144	21.0435819
24.5673538	25.6933575	28.6107325
41.8011244	43.7170087	48.6808956
73.9744894	77.3649863	86.1494675
2229.40107204222	2233.63346144222	2244.59921504222
58.0022694	60.6607037	67.5484788
32.6154212	34.110295	37.9833806
20.2319969	21.1592969	23.5618475
16.8746394	17.6480606	19.6519244
19.3668081	20.2544519	22.5542625
20.5067544	21.4466469	23.881825
27.4874075	28.7472462	32.0113775
42.5623287	44.5130987	49.56738
36.37577	38.0429919	42.3626188
25.1601275	26.3132987	29.3010675
26.9440081	28.1789413	31.3785475
