#?RADIANCE
genskyvec -m 1
NROWS=146
NCOLS=1
NCOMP=3
FORMAT=ascii

14.3091894	14.9650275	16.6642437
32.281805	33.7613863	37.5948544
31.9414525	33.4054363	37.1984869
32.4288544	33.9151744	37.7661037
33.7791931	35.327405	39.3386894
36.5215056	38.1954056	42.5323387
41.0061319	42.8855806	47.7550613
47.2826356	49.4497556	55.0645725
58.5624356	61.2465475	68.2008419
73.8120706	77.1951213	85.9603113
79.8476844	83.5073663	92.9892825
92.8698875	97.1264156	108.154729
81.6582081	85.4008725	95.0978
69.0722719	72.2380844	80.44042
57.5743625	60.213185	67.0501444
46.9706663	49.1234881	54.70126
40.9459244	42.8226119	47.6849431
36.3637944	38.0304675	42.3486706
33.9930444	35.5510575	39.5877363
32.1660569	33.6403344	37.4600556
32.6513519	34.1478719	38.0252213
32.7317119	34.231915	38.1188094
32.9670188	34.4780062	38.3928431
32.8670038	34.3734081	38.2763675
34.5179975	36.1000712	40.1990856
34.429965	36.0080025	40.0965631
35.4790356	37.1051562	41.318295
34.9232338	36.52388	40.6710162
34.2081969	35.7760738	39.8382987
33.0671631	34.5827394	38.5094688
32.3223369	33.8037769	37.6420562
24.4956419	25.6183581	28.52722
23.3290025	24.3982494	27.16857
25.6531813	26.8289506	29.8752688
26.8568219	28.0877587	31.2770081
30.6459375	32.0505419	35.6897481
35.2378594	36.8529262	41.0374256
43.6878163	45.6901725	50.8781044
57.1717263	59.7920962	66.5812437
77.4667625	81.0173219	90.2165044
100.572102	105.181654	117.124619
111.538625	116.6508	129.896044
100.65409	105.267386	117.220088
78.452725	82.0484738	91.3647437
58.1903256	60.8573813	67.767485
44.9726744	47.0339225	52.3744319
35.1461425	36.7570056	40.9306119
31.95297	33.4174806	37.2118988
26.7047488	27.9287169	31.0999056
24.8975287	26.0386631	28.9952456
23.37416	24.445475	27.2211581
23.4413019	24.515695	27.2993519
24.0713238	25.1745938	28.0330637
23.0712212	24.1286519	26.8683612
25.1979856	26.3528913	29.345155
25.847485	27.0321606	30.1015525
26.2789138	27.4833625	30.6039881
24.9227769	26.0650694	29.0246513
25.0892188	26.2391412	29.2184875
24.1751456	25.2831725	28.1539725
24.33152	25.4467144	28.3360837
17.5778837	18.3835369	20.4709106
17.6198062	18.4273794	20.5197319
19.2199906	20.1009069	22.3832813
23.4841725	24.5605294	27.3492769
29.9004525	31.2708888	34.82157
42.5949369	44.5472031	49.6053562
65.6346962	68.64295	76.4370775
106.129088	110.993328	123.596186
1356.70061908789	1363.28685008789	1380.35119408789
108.576968	113.553419	126.446931
68.5287187	71.6696162	79.8074088
41.7249738	43.6373681	48.5922119
29.4707563	30.8214994	34.3211544
23.1332487	24.1935206	26.9405975
19.95298	20.86749	23.2369094
18.47047	19.317035	21.5104044
17.2717237	18.063345	20.1143631
17.9140306	18.7350894	20.8623819
17.4265363	18.2252519	20.2946569
16.8137744	17.5844056	19.5810419
17.5410237	18.3449875	20.427985
17.6097794	18.4168938	20.5080569
16.7892931	17.5588019	19.5525306
17.3535656	18.1489375	20.2096738
14.37563	15.0345106	16.7416181
15.3769375	16.0817119	17.9077244
17.2034388	17.9919294	20.03484
20.0284262	20.9463937	23.3247719
27.4835306	28.7431912	32.0068638
35.9067675	37.5524925	41.8164263
60.2869994	63.0501525	70.2092388
100.730238	105.347038	117.30877
4065.0836738125	4071.4047608125	4087.7821238125
1263.54930260655	1268.07993300655	1279.81839100655
58.5409969	61.2241244	68.1758737
36.3832369	38.0507994	42.3713113
27.4631331	28.7218587	31.9831094
20.5615744	21.50398	23.9456681
17.2689856	18.0604819	20.111175
15.4490038	16.1570825	17.9916519
14.39997	15.0599687	16.7699669
13.9699444	14.6102319	16.2691656
13.9421925	14.5812087	16.2368469
13.813285	14.4463944	16.0867219
13.8679506	14.503565	16.1503863
13.960815	14.6006844	16.2585331
13.8201119	14.4535331	16.0946725
14.1713063	14.8208225	16.5036669
13.1319913	13.733875	15.2933
14.7742213	15.4513731	17.2058131
17.7526581	18.5663219	20.6744512
24.307215	25.4212956	28.3077787
35.6101406	37.2422725	41.47098
59.8139781	62.5554506	69.6583644
75.1139825	78.5567069	87.4764963
55.1809656	57.7100919	64.2628344
37.0235281	38.7204375	43.116985
24.307155	25.4212319	28.3077094
18.3221812	19.1619475	21.3377081
15.1159913	15.8088081	17.6038344
13.3756081	13.9886575	15.5770125
12.4319756	13.001775	14.4780731
12.0485281	12.6007525	14.0315156
11.9679031	12.5164306	13.9376206
12.1602112	12.7175537	14.1615788
12.4491244	13.0197094	14.4980431
13.3040044	13.9137694	15.4936213
15.9622163	16.6938175	18.5893325
22.46065	23.4900944	26.1572987
34.4827819	36.0632419	40.1580744
38.2322331	39.9845413	44.5246219
30.3112406	31.7005056	35.2999656
21.5057837	22.491465	25.0452794
16.2770606	17.0230919	18.955995
13.2242563	13.8303681	15.4007481
12.1213863	12.67695	14.1163663
11.7146681	12.2515887	13.6427075
12.1520919	12.7090619	14.1521237
14.301205	14.9566769	16.6549469
18.1461094	18.9778062	21.1326581
21.7213156	22.7168744	25.2962825
19.4194431	20.3095	22.61556
14.2985306	14.9538781	16.65183
12.9766544	13.5714181	15.1123975
16.1498275	16.8900263	18.8078206
