#?RADIANCE
genskyvec -m 1
NROWS=146
NCOLS=1
NCOMP=3
FORMAT=ascii

1.71841575	1.79717638	2.00123838
14.0432175	14.6868638	16.3544975
14.3408175	14.9981062	16.7010794
15.0161506	15.7043906	17.48756
16.8225019	17.5935319	19.5912062
21.3154906	22.2924494	24.8236681
29.0731025	30.40562	33.8580525
41.434615	43.3337	48.2540644
71.6449719	74.9287025	83.4365512
496.079367850824	501.319250850824	514.895343850824
77.7898931	81.3552662	90.5928187
56.2000969	58.7759338	65.4497006
32.7733312	34.2754413	38.1672775
23.0084981	24.0630537	26.795315
18.48418	19.3313706	21.5263706
15.5807644	16.2948825	18.1451006
14.8369706	15.5169963	17.27889
13.3940792	14.007975	15.5985212
13.7738469	14.4051475	16.0407931
13.5957175	14.218855	15.8333469
13.3584347	13.9706962	15.5570113
13.9039013	14.5411619	16.1922512
13.2750231	13.8834625	15.4598725
13.4420021	14.0580938	15.6543319
13.5896494	14.2125081	15.8262794
12.8984194	13.489595	15.0212844
13.3693556	13.9821169	15.5697269
12.9844912	13.5796131	15.1215231
13.5742981	14.1964544	15.8084025
13.2421615	13.8490918	15.4215994
13.6816137	14.3086863	15.9333781
12.7675144	13.3526944	14.8688369
12.6668494	13.2474119	14.7516013
14.2244438	14.8763981	16.5655494
15.8959538	16.6245162	18.5121644
20.2443319	21.1721944	23.5762119
26.6136731	27.8334656	30.9938406
39.1863406	40.9823794	45.6357612
64.6027	67.5636556	75.2352306
611.70369617459	616.69905117459	629.64155717459
365.55294910896	368.83306470896	377.33155840896
47.5932356	49.7745906	55.4262925
30.9759025	32.39563	36.0740219
22.7957375	23.8405431	26.5475375
17.3667531	18.16273	20.2250325
14.7467075	15.4226	17.1737719
13.2571887	13.86481	15.4391013
13.367505	13.9801819	15.5675737
12.1711119	12.7289537	14.1742737
12.0498125	12.602095	14.0330131
11.681605	12.2170113	13.6042031
11.7699763	12.3094338	13.7071213
11.9816844	12.530845	13.95367
11.4707256	11.9964656	13.358615
12.0928594	12.647115	14.0831412
12.2891512	12.8524031	14.3117419
12.3993944	12.9677013	14.44013
11.983355	12.5325925	13.9556162
12.1622244	12.71966	14.1639244
12.0473831	12.5995544	14.0301819
12.39298	12.9609912	14.4326581
9.26946569	9.69431625	10.7950659
9.30875012	9.73540006	10.8408146
10.3364702	10.8102247	12.0376825
13.54803	14.1689812	15.7778113
18.7017969	19.5589619	21.7798013
28.8687144	30.1918625	33.620025
41.4225344	43.3210675	48.2399969
43.5465513	45.5424338	50.7135881
28.8652069	30.1881925	33.6159381
19.5541313	20.4503625	22.7724181
14.3006444	14.9560888	16.6542925
11.365626	11.8865507	13.2362194
9.92752981	10.3825408	11.5614356
9.09744294	9.51440881	10.5947303
8.98790175	9.39984688	10.4671608
8.95133019	9.36159987	10.4245711
8.64071638	9.03674881	10.0628351
9.08914025	9.50572569	10.5850604
8.77313894	9.1752405	10.2170521
8.3962405	8.7810675	9.77812256
8.76593562	9.1677075	10.2086634
8.86208994	9.26826862	10.3206419
8.54381469	8.93540594	9.94998525
8.96884844	9.37991963	10.444972
6.89453175	7.210531	8.02925725
7.34000181	7.67641831	8.54804406
7.98913094	8.35529919	9.30400931
9.28842819	9.71414763	10.8171486
12.4557493	13.026635	14.5057575
15.1834325	15.8793394	17.6823744
18.6577513	19.5128994	21.7285081
19.8461713	20.7557881	23.1125213
15.4658013	16.1746494	18.0112169
12.3789475	12.9463156	14.4163169
9.6706025	10.1138389	11.2622229
7.91483487	8.27759794	9.21748556
7.422967	7.763186	8.644664
7.08028581	7.40479888	8.24558356
6.88462812	7.20017344	8.01772375
6.59931244	6.90178081	7.68544956
6.53400637	6.8334815	7.60939531
6.5506525	6.8508905	7.62878125
6.67419969	6.98010044	7.7726625
6.6322815	6.93626081	7.72384469
6.6846905	6.99107206	7.78487956
6.76888256	7.07912269	7.88292819
6.68616781	6.99261681	7.7866
6.93152781	7.24922275	8.07234231
5.54256844	5.79660263	6.45478325
5.993414	6.268112	6.97983044
6.59703019	6.89939388	7.68279156
8.17163837	8.54617144	9.51655431
9.79993969	10.2491038	11.4128467
10.2484629	10.7181844	11.935191
9.63112837	10.0725548	11.2162519
7.80855063	8.16644263	9.09370912
6.69420294	7.00102037	7.79595762
5.98684625	6.26124331	6.97218188
5.44155287	5.69095725	6.33714213
5.42664062	5.67536156	6.3197755
5.37588937	5.62228406	6.26067156
5.26090975	5.50203444	6.12676794
5.15260019	5.38876094	6.00063269
5.19889994	5.43718281	6.05455263
5.33949237	5.58421881	6.21828406
5.40056556	5.6480915	6.28940906
4.84162913	5.06353719	5.63848087
5.08879669	5.32203306	5.92632812
6.02622037	6.302422	7.01803612
6.87778588	7.19301756	8.00975512
6.33605819	6.62646069	7.37886825
5.47968563	5.73083762	6.38155069
4.99144694	5.2202215	5.81295631
4.67070619	4.88478013	5.439427
4.55798269	4.76689006	5.308151
4.47373475	4.67878081	5.21003731
4.57044506	4.77992369	5.32266462
4.53766694	4.74564306	5.2844915
4.34412906	4.54323463	5.0591005
4.61667087	4.82826813	5.37649825
4.71338794	4.92941806	5.48913313
4.49669313	4.7027915	5.23677431
4.15522325	4.34567106	4.83910406
4.162609	4.35339519	4.84770525
4.24662275	4.44125956	4.94554619
