#?RADIANCE
genskyvec -m 1
NROWS=146
NCOLS=1
NCOMP=3
FORMAT=ascii

19.3992762	20.2884112	22.5920763
34.5310425	36.1137137	40.2142794
35.1003763	36.7091419	40.8773131
35.7330906	37.370855	41.6141631
36.3556837	38.0219844	42.3392256
36.0693744	37.7225531	42.0057938
35.6689887	37.3038187	41.5395144
35.7251569	37.3625588	41.6049219
34.3251587	35.8983938	39.9745106
33.8410094	35.3920531	39.4106775
35.0947119	36.70322	40.87072
34.2889556	35.8605325	39.9323481
35.1303487	36.7404869	40.9122194
35.862505	37.5062006	41.7648781
37.099265	38.7996456	43.2051856
40.4450281	42.2987569	47.1016081
46.3707763	48.4961019	54.0026338
50.64265	52.9637688	58.9775881
61.2500944	64.05739	71.3308437
72.8002906	76.1369681	84.7820088
75.4424144	78.9001887	87.8589813
79.1656	82.7940225	92.1949456
68.7196388	71.8692856	80.0297488
61.6631406	64.4893662	71.8118706
53.0572687	55.48906	61.7896144
44.1803556	46.2052875	51.4517062
40.4976931	42.3538337	47.1629394
37.3430344	39.0545888	43.4890781
35.5244869	37.1526931	41.3712275
34.2754481	35.8464031	39.916615
34.0079787	35.5666775	39.6051263
25.9385644	27.1274163	30.2076225
24.4436044	25.5639344	28.4666144
26.3277319	27.5344181	30.6608387
25.9473387	27.1365919	30.21784
25.971815	27.1621887	30.2463438
24.9359688	26.0788656	29.0400138
26.36293	27.57123	30.70183
26.7895419	28.017395	31.1986556
26.0477538	27.2416087	30.3347819
23.6690344	24.7538631	27.5645631
24.8042669	25.9411306	28.8866381
25.5679587	26.7398244	29.7760219
28.1947244	29.4869806	32.8351069
30.4706756	31.8672475	35.4856425
33.7270006	35.2728206	39.2779069
40.6720119	42.5361444	47.3659494
50.241125	52.5438412	58.5099787
63.1064613	65.9988362	73.4927362
79.6588025	83.3098281	92.7693206
90.465345	94.6116662	105.354431
89.5221975	93.6252937	104.256069
76.1270125	79.6161638	88.6562537
60.1678937	62.9255869	70.0705287
48.1872756	50.3958588	56.1181
39.774635	41.5976387	46.3208781
34.7340231	36.3259956	40.4506625
29.7123925	31.0742106	34.6025588
27.7494631	29.0213144	32.3165644
25.9872563	27.1783381	30.2643275
25.796905	26.9792619	30.0426469
18.5913581	19.4434613	21.6511875
17.8223081	18.6391625	20.7555637
17.739765	18.5528363	20.659435
18.7053363	19.5626638	21.7839231
18.6203475	19.4737781	21.6849469
18.6736075	19.5294787	21.7469731
18.6885212	19.5450775	21.7643419
19.0490363	19.9221175	22.1841925
18.8587306	19.7230875	21.962565
20.694915	21.6434313	24.1009544
22.8498812	23.8971675	26.6105937
28.4595487	29.763945	33.1435175
37.4066987	39.1211694	43.56322
52.5491638	54.9576663	61.1978819
78.8956919	82.5117406	91.880615
106.82223	111.718257	124.4034
105.548761	110.386403	122.920331
77.3537263	80.8991025	90.0848687
50.2484881	52.5515425	58.5185544
36.3971025	38.0653031	42.3874619
28.0548613	29.3407094	32.6722256
23.5893244	24.6705019	27.4717356
20.2325563	21.1598831	23.5624987
19.3573037	20.2445113	22.5431931
15.4691931	16.1781981	18.015165
15.1044375	15.7967237	17.5903781
14.6575269	15.3293306	17.0699125
14.7246075	15.399485	17.1480325
14.9526313	15.6379612	17.4135888
14.9266225	15.6107569	17.3832944
15.0666006	15.7571531	17.5463137
15.7194806	16.4399575	18.3066469
16.550445	17.3090069	19.2743738
18.1348794	18.9660606	21.11958
21.1089937	22.0764881	24.5831825
26.5472887	27.7640375	30.9165306
34.0073362	35.5660056	39.6043781
53.6560837	56.1153181	62.4869831
86.3466256	90.3041706	100.557843
3273.70733693614	3280.00992493614	3296.33934893614
3320.40302840697	3326.92821640697	3343.83443440697
87.4073319	91.4134969	101.793119
52.5760581	54.9857925	61.2292037
35.2175175	36.8316531	41.0137356
26.2913581	27.4963806	30.6184806
20.9058406	21.8640262	24.346595
18.07288	18.9012187	21.0473756
16.7256825	17.492275	19.4784506
14.6599019	15.3318125	17.0726787
13.7832363	14.4149669	16.0517287
13.3735531	13.9865087	15.57462
13.4027375	14.0170287	15.6086056
13.6382594	14.2633456	15.8828894
14.37543	15.0343031	16.7413856
15.6380612	16.3548044	18.211825
18.9069456	19.7735137	22.018715
23.5019119	24.5790825	27.3699362
34.5664712	36.1507656	40.2555362
50.3937444	52.7034556	58.6877163
87.7647363	91.787275	102.209351
2036.90921069821	2041.92396769821	2054.91675269821
61.0635775	63.8623225	71.1136275
37.7674413	39.4984487	43.983335
25.2365506	26.3932244	29.3900669
19.1440919	20.0215287	22.29489
16.1799163	16.9214963	18.8428625
14.7663187	15.4431063	17.1966094
13.8526281	14.4875394	16.1325388
13.53868	14.1592031	15.76692
14.1431431	14.7913712	16.4708706
16.0910081	16.8285119	18.7393206
21.3312762	22.3089587	24.8420494
30.7739988	32.1844744	35.8388881
43.3041056	45.2888756	50.4312431
54.2228406	56.7080531	63.14702
37.5518025	39.272925	43.7322044
23.5268756	24.6051894	27.3990094
17.7027187	18.5140925	20.6162912
16.9505275	17.727425	19.7403019
15.9333019	16.6635775	18.5556581
18.008075	18.833445	20.9719062
24.0092219	25.1096444	27.96074
27.1151494	28.3579262	31.5778531
22.5629462	23.5970794	26.2764319
19.7347537	20.6392619	22.9827663
