#?RADIANCE
genskyvec -m 1
NROWS=146
NCOLS=1
NCOMP=3
FORMAT=ascii

23.4340706	24.5081306	27.2909281
29.3565419	30.7020487	34.18814
28.936245	30.2624888	33.6986713
28.95922	30.2865131	33.7254244
28.7971719	30.1170406	33.5367081
27.8807512	29.1586181	32.4694606
29.0226887	30.3528956	33.7993431
30.711205	32.1187994	35.7657569
33.0797244	34.5958762	38.5240962
36.0845369	37.7384094	42.0234506
42.5500031	44.5002088	49.5530269
46.4333788	48.5615744	54.0755425
50.1066719	52.4032269	58.3533981
50.4603537	52.7731187	58.7652906
48.2882675	50.5014781	56.235715
44.6744219	46.7219987	52.0270906
40.1990494	42.0415044	46.8151456
37.1952606	38.9000406	43.3169806
32.8830831	34.3902244	38.2950937
29.6538012	31.0129331	34.5343244
29.7625169	31.1266313	34.6609325
27.5761781	28.8400869	32.11476
28.3031962	29.6004262	32.9614319
27.2509763	28.4999794	31.7360356
29.0558169	30.3875413	33.8379231
30.7539063	32.1634612	35.8154888
31.8218544	33.2803538	37.0592013
32.7933662	34.296395	38.1906094
31.1133913	32.5394206	36.2341394
30.9636613	32.3828281	36.059765
29.6982138	31.0593787	34.586045
18.4843619	19.3315619	21.5265819
16.939355	17.7157406	19.7272906
18.3433038	19.1840381	21.3623075
18.1305812	18.961565	21.1145731
19.1388794	20.0160775	22.2888206
20.0207944	20.9384125	23.3158837
22.9114919	23.9616025	26.6823444
26.5153538	27.7306387	30.8793388
31.1248081	32.5513619	36.247435
35.6990713	37.3352788	41.5745462
42.6890194	44.6455994	49.7149238
48.1940256	50.4029156	56.1259625
49.5190181	51.7886387	57.6690262
47.1025419	49.2614081	54.8548381
41.498235	43.4002363	48.328155
34.2925169	35.8642575	39.9364962
30.4589119	31.854945	35.4719444
24.8339337	25.9721569	28.9211869
21.6792388	22.6728725	25.2472819
19.2455175	20.1276056	22.4130119
18.2805231	19.1183794	21.2891944
17.9371269	18.759245	20.88928
16.7101762	17.4760581	19.4603938
18.2345581	19.0703081	21.2356631
18.7805081	19.6412806	21.8714669
19.3835656	20.2719775	22.5737781
18.5367781	19.3863806	21.5876237
19.0214819	19.8932981	22.1521019
18.3545719	19.1958225	21.3754281
18.4916569	19.33919	21.5350756
12.5708456	13.14701	14.6397975
12.3660481	12.9328238	14.4012938
12.9542687	13.5480044	15.0863263
14.6933388	15.3667831	17.1116181
16.7598038	17.5279606	19.5181894
20.3516381	21.2844213	23.7011806
25.952055	27.1415237	30.2233331
34.9482438	36.5500381	40.7001463
46.3047606	48.4270613	53.9257544
57.3615975	59.9906694	66.8023631
58.5915838	61.2770306	68.234785
45.2107794	47.2829394	52.651725
33.3791512	34.9090287	38.8728075
25.330965	26.4919662	29.5000212
19.7053894	20.6085519	22.9485694
16.5427512	17.3009587	19.2654113
14.1445831	14.7928769	16.47255
13.6725138	14.2991706	15.9227838
12.7822925	13.3681481	14.8860462
12.1986475	12.7577513	14.2063413
12.6121806	13.1902387	14.6879375
12.7036863	13.2859381	14.7945019
12.1863219	12.7448613	14.1919881
12.6058812	13.1836519	14.6806019
10.5531831	11.03687	12.29006
11.0601738	11.5670975	12.880495
11.9504925	12.4982225	13.9173444
13.1932019	13.79789	15.3645831
16.1855794	16.9274188	18.8494562
19.2230188	20.1040731	22.3868081
27.3061725	28.557705	31.8003156
40.1741537	42.0154706	46.7861531
62.9007519	65.7837013	73.2531719
1736.20325337794	1740.09692457794	1750.18508337794
84.0127069	87.86329	97.8398056
57.9752494	60.6324456	67.5170119
40.2589919	42.1041938	46.8849525
26.04407	27.2377563	30.33049
19.3626088	20.2500619	22.5493719
15.8844713	16.61251	18.4987925
13.3595031	13.971815	15.5582562
11.9387331	12.485925	13.9036506
11.0893575	11.59762	12.9144825
10.5957531	11.0813931	12.3396406
10.415098	10.8924538	12.1292487
10.3819321	10.8577712	12.0906262
10.2796444	10.750795	11.9715056
10.4433606	10.9220131	12.1621644
10.2923211	10.7640531	11.9862669
11.2718244	11.78845	13.12698
13.12387	13.7253787	15.2838406
16.513775	17.2706544	19.2316694
22.373145	23.3985787	26.0553925
39.472305	41.28145	45.9687887
66.6388775	69.6931569	77.6065325
6373.54641763031	6378.72937863031	6392.15793263031
1716.98196355694	1720.44141485694	1729.40457235694
40.7401362	42.6073913	47.445285
26.3784494	27.5874606	30.7199031
18.1520188	18.9839838	21.1395381
13.8598856	14.4951281	16.1409919
11.5131575	12.0408431	13.4080325
10.5340862	11.0168981	12.2678219
9.92808119	10.38312	11.56208
9.741268	10.1877425	11.3445187
9.86504988	10.3171963	11.4886719
11.3307556	11.8500813	13.1956087
13.69265	14.3202313	15.9462338
18.603585	19.4562481	21.6654263
30.1202081	31.5007181	35.0774944
46.7512031	48.8939631	54.4456719
54.2692694	56.7566081	63.2010881
35.7948081	37.4354031	41.6860388
22.66353	23.702275	26.3935706
15.1223563	15.8154644	17.6112437
12.22367	12.7839206	14.2354825
10.5641075	11.0482969	12.3027844
10.8009	11.2959419	12.57855
14.1010431	14.7473381	16.42184
18.941275	19.8094156	22.0586944
27.2636194	28.5132025	31.7507588
27.7839562	29.0573869	32.356735
17.0056663	17.7850931	19.8045187
13.5430625	14.1637844	15.7720256
18.6670313	19.5226019	21.7393131
