#?RADIANCE
genskyvec -m 1
NROWS=146
NCOLS=1
NCOMP=3
FORMAT=ascii

3.89577406	4.07433019	4.53695381
21.4294756	22.4116594	24.9564131
20.4788275	21.41744	23.8493044
20.1191156	21.0412413	23.4303888
20.2119056	21.1382825	23.5384494
20.8461775	21.8016256	24.2771113
20.565455	21.5080388	23.9501881
20.7328531	21.6831075	24.1451369
20.5861831	21.529715	23.9743269
21.4535325	22.43682	24.9844275
20.2731644	21.2023506	23.6097906
21.2217575	22.1944206	24.7145056
20.4848187	21.4237069	23.8562812
20.4630463	21.400935	23.8309238
20.7605719	21.7120987	24.1774175
21.1419156	22.1109206	24.6215244
23.5579294	24.6376675	27.4351744
24.4261306	25.5456619	28.4462669
31.0387987	32.4614112	36.1472688
43.3990669	45.3881906	50.5418337
58.1191544	60.7829469	67.6846019
95.7406862	100.128809	111.498019
117.726734	123.122533	137.102602
126.770706	132.581021	147.635064
88.2047281	92.2474369	102.721763
53.46281	55.9131863	62.2618987
38.6279319	40.3983781	44.9854481
29.3959131	30.7432244	34.2339925
25.8272963	27.0110469	30.0780413
22.7817506	23.8259131	26.5312469
21.8143075	22.81413	25.4045813
19.3166556	20.2020006	22.4958562
18.0775806	18.9061375	21.0528531
18.7821325	19.6429794	21.8733581
18.5093037	19.3576462	21.5556281
18.4487706	19.2943412	21.4851325
17.9577025	18.7807656	20.9132437
18.7738213	19.6342869	21.8636825
19.1447988	20.0222681	22.2957156
18.8743438	19.7394156	21.980745
17.4706031	18.2713394	20.3459756
17.9439594	18.76639	20.8972369
18.000635	18.825665	20.9632419
18.9236381	19.7909731	22.038155
19.02936	19.9015387	22.1612763
19.5428019	20.4385119	22.7592225
21.253845	22.2279794	24.7518756
24.9977806	26.1435106	29.1119987
29.44329	30.7927725	34.2891656
40.9356356	42.8118537	47.6729631
58.5629475	61.24708	68.2014356
92.8619019	97.1180669	108.145424
1101.22826044199	1108.44766044199	1127.15250444199
899.424773330004	906.234436330004	923.877642330004
90.7368519	94.8956144	105.670627
57.8663194	60.518525	67.3901544
41.0215781	42.9017331	47.7730469
29.1887919	30.5266094	33.99278
24.0574875	25.1601213	28.0169513
21.0234344	21.9870069	24.4835413
19.9459775	20.8601662	23.2287531
14.1464525	14.7948312	16.4747244
13.3497756	13.9616394	15.5469262
13.1605488	13.7637419	15.3265575
13.8436512	14.4781512	16.1220862
13.7884944	14.4204638	16.0578494
13.8661494	14.5016787	16.1482863
13.8437669	14.4782712	16.1222181
13.9507131	14.5901206	16.2467681
13.3221075	13.9327025	15.5147031
13.8273462	14.4611006	16.1030994
13.9933469	14.6347075	16.2964181
15.0620238	15.7523656	17.5409831
16.5316769	17.2893769	19.2525169
19.2995969	20.1841619	22.47599
26.7428706	27.9685863	31.144305
40.8872725	42.7612719	47.6166381
67.8012687	70.9088231	78.96023
545.002421422158	549.884811422158	562.534668422158
73.5133725	76.8827369	85.6124581
43.0576488	45.0311225	50.1442219
29.1854538	30.52312	33.9888963
21.5162713	22.5024337	25.0574919
16.4950387	17.2510619	19.20985
15.1817775	15.8776081	17.6804462
10.9541051	11.4561675	12.7569687
10.6975302	11.1878344	12.4581663
10.2774187	10.7484666	11.9689125
10.3715262	10.8468875	12.0785069
10.5653548	11.0496	12.3042369
10.4794392	10.9597454	12.2041813
10.3693589	10.8446216	12.075985
10.5584719	11.0424015	12.2962219
10.448081	10.9269508	12.1676606
10.6885842	11.1784775	12.4477481
10.9151974	11.4154781	12.7116594
11.2830956	11.800235	13.1401044
12.4409912	13.0112025	14.4885706
15.2972481	15.9983706	17.81492
19.7614994	20.6672331	23.0139125
24.9736512	26.1182744	29.0839
34.8485687	36.4457925	40.5840631
41.9597619	43.882915	48.8656412
39.7598494	41.5821744	46.3036606
29.3398887	30.6846325	34.1687463
21.4589387	22.4424719	24.9907225
16.0827738	16.8199025	18.7297331
13.253655	13.861115	15.4349881
12.1740069	12.7319831	14.1776475
9.20832388	9.63037181	10.7238625
8.78706638	9.18980669	10.2332718
8.47882025	8.86743262	9.87429231
8.59053294	8.98426581	10.0043923
8.6058705	9.000306	10.0222541
8.53529975	8.9265005	9.9400675
8.68967956	9.087956	10.1198555
9.02190438	9.43540825	10.5067602
9.40974644	9.84102638	10.958435
10.6099592	11.0962463	12.3561806
11.8785737	12.4230069	13.8335881
15.7751019	16.4981262	18.3714206
20.3258475	21.2574475	23.6711437
21.6834569	22.67728	25.2521931
18.3157531	19.155225	21.3302225
14.383345	15.0425806	16.750605
11.8305025	12.372735	13.7776081
10.0862146	10.5484976	11.7462362
8.15783731	8.53173806	9.50048175
7.58388037	7.93147456	8.83206119
7.52786519	7.87289219	8.76682694
7.61192931	7.96080919	8.86472669
7.632901	7.98274188	8.88914975
8.07489962	8.444999	9.40389387
9.04216844	9.45660063	10.530359
10.3720884	10.8474754	12.07916
12.769705	13.3549844	14.8713869
12.614995	13.1931819	14.6912144
11.0292576	11.5347644	12.8444906
8.93681925	9.3464235	10.4076717
7.64004144	7.99020994	8.89746556
7.19515262	7.52493025	8.37935525
7.30020437	7.63479688	8.50169688
7.95544313	8.32006725	9.26477675
8.71098944	9.11024331	10.1446731
8.68455488	9.08259694	10.1138879
7.56217631	7.90877594	8.80678494
