#?RADIANCE
genskyvec -m 1
NROWS=146
NCOLS=1
NCOMP=3
FORMAT=ascii

27.9259175	29.2058544	32.5220587
37.5660969	39.2878762	43.7488513
36.8737831	38.56383	42.942595
36.3812238	38.0486956	42.3689706
34.9917081	36.5954925	40.75076
31.7229806	33.17695	36.9440575
31.6635262	33.1147688	36.8748144
32.2341131	33.7115094	37.5393119
33.1902113	34.7114275	38.6527662
34.2830088	35.8543119	39.92542
41.8501738	43.7683069	48.7380181
43.0893162	45.0642425	50.1811019
48.7526431	50.9871381	56.7765181
50.8691288	53.2006287	59.2413431
50.8402187	53.1703937	59.2076737
51.028195	53.3669856	59.4265869
48.1346706	50.3408412	56.0568369
46.6324494	48.7697694	54.3073769
41.3727913	43.2690437	48.1820656
36.9965156	38.6921887	43.0855294
36.3507169	38.01679	42.3334413
32.2237506	33.7006725	37.5272456
32.484375	33.9732419	37.8307638
30.5449838	31.9449625	35.5721812
32.6195812	34.114645	37.9882225
35.7493088	37.3878181	41.6330519
37.7140437	39.4426019	43.9211488
40.4480994	42.3019681	47.1051825
38.4934663	40.25775	44.8288531
39.3265169	41.1289819	45.7990087
37.9682794	39.7084906	44.21723
20.8539213	21.8097244	24.2861319
18.55528	19.40573	21.6091719
20.0344775	20.9527244	23.3318206
19.0222712	19.8941231	22.1530206
19.2720894	20.1553944	22.4439556
19.341455	20.2279369	22.524735
21.6387919	22.6305688	25.2001775
24.1518225	25.2587806	28.1268131
26.9322244	28.1666163	31.3648194
28.5798725	29.8897825	33.2836462
33.2408131	34.7643487	38.7116994
37.4922956	39.2106919	43.6629044
41.5754937	43.4810369	48.4181294
43.6403131	45.6404906	50.8227831
42.50581	44.4539938	49.5015606
38.9775294	40.7639988	45.3925825
36.5856219	38.2624606	42.6070062
30.9968488	32.4175381	36.098415
27.11333	28.3560225	31.5757344
23.6754219	24.7605463	27.572005
21.6730744	22.6664225	25.2401025
20.26039	21.1889894	23.5949119
18.2069031	19.0413862	21.2034581
19.3410562	20.2275212	22.5242737
19.7987394	20.7061806	23.0572831
20.63711	21.5829769	24.0336369
19.9793037	20.8950231	23.2675631
20.988865	21.9508525	24.4432844
20.4475562	21.3847344	23.8128825
20.8096275	21.7634	24.234545
13.1830381	13.78726	15.3527475
12.7862769	13.3723156	14.8906862
13.1131337	13.7141525	15.2713394
14.4469225	15.1090719	16.824645
15.8161469	16.5410525	18.4192231
18.1147675	18.9450287	21.0961581
21.2855431	22.2611281	24.7887894
25.9045244	27.0918138	30.1679762
31.2445537	32.6765944	36.3868894
39.5952713	41.4100569	46.1119975
46.9027631	49.0524731	54.62218
46.3588712	48.48365	53.98877
39.5924006	41.40705	46.1086494
32.2406619	33.7183581	37.5469419
25.5779631	26.7502875	29.7876719
21.2651681	22.2398225	24.765065
17.5408606	18.3448163	20.427795
16.0458494	16.7812844	18.6867313
14.2432331	14.8960488	16.5874319
13.2296431	13.8360013	15.4070219
13.3150269	13.9252994	15.5064588
13.3395356	13.9509294	15.535
12.827855	13.4157981	14.9391088
13.3260713	13.9368469	15.5193194
11.0715625	11.5790094	12.8937587
11.4444125	11.9689488	13.327975
12.1125663	12.667725	14.1060937
13.0217544	13.6185844	15.1649175
15.0492375	15.738995	17.5260938
16.8796231	17.6532725	19.6577294
21.0635712	22.0289856	24.5302869
27.2044263	28.4512962	31.6818237
38.4492375	40.2114956	44.7773469
53.5783525	56.0340244	62.3964594
75.5759656	79.03986	88.0145138
80.3962169	84.08104	93.6280975
58.5044756	61.1859281	68.13334
36.2655875	37.9277594	42.2343
26.3906369	27.6002062	30.7340962
21.3533044	22.331995	24.8677012
17.4708388	18.2715844	20.34625
15.0298562	15.7187244	17.5035212
13.2306819	13.8370881	15.4082319
12.1120856	12.6672238	14.1055356
11.5037244	12.0309794	13.3970469
11.1965869	11.7097631	13.0393594
10.9855606	11.4890656	12.7936
11.0288744	11.5343638	12.8440438
11.1751937	11.6873912	13.0144456
11.8792356	12.4236994	13.8343594
13.2704987	13.8787281	15.4546019
15.4397138	16.1473681	17.9808356
18.8670037	19.7317394	21.9721969
28.4652275	29.7698838	33.1501306
45.0667294	47.1322869	52.483965
2291.90036092375	2296.55627992375	2308.61934092375
6148.10912836725	6154.59785936725	6171.40956536725
73.5453925	76.9162231	85.6497431
41.6430013	43.5516369	48.4967462
25.62615	26.8006819	29.8437887
18.5934863	19.4456875	21.6536644
14.77333	15.45044	17.2047725
12.9999619	13.5957944	15.1395406
11.7050294	12.2415075	13.6314831
11.0350625	11.5408344	12.8512487
10.9246456	11.4253588	12.7226606
12.5466612	13.1217163	14.6116331
14.3981944	15.0581125	16.7678988
17.6929856	18.5039156	20.6049594
25.4268913	26.5922894	29.6117331
43.2953687	45.2797387	50.4210675
2283.04505905525	2286.78661285525	2296.48063345525
62.3113694	65.1673063	72.566785
33.8669638	35.4191987	39.4409037
20.3682331	21.3017769	23.7205062
15.599445	16.3144169	18.1668531
12.7483756	13.3326763	14.8465456
12.5516012	13.1268819	14.6173863
15.919515	16.6491575	18.5396019
20.1082662	21.0298944	23.4177531
30.4069981	31.8006506	35.4114844
37.3772325	39.0903544	43.528905
21.5486812	22.5363281	25.0952369
16.4019413	17.1536956	19.1014269
21.7541569	22.7512194	25.3345288
