#?RADIANCE
genskyvec -m 1
NROWS=146
NCOLS=1
NCOMP=3
FORMAT=ascii

2.30998381	2.41585812	2.69016881
15.2735356	15.9735725	17.7873069
15.5772863	16.2912444	18.1410487
16.2808181	17.0270213	18.9603719
18.1557419	18.98788	21.143875
22.8010369	23.8460838	26.5537081
30.6883725	32.0949212	35.7391694
43.0399075	45.0125675	50.1235606
72.8258906	76.1637506	84.8118275
504.014573172563	509.234791172563	522.759952172563
84.2086488	88.0682137	98.0679956
64.2734412	67.219305	74.851785
37.5043362	39.2232838	43.6769275
26.1565725	27.3554156	30.4615094
20.79639	21.7495569	24.2191287
17.3274344	18.12161	20.1792438
16.34401	17.09311	19.0339625
14.7153731	15.3898281	17.13728
15.0657344	15.7562456	17.5453044
14.8615438	15.5426981	17.3075081
14.6334894	15.3041912	17.0419175
15.2289387	15.9269319	17.7353688
14.591115	15.2598744	16.9925719
14.7782519	15.4555881	17.2105069
14.9529594	15.6383038	17.4139688
14.2172525	14.8688738	16.5571756
14.7021394	15.3759875	17.1218681
14.2696213	14.9236456	16.6181644
14.8537719	15.53457	17.2984569
14.4742681	15.1376719	16.8564931
14.9060794	15.5892738	17.3593712
13.8659188	14.5014394	16.1480206
13.75827	14.3888575	16.0226525
15.4297375	16.1369331	17.9692163
17.2210944	18.0103938	20.0554
21.8767031	22.8793863	25.4772462
28.7353762	30.0524125	33.4647425
42.0141463	43.939795	48.9289769
69.2480706	72.4219369	80.6451494
886.010193750052	891.608882750052	906.114572750052
567.60034756359	571.69169186359	582.29200016359
57.505485	60.1411519	66.9699331
36.6683538	38.3489838	42.7033538
26.3974744	27.6073569	30.7420587
19.7276519	20.631835	22.9744956
16.5062969	17.2628337	19.2229594
14.6463775	15.3176694	17.0569269
14.6552856	15.3269869	17.0673019
13.3022575	13.9119431	15.4915888
13.1510744	13.7538325	15.3155225
12.7562106	13.3408694	14.8556719
12.8661156	13.4558113	14.9836644
13.1147506	13.7158425	15.2732219
12.5732081	13.1494781	14.6425481
13.2605981	13.868375	15.4430725
13.4702119	14.0875956	15.6871831
13.57877	14.20113	15.8136106
13.1024481	13.7029762	15.2588925
13.2709525	13.8792031	15.4551306
13.12201	13.723435	15.281675
13.4753888	14.0930106	15.6932131
10.1362347	10.6008117	11.8044906
10.20063	10.6681578	11.879485
11.3566331	11.8771456	13.2257431
14.9055788	15.5887512	17.3587894
20.7335437	21.6838294	24.14594
32.6210187	34.1161481	37.9898962
49.1012094	51.35168	57.1824519
54.492815	56.9904012	63.4614275
35.7063619	37.3429019	41.5830337
23.4331244	24.5071419	27.2898275
16.6806162	17.4451456	19.4259694
12.8767437	13.4669275	14.9960412
11.0574037	11.5642012	12.8772681
10.0444793	10.5048511	11.6976325
9.87016813	10.3225506	11.4946348
9.81614719	10.2660537	11.4317215
9.48618675	9.92096956	11.0474553
9.97906144	10.4364354	11.6214481
9.64514012	10.0872086	11.2325691
9.23616512	9.65948956	10.7562848
9.62839087	10.0696918	11.2130634
9.71890506	10.1643558	11.3184761
9.36090612	9.7899485	10.9015565
9.80920938	10.2587981	11.4236432
7.616236	7.96531325	8.86974181
8.12624056	8.49869287	9.46368425
8.90557175	9.3137425	10.371281
10.4179326	10.8954214	12.1325506
14.18001	14.8299275	16.513805
17.59516	18.4016038	20.4910312
22.450125	23.4790887	26.1450431
24.4022156	25.5206494	28.4184144
18.9220787	19.7893419	22.03634
14.8526763	15.5334244	17.2971813
11.3146037	11.8331911	13.1768006
9.06036506	9.47563169	10.5515498
8.37562269	8.75950537	9.75411081
7.886004	8.24744569	9.18390931
7.62408681	7.973524	8.87888481
7.29968875	7.63425781	8.50109644
7.22233325	7.55335656	8.41100919
7.2400875	7.57192456	8.43168556
7.37470287	7.71270981	8.5884565
7.32859931	7.66449338	8.53476519
7.38128762	7.71959638	8.59612475
7.46523294	7.80738931	8.69388631
7.37338131	7.71132775	8.58691744
7.63674325	7.98676044	8.89362444
6.18791813	6.47153081	7.20634681
6.72792731	7.03629019	7.83523213
7.48791719	7.83111312	8.72030419
9.42248469	9.85434862	10.9732693
11.5432641	12.072332	13.443095
12.3424906	12.9081875	14.3738594
11.6095036	12.1416063	13.5202331
9.21850988	9.64102469	10.7357224
7.75442806	8.10983906	9.03067744
6.80017431	7.11184894	7.91937013
6.12772994	6.40858406	7.13625262
6.06247594	6.34033919	7.06025863
5.98697706	6.26137994	6.972334
5.85757281	6.12604462	6.821632
5.74015219	6.00324238	6.68488581
5.78796869	6.05325038	6.74057219
5.93902944	6.21123487	6.91649506
6.01207887	6.28763231	7.00156725
5.46302737	5.71341594	6.36215088
5.805794	6.07189294	6.76133144
6.98832044	7.30861831	8.138482
8.12300819	8.49531238	9.45992006
7.48742644	7.83059962	8.71973269
6.37460344	6.6667725	7.42375725
5.70969344	5.97138769	6.64941425
5.28938356	5.53181344	6.15992813
5.12621881	5.36117031	5.96990938
5.02546525	5.255799	5.85257356
5.12484681	5.35973538	5.9683115
5.10510462	5.33908831	5.94532019
4.95268394	5.1796815	5.76781312
5.32329225	5.56727644	6.19941781
5.46514775	5.71563362	6.36462044
5.17122306	5.40823719	6.02232037
4.72875294	4.94548725	5.50702713
4.72053856	4.93689631	5.49746069
4.87045994	5.09368925	5.67205712
