#?RADIANCE
genskyvec -m 1
NROWS=146
NCOLS=1
NCOMP=3
FORMAT=ascii

14.3763363	15.0352519	16.7424425
31.7073281	33.1605787	36.9258281
31.4606719	32.9026175	36.638575
32.0263538	33.4942281	37.2973619
33.3718444	34.9013869	38.8642969
35.851145	37.4943212	41.7516488
40.2418913	42.0863081	46.8650369
46.39815	48.5247306	54.034515
57.1546412	59.7742281	66.5613456
71.6543156	74.9384706	83.447425
78.8120244	82.4242375	91.7831775
90.6902563	94.8468987	105.616374
80.4023737	84.08748	93.6352706
67.9211544	71.0342056	79.0998487
56.3872456	58.97166	65.6676506
46.2622069	48.3825575	53.8761994
40.1493094	41.9894863	46.7572194
36.0170025	37.6677794	41.9448019
33.3587575	34.8877	38.8490544
31.5494031	32.995415	36.7419113
32.27931	33.7587775	37.5919494
32.1202981	33.5924769	37.4067656
32.5196962	34.0101825	37.8719
32.2251944	33.7021812	37.5289244
33.9904381	35.54833	39.5847
34.0490638	35.609645	39.6529737
35.074665	36.6822513	40.8473712
34.611765	36.1981363	40.3082881
33.6522069	35.1945994	39.1908019
32.5653925	34.05797	37.9251137
31.7305838	33.1849031	36.9529125
22.9519506	24.0039137	26.7294606
21.6781956	22.67178	25.2460662
24.0415606	25.1434656	27.9984031
25.0892081	26.2391306	29.2184769
28.6000225	29.9108569	33.3071112
32.7164338	34.2159363	38.1010137
40.8383031	42.7100569	47.5596094
53.5631244	56.0180981	62.3787237
72.4495481	75.7701525	84.3735425
92.932675	97.192095	108.227851
103.474619	108.2172	120.504819
93.4007263	97.6815862	108.772944
73.2426975	76.5996531	85.2972294
54.2489612	56.7353706	63.1774406
41.8332575	43.750615	48.7183188
32.69067	34.1889912	38.0710131
30.0180919	31.3939219	34.9585725
24.8705756	26.0104756	28.9638587
23.2170625	24.2811775	27.0382056
21.7126125	22.7077725	25.2861475
21.8376669	22.8385606	25.4317844
22.4962744	23.5273537	26.1987887
21.4211806	22.4029819	24.9467506
23.6221481	24.70483	27.509965
24.2619969	25.3740031	28.2551181
24.708995	25.8414894	28.7756844
23.3029519	24.3710031	27.1382319
23.5091319	24.5866338	27.3783437
22.5825863	23.6176219	26.299305
22.7648263	23.8082138	26.51154
15.7068525	16.4267469	18.2919375
15.6579156	16.3755687	18.2349475
17.0750462	17.8576538	19.8853156
21.0135644	21.9766856	24.4720481
26.732835	27.95809	31.1326163
38.1027075	39.8490812	44.3737794
58.7055156	61.396185	68.36747
95.0399456	99.3959456	110.68195
1444.0053649361	1449.8660519361	1465.0505709361
96.8870788	101.327741	112.833086
61.151245	63.9540075	71.2157237
37.3288731	39.0397806	43.4725875
26.3378988	27.5450537	30.6726812
20.6025656	21.5468512	23.9934075
17.8264756	18.6435231	20.7604187
16.5317375	17.28944	19.2525856
15.4115594	16.1179213	17.9480456
16.0993575	16.8372444	18.7490444
15.5974363	16.3123194	18.1645162
14.9663394	15.6522956	17.4295506
15.7015112	16.4211637	18.28572
15.7745594	16.49756	18.3707888
14.9485581	15.6337025	17.4088462
15.5220131	16.23344	18.07668
12.3502006	12.9162506	14.3828362
13.2254794	13.8316469	15.4021725
14.7488494	15.4248388	17.176265
17.2090475	17.9977944	20.0413719
23.6717631	24.7567194	27.5677431
30.909065	32.3257306	35.9961875
51.8549944	54.2316819	60.3894675
86.8214	90.8007106	101.110743
4379.91177130388	4385.35848530388	4399.47044830388
1348.87876784461	1352.78154714461	1362.89330464461
50.313855	52.6199056	58.5946813
31.1514319	32.5792037	36.27844
23.5741912	24.6546744	27.4541106
17.7118506	18.523645	20.6269287
14.8890219	15.571435	17.3395069
13.2758181	13.8842937	15.4607981
12.3767737	12.9440406	14.4137844
12.0217856	12.5727825	14.00037
12.0342081	12.5857763	14.0148412
11.9145425	12.460625	13.8754781
11.9720469	12.5207669	13.9424481
12.0643462	12.617295	14.0499369
11.9068281	12.4525581	13.8664944
12.242385	12.8034956	14.2572794
10.9473663	11.44912	12.7491206
12.3239375	12.8887856	14.3522525
14.7710506	15.4480575	17.2021219
20.2952763	21.2254762	23.6355419
29.7726506	31.13723	34.6727337
49.9447994	52.2339344	58.164885
62.8574156	65.7383769	73.2027031
46.169325	48.2854181	53.7680306
30.9192131	32.3363425	36.0080025
20.3102844	21.2411712	23.65302
15.2294219	15.927435	17.7359319
12.6244375	13.2030569	14.7022081
11.1888806	11.701705	13.0303856
10.380985	10.8567806	12.0895219
10.0340233	10.4939144	11.6854575
9.97622237	10.4334656	11.6181425
10.1617281	10.6274738	11.8341787
10.3927363	10.8690687	12.1032094
10.8603081	11.3580706	12.6477344
12.9758581	13.570585	15.11147
18.318365	19.1579588	21.3332675
28.2087806	29.5016831	32.8514794
31.1868413	32.6162369	36.3196763
24.6994138	25.83147	28.7645269
17.536895	18.3406681	20.423175
13.2628937	13.870775	15.4457456
10.7923881	11.2870369	12.5686344
9.87854144	10.3313081	11.5043863
9.57616294	10.0150711	11.1522406
9.89188419	10.3452613	11.5199244
11.4839869	12.0103369	13.3740606
14.5518019	15.2187612	16.9467862
17.4256544	18.2243281	20.2936275
15.6038962	16.3190737	18.1720356
11.4635831	11.9889963	13.3502994
10.4227572	10.9004669	12.13817
12.9054169	13.4969138	15.0294325
