#?RADIANCE
genskyvec -m 1
NROWS=146
NCOLS=1
NCOMP=3
FORMAT=ascii

1.04638985	1.09434944	1.21860837
11.2932531	11.8108611	13.1519369
10.6102334	11.0965345	12.3565009
10.4430335	10.9216727	12.1617842
10.6084354	11.0946568	12.3544078
11.1711263	11.6831374	13.0097087
11.1833153	11.6958834	13.0239044
11.3738229	11.895124	13.2457663
11.3594659	11.8801077	13.2290455
11.8835175	12.4281769	13.8393475
11.0037821	11.5081216	12.8148215
11.4495347	11.9743059	13.3339375
10.7821121	11.2762937	12.5566688
10.5659142	11.0501847	12.3048884
10.5819469	11.0669509	12.3235595
10.6371908	11.1247274	12.387895
11.7962589	12.3369206	13.7377281
12.1072051	12.6621176	14.0998494
15.0672044	15.7577819	17.5470138
19.9846512	20.900615	23.2737937
26.0860162	27.2816237	30.3793419
40.9930325	42.8718781	47.7398056
130.275204854632	132.935354854632	139.827574854632
316.206647867577	319.970908567578	329.723787867577
62.5807025	65.4489831	72.8804463
36.66987	38.3505725	42.7051212
25.5210162	26.6907294	29.7213513
18.4702863	19.3168425	21.5101888
15.2937075	15.9946669	17.8107969
12.8129094	13.4001677	14.9217025
11.7521024	12.2907426	13.6863038
10.2726779	10.743509	11.9633906
9.52604606	9.96265612	11.0938738
9.91101725	10.3652722	11.5422069
9.86890056	10.3212252	11.4931586
9.99274106	10.4507414	11.6373788
9.84483112	10.2960525	11.4651262
10.3872022	10.863282	12.0967637
10.6470943	11.135086	12.3994288
10.466801	10.9465291	12.1894612
9.58247225	10.0216708	11.1595894
9.71497138	10.1602401	11.3138949
9.58497813	10.0242878	11.1625075
9.90584231	10.3598606	11.5361802
9.793026	10.2418717	11.4047949
9.9250975	10.3799971	11.5586025
10.6094704	11.0957374	12.3556125
12.2687788	12.8310981	14.2880156
13.7207469	14.3496144	15.978955
17.5812088	18.3870131	20.4747844
22.5217281	23.5539738	26.2284306
31.7628731	33.21867	36.9905144
48.0561306	50.2587006	55.9653706
153.752700417944	156.262351617944	162.764643517944
49.5182044	51.7877894	57.6680794
34.377325	35.9529525	40.0352625
25.1534269	26.3062913	29.2932644
17.5929831	18.3993275	20.4884956
14.0684931	14.7132994	16.3839331
11.8118363	12.3532119	13.7558675
10.8561947	11.3537706	12.6429438
7.46465394	7.80678388	8.69321194
6.99489794	7.31549713	8.14614194
6.91854725	7.23564694	8.05722506
7.38785337	7.72646288	8.60377131
7.45796238	7.79978519	8.68541888
7.57094444	7.91794587	8.81699625
7.56604294	7.91281956	8.81128769
7.56987131	7.91682337	8.81574637
7.11434875	7.44042275	8.28525225
7.246658	7.57879625	8.43933775
7.19941988	7.52939306	8.38432469
7.57672275	7.92398894	8.8237255
8.08417706	8.45470169	9.41469812
8.98499163	9.39680381	10.4637714
11.3813315	11.9029747	13.2545106
15.2238619	15.9216219	17.7294569
20.8908587	21.8483569	24.3291488
29.4590225	30.8092269	34.3074881
28.0472087	29.3327056	32.6633131
20.3192175	21.2505131	23.6634219
15.8052837	16.5296906	18.4065687
12.1044788	12.6592675	14.0966762
9.10159356	9.51874931	10.5995651
8.21049806	8.58681256	9.56181019
5.70470988	5.9661755	6.64361019
5.54877894	5.80309781	6.46201569
5.34002119	5.58477231	6.21890012
5.42926856	5.67810975	6.32283581
5.59777025	5.85433475	6.51907025
5.57578169	5.83133837	6.49346288
5.51286475	5.76553756	6.42019094
5.58784888	5.84395875	6.50751619
5.44769781	5.69738375	6.34429838
5.49627831	5.74819094	6.4008745
5.50588363	5.7582365	6.41206056
5.55548394	5.81011012	6.46982425
5.99028844	6.264843	6.97619031
6.970128	7.28959181	8.11729544
8.292699	8.67278106	9.65753931
9.55307475	9.99092356	11.1253525
11.9109696	12.4568876	13.8713175
13.9660919	14.6062044	16.2646806
14.9067494	15.5899769	17.3601544
12.9273867	13.5198919	15.0550181
10.6503327	11.1384726	12.4032032
8.49408981	8.88340194	9.89207606
7.0424225	7.3652	8.20148856
6.43913363	6.73426037	7.49890794
4.705313	4.92097325	5.4797295
4.49018194	4.69598175	5.2291915
4.34308194	4.54213962	5.057881
4.4395115	4.642989	5.17018144
4.46328675	4.66785381	5.19786956
4.39724206	4.59878219	5.12095519
4.43581975	4.63912813	5.16588194
4.51314738	4.71999981	5.25593644
4.61055819	4.82187537	5.3693795
5.01427688	5.24409775	5.83954369
5.34668956	5.59174606	6.22666594
6.5313495	6.83070287	7.60630125
7.8033895	8.1610445	9.08769825
8.444693	8.83174081	9.83455
7.80872988	8.16663013	9.09391738
6.82503294	7.13784681	7.94832019
5.96424825	6.2376095	6.94586444
5.16157256	5.39814463	6.01108175
4.09065263	4.27814069	4.76390619
3.80294037	3.97724175	4.42884138
3.80106906	3.97528475	4.42666206
3.84661631	4.02291937	4.47970544
3.80434025	3.97870575	4.43047144
3.92397906	4.103828	4.56980081
4.24810406	4.44280856	4.94727144
4.66139638	4.87504369	5.42858494
5.43384169	5.68289275	6.32816181
5.523801	5.77697506	6.43292706
5.22284744	5.46222769	6.08244125
4.40241294	4.60418988	5.12697694
3.73058113	3.901566	4.34457294
3.532742	3.69465925	4.11417256
3.55236988	3.71518656	4.13703081
3.77588094	3.948942	4.39732813
4.04321862	4.22853281	4.70866525
4.10736681	4.29562106	4.78337131
3.63102944	3.79745144	4.2286365
