#?RADIANCE
genskyvec -m 1
NROWS=146
NCOLS=1
NCOMP=3
FORMAT=ascii

3.04310975	3.1825855	3.54395481
16.7446206	17.5120819	19.5005056
17.2548844	18.0457325	20.0947512
18.3224638	19.1622413	21.3380363
20.6315281	21.5771387	24.0271338
25.7199881	26.8988181	29.9530694
35.1517838	36.762905	40.9371831
49.9487744	52.2380931	58.1695131
83.834015	87.6764069	97.6317087
532.546622445164	538.496456445164	553.912006445164
104.513123	109.303301	121.714232
78.350895	81.9419762	91.2461538
46.0412169	48.1514381	53.6188369
31.1537306	32.58161	36.2811175
23.8741481	24.9683781	27.8034356
19.8174144	20.7257106	23.07903
18.1009681	18.930595	21.0800881
16.7836419	17.5528913	19.5459494
16.5666119	17.3259137	19.2932012
16.3459544	17.0951425	19.036225
16.6645781	17.4283706	19.40729
16.9995725	17.7787206	19.7974194
16.68696	17.4517781	19.4333569
16.57832	17.3381594	19.3068362
17.0951525	17.8786794	19.9087306
16.4872594	17.242925	19.2007875
16.9788431	17.7570369	19.7732763
16.529085	17.2866656	19.2494962
16.6212194	17.383025	19.356795
16.1440288	16.8839606	18.8010669
16.3362075	17.08495	19.0248744
13.5712956	14.1933137	15.8049063
13.407725	14.0222469	15.6144144
15.2803544	15.9807025	17.7952487
17.1605831	17.9471106	19.9849312
22.2506	23.2704181	25.9126788
29.6901644	31.0509644	34.5766737
44.3623056	46.3955775	51.6636044
74.6208537	78.0409756	86.9022075
1004.40697182433	1010.56742882433	1026.52865682433
711.091411016039	715.857787016039	728.207047016039
65.0078556	67.9873812	75.7070687
40.2113644	42.0543844	46.8294875
28.1375025	29.4271369	32.7684687
20.4720275	21.4103263	23.8413819
16.6641181	17.4278894	19.406755
14.4812125	15.1449356	16.8645806
14.4857769	15.1497094	16.8698956
13.0363044	13.6338025	15.1818644
12.8998494	13.4910925	15.0229519
12.5079569	13.08124	14.56656
12.7333463	13.3169569	14.8290438
13.0778856	13.6772881	15.2302875
12.5263531	13.1004781	14.5879819
13.3843288	13.9977769	15.5871662
13.5574431	14.1788269	15.788775
13.6656756	14.2920188	15.9148181
13.0462875	13.6442425	15.1934906
13.1722325	13.7759606	15.3401631
12.9010181	13.4923156	15.0243119
13.17702	13.7809663	15.3457388
10.0982782	10.561115	11.7602869
10.2913923	10.7630814	11.9851844
11.6010694	12.132785	13.5104119
15.3810256	16.0859894	17.9124894
22.0008375	23.0092094	25.62181
35.7232688	37.3605838	41.6027263
56.0096244	58.5767312	65.2278812
64.24816	67.192865	74.8223394
41.6730731	43.5830875	48.5317706
26.2033725	27.40436	30.5160131
18.0037881	18.8289625	20.9669131
13.3241206	13.9348088	15.5170488
11.1995607	11.712875	13.0428238
10.1069374	10.5701724	11.7703713
9.84776481	10.2991203	11.4685437
9.79430006	10.2432047	11.4062775
9.56797594	10.0065072	11.1427062
10.0170151	10.4761287	11.6656488
9.77475256	10.2227613	11.3835156
9.43971794	9.87237156	10.9933375
9.744237	10.1908473	11.3479756
9.76913337	10.2168855	11.3769706
9.42788856	9.86	10.9795619
9.78108969	10.2293891	11.390895
8.26014812	8.638738	9.61963125
8.83760194	9.24265837	10.292124
9.90455687	10.3585156	11.5346813
11.7003344	12.2365987	13.6260162
16.2844794	17.0308512	18.964635
20.6984637	21.6471419	24.1050875
27.3878856	28.6431619	31.8954756
30.0212581	31.3972281	34.962255
23.1434125	24.2041506	26.9524313
17.6882487	18.4989587	20.59944
13.1055381	13.7062075	15.2624906
10.2991371	10.7711794	11.9942031
9.28353362	9.70902875	10.8114488
8.53308188	8.92418131	9.93748462
8.1883405	8.56363944	9.53600519
7.90835981	8.27082613	9.20994475
7.84031475	8.19966231	9.1307005
7.86232756	8.22268419	9.15633625
7.97504713	8.34057	9.2876075
7.94275856	8.30680156	9.25000488
7.97161175	8.33697694	9.28360656
8.01430862	8.381631	9.33333069
7.94571237	8.30989056	9.25344475
8.15198612	8.52561831	9.49366744
7.33981069	7.6762185	8.54782144
8.04499087	8.41371931	9.36906256
9.17991631	9.600662	10.6907785
11.7203162	12.257495	13.6492856
14.6802425	15.3530856	17.0963662
16.0768425	16.8136962	18.7228244
15.01279	15.700875	17.483645
11.5827095	12.1135819	13.4890287
9.55025975	9.98797938	11.1220739
8.14533919	8.518667	9.48592644
7.36895112	7.70669444	8.58175819
7.13353925	7.46049288	8.30760113
7.00724212	7.32840731	8.16051794
6.90512919	7.22161406	8.04159869
6.82795537	7.14090313	7.95172319
6.85931719	7.1737025	7.98824681
6.973922	7.29355994	8.12171394
7.07618481	7.40050975	8.24080744
6.97664306	7.29640563	8.12488269
7.62753956	7.977135	8.882906
9.29982025	9.72606106	10.8304159
10.9516505	11.4535992	12.7541106
10.1560624	10.6215485	11.8275816
8.48478275	8.87366869	9.88123606
7.40928538	7.74887706	8.62873056
6.80091581	7.11262419	7.92023362
6.51274212	6.81124262	7.58463125
6.4108505	6.70468081	7.46597
6.46824275	6.76470388	7.53280825
6.54785925	6.84796925	7.62552806
6.73988962	7.04880138	7.84916388
7.3834295	7.72183631	8.59861938
7.61656825	7.96566069	8.87012894
7.0874615	7.41230325	8.25394
6.44298363	6.73828713	7.50339194
6.37063675	6.66262406	7.4191375
6.7771225	7.08774056	7.8925245
