#?RADIANCE
genskyvec -m 1
NROWS=146
NCOLS=1
NCOMP=3
FORMAT=ascii

0.849364094	0.888293262	0.989155338
3.37234162	3.52690731	3.92737306
3.080813	3.22201681	3.58786375
2.97108725	3.10726181	3.46007875
2.93877594	3.07346956	3.4224495
3.05946169	3.199687	3.56299819
3.04144125	3.18084031	3.54201194
3.039581	3.17889494	3.53984556
3.07169781	3.212484	3.57724825
3.22470925	3.3725085	3.75544294
2.94064206	3.07542144	3.42462306
3.12815369	3.27152744	3.64299587
2.97960788	3.11617325	3.470002
2.984834	3.12163869	3.47608794
3.06648294	3.20702987	3.571175
3.08770869	3.22922869	3.59589444
3.40077219	3.556641	3.96048281
3.36483713	3.51905887	3.91863337
3.94833369	4.129299	4.59816388
4.55438675	4.76312938	5.30396312
4.95168775	5.17864006	5.76665319
6.08281625	6.36161181	7.08394681
6.63596275	6.94011087	7.72813194
7.73747156	8.09210544	9.01093075
7.67726913	8.02914344	8.94081981
6.151992	6.43395806	7.16450762
5.39630419	5.64363481	6.28444644
4.60034813	4.81119725	5.35748894
4.26850231	4.46414181	4.97102681
3.78395544	3.95738669	4.40673163
3.54699563	3.70956638	4.13077219
3.79050925	3.96424075	4.41436412
3.65967156	3.82740625	4.26199225
3.52233131	3.6837715	4.10204856
3.49018913	3.65015619	4.06461644
3.48095931	3.64050331	4.05386756
3.50734137	3.66809444	4.0845915
3.48814662	3.64802	4.06223788
3.481886	3.64147238	4.05494669
3.49147969	3.65150562	4.06611931
3.53052906	3.69234481	4.11159544
3.50453344	3.66515769	4.0813215
3.50087244	3.66132887	4.07705788
3.49217656	3.65223431	4.06693056
3.55941406	3.72255369	4.1452345
3.67627569	3.84477156	4.28132937
3.8927845	4.0712035	4.533472
4.09801769	4.28584344	4.77248331
4.55326525	4.7619565	5.30265712
5.10124687	5.33505394	5.94082737
5.70982806	5.97152812	6.64957088
6.4195515	6.71378056	7.47610306
7.28361525	7.6174475	8.4823775
7.82298431	8.18153756	9.11051788
7.77168956	8.12789175	9.05078069
7.02426669	7.34621212	8.18034444
6.26059006	6.54753375	7.29097925
5.48032756	5.731509	6.38229838
4.85367887	5.07613875	5.65251375
4.39622975	4.59772344	5.11977613
4.05239131	4.23812588	4.71934763
3.92679225	4.10677006	4.573077
3.79640462	3.97040637	4.42122981
3.68163094	3.85037231	4.28756625
3.61545969	3.78116812	4.21050437
3.61397537	3.77961588	4.20877581
3.61938994	3.7852785	4.21508138
3.62220531	3.78822288	4.21836012
3.61514525	3.78083931	4.21013794
3.62423781	3.79034863	4.22072719
3.62499044	3.79113569	4.22160369
3.67301431	3.84136056	4.27753131
3.8091425	3.98372819	4.43606419
4.051357	4.237044	4.71814319
4.40262813	4.60441519	5.12722763
4.91004181	5.13508512	5.71815294
5.52997294	5.78342994	6.44011463
6.30097419	6.58976856	7.33800975
6.95059419	7.26916275	8.09454656
7.0918095	7.41685063	8.25900381
6.61211687	6.91517206	7.70036144
6.00000544	6.27500544	6.98750663
5.35669144	5.60220644	6.23831406
4.71755881	4.93378013	5.49399063
4.28063513	4.47683094	4.98515663
4.05174144	4.23744594	4.71859044
3.87633931	4.05400481	4.51432038
3.76810731	3.94081212	4.38827506
3.71832187	3.88874481	4.33029606
3.68825819	3.85730331	4.29528412
3.68839875	3.85745013	4.29544781
3.6907235	3.85988156	4.2981555
3.68827256	3.85731838	4.29530106
3.69953869	3.86910075	4.30842131
3.720235	3.89074581	4.332524
3.79391356	3.96780119	4.41832875
3.94123606	4.12187581	4.589898
4.09993475	4.28784838	4.774716
4.43964069	4.64312413	5.17033175
4.84728794	5.06945519	5.64507088
5.2398405	5.47999981	6.10223119
5.72976037	5.99237413	6.67278344
6.10037831	6.37997875	7.10439931
6.28577162	6.57386925	7.32030519
6.06179519	6.33962738	7.05946606
5.66099906	5.92046138	6.59270537
5.12704856	5.36203831	5.97087563
4.678838	4.89328469	5.44889706
4.34649125	4.54570537	5.06185163
4.13803056	4.32769006	4.81908144
3.9245295	4.1044035	4.57044181
3.82148525	3.99663681	4.45043831
3.75954681	3.93185919	4.37830563
3.74509306	3.91674306	4.36147331
3.75069812	3.922605	4.36800075
3.76736837	3.94003938	4.38741469
3.83751875	4.01340487	4.46911069
3.952632	4.133794	4.60316956
4.17972412	4.37129462	4.86763738
4.45264981	4.65672956	5.18548219
4.85743644	5.08006875	5.65688988
5.27193406	5.51356425	6.13960688
5.52458819	5.77779837	6.43384381
5.4302345	5.67912012	6.32396113
5.15918187	5.39564437	6.00829756
4.79146737	5.01107619	5.58006331
4.41426081	4.616581	5.14077494
4.14029706	4.33006044	4.82172112
3.96410681	4.14579488	4.616533
3.84904194	4.02545619	4.48253025
3.81920056	3.99424731	4.44777775
3.865581	4.04275338	4.50179138
3.99698462	4.18017963	4.65482181
4.20457756	4.39728725	4.89658119
4.4834865	4.68897969	5.221394
4.85268637	5.075101	5.65135775
4.94615262	5.17285125	5.7602075
4.80651869	5.0268175	5.59759187
4.43231063	4.635458	5.1617955
4.18717806	4.37909	4.87631775
4.02706281	4.21163644	4.68985056
4.02967094	4.21436413	4.69288775
4.17937288	4.37092731	4.86722819
4.42800694	4.630957	5.15678337
4.45757937	4.66188494	5.19122288
4.18997131	4.38201144	4.87957081
