#?RADIANCE
genskyvec -m 1
NROWS=146
NCOLS=1
NCOMP=3
FORMAT=ascii

21.7230556	22.7186956	25.2983088
35.7372244	37.3751794	41.6189794
36.2787506	37.9415281	42.2496325
36.8376356	38.5260288	42.9005
37.3230831	39.0337219	43.4658406
36.8104244	38.4975694	42.86881
36.3464925	38.0123713	42.3285213
36.3888144	38.0566331	42.3778087
35.047655	36.6540056	40.8159169
34.5898163	36.1751806	40.2827238
36.2368806	37.8977362	42.2008675
35.5846725	37.2156369	41.4413219
36.8350662	38.52334	42.8975075
37.9272531	39.6655856	44.1694519
39.4934238	41.3035387	45.9933856
43.15358	45.1314525	50.2559431
49.295355	51.5547231	57.4085506
53.0943638	55.5278537	61.832815
62.519775	65.3852637	72.809495
70.5664556	73.8007494	82.1805212
70.61617	73.8527425	82.2384181
71.2256469	74.490155	82.9482056
62.0301213	64.8731644	72.2392463
55.9530294	58.5175388	65.1619669
49.5607775	51.8323125	57.7176594
42.8311706	44.7942637	49.8804719
40.2017225	42.0443	46.8182575
37.8457725	39.5803687	44.0745575
36.3452581	38.0110819	42.3270856
35.3963488	37.0186813	41.222
35.19836	36.8116175	40.9914269
26.7070994	27.9311744	31.1026444
25.1594919	26.3126362	29.3003275
27.0185356	28.2568837	31.4653369
26.5467706	27.7634975	30.9159287
26.4986137	27.7131312	30.8598444
25.4393219	26.6052875	29.6262087
26.8664775	28.0978575	31.2882525
27.3547225	28.6084787	31.8568544
26.7696356	27.996575	31.1754719
24.6005819	25.7281088	28.64943
25.9924675	27.1837887	30.2703969
27.0825794	28.3238637	31.5399225
30.1163213	31.4966519	35.0729656
32.943035	34.4529237	38.3649119
36.7650794	38.450145	42.816
44.3776281	46.4116019	51.6814494
53.7972775	56.2629844	62.651415
65.7984275	68.8141888	76.6277569
77.6480925	81.2069606	90.4276806
82.2304381	85.9993319	95.7642087
77.2480175	80.7885494	89.9617569
65.1402081	68.1257994	75.8612037
52.4071444	54.8091363	61.0324887
43.7333744	45.7378181	50.9311594
37.4168519	39.13179	43.5750437
33.6225538	35.1635875	39.1562681
29.4955512	30.8474281	34.3500262
28.0552762	29.3411438	32.6727125
26.5575431	27.7747631	30.9284737
26.5114238	27.7265287	30.8747625
19.2325819	20.1140756	22.397945
18.4714856	19.3180956	21.5115869
18.3754556	19.2176637	21.39975
19.3071675	20.1920788	22.484805
19.2241613	20.1052662	22.3881375
19.330075	20.216035	22.5114844
19.4680144	20.3602981	22.6721269
20.036405	20.9547381	23.3340662
20.1337319	21.0565269	23.4474094
22.4386962	23.4671362	26.1317319
25.231865	26.3883244	29.3846106
32.0445438	33.5132506	37.3185431
42.6684181	44.6240525	49.6909306
59.5104312	62.2379913	69.30486
83.5732769	87.4037219	97.32805
99.1963594	103.742841	115.522419
86.8597713	90.8408431	101.155453
64.6457512	67.6086775	75.2853681
44.3038981	46.3344919	51.5955825
33.6483988	35.1906144	39.1863644
27.06447	28.3049238	31.5188312
23.4454306	24.5200144	27.3041612
20.57259	21.5154994	23.9584975
19.9085437	20.8210187	23.1851594
16.1229181	16.8618856	18.7764825
15.7882587	16.5118869	18.3867438
15.36301	16.0671475	17.8915044
15.4357406	16.1432125	17.9762063
15.6984394	16.4179475	18.28214
15.7337794	16.45491	18.3232981
16.0392406	16.7743706	18.6790337
16.9114906	17.6865987	19.6948394
18.1331462	18.9642475	21.1175588
20.2162819	21.1428606	23.5435475
24.1652225	25.2727944	28.1424169
31.4366688	32.877515	36.6106219
40.9468788	42.8236087	47.686055
65.2334569	68.2233237	75.9698019
102.386032	107.078711	119.237067
3627.18162252482	3633.78235352482	3650.88426652482
117.869444	123.271796	137.268812
75.0156937	78.4539094	87.3620244
47.2233288	49.38773	54.9955037
33.0542506	34.5692363	38.4944319
25.5689388	26.7408494	29.7771619
20.9637263	21.9245625	24.4140081
18.474105	19.3208338	21.514635
17.2751494	18.0669269	20.1183525
15.4381225	16.1457025	17.9789794
14.6007906	15.2699919	17.0038381
14.2490431	14.9021244	16.5942006
14.3281644	14.9848712	16.6863419
14.6946994	15.3682069	17.1132019
15.7918644	16.5156575	18.3909425
17.5061225	18.3084844	20.3873381
21.9235019	22.9283275	25.5317469
28.1892031	29.4812075	32.8286769
43.2577337	45.2403794	50.3772375
65.2744781	68.2662237	76.0175731
3055.35639326599	3060.64687026599	3074.35405726599
2368.52866480877	2373.86803980877	2387.70184780877
59.4907469	62.2174044	69.2819375
37.2720831	38.9803831	43.4064488
25.4392263	26.6051894	29.6260988
19.6484981	20.5490519	22.8823131
16.87893	17.6525469	19.6569225
15.8108531	16.535515	18.4130563
15.0186631	15.7070188	17.4904863
14.8004419	15.4787944	17.2363481
15.6982981	16.417805	18.2819788
18.4078813	19.2515762	21.4375138
25.5800519	26.7524687	29.7901031
38.5274331	40.2932712	44.8684087
54.8059856	57.3179256	63.8261431
63.3803219	66.2852525	73.8116687
40.3606519	42.2105138	47.0033444
24.6579563	25.7881125	28.7162462
18.8732612	19.738285	21.9794869
18.7168581	19.574715	21.7973425
17.8927081	18.71279	20.83755
20.8372156	21.7922544	24.2666769
28.7881456	30.1076025	33.5261969
31.43425	32.8749869	36.607805
25.06073	26.2093438	29.1853081
22.6016237	23.6375306	26.3214769
