#?RADIANCE
genskyvec -m 1
NROWS=146
NCOLS=1
NCOMP=3
FORMAT=ascii

1.46324819	1.53031369	1.70407444
17.4391425	18.238435	20.309335
16.3769769	17.1275869	19.072355
16.1495675	16.889755	18.8075175
16.4685638	17.2233738	19.1790175
17.5064956	18.3088769	20.3877737
17.5754687	18.38101	20.4680981
17.82149	18.6383094	20.7546112
17.8259562	18.6429788	20.7598125
18.6369213	19.4911125	21.7042494
16.9096137	17.6846363	19.6926562
17.6677869	18.4775594	20.5756106
16.51463	17.27155	19.2326644
16.300285	17.0473806	18.98304
16.631245	17.3935106	19.36847
17.0490981	17.8305138	19.8550975
19.7325119	20.6369194	22.9801575
20.6098738	21.5544906	24.0019163
27.0337387	28.2727856	31.4830425
37.0908363	38.7908325	43.1953731
47.3500938	49.5203056	55.1431325
72.9871575	76.3324006	84.9996281
90.4267119	94.5712625	105.309435
185.036170838344	189.753524838344	201.975814838344
76.6765869	80.1909275	89.2962813
49.3236056	51.5842687	57.4414519
36.6227625	38.3013056	42.6502612
27.4756869	28.7349869	31.9977275
23.431505	24.5054463	27.2879394
19.71823	20.6219813	22.9635219
18.185425	19.0189237	21.1784444
16.6609669	17.4245925	19.403085
15.4799613	16.1894587	18.0277056
16.0048781	16.7384344	18.639015
16.01138	16.745235	18.6465875
16.2323956	16.9763825	18.9039794
16.0260263	16.7605513	18.6636438
16.8499044	17.6221919	19.6231194
17.2229312	18.012315	20.05754
16.8777275	17.6512869	19.65552
15.4698975	16.1789344	18.0159869
15.6313162	16.3477513	18.2039719
15.4622031	16.1708869	18.007025
16.0762987	16.8131275	18.72219
16.1807188	16.9223356	18.8437975
16.9014206	17.6760694	19.683115
18.8959612	19.7620275	22.0059225
22.5321394	23.5648606	26.2405569
26.67742	27.9001344	31.0680788
35.6384944	37.2719262	41.5040006
47.1836812	49.346265	54.9493313
67.2626769	70.345545	78.3329987
232.865132589278	237.571641589278	249.765791589278
286.127386774311	290.987448774311	303.579476774311
76.73365	80.2506069	89.3627363
53.7430862	56.2063075	62.5883056
40.0395944	41.8747419	46.6294469
28.8341444	30.1557075	33.5797656
23.1230412	24.1828463	26.92871
19.409355	20.2989512	22.603815
17.7256375	18.5380625	20.6429844
12.0559325	12.6084962	14.0401394
11.1580444	11.6694562	12.9944762
10.9730227	11.4759538	12.7790013
11.7970784	12.3377769	13.7386813
11.8923264	12.43739	13.8496056
12.0629203	12.6158031	14.0482756
12.0148031	12.5654819	13.9922419
12.0058784	12.5561481	13.9818462
11.2103675	11.7241744	13.0554075
11.5720586	12.1024431	13.4766256
11.7026126	12.2389825	13.6286694
12.866	13.45569	14.9835269
14.4533556	15.1158013	16.8321369
17.0085719	17.7881325	19.8079025
23.0034594	24.057785	26.7894456
32.4107031	33.8961913	37.7449656
46.3656813	48.4907719	53.9967038
66.3127688	69.3520994	77.2267456
54.5083875	57.0066863	63.4795619
36.3519163	38.0180437	42.3348356
27.1528956	28.3974025	31.6218125
20.542545	21.4840794	23.9235069
15.1647469	15.8597944	17.6606119
13.4712925	14.0887263	15.6884444
8.70045719	9.09922825	10.1324081
8.36996213	8.7535855	9.74751944
7.91423187	8.2769675	9.21678288
8.05542531	8.42463213	9.38121419
8.33538775	8.71742575	9.7072545
8.26561469	8.64445519	9.6259975
8.1273525	8.49985575	9.46498
8.29222369	8.67228344	9.65698625
8.08869275	8.45942425	9.41995669
8.29552137	8.67573256	9.660826
8.50207494	8.89175331	9.901376
8.837962	9.24303462	10.2925439
9.99561319	10.4537448	11.6407255
12.5230431	13.0970156	14.5841275
15.8280419	16.5534931	18.4330737
18.8512444	19.7152588	21.9538469
24.3498975	25.4659338	28.3574863
28.4673669	29.7721206	33.1526206
28.7386869	30.0558781	33.4686
23.2615631	24.3277181	27.0900312
18.2669988	19.1042356	21.273445
14.0585094	14.7028569	16.3723063
11.2928211	11.8104086	13.1514325
10.1522649	10.6175775	11.8231594
6.64951563	6.95428494	7.74391531
6.20923531	6.49382506	7.23117225
5.8795325	6.14901094	6.84720594
6.03985144	6.31667781	7.03391075
6.06725587	6.345338	7.06582531
5.95666987	6.22968369	6.93703875
6.09170244	6.37090544	7.09429556
6.39014144	6.68302263	7.44185244
6.72432831	7.0325265	7.83104106
7.78223788	8.13892369	9.063065
8.58013381	8.97338988	9.99228137
11.3467024	11.8667582	13.2141804
14.1062362	14.7527725	16.4278894
14.9413794	15.6261906	17.4004813
13.0854569	13.6852075	15.2391056
10.8200278	11.3159466	12.6008256
9.09727388	9.51423244	10.5945346
7.54410394	7.88987512	8.78573787
5.34678431	5.59184525	6.22677612
4.75980312	4.97796062	5.54318794
4.74735013	4.96493706	5.52868544
4.84647538	5.0686055	5.644125
4.80658369	5.02688519	5.5976675
5.15038469	5.38644381	5.99805231
5.92829631	6.20001	6.90399556
6.80326681	7.11508275	7.92297125
8.35875988	8.74186913	9.73447287
8.29956513	8.67996188	9.66553556
7.55327813	7.89947006	8.79642194
5.92222425	6.1936595	6.896924
4.55866494	4.76760362	5.30894531
4.18215063	4.37383225	4.87046312
4.253223	4.44816225	4.95323269
4.75529175	4.97324269	5.53793388
5.2148695	5.45388425	6.07315044
5.29183862	5.53438113	6.16278756
4.36607775	4.5661895	5.08466163
