#?RADIANCE
genskyvec -m 1
NROWS=146
NCOLS=1
NCOMP=3
FORMAT=ascii

20.1759806	21.1007119	23.4966113
27.48212	28.741715	32.00522
26.90309	28.1361462	31.3308906
27.0335894	28.2726281	31.4828688
27.2489869	28.4978988	31.7337175
27.1860963	28.4321231	31.6604756
29.2887787	30.63118	34.1092263
31.9769325	33.4425406	37.2398038
36.0794469	37.7330869	42.0175231
41.1560212	43.0423375	47.9296194
48.4856481	50.7079069	56.4655819
53.8914238	56.361445	62.7610575
55.3351069	57.8712981	64.4423469
52.2705294	54.66626	60.8733894
46.9026512	49.052355	54.6220487
41.1853944	43.0730556	47.9638263
35.7363388	37.3742519	41.6179456
32.9645262	34.4753981	38.3899387
28.9732344	30.3011737	33.7417475
26.597695	27.8167556	30.9752344
27.4077056	28.6638931	31.9185594
26.01793	27.2104175	30.3000506
27.3176613	28.56972	31.8136944
26.7288606	27.9539337	31.1279875
28.9548919	30.2819906	33.7203844
30.6579988	32.0631569	35.7037956
31.6604513	33.111555	36.8712356
32.2494356	33.7275344	37.5571563
30.2234337	31.6086744	35.19771
29.6290287	30.9870231	34.505475
28.02942	29.3141025	32.6425987
17.3809913	18.1776175	20.2416137
15.9492231	16.6802294	18.5742019
17.4051294	18.2028644	20.2697256
17.5537231	18.3582669	20.4427738
19.1879388	20.067385	22.3459538
20.8617538	21.8179156	24.2952506
24.7084088	25.8408756	28.7750006
29.978515	31.3525287	34.9124819
37.1949081	38.899675	43.3165738
45.0392225	47.1035169	52.4519294
53.6672338	56.1269813	62.4999669
57.2294263	59.85244	66.6484388
52.7476569	55.1652562	61.4290475
44.5548956	46.5969944	51.8878919
36.2780806	37.9408237	42.24885
28.6043081	29.9153363	33.3121
25.4970325	26.665645	29.6934188
20.6709588	21.6183775	24.073055
18.4755819	19.3223787	21.5163569
16.7603362	17.5285175	19.5188081
16.4504244	17.2044013	19.1578912
16.7161031	17.4822562	19.467295
15.9015525	16.6303713	18.5186831
17.8048388	18.6208937	20.7352212
18.5121319	19.3606025	21.5589206
19.126345	20.0029681	22.2742219
18.1238806	18.9545588	21.1067713
18.4106075	19.254425	21.4406875
17.5459856	18.3501756	20.4337625
17.5080987	18.3105537	20.3896437
11.8136938	12.3551531	13.7580313
11.6888869	12.2246269	13.6126825
12.4824144	13.0545256	14.5368119
14.663175	15.3352356	17.0764881
17.5551369	18.3597463	20.4444213
22.760175	23.8033494	26.5061206
31.4055756	32.8449963	36.5744119
45.90368	48.0075969	53.4586631
63.545865	66.4583831	74.00446
69.978185	73.1855169	81.4954325
56.8885587	59.4959469	66.2514694
36.7761081	38.4616769	42.8288431
25.6728644	26.8495369	29.8981919
19.4200331	20.3101188	22.6162488
15.6631813	16.3810762	18.2410813
13.6756181	14.3024169	15.9263969
12.19308	12.7519269	14.1998569
12.288955	12.8521988	14.3115125
11.8417588	12.3845069	13.7907175
11.4411469	11.9655344	13.3241706
12.0137819	12.5644137	13.9910512
12.1117513	12.6668738	14.1051444
11.5054056	12.0327356	13.3990031
11.8617487	12.4054131	13.813995
9.80556319	10.2549842	11.419395
10.398201	10.8747856	12.1095738
11.4818337	12.0080838	13.3715525
13.0215406	13.6183619	15.1646719
16.8572269	17.6298481	19.6316456
20.9635756	21.9244056	24.4138325
32.6574887	34.1542906	38.0323694
53.012485	55.4422219	61.7374587
2683.24291347157	2687.40510727157	2698.18899837157
4004.69464588384	4009.47552788384	4021.86236788384
65.9129544	68.9339625	76.7611288
38.7672575	40.5440888	45.1477056
27.2528844	28.5019731	31.7382556
18.5755719	19.4269494	21.6328012
14.5034931	15.168235	16.8905263
12.3394612	12.9050188	14.3703312
10.8600025	11.3577531	12.6473781
10.0982245	10.5610594	11.7602237
9.75825044	10.2055031	11.3642963
9.54714569	9.98472231	11.1184469
9.53487438	9.97188869	11.1041562
9.58508094	10.0243967	11.1626256
9.48877931	9.92368088	11.050475
9.67720544	10.1207443	11.2699131
9.34929181	9.777801	10.8880294
10.4479915	10.9268581	12.1675581
12.4671356	13.0385463	14.5190194
16.4693963	17.2242419	19.1799837
23.5757125	24.6562656	27.4558831
43.9812588	45.9970656	51.2198437
72.8461869	76.1849687	84.8354587
2709.0017092422	2712.3475192422	2721.0162167422
44.4353356	46.4719544	51.748655
25.6209269	26.7952188	29.8377062
17.6926	18.5035112	20.60451
13.2060031	13.8112756	15.3794894
10.7779875	11.2719788	12.5518662
9.44433663	9.87720131	10.9987181
8.91456094	9.32314463	10.3817506
8.65167019	9.04820487	10.07559
8.66866519	9.065979	10.0953842
8.863597	9.26984519	10.3223969
10.0152974	10.4743304	11.6636481
12.2396994	12.8006856	14.2541487
17.2289119	18.0185694	20.0645044
28.4749856	29.78009	33.161495
38.4013419	40.1614025	44.7215669
34.650465	36.23861	40.3533569
22.7361656	23.7782388	26.4781594
15.5555538	16.2685156	18.1157419
11.3607906	11.8814913	13.2305887
9.76554988	10.2131379	11.3727975
8.92454337	9.33358444	10.3933744
9.27745881	9.70267487	10.804375
11.7480219	12.2864725	13.6815512
15.6301131	16.3464944	18.2025725
20.7622894	21.7138919	24.179415
19.3703831	20.2581906	22.5584269
12.7943819	13.3807887	14.9001231
10.8424157	11.3393606	12.6268975
14.4795069	15.1431506	16.8625931
