#?RADIANCE
genskyvec -m 1
NROWS=146
NCOLS=1
NCOMP=3
FORMAT=ascii

7.46695706	7.80919212	8.69589394
25.2542031	26.4116856	29.410625
25.1811819	26.3353188	29.3255863
26.178775	27.3786344	30.4873663
28.5693437	29.8787706	33.2713825
33.5340325	35.0710075	39.0531775
41.72959	43.6421944	48.5975881
53.3583706	55.8039613	62.1402731
76.4087619	79.9108294	88.9843775
106.415861	111.293243	123.930144
108.16987	113.127648	125.972826
110.257086	115.310536	128.40356
76.7848288	80.3041319	89.4223356
55.2996331	57.8341969	64.4010344
42.2816681	44.2195781	49.2405281
33.6666881	35.2097425	39.2076656
29.26229	30.6034781	34.0783756
26.3984806	27.6084094	30.7432312
25.297375	26.4568362	29.4609019
24.8957925	26.0368488	28.9932275
26.08426	27.2797869	30.3772944
27.1200913	28.3630944	31.5836069
27.7105275	28.9805919	32.2712194
28.0309331	29.3156844	32.64436
29.69709	31.0582056	34.5847381
29.2290644	30.5687288	34.0396825
29.9064587	31.27717	34.8285644
28.7938969	30.113615	33.5328913
27.7911719	29.064935	32.3651375
26.2655113	27.4693456	30.5883781
25.3597056	26.5220256	29.5334919
19.0400969	19.9127669	22.1737781
18.23374	19.0694525	21.23471
20.7303713	21.6805113	24.142245
22.758305	23.8013931	26.5039419
28.235145	29.529255	32.8821806
35.4683319	37.0939638	41.3058312
49.0471819	51.2951744	57.1195319
73.9587794	77.3485563	86.1311694
115.830733	121.139645	134.894563
1272.21989429785	1279.30116329785	1297.64808829785
122.290098	127.89506	142.417012
79.2457731	82.8778675	92.2883156
54.184245	56.6676869	63.1020694
37.4717119	39.1891656	43.638935
28.645875	29.9588075	33.36051
23.0189906	24.0740275	26.8075331
22.0265331	23.0360831	25.6517356
18.8540881	19.7182331	21.9571587
18.3968162	19.2400044	21.4246275
17.8099038	18.6261881	20.7411169
18.5344712	19.3839694	21.5849387
19.66512	20.5664387	22.9016738
19.0205831	19.8923619	22.1510556
21.1695981	22.1398694	24.6537612
21.7138619	22.7090806	25.2876012
21.9120213	22.9163219	25.5183756
20.3117844	21.24274	23.6547656
20.0998706	21.0211131	23.4079744
18.9900331	19.86041	22.1154775
18.9389181	19.8069519	22.0559519
13.008085	13.6042894	15.1490006
13.1042481	13.7048594	15.26099
14.812405	15.4913044	17.2502794
19.6218106	20.5211444	22.8512356
27.4224094	28.6792687	31.9356819
44.1312787	46.1539631	51.3945581
77.3273481	80.8715119	90.0541406
2144.05094843841	2150.44958943841	2167.02789943841
1049.77683396926	1054.55678796926	1066.94123796926
57.1004419	59.7175412	66.4982237
35.2587944	36.8748206	41.0618044
22.9062494	23.95612	26.6762387
17.246395	18.0368544	20.084865
14.2977738	14.9530875	16.65095
13.2566744	13.8642706	15.4385025
12.994515	13.5900975	15.1331969
12.6943094	13.27613	14.7835806
13.7524862	14.3828075	16.0159163
13.54599	14.1668487	15.7754375
12.9749813	13.5696681	15.1104475
13.5933212	14.2163475	15.830555
13.4861906	14.1043063	15.7057931
12.49881	13.07167	14.5559063
12.8534737	13.4425919	14.9689425
9.96186388	10.4184494	11.6014219
10.7965714	11.2914138	12.5735081
12.3263306	12.8912875	14.35504
14.8786175	15.5605544	17.3273925
21.5621137	22.550375	25.1108787
28.85112	30.1734613	33.5995331
46.4238025	48.5515594	54.0643887
63.4919756	66.4020231	73.9417006
52.723305	55.1397894	61.4006862
37.2186513	38.9245056	43.3442244
24.4050263	25.5235888	28.4216875
16.8195112	17.5904044	19.5877225
13.900635	14.537745	16.1884475
11.5889081	12.1200675	13.4962494
10.4742809	10.9543523	12.1981731
9.77283931	10.2207614	11.3812869
9.57186862	10.0105783	11.1472394
9.63895206	10.0807366	11.2253631
9.93116981	10.3863486	11.5656756
9.91344831	10.3678145	11.5450369
9.96169256	10.41827	11.6012206
9.953769	10.4099839	11.591995
9.690886	10.1350506	11.2858437
9.92314344	10.3779543	11.5563288
8.49447425	8.883804	9.8925225
9.62892019	10.0702465	11.2136806
11.5261025	12.0543825	13.4231087
15.8878363	16.6160281	18.50271
22.18899	23.2059838	25.8409288
28.9603556	30.2877044	33.7267494
28.9549831	30.282085	33.7204925
20.7765306	21.7287862	24.1960012
15.3886388	16.0939537	17.9213531
11.5461337	12.0753312	13.4464362
9.46697925	9.90088206	11.0250875
8.60671781	9.001192	10.0232406
8.15988194	8.53387638	9.50286325
7.91691325	8.27977137	9.21990562
7.77109375	8.12726869	9.05008706
7.80720825	8.16503825	9.092145
7.969916	8.3352035	9.28163188
8.08933931	8.4601005	9.42071012
8.01441519	8.38174212	9.33345475
9.27450613	9.69958769	10.8009363
12.5403019	13.1150656	14.6042288
16.8310925	17.6025181	19.6012112
16.1654306	16.9063456	18.8259913
12.6356494	13.2147819	14.7152675
9.92077388	10.3754753	11.5535675
8.28769375	8.66754594	9.65171
7.410128	7.74975856	8.62971194
7.10677956	7.43250662	8.27643731
7.13400512	7.46098	8.30814369
7.27924975	7.61288163	8.47729331
7.840676	8.20004006	9.13112087
9.28891944	9.714661	10.8177223
10.139611	10.6043428	11.8084219
9.09156369	9.50826019	10.5878842
7.44686469	7.78817919	8.67249494
7.14831388	7.47594462	8.32480781
8.16826575	8.54264425	9.51262638
