#?RADIANCE
genskyvec -m 1
NROWS=146
NCOLS=1
NCOMP=3
FORMAT=ascii

21.5007431	22.4861944	25.0394094
36.7239037	38.4070825	42.7680487
36.9200419	38.6122075	42.9964675
37.1510256	38.8537788	43.2654694
37.373065	39.0859969	43.5240525
36.9111106	38.6028694	42.9860675
36.3727006	38.0397806	42.3590444
36.48883	38.1612356	42.4942863
35.5978756	37.2294444	41.456695
35.7824831	37.4225119	41.671685
37.27042	38.9786462	43.4045119
37.7921312	39.5242681	44.0120869
39.3774656	41.1822638	45.8583419
41.28002	43.1720213	48.0740244
43.7324463	45.73685	50.9300825
47.3217706	49.4906806	55.1101469
53.46359	55.9140031	62.2628081
54.4134231	56.9073706	63.3689694
60.5810325	63.3576625	70.5516638
61.6670588	64.4934631	71.8164313
58.346955	61.0211888	67.9498956
56.3534231	58.936285	65.6282594
49.9887244	52.2798737	58.2160388
46.2517281	48.3716	53.8639956
43.1417138	45.1190412	50.2421225
39.4569631	41.2654062	45.9509244
38.5963444	40.3653438	44.9486619
37.3558037	39.0679425	43.5039475
36.7806931	38.466475	42.8341844
36.16969	37.8274644	42.12262
36.215995	37.8758931	42.1765469
28.6106081	29.9219256	33.3194375
27.1061269	28.3484913	31.567345
28.7670862	30.0855756	33.50167
28.2338581	29.5279075	32.8806813
28.131045	29.4203838	32.7609475
27.2100787	28.4572081	31.6884063
28.599795	29.9106181	33.3068456
29.2914781	30.6340025	34.1123688
29.2354013	30.5753569	34.0470637
27.8969719	29.1755819	32.4883494
29.9657069	31.3391338	34.8975644
32.0281531	33.4961094	37.2994556
36.0304406	37.6818363	41.9604544
40.3959369	42.2474169	47.0444369
45.5328594	47.6197812	53.0268125
53.7264081	56.1888669	62.5688838
60.443355	63.2136731	70.391325
67.5937531	70.6917994	78.7185619
68.5445319	71.686155	79.8258244
64.76951	67.7381112	75.4294963
57.4765881	60.1109294	66.9362781
49.1876606	51.4420938	57.2831319
41.5653838	43.4704625	48.4063575
37.4884137	39.2066306	43.6583825
34.2784144	35.8495069	39.9200719
32.3883319	33.8727937	37.7189112
29.7858219	31.1510056	34.6880725
29.1918687	30.5298281	33.9963656
28.1906688	29.4827387	32.8303825
28.3668288	29.6669738	33.0355369
21.4242506	22.4061944	24.9503256
20.7382019	21.6887025	24.151365
20.6716994	21.6191537	24.0739188
21.5716338	22.5603331	25.121965
21.6126288	22.6032069	25.1697075
21.9737125	22.9808388	25.5902212
22.5610744	23.5951212	26.2742519
23.8353469	24.9278	27.7582506
24.9875431	26.1328044	29.1000763
28.9002425	30.2248375	33.6567431
33.96544	35.5221875	39.5555844
44.3605344	46.393725	51.6615431
58.4967287	61.1778281	68.1243181
74.7749706	78.2021513	87.0816869
83.4057737	87.2285344	97.1329837
76.8902225	80.4143562	89.5450794
59.9556344	62.7035975	69.823335
47.0381419	49.1940563	54.77984
35.9831788	37.632405	41.9054106
30.01578	31.3915037	34.9558787
26.29703	27.5023112	30.6250863
24.1385925	25.2449419	28.1114019
22.1724862	23.1887256	25.8217106
21.9003994	22.9041669	25.5048419
18.5381563	19.3878225	21.5892319
18.3109481	19.1501981	21.324625
18.0269006	18.8531337	20.9938306
18.1775806	19.0107169	21.1693088
18.6532988	19.5082394	21.7233213
18.9617012	19.8307781	22.0824819
19.9375281	20.8513306	23.2189138
21.6885694	22.6826281	25.2581475
24.4990462	25.6219188	28.5311819
28.6060744	29.9171831	33.3141575
36.5321169	38.2065044	42.5446963
51.1515319	53.4959756	59.5702256
67.17849	70.2575019	78.2349512
98.5331269	103.049225	114.750035
119.371288	124.842456	139.017812
110.251974	115.305188	128.397606
78.1467306	81.7284544	91.0083844
54.5729888	57.0742475	63.554795
38.5402687	40.3066987	44.8833563
29.9475819	31.3201775	34.8764563
25.1333244	26.2852675	29.2698531
22.0488269	23.0593987	25.6776988
20.2831088	21.21275	23.62137
19.40737	20.2968744	22.6015006
18.2818463	19.1197644	21.290735
17.6379988	18.4464056	20.5409206
17.5773912	18.3830231	20.47034
17.9416719	18.7639969	20.8945719
18.8936813	19.7596412	22.0032675
21.5548575	22.5427863	25.1024275
25.2600037	26.4177538	29.4173812
34.7844	36.3786838	40.5093331
48.4985138	50.7213613	56.4805644
80.7289988	84.4290744	94.0156475
2443.26159359481	2449.14915659481	2464.40332459481
3431.17282062714	3438.31621462714	3456.82415162714
92.6763281	96.9239975	107.929304
52.142445	54.5323069	60.7242263
35.8423225	37.4850944	41.7413731
26.4691662	27.6823356	30.8255506
21.6664094	22.6594537	25.2323425
19.447745	20.3391019	22.6485219
19.5163219	20.4108194	22.7283831
19.322495	20.20811	22.5026587
19.6777369	20.5796325	22.9163656
21.9417506	22.9474137	25.5529988
28.0283225	29.3129519	32.6413181
43.8698206	45.8805206	51.090065
72.2603819	75.5723131	84.1532456
1529.66528441715	1534.13533901715	1545.71688401715
78.180065	81.7633119	91.047215
45.0105625	47.0735444	52.4185531
27.7703006	29.0431037	32.34083
22.6781969	23.7176137	26.4106519
24.7428969	25.8769456	28.8151656
25.1632481	26.3165612	29.3046981
31.8552675	33.3152994	37.0981156
47.2112794	49.3751306	54.9814725
44.7203669	46.7700488	52.0805944
32.481305	33.9700313	37.8271894
32.660405	34.1573406	38.0357656
