#?RADIANCE
genskyvec -m 1
NROWS=146
NCOLS=1
NCOMP=3
FORMAT=ascii

26.3280344	27.5347338	30.6611906
34.6274362	36.2145256	40.3265362
36.0548631	37.707375	41.9888931
36.9973944	38.6931087	43.0865525
37.1809094	38.8850338	43.30027
35.1103762	36.7196006	40.8889619
34.2972106	35.8691656	39.9419631
33.7411944	35.2876662	39.2944344
31.9299375	33.3933912	37.1850738
30.5723794	31.9736125	35.6040856
34.3983994	35.9749919	40.0598056
33.2292494	34.7522563	38.6982344
36.5197956	38.1936188	42.5303469
38.7811394	40.5586075	45.1638706
41.0561588	42.9378981	47.8133213
45.4933075	47.5784162	52.9807519
49.9934781	52.2848444	58.2215744
52.41423	54.816545	61.04074
54.7632269	57.2732075	63.7763444
53.9679712	56.4414988	62.8502031
51.9773675	54.3596619	60.5319806
47.7536775	49.9423869	55.6131381
43.4995269	45.4932525	50.6588269
39.1188875	40.9118344	45.5572056
37.0614831	38.7601338	43.1611869
35.0522944	36.6588581	40.8213206
34.2184344	35.7867769	39.8502181
34.2347212	35.8038112	39.8691869
32.9245581	34.4335994	38.3433944
33.4383131	34.9709019	38.9417038
33.6750956	35.218535	39.2174575
22.38703	23.413105	26.0715656
20.9432338	21.9031319	24.3901425
22.899555	23.9491162	26.6684419
22.2038669	23.2215444	25.8582544
21.96032	22.9668325	25.5746231
20.7892031	21.7420406	24.2107606
22.0570369	23.0679837	25.6872588
22.5499587	23.5834975	26.2613075
22.3818175	23.4076525	26.0654938
21.250335	22.2243081	24.7477875
23.4346112	24.5086975	27.2915594
25.6754663	26.8522562	29.9012213
29.74287	31.1060862	34.638055
34.0347606	35.594685	39.6363187
38.5547819	40.3218756	44.9002594
45.0834588	47.1497806	52.5034469
50.1276281	52.4251437	58.3778031
53.4935825	55.9453706	62.2977362
52.01238	54.3962775	60.5727538
47.5165775	49.6944188	55.337015
41.8251012	43.742085	48.70882
35.9642869	37.6126506	41.88341
30.1586994	31.5409731	35.1223212
27.7113581	28.9814606	32.2721856
25.3685606	26.531285	29.5438025
24.0833456	25.1871644	28.047065
22.0501206	23.0607494	25.6792025
21.9305469	22.9356956	25.53995
21.30681	22.2833719	24.813555
21.785295	22.7837881	25.3707925
15.3379719	16.0409619	17.8623475
14.8140819	15.49306	17.2522325
14.8104263	15.4892375	17.2479769
15.6028519	16.3179819	18.1708219
15.6047	16.3199125	18.1729731
15.9280819	16.6581175	18.5495775
16.5734944	17.3331131	19.3012162
17.9528256	18.7756637	20.9075644
19.4135587	20.3033444	22.6087075
23.3332175	24.402655	27.1734769
28.2570256	29.5521375	32.9076644
37.6068269	39.3304706	43.7962844
49.1820131	51.4361881	57.276555
60.2503694	63.0118431	70.1665812
62.1076069	64.9542038	72.3294894
53.8700875	56.3391312	62.7362081
40.9443238	42.8209388	47.6830781
32.5654881	34.0580713	37.9252263
25.1972863	26.3521613	29.3443394
21.1262406	22.0945269	24.6032706
18.6035569	19.4562194	21.6653919
17.0701731	17.8525556	19.8796413
15.6562806	16.37386	18.233045
15.5853531	16.29968	18.1504444
13.0198437	13.61659	15.1626956
12.8833013	13.4737862	15.0036794
12.7291781	13.3125981	14.82419
12.8867525	13.477395	15.0076988
13.3711675	13.9840119	15.5718387
13.7517069	14.3819937	16.0150113
14.8761094	15.5579306	17.32447
16.6946425	17.4598131	19.4423031
19.6400044	20.5401706	22.8724225
23.7109037	24.7976519	27.6133244
31.4338119	32.8745281	36.6072969
45.6867212	47.780695	53.2059969
60.3263381	63.0912944	70.2550537
83.8286844	87.6708225	97.6254944
89.4551731	93.5551906	104.178009
75.3175994	78.76965	87.7136244
52.1162431	54.5049019	60.6937081
36.7347506	38.4184262	42.78068
26.4809362	27.6946456	30.8392581
20.9109594	21.8693775	24.3525562
17.6779863	18.4882269	20.5874894
15.5187425	16.2300175	18.0728694
14.2595225	14.9130831	16.6064038
13.6131206	14.2370537	15.8536144
13.0578075	13.6562906	15.2069069
12.6294538	13.2083038	14.7080531
12.7286119	13.3120094	14.8235331
13.1629487	13.76625	15.32935
14.2000412	14.850875	16.5371325
16.9911731	17.7699363	19.7876381
20.7065631	21.6556138	24.11452
30.1837444	31.567165	35.1514869
44.1052137	46.1267019	51.3641994
77.8000131	81.3658431	90.6046038
5034.49424708115	5040.36873508115	5055.58904708115
2823.96467283703	2829.16569983703	2842.64110283703
63.0956725	65.987555	73.4801725
35.9373644	37.5844912	41.8520575
25.1677688	26.3212906	29.3099638
18.8232531	19.6859856	21.9212475
15.4587087	16.1672331	18.0029575
13.8804088	14.5165931	16.1648919
14.3370419	14.9941556	16.6966819
14.4559075	15.1184694	16.8351094
15.0234975	15.7120738	17.4961156
17.3711575	18.167335	20.2301613
23.3538219	24.4242025	27.1974719
39.1707906	40.9661163	45.6176525
68.78315	71.9357087	80.1037081
2241.37645927906	2245.44306057906	2255.97923217906
58.7006994	61.3911456	68.3618587
32.7891	34.2919337	38.1856425
20.1593456	21.0833138	23.4772387
16.6671106	17.4310181	19.4102412
18.9267262	19.7942	22.0417525
19.8404737	20.7498281	23.1058863
26.3060725	27.5117669	30.6356163
40.5795419	42.4394375	47.2582612
35.5699456	37.2002338	41.4241681
24.7645863	25.89963	28.8404263
26.1049537	27.3014319	30.4013969
