#?RADIANCE
genskyvec -m 1
NROWS=146
NCOLS=1
NCOMP=3
FORMAT=ascii

12.0350563	12.5866631	14.0158281
29.8067206	31.1728612	34.7124125
29.5811856	30.9369881	34.4497575
30.2753512	31.66297	35.25817
31.9564437	33.4211125	37.2159425
35.2361981	36.8511875	41.03549
40.7838456	42.6531037	47.4961881
48.5115031	50.734945	56.49569
62.5732481	65.4411869	72.8717669
81.1940019	84.9153906	94.5571844
87.9462069	91.9770675	102.420691
99.1506287	103.695041	115.469165
81.8378675	85.58877	95.3070231
65.3289231	68.323165	76.0809794
52.4104744	54.81262	61.0363694
42.3521156	44.29325	49.32257
36.6246006	38.3032262	42.6524012
32.9027869	34.4108281	38.3180375
30.7325463	32.14112	35.7906131
29.409385	30.7573169	34.2496838
30.3415	31.7321531	35.3352087
30.6033913	32.006045	35.6402006
31.1132675	32.5392912	36.233995
31.0432444	32.4660575	36.1524462
32.8419456	34.3472006	38.2471844
32.7605844	34.2621094	38.1524325
33.707985	35.2529331	39.2557606
33.0281731	34.5419631	38.4640606
32.0311825	33.4992781	37.302985
30.7688194	32.179055	35.832855
29.8752869	31.24457	34.7922631
21.7543138	22.7513869	25.3347119
20.6064944	21.5509581	23.9979819
23.038195	24.0941106	26.8298994
24.4108156	25.5296444	28.4284306
28.5843581	29.8944744	33.2888694
33.711	35.2560869	39.25927
43.48296	45.4759263	50.6395325
59.598465	62.3300581	69.4073831
84.2977544	88.1613981	98.171765
110.479318	115.542944	128.662369
115.212681	120.493269	134.174781
93.2448988	97.5186212	108.591464
68.5573038	71.6995125	79.8406975
48.8453319	51.0840731	56.8844625
37.2464825	38.9536106	43.3766356
29.2403319	30.5805094	34.0528031
27.2195481	28.4671094	31.6994344
22.7333763	23.7753206	26.4749113
21.5228675	22.5093313	25.0651744
20.3401319	21.2723875	23.6877806
20.6981519	21.6468187	24.1047262
21.5525319	22.5403544	25.09972
20.6280062	21.573455	24.0230325
22.8750625	23.9235031	26.6399187
23.5160587	24.5938775	27.3864119
23.9055631	25.0012331	27.84002
22.4217188	23.4493781	26.1119606
22.5005663	23.5318438	26.2037881
21.4968837	22.4821556	25.0349131
21.6012388	22.5912944	25.1564438
14.7928781	15.4708837	17.22754
14.7895587	15.4674131	17.2236756
16.3254919	17.0737437	19.0123969
20.617085	21.5620344	24.0103156
27.1348325	28.3785113	31.600775
40.5039288	42.3603587	47.1702031
65.8051056	68.8211713	76.6355325
113.037889	118.218789	131.642055
2258.86781466979	2265.33987066979	2282.10839566979
85.4269969	89.3424006	99.4868587
51.6946569	54.0639963	60.20274
31.7678588	33.223885	36.9963206
22.79124	23.8358394	26.5423006
18.1425881	18.9741244	21.1285581
16.070715	16.8072881	18.7156875
15.1822463	15.8780987	17.68099
14.3702913	15.02893	16.7354044
15.2187831	15.91631	17.72354
14.834515	15.5144281	17.2760294
14.2314381	14.8837125	16.5736969
14.9584363	15.6440294	17.4203462
14.9858181	15.6726669	17.4522344
14.100395	14.7466637	16.4210862
14.6154944	15.28537	17.0209625
11.4721794	11.9979894	13.36031
12.3476944	12.9136306	14.3799187
13.8976456	14.5346212	16.1849669
16.4449113	17.1986344	19.1514706
23.1848625	24.2475031	27.0007069
30.7807175	32.1914994	35.8467125
52.347395	54.7466488	60.9629063
1684.99040040706	1688.87557230706	1698.94170550706
2388.11445403096	2392.44230653096	2403.65536703096
64.3646794	67.314725	74.9580375
39.1049594	40.8972694	45.5409863
24.98294	26.1279919	29.0947169
19.4748475	20.367445	22.6800831
15.1785344	15.8742169	17.6766706
13.0881213	13.6879944	15.2422094
11.8480913	12.3911306	13.7980937
11.2350006	11.7499375	13.084095
11.0539269	11.5605638	12.8732187
11.1888362	11.7016581	13.0303325
11.1206397	11.630335	12.9509125
11.1909875	11.7039075	13.0328381
11.2642951	11.7805756	13.1182131
11.0754694	11.583095	12.8983087
11.3877231	11.9096588	13.2619519
9.9955205	10.4536487	11.6406175
11.3047525	11.8228869	13.1653263
13.5882981	14.2110969	15.8247081
18.8385938	19.7020288	21.9391156
27.5100944	28.7709737	32.0377988
42.7141056	44.6718369	49.7441394
48.6115106	50.8395387	56.6121588
34.6058087	36.1919088	40.3013506
23.9340612	25.0310369	27.8732081
16.4593056	17.2136906	19.1682338
12.7332025	13.3168063	14.8288763
10.9207056	11.4212369	12.7180725
9.91769425	10.3722555	11.5499831
9.3500475	9.77859075	10.88891
9.09285713	9.50961275	10.5893913
9.08896475	9.50554175	10.5848569
9.28469238	9.71024081	10.8127981
9.48577544	9.92053962	11.0469775
9.72052862	10.1660528	11.3203662
11.5143569	12.0420963	13.4094281
16.1223181	16.8612581	18.775785
23.7971081	24.8878081	27.7137175
24.7741844	25.9096656	28.8516031
19.2721469	20.1554531	22.4440219
14.1438094	14.7920669	16.4716463
11.086798	11.5949444	12.9115013
9.34006431	9.76815019	10.8772844
8.70109831	9.09989844	10.1331543
8.55950306	8.95181338	9.9682555
8.81849156	9.22267225	10.2698694
9.96831063	10.4251927	11.6089294
12.3590475	12.9255025	14.3931413
14.2837994	14.9384731	16.6346756
12.7335187	13.31714	14.8292456
9.7258725	10.1716401	11.32659
9.03182562	9.445784	10.5183141
10.8753685	11.3738219	12.6652725
