#?RADIANCE
genskyvec -m 1
NROWS=146
NCOLS=1
NCOMP=3
FORMAT=ascii

11.66061	12.1950544	13.5797531
29.5729044	30.9283288	34.4401125
29.3439906	30.6889219	34.1735238
30.0665419	31.4445912	35.0149969
31.8569056	33.3170119	37.1000219
35.4519544	37.076835	41.28676
41.4134244	43.3115369	48.2293856
49.7040294	51.9821288	57.8844856
65.0675519	68.0498125	75.7765894
85.3345431	89.2457081	99.3791919
91.4882644	95.6814681	106.545691
102.562813	107.263602	119.44295
82.6852794	86.4750194	96.2939081
65.0364838	68.01732	75.7404094
51.8068225	54.1812994	60.3333656
41.6714931	43.5814356	48.5299294
36.06545	37.7184475	42.0012244
32.3396131	33.821845	37.6621775
30.3568875	31.7482444	35.3531281
29.15238	30.4885294	33.950375
30.077255	31.4557963	35.0274738
30.5035763	31.9016544	35.5239587
31.0056275	32.4267175	36.1086369
31.0409694	32.4636781	36.149795
32.8136556	34.3176137	38.2142369
32.6587775	34.1556369	38.03387
33.5806713	35.1197838	39.1074906
32.8197237	34.3239594	38.221305
31.8655169	33.3260181	37.1100519
30.5457925	31.9458056	35.5731212
29.6569769	31.0162537	34.5380238
21.954535	22.9607825	25.5678863
20.8774144	21.8342962	24.3134906
23.3289619	24.3982062	27.1685225
24.8555669	25.9947794	28.9463794
29.3409912	30.6857856	34.1700306
34.96188	36.5643012	40.7160269
45.4124081	47.4938087	52.8865362
62.9766562	65.8630819	73.3415656
90.2594512	94.3963394	105.114661
119.372769	124.844013	139.01955
121.319281	126.87975	141.286419
95.0592662	99.4161438	110.704444
68.7267831	71.8767575	80.0380706
48.6090062	50.8369156	56.6092406
37.038535	38.7361338	43.1344613
29.1391331	30.4746756	33.9349494
27.1357919	28.3795144	31.6018919
22.7894681	23.8339838	26.5402369
21.6503519	22.64266	25.21364
20.5480269	21.48981	23.92989
20.95427	21.9146737	24.402995
21.8551494	22.8568425	25.4521425
20.9928525	21.9550225	24.4479275
23.2297869	24.2944844	27.0530244
23.869845	24.9638806	27.7984275
24.2348175	25.3455781	28.2234656
22.73877	23.7809625	26.4811944
22.7662819	23.8097369	26.5132338
21.74155	22.7380363	25.3198469
21.8153087	22.8151781	25.4057481
15.1711813	15.8665275	17.6681069
15.2134181	15.9107	17.7172938
16.8517219	17.6240919	19.6252363
21.3727262	22.3523081	24.8903231
28.3930106	29.6943544	33.0660263
42.8833806	44.8488675	49.9412725
70.6272638	73.864345	82.2513406
1601.42276018249	1607.06686718249	1621.69027918249
2297.72163089237	2304.51236789237	2322.10653689237
85.1857519	89.0901069	99.2059144
51.3675312	53.7218763	59.821775
31.6885356	33.1409238	36.9039413
22.8696619	23.9178544	26.6336275
18.3210038	19.1607156	21.3363375
16.310385	17.0579444	18.9948037
15.4745112	16.1837594	18.0213587
14.7246662	15.3995456	17.1480994
15.6057838	16.3210506	18.1742369
15.2584075	15.9577506	17.7696881
14.6667	15.3389244	17.0805969
15.3853	16.09046	17.9174656
15.3941294	16.0996919	17.9277469
14.4893913	15.1534887	16.8741044
14.9825106	15.6692088	17.4483831
11.9120306	12.4579975	13.8725519
12.8312062	13.4193037	14.9430081
14.4944462	15.1587756	16.8799925
17.1948869	17.982985	20.0248781
24.3558412	25.47215	28.3644087
32.4472744	33.9344431	37.7875587
55.16161	57.6898463	64.2402944
87.8351888	91.86097	102.291399
2022.83875016241	2027.08692636241	2038.09355926241
63.1167931	66.0096444	73.5047706
38.7365937	40.51202	45.1119931
25.0218056	26.1686381	29.1399813
19.6423363	20.5426087	22.8751394
15.43467	16.14209	17.9749575
13.3919794	14.0057756	15.5960762
12.1882662	12.7468956	14.1942544
11.608015	12.1400475	13.5185019
11.45317	11.9781056	13.3381712
11.6106787	12.1428325	13.5216025
11.5530812	12.0825969	13.4545263
11.6240094	12.1567769	13.5371288
11.6887169	12.2244494	13.612485
11.493615	12.0204038	13.3852731
11.8025469	12.3434981	13.7450506
10.4663906	10.9461006	12.188985
11.8449938	12.3878881	13.7944813
14.2564988	14.9099187	16.60288
19.7581869	20.6637694	23.0100569
28.7377169	30.0548619	33.4674681
43.6177138	45.6168569	50.796465
48.4678719	50.6893156	56.4448813
34.3999537	35.9766175	40.0616156
24.0253162	25.1264756	27.9794831
16.7201881	17.48653	19.4720531
13.0694244	13.66844	15.2204356
11.2825006	11.7996163	13.1394119
10.3029149	10.7751312	11.9986031
9.76017169	10.2075123	11.3665344
9.51625781	9.95241919	11.0824762
9.51920569	9.95550281	11.0859094
9.71823488	10.1636543	11.3176969
9.92781338	10.3828383	11.5617669
10.2202429	10.6886694	11.9023244
12.0958131	12.6502056	14.0865831
16.8556281	17.6281762	19.6297856
24.5413969	25.6662119	28.5805044
25.2278538	26.38413	29.3799394
19.5938431	20.4918931	22.8186631
14.50649	15.1713712	16.8940175
11.4798738	12.0060344	13.36927
9.74894613	10.1957727	11.3534612
9.12697669	9.54529606	10.629125
8.99742506	9.40980662	10.4782519
9.27786875	9.70310437	10.8048512
10.4777579	10.9579882	12.2022219
12.9202163	13.5123919	15.0466675
14.79933	15.4776319	17.2350531
13.1808663	13.7849894	15.35022
10.1787793	10.645308	11.85404
9.4934275	9.92854325	11.0558881
11.3734531	11.8947356	13.245335
