#?RADIANCE
genskyvec -m 1
NROWS=146
NCOLS=1
NCOMP=3
FORMAT=ascii

21.2051256	22.1770275	24.6951369
29.3247019	30.66875	34.1510612
28.7133956	30.0294244	33.4391425
28.7821762	30.1013575	33.5192444
28.8820362	30.2057956	33.6355412
28.612425	29.9238263	33.3215563
30.4771	31.8739656	35.493125
32.9641956	34.4750525	38.3895519
36.6902475	38.3718825	42.7288544
41.3961431	43.2934675	48.2092625
48.5810825	50.8077163	56.5767231
53.9732119	56.4469844	62.8563075
56.2612944	58.839935	65.5209694
54.2940044	56.7824788	63.2298963
49.7216637	52.0005694	57.9050238
44.20685	46.232995	51.4825619
38.7739556	40.5510931	45.1555044
35.6315569	37.2646694	41.4959169
31.43269	32.8733556	36.6059881
28.6841525	29.9988419	33.4050881
29.2693356	30.6108444	34.0865819
27.6621981	28.9300494	32.2149369
28.7818931	30.1010631	33.5189144
28.0777288	29.3646237	32.6988569
30.2766494	31.6643294	35.259685
31.9872306	33.4533119	37.2517975
33.1064	34.6237738	38.5551612
33.7980244	35.3471	39.3606175
31.8830419	33.3443469	37.1304606
31.3598981	32.7972275	36.5212162
29.8271194	31.1941962	34.7361681
18.6924969	19.5492369	21.7689725
17.1582656	17.944685	19.9822312
18.660845	19.5161331	21.73211
18.7074612	19.5648869	21.7863987
20.2256831	21.1526931	23.5544969
21.7360806	22.7323188	25.31348
25.4480875	26.6144594	29.6364194
30.4089612	31.8027044	35.4137731
37.0843319	38.7840294	43.1877969
44.2240581	46.2509925	51.502605
52.8733138	55.2966713	61.5753838
57.6557106	60.2982612	67.1448794
55.0402069	57.5628819	64.0989119
48.1790906	50.3872981	56.10857
40.0545569	41.8903906	46.6468712
31.9026556	33.3648594	37.1533019
28.3316756	29.6302113	32.9945987
22.983725	24.0371456	26.7664644
20.3885256	21.3229994	23.7441381
18.3792056	19.2215856	21.4041169
17.8621331	18.6808138	20.8019425
17.9656144	18.7890375	20.9224562
16.9994581	17.7785988	19.7972856
18.88702	19.752675	21.9955119
19.5933356	20.4913631	22.8180725
20.2424787	21.1702575	23.5740538
19.2505762	20.1328944	22.4189025
19.6169163	20.5160231	22.8455356
18.7758387	19.6363969	21.8660294
18.79189	19.6531844	21.8847225
12.7460631	13.3302569	14.8438556
12.5923325	13.1694794	14.6648206
13.367855	13.9805475	15.5679819
15.528025	16.239725	18.08368
18.314175	19.1535737	21.3283831
23.2632019	24.3294319	27.0919394
31.3155631	32.7508588	36.4695862
44.6189075	46.6639413	51.9624381
61.0961662	63.896405	71.1515813
70.4854637	73.716045	82.0861987
61.7598431	64.5905019	71.9244869
41.6586537	43.5680063	48.5149769
29.3586681	30.7042713	34.1906181
22.1554156	23.1708706	25.8018287
17.6603869	18.4698212	20.5669925
15.2415056	15.9400737	17.750005
13.4279194	14.0433638	15.6379313
13.3714469	13.984305	15.5721644
12.781375	13.3671888	14.8849781
12.3149731	12.8794113	14.3418125
12.8812969	13.4716888	15.0013438
12.9920481	13.5875162	15.1303225
12.3886113	12.9564206	14.4275694
12.7886619	13.3748094	14.8934638
10.6267744	11.1138337	12.3757656
11.2313394	11.7461094	13.0798306
12.3239331	12.8887794	14.3522481
13.8647056	14.5001694	16.146605
17.6659663	18.4756537	20.57349
21.6752962	22.6687475	25.24269
32.8751731	34.3819519	38.2858813
51.8603362	54.2372687	60.3956894
86.4913113	90.4555006	100.726343
3477.48002954636	3482.43143054636	3495.26008254636
77.30862	80.8519344	90.0323425
46.4030163	48.5298206	54.0401831
32.3138169	33.7948669	37.6321363
21.6217688	22.6127669	25.1803544
16.6305538	17.3927869	19.3676656
14.0034325	14.6452556	16.3081662
12.1697881	12.7275706	14.1727331
11.1928275	11.7058325	13.0349819
10.6995487	11.1899463	12.4605156
10.4048412	10.8817281	12.1173044
10.3517136	10.8261638	12.0554325
10.3896272	10.8658175	12.0995862
10.2936279	10.7654181	11.9877888
10.4910369	10.9718775	12.2176881
10.2040407	10.6717262	11.8834556
11.3420569	11.8619012	13.2087694
13.4484306	14.064815	15.6618181
17.5349281	18.3386119	20.4208881
24.7494494	25.8837969	28.8227956
45.8059294	47.9053669	53.344825
2352.50565770888	2356.07472270888	2365.32183650888
3531.81671100544	3535.93813600544	3546.61640460544
54.9725194	57.4920919	64.0200819
30.9368525	32.3547906	36.0285462
20.9382812	21.8979525	24.3843756
15.2689762	15.9688037	17.7819944
12.2359062	12.7967175	14.2497319
10.5696838	11.0541269	12.3092781
9.89747544	10.3511094	11.526435
9.53453931	9.97153969	11.1037656
9.50464562	9.9402755	11.0689525
9.69907675	10.1436169	11.2953831
11.0244	11.5296819	12.8388313
13.4513219	14.0678394	15.6651863
18.7964919	19.6579956	21.8900819
31.0998469	32.525255	36.2183656
43.91865	45.9315844	51.1469288
42.0759194	44.0043981	49.0009188
27.3980856	28.6538306	31.9073581
18.3081044	19.1472244	21.3213138
13.0358506	13.6333263	15.1813325
11.0247606	11.5300619	12.8392537
9.92899387	10.3840719	11.56314
10.2853161	10.7567262	11.9781081
13.1612881	13.7645131	15.3274175
17.6111494	18.4183262	20.5096525
23.9823919	25.081585	27.9294956
22.8288987	23.8752237	26.5861581
14.7183644	15.3929556	17.1407619
12.260375	12.8223081	14.2782288
16.5641619	17.3233531	19.2903469
