#?RADIANCE
genskyvec -m 1
NROWS=146
NCOLS=1
NCOMP=3
FORMAT=ascii

1.82979619	1.91366181	2.13095019
18.3651006	19.2068325	21.3876919
17.2721431	18.0637831	20.1148506
17.0370244	17.8178881	19.8410356
17.361825	18.1575738	20.2192931
18.4354694	19.2804275	21.46964
18.497	19.3447781	21.5412994
18.7349769	19.5936631	21.8184438
18.7365175	19.5952738	21.8202363
19.5726775	20.4697588	22.7940162
17.7645687	18.5787762	20.6883206
18.5663856	19.4173456	21.622105
17.3868444	18.1837425	20.24843
17.20112	17.989505	20.0321369
17.597605	18.4041619	20.4938769
18.0853563	18.9142681	21.061905
20.9861262	21.9479881	24.4400931
21.9455181	22.9513525	25.557385
28.8565638	30.1791538	33.6058738
39.6464844	41.4636131	46.1716356
50.3970931	52.70696	58.6916169
77.3141337	80.8576981	90.0387556
93.5795469	97.8686056	108.981181
212.54591677619	217.32430477619	229.70468377619
77.9844687	81.5587544	90.8194194
50.6203894	52.9404894	58.9516644
37.8419319	39.5763525	44.0700844
28.5539481	29.8626713	33.2534531
24.4772681	25.5991425	28.5058194
20.6773706	21.6250831	24.0805244
19.1274919	20.0041681	22.2755588
17.6907494	18.5015737	20.60235
16.4838212	17.2393306	19.1967856
16.9995413	17.7786856	19.7973838
17.0076619	17.7871788	19.8068412
17.2277963	18.0174038	20.0632075
17.0167681	17.7967019	19.8174444
17.8422831	18.6600537	20.7788262
18.2112681	19.0459488	21.2085406
17.8543206	18.6726425	20.7928456
16.4333687	17.1865644	19.1380275
16.5987119	17.3594856	19.3305856
16.4457294	17.1994919	19.1524231
17.1021038	17.8859481	19.916825
17.2770538	18.0689175	20.1205694
18.1139819	18.9442063	21.0952438
20.3324044	21.2643063	23.6787806
24.2402663	25.3512781	28.2298113
28.906505	30.2313856	33.664035
38.7478056	40.5237438	45.1250513
51.5551044	53.918045	60.0402169
73.6005787	76.9739363	85.7140094
320.526491436043	325.654481436043	338.940606436043
357.584916714068	362.768618714068	376.199117714068
80.0671056	83.7368456	93.244815
56.1945638	58.7701469	65.4432556
41.9559613	43.8789431	48.8612181
30.3929856	31.7859975	35.3951656
24.4273306	25.5469169	28.4476637
20.5718844	21.5147606	23.9576744
18.80495	19.6668425	21.8999325
13.0221913	13.6190406	15.1654281
12.0792906	12.6329256	14.0673419
11.8714744	12.4155825	13.8253219
12.7076906	13.2901263	14.7991656
12.7993419	13.3859794	14.9059012
12.968665	13.5630644	15.1030938
12.9144144	13.5063237	15.0399106
12.9051706	13.4966563	15.0291463
12.099885	12.6544619	14.0913244
12.5007856	13.0737381	14.5582088
12.6872775	13.2687762	14.7753906
14.0023069	14.6440806	16.3068544
15.8217738	16.5469363	18.4257737
18.7462156	19.6054169	21.8315313
25.4717788	26.6392344	29.6640119
36.0840162	37.7378663	42.0228456
52.138005	54.5276625	60.7190537
74.5398975	77.9563062	86.8079312
59.6259713	62.3588262	69.4394175
39.4733669	41.2825613	45.9700256
29.2497062	30.5903169	34.0637231
22.1129113	23.1264194	25.7523294
16.39208	17.1433837	19.0899444
14.5374181	15.2037156	16.9300356
9.59064944	10.0302218	11.1691108
9.21282631	9.63508025	10.729104
8.72012131	9.11979312	10.155309
8.85578687	9.26167669	10.3133019
9.13652887	9.55528638	10.6402498
9.06155537	9.47687575	10.5529371
8.91815575	9.32690381	10.3859356
9.09318406	9.50995525	10.5897705
8.89945338	9.30734462	10.364155
9.14073969	9.55969031	10.6451541
9.41072675	9.84205187	10.9595764
9.85173294	10.3032711	11.473165
11.1653262	11.6770697	13.0029531
14.0508469	14.6948431	16.3633825
17.8559806	18.6743794	20.7947781
21.4170156	22.3986288	24.9419012
27.7875231	29.0611175	32.3608881
32.4201387	33.9060619	37.7559537
32.3052406	33.7858969	37.6221475
25.8752944	27.0612444	30.1339381
20.1803569	21.1052881	23.5017088
15.4774381	16.1868194	18.0247662
12.44183	13.01208	14.4895475
11.1598368	11.67133	12.9965613
7.49607656	7.83964656	8.72980625
6.98471219	7.30484462	8.13427994
6.61834494	6.92168556	7.70761487
6.7702615	7.08056481	7.88453412
6.79569406	7.10716306	7.91415244
6.68913031	6.99571519	7.79004994
6.84626431	7.16005125	7.97304581
7.20669756	7.53700431	8.3928
7.6225215	7.97188694	8.87706175
8.864642	9.27093725	10.3236142
9.86227463	10.3142951	11.4854411
13.0717492	13.6708694	15.2231413
16.2974494	17.0444156	18.97974
17.2207475	18.0100313	20.0549963
14.9985506	15.6859844	17.4670637
12.3039438	12.8678756	14.3289681
10.2724156	10.7432333	11.9630844
8.50722431	8.89713844	9.90737144
6.15303344	6.43504737	7.16572069
5.49389669	5.74569988	6.39810075
5.45212975	5.70201875	6.34945981
5.55318544	5.80770613	6.46714737
5.53943881	5.79332987	6.45113856
5.97010119	6.24373075	6.95268081
6.89739219	7.21352244	8.03258831
7.963375	8.32836306	9.27401444
9.80287488	10.2521731	11.4162646
9.71024744	10.1552998	11.3083936
8.74936644	9.15037906	10.1893659
6.861009	7.17547163	7.99021725
5.36832137	5.61436919	6.25185775
4.92617937	5.15196244	5.73694656
5.01650269	5.24642556	5.84213556
5.62021381	5.87780669	6.54520763
6.19699306	6.48102175	7.21691512
6.25801694	6.54484256	7.28798262
5.18873075	5.42654738	6.04270969
