#?RADIANCE
genskyvec -m 1
NROWS=146
NCOLS=1
NCOMP=3
FORMAT=ascii

19.82042	20.728855	23.08253
34.7985506	36.3934819	40.5258125
35.3801569	37.0017463	41.2031425
36.0159819	37.6667125	41.9436131
36.6098981	38.2878513	42.6352794
36.2275025	37.8879294	42.1899469
35.8107969	37.452125	41.70466
35.8586319	37.5021506	41.7603656
34.4425375	36.0211513	40.111205
33.9271181	35.4821088	39.5109569
35.3787819	37.0003088	41.2015419
34.5405738	36.1236812	40.2253775
35.5351375	37.1638313	41.3836313
36.3438738	38.0096319	42.3254712
37.6284762	39.3531119	43.8214962
41.0899637	42.9732538	47.8526894
47.0375262	49.1934119	54.7791225
51.3167731	53.6687919	59.7626625
61.5735456	64.3956644	71.7075287
72.2515531	75.5630788	84.1429575
74.3115756	77.71752	86.542025
77.0394894	80.5704644	89.7189106
66.9382769	70.00628	77.955205
60.040765	62.7926325	69.9224781
52.0879531	54.4753137	60.6607631
43.8062663	45.8140531	51.0160506
40.4060069	42.2579456	47.0561631
37.4706975	39.188105	43.6377538
35.6899169	37.3257038	41.5638838
34.5232944	36.10561	40.205255
34.2621719	35.83252	39.9011569
25.8705456	27.0562775	30.1284075
24.3417506	25.4574144	28.3479994
26.243185	27.4459969	30.5623775
25.8277637	27.0115369	30.0785856
25.8315931	27.0155388	30.0830431
24.7751056	25.9106306	28.8526775
26.2199169	27.4216619	30.53528
26.6670962	27.8893369	31.0560562
25.9541888	27.1437537	30.2258156
23.5908694	24.6721169	27.4735344
24.7925087	25.92883	28.8729425
25.622095	26.7964388	29.8390662
28.3488863	29.6482087	33.0146413
30.7198588	32.1278519	35.7758375
34.0611188	35.6222506	39.6670125
41.1005263	42.9842994	47.86499
50.6587669	52.9806263	58.9963594
63.1782025	66.0738694	73.5762856
78.5073444	82.1055938	91.4283475
87.5345125	91.5465075	101.941243
85.4101419	89.32477	99.4672213
72.439	75.7591194	84.3612562
57.4218513	60.053685	66.8725338
46.531785	48.6644919	54.1901431
38.766025	40.5427994	45.14627
34.1102037	35.6735875	39.7241769
29.33761	30.6822494	34.1660925
27.5396775	28.8019106	32.07225
25.849565	27.0343369	30.1039756
25.7069344	26.8851694	29.93787
18.4109025	19.2547356	21.44103
17.6417931	18.4503756	20.5453394
17.5565106	18.3611844	20.44602
18.518025	19.3667681	21.5657844
18.4304531	19.2751812	21.4637975
18.493985	19.341625	21.5377869
18.534455	19.3839481	21.5849175
18.93776	19.8057419	22.0546031
18.7942663	19.65567	21.8874906
20.7143275	21.6637331	24.1235619
22.9660075	24.0186138	26.7458281
28.75627	30.074265	33.4890731
37.930285	39.6687538	44.1729787
53.24628	55.6867312	62.0097319
78.8955519	82.5115962	91.8804494
103.568992	108.315902	120.614738
98.8071312	103.335786	115.069137
72.7146594	76.04741	84.6822875
47.8375831	50.0301381	55.7108538
35.0298144	36.6353463	40.7951413
27.3070387	28.5586119	31.8013231
23.1343512	24.194675	26.9418812
19.9368681	20.8506419	23.2181469
19.1437256	20.021145	22.2944644
15.2538037	15.9529356	17.7643275
14.9067569	15.5899831	17.3601613
14.4666525	15.1297081	16.8476238
14.5370531	15.2033344	16.9296106
14.7724694	15.4495419	17.2037719
14.7569312	15.43329	17.1856775
14.925075	15.6091413	17.3814956
15.6143919	16.3300487	18.18426
16.5036169	17.2600319	19.2198388
18.1611306	18.9935163	21.15015
21.2678237	22.2425969	24.7681544
26.9482131	28.1833394	31.3834419
34.6923319	36.282395	40.4021137
54.9808756	57.50083	64.0298137
88.2671206	92.3126944	102.794423
3580.29793920169	3586.69154520169	3603.25683920169
3008.24066156947	3014.36105556947	3030.21843656947
82.4034669	86.18029	95.9657094
50.0842394	52.379765	58.3272737
33.8910438	35.4443825	39.4689475
25.5161137	26.6856	29.7156419
20.4402638	21.3771094	23.8043925
17.745095	18.5584119	20.6656425
16.4701106	17.22499	19.1808162
14.4299712	15.0913469	16.8049062
13.5855194	14.2081881	15.8214706
13.1938494	13.7985681	15.3653394
13.2379025	13.8446375	15.41664
13.4946213	14.1131244	15.7156112
14.2827275	14.9373531	16.6334275
15.6068044	16.3221163	18.1754244
19.0258812	19.8979	22.1572256
23.8353556	24.9278069	27.7582563
35.4325869	37.0565806	41.2642012
52.0753962	54.4621838	60.6461425
91.3143619	95.4996006	106.343182
2185.10330048794	2190.13884348793	2203.18552148794
59.2629425	61.9791619	69.0166387
36.6694531	38.3501362	42.7046356
24.6034863	25.731145	28.6528125
18.7411781	19.6001506	21.8256669
15.8954406	16.6239794	18.5115656
14.552225	15.2192019	16.9472788
13.6815863	14.3086569	15.9333456
13.3996638	14.0138131	15.6050237
14.0493925	14.6933225	16.3616869
16.08899	16.8264025	18.7369719
21.5640575	22.55241	25.1131444
31.4469081	32.8882231	36.6225444
44.4102994	46.4457706	51.7194969
54.774825	57.2853375	63.7898513
37.1366581	38.8387531	43.2487369
23.0969838	24.1555938	26.8983631
17.4283081	18.2271075	20.29672
16.7932994	17.5629912	19.5571963
15.8389144	16.5648631	18.4457356
18.02516	18.8513137	20.9918025
24.24709	25.3584144	28.2377575
27.1921656	28.4384706	31.6675431
22.4022331	23.4290019	26.0892688
19.7082225	20.6115169	22.95187
