#?RADIANCE
genskyvec -m 1
NROWS=146
NCOLS=1
NCOMP=3
FORMAT=ascii

25.258	26.4156575	29.4150463
34.8324625	36.4289481	40.5653056
36.2917638	37.9551331	42.2647837
37.2748744	38.9833044	43.4096994
37.5218644	39.2416162	43.6973388
35.5375756	37.1663794	41.38647
34.7078519	36.2986262	40.4201881
34.1295838	35.693855	39.7467475
32.2379887	33.7155619	37.5438269
30.8624994	32.27703	35.9419525
34.5057063	36.0872175	40.1847725
33.2878625	34.813555	38.76649
36.4298156	38.0995137	42.4255562
38.60765	40.3771662	44.9618294
40.8621931	42.7350456	47.5874337
45.3543219	47.4330606	52.8188894
50.1222987	52.4195681	58.3715975
52.7574806	55.17553	61.4404869
55.676095	58.2279137	64.8394562
55.37242	57.91032	64.4857994
53.4026706	55.8502906	62.1918631
49.2879763	51.5470069	57.3999581
44.6733344	46.7208612	52.025825
40.1314925	41.9708525	46.7364719
37.8407431	39.57511	44.0687012
35.5013675	37.1285125	41.3443038
34.5574113	36.1412925	40.2449888
34.41233	35.9895619	40.07603
33.1088437	34.6263325	38.5580112
33.5521569	35.0899669	39.0742869
33.8373006	35.388175	39.4063581
22.6642556	23.7030344	26.394415
21.2281819	22.2011406	24.7219887
23.2277562	24.2923606	27.0506587
22.5499688	23.5835088	26.2613188
22.312195	23.3348375	25.9844138
21.1088088	22.076295	24.5829675
22.3790881	23.4047969	26.062315
22.8306369	23.8770406	26.5881812
22.5694044	23.6038356	26.2839544
21.3137831	22.2906631	24.8216775
23.4172881	24.4905806	27.271385
25.5602638	26.7317756	29.7670594
29.5603019	30.9151487	34.4254381
33.7782825	35.3264519	39.3376269
38.3195013	40.0758106	44.6262569
45.1044856	47.1717725	52.527935
50.6455925	52.9668481	58.9810175
54.7819831	57.29282	63.7981856
53.9705538	56.4442031	62.85321
49.6808912	51.9579306	57.8575412
43.7776888	45.7841631	50.9827681
37.5112325	39.2304963	43.6849587
31.3382631	32.7745987	36.4960206
28.5938794	29.9044331	33.2999581
26.0365731	27.2299138	30.3217606
24.6055437	25.7332975	28.6552069
22.4448563	23.4735775	26.1389063
22.2478756	23.2675687	25.9095044
21.5827581	22.5719669	25.1349219
22.0509225	23.0615894	25.6801381
15.54836	16.2609894	18.1073594
15.0138394	15.7019738	17.4848681
15.00781	15.69567	17.4778469
15.81101	16.53568	18.4132394
15.7875731	16.51117	18.3859469
16.0667587	16.8031506	18.7110806
16.6443569	17.4072225	19.38374
17.9331806	18.7551181	20.8846844
19.2738637	20.1572494	22.4460219
23.0474762	24.1038194	26.8407069
27.793	29.0668438	32.367265
37.0109031	38.707235	43.1022838
48.8120975	51.0493175	56.84576
60.9441863	63.7374575	70.9745863
64.5621787	67.521275	75.1880388
56.9056694	59.5138456	66.2713988
43.334815	45.3209944	50.4670081
34.2092825	35.7772069	39.8395613
26.2306694	27.4329081	30.5478025
21.8421994	22.8433006	25.4370631
19.0925931	19.9676688	22.2349163
17.4300975	18.2289806	20.2988038
15.9260688	16.6560125	18.5472362
15.8142444	16.5390638	18.4170075
13.1908188	13.7953981	15.3618094
13.0352037	13.6326494	15.1805812
12.8568456	13.4461187	14.97287
12.9998419	13.5956681	15.1394013
13.45149	14.068015	15.66538
13.7931531	14.4253387	16.0632744
14.8337219	15.5136012	17.2751056
16.5547213	17.3134781	19.279355
19.3339375	20.220075	22.5159819
23.2042319	24.2677588	27.0232631
30.5506025	31.9508363	35.5787238
44.1486944	46.1721737	51.4148356
58.5919137	61.2773763	68.2351694
83.9457094	87.7932225	97.7617731
93.7954162	98.0943637	109.232564
80.7956475	84.4987706	94.0932606
55.7714775	58.3276681	64.9505369
38.9024037	40.68543	45.3050956
27.7016319	28.9712894	32.2608612
21.6632831	22.6561825	25.2286994
18.1815219	19.0148413	21.1738988
15.8634594	16.5905325	18.47432
14.5183275	15.1837494	16.9078006
13.8239681	14.4575669	16.0991662
13.2094531	13.8148862	15.38351
12.7346925	13.318365	14.8306113
12.7881044	13.374225	14.8928131
13.1755219	13.7793987	15.3439938
14.1431831	14.7914125	16.4709175
16.766695	17.5351669	19.5262144
20.2704294	21.1994906	23.6066056
29.1940006	30.5320569	33.9988469
42.2750619	44.212665	49.2328344
74.1148519	77.5117812	86.3129262
4292.46563876801	4298.09924576801	4312.69542076801
3192.79534008882	3198.35727308882	3212.76776808882
67.4563206	70.5480675	78.5585113
37.75932	39.4899544	43.9738775
26.1058963	27.302415	30.4024931
19.3354569	20.2216638	22.5177513
15.7700731	16.4928675	18.365565
14.0910331	14.7368725	16.4101838
14.452055	15.1144412	16.8306225
14.4824287	15.146205	16.8659956
14.9549638	15.6403988	17.4163013
17.1479513	17.9338994	19.9702213
22.8014156	23.8464813	26.5541506
37.7060931	39.4342862	43.9118887
65.6516006	68.66063	76.45676
2162.11284673841	2166.10273303841	2176.44018813841
60.8004269	63.58711	70.8071662
33.78876	35.3374137	39.3498294
20.6002125	21.5443875	23.990665
16.8863931	17.6603531	19.6656131
18.9735706	19.8431919	22.0963056
19.6973919	20.6001856	22.939255
25.8370812	27.0212788	30.0894337
39.674685	41.4931063	46.2044794
35.6377356	37.27113	41.503115
24.9899575	26.1353294	29.1028894
25.9386319	27.1274881	30.2077006
