#?RADIANCE
genskyvec -m 1
NROWS=146
NCOLS=1
NCOMP=3
FORMAT=ascii

29.5026256	30.8548294	34.3582681
39.4704119	41.2794719	45.9665862
40.1473987	41.9874863	46.7549937
40.5685381	42.4279294	47.2454456
40.2520531	42.0969381	46.8768738
37.9062	39.643565	44.1449337
37.2344056	38.9409806	43.3625688
37.1413981	38.8437113	43.2542556
36.3282238	37.9932669	42.3072487
36.1882181	37.846845	42.1441975
41.3328294	43.2272506	48.1355281
41.9654794	43.888895	48.8723019
46.6394556	48.7770962	54.315535
50.0402481	52.3337569	58.2760412
52.8201931	55.2411175	61.51352
56.1598313	58.7338219	65.4028075
58.4193794	61.0969325	68.0342381
57.3930919	60.0236081	66.839045
55.7130606	58.2665762	64.8825056
51.3172238	53.6692612	59.7631844
49.0111169	51.2574581	57.0775331
44.5039269	46.5436881	51.8285356
41.9887888	43.9132756	48.8994481
38.6684894	40.4407937	45.0326806
38.3397381	40.0969744	44.6498219
38.1392181	39.8872669	44.4163025
38.5389319	40.3052981	44.8817994
39.4385131	41.24611	45.9294356
38.3240538	40.0805706	44.631555
38.9260531	40.7101631	45.3326337
38.8338056	40.6136881	45.2252037
25.6813506	26.8584125	29.9080762
23.8447406	24.9376244	27.7691906
25.7611106	26.9418281	30.0009619
24.8830394	26.0235106	28.9783738
24.7501706	25.8845544	28.8236387
23.9189569	25.0152425	27.8556219
25.6751681	26.8519456	29.9008744
27.034485	28.2735644	31.4839106
28.1840869	29.4758575	32.82272
28.4634637	29.7680375	33.1480775
32.42249	33.90852	37.7586931
36.6526694	38.3325825	42.6850906
42.4359	44.3808775	49.4201456
48.2686669	50.4809787	56.2128881
52.5061544	54.912685	61.1477944
55.4966694	58.0402656	64.6305006
55.2299494	57.7613213	64.3198838
51.6318969	53.9983569	60.12965
45.6902263	47.7843613	53.2100813
39.9864531	41.8191638	46.5675594
35.5081369	37.1355925	41.3521875
31.8195144	33.27791	37.0564794
27.7858231	29.0593381	32.3589087
27.2647369	28.5143694	31.7520587
26.2956156	27.5008306	30.6234362
26.0203288	27.2129287	30.3028425
24.6151631	25.7433562	28.6664075
25.095815	26.2460394	29.2261681
24.6034519	25.7311088	28.6527725
25.1822219	26.336405	29.3267975
17.7388831	18.5519162	20.6584106
17.2214269	18.0107419	20.0557875
17.33868	18.1333687	20.1923388
18.3983313	19.2415856	21.4263894
18.91689	19.7839131	22.0302944
20.1102225	21.0319406	23.4200313
22.0343838	23.0442913	25.6608763
25.2909487	26.450115	29.4534175
29.176515	30.5137706	33.9784844
36.6914275	38.3731187	42.7302269
45.6871681	47.7811625	53.2065181
57.1376431	59.75645	66.5415519
63.7152488	66.6355275	74.20172
62.2404225	65.0931069	72.4841631
51.4958394	53.856065	59.9712
41.0577494	42.9395606	47.8151706
31.7710319	33.2272019	37.0000156
27.19041	28.4366363	31.6654994
22.8347488	23.8813413	26.5929706
20.3672319	21.3007306	23.7193394
19.2498938	20.1321781	22.4181056
18.5306894	19.3800106	21.5805312
17.572525	18.3779319	20.4646706
17.8756838	18.6949856	20.8177238
15.1830037	15.8788919	17.681875
15.2849781	15.9855388	17.8006325
15.4728062	16.1819769	18.0193731
15.9691375	16.701055	18.5973919
17.2185744	18.0077581	20.0524656
18.368835	19.2107388	21.39204
21.2873969	22.2630681	24.7909475
25.5245694	26.6944438	29.7254888
32.631335	34.1269375	38.0019119
41.9307988	43.8526263	48.8319125
58.8050206	61.5002487	68.4833519
85.6452419	89.5706581	99.7410331
95.9293288	100.326082	111.717699
84.5955588	88.47285	98.5185744
64.7638356	67.7321781	75.4228881
49.739755	52.0194925	57.926095
36.3270281	37.9920156	42.3058537
28.2296675	29.5235244	32.8758006
22.7196256	23.7609419	26.4588981
19.5773113	20.474605	22.7994106
17.7235737	18.5359031	20.64058
16.5169887	17.2740169	19.2354119
15.7802644	16.5035256	18.3774337
15.48707	16.196895	18.0359863
15.3267056	16.0291819	17.8492306
15.4403769	16.1480606	17.9816063
16.2768944	17.0229175	18.9558006
17.6962444	18.5073225	20.6087525
20.2955288	21.22574	23.6358344
27.1744288	28.4199212	31.6468875
36.5009338	38.1738913	42.5083806
60.8558619	63.6450831	70.8717256
96.3168287	100.731339	112.168964
4762.0773623828	4769.0604683828	4787.1530683828
2654.0773049617	2659.7920259617	2674.5984259617
70.3100456	73.5325881	81.8819113
42.8307338	44.7938075	49.8799587
28.6660581	29.9799181	33.384015
22.6686538	23.7076312	26.3995369
18.7077244	19.5651619	21.7867056
16.5416669	17.2998256	19.2641506
15.64869	16.3659206	18.2242038
17.25073	18.0413894	20.0899138
18.6711187	19.5268781	21.7440744
21.0875069	22.0540188	24.5581625
27.0963906	28.3383075	31.5560062
41.07771	42.9604363	47.8384194
78.3073081	81.8963887	91.1953869
3373.72372649374	3379.55892149374	3394.67741049374
90.0464381	94.1735625	104.866585
47.6082481	49.7902913	55.4437744
29.9469156	31.3194813	34.8756794
20.6802256	21.6280687	24.0838469
18.7539006	19.6134538	21.8404794
23.4866956	24.5631706	27.3522175
27.5774994	28.8414675	32.1162987
40.6328913	42.4952325	47.3203919
60.8577363	63.6470469	70.87391
40.8728494	42.7461881	47.5998412
27.8206069	29.0957175	32.3994175
34.4721663	36.05214	40.1457125
