#?RADIANCE
genskyvec -m 1
NROWS=146
NCOLS=1
NCOMP=3
FORMAT=ascii

22.9841587	24.0375981	26.7669669
29.2758569	30.6176656	34.0941769
28.8147637	30.1354381	33.5571956
28.84171	30.1636194	33.5885781
28.7231531	30.0396306	33.4505075
27.9223037	29.2020763	32.5178531
29.1910475	30.5289694	33.9954106
31.0156219	32.4371687	36.1202762
33.6120206	35.1525719	39.1440031
36.8962588	38.5873356	42.9687725
43.4810669	45.4739487	50.6373269
47.6265969	49.80948	55.4651419
51.1065213	53.4489037	59.5178069
51.0910763	53.43275	59.49982
48.496505	50.7192606	56.478225
44.51101	46.5510969	51.836785
39.8281244	41.6535775	46.3831706
36.7920769	38.4783794	42.8474425
32.4902056	33.9793381	37.8375519
29.3541606	30.6995581	34.1853675
29.5562862	30.9109487	34.4207619
27.4818975	28.7414825	32.00496
28.2916038	29.5883	32.9479319
27.3113262	28.5630938	31.8063175
29.1949438	30.5330437	33.9999463
30.9057613	32.3222731	35.992335
31.9866094	33.4526625	37.2510769
32.9110056	34.4194256	38.3276094
31.1875175	32.6169456	36.320465
30.969385	32.3888125	36.0664294
29.6513069	31.010325	34.5314213
18.4652131	19.311535	21.5042812
16.9239425	17.6996225	19.7093419
18.3399456	19.1805269	21.3583975
18.1737594	19.0067244	21.1648588
19.27105	20.1543056	22.442745
20.2628594	21.1915744	23.5977906
23.2870519	24.354375	27.1197156
27.1095775	28.3520981	31.571365
32.0469631	33.5157819	37.3213606
37.0267894	38.7238494	43.1207838
44.3079594	46.3387387	51.6003125
49.7730638	52.0543256	57.9648831
50.4920019	52.8062162	58.8021462
47.2893125	49.4567369	55.072345
41.1665275	43.0533263	47.9418544
33.729095	35.2750113	39.2803444
29.9330225	31.3049513	34.8595025
24.3608706	25.4774113	28.3702669
21.3237206	22.3010581	24.8332519
18.9810881	19.8510544	22.1050606
18.1084913	18.9384619	21.0888475
17.8558863	18.6742794	20.7946681
16.6875025	17.4523462	19.4339894
18.2826606	19.120615	21.2916844
18.8635462	19.7281262	21.9681737
19.4790206	20.3718106	22.6849456
18.6111094	19.4641169	21.6741863
19.0754569	19.9497475	22.21496
18.3780269	19.2203525	21.4027444
18.49159	19.33912	21.5349987
12.5614131	13.1371425	14.6288125
12.3670212	12.9338431	14.4024275
12.9887125	13.5840281	15.1264375
14.79958	15.4778931	17.235345
16.9891756	17.7678463	19.7853119
20.8040056	21.7575219	24.228
26.7932869	28.0213119	31.2030169
36.4569606	38.1279025	42.4571694
48.6325356	50.8615262	56.6366444
59.6374031	62.3707813	69.4527275
59.3401569	62.0599144	69.1065638
44.4898631	46.5289812	51.8121544
32.4643275	33.952275	37.8074175
24.5731387	25.6994056	28.6174675
19.19445	20.0741956	22.3535369
16.19695	16.93931	18.8626987
13.9283681	14.5667506	16.2207444
13.5429506	14.1636694	15.771895
12.7193331	13.3023012	14.8127231
12.1648125	12.7223663	14.1669406
12.6114263	13.1894494	14.6870563
12.7102987	13.292855	14.8022038
12.1809375	12.7392319	14.1857187
12.5974169	13.1747981	14.6707419
10.531295	11.0139787	12.2645719
11.0567944	11.5635644	12.8765575
11.9847425	12.5340431	13.9572294
13.2806231	13.8893181	15.4663937
16.4139419	17.1662462	19.1154044
19.6170031	20.5161144	22.8456344
28.2179162	29.5112362	32.8621162
42.06957	43.9977587	48.9935238
66.6559431	69.7110062	77.6264044
1950.37284619269	1954.46908989269	1965.08209179269
1753.2241244836	1757.0493701836	1766.9602744836
55.4590475	58.0009163	64.5866837
38.4278975	40.189175	44.7524919
24.9883831	26.1336831	29.1010563
18.6938444	19.550645	21.77054
15.4134156	16.1198625	17.9502062
13.0476506	13.6456681	15.1950775
11.7271538	12.2646488	13.6572481
10.9563825	11.4585512	12.7596231
10.507805	10.9894112	12.2372156
10.3564348	10.8311025	12.0609306
10.3410168	10.8149812	12.0429775
10.2430896	10.7125625	11.9289312
10.4148122	10.8921588	12.1289175
10.2410494	10.7104306	11.9265563
11.25209	11.7678112	13.1039988
13.1530881	13.7559369	15.3178681
16.6723725	17.4365225	19.4163681
22.7802675	23.8243619	26.5295194
40.6603512	42.52395	47.3523725
69.1139481	72.2816687	80.4889606
6116.49772022407	6121.50526422407	6134.47941322407
70.7574575	74.0005037	82.4029612
38.4002244	40.1602344	44.7202644
25.0643544	26.2131356	29.1895313
17.4473	18.2469694	20.3188375
13.4529862	14.0695831	15.667125
11.2648037	11.7811087	13.118805
10.3571381	10.83184	12.0617512
9.80684788	10.2563287	11.4208937
9.65592662	10.0984913	11.2451306
9.79671744	10.2457331	11.4090956
11.2364638	11.7514669	13.0857987
13.6144075	14.2384	15.8551144
18.6192219	19.472605	21.6836388
30.3453894	31.7362187	35.3397356
46.3645169	48.4895556	53.9953469
51.6031237	53.9682644	60.0961412
33.7984131	35.3475081	39.3610719
21.6171231	22.6079081	25.1749438
14.6131637	15.2829319	17.0182469
11.9237481	12.4702537	13.8861975
10.3939413	10.8703294	12.1046112
10.660259	11.1488544	12.4147612
13.8740325	14.5099256	16.1574656
18.6448344	19.4993881	21.7134637
26.5676219	27.7853019	30.9402119
26.6569956	27.8787731	31.0442938
16.4666094	17.2213275	19.1767412
13.2333619	13.8398906	15.4113525
18.1883388	19.02197	21.1818369
