#?RADIANCE
genskyvec -m 1
NROWS=146
NCOLS=1
NCOMP=3
FORMAT=ascii

16.4173406	17.1698031	19.1193625
27.7011356	28.97077	32.26028
26.989175	28.2261781	31.431145
27.2718212	28.5217806	31.76031
27.9569713	29.2383325	32.5582262
28.932775	30.25886	33.6946281
32.20008	33.6759163	37.4996781
36.3148012	37.9792294	42.2916163
43.0795556	45.0540331	50.1697356
51.6592231	54.0269356	60.1614725
59.9883769	62.7378419	69.8614675
67.3211625	70.4067138	78.4011069
64.1548563	67.0952856	74.7136806
56.2607887	58.8394056	65.5203806
47.6131625	49.7954313	55.4494981
40.2301706	42.0740525	46.8513875
34.386975	35.9630444	40.0465
31.6110194	33.0598581	36.81367
28.1386669	29.428355	32.7698244
26.4256613	27.6368369	30.7748863
27.7475431	29.0193037	32.3143275
27.1398944	28.3838044	31.6066713
28.7036019	30.0191838	33.4277394
28.4762725	29.7814344	33.1629931
31.0357594	32.4582306	36.1437306
32.451365	33.9387156	37.7923187
33.4301437	34.9623563	38.93219
33.5095469	35.0454	39.0246613
31.2717394	32.7050275	36.4185469
30.1703294	31.553135	35.1358656
28.3551913	29.6548044	33.0219875
18.0294681	18.8558175	20.9968175
16.6404544	17.4031419	19.3791975
18.30153	19.1403513	21.3136594
18.8426162	19.7062363	21.9437987
21.2653731	22.2400344	24.7652994
23.9640563	25.0624094	27.9081406
29.3746619	30.7209994	34.2092425
37.4692063	39.1865437	43.6360163
49.307055	51.5669625	57.4221781
62.8478387	65.7283637	73.1915519
72.6362469	75.965405	84.5909662
70.0336419	73.2435156	81.5600144
57.3858481	60.0160312	66.8306056
43.9483138	45.9626113	51.1814769
34.1995769	35.7670569	39.8282569
26.6099188	27.8295375	30.9894681
24.0857112	25.1896406	28.0498213
19.7232794	20.6272631	22.9694038
18.1142675	18.9445044	21.0955762
16.8223431	17.5933662	19.5910206
16.97457	17.7525713	19.7683025
17.6981256	18.5092888	20.6109425
17.0780269	17.8607675	19.8887856
19.3301125	20.2160744	22.5115269
20.1226875	21.0449769	23.4345475
20.6962212	21.6447962	24.1024744
19.42471	20.3150075	22.6216937
19.5078987	20.40201	22.7185762
18.4098019	19.2535844	21.4397494
18.2330144	19.0686938	21.233865
12.3334013	12.8986819	14.3632756
12.2637844	12.8258737	14.2821988
13.30341	13.9131481	15.4929294
16.1078362	16.84611	18.7589162
20.1356331	21.0585156	23.4496238
27.8286131	29.1040881	32.40874
41.6581988	43.5675325	48.514445
66.3341463	69.3744594	77.2516419
93.6300763	97.9214406	109.04003
82.1578419	85.9234006	95.6796637
53.7766125	56.2413706	62.6273487
32.3580719	33.8411506	37.6836737
22.5410944	23.5742256	26.2509825
17.3845869	18.1813794	20.2458025
14.5904362	15.259165	16.9917806
13.2286813	13.8349962	15.4059019
12.244955	12.8061794	14.2602706
12.7449331	13.329075	14.8425381
12.5245225	13.0985644	14.5858506
12.1594194	12.7167262	14.1606575
12.8242431	13.4120206	14.9349
12.8694512	13.4592994	14.9875494
12.0939488	12.6482556	14.0844131
12.3981887	12.9664387	14.4387238
10.1445247	10.6094825	11.8141456
10.8313575	11.3277956	12.6140194
12.1289394	12.6848494	14.1251606
14.0352656	14.67855	16.3452375
18.9484844	19.8169587	22.0670913
24.4599412	25.5810231	28.4856419
40.9685625	42.8462881	47.7113094
71.0454156	74.3016612	82.7383094
4919.92387781039	4925.25217681039	4939.05727081039
1920.01775418679	1924.14709418679	1934.84585408679
50.4423875	52.7543294	58.7443662
29.9760625	31.3499644	34.9096231
21.9471625	22.9530731	25.5593006
15.8728331	16.6003369	18.4852388
12.97017	13.5646356	15.1048431
11.3908975	11.91298	13.2656494
10.4133474	10.8906263	12.1272131
9.99504881	10.4531541	11.6400687
9.942577	10.3982781	11.5789581
9.86575425	10.3179344	11.4894925
9.92280506	10.3776008	11.555935
9.98009906	10.4375194	11.6226569
9.83429244	10.2850317	11.4528531
10.0252906	10.4847833	11.6752869
9.476474	9.91081281	11.036145
10.6886086	11.1785031	12.4477769
12.8915925	13.4824581	15.0133356
17.5219925	18.3250837	20.4058213
25.7873581	26.9692775	30.0315294
46.7333494	48.8752931	54.4248831
1338.6677995771	1341.6824289771	1349.4930720771
49.97489	52.2654044	58.1999262
31.8722619	33.3330731	37.1179069
19.8789912	20.7901113	23.1507438
14.5656675	15.23326	16.9629356
11.59196	12.1232569	13.4998031
9.95766488	10.4140573	11.59653
9.08504925	9.50144725	10.5802975
8.7535775	9.15478294	10.1942712
8.64676338	9.04307313	10.069878
8.75254137	9.15369919	10.1930636
8.96057225	9.37126488	10.4353331
9.87447788	10.3270576	11.4996525
12.0062669	12.5565531	13.9823
16.9996094	17.7787569	19.7974613
27.171025	28.4163638	31.6429256
32.0964719	33.5675606	37.37902
25.9080331	27.0954825	30.1720644
17.7425437	18.5557444	20.6626744
12.9854169	13.5805812	15.1225994
10.1646049	10.6304828	11.8375306
9.12192344	9.54001169	10.6232412
8.65511106	9.05180325	10.0795983
9.02867019	9.44248419	10.5146394
11.0028483	11.5071437	12.8137331
14.2486363	14.9017	16.593725
17.6380963	18.44651	20.5410356
15.8667475	16.5939725	18.47815
11.2629294	11.7791463	13.11662
9.98925275	10.447092	11.6333187
12.8017494	13.3884975	14.9087044
