#?RADIANCE
genskyvec -m 1
NROWS=146
NCOLS=1
NCOMP=3
FORMAT=ascii

16.3570119	17.1067069	19.0491031
32.7572606	34.2586313	38.1485587
33.359735	34.8887213	38.8501925
34.0960813	35.6588156	39.7077288
34.8776725	36.4762319	40.6179587
34.805065	36.4002962	40.5333994
34.5116975	36.0934812	40.1917512
34.609515	36.1957837	40.3056663
33.1587381	34.6785131	38.6161175
32.6399481	34.1359463	38.0119431
33.6333562	35.174885	39.1688494
32.612665	34.1074119	37.98017
33.1000475	34.6171325	38.547765
33.4426831	34.9754744	38.9467944
34.2844275	35.8557969	39.927075
37.26206	38.9699031	43.3947756
42.6981881	44.6551875	49.7256006
47.2929994	49.4605919	55.07664
58.3472412	61.0214894	67.9502294
73.0220812	76.3689256	85.0403056
79.4012756	83.0404969	92.4694056
87.5755556	91.5894325	101.989044
76.6062331	80.1173506	89.214345
68.4263887	71.5625987	79.6882394
57.1505088	59.7699056	66.5565344
45.6280206	47.7193044	53.1376356
40.6331031	42.4954519	47.3206369
36.5422256	38.2170763	42.5564688
34.2512787	35.8211263	39.8884719
32.65708	34.1538631	38.0318944
32.2621087	33.7407869	37.5719169
24.3669213	25.4837375	28.3773112
22.9091875	23.9591913	26.6796581
24.8412175	25.9797725	28.92967
24.5562238	25.6817181	28.5977712
24.6798425	25.8110006	28.7417338
23.6850431	24.7706075	27.5832088
25.1547488	26.3076744	29.2948025
25.5579819	26.7293894	29.7644013
24.6839075	25.8152519	28.7464687
22.0842494	23.0964431	25.7189487
22.9888994	24.0425562	26.7724906
23.4337569	24.5078044	27.2905656
25.6616381	26.837795	29.8851169
27.3566219	28.6104656	31.8590675
29.9456525	31.3181612	34.8742081
35.8893706	37.5342994	41.796165
45.032325	47.096305	52.4438987
57.2890487	59.914795	66.7178769
76.8123294	80.3328925	89.4543613
94.1326519	98.44706	109.625319
100.538024	105.146003	117.084919
87.7939025	91.8177856	102.243328
68.1496956	71.2732213	79.3660012
52.3927506	54.7940831	61.0157256
41.5586381	43.4634087	48.3985006
35.1443587	36.7551406	40.9285369
29.1242556	30.4591175	33.917625
26.6451269	27.8663613	31.0304725
24.60885	25.7367544	28.6590587
24.2783963	25.3911531	28.274215
17.0958431	17.8794031	19.9095362
16.3332375	17.0818444	19.0214169
16.2835331	17.0298625	18.963535
17.304105	18.0972081	20.1520725
17.2432837	18.0335994	20.0812419
17.2736381	18.0653481	20.1165925
17.1947363	17.9828281	20.0247063
17.3748869	18.1712362	20.2345056
16.9147537	17.6900119	19.6986406
18.305415	19.1444119	21.3181806
19.8409737	20.7503506	23.1064694
24.2043769	25.3137431	28.1880138
31.1811081	32.6102425	36.3130031
43.436055	45.4268737	50.5849094
67.9455181	71.0596856	79.1282219
103.285612	108.019541	120.284713
1149.78960646845	1155.43215046845	1170.05141946845
89.9348444	94.0568575	104.736635
54.9154725	57.4324294	63.9536462
37.6594069	39.3854619	43.8575181
27.8351531	29.1109281	32.4163569
22.673255	23.7124463	26.4048963
18.9230275	19.7903319	22.0374431
17.9146044	18.73569	20.8630506
13.9215587	14.5596281	16.212815
13.5710519	14.19306	15.8046244
13.1347431	13.7367513	15.2965031
13.2182456	13.8240819	15.39375
13.4407644	14.0567975	15.6528906
13.3726031	13.985515	15.5735131
13.3762875	13.9893669	15.5778012
13.8367519	14.4709375	16.1140519
14.3111463	14.9670744	16.6665231
15.4379494	16.1455212	17.9787781
17.51474	18.3174988	20.3973756
21.2707331	22.2456419	24.7715431
26.7256194	27.9505413	31.1242113
41.1997144	43.0880319	47.9805006
65.9191775	68.9404738	76.76838
1544.37185972608	1549.11224172608	1561.39417472608
5029.21020397442	5035.63322297442	5052.27471597442
93.1692075	97.4394706	108.503313
54.4651375	56.961455	63.4291937
35.1049881	36.7139662	40.8826869
25.3591813	26.5214781	29.5328825
19.57564	20.4728569	22.7974638
16.5870969	17.3473387	19.3170587
15.2129313	15.91019	17.7167269
12.9105581	13.5022937	15.0354238
12.0920256	12.6462425	14.0821706
11.6765644	12.2117394	13.5983331
11.7002488	12.23651	13.625915
11.8355362	12.3779963	13.7834662
12.2589306	12.8207988	14.2765469
13.1204281	13.7217794	15.2798306
15.36695	16.0712681	17.896095
18.48738	19.3347156	21.5300931
26.0367188	27.2300675	30.3219294
36.4836488	38.1558156	42.4882512
61.6690925	64.4955913	71.8188012
83.3908975	87.2129762	97.1156494
55.3770769	57.9151925	64.4912244
34.70066	36.2911037	40.4118106
22.9736125	24.0265694	26.7546881
17.2430412	18.0333481	20.0809613
14.3666087	15.0250781	16.7311131
12.6979594	13.2799506	14.7878344
11.7830925	12.32315	13.7223925
11.4687469	11.9943975	13.3563131
11.8449506	12.3878437	13.7944331
13.1055181	13.7061875	15.2624687
16.625725	17.3877356	19.3620413
22.98139	24.0347025	26.7637456
31.6566294	33.1075563	36.8667831
41.4276156	43.32638	48.2459119
31.2878344	32.7218613	36.4372931
20.432395	21.3688788	23.7952281
15.2057806	15.9027112	17.7084012
14.052355	14.6964194	16.3651387
13.05009	13.6482175	15.1979163
14.3698162	15.0284325	16.7348487
18.4960037	19.3437387	21.54014
21.2982563	22.2744238	24.8035938
18.4718675	19.3184944	21.5120306
15.7895987	16.5132875	18.3883056
