#?RADIANCE
genskyvec -m 1
NROWS=146
NCOLS=1
NCOMP=3
FORMAT=ascii

3.52101531	3.682395	4.10051588
20.8882275	21.8456025	24.3260831
19.9262512	20.8395381	23.2057825
19.5530325	20.4492131	22.7711375
19.6252163	20.5247044	22.8552019
20.2390525	21.1666763	23.5700656
19.9497475	20.8641094	23.2331437
20.1078756	21.029485	23.4172981
19.9713794	20.8867344	23.2583369
20.8392081	21.7943369	24.2689969
19.6739113	20.5756319	22.9119106
20.6326612	21.5783231	24.0284556
19.9114138	20.82402	23.1885013
19.8912562	20.8029381	23.1650287
20.1714281	21.0959488	23.4913081
20.5027231	21.4424331	23.8771306
22.7853775	23.8297063	26.5354713
23.5410475	24.6200112	27.415515
29.7729456	31.1375375	34.6730769
41.4356275	43.3347588	48.2552431
55.6773838	58.2292606	64.8409569
92.5004256	96.7400331	107.72446
117.262157	122.636669	136.561548
129.139061	135.057921	150.393201
89.260625	93.3517356	103.951433
53.4414138	55.89081	62.2369825
38.2390738	39.991695	44.5325894
28.8999825	30.2245656	33.65644
25.2874769	26.4464844	29.449375
22.2488494	23.2685881	25.9106412
21.2786794	22.2539544	24.7807975
18.8372644	19.7006381	21.9375662
17.6138231	18.4211225	20.5127662
18.2917887	19.1301625	21.302315
18.0120194	18.8375694	20.9764988
17.938705	18.7608944	20.8911181
17.4525494	18.2524575	20.3249494
18.243405	19.0795588	21.2459637
18.6058613	19.4586306	21.6680775
18.3502275	19.1912788	21.3703706
16.9901006	17.7688131	19.7863894
17.4593662	18.2595887	20.33289
17.5179206	18.3208256	20.4010787
18.4154056	19.2594456	21.4462756
18.4926575	19.3402375	21.5362412
18.9477638	19.8162025	22.0662513
20.5126869	21.4528506	23.888735
24.0268044	25.1280319	27.9812163
28.0479381	29.3334681	32.6641638
38.6826944	40.45565	45.0492231
54.9415494	57.4597012	63.9840156
86.9139606	90.8975106	101.218559
953.667641850818	960.487497850818	978.157204850818
910.371956154531	917.073344154531	934.436100154531
90.2945213	94.4330156	105.155495
57.2582494	59.8825856	66.6820069
40.4107263	42.2628856	47.0616631
28.5999781	29.9108087	33.3070625
23.5176319	24.5955225	27.3882444
20.5221762	21.4627762	23.8997856
19.46134	20.3533187	22.6643556
13.7520831	14.3823862	16.0154469
12.9703025	13.5647756	15.1049981
12.7818563	13.3676906	14.8855394
13.4442675	14.0604631	15.65697
13.3843712	13.9978219	15.5872169
13.4580606	14.0748887	15.6730356
13.4378094	14.0537081	15.6494488
13.5466337	14.1675213	15.776185
12.9326681	13.525415	15.06117
13.4225112	14.0377088	15.6316331
13.5653656	14.1871106	15.7980006
14.5504637	15.21736	16.9452281
15.867295	16.5945463	18.4787887
18.3470519	19.1879594	21.3666738
25.1251569	26.2767269	29.2603419
37.9558887	39.6955338	44.2027981
62.0063756	64.8483331	72.2115975
463.820692960076	468.274194460076	479.812822460076
70.1734062	73.3896825	81.7227862
41.4994887	43.4015488	48.329615
28.3258694	29.6241369	32.9878363
20.9027856	21.8608287	24.3430363
16.0133975	16.7473456	18.6489381
14.7566362	15.4329825	17.1853331
10.5977794	11.0835116	12.3419994
10.3569594	10.8316521	12.0615431
9.94725662	10.4031724	11.5844106
10.0400797	10.5002498	11.6925119
10.2287009	10.6975161	11.9121737
10.1435296	10.6084418	11.8129869
10.0353039	10.4952547	11.6869481
10.2197427	10.6881473	11.9017425
10.1068282	10.5700594	11.7702456
10.3323202	10.8058862	12.03285
10.5256169	11.0080406	12.2579588
10.8275447	11.3238063	12.6095794
11.8831744	12.4278188	13.8389475
14.4639744	15.1269044	16.8445025
18.4694475	19.3159619	21.5092094
23.095225	24.1537556	26.896315
31.9244275	33.3876287	37.1786575
38.5141125	40.2793425	44.8528956
37.1610731	38.8642875	43.2771675
27.8482787	29.1246587	32.4316425
20.5544094	21.4964863	23.9373244
15.4853888	16.1951338	18.0340256
12.7888894	13.3750469	14.8937294
11.7733644	12.312975	13.7110638
8.85940981	9.26546594	10.3175209
8.46837775	8.85651131	9.86213162
8.17311212	8.54771281	9.51827037
8.28675219	8.6665615	9.650615
8.30124519	8.6817185	9.66749256
8.22751881	8.60461325	9.58163162
8.37090031	8.75456625	9.74861162
8.66964406	9.06700256	10.0965229
9.00650144	9.41929869	10.488822
10.0799277	10.5419249	11.7389156
11.1800606	11.6924787	13.0201131
14.6768744	15.3495644	17.0924438
18.7603194	19.6201675	21.8479569
20.1004487	21.02172	23.40865
17.1637631	17.9504369	19.9886356
13.6374825	14.2625338	15.881985
11.3095394	11.8278931	13.1709019
9.68253325	10.1263153	11.2761169
7.81355356	8.1716745	9.09953488
7.27158044	7.60486075	8.46836169
7.22902463	7.56035463	8.41880194
7.3110065	7.64609412	8.51427669
7.31467681	7.64993256	8.51855106
7.70154975	8.05453712	8.96909694
8.56497	8.95753081	9.97462138
9.74238206	10.1889076	11.3458162
11.90015	12.4455738	13.8587169
11.8065101	12.3476437	13.7496669
10.4355494	10.9138446	12.1530694
8.51373938	8.90395212	9.91495906
7.27382344	7.60720675	8.47097394
6.86419775	7.17880644	7.99393056
6.95400094	7.27272569	8.09851413
7.53988606	7.88546381	8.78082612
8.21306688	8.58949869	9.56480063
8.212079	8.58846569	9.56365112
7.17684719	7.50578556	8.35803687
