#?RADIANCE
genskyvec -m 1
NROWS=146
NCOLS=1
NCOMP=3
FORMAT=ascii

7.65243988	8.00317663	8.91190456
26.5572012	27.7744038	30.9280731
25.4900725	26.6583656	29.6853144
25.1152444	26.2663606	29.2487969
25.2566819	26.4142812	29.413515
26.1533113	27.3520025	30.4577106
25.9273481	27.1156825	30.1945581
26.0510194	27.2450231	30.3385844
26.0041238	27.1959787	30.28397
27.0075788	28.2454256	31.4525769
25.2662231	26.4242575	29.4246237
26.4624331	27.6752962	30.8177125
25.5087781	26.6779269	29.7070969
25.6247706	26.7992369	29.8421806
26.3163463	27.5225119	30.6475788
27.0676538	28.3082537	31.5225387
30.8370925	32.2504581	35.9123656
32.2457613	33.7236913	37.5528787
42.3323937	44.2726281	49.2996031
60.0899775	62.8441013	69.97979
76.7544556	80.2723644	89.3869638
118.287484	123.708994	137.755631
125.016942	130.746874	145.59265
125.073303	130.805822	145.658277
90.0256519	94.151825	104.842374
58.3201856	60.9931925	67.9187187
44.2519188	46.2801313	51.5350475
34.9035375	36.5032813	40.64808
31.4120769	32.8517962	36.5819844
28.06023	29.3463225	32.6784769
27.0503419	28.2901487	31.50238
25.7601619	26.9408356	29.9998575
24.539355	25.664075	28.5781262
25.0737881	26.2230038	29.2005175
24.8944219	26.0354156	28.9916319
24.8763262	26.0164913	28.9705569
24.47068	25.5922537	28.4981494
25.2139519	26.3695912	29.36375
25.5491225	26.7201231	29.754085
25.2721744	26.4304838	29.4315556
23.9808731	25.0799975	27.9277275
24.4016962	25.5201062	28.4178106
24.5305675	25.6548844	28.5678913
25.55979	26.7312806	29.7665069
26.1089562	27.3056156	30.4060575
27.4201525	28.6769088	31.9330531
30.7570212	32.1667169	35.8191163
36.3686363	38.03553	42.3543094
45.6535925	47.7460475	53.1674156
65.4448063	68.44436	76.2159369
96.10528	100.510101	111.922611
148.116025	154.90465	172.493456
1410.07426269803	1419.68875669803	1444.59905669803
904.570272612003	912.391691612003	932.656316612003
106.379443	111.255163	123.887738
70.9090819	74.1590781	82.5795406
51.7603981	54.1327494	60.2793
38.4204012	40.1813331	44.7437613
31.9205069	33.3835281	37.1740913
28.2015469	29.4941181	32.8430525
26.6619138	27.8839175	31.0500219
20.8549381	21.8107875	24.2873138
19.8683344	20.7789637	23.1383325
19.5728006	20.4698856	22.7941587
20.2854306	21.2151787	23.624075
20.2407338	21.1684325	23.5720213
20.3323694	21.2642725	23.6787412
20.2975956	21.2279012	23.6382438
20.4107519	21.3462444	23.7700219
19.7860831	20.6929456	23.0425444
20.5001056	21.4396931	23.8740831
21.0515775	22.0164406	24.5163187
23.1842288	24.2468412	26.9999688
26.6088425	27.8284137	30.9882169
32.9856831	34.4975275	38.4145806
48.1790625	50.3872675	56.1085356
77.1211756	80.655895	89.8140381
137.2094	143.49815	159.791787
1495.39275255247	1504.78437755247	1529.11727155247
111.017153	116.105441	129.288741
65.2268844	68.2164506	75.9621475
43.13711	45.1142263	50.2367613
31.8480481	33.3077494	37.0897081
24.7662638	25.9013844	28.8423788
22.4312406	23.4593381	26.1230506
17.560315	18.3651606	20.4504531
17.0117094	17.7914131	19.8115556
16.4049775	17.1568706	19.1049638
16.45962	17.2140188	19.1685994
16.6527675	17.4160175	19.3935363
16.5537363	17.3124475	19.278205
16.4420844	17.1956775	19.1481775
16.7024762	17.4680062	19.4514263
16.6983825	17.4637244	19.4466575
17.18371	17.9712962	20.0118637
17.9271325	18.7487931	20.8776412
19.2763406	20.1598387	22.448905
21.8232044	22.8234356	25.4149419
28.36059	29.6604494	33.0282719
38.866525	40.647905	45.2633081
51.9430006	54.3237206	60.491955
75.2933331	78.7442781	87.68537
87.8126044	91.8373425	102.265107
73.8903825	77.2770237	86.0515112
50.7727481	53.0998325	59.1291
35.8380994	37.4806787	41.736455
26.3161187	27.5222725	30.6473156
21.5458712	22.5333925	25.0919644
19.4606875	20.3526331	22.6635925
15.8487219	16.5751213	18.4571569
14.9287406	15.6129738	17.3857612
14.3992094	15.059175	16.7690819
14.4375769	15.0992994	16.8137637
14.4531556	15.1155925	16.8319063
14.4582663	15.1209375	16.8378594
14.79754	15.4757587	17.2329675
15.6634569	16.3813656	18.2414019
16.8337719	17.6053169	19.6043294
19.8954256	20.8072975	23.1698806
23.6666906	24.7514106	27.5618344
33.1828369	34.7037175	38.6441819
44.2015544	46.2274575	51.4763963
45.4725731	47.5567313	52.9566031
36.1933238	37.8521825	42.1501431
26.7942844	28.0223556	31.2041781
21.0562069	22.0212831	24.5217087
17.5754494	18.3809894	20.468075
14.7837613	15.4613506	17.2169231
13.7034962	14.3315725	15.9588625
13.4084262	14.0229781	15.6152313
13.5171875	14.1367256	15.7418931
13.8361262	14.4702825	16.1133225
15.1600994	15.8549375	17.6552
17.72143	18.5336625	20.6380819
21.3758087	22.3555325	24.8939112
27.2913263	28.5421787	31.783025
26.1702062	27.3696725	30.4773875
21.409405	22.3906681	24.9330356
16.7951425	17.5649181	19.5593431
14.6560081	15.3277425	17.0681444
13.6525619	14.2783038	15.8995456
14.0055169	14.6474362	16.3105925
15.759055	16.481345	18.3527337
17.80342	18.61941	20.7335681
17.3592362	18.1548681	20.2162781
14.9030781	15.5861337	17.3558762
