#?RADIANCE
genskyvec -m 1
NROWS=146
NCOLS=1
NCOMP=3
FORMAT=ascii

10.3452931	10.8194519	12.0479575
28.1367456	29.4263488	32.7675894
27.9527856	29.2339519	32.5533487
28.75278	30.0706156	33.4850106
30.6939462	32.1007525	35.7456606
34.5959088	36.1815519	40.2898212
41.0811719	42.964055	47.8424487
50.1357806	52.43367	58.3872988
67.139595	70.2168231	78.1896562
89.4423375	93.54178	104.163065
95.1539906	99.5152112	110.814757
104.441174	109.228054	121.630452
81.0861656	84.8026125	94.4316025
62.0948194	64.94083	72.3145944
48.7540531	50.9886112	56.7781587
39.08637	40.8778275	45.5193369
33.8058288	35.3552619	39.3697075
30.4135338	31.8074856	35.4190956
28.6456312	29.9585531	33.3602244
27.6834613	28.9522869	32.2397006
28.7302613	30.0470631	33.4587844
29.2990894	30.6419619	34.12123
29.8613706	31.230015	34.7760563
29.9526219	31.3254513	34.8823269
31.7242619	33.1782913	36.9455481
31.5125006	32.9568231	36.6989344
32.3691613	33.8527456	37.6965863
31.5243438	32.9692087	36.7127294
30.51739	31.9161025	35.5400475
29.1436588	30.4794081	33.9402194
28.2296037	29.5234594	32.8757262
20.754105	21.705335	24.1698875
19.7271431	20.6313044	22.9739038
22.1882044	23.2051631	25.8400131
23.8105825	24.9019	27.7294075
28.4828144	29.7882756	33.1706112
34.4022131	35.97898	40.0642437
45.5274325	47.614105	53.0204906
64.6201075	67.58186	75.2555044
94.7503144	99.0930362	110.344644
125.823888	131.590819	146.532412
121.538131	127.108606	141.541294
89.8784763	93.9979069	104.670971
63.6377713	66.5545013	74.1114913
44.5112137	46.5513094	51.8370212
33.8566737	35.4084369	39.42892
26.7642456	27.9909388	31.169195
25.1706269	26.3242794	29.3132944
21.1937444	22.1651231	24.6818831
20.2868737	21.2166869	23.6257537
19.3390231	20.2253944	22.5219056
19.84909	20.7588381	23.11592
20.8239225	21.7783531	24.2511944
20.0126831	20.9299312	23.3064406
22.2459669	23.2655719	25.9072831
22.8642475	23.9121931	26.6273244
23.1911112	24.2540362	27.0079813
21.6599925	22.6527413	25.2248662
21.6316337	22.6230825	25.1918412
20.5814731	21.52479	23.9688419
20.6249338	21.5702425	24.0194556
14.112895	14.7597363	16.4356444
14.1477225	14.7961581	16.4762012
15.7598081	16.4821344	18.35361
20.2778756	21.2072794	23.6152775
27.3464169	28.5997925	31.8471838
42.1511175	44.0830444	49.0884925
71.0076456	74.2621625	82.6943287
1859.69460139415	1865.49759839415	1880.53262339415
2120.91987197458	2127.24738397458	2143.64144697458
74.6308194	78.0514006	86.9138206
44.9842613	47.0460369	52.3879238
28.0877881	29.3751431	32.71057
20.4862694	21.4252212	23.8579681
16.54819	17.3066475	19.2717469
14.9133638	15.5968913	17.3678556
14.2847175	14.9394337	16.6357463
13.6807025	14.3077331	15.9323169
14.6224394	15.2926337	17.0290506
14.3151275	14.9712362	16.6711575
13.7291206	14.3583712	15.9887056
14.4271925	15.0884381	16.8016681
14.4095462	15.0699825	16.7811187
13.4840125	14.1020294	15.7032575
13.9430969	14.582155	16.2379
10.8751382	11.3735819	12.665005
11.7415225	12.279675	13.6739819
13.2969106	13.9063506	15.4853619
15.8741462	16.6017106	18.4867663
22.697105	23.7373881	26.4326712
30.3570925	31.7484594	35.3533669
51.2760544	53.6262056	59.7152431
78.9953281	82.6159381	91.9966394
1537.75946915923	1541.25424785923	1550.30888725923
52.1973269	54.5897019	60.7881406
32.5719875	34.0648694	37.932795
21.3870806	22.36732	24.9070388
17.0498431	17.8312944	19.855965
13.64278	14.2680731	15.8881531
11.9795675	12.5286319	13.9512044
10.9680694	11.4707719	12.7732313
10.5296297	11.0122375	12.26263
10.45451	10.9336754	12.17515
10.660089	11.1486743	12.4145631
10.6183616	11.1050352	12.3659681
10.6870361	11.1768585	12.4459444
10.7356252	11.2276747	12.5025294
10.5207784	11.0029815	12.252325
10.8070671	11.3023919	12.5857319
9.38423144	9.81434181	10.9287213
10.6339857	11.1213762	12.3841638
12.7816806	13.3675069	14.8853325
17.7447294	18.5580275	20.665215
25.608705	26.782435	29.8234725
37.2339956	38.9405537	43.3620931
39.9241488	41.7540056	46.4950019
28.29188	29.5885894	32.9482519
20.0728888	20.9928956	23.3765519
14.2787481	14.9331881	16.6287925
11.2994444	11.8173356	13.1591456
9.91830863	10.3728976	11.5506956
9.1604505	9.5803045	10.6681075
8.73392406	9.13422837	10.1713813
8.52751075	8.91835462	9.93099756
8.54746588	8.93922444	9.95423687
8.73775	9.13823031	10.1758388
8.91132081	9.31975594	10.3779766
9.01166731	9.42470194	10.4948377
10.5905006	11.0758988	12.3335212
14.6707275	15.3431363	17.0852881
20.9039075	21.8620044	24.3443444
20.9897594	21.95179	24.4443256
16.2769444	17.0229719	18.9558612
12.2558719	12.8175981	14.272985
9.85198688	10.3035366	11.4734606
8.49868937	8.88821212	9.89743231
8.01105675	8.37822988	9.32954362
7.95123488	8.31566638	9.25987631
8.16809994	8.54247075	9.5124335
9.06092231	9.4762145	10.5521994
11.0443006	11.5504994	12.8620094
12.4659713	13.0373294	14.5176644
11.1168339	11.6263558	12.94648
8.72849	9.12854537	10.1650536
8.21779488	8.59444356	9.57030737
9.69674456	10.1411795	11.2926681
