#?RADIANCE
genskyvec -m 1
NROWS=146
NCOLS=1
NCOMP=3
FORMAT=ascii

15.6505762	16.3678938	18.2264
27.2177088	28.4651869	31.6972906
26.51574	27.7310437	30.8797906
26.833035	28.0628806	31.2493063
27.5910463	28.855635	32.1320744
28.7082131	30.0240056	33.4331081
32.1411144	33.6142494	37.4310094
36.4512994	38.1219825	42.4505794
43.6145781	45.6135775	50.7928125
52.6955719	55.1107825	61.3683863
61.1368175	63.9389187	71.1989206
68.4757906	71.6142637	79.7457694
64.385635	67.3366425	74.9824425
55.7203175	58.2741625	64.8909544
46.7158588	48.8570006	54.4045144
39.3057712	41.1072844	45.7748475
33.5293825	35.0661456	39.0477619
30.8587919	32.2731506	35.9376356
27.5089094	28.7697312	32.0364169
25.9364581	27.1252112	30.2051687
27.3360569	28.5889581	31.8351181
26.8371337	28.0671675	31.2540813
28.43485	29.7381125	33.1147537
28.2499187	29.5447056	32.8993875
30.8207075	32.2333212	35.893285
32.1839962	33.6590963	37.4809475
33.1236813	34.6418488	38.5752894
33.13074	34.6492319	38.5835087
30.8607581	32.2752075	35.9399269
29.7071813	31.0687594	34.5964887
27.8782625	29.1560156	32.4665619
17.7273669	18.5398719	20.6449994
16.3716719	17.12204	19.0661794
18.038605	18.8653706	21.0074581
18.6337387	19.4877844	21.7005431
21.1441975	22.113305	24.6241806
23.9685994	25.0671606	27.9134331
29.5710475	30.9263881	34.4379512
38.0656444	39.8103194	44.3306181
50.6109994	52.9306675	58.9407287
64.9959081	67.9748869	75.6931544
74.4740994	77.8874931	86.7312987
70.26411	73.4845469	81.8284169
56.4958619	59.0852556	65.7941444
42.6901781	44.64681	49.7162713
33.0574431	34.5725744	38.4981494
25.7191138	26.8979081	29.9520531
23.3625913	24.4333769	27.2076862
19.1697394	20.0483506	22.32476
17.6863963	18.4970212	20.5972819
16.4852319	17.2408062	19.1984281
16.7075463	17.4733081	19.45733
17.4876281	18.2891456	20.3658025
16.9045569	17.6793494	19.6867669
19.1663456	20.0448025	22.3208069
19.9504913	20.8648863	23.23401
20.5018887	21.4415581	23.8761581
19.2053269	20.0855719	22.3662063
19.25131	20.1336619	22.4197575
18.1342962	18.9654487	21.1189006
17.9376619	18.7598031	20.8899025
12.1209213	12.6764625	14.1158231
12.0604813	12.6132538	14.0454369
13.116115	13.7172675	15.2748094
15.963175	16.69482	18.59045
20.0971781	21.0183	23.4048413
28.0748706	29.3616338	32.6955269
42.6131212	44.5662212	49.6265338
68.8843331	72.0415294	80.2215519
1147.43968282992	1151.89302162992	1163.43122062992
80.9301519	84.6394475	94.2499169
51.5505437	53.9132756	60.0349069
30.8997794	32.3160187	35.9853694
21.5851694	22.5744887	25.1377294
16.71777	17.4839987	19.4692363
14.1237925	14.7711319	16.4483331
12.8827319	13.4731894	15.0030162
11.9932112	12.5428988	13.9670931
12.5435588	13.1184712	14.6080213
12.3583125	12.9247337	14.3922844
12.0015938	12.5516669	13.976855
12.6616938	13.24202	14.7455981
12.6926731	13.2744206	14.7816763
11.9023538	12.4478763	13.8612819
12.1889994	12.7476613	14.195105
9.95010544	10.4061526	11.5877269
10.6337469	11.1211269	12.3838856
11.9314238	12.4782781	13.8951363
13.8485569	14.4832812	16.1277994
18.8109713	19.6731394	21.9069431
24.4104531	25.529265	28.4280094
41.2647963	43.1560994	48.0562969
71.8704275	75.1644856	83.699105
5152.16626018432	5157.31844618432	5170.66733018432
1526.89906426512	1530.73348866512	1540.66814426512
46.987855	49.1414644	54.7212737
28.125725	29.4148212	32.754755
20.7550875	21.7063613	24.17103
15.1607794	15.8556475	17.6559919
12.477415	13.049295	14.5309881
11.0113969	11.5160856	12.8236912
10.1243554	10.5883888	11.7906556
9.76323038	10.2107109	11.3700962
9.75197894	10.1989458	11.3569944
9.69329575	10.1375718	11.2886506
9.75559175	10.202722	11.3612019
9.80801562	10.2575499	11.4222531
9.65390769	10.096378	11.24278
9.83807288	10.2889848	11.4572556
9.26360194	9.68818344	10.7882387
10.4589585	10.9383275	12.1803294
12.6263431	13.2050487	14.7044281
17.2144019	18.0033938	20.0476081
25.3803887	26.5436569	29.55758
45.4087262	47.4899575	52.8822487
61.9652794	64.8053538	72.1637362
45.9858519	48.0935344	53.5543569
29.603185	30.9599975	34.4753794
18.7112875	19.5688887	21.7908531
13.8388006	14.4730775	16.1164375
11.1198669	11.6295275	12.9500131
9.62428369	10.0653966	11.2082806
8.83181775	9.23660906	10.2853881
8.53238494	8.92345212	9.93667362
8.44632556	8.83344869	9.8364505
8.55830338	8.95055869	9.96685769
8.75920463	9.16066781	10.2008241
9.60933675	10.049764	11.1908744
11.66324	12.197805	13.5828163
16.4950862	17.2511106	19.2099019
26.1235144	27.3208413	30.4230112
30.2693481	31.6566912	35.2511806
24.1863394	25.2948794	28.1670106
16.7096487	17.4755075	19.45978
12.3581331	12.9245475	14.3920769
9.77282325	10.2207424	11.3812669
8.82292669	9.22731056	10.2750344
8.4134415	8.79905744	9.79815462
8.77506906	9.17725944	10.2192993
10.6236773	11.1105954	12.3721594
13.6839337	14.3111138	15.9360831
16.7594087	17.5275481	19.5177288
15.0290613	15.7178919	17.5025938
10.7901376	11.284684	12.5660137
9.63191875	10.0733816	11.2171731
12.2559731	12.817705	14.2731037
