#?RADIANCE
genskyvec -m 1
NROWS=146
NCOLS=1
NCOMP=3
FORMAT=ascii

21.2919219	22.2678006	24.7962175
35.5689012	37.19914	41.4229531
36.0730981	37.7264481	42.0101294
36.6008887	38.2784256	42.6247856
37.1066531	38.8073738	43.2137925
36.7368781	38.4206481	42.7831569
36.2769194	37.9396119	42.2474988
36.3233425	37.9881625	42.3015606
35.0222437	36.6274281	40.786325
34.6406825	36.2283781	40.3419619
35.9509219	37.5986719	41.8678475
35.4174175	37.0407144	41.2465356
36.4426463	38.112935	42.4405025
37.4695444	39.1868944	43.6364056
39.0307681	40.8196781	45.4545863
42.5477581	44.4978638	49.550415
48.7720769	51.0074625	56.79915
52.4813019	54.8866925	61.1188525
62.4931375	65.357405	72.77847
71.4658106	74.7413225	83.2278956
71.787635	75.0778981	83.6026875
73.2856413	76.6445637	85.3472387
63.5951963	66.5099756	74.06191
57.4564788	60.0898981	66.91286
50.4358225	52.7474613	58.73672
43.1526594	45.1304869	50.2548719
40.2847369	42.1311181	46.9149344
37.7133525	39.4418781	43.9203444
36.2546363	37.9163075	42.2215469
35.2204438	36.8347131	41.0171456
35.0461406	36.6524206	40.814155
27.1418306	28.3858319	31.6089275
25.6488219	26.8243906	29.87019
27.4647156	28.7235138	31.9849513
27.0363194	28.2754819	31.4860488
27.0031725	28.2408163	31.4474475
25.9717237	27.1620931	30.2462375
27.3560175	28.6098337	31.8583644
27.8104262	29.0850706	32.3875625
27.1993413	28.4459763	31.6759
25.0487019	26.1967637	29.1713012
26.3656669	27.5740938	30.7050175
27.3999206	28.6557494	31.9094925
30.3297912	31.7199075	35.3215706
33.1009838	34.6181087	38.5488544
36.9087356	38.600385	42.9833006
44.5718175	46.6146931	51.9075994
54.1201963	56.6007037	63.0274831
66.9240194	69.9913669	77.9385994
80.2992856	83.9796662	93.5152144
86.5420019	90.5085081	100.785368
82.1142044	85.8777687	95.628835
69.2137825	72.38608	80.6052231
55.57183	58.1188694	64.7180288
45.7687931	47.8665281	53.3015762
38.8126131	40.5915219	45.2005219
34.62442	36.2113712	40.3230256
30.26519	31.6523431	35.2463394
28.6414069	29.9541363	33.3553056
27.0749244	28.3158569	31.5310069
26.974175	28.2104881	31.4136744
19.8543369	20.7643281	23.12203
19.0918475	19.9668912	22.2340475
18.9932044	19.8637244	22.1191694
19.9197206	20.8327069	23.1981744
19.834845	20.7439406	23.0993288
19.9258469	20.8391131	23.2053088
20.0363406	20.9546719	23.3339894
20.5640044	21.50652	23.9484981
20.6313425	21.576945	24.0269181
22.873595	23.9219656	26.6382075
25.615795	26.7898525	29.8317294
32.3579244	33.8409931	37.6835012
43.0015556	44.9724594	50.0788975
60.2253825	62.9857119	70.1374806
86.0974769	90.0436088	100.267691
105.498154	110.333471	122.861394
94.7396294	99.0818581	110.332194
70.0436706	73.2540038	81.5716925
47.4706481	49.646385	55.2835294
35.72494	37.3623313	41.6046713
28.3947056	29.6961281	33.0680025
24.4187819	25.537975	28.4377081
21.3537525	22.3324669	24.8682256
20.5763494	21.5194312	23.962875
16.8147794	17.5854556	19.5822125
16.4464169	17.2002125	19.1532256
16.0063275	16.7399487	18.6407031
16.0691306	16.8056313	18.7138425
16.3186913	17.0666313	19.0044781
16.343315	17.0923813	19.0331525
16.6255538	17.3875575	19.3618444
17.4709544	18.2717081	20.3463856
18.6590881	19.514295	21.7300631
20.7012388	21.6500462	24.1083194
24.5896044	25.7166269	28.6366438
31.7632219	33.2190356	36.9909206
41.1797225	43.067125	47.95722
65.4898044	68.4914181	76.2683381
103.774319	108.530638	120.853853
3779.55103061035	3786.54807361035	3804.67681761035
130.323638	136.296781	151.772731
82.0506925	85.8113475	95.5548806
51.0133356	53.3514444	59.4092825
35.3225881	36.9415387	41.1360981
27.0820581	28.3233194	31.5393156
22.0364163	23.0464187	25.663245
19.345125	20.2317756	22.5290112
18.02881	18.8551287	20.9960519
16.196465	16.9388031	18.862135
15.2908681	15.9917006	17.8074906
14.9080162	15.5913006	17.3616288
14.9608519	15.6465581	17.4231587
15.30934	16.0110181	17.8290031
16.3782144	17.1288806	19.0737969
18.06194	18.8897788	21.0346344
22.4116931	23.4388956	26.100285
28.5842944	29.8944087	33.2887944
43.3961756	45.3851656	50.5384663
65.0324994	68.0131531	75.7357688
2663.97284854358	2669.23130554358	2682.85551554358
2373.36435822032	2379.03060822032	2393.71136022032
63.7941962	66.7180963	74.2936619
39.7908981	41.6146462	46.3398206
26.9938887	28.2311081	31.4366344
20.7342731	21.6845938	24.14679
17.7444244	18.5577094	20.6648631
16.6093062	17.3705644	19.3429206
15.7412363	16.4627106	18.3319825
15.4645187	16.1733075	18.00972
16.3265931	17.0748938	19.0136788
19.0110181	19.8823556	22.1399169
26.1081063	27.3047275	30.4050663
38.8869981	40.6693181	45.2871537
55.2444706	57.776505	64.3367913
65.3691769	68.3652594	76.1278525
42.469805	44.4163375	49.4596313
26.0533175	27.2474269	30.3412619
19.8692731	20.7799487	23.1394237
19.5948138	20.49291	22.819795
18.6518287	19.5067031	21.7216094
21.5523687	22.5401844	25.09953
29.503365	30.8556012	34.3591269
32.5430912	34.0346487	37.8991431
26.2113494	27.4127006	30.5253038
23.472	24.5478006	27.3351013
