#?RADIANCE
genskyvec -m 1
NROWS=146
NCOLS=1
NCOMP=3
FORMAT=ascii

24.5164581	25.6401281	28.55146
35.0782569	36.68601	40.8515588
36.7175156	38.4004019	42.7606106
37.8711981	39.6069613	44.1041675
38.3253487	40.0819275	44.6330662
36.5252831	38.1993575	42.5367387
35.7251056	37.3625038	41.6048637
35.1104325	36.7196581	40.8890262
32.9966906	34.5090363	38.4273981
31.4234906	32.8637306	36.595275
34.7506688	36.3434081	40.4700519
33.1754219	34.6959594	38.6355425
35.9484525	37.5960887	41.8649712
37.8104369	39.5434125	44.0334062
39.87784	41.7055719	46.4410706
44.4615487	46.4993669	51.7791806
49.7054744	51.98364	57.8861706
53.1874706	55.62523	61.9412463
57.6167075	60.2574731	67.0994613
59.0905556	61.7988719	68.81588
57.5095844	60.1454388	66.9747075
53.7704675	56.234945	62.6201944
48.2323575	50.4430062	56.1706044
43.1286769	45.1054069	50.2269406
40.0647519	41.9010519	46.6587438
36.8338531	38.5220694	42.8960925
35.4246869	37.048315	41.2550012
34.8427988	36.4397575	40.5773425
33.3872062	34.9174531	38.8821862
33.6726988	35.2160287	39.214665
33.9982225	35.5564738	39.5937644
23.0308631	24.0864425	26.8213606
21.6406219	22.6324813	25.2023081
23.7525119	24.8411681	27.6617819
23.1502506	24.2113025	26.9603975
22.9548638	24.0069625	26.7328519
21.6850319	22.6789281	25.2540281
22.9620469	24.0144737	26.7412187
23.2943456	24.3620019	27.1282063
22.75629	23.7992862	26.5015975
21.1307231	22.099215	24.6084881
22.9547944	24.0068894	26.7327725
24.7550388	25.889645	28.8293069
28.4595669	29.7639637	33.1435406
32.3248519	33.8064069	37.644985
36.7392725	38.4231556	42.7859481
43.9679325	45.9831287	51.2043225
50.8323825	53.1621988	59.1985488
57.2513912	59.87541	66.6740194
59.0259813	61.7313375	68.7406781
55.8893825	58.4509769	65.0878481
49.5946875	51.8677762	57.7571494
42.07762	44.0061769	49.0028994
34.7181087	36.3093531	40.4321325
30.9730225	32.3926206	36.0706687
27.7090875	28.9790869	32.2695431
25.8034625	26.9861181	30.0502831
23.2386575	24.3037631	27.0633569
22.7821588	23.82634	26.5317231
21.9797363	22.9871394	25.5972356
22.3959763	23.4224587	26.0819831
15.83231	16.5579569	18.4380438
15.277825	15.9780588	17.7923019
15.2727387	15.9727387	17.7863794
16.107945	16.8462269	18.7590463
16.02209	16.7564363	18.6590606
16.1748225	16.9161688	18.8369294
16.5458131	17.3041612	19.2689781
17.5455819	18.3497544	20.433295
18.5062094	19.3544106	21.5520238
21.776865	22.77497	25.3609744
25.8890369	27.075615	30.1499406
34.3855631	35.9615681	40.0448556
46.1979738	48.3153794	53.8013925
60.7546438	63.53923	70.7538494
70.2941456	73.5159581	81.8633938
65.9097569	68.9306181	76.7574087
50.84912	53.1797037	59.2180406
39.2196281	41.0171931	45.6745288
29.1723031	30.5093656	33.9735781
23.7300687	24.817695	27.6356431
20.2473469	21.17535	23.579725
18.1779362	19.0110919	21.1697219
16.3990437	17.1506644	19.0980531
16.1536506	16.8940275	18.8122737
13.3953988	14.009355	15.60006
13.188315	13.7927769	15.3588913
12.9465781	13.5399637	15.07737
13.0506581	13.6488125	15.1985819
13.4074981	14.0220087	15.6141494
13.6329363	14.25778	15.8766919
14.4140912	15.0747362	16.7864113
15.8271656	16.5525775	18.4320556
18.0836506	18.9124844	21.0599181
21.3153694	22.2923231	24.823525
27.4419144	28.6996638	31.9583963
38.8132144	40.5921538	45.2012262
51.9230363	54.3028406	60.4687037
79.9884331	83.6545644	93.1532056
1973.51311653285	1978.23705953285	1990.47635053285
98.02124	102.51388	114.153922
67.6215462	70.7208637	78.7509281
45.61315	47.7037519	53.1203169
31.2105288	32.6410119	36.3472631
23.6387587	24.7222013	27.5293062
19.3743806	20.2623725	22.5630831
16.5724	17.3319675	19.2999413
14.9729156	15.6591737	17.4372075
14.1406431	14.7887544	16.467955
13.3393769	13.9507644	15.5348156
12.74147	13.3254556	14.8385044
12.6638887	13.2443175	14.7481563
12.9170562	13.5090856	15.0429869
13.6708344	14.297415	15.9208275
15.7725494	16.4954588	18.3684494
18.6249294	19.4785712	21.6902825
25.8576794	27.0428225	30.1134244
36.3668169	38.0336275	42.3521912
62.1904763	65.0408719	72.4259969
2631.91820544165	2636.63741644165	2648.86453644165
5091.33651831552	5097.75718031552	5114.39248731552
80.8391169	84.5442437	94.1439012
42.83604	44.7993569	49.8861412
28.4579044	29.7622225	33.1416013
20.4565381	21.3941281	23.823345
16.3375275	17.08633	19.0264125
14.379875	15.0389531	16.7465644
14.4202894	15.08122	16.7936288
14.1924913	14.8429781	16.5283375
14.3958338	15.0556438	16.7651512
16.115995	16.8546456	18.7684219
20.7261413	21.6760894	24.13732
32.7754681	34.2776769	38.1697675
55.3419025	57.8784056	64.4502619
77.8197688	81.3865056	90.6276019
64.5408056	67.4989231	75.16315
35.7926031	37.4330969	41.6834719
21.3819756	22.3619831	24.9010944
17.0858569	17.8689588	19.8979056
18.56469	19.4155731	21.6201294
18.7392231	19.5981044	21.8233869
23.7797237	24.8696263	27.6934719
35.8066319	37.4477687	41.6998081
34.4941681	36.0751487	40.171335
24.8509756	25.9899787	28.9410337
24.635325	25.7644469	28.6898925
