#?RADIANCE
genskyvec -m 1
NROWS=146
NCOLS=1
NCOMP=3
FORMAT=ascii

18.475505	19.3222994	21.5162656
28.1648513	29.4557406	32.8003194
27.4828725	28.7425037	32.0061
27.6754675	28.9439256	32.2303913
28.1196981	29.4085169	32.7477331
28.5810725	29.8910381	33.2850419
31.27166	32.7049425	36.4184537
34.6803288	36.2698431	40.388135
40.0848981	41.9221213	46.6822063
46.8901756	49.0393056	54.6075194
54.7960913	57.3075769	63.8146188
61.4139481	64.2287519	71.5216625
60.9107125	63.70245	70.9356037
55.5485675	58.0945419	64.6909394
48.4106644	50.6294844	56.3782556
41.6103775	43.5175175	48.4587537
35.7994406	37.4402481	41.6914338
32.9057294	34.4139075	38.3214663
29.1050794	30.4390625	33.8952931
27.0103625	28.2483356	31.45582
28.0815369	29.3686063	32.7032913
27.0839356	28.3252825	31.5415031
28.531805	29.8395106	33.227665
28.13392	29.4233913	32.7642969
30.5809012	31.9825244	35.6140081
32.1650112	33.6392419	37.4588394
33.1969769	34.7185031	38.6606469
33.5341269	35.0711056	39.0532856
31.3883612	32.8269925	36.5543637
30.5147919	31.9133844	35.53702
28.7797819	30.0988531	33.5164537
18.1215356	18.9521038	21.1040406
16.6789919	17.4434463	19.4240763
18.2628206	19.0998669	21.2685775
18.608075	19.4609444	21.6706569
20.6609237	21.6078825	24.0613675
22.8629544	23.9108369	26.6258156
27.5174275	28.7786412	32.0463375
34.1831475	35.7498756	39.8091256
43.6214975	45.6208156	50.8008706
54.2160175	56.7009162	63.1390738
63.9031712	66.8320644	74.4205713
65.2667713	68.2581631	76.0085969
56.7861394	59.3888338	66.1321937
45.567605	47.6561194	53.0672769
36.1592925	37.8165938	42.1105131
28.2385325	29.5328006	32.8861269
25.3273856	26.4882231	29.4958537
20.6167256	21.5616594	24.0098969
18.6715344	19.5273131	21.74456
17.1371225	17.9225744	19.9576094
17.0574962	17.8392969	19.8648762
17.565885	18.3709869	20.4569388
16.8411025	17.6129869	19.6128694
18.9686188	19.8380131	22.0905406
19.7441237	20.6490619	22.9936794
20.3584906	21.2915869	23.70916
19.2061994	20.0864831	22.3672225
19.4006837	20.2898806	22.5937156
18.4016781	19.2450888	21.43029
18.2929594	19.1313862	21.3036769
12.3705406	12.9375225	14.4065262
12.2718244	12.8342831	14.2915631
13.2084875	13.8138763	15.3823838
15.7482919	16.4700875	18.3401975
19.26014	20.1428962	22.43004
25.7598706	26.9405319	29.99952
36.9724706	38.6670419	43.0575263
56.3058825	58.8865675	65.5728956
79.0068537	82.6280013	92.0100706
79.19704	82.8269	92.23155
57.4501194	60.0832494	66.9054556
35.4541162	37.0790981	41.2892756
24.6102406	25.7382119	28.6606769
18.7625738	19.6225256	21.8505838
15.4284437	16.1355794	17.9677087
13.725985	14.3550913	15.9850519
12.4730363	13.044715	14.5258912
12.7820019	13.3678444	14.8857075
12.4488587	13.0194306	14.4977325
12.0648475	12.6178188	14.0505225
12.7054144	13.2877456	14.7965156
12.7855912	13.3715975	14.8898862
12.085	12.6388944	14.0739888
12.4264931	12.9960406	14.4716863
10.2259776	10.6946662	11.9090019
10.88403	11.3828806	12.6753606
12.1077806	12.66272	14.1005212
13.8743831	14.5102931	16.1578781
18.3547975	19.19606	21.3756944
23.2719888	24.3386225	27.1021719
37.6806156	39.4076444	43.8822194
63.6011556	66.5162069	74.06885
3527.48220185531	3532.59537185531	3545.84314585531
3293.51975179162	3298.32002779162	3310.75714479162
59.5532763	62.2827994	69.3547563
34.8789	36.4775156	40.6193888
24.9684462	26.1128312	29.0778363
17.5143487	18.3170881	20.3969181
13.9890381	14.6302019	16.2914019
12.0944806	12.6488094	14.08503
10.8525694	11.3499781	12.6387231
10.2579843	10.7281394	11.9462763
10.0649625	10.5262727	11.7214881
9.92464275	10.3795231	11.5580725
9.95400344	10.4102291	11.5922681
10.0157239	10.4747781	11.664145
9.89700606	10.3506178	11.5258881
10.0950842	10.557776	11.7565687
9.6518855	10.0942633	11.240425
10.8444	11.3414337	12.6292081
13.0242706	13.6212162	15.1678506
17.4849187	18.2863113	20.3626462
25.4603931	26.6273288	29.6507531
47.3341919	49.5036725	55.1246106
2046.72470145651	2050.07067145651	2058.73979075651
61.8380225	64.6722625	72.0155331
38.3922925	40.1519406	44.7110275
22.9943687	24.0482769	26.7788606
16.3563525	17.1060188	19.0483356
12.615735	13.1939556	14.692075
10.5716425	11.0561756	12.3115587
9.46052975	9.89413713	11.0175756
9.0296315	9.44348925	10.5157594
8.84942512	9.25502338	10.3058944
8.91995631	9.32878725	10.3880337
9.1326695	9.55124987	10.6357556
10.1994975	10.6669739	11.878165
12.4511787	13.0218575	14.5004362
17.6288825	18.4368744	20.5303062
28.8141237	30.1347706	33.5564513
36.3050037	37.9689819	42.2802056
30.6384169	32.0426763	35.6809919
20.4735931	21.4119638	23.8432056
14.4913875	15.1555756	16.8764306
10.9685888	11.471315	12.7738387
9.64517056	10.0872414	11.232605
8.99343075	9.40562925	10.4736006
9.37548269	9.80519163	10.9185319
11.6568069	12.1910781	13.5753231
15.3263894	16.0288494	17.8488594
19.6413481	20.5415756	22.8739869
17.923165	18.7446425	20.8730213
12.2720563	12.8345262	14.2918337
10.6504248	11.1385681	12.4033081
13.9475475	14.5868087	16.2430825
