#?RADIANCE
genskyvec -m 1
NROWS=146
NCOLS=1
NCOMP=3
FORMAT=ascii

0.214430244	0.224258294	0.2497219
5.8007835	6.06665263	6.75549619
6.19640644	6.48040806	7.21623175
6.83219837	7.14534063	7.95666481
8.18072256	8.55567238	9.52713325
11.0684809	11.5757857	12.8901679
15.4913281	16.2013469	18.0409431
21.7523763	22.74936	25.3324544
59.1410661031234	60.6835674031234	64.6800549031234
88.4687592602838	90.3301267602838	95.1527705602838
26.2886869	27.4935844	30.6153681
19.1485862	20.0262275	22.300125
12.4229719	12.9923581	14.4675875
9.18083119	9.60161894	10.6918431
7.52045225	7.86513963	8.75819406
6.28378075	6.57178737	7.31798706
5.95484612	6.22777656	6.934915
5.27628894	5.51811875	6.1446785
5.55187119	5.80633188	6.46561706
5.63932825	5.89779737	6.56746781
5.63628994	5.89461981	6.56392981
6.115573	6.39586975	7.12209456
5.92228469	6.19372244	6.89699419
6.13067363	6.41166269	7.13968081
6.20778956	6.49231294	7.22948819
5.7955045	6.06113175	6.74934856
5.889877	6.15982962	6.85925288
5.55442469	5.80900238	6.46859081
5.69636888	5.95745231	6.6338965
5.43694912	5.6861425	6.33178063
5.6041015	5.86095575	6.5264435
5.50891537	5.76140725	6.41559131
5.64807225	5.90694219	6.57765113
6.63511094	6.93922	7.72713981
7.83178944	8.19074631	9.12077106
10.2786554	10.7497599	11.9703516
13.1228725	13.7243381	15.28268
18.3236375	19.1634694	21.3394037
25.558115	26.7295281	29.7645556
44.3318322066984	45.5953810066984	48.8691304066984
19.0337619	19.9061406	22.1664025
14.91621	15.5998719	17.3711725
11.1141622	11.6235592	12.9433681
8.97514581	9.38650644	10.4523056
7.12154537	7.44794919	8.29363356
6.11893519	6.39938613	7.12601025
5.49946619	5.75152512	6.40458694
5.54387531	5.79796938	6.45630525
5.09660506	5.33019913	5.93542144
5.16383569	5.40051144	6.01371731
5.13526425	5.37063038	5.9804435
5.30853819	5.55184606	6.18223544
5.54261344	5.79664975	6.45483556
5.37492406	5.62127469	6.25954731
5.68893687	5.94967956	6.62524137
5.74956163	6.013083	6.69584387
5.70556131	5.967066	6.64460212
5.36583575	5.6117695	6.248963
5.3015325	5.54451931	6.17407662
5.15775887	5.39415587	6.00664031
5.28432338	5.52652144	6.154035
3.85612044	4.03285912	4.49077394
3.92650631	4.10647088	4.57274388
4.54634837	4.75472256	5.29460194
6.25085681	6.53735425	7.27964412
8.25734669	8.63580775	9.61636825
11.0467788	11.5530884	12.8648943
12.7733268	13.3587707	14.8756019
11.9990368	12.5489914	13.9738792
8.71703575	9.11656538	10.1517143
6.80945975	7.12155975	7.93018356
5.3949835	5.64225356	6.28290825
4.49330388	4.69924694	5.23282713
3.94588212	4.126735	4.59530869
3.61301894	3.7786155	4.20766175
3.65264381	3.8200565	4.25380825
3.74473694	3.91637056	4.36105831
3.70034825	3.86994731	4.30936412
4.03516619	4.22011113	4.69928744
3.89814669	4.07681163	4.53971687
3.65703219	3.82464613	4.25891913
3.80373012	3.97806762	4.42976113
3.769533	3.94230319	4.38993556
3.50112238	3.6615905	4.07734919
3.67236225	3.84067869	4.27677206
2.54720819	2.66395519	2.96643644
2.78412631	2.911732	3.24234738
3.0729855	3.21383062	3.57874775
3.62578081	3.79196238	4.22252413
4.71183981	4.92779912	5.48733044
5.31350025	5.55703556	6.18801406
5.68848469	5.94920675	6.62471475
5.75729813	6.02117412	6.70485369
4.669865	4.88390031	5.43844725
4.012022	4.19590625	4.67233444
3.29841837	3.44959581	3.84128325
2.73571356	2.86110044	3.18596675
2.62039369	2.74049488	3.05166675
2.55488931	2.67198838	2.97538162
2.52564219	2.64140063	2.94132106
2.42751894	2.53878013	2.82704831
2.45744425	2.57007712	2.86189894
2.5152235	2.6305045	2.92918756
2.61821262	2.73821412	3.04912706
2.58489437	2.70336869	3.01032519
2.583648	2.70206531	3.00887356
2.576212	2.69428825	3.00021369
2.48071937	2.59441881	2.88900444
2.58809956	2.70672056	3.01405769
1.76083794	1.84154294	2.05064263
1.94667869	2.0359015	2.26706969
2.12343831	2.22076269	2.47292113
2.62335731	2.7435945	3.0551185
2.970846	3.10700956	3.45979794
2.89186756	3.02441138	3.36782094
2.73619606	2.86160488	3.1865285
2.32724512	2.4339105	2.71027094
2.03143163	2.12453888	2.36577169
1.85727169	1.9423965	2.16294775
1.6512155	1.72689606	1.92297787
1.71850275	1.79726731	2.00133962
1.74595	1.82597269	2.0333045
1.71466125	1.79324981	1.99686613
1.65215119	1.72787469	1.92406787
1.66428306	1.74056262	1.93819644
1.71781587	1.79654919	2.00054
1.71695712	1.79565087	1.99953963
1.32087675	1.38141694	1.53827113
1.34638825	1.40809756	1.56798106
1.61850719	1.69268881	1.88488675
1.80809494	1.89096575	2.10567737
1.6143555	1.68834669	1.88005156
1.4072165	1.47171387	1.638821
1.31149781	1.37160812	1.52734863
1.22751569	1.28377688	1.42954438
1.23109987	1.28752519	1.4337185
1.20335425	1.25850794	1.40140625
1.25941169	1.31713494	1.46669012
1.20044925	1.25546962	1.39802325
1.00324599	1.04922809	1.16836369
1.04550091	1.09341981	1.21757319
1.0581278	1.10662519	1.23227819
1.02769556	1.07479825	1.19683713
0.936249781	0.979161206	1.090341
0.961845238	1.00592974	1.12014906
0.919639556	0.961789706	1.070997
