#?RADIANCE
genskyvec -m 1
NROWS=146
NCOLS=1
NCOMP=3
FORMAT=ascii

25.9975675	27.1891225	30.2763369
31.9763006	33.4418781	37.2390663
31.7455581	33.2005619	36.97035
31.7674769	33.2234856	36.9958756
31.4234688	32.8637094	36.5952506
29.969445	31.3430437	34.9019163
30.5397862	31.9395262	35.5661275
31.6844519	33.1366556	36.8991869
33.1316956	34.6502306	38.5846213
35.1413794	36.7520237	40.9250631
41.2740356	43.1657606	48.0670569
44.2730144	46.3021919	51.5596156
48.7330594	50.9666562	56.7537113
50.6335494	52.9542531	58.9669912
50.35966	52.6678087	58.6480231
48.5306462	50.7549669	56.5179856
45.2246763	47.2974719	52.6679069
42.1703338	44.1031394	49.1108694
37.816675	39.5499369	44.04067
33.9156156	35.4700794	39.4975606
33.4448875	34.9777788	38.9493606
30.6132288	32.0163363	35.6516588
30.7684356	32.1786531	35.8324075
29.2578719	30.5988569	34.0732312
30.6913994	32.0980875	35.7426925
32.2182775	33.6949469	37.52087
33.2779	34.8031356	38.7548887
34.4375575	36.0159444	40.1054063
32.9681238	34.47916	38.3941256
33.1052975	34.6226219	38.5538806
32.1132144	33.5850694	37.3985175
20.2280756	21.1551956	23.5572819
18.5693825	19.4204775	21.6255919
20.0405175	20.9590419	23.3388563
19.59112	20.4890444	22.8154919
20.2314062	21.1586794	23.5611612
20.6273312	21.57275	24.0222488
23.1046	24.1635606	26.9072331
25.9648631	27.1549156	30.2382456
29.4400363	30.7893706	34.2853769
32.5797331	34.0729712	37.9418175
38.6527669	40.42435	45.0143687
44.3191112	46.3504012	51.6133
48.0867069	50.2906806	56.0009806
49.1810406	51.4351712	57.2754238
46.23626	48.3554194	53.8459806
40.3457737	42.1949525	46.9860187
36.2410719	37.9021213	42.20575
30.0677763	31.4458806	35.0164331
25.9889062	27.180065	30.26625
22.8191238	23.8650006	26.5747731
21.2128531	22.1851087	24.7041363
20.2890544	21.2189675	23.6282956
18.5870513	19.4389544	21.6461694
19.78368	20.69043	23.039745
20.1237244	21.04606	23.435755
20.6517831	21.5983237	24.050725
19.8106281	20.7186137	23.0711275
20.4058225	21.3410881	23.7642806
19.8435237	20.7530175	23.1094375
20.1192769	21.0414112	23.4305775
13.8011219	14.4336731	16.0725581
13.5219875	14.141745	15.7474831
13.9799387	14.6206862	16.280805
15.4944531	16.2046156	18.0445838
17.106075	17.8901025	19.9214513
19.9246969	20.8379106	23.2039694
24.2219269	25.3320975	28.2084544
31.0327888	32.4551244	36.1402712
39.6451163	41.4621831	46.1700438
50.6996494	53.0233819	59.0439694
57.6292937	60.2706325	67.1141175
52.06863	54.4551069	60.6382625
41.7290606	43.6416388	48.5969694
32.5583388	34.050595	37.9169
24.9610069	26.1050531	29.0691762
20.4485206	21.3857462	23.81401
16.9941094	17.773005	19.7910563
15.9284638	16.6585175	18.550025
14.5224962	15.18811	16.9126581
13.6768938	14.30375	15.9278831
13.8904481	14.5270937	16.176585
13.9089844	14.5464794	16.1981725
13.3847931	13.9982619	15.5877094
13.8371981	14.4714006	16.1145713
11.6742281	12.2092988	13.5956138
12.1099556	12.6649944	14.1030531
12.8545831	13.4437494	14.9702337
13.9102219	14.5477719	16.1996125
16.4173744	17.1698369	19.1194012
18.8834475	19.7489388	21.9913481
25.1964569	26.3512919	29.3433731
34.7430319	36.33542	40.4611581
51.2870812	53.6377356	59.7280819
70.0103062	73.2191119	81.5328413
86.4177906	90.3786019	100.640729
76.8147456	80.3354181	89.457175
55.8140962	58.3722406	65.0001694
35.7512381	37.3898363	41.6352987
25.8593325	27.0445506	30.1153488
20.6752225	21.622835	24.0780212
16.7925019	17.5621575	19.5562675
14.5470206	15.2137588	16.9412181
13.0897425	13.6896869	15.244095
12.2418062	12.8028888	14.2566037
11.8371688	12.3797044	13.7853706
11.6614906	12.1959756	13.5807775
11.4978156	12.0247994	13.3901662
11.6110219	12.1431931	13.5220025
11.5470762	12.0763169	13.4475356
12.4001094	12.9684488	14.4409625
14.0971406	14.7432581	16.4172956
17.0353787	17.8161669	19.8391225
22.0386175	23.0487219	25.6658094
36.2382675	37.8991856	42.202485
57.8891806	60.5424319	67.4167769
3538.25457368282	3543.49546668282	3557.07417068282
4425.83566263814	4430.92727463814	4444.11921863814
61.5164288	64.3359288	71.6410131
38.5104344	40.275495	44.8486106
24.9247044	26.0670869	29.0268988
18.016475	18.8422281	20.9816863
14.3046287	14.9602556	16.6589325
12.7223894	13.3054981	14.8162825
11.6687656	12.2035844	13.5892512
11.2093525	11.723115	13.0542281
11.2105644	11.72438	13.0556356
12.8984619	13.4896413	15.0213356
15.2847706	15.9853231	17.8003913
19.9194944	20.8324706	23.1979137
30.712755	32.1204219	35.7675625
50.2528956	52.5561506	58.5236875
2286.21591485449	2289.60142355449	2298.37297735449
53.4656988	55.9162087	62.2652638
32.3039869	33.7845856	37.6206881
20.0857456	21.0063419	23.3915269
15.37392	16.0785581	17.9042112
12.6441575	13.2236813	14.725175
12.6575631	13.2377006	14.7407862
16.6758488	17.4401569	19.4204169
22.1148881	23.1284837	25.7546287
33.229415	34.7524281	38.698425
37.3600737	39.0724094	43.50892
22.0685287	23.0800019	25.70064
16.73062	17.49744	19.4842044
23.1641819	24.2258719	26.9766213
