#?RADIANCE
genskyvec -m 1
NROWS=146
NCOLS=1
NCOMP=3
FORMAT=ascii

15.8981475	16.6268125	18.5147188
32.5881837	34.0818081	37.9516569
33.1690394	34.689285	38.6281113
33.9006512	35.4544312	39.4801356
34.7151425	36.3062519	40.4286781
34.7550144	36.3479538	40.4751131
34.4859988	36.0666069	40.1618219
34.6006188	36.18648	40.2953069
33.1772144	34.6978363	38.6376325
32.7079681	34.2070813	38.0911556
33.48925	35.0241713	39.0010244
32.520185	34.0106913	37.8724656
32.8485806	34.3541394	38.25491
33.1197113	34.6376975	38.5706662
33.92308	35.4778869	39.5062556
36.7813675	38.4671781	42.8349694
42.1927819	44.1266156	49.1370119
46.7142675	48.8553375	54.4026625
58.0321388	60.6919425	67.5832631
73.5110744	76.88033	85.6097763
80.7104925	84.4097206	93.9940975
90.4476581	94.5931631	105.333839
79.2848806	82.9187687	92.3338519
70.9482275	74.20002	82.6251269
58.7362794	61.4283587	68.4032931
46.3610394	48.48592	53.9912975
40.96983	42.8476125	47.7127838
36.5867469	38.2636375	42.6083163
34.2282575	35.7970506	39.8616606
32.5247856	34.015505	37.8778256
32.1123987	33.5842162	37.3975656
24.5476025	25.6727006	28.5877313
23.1231069	24.182915	26.9287863
25.04036	26.1880425	29.1615881
24.7968425	25.9333631	28.8779894
24.9504206	26.0939819	29.056845
23.9842906	25.0835719	27.9317094
25.4436913	26.60986	29.6313
25.8340731	27.0181325	30.0859337
24.93696	26.0799037	29.04117
22.3232913	23.34644	25.9973319
23.1678931	24.2297544	26.9809444
23.5552969	24.6349144	27.4321075
25.6960975	26.873835	29.92525
27.3181644	28.5702463	31.8142788
29.84429	31.2121513	34.7561631
35.7026456	37.3390169	41.5787088
44.7909525	46.84387	52.1628013
57.2248238	59.8476275	66.64308
77.6624056	81.2219325	90.44435
96.9985988	101.444356	112.962963
105.764396	110.611931	123.171456
93.1369438	97.4057162	108.465727
72.1685025	75.4762212	84.0462394
54.7888725	57.3000281	63.8062125
43.013635	44.9850906	50.0929631
36.0642644	37.71721	41.9998444
29.6991325	31.0603406	34.5871156
27.009445	28.2473769	31.4547519
24.8771137	26.0173131	28.9714738
24.4870937	25.6094169	28.5172619
17.3881244	18.18508	20.24992
16.6256725	17.3876819	19.3619819
16.5825475	17.3425806	19.31176
17.6150413	18.4223981	20.5141869
17.5647444	18.3697937	20.4556075
17.5926156	18.398945	20.48807
17.4947462	18.2965888	20.3740906
17.6395781	18.4480588	20.54276
17.141185	17.9268219	19.9623381
18.4688294	19.3153163	21.5084925
19.9418062	20.8558044	23.2238944
24.1902281	25.2989475	28.1715394
31.0150469	32.43657	36.1196087
43.0848887	45.0596125	50.1759469
67.7188256	70.8226025	78.8642187
105.138641	109.957472	122.442712
1191.94103363347	1198.00838963347	1213.72842063347
96.6628587	101.093233	112.571972
58.1916513	60.8587681	67.7690306
39.4495331	41.257635	45.9422712
28.8317425	30.1531988	33.5769694
23.3010081	24.3689712	27.1359669
19.3516156	20.238565	22.53657
18.2465294	19.0828275	21.2496056
14.2502831	14.9034219	16.5956444
13.8817231	14.5179687	16.166425
13.4418706	14.057955	15.65418
13.5258981	14.1458331	15.7520344
13.7483294	14.3784606	16.0110756
13.6747881	14.3015481	15.92543
13.6592906	14.2853425	15.9073831
14.0950231	14.7410444	16.4148275
14.5311656	15.1971763	16.9227537
15.6142419	16.329895	18.1840869
17.6213538	18.4289994	20.5215375
21.25872	22.2330788	24.7575525
26.557255	27.7744613	30.9281375
40.620845	42.4826337	47.3063625
64.6847869	67.649505	75.3308287
1356.36227364996	1360.98456364996	1372.96049564996
4961.9680556742	4968.5231686742	4985.5069306742
98.3639794	102.872324	114.553046
57.3648212	59.9940425	66.8061187
36.7088794	38.3913681	42.7505513
26.3315669	27.53843	30.665305
20.1904919	21.1158887	23.5135113
17.0431669	17.82431	19.8481881
15.5866206	16.3010069	18.15192
13.2598319	13.8675744	15.4421813
12.4086019	12.97733	14.4508519
11.9792719	12.5283206	13.95086
11.9939606	12.5436819	13.9679662
12.1173513	12.6727281	14.1116644
12.5113775	13.0848156	14.5705419
13.3400794	13.9514981	15.535635
15.51374	16.2247844	18.0670406
18.5368831	19.38649	21.5877456
25.8352244	27.0193394	30.0872744
35.9026925	37.5482319	41.8116787
60.0981975	62.852695	69.9893606
82.0011531	85.759535	95.4971881
56.7655819	59.3673356	66.1082512
35.8562469	37.4996556	41.7575875
23.7364275	24.8243456	27.6430481
17.7776	18.5924069	20.7034981
14.7742625	15.4514163	17.2058612
13.0430906	13.6408994	15.1897656
12.0909831	12.6451512	14.0809569
11.7523544	12.2910044	13.6865969
12.1033731	12.6581106	14.0953869
13.3227462	13.9333719	15.51545
16.7425169	17.5098819	19.4980563
22.9047381	23.9545388	26.6744788
31.3716269	32.80949	36.5348738
41.2862538	43.17854	48.0812863
31.8018175	33.2594006	37.0358713
20.9925163	21.954675	24.4475369
15.6186612	16.3345156	18.1892319
14.3773306	15.0362912	16.7435988
13.3283313	13.9392125	15.5219537
14.5952394	15.2641869	16.9973719
18.6276013	19.4813644	21.6933956
21.521265	22.5076525	25.0633069
18.8270706	19.6899775	21.9256931
16.0504619	16.7861069	18.6920994
