#?RADIANCE
genskyvec -m 1
NROWS=146
NCOLS=1
NCOMP=3
FORMAT=ascii

2.1840975	2.28420187	2.54356363
15.1048394	15.7971444	17.5908456
15.4019512	16.1078719	17.9368556
16.0964856	16.8342406	18.7457012
17.9521206	18.7749237	20.9067413
22.55422	23.5879537	26.26627
30.3591387	31.7505975	35.3557469
42.5834669	44.5352081	49.592
72.0639206	75.3668481	83.9244437
462.126260119442	467.292462119442	480.677662119442
83.3252919	87.1443762	97.0392525
63.6024719	66.5175863	74.0703819
37.1034619	38.804035	43.2100756
25.8720144	27.057815	30.1301175
20.5681319	21.5108387	23.9533063
17.1322056	17.91743	19.9518806
16.1635831	16.9044125	18.8238394
14.5439938	15.2105925	16.9376937
14.8979113	15.5807312	17.3498606
14.6967381	15.3703369	17.1155781
14.4678931	15.1310056	16.8490694
15.0632013	15.7535969	17.5423562
14.4265488	15.0877662	16.8009213
14.6146713	15.2845088	17.0200025
14.7877525	15.465525	17.2215719
14.0540137	14.6981575	16.3670725
14.5368769	15.2031512	16.9294075
14.1055894	14.7520962	16.4271363
14.6889463	15.3621906	17.1065031
14.310395	14.9662869	16.6656487
14.740505	15.4161094	17.1665475
13.7225994	14.3515531	15.9811125
13.6163325	14.240415	15.8573556
15.2702319	15.9701163	17.7834575
17.0433519	17.824505	19.8484044
21.6510387	22.6433762	25.2144388
28.43934	29.7428081	33.1199831
41.581265	43.4870712	48.4248494
68.5349894	71.6761737	79.8147081
805.042972880487	810.584050880487	824.940465880486
516.766675763037	520.815921963037	531.307163963037
56.9135831	59.52212	66.2806125
36.2907806	37.9541063	42.2636412
26.1253406	27.3227519	30.4251388
19.5240781	20.4189319	22.7374169
16.33599	17.0847225	19.0246219
14.4952581	15.1596244	16.8809375
14.5037181	15.1684719	16.8907881
13.1648688	13.7682581	15.3315875
13.0152437	13.6117731	15.1573356
12.624605	13.2032319	14.7024056
12.7332675	13.3168756	14.8289519
12.9792875	13.5741725	15.1154631
12.4435194	13.0138475	14.4915156
13.1235081	13.7250013	15.2834188
13.3310069	13.9420113	15.5250681
13.438355	14.0542787	15.6500856
12.9671206	13.5614456	15.1012937
13.1337719	13.7357356	15.2953731
12.9864681	13.5816812	15.1238237
13.3361962	13.9474369	15.5311106
10.0319435	10.4917411	11.6830356
10.0956854	10.5584051	11.7572681
11.2397981	11.754955	13.08968
14.7522231	15.428365	17.1801937
20.5202444	21.4607556	23.8975356
32.2854506	33.7651994	37.5990994
48.5961312	50.8234513	56.594245
53.9322762	56.40417	62.8086337
35.3390681	36.9587744	41.1552919
23.1920612	24.2550306	27.0090894
16.5090131	17.2656744	19.22612
12.7442594	13.3283706	14.8417531
10.9436348	11.4452189	12.7447762
9.94113625	10.3967696	11.5772819
9.76861212	10.2163398	11.3763634
9.71514194	10.1604194	11.3140945
9.38858219	9.81889213	10.9337879
9.87637412	10.3290409	11.5018629
9.54589775	9.98341775	11.1169948
9.14113869	9.56010806	10.6456192
9.52931869	9.96607931	11.0976876
9.61890338	10.0597688	11.2020139
9.26459631	9.68922356	10.7893951
9.70827669	10.1532399	11.3060979
7.53789406	7.88338062	8.77850625
8.04265262	8.411274	9.36633919
8.813968	9.21794131	10.2646005
10.3107741	10.7833506	12.0077581
14.0341531	14.6773856	16.3439431
17.4141762	18.2123281	20.2802606
22.2192062	23.2375869	25.87612
24.1512169	25.2581462	28.126105
18.7274506	19.5857931	21.8096781
14.6999044	15.3736494	17.1192631
11.1982223	11.7114747	13.0412631
8.96716888	9.37816456	10.4430164
8.28947025	8.66940425	9.65377931
7.80488681	8.16261056	9.08944156
7.54566363	7.89150625	8.78755437
7.22460294	7.55573031	8.4136525
7.14804281	7.47566119	8.32449194
7.16561463	7.49403838	8.34495575
7.29884469	7.63337487	8.50011325
7.25321544	7.58565444	8.44697431
7.3053615	7.64019031	8.50770263
7.38844338	7.72708013	8.60445862
7.29753706	7.6320075	8.49859038
7.55818956	7.90460644	8.80214206
6.12427044	6.40496575	7.1322235
6.65872506	6.96391644	7.75464063
7.410898	7.75056388	8.63060875
9.32556756	9.75298762	10.8604004
11.4245338	11.9481574	13.3048212
12.2155385	12.7754162	14.2260131
11.4900903	12.01672	13.3811675
9.1236905	9.54185869	10.6252983
7.67466725	8.02642269	8.93779038
6.73022906	7.03869781	7.83791306
6.0647015	6.34266663	7.06285044
6.00011813	6.27512331	6.98763794
5.925396	6.19697638	6.90061781
5.79732288	6.06303313	6.75146581
5.68110994	5.94149394	6.61612631
5.72843469	5.99098762	6.67123987
5.87794156	6.14734706	6.84535319
5.95023975	6.22295894	6.92955044
5.40683575	5.65464906	6.29671131
5.74607713	6.00943881	6.691786
6.91644025	7.23344369	8.05477162
8.03945675	8.40793181	9.36261837
7.41041263	7.75005637	8.63004312
6.30903594	6.59819981	7.34739838
5.65096494	5.90996744	6.58102006
5.23497825	5.4749145	6.09656869
5.07349175	5.30602669	5.90850425
4.97377444	5.201739	5.79237519
5.07213406	5.30460662	5.90692281
5.05259475	5.28417175	5.884168
4.90174175	5.12640494	5.70848719
5.26853844	5.51001287	6.13565238
5.40893475	5.65684419	6.29915563
5.11803306	5.35260937	5.96037619
4.68011431	4.89461944	5.45038325
4.67198412	4.88611669	5.44091519
4.82036388	5.04129712	5.61371581
