#?RADIANCE
genskyvec -m 1
NROWS=146
NCOLS=1
NCOMP=3
FORMAT=ascii

15.2630294	15.9625856	17.7750694
34.2376781	35.8069038	39.8726306
34.6884244	36.27831	40.3975631
35.2724106	36.8890619	41.0776656
35.8724331	37.5165844	41.7764406
35.6442406	37.2779325	41.5106894
35.1758	36.7880238	40.9651531
35.2135263	36.8274794	41.0090881
33.8047144	35.3540962	39.3684081
33.4996569	35.0350556	39.013145
34.6314762	36.2187525	40.3312419
34.0334338	35.5932956	39.6347681
34.8630294	36.4609169	40.600905
35.6424331	37.2760431	41.5085869
36.9408187	38.63394	43.020665
40.3235762	42.1717412	46.9601694
46.4169731	48.5444169	54.0564337
50.4737	52.7870763	58.7808319
60.9116469	63.70343	70.9366944
71.5878762	74.8689856	83.3700513
73.6557294	77.0316162	85.7782406
76.5060375	80.0125631	89.09766
66.2609712	69.29793	77.1664269
59.3981919	62.1206056	69.1741475
51.5312475	53.893095	60.0124356
43.0466825	45.0196544	50.1314531
39.7788775	41.6020744	46.3258206
36.7210256	38.4040719	42.7646975
35.1110606	36.7203162	40.8897575
33.8244025	35.3746862	39.3913369
33.6652881	35.2082787	39.2060331
25.5339731	26.7042781	29.7364412
23.9958731	25.0956819	27.9451962
25.9052144	27.0925362	30.1687837
25.4860988	26.6542106	29.6806856
25.4878894	26.6560825	29.6827719
24.4264769	25.5460219	28.44667
25.8803288	27.0665088	30.1398
26.3326619	27.5395731	30.6665787
25.61908	26.7932894	29.8355569
23.2388925	24.3040081	27.0636275
24.4407725	25.5609731	28.4633169
25.25904	26.4167456	29.4162594
27.9794181	29.2618087	32.5843656
30.3098881	31.6990906	35.2983912
33.5980437	35.1379538	39.1277231
40.5444237	42.4027106	47.2173612
50.0588913	52.3532569	58.2977538
62.331795	65.1886669	72.590575
77.4672181	81.0177944	90.2170325
86.3176075	90.2738288	100.524048
84.2537481	88.1153762	98.1205156
71.5035012	74.7807456	83.2717912
56.6095462	59.2041488	65.9265369
45.93976	48.0453325	53.5006844
38.2806213	40.0351494	44.5809756
33.6877656	35.2317875	39.2322131
28.94461	30.2712381	33.7084125
27.1773331	28.4229594	31.6502725
25.4979894	26.6666488	29.6945362
25.3666394	26.529275	29.5415656
18.0228587	18.8489056	20.9891231
17.2535875	18.0443769	20.0932425
17.1704694	17.9574488	19.9964438
18.1368819	18.9681556	21.1219131
18.0488769	18.8761163	21.0194225
18.1126631	18.9428281	21.0937081
18.1515688	18.983515	21.1390156
18.5499563	19.4001619	21.6029706
18.3873406	19.2300931	21.4135919
20.2812669	21.2108244	23.6192275
22.4806181	23.51098	26.1805531
28.1615788	29.4523175	32.7965069
37.1352519	38.8372831	43.2470962
52.10422	54.4923294	60.6797106
77.2440744	80.7844244	89.9571681
101.426112	106.074809	118.119156
96.7062475	101.138617	112.622481
71.2597187	74.5257875	82.9878863
46.8425344	48.9894825	54.5520369
34.2631356	35.8335294	39.9022794
26.7351538	27.9605163	31.1353169
22.6534263	23.6917075	26.3818031
19.5014437	20.3952594	22.7110575
18.7421681	19.6011831	21.8268175
14.8290356	15.5086994	17.2696506
14.4952681	15.1596325	16.8809475
14.0594106	14.7038019	16.373355
14.1335169	14.7813025	16.45966
14.3704575	15.0291037	16.7355975
14.3524769	15.0103	16.7146575
14.5119556	15.1770862	16.9003831
15.1879094	15.8840212	17.6875862
16.0462225	16.781675	18.6871631
17.6628569	18.4724044	20.56987
20.6796819	21.6274988	24.0832131
26.1838944	27.3839875	30.4933281
33.7289937	35.2749044	39.280225
53.4879506	55.9394806	62.29118
85.8879644	89.8244888	100.023709
2581.19126031175	2587.40837931175	2603.51644231175
2173.04986519037	2179.00164019037	2194.42219019037
80.1450969	83.8184119	93.3356506
48.7298438	50.9632912	56.749965
32.9714963	34.4826894	38.3980569
24.8255525	25.96339	28.9114256
19.8886406	20.8002044	23.1619819
17.2579975	18.0489894	20.0983775
16.0260206	16.7605444	18.6636375
13.9571075	14.5968075	16.254215
13.1418787	13.744215	15.3048131
12.7583156	13.3430725	14.8581231
12.8087837	13.3958525	14.9168981
13.0582725	13.6567762	15.2074462
13.81649	14.4497444	16.0904544
15.1002838	15.7923781	17.5855394
18.4112319	19.2550794	21.4414131
23.0605725	24.1175144	26.8559587
34.2916363	35.863335	39.9354712
50.3637444	52.6720812	58.65278
88.402885	92.4546856	102.952538
1581.36374641341	1586.24003641341	1598.87410141341
57.3525719	59.9812294	66.7918531
35.4697006	37.0953937	41.3074244
23.7981644	24.8889131	27.7149487
18.1350975	18.9662894	21.1198338
15.3780406	16.0828663	17.9090094
14.0286119	14.6715881	16.3374887
13.1807494	13.7848663	15.3500812
12.9154087	13.507365	15.0410725
13.5467156	14.1676069	15.7762794
15.505965	16.2166556	18.0579906
20.7815794	21.7340688	24.2018825
30.3182306	31.7078163	35.3081081
42.8112656	44.7734481	49.85729
52.8190944	55.23997	61.5122412
35.7987794	37.4395556	41.690665
22.271945	23.2927425	25.9375375
16.793475	17.5631744	19.5574006
16.14746	16.8875506	18.8050625
15.2265588	15.9244437	17.7325988
17.3293112	18.1235713	20.1814281
23.3189781	24.387765	27.1568937
26.1431669	27.3413938	30.4458969
21.5429288	22.5303131	25.0885387
18.9368969	19.8048381	22.0535956
