#?RADIANCE
genskyvec -m 1
NROWS=146
NCOLS=1
NCOMP=3
FORMAT=ascii

25.5472412	26.7181544	29.7518906
31.8358744	33.2950175	37.0755313
31.54841	32.9943788	36.7407562
31.5596206	33.0061019	36.75381
31.2429006	32.6748656	36.3849637
29.8916481	31.2616819	34.811315
30.5700325	31.9711575	35.6013525
31.8306844	33.2895888	37.069485
33.4703106	35.004365	38.9789669
35.71003	37.3467375	41.5873056
41.9268213	43.8484669	48.8272794
45.173295	47.2437356	52.6080669
49.5451369	51.8159537	57.699445
51.2217962	53.5694606	59.6520537
50.6157306	52.9356188	58.9462413
48.3798538	50.5972644	56.3423744
44.7867025	46.8394237	52.1578512
41.6428912	43.5515231	48.4966206
37.2519944	38.9593744	43.3830519
33.429975	34.9621831	38.9319944
33.0559937	34.5710581	38.4964612
30.3431169	31.7338413	35.3370894
30.5997569	32.0022469	35.6359694
29.1786294	30.5159819	33.9809481
30.7055612	32.1128987	35.7591863
32.2705075	33.7495706	37.581695
33.3604456	34.8894656	38.8510225
34.4884662	36.0691863	40.1646937
32.987525	34.4994513	38.4167225
33.060805	34.5760894	38.5020644
32.0134744	33.4807569	37.28236
20.1691731	21.0935919	23.4886837
18.5125606	19.3610531	21.55942
19.9848056	20.9007744	23.2739712
19.5755381	20.4727494	22.7973481
20.2933181	21.2234275	23.6332613
20.7881838	21.7409744	24.209575
23.3691181	24.4402	27.2152856
26.3984856	27.6084163	30.7432375
30.12095	31.5014919	35.0783575
33.5623031	35.100575	39.0860994
39.8926994	41.7211131	46.4583744
45.6629294	47.7558106	53.1782856
49.1015394	51.3520256	57.1828375
49.5962488	51.8694081	57.7589675
46.0537544	48.16455	53.6334375
39.7257094	41.54647	46.2639006
35.56344	37.1934306	41.4165925
29.3859406	30.7327944	34.2223762
25.4358356	26.601645	29.6221537
22.3774863	23.40312	26.0604475
20.885245	21.8424837	24.3226094
20.072665	20.9926613	23.3762919
18.45176	19.2974638	21.4886119
19.733305	20.6377475	22.9810787
20.1251412	21.0475444	23.4374056
20.6794819	21.6272931	24.0829838
19.8328644	20.74187	23.0970244
20.4170431	21.3528238	23.7773494
19.8298956	20.7387662	23.0935694
20.0828456	21.0033087	23.3881481
13.7649387	14.39583	16.0304181
13.49743	14.1160625	15.7188825
13.9874694	14.62856	16.2895738
15.56475	16.2781338	18.1264494
17.2845056	18.0767119	20.1292487
20.2824906	21.212105	23.6206519
24.8676012	26.007365	28.960395
32.1470263	33.62043	37.4378919
41.3660456	43.2619894	48.1742112
52.705825	55.1215063	61.3803275
58.9317831	61.6328244	68.6309781
51.6616275	54.0294519	60.164275
40.6534569	42.51674	47.3443406
31.4884219	32.9316406	36.6708937
24.1810712	25.2893687	28.1608719
19.8972044	20.8091588	23.1719531
16.6272537	17.389335	19.363825
15.6777913	16.3963563	18.2580931
14.3667175	15.0251887	16.7312381
13.5690819	14.1909956	15.8023263
13.8321519	14.4661256	16.108695
13.87065	14.5063869	16.1535275
13.3450819	13.9567313	15.5414625
13.799725	14.4322131	16.0709325
11.6316825	12.1648013	13.5460656
12.0895825	12.6436862	14.0793256
12.8758731	13.4660181	14.9950294
13.9843019	14.6252487	16.2858875
16.6221031	17.38395	19.357825
19.2319044	20.1133669	22.3971569
25.9583675	27.148125	30.2306831
36.2195169	37.8795775	42.1806481
54.0573288	56.5349544	62.9542662
73.8287244	77.2125387	85.9797056
88.2846837	92.3310644	102.814881
74.4570463	77.8696594	86.7114362
53.34483	55.7898006	62.1245044
34.1304525	35.6947637	39.7477588
24.7916631	25.927945	28.8719575
19.9170356	20.8298987	23.1950481
16.288725	17.0352906	18.9695781
14.1992006	14.8499931	16.5361519
12.8588269	13.4481894	14.975175
12.0795875	12.6332369	14.0676881
11.7209769	12.2581888	13.6500556
11.5772519	12.1078756	13.4826756
11.4276381	11.9514025	13.3084363
11.5554969	12.0851237	13.45734
11.4770287	12.0030594	13.3659569
12.3729819	12.9400756	14.4093694
14.1330038	14.7807669	16.4590606
17.2115281	18.0003875	20.0442575
22.4660475	23.4957388	26.1635831
37.4786125	39.1963831	43.6469706
60.5991919	63.3766525	70.5728125
4111.99099677902	4117.47355977902	4131.67836677902
3818.18987118375	3823.03540418374	3835.58980718375
57.7053225	60.3501481	67.20266
36.29956	37.9632894	42.2738669
23.7647988	24.8540181	27.6760888
17.3649606	18.1608556	20.2229438
13.9155044	14.5532962	16.2057631
12.4501706	13.0208044	14.4992631
11.4841437	12.0104994	13.3742431
11.0813006	11.5891925	12.9050987
11.1127594	11.6220925	12.9417331
12.7894231	13.375605	14.8943512
15.2220225	15.9196962	17.7273131
20.011725	20.9289281	23.3053213
31.1951819	32.6249606	36.32939
50.7527369	53.0789031	59.1057962
2192.59969517853	2195.86885707853	2204.33897087853
50.280415	52.5849325	58.5557363
30.61126	32.0142769	35.649365
19.2911075	20.1752844	22.466105
14.9309269	15.6152606	17.3883094
12.40487	12.9734275	14.4465062
12.4757606	13.0475663	14.529065
16.4240594	17.1768275	19.1271881
21.8664044	22.8686137	25.4652506
32.6454769	34.1417281	38.0183813
35.954425	37.6023356	41.8719269
21.3335163	22.3113	24.8446581
16.3264219	17.0747156	19.0134806
22.622175	23.6590231	26.3454094
