#?RADIANCE
genskyvec -m 1
NROWS=146
NCOLS=1
NCOMP=3
FORMAT=ascii

28.9536081	30.2806475	33.7188913
35.898255	37.54359	41.8065112
36.5312944	38.2056444	42.5437375
36.9119837	38.6037825	42.9870837
36.5681887	38.2442306	42.5867044
34.274975	35.84591	39.9160669
33.7289675	35.2748769	39.2801944
33.6900719	35.2341988	39.2348969
33.0537081	34.5686688	38.4937994
32.9049294	34.41307	38.3205338
38.00479	39.7466763	44.2597475
38.5593687	40.3266731	44.9056006
43.0834531	45.0581094	50.1742725
46.2252944	48.3439506	53.8332094
48.6356644	50.8647963	56.6402862
51.4922712	53.8523331	59.967045
52.9877825	55.4163881	61.7086906
52.0107256	54.3945506	60.5708275
49.87268	52.1585113	58.0808963
45.7048219	47.7996244	53.2270769
43.8001125	45.8076175	51.0088844
39.5687831	41.38235	46.0811481
37.6317537	39.3565394	43.8253144
34.6429894	36.2307925	40.3446506
34.5141838	36.0960831	40.1946469
34.6748781	36.2641431	40.3817881
35.0771788	36.6848812	40.8503
36.0859494	37.7398875	42.0250981
34.9315956	36.5326256	40.6807544
35.5742856	37.2047731	41.4292231
35.3778206	36.9993025	41.2004206
22.9469113	23.9986431	26.7235912
21.2496338	22.2235744	24.7469713
22.9791362	24.0323475	26.7611225
22.16909	23.1851725	25.8177544
22.0743356	23.0860744	25.7074044
21.3746838	22.3543563	24.8926019
23.0206038	24.0757144	26.8094131
24.3539962	25.4702219	28.3622619
25.5517144	26.7228331	29.7571019
25.9724369	27.1628406	30.2470681
29.7310763	31.0937512	34.6243175
33.7248119	35.2705319	39.2753556
39.0257212	40.8144	45.4487075
44.2272638	46.254345	51.5063375
47.7209275	49.9081344	55.575
49.722995	52.001965	57.9065731
49.0035963	51.2495919	57.0687756
45.1741725	47.2446531	52.6090912
39.7599206	41.5822494	46.3037431
34.7151087	36.306215	40.4286381
30.9032806	32.3196806	35.9894481
27.8098344	29.0844513	32.3868713
24.3365231	25.4519462	28.3419119
24.0415594	25.143465	27.9984013
23.2880506	24.3554169	27.1208769
23.1347794	24.1951238	26.94238
21.9247981	22.929685	25.5332569
22.4164969	23.4439169	26.1058794
21.9809838	22.9884456	25.5986894
22.5071988	23.5387787	26.2115119
15.7288219	16.4497263	18.3175237
15.2711981	15.9711244	17.7845825
15.3965813	16.1022581	17.9306038
16.3833981	17.134305	19.079835
16.9215906	17.6971637	19.7066044
18.10715	18.9370606	21.087285
19.9961419	20.9126312	23.2871737
23.1465006	24.2073806	26.9560294
26.9098806	28.14325	31.3387994
33.9967188	35.5549	39.5920131
42.3138087	44.2531906	49.2779594
52.1321069	54.5214944	60.712185
56.7027844	59.3016606	66.0351213
54.0567056	56.5343031	62.9535406
44.09863	46.1198156	51.3565319
35.1129856	36.7223288	40.8919975
27.2928919	28.5438162	31.7848494
23.5340163	24.6126588	27.4073237
19.8807481	20.7919506	23.15279
17.8022662	18.6182037	20.732225
16.9243344	17.7000306	19.7097981
16.3520437	17.1015125	19.0433206
15.5347563	16.246765	18.0915194
15.8401925	16.5662	18.447225
13.42808	14.0435313	15.6381194
13.5489625	14.169955	15.7788975
13.762605	14.3933912	16.0277037
14.2521006	14.9053219	16.5977594
15.4689588	16.1779544	18.0148925
16.5950756	17.3556819	19.3263475
19.4254706	20.3158044	22.62258
23.5079787	24.5854275	27.3770019
30.3497462	31.740775	35.34481
39.2380781	41.0364881	45.6960131
55.1067381	57.6324612	64.1763919
79.2546781	82.8871837	92.2986794
85.8909325	89.8276056	100.027154
72.1722881	75.4801813	84.0506487
54.3381594	56.8286569	63.2813181
41.7177837	43.6298475	48.5838381
30.7340375	32.1426781	35.7923494
24.1257844	25.2315488	28.0964881
19.6131344	20.5120681	22.8411319
17.0185563	17.7985719	19.8195275
15.488795	16.1986956	18.0379919
14.5002337	15.1648269	16.8867306
13.8924256	14.5291631	16.1788881
13.6674981	14.2939244	15.9169419
13.5493744	14.1703862	15.7793763
13.7185537	14.34732	15.9764
14.5504962	15.2173938	16.9452675
15.9413794	16.672025	18.5650638
18.4429544	19.2882556	21.4783587
25.04876	26.196825	29.1713675
34.0335831	35.5934531	39.634945
57.51133	60.1472644	66.9767406
91.4339956	95.6247156	106.482504
4980.17667938428	4986.31329838428	5002.21274238428
2374.58104745091	2379.27221145091	2391.42656645091
58.1353888	60.799925	67.7035069
35.9253513	37.5719281	41.8380675
24.4418125	25.5620625	28.4645294
19.5493669	20.4453787	22.7668681
16.2835306	17.0298581	18.9635281
14.4960388	15.1604406	16.8818469
13.7770425	14.4084881	16.0445131
15.2749387	15.9750381	17.7889394
16.6671494	17.43106	19.4102869
19.0326394	19.904965	22.1650906
24.7861319	25.9221619	28.8655188
37.9855325	39.7265363	44.23732
72.8401863	76.1786937	84.8284675
3439.73838148603	3444.89107148603	3458.24122048603
75.345285	78.7985987	87.7458594
40.12608	41.9651931	46.73017
25.6816263	26.8586994	29.9083944
18.0022488	18.8273494	20.96512
16.4734156	17.2284469	19.1846663
20.7852006	21.7378544	24.2061006
24.7008912	25.833015	28.7662494
36.6734931	38.35436	42.7093413
54.1102794	56.5903319	63.0159319
35.5063887	37.1337644	41.35015
24.2889994	25.402245	28.286565
30.5271181	31.9262769	35.5513756
