#?RADIANCE
genskyvec -m 1
NROWS=146
NCOLS=1
NCOMP=3
FORMAT=ascii

12.3506363	12.9167063	14.3833444
30.7429875	32.1520394	35.8027725
31.2257712	32.6569506	36.3650125
31.999	33.4656181	37.2655025
33.030385	34.5442775	38.4666375
33.6292881	35.1706294	39.1641106
33.5738675	35.1126694	39.0995694
33.8129112	35.3626681	39.3779562
32.5317537	34.0227912	37.8859406
32.2674437	33.7463675	37.5781281
32.1733644	33.6479762	37.4685669
31.2865931	32.7205619	36.4358475
30.8565187	32.270775	35.9349887
30.6407369	32.0451044	35.683695
31.0644169	32.4882012	36.1771025
33.2378962	34.7612988	38.7083006
38.1166463	39.8636581	44.3900131
42.2779631	44.2157012	49.236215
53.9964506	56.4712862	62.8833681
73.0213569	76.3681675	85.0394569
86.3737375	90.332525	100.589407
107.70937	112.646037	125.43655
97.9658625	102.455964	114.089416
88.8215438	92.8925281	103.440093
69.8709856	73.0734019	81.3705881
51.2705131	53.6204081	59.7087863
42.9286769	44.89624	49.9940231
36.5669525	38.2429369	42.5852669
33.4550113	34.9883644	38.9611506
31.0480112	32.4710444	36.1579969
30.40474	31.7982906	35.4088544
24.1275919	25.2334375	28.0985919
22.8574344	23.9050675	26.61939
24.7280194	25.8613856	28.7978412
24.7196787	25.8526625	28.7881275
25.0855088	26.2352619	29.2141675
24.3077463	25.4218519	28.3083981
25.7735263	26.9548131	30.0154213
26.1427556	27.340965	30.4454212
25.1354125	26.2874513	29.2722837
22.3899581	23.4161637	26.0749719
22.8917369	23.9409388	26.6593356
22.8993925	23.9489469	26.6682519
24.4932994	25.61591	28.5244906
25.5493869	26.7203994	29.7543919
27.4813	28.7408569	32.0042644
32.37059	33.8542419	37.6982531
40.5764506	42.4362056	47.2546619
52.2190044	54.6123725	60.8133838
74.8747906	78.30655	87.1979362
103.545979	108.291837	120.587944
131.627531	137.660444	153.291237
127.644344	133.494706	148.652488
97.92301	102.411138	114.039502
69.0925988	72.2593412	80.464095
50.7663037	53.0930919	59.1215944
40.2896231	42.1362313	46.9206275
31.6427831	33.0930775	36.85066
27.7040481	28.9738181	32.2636762
24.9761925	26.120935	29.08686
24.2344325	25.3451781	28.2230194
17.5385694	18.34242	20.4251263
16.7986294	17.5685644	19.5634031
16.8203312	17.5912619	19.5886794
17.9466375	18.7691894	20.9003531
17.99371	18.8184181	20.9551756
18.0419631	18.8688863	21.0113712
17.857045	18.6754912	20.7960175
17.7965844	18.6122606	20.7256062
17.0357606	17.8165681	19.8395656
17.9121194	18.7330912	20.8601575
18.8773094	19.7425187	21.9842006
22.1353344	23.1498713	25.7784444
27.4479669	28.7059975	31.9654469
37.0501431	38.7482731	43.1479806
58.4679531	61.1477331	68.0908069
97.9200513	102.40805	114.036066
2203.71295835733	2211.82306535733	2232.83567135733
1505.83708988793	1512.18220288793	1528.62179688793
75.5090575	78.9698913	87.9366006
47.4125825	49.5856544	55.2159038
32.6018956	34.0961487	37.9676262
25.128345	26.2800612	29.2640538
20.14119	21.0643275	23.456095
18.5799156	19.431495	21.6378606
14.5703	15.2381062	16.96833
14.1592469	14.8082125	16.489625
13.7438838	14.3738131	16.0058988
13.8600062	14.4952556	16.1411338
14.1132669	14.760125	16.436075
14.0228425	14.665555	16.3307694
13.89661	14.5335369	16.1837594
14.1629244	14.8120606	16.4939087
14.3066231	14.9623419	16.6612538
15.03718	15.726385	17.51205
16.4415387	17.1951088	19.1475419
19.0366512	19.9091631	22.1697681
22.9884644	24.0420994	26.7719819
33.3585638	34.8874938	38.8488275
50.87007	53.2016137	59.2424388
75.3692456	78.8236681	87.7737738
2007.14317556986	2012.58987556986	2026.70178056986
108.955074	113.948853	126.887273
67.2109506	70.29145	78.2727581
42.08455	44.0134219	49.0109656
29.2097712	30.5485544	34.0172162
21.6131606	22.6037631	25.1703275
17.8270006	18.6440706	20.7610294
16.0690844	16.8055837	18.7137906
13.5717612	14.1938013	15.8054488
12.6692456	13.2499187	14.7543944
12.2219513	12.7821244	14.2334812
12.2326788	12.7933419	14.2459731
12.2914744	12.8548325	14.3144469
12.4640144	13.0352819	14.5153837
13.0186944	13.6153831	15.161355
14.5489537	15.21578	16.9434688
16.7078556	17.4736319	19.4576906
21.9151575	22.9196019	25.52203
28.8591456	30.1818544	33.60888
45.4151363	47.4966619	52.889715
63.1474619	66.0417181	73.5404869
54.0972838	56.5767413	63.0008
36.8176069	38.5050781	42.8771738
24.7972256	25.9337656	28.8784388
18.5356956	19.3852469	21.5863631
15.2174456	15.9149112	17.7219844
13.2004138	13.80543	15.3729813
12.1718	12.7296737	14.1750769
11.7926169	12.3331119	13.7334881
11.9877588	12.5371975	13.9607438
12.8057994	13.3927313	14.9134213
15.2574138	15.9567081	17.7685281
19.67555	20.5773456	22.9138194
25.8853394	27.0717494	30.1456356
34.4701913	36.0500744	40.1434131
29.5201875	30.8731962	34.3787219
21.014915	21.9780988	24.47362
15.7063831	16.4262606	18.2913931
14.0868156	14.7324594	16.4052694
12.9726588	13.56724	15.1077438
13.7965819	14.4289256	16.06727
16.7823556	17.5515469	19.5444525
19.5455338	20.44137	22.762405
17.9421231	18.7644706	20.8950988
15.1424937	15.8365237	17.6346944
