#?RADIANCE
genskyvec -m 1
NROWS=146
NCOLS=1
NCOMP=3
FORMAT=ascii

9.94421919	10.3999963	11.5808737
28.8998325	30.2244081	33.6562644
27.7579131	29.0301488	32.3264044
27.3740069	28.6286469	31.8793144
27.5011069	28.7615725	32.0273338
28.4868881	29.7925362	33.1753569
28.2919031	29.588615	32.9482806
28.3605181	29.6603731	33.0281869
28.3850006	29.6859788	33.0567006
29.4292406	30.7780794	34.2728044
27.458725	28.7172487	31.9779756
28.771535	30.0902281	33.5068519
27.7869237	29.06049	32.36019
28.02902	29.3136831	32.6421331
28.9816444	30.3099687	33.7515425
29.9684819	31.3420362	34.9007962
34.4457763	36.0245388	40.1149762
36.0928963	37.7471531	42.0331888
47.7962406	49.9869	55.6627088
67.62613	70.7256581	78.7562681
84.0240838	87.875185	97.853045
124.8104	130.530875	145.352131
125.817637	131.584284	146.525131
123.966457	129.64826	144.369269
90.6890275	94.845595	105.614927
60.4495725	63.2201775	70.3985688
46.7716794	48.9153787	54.4695206
37.4455656	39.16182	43.6084838
33.9861544	35.5438519	39.5797106
30.5192581	31.9180563	35.5422206
29.4706456	30.8213825	34.321025
29.2343187	30.5742244	34.0458037
28.1320569	29.4214431	32.7621275
28.4135325	29.71582	33.0899281
28.2954419	29.592315	32.9524006
28.2856087	29.5820325	32.9409512
27.9911606	29.2740894	32.5980425
28.5629575	29.8720931	33.2639456
28.8231662	30.1442275	33.5669806
28.59521	29.9058244	33.3015075
27.6035212	28.8686819	32.1466025
27.9572425	29.2386163	32.5585406
28.1726456	29.4638919	32.8093956
29.2010612	30.5394425	34.0070725
30.1220675	31.5026613	35.0796594
32.0009687	33.4676781	37.2677956
36.36822	38.0350962	42.3538256
42.8307794	44.7938556	49.8800144
55.1467106	57.6742675	64.2229425
79.1953587	82.8251413	92.2296031
116.13607	121.45895	135.250119
173.166269	181.103056	201.666562
1261.02652555137	1271.14311355137	1297.35431355137
178.58495	186.770088	207.977062
113.376475	118.572886	132.036362
77.2625187	80.8037144	89.97864
57.2548762	59.8790569	66.6780788
43.4401181	45.4311219	50.58964
36.2139869	37.8737938	42.17421
32.17719	33.651975	37.47302
30.3251337	31.7150344	35.3161475
25.192145	26.3467838	29.3383525
24.1277694	25.2336237	28.0987994
23.7374187	24.8253825	27.6442031
24.3489575	25.4649512	28.3563919
24.3026587	25.4165294	28.3024719
24.3900856	25.5079631	28.4042881
24.3580525	25.4744631	28.366985
24.4853619	25.6076094	28.5152475
23.98242	25.0816144	27.9295275
24.8416125	25.9801869	28.9301294
25.7319013	26.91128	29.9669444
28.6455306	29.9584506	33.3601094
33.5247444	35.0612944	39.0423619
42.5075394	44.4558	49.5035738
62.7882856	65.66608	73.1221956
100.977894	105.606041	117.597171
933.513911482153	941.882567482153	963.565067482153
1913.28195037151	1924.60673737151	1953.94821237151
130.048844	136.009419	151.452712
78.2626962	81.8497375	91.1434419
51.7572606	54.129465	60.2756469
38.4267544	40.18798	44.7511606
30.1941763	31.578075	35.1636356
27.1312481	28.3747612	31.5965994
22.2345725	23.2536556	25.8940144
21.4492281	22.4323188	24.9794144
20.7165588	21.6660669	24.1261606
20.711355	21.660625	24.1200994
20.8647856	21.8210875	24.2987819
20.7647344	21.7164519	24.1822669
20.6765706	21.6242463	24.0795894
20.9904181	21.9524775	24.4450913
21.1234769	22.091635	24.6000494
21.8203644	22.820465	25.4116344
23.0251856	24.0805069	26.8147487
25.2361394	26.3927969	29.3895906
28.8671987	30.1902781	33.6182606
38.230165	39.9823794	44.5222156
53.2962119	55.7389519	62.0678819
72.4157569	75.7348075	84.3341837
105.603246	110.443392	122.983785
120.21221	125.721934	139.997144
96.0931437	100.4974	111.908475
64.8973325	67.8717925	75.5783556
45.6109044	47.7014006	53.1177
33.4393125	34.9719444	38.9428662
27.3976781	28.6534044	31.9068806
24.5812912	25.7079344	28.6269637
20.788655	21.7414688	24.2101238
19.467605	20.3598694	22.6716487
18.7705125	19.6308256	21.8598269
18.7197437	19.5777312	21.8007031
18.7353906	19.5940944	21.8189237
18.8372663	19.7006437	21.93757
19.3461256	20.2328231	22.5301769
20.6937206	21.6421819	24.0995644
22.5607906	23.5948269	26.2739206
27.19343	28.4397931	31.6690169
33.1040463	34.6213125	38.5524225
47.0981294	49.2567925	54.8496975
63.0793675	65.970505	73.4611869
63.5370956	66.4492119	73.9942444
49.497165	51.7657838	57.6435763
36.022925	37.6739769	41.9517012
27.9087181	29.1878675	32.50203
23.1559506	24.2172638	26.9670362
19.8635281	20.7739394	23.1327344
18.3972163	19.2404213	21.4250925
17.8854244	18.7051719	20.8290681
18.0146425	18.8403125	20.9795531
18.6354213	19.489545	21.7025019
20.7662681	21.7180556	24.1840525
24.7161712	25.848995	28.7840425
30.3577544	31.7491481	35.354135
39.0803644	40.8715444	45.5123431
36.9285744	38.6211337	43.006405
29.4586912	30.80888	34.3071019
22.8947112	23.9440525	26.6628012
20.1997694	21.1255925	23.5243175
18.7453406	19.6045	21.8305106
19.3409662	20.2274269	22.52417
22.0696713	23.0811975	25.7019725
25.1923156	26.3469631	29.338555
24.30758	25.4216756	28.3082025
20.7992787	21.7525787	24.222495
