#?RADIANCE
genskyvec -m 1
NROWS=146
NCOLS=1
NCOMP=3
FORMAT=ascii

13.3781519	13.9913162	15.5799731
30.8066263	32.2185969	35.8768862
30.5732312	31.9745025	35.6050769
31.2066912	32.6369981	36.3427969
32.7231494	34.2229575	38.1088344
35.6014631	37.2331969	41.4608737
40.5786019	42.4384537	47.2571669
47.5193819	49.6973506	55.3402825
59.9022431	62.6477606	69.7611581
76.4194744	79.9220319	88.9968537
83.4926713	87.3194169	97.2341844
95.2328556	99.5977	110.906589
81.5087506	85.2445637	94.9237369
66.883485	69.948975	77.8913962
54.5211094	57.01999	63.4943769
44.3628612	46.3961594	51.6642525
38.4041331	40.1643206	44.724815
34.4919794	36.0728625	40.1687862
32.0624675	33.5319956	37.3394188
30.5015294	31.899515	35.5215756
31.3480187	32.7848025	36.5073813
31.3949344	32.8338681	36.5620212
31.8675844	33.32818	37.1124587
31.6843525	33.1365506	36.8990719
33.4757731	35.0100762	38.9853281
33.478805	35.01325	38.9888612
34.4642775	36.0438888	40.1365256
33.8972863	35.4509106	39.4762169
32.9052656	34.4134212	38.3209237
31.7308431	33.1851706	36.9532119
30.8562963	32.2705425	35.9347306
22.3667831	23.3919263	26.0479838
21.1530319	22.1225462	24.6344694
23.5563844	24.6360506	27.4333738
24.7706937	25.906015	28.8475388
28.6241856	29.9361269	33.3352506
33.2567088	34.7809719	38.73021
42.20996	44.1445806	49.1570181
56.6113944	59.2060819	65.92869
78.3282619	81.9183038	91.2197937
101.645282	106.304016	118.374394
109.885081	114.92145	127.970319
93.9785188	98.2858625	109.445821
71.1676331	74.4294806	82.8806425
51.5647488	53.9281312	60.0514506
39.4879344	41.2977987	45.9869944
30.9083175	32.3249475	35.9953125
28.58028	29.8902088	33.2841181
23.7691725	24.8585925	27.6811831
22.3488825	23.3732044	26.027135
21.0111794	21.9741925	24.4692737
21.2606344	22.2350781	24.7597806
22.0250506	23.0345312	25.6500075
21.0276094	21.991375	24.4884044
23.261555	24.32771	27.0900206
23.9064256	25.0021363	27.8410256
24.3277356	25.4427581	28.3316775
22.8798031	23.9284606	26.6454381
23.02289	24.0781044	26.8120756
22.0545781	23.0654125	25.684395
22.1972169	23.2145894	25.8505106
15.2484987	15.9473888	17.75815
15.2231375	15.9208637	17.7286131
16.705425	17.4710906	19.4548606
20.8352506	21.7901981	24.2643887
26.9786619	28.2151831	31.4188994
39.3931063	41.1986225	45.8765575
62.3995112	65.2594875	72.6694344
104.115368	108.887336	121.251039
1972.99768194724	1979.25877594724	1995.48074394724
91.722355	95.9262944	106.818331
56.2929369	58.8730287	65.5578181
34.397585	35.9741394	40.0588563
24.4577413	25.5787212	28.4830794
19.29941	20.1839663	22.4757731
16.90315	17.6778769	19.6851269
15.8263944	16.5517719	18.4311575
14.8698194	15.5513506	17.3171437
15.64562	16.3627106	18.2206313
15.2068669	15.9038469	17.7096638
14.5913056	15.2600731	16.9927919
15.3265825	16.0290519	17.8490844
15.3782062	16.0830394	17.9092037
14.5209794	15.1865231	16.9108906
15.0666987	15.7572569	17.5464288
11.9012719	12.4467475	13.860025
12.7796106	13.3653444	14.8829237
14.3221794	14.9786119	16.6793712
16.8370125	17.6087087	19.6081056
23.4736831	24.5495613	27.3370613
30.9412288	32.3593688	36.0336425
52.4252956	54.82812	61.0536275
1644.89236709985	1648.86676339985	1659.16409249985
3254.98932417482	3259.88762817482	3272.57871817482
73.8378112	77.2220425	85.9902894
44.1964744	46.2221444	51.4704794
27.78572	29.05923	32.3587869
21.3480612	22.3265138	24.8615981
16.3482513	17.0975444	19.0389006
13.9267838	14.5650937	16.2189
12.5161644	13.08982	14.5761169
11.7724906	12.3120631	13.7100475
11.5120981	12.0397356	13.4067981
11.5919312	12.1232269	13.49977
11.5013256	12.0284706	13.3942538
11.5677406	12.0979275	13.4715981
11.6523581	12.1864231	13.5701413
11.4794219	12.0055631	13.368745
11.8047725	12.3458256	13.7476431
10.4538527	10.9329862	12.1743831
11.7999644	12.3407937	13.7420406
14.1703694	14.8198431	16.5025756
19.5794556	20.4768469	22.8019087
28.7016181	30.0171075	33.4254263
46.3661738	48.49129	53.9972794
55.2439956	57.7760094	64.3362394
39.7453044	41.5669631	46.28672
27.0554694	28.2955087	31.5083481
18.19819	19.0322731	21.1933094
13.8700687	14.5057788	16.1528519
11.7062556	12.2427912	13.6329106
10.5095473	10.9912331	12.2392412
9.8334685	10.2841694	11.451895
9.53630694	9.97338806	11.1058237
9.50975287	9.94561731	11.0749013
9.70335844	10.148095	11.3003694
9.92052281	10.375214	11.5532763
10.2633185	10.7337213	11.9524912
12.2126356	12.7723825	14.2226325
17.1834062	17.9709781	20.01151
25.91091	27.0984925	30.1754163
27.7241781	28.99487	32.2871181
21.7058938	22.7007469	25.2783237
15.6725531	16.3908781	18.251995
12.0779269	12.6314988	14.0657531
10.010307	10.4691141	11.6578369
9.24938206	9.67331188	10.7716756
9.03786344	9.45209856	10.5253463
9.32545475	9.75287125	10.8602687
10.6783092	11.1677306	12.4357806
13.3824106	13.9957725	15.5849344
15.7256056	16.4463619	18.3137788
14.03742	14.6808006	16.3477462
10.5252472	11.0076551	12.2575294
9.67851137	10.1221103	11.2714337
11.8122494	12.3536437	13.7563488
