#?RADIANCE
genskyvec -m 1
NROWS=146
NCOLS=1
NCOMP=3
FORMAT=ascii

25.1614406	26.3146731	29.3025963
30.8982513	32.3144206	35.9835913
30.5861344	31.9879987	35.6201044
30.6023894	32.0049969	35.639035
30.3229119	31.7127119	35.31356
29.0734575	30.4059888	33.8584644
29.8704525	31.2395144	34.7866344
31.228885	32.6602088	36.3686419
33.0360125	34.5501613	38.4731912
35.4200056	37.04342	41.24955
41.6876362	43.5983175	48.5487281
45.03534	47.0994575	52.4474075
49.2406631	51.4975256	57.3448587
50.5929106	52.9117513	58.9196631
49.5914006	51.8643394	57.7533219
47.007325	49.1618263	54.74395
43.1580275	45.1361031	50.2611225
40.0990631	41.9369356	46.6987031
35.7161537	37.3531438	41.5944412
32.0788744	33.5491569	37.3585244
31.8546387	33.3146419	37.0973838
29.2812712	30.6233294	34.1004825
29.6942037	31.0551887	34.5813769
28.377905	29.6785575	33.0484375
29.9732944	31.3470688	34.9064019
31.5975669	33.0457881	36.7980006
32.6668194	34.1640475	38.0432344
33.7653106	35.3128869	39.3225213
32.2081638	33.6843706	37.5090919
32.2360269	33.71351	37.5415419
31.1248019	32.5513544	36.2474269
19.4995138	20.3932394	22.7088094
17.8853194	18.7050606	20.8289437
19.3233969	20.2090513	22.5037075
18.9671219	19.8364481	22.088795
19.7529087	20.6582487	23.0039081
20.343505	21.2759144	23.6917081
22.9760537	24.0291225	26.7575312
26.1174187	27.3144662	30.4159113
30.0186075	31.3944575	34.9591712
33.6961131	35.2405162	39.2419325
40.1324019	41.9718012	46.7375288
45.8175081	47.9174788	53.3583112
48.7431825	50.9772425	56.7655012
48.5071688	50.7304138	56.4906431
44.4149019	46.4505819	51.7248587
37.8422731	39.5767106	44.0704844
33.7825956	35.3309638	39.3426494
27.7916944	29.0654812	32.3657475
24.0990675	25.2036081	28.0653725
21.2445387	22.2182475	24.7410375
19.9169063	20.8297638	23.1948956
19.2459606	20.1280675	22.4135263
17.7534231	18.56712	20.6753419
19.0957606	19.9709831	22.2386044
19.5318694	20.4270806	22.7464919
20.1003544	21.0216212	23.4085388
19.2664438	20.1494869	22.4373781
19.8228444	20.7313913	23.0853537
19.2208356	20.10179	22.3842656
19.4403125	20.331325	22.6398644
13.287345	13.8963488	15.4742225
13.0395513	13.6371956	15.185645
13.5509225	14.172005	15.78118
15.1539938	15.8485519	17.6480913
16.9463769	17.7230838	19.7354669
20.0621156	20.9816306	23.3640094
24.8444287	25.98313	28.9334081
32.4518263	33.9392	37.7928575
42.084725	44.013605	49.0111706
53.3332938	55.777735	62.1110688
58.4110038	61.0881731	68.024485
49.48963	51.7579019	57.6348006
38.2097387	39.9610175	44.4984256
29.3892575	30.7362644	34.2262412
22.6284669	23.6656025	26.3527344
18.7136838	19.5713925	21.7936444
15.7306906	16.45168	18.3197013
14.9298231	15.6141056	17.3870244
13.7547588	14.3851837	16.0185625
13.02916	13.6263313	15.1735444
13.3363181	13.9475669	15.531255
13.3933056	14.0071644	15.5976206
12.8785969	13.4688656	14.9982
13.321385	13.9319488	15.5138638
11.20771	11.721395	13.0523131
11.6756912	12.2108269	13.5973137
12.4838812	13.05606	14.5385219
13.6177394	14.241885	15.8589919
16.3220169	17.0701075	19.00835
19.014075	19.8855538	22.1434769
26.0042144	27.1960731	30.2840756
36.7764756	38.4620638	42.8292731
55.5679944	58.11486	64.7135638
75.842355	79.3184606	88.3247462
87.0014813	90.9890456	101.32048
69.2606506	72.4350956	80.6598031
49.0121263	51.2585125	57.0787069
31.3846831	32.8231475	36.55008
22.923445	23.9741031	26.6962644
18.5169969	19.36569	21.5645869
15.2581925	15.9575256	17.7694387
13.3902619	14.0039806	15.5940775
12.2093481	12.7689425	14.2188031
11.5231656	12.0513106	13.4196875
11.2219494	11.7362875	13.0688944
11.1144419	11.6238512	12.9436925
10.9824238	11.4857844	12.7899488
11.1210119	11.6307244	12.9513469
11.0263063	11.5316788	12.8410531
11.9398287	12.48707	13.904925
13.7115963	14.3400425	15.9682969
16.8463981	17.6185238	19.6190344
22.2101494	23.2281144	25.8655712
37.6337394	39.3586188	43.8276294
61.6391806	64.4643088	71.7839669
4877.51915391507	4883.03211791507	4897.31566391507
3199.46989478982	3203.87928358982	3215.30364958982
51.974355	54.3565106	60.5284706
32.9098194	34.4181856	38.32623
21.8335044	22.8342062	25.4269356
16.1469325	16.887	18.8044512
13.0681956	13.6671538	15.2190038
11.7652356	12.304475	13.7015975
10.9174619	11.417845	12.7142944
10.5842606	11.0693725	12.3262537
10.6449319	11.132825	12.3969106
12.2520175	12.8135681	14.2684975
14.6501119	15.3215744	17.0612769
19.4422881	20.3333931	22.6421656
30.6544769	32.0594738	35.699695
49.4224412	51.6876375	57.5565569
2025.07542569336	2028.09960389336	2035.93497699336
45.3944538	47.4750319	52.8656269
27.9023737	29.1812319	32.49464
17.8561131	18.6745169	20.7949331
13.9882156	14.6293419	16.2904438
11.7492538	12.2877619	13.6829869
11.8738519	12.4180712	13.8280912
15.6096331	16.3250756	18.1787194
20.8546181	21.810455	24.2869425
30.8722419	32.28722	35.9532994
33.2530937	34.7771931	38.7260006
19.8626494	20.7730212	23.1317119
15.3641025	16.06829	17.8927794
21.2841394	22.25966	24.787155
