#?RADIANCE
genskyvec -m 1
NROWS=146
NCOLS=1
NCOMP=3
FORMAT=ascii

2.12152013	2.21875625	2.470687
17.3604356	18.1561225	20.2176756
16.4474294	17.2012669	19.1544013
16.0596331	16.7956994	18.7027813
16.0503	16.7859406	18.6919131
16.5264237	17.2838863	19.2464006
16.2220975	16.9656106	18.891985
16.3268106	17.0751212	19.0139319
16.2254831	16.9691506	18.8959287
17.0078637	17.78739	19.807075
16.0103313	16.7441381	18.645365
16.91625	17.6915781	19.7003837
16.3294963	17.0779306	19.0170587
16.3339975	17.0826394	19.0223019
16.5495994	17.3081244	19.2733894
16.7082081	17.4739987	19.4581006
18.3739056	19.2160431	21.397945
18.6973013	19.55426	21.7745656
23.1312887	24.1914712	26.938315
31.3558225	32.7929631	36.5164706
42.2985663	44.2372506	49.26021
71.4721244	74.7479275	83.2352506
102.272235	106.959698	119.10455
442.839151913759	448.713475913759	463.933361913759
86.580015	90.54826	100.829646
49.2048944	51.4601181	57.3032025
33.8279225	35.3783681	39.3954363
24.8643575	26.0039725	28.9566175
21.3825769	22.3626113	24.9017944
18.6306019	19.4845025	21.6968894
17.7337612	18.5465587	20.652445
15.6665813	16.3846313	18.24504
14.5973475	15.2663931	16.9998294
15.12878	15.8221831	17.6187281
14.8421012	15.522365	17.2848644
14.721775	15.3965231	17.1447356
14.28342	14.938075	16.6342331
14.915835	15.5994769	17.3707338
15.2123756	15.90961	17.7160788
15.02524	15.7138962	17.498145
13.9308044	14.5692994	16.223585
14.35411	15.0120062	16.7165594
14.4267812	15.0880094	16.8011906
15.1806081	15.876385	17.6790831
15.1800075	15.8757588	17.6783844
15.4280562	16.1351744	17.9672575
16.4133913	17.1656706	19.1147625
18.8983506	19.7645256	22.0087069
21.2361444	22.2094681	24.7312625
28.180635	29.4722456	32.8186975
38.555235	40.3223506	44.9007856
59.5711544	62.3014975	69.3755756
422.463347109721	427.155033109721	439.310750109721
651.509272967991	656.714704967991	670.201527967991
79.4348344	83.075605	92.5085
49.8508219	52.1356513	58.0554394
34.7663631	36.3598206	40.4883288
24.1460581	25.2527512	28.1200987
19.7103069	20.6136944	22.9542944
17.11819	17.9027738	19.9355613
16.2143156	16.9574725	18.8829237
11.2840326	11.8012162	13.1411956
10.6174996	11.1041356	12.364965
10.4444066	10.9231081	12.1633831
10.9759326	11.4789979	12.78239
10.8977729	11.3972529	12.691365
10.9457993	11.4474824	12.7472969
10.9319018	11.4329475	12.7311119
11.0401154	11.5461217	12.8571356
10.5355099	11.0183879	12.26948
10.9476664	11.4494337	12.74947
11.0213392	11.5264825	12.83527
11.6822344	12.2176694	13.604935
12.4338487	13.0037331	14.4802537
13.8368706	14.47106	16.1141888
18.0146075	18.8402769	20.9795119
25.770015	26.95114	30.0113306
39.4686944	41.2776738	45.9645844
60.6482881	63.4279994	70.6299875
51.1594806	53.5042894	59.5794825
32.135885	33.6087787	37.4249187
22.8233375	23.8694044	26.57968
17.00922	17.7888088	19.808655
13.0360506	13.6335356	15.1815669
12.0935894	12.6478788	14.0839925
8.52049094	8.91101313	9.92282169
8.35191237	8.73470813	9.72649825
8.00849763	8.37555356	9.32656344
8.08603475	8.4566445	9.41686256
8.23665444	8.61416756	9.59227056
8.15899256	8.532946	9.50182681
8.06599537	8.43568662	9.39352444
8.22228512	8.59913969	9.57553669
8.11960019	8.49174838	9.45595156
8.28811694	8.66798875	9.65220288
8.37582931	8.75972119	9.75435119
8.46711306	8.85518881	9.86065912
9.134742	9.55341669	10.6381681
10.6877811	11.1776366	12.4468119
13.0104313	13.6067425	15.1517331
15.5551787	16.268125	18.1153031
20.6106031	21.5552556	24.0027681
24.8608075	26.0002594	28.9524837
25.5144219	26.6838319	29.7136712
20.3793862	21.31344	23.733495
15.7045125	16.4243013	18.2892125
12.1525023	12.7094906	14.1526019
10.1521534	10.6174607	11.8230294
9.44475062	9.87763456	10.9991996
6.95901606	7.27797088	8.10435469
6.697542	7.0045125	7.79984625
6.4672135	6.76362738	7.53160944
6.57399137	6.87529906	7.655961
6.58361987	6.885369	7.6671745
6.51022369	6.80860856	7.58169819
6.61289644	6.91598737	7.7012695
6.79617331	7.10766412	7.91471025
6.96225981	7.28136312	8.108132
7.58184925	7.92935044	8.8296955
8.10685338	8.47841719	9.4411065
10.1524647	10.6177849	11.8233893
12.5201487	13.0939894	14.5807594
13.5506456	14.1717163	15.7808562
12.0508221	12.6031519	14.03419
10.0510635	10.5117362	11.7053005
8.63523631	9.03101725	10.0564516
7.53323969	7.878513	8.77308587
6.02505937	6.30120781	7.01668425
5.6303565	5.88841437	6.55701969
5.63128544	5.88938587	6.55810137
5.70087219	5.96216219	6.63914125
5.65917925	5.91855812	6.59058606
5.8605025	6.12910862	6.82504381
6.35556075	6.64685706	7.40158062
6.99419475	7.31476188	8.145323
8.25878681	8.63731475	9.61804631
8.30177006	8.6822675	9.66810306
7.65111081	8.00178675	8.91035663
6.42286875	6.71725	7.47996625
5.47723581	5.72827563	6.378698
5.21118512	5.45003106	6.06885956
5.25353756	5.4943245	6.11818275
5.59313094	5.84948275	6.51366744
5.96241863	6.23569606	6.94373394
6.02116063	6.29713031	7.01214369
5.34182525	5.58665875	6.22100081
