#?RADIANCE
genskyvec -m 1
NROWS=146
NCOLS=1
NCOMP=3
FORMAT=ascii

1.88464606	1.97102563	2.19482744
15.5972388	16.3121125	18.164285
14.7579025	15.4343037	17.1868081
14.553205	15.2202281	16.9484231
14.7807969	15.45825	17.2134719
15.55108	16.2638369	18.1105294
15.5446362	16.2570994	18.103025
15.76271	16.4851669	18.35699
15.7339331	16.45507	18.3234781
16.432105	17.1852425	19.1365569
15.1744719	15.8699681	17.6719375
15.8131519	16.5379206	18.4157337
14.9213375	15.6052319	17.3771425
14.6912975	15.3646481	17.1092406
14.8088969	15.4876375	17.2461944
14.97097	15.6571381	17.4349413
16.7624625	17.5307425	19.521285
17.2912425	18.0837544	20.1370906
21.8976237	22.9012631	25.5016075
29.7049056	31.0663788	34.5938388
39.008835	40.79674	45.4290419
62.6412031	65.5122556	72.9509069
86.3009081	90.2563637	100.504601
316.906809052191	321.909517052191	334.871092052191
77.6419694	81.2005594	90.4205481
46.5015694	48.63289	54.1549556
32.9138181	34.422365	38.3308856
24.2039563	25.3133044	28.1875263
20.4367762	21.3734619	23.8003294
17.3514156	18.1466881	20.2071713
16.130185	16.869485	18.784945
14.5140356	15.1792612	16.9028056
13.5734975	14.1956144	15.8074694
14.0705787	14.7154794	16.3863619
14.0289212	14.6719125	16.3378481
14.1807569	14.8307081	16.514675
13.9772781	14.6179012	16.277705
14.6592675	15.3311494	17.0719394
14.9731237	15.6593919	17.4374525
14.7192787	15.3939119	17.1418269
13.5757619	14.1979831	15.8101056
13.7468819	14.3769475	16.0093906
13.603295	14.2267781	15.8421719
14.0674231	14.71218	16.3826881
14.0166881	14.6591188	16.3236025
14.341265	14.9985731	16.7015987
15.5278275	16.2395206	18.0834506
18.0600738	18.8878275	21.0324625
20.7822006	21.7347163	24.2026037
27.3925044	28.6479931	31.9008544
36.3889588	38.0567825	42.3779763
53.1084638	55.5426006	61.8492363
253.638489997962	257.500688097962	267.507312497963
383.431944048399	387.725529048399	398.849840148399
71.3574369	74.6279831	83.101685
47.695045	49.8810656	55.5448562
34.4445394	36.0232462	40.1135388
24.2719756	25.3844406	28.2667381
19.4776825	20.3704075	22.6833856
16.514555	17.2714731	19.2325775
15.2600644	15.9594831	17.7716187
10.885718	11.3846475	12.6773269
10.2481714	10.7178759	11.9348481
10.1335207	10.5979726	11.80133
10.7487134	11.2413641	12.5177738
10.8258257	11.3220087	12.6075769
10.9580992	11.4603448	12.7616188
10.9356401	11.4368556	12.7354662
10.9346036	11.4357739	12.7342588
10.3412719	10.8152467	12.0432744
10.5595166	11.0434934	12.2974375
10.5714219	11.0559444	12.3113025
11.2501063	11.7657337	13.1016875
12.2174306	12.7773956	14.2282156
13.9214319	14.5594975	16.2126681
18.1900481	19.0237575	21.1838294
25.3188244	26.4792706	29.4858831
36.6655756	38.3460813	42.7001213
53.0304262	55.4609837	61.7583544
46.8300438	48.9764188	54.5374919
31.656985	33.1079294	36.8672013
23.3775981	24.44907	27.2251631
17.5935238	18.3998925	20.4891256
13.2633856	13.8712913	15.4463169
11.9242087	12.470735	13.8867356
8.56352069	8.95601525	9.97293338
8.31217694	8.6931515	9.68022344
8.00493987	8.37183288	9.32241994
8.11088069	8.48262931	9.44579669
8.32138812	8.70278481	9.69095025
8.28224181	8.66184431	9.64536113
8.18985919	8.56522756	9.53777425
8.29449762	8.67466169	9.65963394
8.12783375	8.50035925	9.46554025
8.23291112	8.61025281	9.5879115
8.32819137	8.70989987	9.69887331
8.53464356	8.92581456	9.93930388
9.30180231	9.72813525	10.8327243
11.0759627	11.5836118	12.8988825
13.5641156	14.1858031	15.7965419
16.1107962	16.8492069	18.7623663
20.7354244	21.6857975	24.14813
24.5120956	25.635565	28.5463794
25.3347288	26.4959019	29.5044025
20.9444481	21.9044006	24.3915575
16.576975	17.3367525	19.30527
12.88384	13.4743487	15.0043056
10.6082332	11.0944441	12.3541725
9.63772619	10.0794547	11.2239344
7.25531644	7.58785163	8.449421
6.88902794	7.20477494	8.02284744
6.65498119	6.96000106	7.75028044
6.76295631	7.07292513	7.87602681
6.78669081	7.09774744	7.90366762
6.70453575	7.01182675	7.80799094
6.78050944	7.0912825	7.89646869
6.95989019	7.27888475	8.10537231
7.19572519	7.52552894	8.38002194
7.96886387	8.33410331	9.28040638
8.70298719	9.10187444	10.1353557
10.9197432	11.4202304	12.71695
13.3592287	13.9715269	15.5579356
14.4353588	15.0969806	16.81118
13.0163094	13.6128894	15.1585756
10.9822126	11.4855631	12.7897025
9.34730769	9.77572587	10.8857199
7.99631194	8.36280969	9.31237194
6.43521381	6.73016081	7.49434294
5.9718385	6.24554775	6.95470413
5.926196	6.19781306	6.90154937
5.98245563	6.25665144	6.96706844
5.96450219	6.23787481	6.94616006
6.23741831	6.52329981	7.26399381
6.86451712	7.17914062	7.99430263
7.68844675	8.0408335	8.95383719
9.14463931	9.56376806	10.6496948
9.23043356	9.65349494	10.7496098
8.48463513	8.87351412	9.88106544
7.03129438	7.35356163	8.18852856
5.99905725	6.27401381	6.98640219
5.65138681	5.91040844	6.58151119
5.70212987	5.96347744	6.64060581
6.13346656	6.41458338	7.14293331
6.66117194	6.96647531	7.75749019
6.7181865	7.02610319	7.82388838
5.89542912	6.16563594	6.86571863
