#?RADIANCE
genskyvec -m 1
NROWS=146
NCOLS=1
NCOMP=3
FORMAT=ascii

2.01544606	2.10782069	2.34715513
14.7568031	15.433155	17.1855281
15.0592656	15.7494794	17.53777
15.7533056	16.4753312	18.3460375
17.6064056	18.4133656	20.5041275
22.2070813	23.224905	25.8619969
30.0811594	31.4598769	35.0320187
42.5157069	44.4643425	49.5130862
72.7142463	76.0469794	84.6818038
498.792117886233	504.056185886233	517.694906886233
81.7836544	85.53207	95.2438856
60.7486175	63.5329275	70.7468312
35.4010169	37.0235606	41.227435
24.7543056	25.8888756	28.8284512
19.77321	20.6794825	23.0275525
16.5637981	17.3229712	19.2899231
15.694635	16.4139712	18.2777119
14.1479913	14.7964406	16.4765156
14.5169844	15.1823463	16.9062388
14.3255756	14.9821663	16.6833281
14.0915906	14.7374556	16.4108325
14.6673987	15.3396556	17.0814106
14.0292494	14.672255	16.3382306
14.2080156	14.8592156	16.5464194
14.3701831	15.0288137	16.735275
13.65052	14.2761694	15.8971687
14.131515	14.7792094	16.4573294
13.7189819	14.3477656	15.9768975
14.3100737	14.9659531	16.6652756
13.9510491	14.5904719	16.2471594
14.3897469	15.0492775	16.75806
13.4076875	14.0222038	15.6143688
13.3032163	13.9129438	15.4927044
14.9292256	15.6134819	17.3863281
16.6736956	17.4379056	19.4179081
21.2102175	22.1823512	24.7010663
27.8789463	29.1567313	32.4673587
40.9120256	42.78716	47.6454656
67.5102219	70.6044387	78.6212813
759.509709870329	764.917542870329	778.928750870329
460.994604223193	464.702492323193	474.309304823193
52.9085163	55.3334894	61.6163794
34.0499188	35.6105388	39.6539694
24.7611013	25.895985	28.8363669
18.6703281	19.5260525	21.743155
15.7302875	16.4512575	18.3192306
14.0452056	14.6889444	16.3568119
14.1060656	14.7525931	16.42769
12.8235981	13.4113444	14.9341487
12.6873256	13.2688275	14.7754487
12.3038525	12.8677819	14.3288644
12.4042375	12.9727656	14.4457688
12.6364094	13.2155781	14.7161531
12.1066262	12.6615113	14.0991731
12.7658063	13.350905	14.866845
12.96982	13.5642706	15.1044375
13.079515	13.6789919	15.232185
12.6297019	13.2085612	14.70834
12.80403	13.3908825	14.9113619
12.6708913	13.2516394	14.7563088
13.0225488	13.6194137	15.1658425
9.76978444	10.2175649	11.3777275
9.82233069	10.2725198	11.4389231
10.9226675	11.4232894	12.7203563
14.3291325	14.985885	16.6874688
19.8666275	20.7771813	23.1363444
30.9954269	32.4160481	36.0967587
45.6245825	47.7157063	53.1336294
49.2823544	51.5411281	57.3934106
32.4594894	33.9472156	37.8017819
21.6216444	22.612635	25.1802075
15.5872475	16.3016637	18.1526513
12.1997974	12.7589531	14.2076813
10.5621083	11.0462048	12.3004562
9.63560238	10.0772343	11.2214619
9.49375944	9.92888912	11.0562746
9.44893163	9.88200787	11.0040693
9.12704894	9.54537075	10.6292088
9.60126413	10.0413221	11.1814732
9.27408519	9.69914725	10.8004463
8.87824063	9.28515919	10.3394519
9.26150888	9.68599544	10.7858007
9.355109	9.78388469	10.8948057
9.01431369	9.42746913	10.49792
9.45373969	9.88703638	11.0096693
7.30582237	7.6406725	8.50823944
7.78704288	8.14394887	9.06866094
8.50685131	8.89674875	9.90693806
9.92352544	10.3783532	11.5567723
13.415085	14.0299419	15.6229856
16.5092306	17.2659019	19.2263756
20.6893094	21.6375706	24.0944281
22.249515	23.2692812	25.9114138
17.2863881	18.0786813	20.1314412
13.6930244	14.3206225	15.9466694
10.5559611	11.0397755	12.2932971
8.54147481	8.93295875	9.94725975
7.95096994	8.31538919	9.25956756
7.53355713	7.87884481	8.7734555
7.30412981	7.63890194	8.50626806
6.99774525	7.318475	8.14945806
6.926392	7.2438515	8.06636106
6.943973	7.26223825	8.08683569
7.07405931	7.398287	8.238332
7.02967438	7.35186769	8.18664213
7.08241863	7.40702931	8.24806713
7.16681644	7.495295	8.34635519
7.07875163	7.40319406	8.24379638
7.33473125	7.67090644	8.54190625
5.90617025	6.17686944	6.87822775
6.40503706	6.69860106	7.45919981
7.09149744	7.41652419	8.25864006
8.8578635	9.26384925	10.3157217
10.7424654	11.2348289	12.5104971
11.362399	11.8831751	13.23246
10.6804421	11.1699613	12.4382637
8.56385231	8.95636219	9.97332031
7.26925506	7.60242894	8.4656535
6.43534469	6.73029787	7.49449562
5.8236275	6.09054356	6.78209981
5.78416344	6.04927075	6.73614075
5.7211725	5.98339269	6.66278231
5.598435	5.85502969	6.51984438
5.48482925	5.73621688	6.38754069
5.53214481	5.78570125	6.442644
5.67883938	5.93911925	6.613482
5.74622238	6.00959081	6.69195512
5.18814813	5.42593825	6.04203112
5.48465025	5.73602975	6.38733244
6.55066519	6.85090381	7.62879581
7.54745644	7.89338125	8.78964244
6.95385931	7.27257744	8.098349
5.96437	6.23773681	6.94600644
5.38573225	5.63257781	6.27213406
5.01387181	5.24367406	5.83907175
4.8757945	5.09926831	5.67826931
4.78293956	5.0021575	5.57013206
4.88173975	5.10548612	5.68519306
4.85511244	5.07763831	5.65418338
4.68034956	4.89486569	5.4506575
5.00321094	5.23252463	5.8266565
5.12244575	5.35722481	5.96551556
4.86594606	5.08896837	5.66679981
4.47248769	4.67747669	5.20858481
4.47240519	4.67739025	5.20848869
4.58935894	4.79970431	5.34469106
