#?RADIANCE
genskyvec -m 1
NROWS=146
NCOLS=1
NCOMP=3
FORMAT=ascii

0.337156525	0.352609519	0.392646875
1.35445187	1.41653088	1.57737206
1.41025056	1.474887	1.64235438
1.47408631	1.54164856	1.71669637
1.58697163	1.65970781	1.84816081
1.81953581	1.90293112	2.11900125
2.00523112	2.09713744	2.33525875
2.18425462	2.28436637	2.54374669
2.44256175	2.55451244	2.84456681
2.59750969	2.716562	3.02501675
2.15356287	2.25226763	2.50800344
2.09811613	2.19427987	2.44343106
1.79276844	1.87493694	2.08782831
1.62596519	1.70048844	1.89357194
1.52800787	1.5980415	1.7794925
1.38815194	1.45177569	1.616619
1.36645087	1.42908	1.59134606
1.22280957	1.27885493	1.42406369
1.26808486	1.32620531	1.47679044
1.24994787	1.30723712	1.45566869
1.19969201	1.25467789	1.39714156
1.25597825	1.31354387	1.46269156
1.1942893	1.24902733	1.39084938
1.22235768	1.27838248	1.42353738
1.217926	1.27374756	1.41837625
1.16903797	1.22261887	1.36144231
1.20298711	1.25812412	1.400979
1.17736406	1.23132654	1.37113844
1.24670163	1.30384206	1.45188806
1.23695577	1.29364967	1.44053825
1.30602919	1.36588875	1.52097987
1.56113375	1.63268569	1.81807044
1.66378719	1.74004406	1.93761888
1.75370425	1.83408225	2.04233469
1.89873125	1.98575631	2.21123088
2.09815925	2.19432487	2.44348144
2.29069531	2.39568531	2.66770575
2.45058169	2.5629	2.85390675
2.62084294	2.74096487	3.05219019
2.64244413	2.76355606	3.0773465
2.49517588	2.609538	2.90584031
2.3059085	2.41159581	2.68542275
2.11791712	2.2149885	2.46649119
1.93455875	2.02322619	2.25295512
1.78836413	1.87033094	2.08269912
1.68497538	1.76220331	1.96229437
1.585522	1.65819181	1.84647256
1.50385206	1.57277837	1.75136088
1.47441488	1.54199213	1.71707887
1.44160512	1.50767875	1.67886925
1.43431288	1.50005219	1.67037688
1.41995825	1.48503969	1.65365994
1.40718544	1.47168144	1.63878487
1.41697919	1.48192406	1.65019037
1.39747244	1.46152319	1.62747306
1.39779831	1.461864	1.62785269
1.39947594	1.4636185	1.62980619
1.4212385	1.48637856	1.65515081
1.43269888	1.49836431	1.6684975
1.46690706	1.53414025	1.70833569
1.50245406	1.57131663	1.749733
1.6663295	1.74270306	1.94057963
1.75262256	1.83295113	2.04107512
1.8886775	1.97524194	2.1995225
2.06764062	2.16240737	2.40794006
2.26128656	2.36492894	2.63345688
2.43669812	2.54838006	2.83773806
2.5119135	2.62704256	2.92533244
2.44643919	2.55856763	2.8490825
2.29157338	2.39660381	2.66872844
2.09488338	2.19089887	2.43966631
1.9360215	2.02475569	2.25465856
1.76730756	1.84830888	2.05817688
1.65791819	1.73390606	1.93078388
1.58948494	1.66233612	1.85108769
1.53422356	1.60454213	1.78673125
1.50497475	1.57395294	1.75266856
1.49507519	1.56359944	1.74113969
1.4784295	1.54619063	1.72175412
1.4829475	1.55091587	1.72701594
1.49386812	1.562337	1.73973406
1.49218763	1.56057956	1.73777694
1.50243325	1.57129481	1.74970888
1.54001075	1.61059463	1.79347094
1.57725294	1.64954369	1.83684269
1.70713331	1.78537675	1.98809906
1.79095075	1.873036	2.0857115
1.9169845	2.00484619	2.23248831
2.02560744	2.11844781	2.35898881
2.18798919	2.28827194	2.548096
2.27228531	2.37643156	2.64626569
2.31965069	2.42596787	2.70142669
2.29137462	2.39639575	2.66849681
2.17123162	2.27074619	2.52858038
2.05289369	2.14698456	2.39076587
1.91738806	2.00526825	2.232958
1.80015831	1.88266537	2.09643425
1.72159694	1.80050344	2.00494337
1.63730306	1.71234606	1.90677606
1.58893381	1.66175981	1.85044594
1.56834712	1.64022944	1.82647094
1.55099475	1.62208181	1.80626237
1.54158906	1.61224519	1.795309
1.53498131	1.60533469	1.78761369
1.53822331	1.60872506	1.79138931
1.54418944	1.61496494	1.79833756
1.55910919	1.63056813	1.81571269
1.59142212	1.66436219	1.85334369
1.6271585	1.70173662	1.89496194
1.72900788	1.808254	2.01357363
1.82970825	1.91356988	2.13084806
1.93924356	2.0281255	2.25841094
2.06473931	2.159373	2.40456106
2.14058906	2.23869944	2.49289438
2.13498369	2.232837	2.48636656
2.07533594	2.17045544	2.41690181
1.94154381	2.03053125	2.2610895
1.84092581	1.92530144	2.14391156
1.73544012	1.814981	2.02106475
1.67617488	1.7529995	1.9520455
1.62166794	1.69599444	1.88856769
1.59188837	1.66484981	1.85388669
1.58228044	1.65480156	1.84269737
1.58694319	1.659678	1.84812762
1.59585613	1.66899956	1.85850763
1.61712219	1.69124006	1.88327356
1.66117337	1.73731037	1.93457469
1.75649381	1.83699969	2.0455835
1.848369	1.93308606	2.15258006
1.96136469	2.0512605	2.28417269
2.01487988	2.10722856	2.34649569
1.95824462	2.04799762	2.28053919
1.84749406	1.93217081	2.151561
1.75310388	1.83345437	2.04163563
1.68788081	1.765242	1.965678
1.6389925	1.71411306	1.90874362
1.63083106	1.70557725	1.89923875
1.6369845	1.71201281	1.90640481
1.686536	1.76383537	1.96411163
1.76407881	1.8449325	2.05441681
1.83541188	1.91953481	2.13749025
1.83916156	1.92345625	2.14185687
1.77444725	1.85577594	2.06649175
1.70769819	1.78596775	1.98875687
1.69807856	1.77590694	1.97755381
1.76989925	1.85101962	2.06119519
