#?RADIANCE
genskyvec -m 1
NROWS=146
NCOLS=1
NCOMP=3
FORMAT=ascii

16.3516606	17.1011112	19.0428719
32.5537781	34.045825	37.9115894
31.8142462	33.2723969	37.0503438
31.44672	32.8880262	36.6223281
31.482695	32.9256519	36.6642244
32.1121369	33.58394	37.3972594
31.8343412	33.2934156	37.0737444
31.9893762	33.455555	37.254295
32.1184881	33.5905844	37.4046569
33.3115081	34.8382831	38.7940294
32.2894244	33.7693556	37.6037269
34.271525	35.8423019	39.9120488
34.4388644	36.0173125	40.1069294
36.1992944	37.8584269	42.1570963
39.0996119	40.8916744	45.5347575
42.01978	43.9456863	48.93554
49.8932275	52.1799988	58.1048238
50.1051044	52.4015881	58.3515725
61.7746762	64.606015	71.9417637
68.1309656	71.2536319	79.3441931
63.5192112	66.430505	73.9734206
65.2309956	68.2207487	75.966935
55.1045319	57.6301538	64.1738225
51.5872763	53.9516913	60.0776844
45.0363781	47.1005437	52.4486188
38.6022081	40.3714731	44.9554894
36.4946181	38.1672869	42.5010256
34.0612556	35.6223944	39.6671712
33.9262819	35.4812363	39.5099869
32.6274419	34.1228656	37.9973769
32.6164619	34.1113806	37.98459
31.2425637	32.6745144	36.38457
30.17137	31.554225	35.1370769
30.7865738	32.1976244	35.8535325
30.5197406	31.91856	35.5427825
30.428255	31.8228819	35.4362406
30.017125	31.3929094	34.9574469
30.8530669	32.2671644	35.9309688
31.4349013	32.8756669	36.608565
31.691635	33.1441681	36.9075531
31.2704762	32.7037075	36.4170769
32.8895925	34.3970319	38.3026738
34.8010219	36.3960675	40.5286919
38.1572087	39.9060794	44.4372531
42.68352	44.6398469	49.7085188
48.8256962	51.0635388	56.8615956
59.5945506	62.3259644	69.4028231
68.7307394	71.8808975	80.0426762
85.5718519	89.4938925	99.6555537
95.86217	100.255848	111.639506
98.3928094	102.902466	114.58665
88.9931112	93.0719606	103.639903
73.7588525	77.139465	85.898335
61.2284844	64.0347875	71.3056763
50.1759969	52.4757275	58.4341319
43.37924	45.3674538	50.5187431
39.14633	40.9405338	45.5891644
35.4331175	37.0571319	41.2648213
33.5115381	35.0474819	39.0269819
32.0417731	33.5103525	37.3153156
31.58756	33.0353231	36.7863475
26.3388613	27.5460588	30.6737994
25.4981225	26.6667856	29.6946906
25.2320969	26.3885675	29.3848825
25.9141731	27.1019044	30.1792137
25.9571313	27.1468319	30.2292425
26.3253906	27.5319712	30.6581131
26.8768694	28.1087256	31.300355
28.0498619	29.3354794	32.6664019
29.105995	30.4400194	33.8963588
32.83989	34.3450506	38.2447925
37.9520712	39.6915394	44.1983506
49.3373562	51.59865	57.457465
67.023165	70.0950569	78.054065
92.899675	97.1575787	108.189428
121.303656	126.8634	141.268219
130.251481	136.221338	151.688713
108.320826	113.285544	126.148631
80.6925562	84.39096	93.9732081
57.3449088	59.9732169	66.7829287
44.9894844	47.0515	52.3940044
36.4351825	38.1051263	42.4318063
31.8929969	33.3547575	37.1420538
28.5195812	29.8267294	33.2134325
27.3399719	28.593055	31.8396781
23.6781456	24.7633925	27.5751769
23.1190556	24.1786775	26.9240669
22.5874781	23.6227375	26.3050013
22.6352287	23.6726762	26.3606131
23.0081437	24.0626825	26.7949025
23.2451187	24.31052	27.0708794
24.0779762	25.1815488	28.04081
25.6917662	26.8693025	29.9202038
28.2579912	29.5531506	32.9087881
32.1818462	33.6568469	37.4784431
39.8595488	41.6864444	46.4197688
54.1188188	56.5992606	63.0258756
71.3324194	74.6018194	83.07255
112.41387	117.566177	130.915319
165.897763	173.501394	193.201775
1320.65021359645	1329.80060659645	1353.50843859645
150.425312	157.3198	175.182819
99.6601162	104.227856	116.062508
64.8973988	67.8718588	75.5784319
46.5757544	48.710475	54.2413506
36.5492463	38.2244181	42.5646431
30.2827725	31.6707331	35.266815
26.9462006	28.1812338	31.3810981
25.1804831	26.3345881	29.3247731
23.52561	24.6038669	27.3975356
22.2687612	23.2894125	25.9338294
21.8619144	22.8639181	25.4600231
22.020375	23.0296406	25.6445613
22.8045594	23.849765	26.55781
25.1462831	26.2988206	29.284945
28.5496069	29.8581294	33.2483969
37.3721075	39.084995	43.5229331
49.9672819	52.2574469	58.1910669
79.4729394	83.1154469	92.5528631
122.093846	127.689794	142.188456
2285.82655985837	2295.10024085837	2319.12754085837
1009.05260779661	1016.64267679661	1036.30783979661
86.9120444	90.8955038	101.216317
55.7056075	58.2587794	64.873825
38.3877169	40.1471519	44.7056956
29.6917438	31.0526137	34.57851
25.6368656	26.8118875	29.8562669
24.7951412	25.9315838	28.8760075
23.81207	24.9034556	27.7311406
23.6240063	24.7067712	27.5121244
25.5125563	26.6818812	29.7115
31.1113175	32.5372512	36.2317225
45.6667488	47.7598062	53.1827362
71.3827544	74.6544612	83.1311681
100.971042	105.598881	117.589197
106.235716	111.104844	123.720339
64.5150656	67.4720056	75.133175
38.6504731	40.4219519	45.0116987
29.7827719	31.147815	34.6845206
30.62445	32.0280694	35.6647256
29.7398494	31.1029244	34.6345331
35.8561406	37.4995444	41.7574644
51.3627025	53.7168256	59.8161519
54.1507844	56.6326938	63.0631044
41.5001269	43.4022131	48.3303587
38.5314769	40.2974994	44.8731181
