#?RADIANCE
genskyvec -m 1
NROWS=146
NCOLS=1
NCOMP=3
FORMAT=ascii

15.5351394	16.2471669	18.0919656
32.5026287	33.9923313	37.85202
33.0512981	34.5661475	38.4909906
33.7686525	35.3163812	39.3264106
34.6136681	36.2001281	40.3105038
34.7862694	36.3806406	40.5115131
34.543325	36.1265594	40.2285825
34.6753544	36.2646412	40.3823412
33.2950531	34.8210775	38.7748681
32.8938988	34.4015356	38.3076875
33.4130556	34.9444863	38.9122881
32.5282569	34.0191344	37.8818662
32.6749044	34.1725031	38.0526512
32.8814219	34.3884862	38.2931594
33.6642181	35.20716	39.2047888
36.3943519	38.0624256	42.3842575
41.809945	43.7262331	48.6911669
46.2140513	48.3321931	53.820115
57.847245	60.4985769	67.3679419
74.1603037	77.5593163	86.3658581
82.1651219	85.9310206	95.6881306
93.6913094	97.9855019	109.11134
82.3254756	86.0987225	95.874875
73.8833769	77.2696944	86.0433538
60.5903438	63.3673981	70.5625063
47.2579975	49.4239881	55.0358806
41.4257356	43.3244119	48.2437225
36.7209194	38.4039619	42.764575
34.3039475	35.8762088	39.9498063
32.4803125	33.9689919	37.8260337
32.0526494	33.5217281	37.3279825
24.9274669	26.0699762	29.0301163
23.54785	24.6271269	27.4234356
25.4376	26.60349	29.624205
25.2440969	26.4011181	29.3988563
25.4313475	26.5969494	29.6169244
24.5036525	25.6267363	28.5365469
25.9424231	27.1314513	30.2121156
26.3158875	27.5220319	30.647045
25.39902	26.5631419	29.5792775
22.7883962	23.832865	26.5389894
23.5668163	24.6469619	27.4455231
23.9000412	24.9954594	27.8335931
25.9507488	27.1401563	30.2218119
27.5193525	28.7806544	32.04858
30.0129819	31.3885744	34.9526187
35.8361538	37.478645	41.7341906
44.8859925	46.9432637	52.2734812
57.6232656	60.2643312	67.1070988
79.0860331	82.7108075	92.1022794
100.682595	105.297212	117.253269
112.186563	117.32845	130.650613
99.7339263	104.305061	116.148481
77.2193219	80.7585387	89.92834
57.82487	60.4751762	67.3418831
44.9144531	46.9730306	52.3066269
37.3216931	39.0322675	43.4642225
30.5558888	31.9563681	35.5848819
27.61111	28.87662	32.1554431
25.3664925	26.5291219	29.5413944
24.9028319	26.0442106	29.0014238
17.9319575	18.75384	20.8832606
17.1700781	17.9570381	19.9959875
17.1332919	17.9185687	19.9531475
18.1760012	19.0090681	21.1674681
18.13885	18.9702144	21.1242037
18.164985	18.9975469	21.15464
18.04798	18.8751781	21.0183762
18.1571419	18.9893444	21.1455056
17.6277263	18.4356637	20.5289569
18.9011581	19.7674613	22.011975
20.33549	21.2675331	23.6823737
24.5224456	25.64639	28.5584331
31.2952519	32.7296169	36.4459288
43.3482437	45.3350369	50.4826438
68.3382481	71.4704169	79.5855906
108.06343	113.016325	125.848881
1393.0932923507	1399.7042233507	1416.8325673507
105.330428	110.158072	122.666069
62.5268781	65.3926931	72.8177675
41.93047	43.8522825	48.83153
30.2860606	31.6741694	35.2706425
24.2807581	25.3936275	28.2769669
20.0787006	20.9989738	23.3833206
18.84349	19.7071506	21.9448156
14.8593919	15.540445	17.3049987
14.4627113	15.1255837	16.8430331
14.01708	14.6595281	16.3240581
14.0999969	14.7462462	16.4206219
14.3220844	14.9785125	16.6792625
14.2443806	14.8972481	16.5887681
14.2124225	14.8638237	16.5515506
14.6274575	15.2978838	17.0348956
15.0373031	15.7265125	17.5121938
16.0938675	16.8315037	18.7426519
18.0725875	18.9009138	21.0470356
21.6736075	22.6669806	25.2407244
26.9096394	28.1429962	31.3385188
40.8087963	42.6791988	47.5252475
64.6114656	67.5728225	75.2454394
1350.3729297232	1354.9593687232	1366.8424177232
4522.10118992158	4528.86043992158	4546.37308992158
105.314215	110.141095	122.647177
61.4211212	64.236255	71.5300181
39.0597706	40.85001	45.4883619
27.8306331	29.1062025	32.4110925
21.2000737	22.1717431	24.689255
17.8337963	18.6511781	20.768945
16.2579975	17.0031531	18.9337931
13.9203894	14.5584075	16.2114556
13.0155669	13.6121131	15.1577144
12.5662212	13.1421731	14.6344125
12.5675213	13.1435319	14.6359256
12.6813681	13.2625963	14.7685119
13.0575644	13.6560356	15.2066237
13.8700869	14.5057975	16.1528719
16.0185888	16.7527737	18.6549825
19.0168038	19.8884081	22.146655
26.2288469	27.4310038	30.54568
36.1670906	37.8247481	42.1195931
59.8974812	62.6427812	69.7556138
82.2664838	86.0370244	95.8061788
59.2887262	62.0061244	69.0466681
37.8166475	39.5499094	44.04064
25.0524444	26.2006819	29.1756613
18.7251787	19.5834138	21.8070306
15.526685	16.2383269	18.08212
13.7257119	14.3548081	15.9847369
12.7180569	13.3009662	14.8112381
12.34271	12.908415	14.3741113
12.674285	13.25519	14.7602625
13.8872956	14.5237987	16.1729156
17.2948125	18.0874912	20.1412525
23.4164825	24.4897388	27.2704456
31.886095	33.3475419	37.1340175
42.1361725	44.0674125	49.0710894
33.0868944	34.6033769	38.5324487
22.0809644	23.0930087	25.7151244
16.4381831	17.1916	19.1436362
15.09808	15.7900738	17.5829725
13.9770131	14.6176263	16.2773981
15.2247287	15.9225281	17.7304662
19.2669638	20.1500337	22.4379863
22.3260113	23.3492844	26.0005
19.6909788	20.5934819	22.9317869
16.7588869	17.5270013	19.5171206
