#?RADIANCE
genskyvec -m 1
NROWS=146
NCOLS=1
NCOMP=3
FORMAT=ascii

1.27098731	1.32924087	1.48017075
12.6564131	13.2364981	14.7394494
12.9393206	13.5323713	15.0689169
13.5700337	14.1919934	15.8034356
15.2626075	15.9621437	17.7745788
19.4830819	20.3760563	22.6896738
26.8758131	28.1076194	31.2991256
38.8285256	40.608165	45.219055
68.1593662	71.2833356	79.3772712
469.753852484785	474.791576484785	487.843886484785
242.355195062949	245.508708862949	253.679188862949
47.7787925	49.9686525	55.6423881
28.04264	29.3279288	32.6579938
19.8770431	20.7880744	23.1484744
16.1496337	16.8898256	18.807595
13.7678988	14.3989269	16.0338656
13.22386	13.8299538	15.4002881
11.9672748	12.5157736	13.9368894
12.3483581	12.9143241	14.3806913
12.1893816	12.7480606	14.1955519
11.9512578	12.4990235	13.9182353
12.4340869	13.0039837	14.4805325
11.8354113	12.3778654	13.7833228
11.9797767	12.5288509	13.9514481
12.1034288	12.6581681	14.0954506
11.4755095	12.0014691	13.3641875
11.9217181	12.4681292	13.8838338
11.5906016	12.1218372	13.4982222
12.1645644	12.7221063	14.1666506
11.8823865	12.4269962	13.8380294
12.3120059	12.876305	14.338355
11.5149731	12.0427425	13.4101487
11.4205109	11.94395	13.3001369
12.8369125	13.42527	14.949655
14.3540456	15.0119394	16.7164837
18.2995462	19.1382719	21.3113456
24.02409	25.1251925	27.9780563
35.50466	37.1319556	41.3481363
58.0621262	60.7233063	67.6181881
367.324969463273	371.378212663273	381.879848763273
56.5889344	59.1825925	65.9025325
38.7284394	40.50349	45.1024963
25.7623869	26.9431619	30.0024456
19.3884925	20.2771306	22.5795144
15.0532356	15.7431744	17.5307481
12.9597494	13.5537375	15.0927094
11.7861919	12.3263931	13.7260063
11.9613144	12.5095394	13.9299475
10.9156633	11.4159625	12.7121994
10.8150138	11.3107016	12.5949856
10.4753026	10.9554206	12.1993637
10.5414792	11.0246304	12.2764331
10.7163226	11.2074873	12.4800519
10.2455727	10.7151586	11.9318219
10.7985579	11.2934919	12.5758225
10.9803295	11.4835949	12.7875106
11.0907324	11.5990566	12.9160819
10.7369626	11.2290741	12.5040894
10.9203263	11.4208401	12.7176294
10.8364799	11.3331516	12.619985
11.1654332	11.6771814	13.0030775
8.30576631	8.68644706	9.67275737
8.32322438	8.70470537	9.69308819
9.21492938	9.63728056	10.7315537
12.047828	12.60002	14.0306988
16.4733044	17.2283319	19.1845369
24.8802681	26.0206119	28.9751444
34.1133863	35.6769144	39.7278819
34.4425962	36.0212156	40.1112756
23.1216919	24.1814375	26.9271387
16.1431313	16.8830244	18.8000225
12.1128444	12.6680148	14.1064156
9.885928	10.3390334	11.5129887
8.763964	9.16564513	10.2063668
8.088852	8.45959081	9.4201425
8.02415419	8.39192762	9.34479675
7.99697769	8.36350581	9.3131475
7.70800675	8.06129019	8.97661656
8.10614906	8.47768087	9.44028644
7.81453938	8.17270575	9.1006835
7.47582044	7.81846219	8.70621669
7.81790769	8.17622812	9.10460562
7.91707763	8.27994356	9.22009737
7.64112438	7.99134231	8.89872669
8.03552387	8.40381819	9.35803756
6.119214	6.39967756	7.12633469
6.50063956	6.79858538	7.57053694
7.02790737	7.35001931	8.18458406
8.11892675	8.49104369	9.45516725
10.7235729	11.2150685	12.4884949
12.8470557	13.4358781	14.9614662
15.2717862	15.9717425	17.7852681
15.97243	16.7044975	18.6012263
12.5383362	13.11301	14.6019369
10.2258163	10.6944995	11.9088169
8.17642494	8.5511775	9.52212875
6.8224225	7.13511681	7.94527994
6.47825975	6.77517988	7.54447363
6.24575119	6.53201463	7.273698
6.09994588	6.37952656	7.10389569
5.84997994	6.11810388	6.81278962
5.79307769	6.05859363	6.746522
5.80684294	6.07298962	6.76255262
5.91732037	6.18853069	6.89121306
5.88046913	6.14999037	6.84829656
5.93187788	6.2037555	6.90816656
6.01480794	6.29048625	7.00474531
5.94281888	6.21519806	6.92090831
6.1671265	6.44978625	7.18213294
4.87074438	5.09398656	5.67238794
5.24046013	5.48064762	6.10295275
5.70901844	5.97068163	6.64862813
6.96753794	7.28688319	8.11427912
8.19601625	8.57166712	9.54494481
8.41793913	8.80376119	9.80339262
7.91736294	8.28024175	9.22042875
6.54763369	6.84773344	7.6252655
5.70855575	5.97019775	6.64808925
5.19177806	5.42973437	6.04625856
4.751009	4.9687635	5.53294625
4.76821837	4.9867615	5.55298775
4.73406925	4.95104725	5.51321856
4.63206975	4.84437281	5.39443162
4.53413519	4.74194944	5.28037856
4.57815469	4.78798656	5.33164306
4.70697394	4.92271	5.48166388
4.75801863	4.97609425	5.54110938
4.21336588	4.40647831	4.90681594
4.38498688	4.58596506	5.10668275
5.11777331	5.35233781	5.96007387
5.75041725	6.01397788	6.69684037
5.3007435	5.54369406	6.17315781
4.65100181	4.86417244	5.41647944
4.29827581	4.49527981	5.00570063
4.05470856	4.24054931	4.72204631
3.97816194	4.16049425	4.63290131
3.90740512	4.08649456	4.55049912
3.99836669	4.181625	4.65643137
3.95840206	4.13982863	4.60988931
3.74517681	3.91683044	4.36157069
3.94180962	4.12247575	4.59056588
4.00693256	4.19058344	4.66640712
3.85094006	4.02744138	4.48474087
3.58847525	3.75294706	4.17907887
3.60514163	3.77037712	4.19848806
3.6427655	3.8097255	4.24230419
