#?RADIANCE
genskyvec -m 1
NROWS=146
NCOLS=1
NCOMP=3
FORMAT=ascii

6.615714	6.91893425	7.70455062
25.566275	26.7380619	29.7740606
24.5220262	25.6459519	28.5579431
24.1486156	25.2554269	28.1230763
24.2894238	25.4026875	28.28706
25.1349981	26.2870169	29.2717994
24.890385	26.0311956	28.9869313
25.0376875	26.1852469	29.1584756
24.95436	26.0981012	29.0614331
25.9390025	27.1278731	30.2081306
24.323185	25.4379956	28.3263769
25.465115	26.6322656	29.6562494
24.5425144	25.6673781	28.5818038
24.6089938	25.736905	28.6592244
25.18731	26.3417256	29.3327219
25.8423306	27.0267712	30.09555
29.2934444	30.6360588	34.1146588
30.5940663	31.9962944	35.6293413
39.9109	41.7401481	46.4795725
56.6033244	59.1976419	65.9192925
73.2831381	76.641945	85.344325
114.966765	120.236076	133.8884
125.161024	130.897554	145.760433
126.606596	132.409404	147.443943
90.4238519	94.5682862	105.306119
57.7096175	60.3546413	67.2076625
43.3294037	45.3153356	50.4607044
33.9014006	35.4552119	39.4810056
30.3549656	31.7462338	35.3508894
27.0364419	28.2756125	31.4861894
26.0289406	27.2219331	30.3128706
24.2770181	25.3897131	28.27261
23.0117281	24.0664313	26.7990763
23.6377044	24.7210981	27.5280775
23.4268925	24.5006244	27.28257
23.4013494	24.4739106	27.2528219
22.9524325	24.0044194	26.7300231
23.7561506	24.8449725	27.6660194
24.1180719	25.2234825	28.0875056
23.8271463	24.91922	27.7486969
22.4343206	23.46256	26.1266369
22.8843412	23.9332063	26.6507237
22.9848087	24.03828	26.7677288
24.0113175	25.1118344	27.9631813
24.4190375	25.5382437	28.4380056
25.4970019	26.6656131	29.6933856
28.3951394	29.6965825	33.0685081
33.5979688	35.1378763	39.1276381
41.57072	43.4760444	48.41257
59.3510931	62.0713488	69.1192981
86.9198544	90.9036781	101.225411
135.64295	141.859925	157.967512
1426.8905692619	1436.2357682619	1460.4483872619
902.466261659072	910.140042659072	930.022080659072
103.475904	108.218549	120.506308
68.2135038	71.3399525	79.4403138
49.4289825	51.694475	57.5641713
36.2958344	37.9593913	42.269525
30.1034937	31.4832331	35.0580256
26.5205169	27.73604	30.8853538
25.1040119	26.2546125	29.2357175
19.0921031	19.9671556	22.234345
18.1422206	18.9737381	21.1281281
17.8801038	18.6996094	20.8228731
18.6157669	19.4689894	21.6796131
18.5696431	19.4207512	21.6258994
18.6611287	19.5164294	21.7324388
18.6278956	19.4816744	21.6937388
18.7386019	19.5974531	21.8226637
18.0826463	18.9114338	21.0587494
18.7409906	19.5999513	21.8254456
19.167555	20.0460662	22.3222163
20.9919419	21.9540712	24.4468662
23.8402306	24.9329063	27.7639356
29.1662169	30.5030025	33.9664919
42.2095188	44.1441206	49.1565038
67.1197994	70.1961213	78.1666044
117.891637	123.294991	137.294637
1203.60776829119	1211.88895029119	1233.34481929119
102.311937	107.001243	119.15079
59.6496056	62.383545	69.4669412
39.5547187	41.3676419	46.0647675
29.1535281	30.4897319	33.9517156
22.5695619	23.6039987	26.2841375
20.5237819	21.4644563	23.9016575
15.7181025	16.438515	18.3050431
15.258365	15.9577069	17.76964
14.7013463	15.3751581	17.1209438
14.7745675	15.4517344	17.2062162
14.9774881	15.6639563	17.442535
14.8801369	15.5621419	17.32916
14.7635062	15.4401669	17.1933338
15.0044419	15.6921438	17.4739231
14.95646	15.641965	17.418045
15.3649388	16.069165	17.8937531
15.9406831	16.6712969	18.564255
16.9733331	17.7512787	19.7668638
19.1024575	19.9779856	22.246405
24.536545	25.6611356	28.574855
33.2384269	34.7618544	38.7089206
43.9341962	45.9478475	51.1650375
63.2997344	66.2009706	73.7178194
74.5870881	78.0056606	86.8628887
64.5526719	67.5113344	75.17697
44.9394794	46.9992038	52.3357694
31.886195	33.3476431	37.1341331
23.4787688	24.5548769	27.3429837
19.2332169	20.1147375	22.3986844
17.4368744	18.2360631	20.3066944
13.9354606	14.5741669	16.229005
13.1669162	13.7703988	15.3339731
12.7015894	13.283745	14.7920625
12.7694875	13.354755	14.8711319
12.785365	13.37136	14.8896212
12.75987	13.3446963	14.8599306
13.0392775	13.6369106	15.1853256
13.7323931	14.3617944	15.9925169
14.6497231	15.3211694	17.060825
17.1266075	17.9115763	19.9453631
20.1013887	21.0227019	23.4097456
27.8933419	29.1717869	32.4841231
36.9576837	38.651575	43.0403037
38.4052537	40.1654937	44.7261206
30.9645113	32.383715	36.0607537
23.1893119	24.2521544	27.0058863
18.3911188	19.234045	21.4179925
15.4134313	16.1198812	17.9502256
12.8375619	13.4259506	14.9504113
11.9060944	12.4517887	13.86564
11.6895462	12.2253169	13.6134519
11.79146	12.3319019	13.7321388
12.0065987	12.5569006	13.982685
13.0418125	13.6395612	15.1882769
15.0941088	15.7859213	17.5783481
18.0101806	18.8356469	20.9743563
22.8450844	23.8921481	26.6050044
22.072475	23.0841294	25.7052375
18.32402	19.1638719	21.3398494
14.4658731	15.1288913	16.8467163
12.5558294	13.1313062	14.6223113
11.7232619	12.2605781	13.6527163
11.9921331	12.5417713	13.9658394
13.39175	14.0055375	15.5958106
15.0313262	15.7202631	17.5052344
14.7366719	15.4121044	17.1620831
12.6842456	13.2656069	14.7718631
