#?RADIANCE
genskyvec -m 1
NROWS=146
NCOLS=1
NCOMP=3
FORMAT=ascii

1.48487687	1.55293381	1.729263
13.4304181	14.0459769	15.64084
13.7228764	14.35184	15.9814338
14.3807125	15.0398256	16.7475394
16.1433181	16.8832225	18.8002431
20.5337631	21.4748937	23.91328
28.1703806	29.4615238	32.8067588
40.4314313	42.2845381	47.0857719
70.5001744	73.73143	82.1033281
489.156881520331	494.351422520331	507.809961520332
73.9189338	77.3068869	86.0847663
52.2678081	54.6634144	60.8702206
30.5537944	31.9541769	35.5824413
21.5448369	22.5323081	25.0907587
17.4032562	18.2009044	20.2675425
14.7522375	15.4283806	17.1802106
14.1093462	14.7560231	16.4315094
12.752742	13.3372422	14.8516319
13.13803	13.7401906	15.3003319
12.969345	13.5637719	15.1038831
12.7295259	13.3129611	14.824595
13.2475838	13.8547631	15.4279144
12.6285066	13.2073141	14.7069488
12.7852418	13.3712322	14.8894788
12.92123	13.5134512	15.0478506
12.2563941	12.8181456	14.2735938
12.7183681	13.3012925	14.8115994
12.3579516	12.9243559	14.3918631
12.9449888	13.5383012	15.07552
12.6360152	13.2151647	14.7156913
13.0745181	13.6737675	15.2263675
12.2159837	12.7758819	14.2265319
12.1180312	12.6734412	14.1124588
13.6150369	14.23906	15.8558475
15.2206556	15.9182681	17.7257238
19.3976081	20.2866644	22.5901312
25.4900381	26.65833	29.6852738
37.6156769	39.3397269	43.8065913
61.8294619	64.6633119	72.005565
484.546733621244	489.097693521244	500.888803521244
292.598329256509	295.537032356509	303.150954856509
43.2627562	45.2456331	50.3830875
28.4589281	29.7632956	33.142795
21.1756031	22.1461519	24.6607569
16.2846069	17.0309844	18.9647813
13.9238413	14.5620188	16.215475
12.5912169	13.1683156	14.6635225
12.7382531	13.32209	14.8347575
11.6123256	12.1445562	13.5235219
11.5017045	12.0288662	13.3946944
11.1458091	11.65666	12.980225
11.2234962	11.7379056	13.0706981
11.4176775	11.9409856	13.2968363
10.9234454	11.4241025	12.7212619
11.514233	12.0419681	13.4092844
11.7043006	12.2407475	13.6306344
11.8153118	12.3568487	13.7599169
11.4283449	11.9521462	13.3092613
11.6109436	12.1431131	13.5219125
11.5114451	12.0390537	13.4060387
11.8512675	12.3944494	13.80179
8.84024531	9.245423	10.2952021
8.86841687	9.27488613	10.3280108
9.83356531	10.2842699	11.4520063
12.8746338	13.4647219	14.9935837
17.6927344	18.5036506	20.6046644
27.0266425	28.2653638	31.4747794
37.9055306	39.6428675	44.1441513
39.0065431	40.7943419	45.4263694
26.0147863	27.2071288	30.2963875
17.8904775	18.7104563	20.8349525
13.2527613	13.86018	15.4339456
10.6749061	11.1641721	12.4318175
9.39500081	9.82560494	10.941261
8.6414445	9.03750981	10.0636837
8.55584306	8.94798563	9.96399375
8.52458494	8.91529481	9.92759081
8.22306425	8.59995444	9.57644425
8.64897431	9.04538525	10.0724521
8.343017	8.72540481	9.7161385
7.98284169	8.34872188	9.29668488
8.34097419	8.72326856	9.71376031
8.43937919	8.82618387	9.82836169
8.14056287	8.51367194	9.48036406
8.55302281	8.94503581	9.96070794
6.5440215	6.8439555	7.62105875
6.95942537	7.27839894	8.10483137
7.54961781	7.89564163	8.7921595
8.75004537	9.15108906	10.1901578
11.6465804	12.1803831	13.5634144
14.0752044	14.7203169	16.3917494
17.0064781	17.7859412	19.8054625
17.9304481	18.7522594	20.8815019
14.0199594	14.6625406	16.3274131
11.3270264	11.8461813	13.1912662
8.95292006	9.36326225	10.4264228
7.39974675	7.73890162	8.61762206
6.98405737	7.30415975	8.13351725
6.69862113	7.00564106	7.80110288
6.52864063	6.82786975	7.6031465
6.26003262	6.54695056	7.29033006
6.19896544	6.48308462	7.21921206
6.21440144	6.49922806	7.23718869
6.33216812	6.62239231	7.37433763
6.29249356	6.58089937	7.32813338
6.34472412	6.63552381	7.38896044
6.42884469	6.72349975	7.48692575
6.35095887	6.64204412	7.39622113
6.58724512	6.88916031	7.6713965
5.23474837	5.47467412	6.096301
5.64621363	5.90499844	6.57548656
6.18276125	6.4661375	7.20034081
7.60179325	7.95020869	8.85292206
9.02799444	9.44177656	10.513852
9.35327294	9.78196312	10.8926652
8.79183062	9.19478944	10.2388199
7.19905513	7.52901137	8.3839
6.22470606	6.51000469	7.24918913
5.61505906	5.87241569	6.53920444
5.1217805	5.3565285	5.9647405
5.12469244	5.35957394	5.96813162
5.08280931	5.31577119	5.91935519
4.97390687	5.20187738	5.79252937
4.870143	5.09335775	5.67168744
4.915592	5.14088994	5.72461681
5.05108344	5.28259125	5.88240788
5.10722144	5.34130225	5.94778531
4.55033306	4.75888969	5.29924238
4.75876606	4.97687587	5.54197981
5.59396138	5.85035113	6.51463462
6.33353344	6.62382031	7.37592788
5.83574181	6.10321325	6.79620819
5.08386069	5.31687088	5.92057975
4.66528213	4.87910738	5.43311
4.38389212	4.5848205	5.105408
4.29015744	4.4867895	4.99624619
4.21254987	4.40562481	4.90586569
4.30713362	4.50454381	5.01601619
4.27000294	4.46571125	4.97277475
4.063529	4.24977394	4.73231838
4.29711313	4.49406394	5.0043465
4.377162	4.57778181	5.09757019
4.19153044	4.383642	4.88138656
3.89018856	4.06848875	4.530449
3.90287138	4.08175294	4.54521919
3.9620975	4.14369344	4.614193
