#?RADIANCE
genskyvec -m 1
NROWS=146
NCOLS=1
NCOMP=3
FORMAT=ascii

12.4259969	12.9955206	14.4711094
30.1804044	31.5636719	35.1475962
29.5678938	30.9230881	34.4342781
29.9251963	31.2967656	34.8503844
31.2165681	32.6473256	36.3542962
34.0384606	35.598555	39.6406262
38.9059169	40.689105	45.3091856
45.9952619	48.1033756	53.5653175
59.6220487	62.3547225	69.4348469
78.9375006	82.555465	91.9293062
90.3278069	94.4678231	105.194253
109.013469	114.009913	126.955286
93.2971287	97.57325	108.652293
74.9159644	78.3496112	87.2458856
59.3541338	62.0745312	69.1228394
46.3545025	48.4790825	53.9836838
39.1949387	40.9913744	45.6457769
34.1399675	35.7047144	39.7588387
31.5740525	33.0211969	36.7706169
29.7393431	31.1023975	34.6339456
30.2599069	31.6468188	35.2401844
30.5576912	31.9582494	35.5869787
30.9658225	32.3850906	36.0622837
31.1091706	32.5350069	36.2292231
32.934975	34.4444925	38.355525
32.9575713	34.468125	38.3818388
34.0791862	35.6411469	39.688055
33.4648187	34.9986225	38.9725725
32.6824131	34.1803556	38.0613969
31.3690563	32.8068038	36.5318794
30.4137819	31.807745	35.4193863
22.6641194	23.7028913	26.3942575
21.3535875	22.3322912	24.8680331
23.4490525	24.5237988	27.3083769
24.5156437	25.6392775	28.5505131
28.1431056	29.4329975	32.7749938
32.6809869	34.1788656	38.0597356
41.5469681	43.4512037	48.3849075
56.6444119	59.2406125	65.9671425
81.8790988	85.6318894	95.3550438
114.062777	119.290656	132.835619
134.666225	140.838425	156.830056
116.747569	122.098488	135.962288
84.8230487	88.7107713	98.7835194
58.7766925	61.4706225	68.4503606
43.5631069	45.5597487	50.7328713
33.0331362	34.5471531	38.4698413
29.747365	31.1107863	34.6432881
24.4776094	25.5994988	28.5062175
22.7792375	23.8232844	26.5283219
21.4058144	22.3869138	24.9288544
21.6113256	22.601845	25.1681925
22.4066319	23.4336025	26.0943906
21.6040131	22.594195	25.1596731
23.8519131	24.945125	27.7775412
24.6054156	25.7331638	28.6550594
25.0739162	26.2231375	29.2006656
23.6939887	24.7799619	27.5936275
23.7635031	24.8526619	27.6745812
22.7122606	23.7532387	26.4503225
22.7008731	23.7413281	26.4370606
15.8405094	16.5665312	18.4475925
15.7104619	16.4305231	18.2961419
17.0107681	17.7904275	19.8104569
20.846265	21.8017194	24.2772156
26.6526225	27.8741981	31.0392019
38.6132831	40.3830563	44.9683894
61.6022706	64.4257063	71.7409825
108.533684	113.508139	126.396529
3226.69069388242	3234.12274388242	3253.37854988242
1167.60577769421	1172.74129569421	1186.04697469421
65.7328362	68.7455875	76.5513687
38.5682175	40.3359275	44.915905
26.6443962	27.8655969	31.02962
20.6478856	21.5942488	24.0461844
17.8222769	18.6391306	20.7555281
16.5720106	17.3315613	19.2994881
15.5991663	16.3141275	18.16653
16.3843381	17.1352863	19.0809281
16.0568281	16.7927669	18.699515
15.5198619	16.2311906	18.0741737
16.2916481	17.0383469	18.9729806
16.3382725	17.0871094	19.0272825
15.4080456	16.1142463	17.9439544
15.835725	16.5615275	18.4420206
12.5853294	13.1621569	14.6566669
13.3462081	13.9579081	15.5427737
14.7241775	15.3990362	17.1475338
17.0373719	17.8182506	19.84144
23.132295	24.1925238	26.9394844
29.9360556	31.3081231	34.8630337
49.0993106	51.3496944	57.1802425
78.8092031	82.4212938	91.7798919
1927.49967756004	1932.22522856004	1944.46871756004
79.0243688	82.6463187	92.030475
48.4621919	50.6833744	56.4382644
30.4584781	31.8544925	35.4714394
23.3130519	24.3815669	27.1499944
17.6957669	18.5068219	20.608195
14.9679513	15.6539819	17.4314294
13.4359287	14.0517406	15.6472588
12.6346169	13.2137031	14.7140644
12.3741781	12.9413281	14.4107631
12.4857956	13.0580619	14.5407494
12.4286112	12.9982562	14.4741537
12.511435	13.0848744	14.5706087
12.5789438	13.1554762	14.6492281
12.3484694	12.91444	14.3808231
12.601515	13.1790844	14.6755144
11.1657237	11.6774869	13.0034156
12.3730631	12.9401606	14.4094638
14.52851	15.1943981	16.91966
19.41653	20.3064537	22.6121669
27.4769987	28.7363588	31.9992556
42.6760819	44.6320675	49.6998563
51.5728631	53.9366194	60.0609012
40.8161581	42.6869	47.5338213
28.7837156	30.1029675	33.5210369
19.6825331	20.58465	22.9219519
15.0400781	15.729415	17.5154238
12.7093019	13.2918112	14.8010425
11.4226088	11.9461456	13.30258
10.7262475	11.217865	12.4916088
10.4302106	10.9082631	12.14685
10.40046	10.8771481	12.1122025
10.5660169	11.0502937	12.30501
10.72087	11.2122425	12.4853462
10.9636794	11.4661806	12.7681181
12.7460737	13.3302681	14.8438656
17.2500063	18.0406313	20.0890706
25.057085	26.2055356	29.1810631
27.1465669	28.3907831	31.6144419
22.3919619	23.4182606	26.0773069
16.7322312	17.4991225	19.4860775
13.0848394	13.6845625	15.2383881
10.9333437	11.4344537	12.7327894
10.1327016	10.5971187	11.8003762
9.89450275	10.348	11.5229719
10.1243032	10.5883331	11.7905944
11.3862537	11.9081219	13.2602425
13.9095613	14.5470838	16.198845
16.2215337	16.9650206	18.89133
14.8273713	15.5069575	17.2677106
11.3749375	11.8962869	13.2470625
10.4989386	10.9801394	12.2268881
12.5345475	13.1090475	14.5975263
