#?RADIANCE
genskyvec -m 1
NROWS=146
NCOLS=1
NCOMP=3
FORMAT=ascii

24.1149794	25.2202494	28.0839044
37.3390269	39.0503981	43.4844094
37.5899287	39.3128006	43.7766081
37.7649294	39.4958212	43.9804119
37.8848263	39.6212137	44.1200412
37.2792875	38.9879206	43.4148406
36.682715	38.3640038	42.72008
36.7831238	38.469015	42.8370144
36.0161231	37.6668613	41.9437787
36.3239388	37.9887837	42.3022556
38.0695794	39.8144344	44.3351988
39.1437788	40.9378687	45.586195
41.3522256	43.2475369	48.1581162
44.2517025	46.2799037	51.5347988
47.9375269	50.1346613	55.8272469
52.4482606	54.8521369	61.0803712
59.9369169	62.6840237	69.8015369
59.7467131	62.4851025	69.58003
65.4430175	68.4424856	76.2138506
63.5046919	66.4153194	73.9565081
58.0929606	60.7555512	67.6540956
54.4527406	56.9484875	63.414755
48.0048875	50.2051087	55.9056937
44.2602381	46.2888319	51.5447369
41.5457594	43.4499381	48.3835006
38.6166744	40.3866025	44.9723363
38.0998538	39.8460975	44.370455
37.3050294	39.0148425	43.4448169
36.9565781	38.6504181	43.0390163
36.6280019	38.3067844	42.6563606
36.7882106	38.474335	42.8429419
29.1971631	30.5353669	34.0025312
27.7269469	28.9977644	32.2903419
29.3884763	30.7354475	34.2253312
28.8277638	30.1490363	33.5723362
28.6891488	30.0040662	33.4109056
27.7861275	29.0596556	32.3592619
29.1726756	30.5097544	33.9740119
29.9635075	31.3368344	34.8950038
30.1910762	31.5748331	35.1600238
29.3658913	30.7118281	34.19903
32.05024	33.5192081	37.3251781
35.0762169	36.683875	40.8491788
40.3323994	42.1809663	46.9704431
46.7284931	48.8702144	54.4192281
54.0322875	56.5087656	62.925105
64.5055481	67.4620513	75.1220912
70.6882137	73.92809	82.3223225
76.3961006	79.8975837	88.9696275
71.9668919	75.2653706	83.8114475
64.1125344	67.0510244	74.6643938
54.631185	57.1351119	63.62257
46.0247569	48.1342231	53.5996669
38.7862938	40.5639975	45.1698725
35.5474013	37.1766562	41.3979144
33.0209381	34.534395	38.4556337
31.6360575	33.0860425	36.8428275
29.4997262	30.8517981	34.3548925
29.258245	30.5992475	34.0736669
28.5034856	29.809895	33.194685
28.8516581	30.1740231	33.6001612
21.8889238	22.8921656	25.4914763
21.2533581	22.22747	24.7513075
21.2452494	22.2189881	24.7418631
22.1950281	23.2122994	25.8479606
22.2988144	23.3208412	25.9688281
22.8021862	23.8472869	26.5550494
23.6662931	24.7509988	27.5613731
25.4561188	26.6228569	29.6457731
27.4205256	28.6772994	31.9334869
32.9260206	34.4351263	38.3450944
40.4077912	42.2598163	47.0582444
55.4227506	57.96296	64.5444156
74.8394625	78.2696031	87.156795
92.6731775	96.9206963	107.925642
91.9156275	96.1284156	107.043413
75.0568469	78.4969494	87.4099525
54.1570106	56.6392063	63.070355
42.4707488	44.417325	49.4607313
32.93173	34.4410988	38.3517462
28.0329969	29.3178412	32.6467625
25.31989	26.4803831	29.4871237
23.7442756	24.8325544	27.65219
22.1764988	23.1929225	25.8263825
22.1838944	23.2006556	25.8349962
18.8053275	19.6672375	21.9003719
18.7151363	19.5729125	21.7953369
18.531585	19.3809475	21.5815756
18.7693288	19.62959	21.85845
19.402215	20.2914825	22.5954975
19.8616444	20.77197	23.1305419
21.2403081	22.2138194	24.7361081
23.6088631	24.690935	27.4944875
27.5876937	28.8521287	32.12817
33.455375	34.9887462	38.9615756
44.9917194	47.0538381	52.3966081
66.5112213	69.5596506	77.4578656
90.3678562	94.5097119	105.240896
130.013825	135.972769	151.411937
1745.49899451185	1751.45720051185	1766.89441951185
99.5439706	104.106394	115.927245
66.1674094	69.2000788	77.0574637
46.45579	48.5850112	54.10164
33.9087162	35.4628656	39.4895281
27.3095788	28.5612669	31.8042831
23.6803531	24.7657012	27.5777469
21.3965819	22.3772587	24.9181056
20.0590956	20.9784694	23.3604887
19.4855525	20.3786406	22.69255
18.3123806	19.1516963	21.3262938
17.9407225	18.763005	20.8934688
18.0785688	18.9071694	21.0540006
18.6955931	19.5524744	21.7725781
19.9734963	20.8889487	23.2608025
23.4941719	24.5709881	27.3609244
28.4539031	29.75804	33.1369431
41.4916019	43.3933006	48.3204313
60.3279856	63.093015	70.2569681
106.193388	111.060588	123.671056
5374.82739232116	5381.92047932116	5400.29804232116
1813.62044195848	1819.55002495848	1834.91300495848
74.3935088	77.8032075	86.6374456
43.530375	45.5255169	50.6947513
31.3825069	32.8208694	36.5475456
24.3615469	25.4781162	28.3710506
20.7772519	21.7295419	24.1968419
19.1401962	20.0174544	22.2903544
19.3840594	20.2724938	22.5743531
19.5831056	20.4806631	22.8061594
20.4407656	21.3776338	23.8049756
23.4455869	24.520175	27.3043406
30.8000394	32.2117088	35.8692156
49.7794563	52.0610113	57.9723269
81.6569681	85.3995744	95.0963475
94.2701425	98.5908481	109.785441
64.7833419	67.7525763	75.4456031
38.8392956	40.6194294	45.2315981
25.5072025	26.6762812	29.7052638
21.7512375	22.7481681	25.3311287
24.1815331	25.2898525	28.1614119
25.4622894	26.6293106	29.6529594
32.9819275	34.4935969	38.4102044
48.110805	50.3158819	56.029045
41.5337244	43.4373537	48.3694856
30.2476287	31.633975	35.225885
32.0232994	33.4910312	37.2938
