#?RADIANCE
genskyvec -m 1
NROWS=146
NCOLS=1
NCOMP=3
FORMAT=ascii

25.4531919	26.6197956	29.6423638
37.6304069	39.3551319	43.8237456
37.8326069	39.5666019	44.0592275
37.9447156	39.6838475	44.1897862
38.0313081	39.7744087	44.2906319
37.4876194	39.2057994	43.6574587
36.9180656	38.6101431	42.9941663
37.040445	38.7381288	43.1366863
36.4137119	38.0826725	42.4068044
36.8417881	38.5303675	42.9053338
38.4394806	40.2012906	44.7659825
39.7866244	41.6101763	46.3348413
41.9747938	43.8986362	48.8831469
45.0286087	47.0924181	52.4395694
48.9218775	51.1641281	56.9736063
53.2548225	55.6956656	62.0196819
60.6187494	63.3971075	70.5955894
59.7115738	62.4483531	69.539105
65.0085206	67.988075	75.7078438
62.4950544	65.3594106	72.7807038
56.8887019	59.4960994	66.2516369
53.4186731	55.8670275	62.2104987
47.2923275	49.4598912	55.0758575
43.8881262	45.899665	51.1113831
41.3253719	43.2194488	48.1268419
38.6212888	40.39143	44.9777106
38.18253	39.9325619	44.46674
37.4670756	39.184315	43.6335331
37.2330312	38.9395444	43.3609712
36.9432569	38.6364887	43.0235044
37.1205481	38.821905	43.2299744
30.073305	31.4516644	35.0228738
28.6595844	29.9731475	33.3764762
30.2355338	31.6213275	35.2118012
29.6997244	31.0609613	34.5878062
29.5692475	30.9245037	34.4358525
28.7342406	30.0512244	33.4634194
30.08663	31.4656	35.0383888
30.916635	32.3336475	36.0050025
31.2823944	32.7161713	36.4309569
30.7404675	32.1494031	35.7998362
33.5924656	35.1321181	39.1212256
36.9099712	38.6016769	42.9847394
42.3857125	44.32839	49.3616962
49.2516525	51.5090181	57.3576575
56.9085306	59.5168375	66.2747313
67.3567406	70.4439238	78.4425419
72.5348706	75.8593844	84.4729075
77.4076844	80.9555325	90.1477012
71.8430313	75.1358338	83.6672013
63.7026837	66.6223887	74.1870875
54.3014019	56.7902131	63.2385106
45.9763625	48.08361	53.5433075
39.1114394	40.904045	45.5485325
36.0017669	37.6518469	41.9270606
33.62428	35.1653931	39.15828
32.324325	33.805855	37.6443712
30.31598	31.7054625	35.3054888
30.103565	31.4833125	35.0581131
29.3974219	30.7448037	34.23575
29.7451225	31.1084375	34.6406731
22.9966275	24.05064	26.7814906
22.3793737	23.405095	26.0626469
22.3811069	23.4069069	26.0646656
23.3275969	24.3967781	27.1669325
23.4775737	24.5536263	27.34159
24.061195	25.164	28.0212694
25.0629006	26.2116144	29.1878375
27.07718	28.318215	31.5336337
29.4175312	30.7658344	34.2591681
35.49733	37.1242919	41.3396013
43.8373019	45.8465087	51.0521925
60.0518231	62.804195	69.935355
80.2077844	83.8839688	93.4086519
96.9004338	101.341693	112.848625
92.9406625	97.2004325	108.237159
74.8232563	78.2526544	87.137925
54.2022312	56.6864975	63.1230181
42.8330031	44.7961806	49.8826031
33.6609694	35.2037631	39.2010069
28.9480644	30.2748494	33.712435
26.30785	27.513625	30.6376844
24.7834519	25.91936	28.8623975
23.2678525	24.3342956	27.097355
23.2800075	24.3470075	27.11151
20.0105213	20.92767	23.3039206
19.9295806	20.8430213	23.2096594
19.7811175	20.68775	23.0367581
20.0440994	20.9627881	23.3430269
20.7503	21.701355	24.1654538
21.3009256	22.2772169	24.8067038
22.9113394	23.9614431	26.6821669
25.6027469	26.7762056	29.8165325
30.1890313	31.5726944	35.157645
36.8672856	38.5570363	42.9350288
50.0288112	52.3217975	58.2627225
74.5624606	77.979905	86.8342025
100.674782	105.289043	117.244191
1450.08542108389	1456.44180908389	1472.91063408389
130.915	136.915262	152.461444
99.1692206	103.714472	115.490816
66.4312662	69.4760319	77.3647488
47.1782156	49.3405481	54.9429669
34.8734706	36.4718362	40.613065
28.3943831	29.6957912	33.0676262
24.81334	25.9506175	28.8972025
22.5561444	23.5899669	26.2685094
21.2405306	22.2140538	24.7363687
20.6646312	21.6117594	24.0656856
19.6497344	20.550345	22.8837519
19.3012581	20.1859	22.4779256
19.5186669	20.4132719	22.7311144
20.2341019	21.1614975	23.5643
21.7154519	22.7107425	25.2894537
25.80374	26.98641	30.050605
31.5276156	32.9726294	36.7165369
46.5989669	48.7347506	54.2683819
68.4126106	71.5481869	79.6721869
121.321173	126.881711	141.288606
6430.3451998131	6438.1820118131	6458.4865248131
1395.52705735462	1401.53295235462	1417.09372035462
75.5475637	79.0101581	87.9814406
44.9570369	47.017565	52.3562175
32.8414831	34.346715	38.2466444
25.7521725	26.9324794	29.9905519
22.1096531	23.1230106	25.748535
20.4678056	21.4059125	23.8364662
20.9447394	21.9047069	24.3918969
21.2921294	22.2680187	24.7964594
22.3449094	23.3690506	26.0225119
25.83548	27.0196056	30.0875706
34.3365275	35.9102844	39.9877506
56.1946206	58.7702075	65.4433206
92.3082681	96.5390669	107.500667
102.957429	107.676313	119.902526
68.0783019	71.1985531	79.2828588
41.0500519	42.9315125	47.80621
27.1874263	28.433515	31.6620231
23.398515	24.4709456	27.2495212
26.3164131	27.5225806	30.6476563
27.9709919	29.2529956	32.5745531
36.5813838	38.2580294	42.6020725
53.4185063	55.8668494	62.2103019
45.115495	47.1832863	52.5407556
32.6852731	34.1833475	38.0647244
35.1275656	36.7375781	40.9089794
