#?RADIANCE
genskyvec -m 1
NROWS=146
NCOLS=1
NCOMP=3
FORMAT=ascii

4.80578475	5.02604975	5.59673694
20.5281919	21.4690681	23.9067931
19.4710588	20.3634819	22.6756731
19.1168062	19.9929925	22.2631156
19.1635294	20.0418581	22.3175281
20.0183312	20.9358381	23.3130162
19.8805431	20.7917344	23.1525494
19.8947781	20.8066194	23.1691262
20.0010575	20.9177737	23.2929013
20.9205087	21.8793631	24.3636769
19.1440525	20.0214863	22.2948444
20.3053556	21.2360181	23.6472825
19.4445025	20.3357094	22.6447456
19.6117775	20.5106513	22.8395512
20.3431244	21.2755187	23.6912656
20.9566275	21.91714	24.40574
24.1952275	25.304175	28.1773594
25.2929237	26.4521825	29.4557194
33.6757312	35.2192012	39.2181975
48.2464763	50.4577706	56.1870444
63.4376513	66.3452081	73.8784363
103.550745	108.296828	120.593482
216.323329649642	221.834962649642	236.115131649642
117.891396	123.294761	137.294368
78.8113937	82.4235819	91.7824356
49.24884	51.5060769	57.3543806
36.4507731	38.12143	42.4499619
28.1946281	29.4868819	32.8349956
25.0343312	26.1817375	29.1545662
22.0502812	23.0609181	25.6793906
21.0805962	22.0467894	24.5501125
22.0246319	23.0340944	25.6495212
21.4209256	22.4027175	24.9464537
21.3110363	22.2877919	24.81848
21.2948731	22.2708869	24.7996562
21.320165	22.2973381	24.8291087
21.2863056	22.2619275	24.7896775
21.455625	22.4390081	24.986865
21.5365569	22.5236487	25.0811175
21.4483587	22.4314081	24.9784006
21.1440431	22.1131444	24.6240019
21.2187706	22.1912963	24.7110281
21.328445	22.3059975	24.8387525
21.7887369	22.7873869	25.3748019
22.4526681	23.4817481	26.1480044
23.7568987	24.845755	27.6668881
26.6252856	27.84561	31.0073656
30.6131712	32.0162731	35.65159
38.6727987	40.4453012	45.0376987
53.7908281	56.25624	62.6439069
76.5806256	80.0905675	89.1845175
115.114226	120.390281	134.060113
501.53449120218	509.37174720218	529.67742220218
251.803184912368	258.202059912368	274.780884912368
89.4344719	93.53355	104.153904
60.4182662	63.1874344	70.36211
44.5683206	46.6110356	51.9035256
33.6823594	35.2261344	39.2259156
27.8334675	29.1091669	32.4143938
24.6417756	25.7711913	28.6974025
23.0002456	24.0544225	26.7857037
20.4857362	21.4246663	23.8573481
19.7870656	20.6939719	23.0436875
19.4890306	20.3822775	22.6966006
19.7654231	20.6713375	23.0184838
19.767485	20.6734937	23.0208837
19.8279613	20.736745	23.0913162
19.7988413	20.7062875	23.0574019
19.8329087	20.7419187	23.0970762
19.5731381	20.4702394	22.7945506
20.02477	20.9425706	23.3205156
20.5943788	21.5382881	23.9838725
22.4172419	23.4446988	26.1067487
25.4779825	26.64572	29.6712344
30.8565094	32.2707663	35.9349781
42.327685	44.2677031	49.2941188
62.0855931	64.9311806	72.3038513
93.7373969	98.0336875	109.165008
122.220902	127.822686	142.336427
85.4808469	89.3987125	99.5495756
56.23335	58.8107081	65.4884237
39.9013306	41.7301419	46.4684288
30.5463969	31.9464406	35.5738275
24.4731906	25.5948794	28.5010725
22.0091456	23.0178981	25.631485
18.8957394	19.7617937	22.005665
18.3005031	19.1392762	21.3124631
17.8011256	18.6170119	20.7308956
17.7894806	18.6048306	20.7173331
17.8825637	18.70218	20.8257375
17.8243587	18.6413088	20.7579519
17.7583181	18.57224	20.6810419
17.9224756	18.7439231	20.8722169
17.976715	18.8006481	20.9353831
18.3886706	19.2314844	21.41514
19.1194013	19.9957056	22.2661362
20.4385175	21.3752812	23.8023581
22.6050212	23.641085	26.3254319
27.8944787	29.1729763	32.4854469
35.6652013	37.2998544	41.5351
44.1340138	46.1568213	51.3977388
57.0662344	59.6817688	66.4583888
63.5601244	66.4732956	74.0210669
58.1390644	60.8037712	67.7077912
44.8264556	46.8810006	52.2041494
34.4184775	35.9959906	40.0831881
26.7713025	27.99832	31.1774137
22.6205875	23.6573631	26.3435612
20.5971962	21.5412319	23.9871506
17.9123606	18.7333444	20.8604388
17.0016006	17.78084	19.7997825
16.5234244	17.2807494	19.2429069
16.4965244	17.2526144	19.2115781
16.4973606	17.2534912	19.2125556
16.5268569	17.2843375	19.2469038
16.8182787	17.5891169	19.5862881
17.6091269	18.4162125	20.5072981
18.6910769	19.5477513	21.7673169
21.3265175	22.3039819	24.8365088
24.3557319	25.472035	28.3642825
31.2085088	32.6388981	36.34491
38.29639	40.0516381	44.5993381
39.2118775	41.0090863	45.6655006
33.5829031	35.1221175	39.1100894
27.1445119	28.3886344	31.6120469
22.5846975	23.6198287	26.3017631
19.5209763	20.4156844	22.7338019
17.1567538	17.9431056	19.9804706
16.1665869	16.9075544	18.8273363
15.842495	16.5686087	18.4499063
15.9125469	16.6418706	18.5314863
16.2340775	16.9781388	18.9059375
17.4375456	18.2367662	20.3074781
19.6287462	20.5283988	22.8593138
22.5385944	23.5716137	26.2480725
26.8669062	28.0983056	31.2887544
26.1716856	27.37122	30.4791094
22.7946244	23.8393781	26.5462419
18.9914519	19.8618919	22.1171288
17.1210388	17.9057525	19.9388769
16.2104556	16.9534344	18.8784275
16.5136537	17.27053	19.2315275
18.0248469	18.8509856	20.9914375
19.7389856	20.6436894	22.987695
19.4247025	20.3150006	22.6216844
17.3318269	18.1262013	20.1843569
