#?RADIANCE
genskyvec -m 1
NROWS=146
NCOLS=1
NCOMP=3
FORMAT=ascii

22.7939831	23.8387063	26.5454925
31.5195275	32.9641719	36.7071169
29.9210275	31.2924063	34.8455312
29.1128881	30.44723	33.9043863
27.9266019	29.2065713	32.5228569
25.8221131	27.0056238	30.0720012
26.6525719	27.8741469	31.0391425
28.0736663	29.360375	32.694125
30.1618138	31.5442287	35.1259488
32.2810788	33.7606256	37.594005
39.8742363	41.701805	46.4368719
42.1075644	44.0374931	49.0377725
47.1734312	49.3355456	54.937395
47.9969281	50.1967856	55.8964244
46.0326894	48.1425194	53.6089062
43.539485	45.5350425	50.70536
38.8773975	40.6592775	45.2759712
36.7099706	38.3925081	42.7518219
31.5483725	32.9943387	36.7407125
27.9822219	29.26474	32.58763
28.0818488	29.3689331	32.703655
25.4805719	26.6484325	29.6742531
26.9054531	28.1386187	31.3336456
26.2421344	27.4449006	30.561155
29.2714025	30.6130063	34.08899
32.8271275	34.3317044	38.2299275
34.9667525	36.5693925	40.7216981
37.1299731	38.8317612	43.2409494
34.8375275	36.4342469	40.571205
34.7644669	36.3578356	40.4861194
32.5958081	34.08978	37.9605362
17.557145	18.3618463	20.4467587
15.3019556	16.0032975	17.820405
16.3401313	17.0890538	19.0294456
15.5795269	16.2935875	18.1436581
16.1609769	16.9016863	18.820805
16.7351288	17.5021544	19.4894525
19.255355	20.1378912	22.4244656
22.229585	23.2484406	25.888205
25.67857	26.8555044	29.9048363
28.3334437	29.6320588	32.9966587
34.4272919	36.0052088	40.0934513
40.0790194	41.9159737	46.6753587
42.6774906	44.6335425	49.7014969
41.3219837	43.2159075	48.1228962
36.2490063	37.9104175	42.2149894
29.983265	31.3574987	34.9180131
27.2121556	28.4593781	31.6908256
22.040765	23.0509656	25.6683088
19.1861175	20.06548	22.3438344
16.7996487	17.5696325	19.5645925
15.8193481	16.5444012	18.4229494
15.535155	16.2471819	18.0919825
14.5646306	15.2321731	16.9617269
16.5611087	17.3201594	19.2867944
17.6464806	18.4552775	20.5507994
18.7693581	19.6296194	21.8584819
18.1454594	18.977125	21.1319006
18.9031562	19.76955	22.0143012
18.042175	18.8691069	21.0116169
17.9762206	18.8001288	20.9348081
10.8263114	11.3225162	12.6081394
10.3717367	10.8471073	12.0787531
10.6496738	11.1377844	12.4024344
11.9894269	12.5389419	13.9626875
13.5258869	14.1458237	15.7520238
16.0668169	16.8032125	18.71115
19.7294519	20.6337163	22.9765919
25.9254956	27.1137456	30.1924019
35.0576269	36.6644337	40.82753
49.10588	51.3565669	57.1878925
54.4462869	56.94174	63.4072413
39.4042456	41.2102725	45.8895288
27.7251744	28.99591	32.2882788
21.0000375	21.9625375	24.456295
16.7336887	17.5006481	19.487775
14.150405	14.7989656	16.4793281
11.9769862	12.5259325	13.9482
11.5373256	12.0661194	13.4361769
10.8299598	11.3263325	12.61239
10.437202	10.9155741	12.1549931
11.1012371	11.6100438	12.9283156
11.3590992	11.8797238	13.2286194
10.7987559	11.2936978	12.5760513
11.172966	11.685059	13.0118494
8.64056594	9.03659181	10.0626597
8.96574469	9.37667444	10.4413581
9.54611181	9.983641	11.1172419
10.4395139	10.91799	12.1576838
12.436265	13.00626	14.4830694
14.2571269	14.9105763	16.6036119
18.8555119	19.7197206	21.9588169
27.3814094	28.6363894	31.8879344
47.689785	49.8755675	55.5387331
2829.15082744746	2832.92994244746	2842.72130054746
3460.33040849319	3464.71621359319	3476.07945859319
52.9754425	55.4034819	61.6943212
32.5172063	34.0075788	37.869
20.3689731	21.3025513	23.7213681
15.5604775	16.2736662	18.1214737
13.0064894	13.6026194	15.1471419
11.0723762	11.57986	12.8947056
9.89859956	10.3522844	11.5277438
9.18193569	9.60277437	10.69313
8.78416362	9.18677087	10.2298925
8.69177413	9.09014681	10.1222961
8.7286585	9.12872169	10.1652501
8.59841181	8.99250544	10.0135668
8.71076869	9.11001187	10.1444157
8.20745662	8.58363175	9.55826775
8.86900263	9.27549844	10.3286928
10.0308528	10.4906011	11.6817637
12.0270525	12.5782919	14.006505
15.1710244	15.8663637	17.6679231
24.8546269	25.9937962	28.9452856
44.8254412	46.8799381	52.2029644
4052.8140387757	4057.5238857757	4069.7267417757
67.4505663	70.542045	78.5518038
30.7606006	32.1704594	35.823285
19.0545512	19.9278831	22.1906144
13.8611644	14.4964662	16.1424812
11.0908019	11.5991306	12.9161637
9.33250969	9.76024956	10.8684863
8.5319825	8.9230315	9.93620569
8.04095506	8.40949869	9.36436281
7.88631844	8.24777444	9.18427569
7.94157956	8.3055685	9.24863169
8.76396863	9.16565019	10.2063714
10.0978661	10.5606852	11.7598087
12.685495	13.2669131	14.7733163
18.6903344	19.5469737	21.7664531
28.3905369	29.6917675	33.0631462
35.3205531	36.9394106	41.1337306
23.9724031	25.0711394	27.9178638
15.7844031	16.5078538	18.3822519
11.4023512	11.9249594	13.2789894
9.51988075	9.95620906	11.0866944
8.37389388	8.75769712	9.75209856
8.44867162	8.83590231	9.83918219
10.2442487	10.7137756	11.9302813
12.64994	13.2297269	14.73191
16.9550288	17.7321325	19.7455444
17.737145	18.5500962	20.6563837
11.9395575	12.4867881	13.9046113
10.0279714	10.4875854	11.6784087
12.5811306	13.1577644	14.6517775
