#?RADIANCE
genskyvec -m 1
NROWS=146
NCOLS=1
NCOMP=3
FORMAT=ascii

8.10005525	8.47130731	9.43318988
26.0266025	27.2194881	30.3101475
25.5261819	26.6961319	29.7273675
26.1384575	27.3364713	30.4404144
27.9815419	29.2640306	32.5868419
32.0294269	33.4974419	37.3009381
38.8289569	40.608615	45.2195569
48.7675794	51.00276	56.7939125
69.1295144	72.2979487	80.5070844
98.1319994	102.629713	114.282894
111.065611	116.156114	129.345152
125.062247	130.794271	145.645432
90.87838	95.043635	105.835445
65.1939769	68.1820325	75.9238237
48.8273825	51.0653031	56.8635581
37.5885463	39.3113531	43.7749969
31.8103044	33.2682756	37.0457525
27.9385131	29.2190294	32.53673
26.3247313	27.53128	30.6573444
25.4329606	26.5986381	29.6188056
26.3435325	27.5509438	30.6792406
27.294875	28.5458887	31.7871581
27.8741031	29.1516637	32.4617169
28.3237381	29.6219075	32.9853538
30.126995	31.5078156	35.0853981
29.8717431	31.2408638	34.7881356
30.7710394	32.1813781	35.83544
29.79326	31.1587844	34.696735
28.8994856	30.2240425	33.6558588
27.337255	28.5902119	31.8365138
26.3093481	27.5151925	30.63943
19.7654406	20.671355	23.0185038
18.6995163	19.5565769	21.7771469
20.83527	21.7902206	24.2644119
22.3675175	23.3926963	26.0488406
26.8805162	28.1125381	31.3046031
32.7940419	34.2971	38.1913962
44.2074294	46.2336019	51.4832381
65.2485875	68.239145	75.9874212
103.386742	108.125294	120.40248
1447.49506806857	1454.50657406857	1472.67281806857
151.305969	158.240813	176.208425
100.920999	105.546547	117.530923
67.1763319	70.2552469	78.2324412
44.8752631	46.9320425	52.260985
33.2446869	34.7684013	38.7162113
25.786255	26.9681238	30.0302438
23.944975	25.04245	27.8859169
20.1075588	21.0291537	23.4169281
19.2619575	20.1447956	22.432155
18.4946288	19.3422994	21.5385381
19.1011838	19.976655	22.2449213
20.1988875	21.1246681	23.5232869
19.6520313	20.5527487	22.88643
21.8756181	22.8782481	25.4759794
22.5598388	23.5938306	26.2728125
22.8750331	23.9234694	26.6398813
21.3673488	22.346685	24.8840587
21.1857325	22.1567456	24.6725537
20.017625	20.9350987	23.312195
19.8602175	20.7704775	23.12888
13.6677931	14.294235	15.9172863
13.598795	14.2220725	15.8369312
14.9902813	15.6773344	17.4574312
19.1204056	19.9967556	22.2673069
25.6649025	26.8412106	29.8889213
39.53785	41.3499987	46.0451225
66.931325	69.9990075	77.9471106
1503.42686975105	1509.14639675105	1523.96516975105
1915.91907877732	1921.81121577732	1937.07722377732
73.1905731	76.5451425	85.2365306
43.9903	46.0065212	51.2303719
27.2822281	28.5326625	31.7724287
19.7670312	20.6730169	23.0203538
15.9298469	16.6599631	18.5516338
14.3826706	15.0418775	16.74982
13.8607519	14.4960369	16.1420012
13.4436781	14.0598462	15.6562838
14.4677675	15.1308713	16.84892
14.3294725	14.9862394	16.6878644
13.83245	14.4664375	16.1090425
14.5223063	15.1879112	16.9124387
14.4521931	15.1145856	16.8307825
13.4230563	14.0382781	15.6322681
13.7046488	14.3327763	15.960205
10.6378541	11.1254206	12.3886675
11.337665	11.8573075	13.2036556
12.6431463	13.2226231	14.7240006
14.8875544	15.5699012	17.3377994
20.7502	21.7012512	24.1653394
27.1260194	28.3692956	31.5905119
43.1983981	45.1783213	50.3081362
62.2459775	65.0989175	72.4906306
60.9368606	63.7297988	70.9660525
45.6246013	47.71573	53.133655
29.8064231	31.17255	34.7120644
20.0835812	21.0040781	23.389005
16.2436638	16.9881644	18.9171006
13.1569712	13.76	15.3223919
11.646395	12.1801862	13.5631975
10.7555503	11.2485113	12.5257337
10.4346871	10.9129444	12.152065
10.4588159	10.9381777	12.1801631
10.7535055	11.2463738	12.5233525
10.7625681	11.2558531	12.5339075
10.8369658	11.33366	12.6205494
10.8367286	11.3334109	12.6202725
10.5368006	11.0197367	12.2709825
10.7140206	11.2050794	12.4773706
9.20343694	9.62526081	10.7181688
10.2218345	10.6903344	11.9041775
11.9832844	12.5325175	13.9555338
16.0371913	16.7722288	18.6766481
22.0935419	23.1061619	25.7297719
30.1708644	31.5536944	35.1364862
32.2921094	33.7721644	37.606855
24.639635	25.7689506	28.6949088
18.2816663	19.1195762	21.290525
13.4891512	14.1074031	15.7092419
10.8750288	11.3734675	12.6648781
9.70665019	10.1515383	11.3042031
9.0893405	9.50593469	10.5852948
8.77682137	9.179092	10.2213406
8.61728812	9.01224681	10.035551
8.64791206	9.04427437	10.0712138
8.79360075	9.19664063	10.240881
8.86939275	9.27590638	10.3291466
8.773368	9.1754805	10.2173187
10.0206482	10.479927	11.6698794
13.2661525	13.874185	15.4495419
17.9544787	18.7773925	20.9094869
18.0201412	18.8460656	20.9859594
14.6324569	15.30311	17.0407156
11.5073088	12.034725	13.40122
9.51239531	9.94837981	11.0779769
8.39346162	8.77816188	9.77488631
7.99927131	8.36590444	9.31581869
7.97502631	8.34054812	9.28758325
8.09436425	8.46535569	9.42656237
8.72600281	9.12594475	10.1621587
10.2907636	10.7624243	11.9844525
11.41788	11.9412	13.2970738
10.4107834	10.887945	12.124225
8.47218331	8.86049138	9.86656419
8.06257706	8.43211181	9.38954325
9.21700288	9.63944838	10.7339686
