#?RADIANCE
genskyvec -m 1
NROWS=146
NCOLS=1
NCOMP=3
FORMAT=ascii

5.49567406	5.74755862	6.4001705
21.5729075	22.5616656	25.12345
21.2118212	22.1840275	24.702935
21.9078213	22.9119294	25.5134844
23.8498394	24.9429556	27.7751256
28.03345	29.3183162	32.6472906
35.1454088	36.7562381	40.9297581
45.7705237	47.8683406	53.3035925
68.1621062	71.2862025	79.3804562
100.705603	105.321283	117.280067
112.660721	117.824343	131.202799
116.926522	122.285643	136.170658
77.0746425	80.6072288	89.759845
52.6404569	55.053145	61.3042031
38.6923019	40.4656981	45.0604144
29.8829525	31.2525875	34.8011906
25.4291319	26.5946325	29.6143431
22.5604844	23.5945069	26.2735669
21.4993238	22.4847094	25.0377569
21.1165031	22.0843406	24.5919269
22.1742006	23.1905181	25.823705
23.2865013	24.3537981	27.1190713
23.9053012	25.0009594	27.8397175
24.3863737	25.5040813	28.3999656
26.0117763	27.2039825	30.2928825
25.6420275	26.8172869	29.8622787
26.3310731	27.5379131	30.6647281
25.2691662	26.427335	29.42805
24.3464269	25.4623031	28.3534438
22.819775	23.8656806	26.5755319
21.8353313	22.8361156	25.4290631
16.0735975	16.810305	18.7190469
15.140045	15.8339644	17.6318456
17.1274512	17.9124594	19.9463463
18.6235513	19.47713	21.6886781
22.90145	23.9510987	26.6706487
28.5027525	29.8091262	33.1938306
39.8881313	41.7163369	46.4530556
61.5469313	64.3678313	71.676535
102.910351	107.627093	119.8477
1935.02220108301	1942.09604508301	1960.42376308301
1180.26947724606	1185.95335424606	1200.67977024606
75.1242144	78.5674081	87.4884188
49.7663838	52.0473425	57.9571056
33.31324	34.8400969	38.7960475
24.890595	26.0314144	28.987175
19.6657331	20.5670775	22.9023844
18.7551619	19.6147725	21.8419494
15.8572706	16.5840625	18.467115
15.4803956	16.1899137	18.0282131
15.0155506	15.7037631	17.48686
15.7453594	16.4670219	18.336785
16.8730794	17.6464306	19.6501094
16.396625	17.1481369	19.0952388
18.4464013	19.2918619	21.4823725
19.01996	19.8917087	22.1503306
19.2291344	20.1104694	22.3939306
17.7394719	18.5525313	20.6590944
17.47789	18.27896	20.35446
16.3507263	17.1001331	19.0417844
16.1685738	16.9096331	18.8296525
10.5365067	11.0194287	12.27064
10.4237507	10.901506	12.1393269
11.5820663	12.1129106	13.4882831
15.191485	15.8877613	17.6917506
20.78211	21.7346231	24.2025012
32.7133481	34.21271	38.0974244
55.6696887	58.221215	64.831995
1164.3509656265	1168.8931074265	1180.6613834265
79.3523656	82.98935	92.4124469
46.95786	49.1100931	54.6863444
29.2110844	30.5499256	34.018745
18.9536631	19.8223725	22.0731212
14.1408669	14.7889894	16.4682194
11.6176179	12.1500931	13.529685
10.8017913	11.2968721	12.5795856
10.6514339	11.1396232	12.4044831
10.4702709	10.9501578	12.1935037
11.5098812	12.0374164	13.4042169
11.3966634	11.9190093	13.2723644
10.9049698	11.4047813	12.6997481
11.5005644	12.0276744	13.3933669
11.385134	11.9069514	13.2589381
10.3898343	10.8660345	12.0998287
10.6085766	11.094803	12.3545719
7.70141112	8.05439219	8.96893587
8.22857994	8.60572294	9.58286706
9.15804319	9.5777865	10.6653054
10.8785593	11.3771591	12.6689906
15.2823744	15.9828169	17.7976012
19.8456794	20.7552725	23.1119481
30.1681944	31.5509044	35.1333788
40.3730737	42.2235031	47.01781
35.9069919	37.552725	41.8166844
27.1699462	28.4152338	31.6416675
18.3869175	19.2296487	21.4130962
12.8219837	13.4096569	14.9322706
10.7226792	11.2141363	12.4874544
9.02973288	9.44359556	10.5158772
8.20215531	8.57808719	9.55209362
7.65973713	8.01080838	8.92040269
7.56441237	7.91111444	8.80938875
7.68920625	8.041628	8.954722
8.01262575	8.37987069	9.33137063
8.02184956	8.3895175	9.34211325
8.07270813	8.442707	9.40134225
8.04085931	8.40939838	9.36425119
7.72906319	8.08331163	9.00113869
7.85853712	8.21871981	9.15192181
6.28096375	6.56884106	7.31470613
6.96690813	7.28622444	8.11354538
8.08766787	8.45835262	9.418764
10.7959789	11.2907949	12.5728169
14.519215	15.1846806	16.9088375
18.4183725	19.2625456	21.44973
18.89317	19.7591062	22.0026712
14.4719581	15.1352575	16.8538031
11.0403282	11.5463419	12.8573831
8.49168413	8.88088662	9.88927512
6.97870338	7.29856037	8.12728212
6.45872819	6.75475312	7.52172769
6.19613213	6.48012163	7.21591269
6.05358094	6.33103675	7.04989994
5.94094169	6.21323475	6.91872187
5.97771331	6.25169181	6.96154563
6.08956344	6.36866813	7.09180438
6.09560212	6.37498369	7.098837
5.68984275	5.95062706	6.62629637
6.36585931	6.65762756	7.41357394
8.31977856	8.70110188	9.68907637
10.8587369	11.3564274	12.6459024
10.5300898	11.0127163	12.2631667
8.57868088	8.97187019	9.99058937
6.9618635	7.28094869	8.1076705
5.9129195	6.18392838	6.886088
5.38161069	5.62826756	6.26733425
5.18670919	5.42443331	6.04035531
5.24198806	5.48224569	6.10473238
5.24127894	5.48150419	6.10390631
5.37977956	5.62635269	6.265202
6.19728281	6.48132481	7.21725263
6.72483481	7.03305612	7.83163094
6.17592731	6.45899031	7.19238225
5.16200237	5.398594	6.01158225
5.00030087	5.22948094	5.82326737
5.52405844	5.77724425	6.43322663
