#?RADIANCE
genskyvec -m 1
NROWS=146
NCOLS=1
NCOMP=3
FORMAT=ascii

23.0837237	24.1417275	26.8829213
33.29774	34.8238863	38.7779956
32.917615	34.4263381	38.3353075
32.7116738	34.2109575	38.0954725
32.7912862	34.2942194	38.1881881
33.28128	34.8066706	38.7588263
33.2594725	34.7838638	38.73343
33.5885775	35.1280525	39.1167
34.168375	35.7344244	39.7919225
35.6569869	37.2912656	41.5255363
35.5680656	37.1982675	41.4219775
38.65568	40.4273963	45.0177625
40.2035025	42.0461619	46.8203325
43.8761181	45.887105	51.0973981
49.0127044	51.2591181	57.0793813
52.6562188	55.0696262	61.3225581
60.8683219	63.6581194	70.8862375
56.9092412	59.5175794	66.2755556
63.2472737	66.1461056	73.6567237
59.8876044	62.6324531	69.7441113
52.3767088	54.7773056	60.9970444
49.9940706	52.2854625	58.2222631
43.50331	45.4972094	50.6632319
41.277935	43.1698387	48.0715975
38.275685	40.0299856	44.5752275
35.3707206	36.9918769	41.1921538
34.6836769	36.2733413	40.3920319
33.6084269	35.148815	39.1398169
33.7705325	35.3183487	39.3286019
33.1450225	34.6641706	38.6001425
33.2585038	34.7828525	38.7323025
31.7059669	33.1591569	36.9242425
30.8847806	32.3003331	35.9679037
31.5893363	33.0371812	36.7884175
31.4848125	32.9278638	36.6666875
31.6238506	33.0732756	36.8286106
31.5380381	32.9835306	36.728675
32.5861244	34.0796544	37.9492588
33.6603819	35.2031494	39.2003231
34.8797612	36.4784156	40.6203906
36.131445	37.7874681	42.0780806
39.5948787	41.4096431	46.11154
44.29599	46.3262206	51.5863725
50.5909837	52.9097363	58.9174169
59.9696319	62.7182362	69.8396363
70.1233563	73.3373413	81.6644975
82.2329513	86.00196	95.7671356
84.2944625	88.15796	98.1679225
89.7069831	93.8185525	104.471266
80.9123119	84.6207906	94.2291406
71.4481475	74.7228525	83.2073244
60.1498956	62.9067644	70.0495706
50.4396531	52.7514706	58.7411806
43.6641088	45.6653812	50.8504962
39.2666412	41.0663619	45.7292787
36.6070144	38.284835	42.6319219
34.9702681	36.5730712	40.7257925
33.1863931	34.7074344	38.6483225
32.5061056	33.9959681	37.85607
31.7824394	33.2391331	37.0132994
31.7678781	33.2239069	36.996345
27.0255975	28.26427	31.4735625
26.457405	27.6700344	30.8118531
26.4989006	27.7134344	30.8601806
27.476745	28.7360938	31.99896
27.9702581	29.2522262	32.5736975
29.041285	30.3723419	33.8209975
30.7297694	32.1382194	35.7873825
33.81451	35.3643406	39.3798162
37.8754475	39.6114044	44.1091169
46.7628313	48.9061269	54.4592162
59.2462856	61.9617381	68.9972406
81.5730119	85.3117725	94.9985738
106.649727	111.537836	124.202494
122.929187	128.563431	143.161287
111.558459	116.671543	129.919119
87.9307719	91.9609381	102.402724
63.8042225	66.7285812	74.3053363
50.3207937	52.6271619	58.6027625
39.8658106	41.6929925	46.4270606
34.5367106	36.1196438	40.2208806
31.2669906	32.7000612	36.4130181
29.4234262	30.7719981	34.2660331
27.6997694	28.9693412	32.2586925
27.4352956	28.6927456	31.9506881
24.2967794	25.4103794	28.2956238
24.2007781	25.3099794	28.1838237
24.14245	25.2489775	28.1158956
24.554565	25.6799806	28.5958381
25.6465013	26.821965	29.8674887
26.5991225	27.8182481	30.9768969
29.2094944	30.5482613	34.0168906
33.3677031	34.897055	38.8594719
40.6004531	42.4613044	47.2826137
50.9222744	53.2562106	59.3032338
70.8632413	74.1111387	82.5261556
106.588861	111.47419	124.131618
141.054619	147.519625	164.26985
1248.48117649581	1256.55993949581	1277.49129549581
153.040375	160.0547	178.228262
115.21976	120.500644	134.183
78.50072	82.0986681	91.4206312
56.5130787	59.1032587	65.8141925
42.1038844	44.0336431	49.0334838
34.41552	35.9928975	40.0797444
30.1207894	31.5013263	35.0781731
27.3871656	28.6424094	31.8946394
25.7983544	26.9807775	30.0443331
25.0577444	26.2062237	29.1818331
24.0634619	25.1663688	28.0239069
23.7196625	24.8068119	27.623525
24.1753644	25.2834019	28.1542288
25.3478369	26.5096113	29.5196681
27.6698744	28.9380744	32.2238737
34.0494888	35.6100887	39.6534688
42.9193181	44.8864531	49.9831256
65.9474712	68.9700606	76.80133
98.19315	102.693664	114.354108
1312.54096099733	1320.47556699733	1341.03342299733
4734.25893623166	4744.31483623166	4770.36881723166
150.916638	157.83365	175.755
89.2356444	93.3256244	103.922365
54.3598287	56.8513175	63.3065525
40.0513981	41.8870875	46.6431944
31.4679219	32.9101994	36.6470206
27.0177919	28.2561062	31.4644725
25.026675	26.1737319	29.1456506
25.8581356	27.0432994	30.1139544
26.5834213	27.8018275	30.9586113
28.3957669	29.6972394	33.0692394
33.8193169	35.3693675	39.385415
46.521255	48.6534812	54.1778819
78.2509519	81.8374519	91.1297538
126.985125	132.805264	147.884775
131.387219	137.409146	153.011375
83.0647419	86.8718694	96.7358238
50.5015206	52.81617	58.8132306
33.4304781	34.9627081	38.9325831
28.8522919	30.1746869	33.6009012
33.1125231	34.6301794	38.5622963
35.9427531	37.5901294	41.8583356
48.4018719	50.6202881	56.3680138
71.0115138	74.2662069	82.6988325
57.4837013	60.1183694	66.9445644
41.0219588	42.9021325	47.7734931
45.2699231	47.3447919	52.7206006
