#?RADIANCE
genskyvec -m 1
NROWS=146
NCOLS=1
NCOMP=3
FORMAT=ascii

1.48805587	1.55625862	1.73296537
12.7238531	13.3070269	14.8179863
12.8700044	13.4598796	14.9881944
13.3119936	13.9221269	15.5029262
14.6193119	15.2893637	17.0254081
17.9354831	18.7575269	20.8873656
23.5336687	24.612295	27.4069206
32.6855	34.183585	38.06499
55.3309181	57.866915	64.4374681
447.250304587124	451.487730287124	462.466528887124
466.049536481995	469.837655881995	479.652342181995
60.3935106	63.161545	70.3332819
34.0447487	35.6051331	39.6479481
23.0374812	24.0933644	26.8290675
17.9507475	18.7734912	20.9051438
14.7623975	15.4390056	17.1920431
13.8386644	14.4729356	16.1162781
12.3768489	12.9441212	14.4138719
12.6646339	13.2450944	14.7490206
12.4471213	13.0176144	14.4957113
12.1963453	12.7553452	14.20366
12.6711094	13.2518675	14.756565
12.0716005	12.6248812	14.0583844
12.2107826	12.7704431	14.2204731
12.3319325	12.8971437	14.3615625
11.6952107	12.2312417	13.6200494
12.1292586	12.6851837	14.1255338
11.7852752	12.3254326	13.724935
12.3361894	12.9015969	14.3665231
12.0349359	12.5865361	14.0156861
12.4249906	12.9944681	14.4699369
11.5417781	12.0707762	13.4413631
11.3498413	11.8700425	13.2178381
12.5762356	13.1526475	14.646075
13.7250094	14.3540725	15.9839181
16.7951731	17.5649525	19.5593813
21.2414181	22.2149825	24.7374025
30.3311425	31.7213194	35.3231463
48.5876637	50.8145975	56.5843863
82.9097319	86.7097575	96.5552925
445.953146573329	449.100309673329	457.254335973329
48.8262844	51.0641538	56.8622794
31.5227094	32.9674975	36.7108225
22.6799812	23.7194825	26.4127306
16.7990594	17.5690156	19.5639056
13.9692237	14.60948	16.2683256
12.3585688	12.9250025	14.392585
12.3693881	12.9363187	14.4051837
11.1878446	11.7006194	13.0291781
11.0366444	11.5424894	12.8530925
10.6727332	11.1618982	12.4292869
10.7321548	11.224045	12.4984906
10.9063363	11.4062081	12.7013375
10.4249044	10.9027121	12.1406713
10.9822632	11.4856156	12.78976
11.1583223	11.6697464	12.9947981
11.2605398	11.7766461	13.1138369
10.887229	11.3862271	12.6790881
11.0554094	11.5621139	12.8749462
10.9477316	11.449502	12.7495469
11.2475563	11.7630688	13.0987181
8.32641962	8.70804706	9.69680969
8.2809125	8.66045412	9.64381387
9.0051865	9.41792419	10.48729
11.3839039	11.9056672	13.257505
15.0463381	15.73596	17.5227144
22.4553538	23.484555	26.1511312
32.7008956	34.1996862	38.0829181
38.6020669	40.3713275	44.9553275
27.3444169	28.5977013	31.8448531
18.9824362	19.8524625	22.1066288
13.7317844	14.3611581	15.9918081
10.6939385	11.1840756	12.4539819
9.20253169	9.62431531	10.7171158
8.358296	8.74138437	9.73393312
8.21924194	8.59595669	9.57199212
8.16222419	8.536326	9.50559037
7.85655294	8.21664475	9.14961038
8.25602944	8.63443044	9.61483437
7.95547625	8.32010206	9.26481588
7.60659856	7.95523419	8.85851812
7.94416056	8.30826756	9.25163694
8.03353519	8.4017385	9.35572194
7.73815244	8.09281769	9.01172394
8.1120205	8.48382112	9.44712344
6.15949825	6.44180838	7.1732495
6.49173444	6.78927206	7.56016631
6.92061081	7.23780513	8.05962844
7.87461613	8.23553606	9.17064725
10.2171584	10.685445	11.8987327
12.2850054	12.8480689	14.3069137
15.3846456	16.0897737	17.9167019
17.1308663	17.9160306	19.9503225
14.1024475	14.74881	16.4234775
11.5307081	12.0591975	13.4284706
9.00030425	9.41281825	10.4816052
7.30366844	7.63841963	8.50573081
6.81623487	7.1286455	7.93807388
6.46668631	6.76307613	7.5309955
6.26575619	6.55293625	7.2969955
5.98983756	6.2643715	6.97566531
5.91920662	6.1905035	6.89340988
5.92684981	6.19849694	6.90231081
6.03376956	6.31031694	7.02682769
5.99154325	6.2661555	6.97765163
6.03752456	6.31424438	7.03120106
6.11226419	6.39240925	7.11824125
6.02851369	6.30482038	7.02070681
6.23822056	6.52413875	7.264928
4.92529481	5.15103738	5.7359165
5.25671481	5.49764731	6.12188281
5.68375106	5.94425612	6.61920206
6.890818	7.20664694	8.02493225
8.21081981	8.58714888	9.56218406
8.82973787	9.23443369	10.2829671
8.54684712	8.93857725	9.95351594
7.09535881	7.42056231	8.26313688
6.09463494	6.37397231	7.09771069
5.43897238	5.6882585	6.33413681
4.92123519	5.14679175	5.73118875
4.902977	5.12769663	5.70992556
4.84989619	5.07218294	5.6481085
4.73697431	4.95408531	5.5166015
4.63262569	4.84495419	5.39507894
4.67064531	4.88471669	5.43935619
4.79231537	5.01196287	5.58105069
4.83193206	5.05339537	5.62718775
4.27952662	4.47567163	4.98386556
4.444988	4.6487165	5.17655919
5.18639669	5.42410644	6.03999138
5.93645938	6.20854662	6.91350194
5.5710725	5.82641319	6.48797863
4.89782438	5.12230794	5.703925
4.48170231	4.68711369	5.21931606
4.19154	4.383652	4.88139788
4.08761925	4.27496825	4.76037337
4.00465681	4.18820362	4.66375688
4.08658	4.27388137	4.75916319
4.03868469	4.22379081	4.703385
3.83222775	4.00787131	4.46294881
4.04704094	4.23253006	4.71311669
4.15223469	4.34254519	4.83562356
3.99618581	4.17934437	4.65389169
3.69554381	3.86492269	4.30376888
3.69854731	3.868064	4.30726681
3.75202925	3.92399725	4.36955094
