#?RADIANCE
genskyvec -m 1
NROWS=146
NCOLS=1
NCOMP=3
FORMAT=ascii

1.97750487	2.06814056	2.30296931
6.47634644	6.77317906	7.54224544
6.00760631	6.28295481	6.99635856
5.81341337	6.07986106	6.77020462
5.73607356	5.99897681	6.68013588
5.92616719	6.19778319	6.901516
5.84754044	6.11555244	6.80994837
5.80663344	6.07277062	6.76230875
5.86763488	6.13656794	6.83335019
6.15842769	6.44068881	7.17200275
5.6602835	5.91971306	6.59187231
6.05831994	6.33599275	7.05541881
5.85813137	6.126629	6.82228275
5.95978275	6.23293919	6.94066388
6.20531131	6.48972131	7.22660238
6.31229369	6.60160706	7.35119263
6.97936637	7.29925406	8.1280545
6.89105212	7.20689187	8.02520494
8.01520275	8.38256613	9.33437219
9.07492369	9.49085744	10.5685046
9.64168394	10.0835937	11.228544
11.5423788	12.0714025	13.4420606
12.3027584977349	12.8631885977349	14.3152127977349
13.3953837349138	14.0027697349138	15.5764552349138
11.8772	12.42157	13.8319894
9.90108413	10.3548834	11.5306383
9.038606	9.4528745	10.5262098
7.99497581	8.36141194	9.31081631
7.67110863	8.022701	8.93364606
6.99333944	7.3138675	8.14432694
6.7174475	7.02533025	7.82302781
7.41440344	7.75423012	8.63469106
7.25881569	7.59151106	8.45349612
6.98106138	7.30102638	8.13002806
6.9126375	7.2294665	8.05034275
6.85039863	7.16437513	7.97786037
6.87542113	7.19054437	8.00700125
6.7774655	7.08809931	7.89292412
6.73728975	7.04608212	7.84613587
6.78000425	7.09075413	7.89588044
6.944942	7.26325144	8.08796387
6.94141156	7.25955944	8.08385256
7.020297	7.34206038	8.17572138
7.07474856	7.39900775	8.23913475
7.32453744	7.660245	8.53003463
7.64856869	7.99912794	8.90739613
8.14920912	8.52271431	9.4904335
8.52849356	8.91938275	9.93214169
9.45583225	9.8892245	11.0121044
10.4363157	10.9146469	12.1539613
11.5147775	12.0425369	13.4099187
12.6643994	13.2448488	14.7487488
13.9241325	14.5623206	16.2158125
14.2802345265305	14.9320294265305	16.6207707265305
13.20308	13.8082225	15.3760887
11.905475	12.4511437	13.86492
10.8111625	11.3066744	12.5905
9.81381538	10.2636157	11.4290075
8.93211694	9.34150531	10.4021952
8.31485437	8.69595181	9.68334125
7.80661556	8.16441875	9.09145512
7.899882	8.26195969	9.20007119
7.70867912	8.06199306	8.97739956
7.49383219	7.83729931	8.72719256
7.30211981	7.63680006	8.5039275
7.25406125	7.58653875	8.44795931
7.22712006	7.55836287	8.416584
7.23232787	7.5638095	8.422649
7.25188881	7.58426675	8.4454295
7.36483606	7.70239087	8.57696575
7.46393388	7.80603063	8.69237356
7.67648119	8.02831944	8.93990225
8.07285869	8.44286444	9.40151719
8.64896212	9.04537225	10.0724368
9.39406725	9.82462894	10.9401756
10.3538586	10.8284094	12.05793
11.4527881	11.9777062	13.3377256
12.7149094	13.297675	14.80757
13.5442594	14.1650375	15.7734194
13.2125812	13.8181569	15.3871531
12.2060838	12.7655294	14.2150038
11.065395	11.5725594	12.8865763
10.0607188	10.521835	11.716545
9.14580625	9.56498887	10.6510531
8.44909006	8.83633975	9.83967025
8.29719294	8.67748056	9.66277294
7.98607906	8.35210738	9.30045494
7.78862406	8.14560237	9.07050225
7.66508931	8.01640569	8.92663575
7.55909294	7.90555106	8.80319419
7.54668337	7.89257294	8.78874231
7.56211131	7.90870769	8.80670938
7.58443256	7.93205219	8.83270431
7.6914415	8.04396563	8.95732494
7.81347244	8.17158962	9.09944012
8.07363156	8.44367262	9.40241688
8.48077837	8.8694805	9.87657306
8.85436844	9.26019331	10.3116506
9.56966425	10.0082734	11.1446719
10.3575175	10.8322387	12.0621938
11.0659687	11.5731556	12.8872413
11.8552456	12.3986087	13.80642
12.3178669	12.882435	14.3451838
12.319845	12.8845038	14.3474875
11.7206856	12.2578844	13.6497169
10.9357494	11.4369719	12.7355925
10.0224401	10.4818013	11.6719669
9.3127195	9.73955244	10.8454387
8.75610206	9.15742287	10.1972121
8.58635719	8.97989838	9.99952981
8.19370287	8.56924762	9.54225044
7.99592212	8.36240187	9.31191837
7.8411225	8.20050725	9.131641
7.80459381	8.16230419	9.0891005
7.8598375	8.22007988	9.15343631
7.94914525	8.31348063	9.25744225
8.20343575	8.57942625	9.55358488
8.52409675	8.91478431	9.92702175
9.06197119	9.47731131	10.5534213
9.634502	10.0760834	11.2201806
10.3971844	10.8737219	12.1083875
11.0863556	11.5944788	12.9109844
11.3485963	11.8687413	13.2163875
11.0269831	11.5323844	12.8418406
10.4212581	10.8988981	12.1364244
9.71594812	10.1612623	11.3150319
9.06403069	9.47946513	10.55582
8.69258956	9.09099987	10.1232454
8.37870569	8.76272963	9.75770162
8.13667506	8.50960581	9.47583675
8.08663856	8.45727594	9.41756519
8.25415725	8.63247256	9.61265444
8.62365706	9.01890781	10.0429687
9.10993069	9.527469	10.6092744
9.67128231	10.1145497	11.2630156
10.312995	10.7856737	12.0103412
10.3511932	10.8256231	12.0548288
9.946757	10.4026506	11.5838288
9.25810044	9.6824295	10.78183
8.89327775	9.30088588	10.3569639
8.60033106	8.9945125	10.0158028
8.65431144	9.05096719	10.0786666
9.01299581	9.42609106	10.4963844
9.47065913	9.90473031	11.0293706
9.44664725	9.87961931	11.0014087
8.97523781	9.38660244	10.4524131
