#?RADIANCE
genskyvec -m 1
NROWS=146
NCOLS=1
NCOMP=3
FORMAT=ascii

20.1451075	21.068425	23.4606575
30.4773844	31.8742638	35.4934556
28.503785	29.8102069	33.1950338
27.7606594	29.0330219	32.3296031
26.987785	28.224725	31.4295294
25.7758044	26.9571956	30.0180744
27.6068175	28.87213	32.1504425
29.8460306	31.2139737	34.7581919
33.0543512	34.5693413	38.4945462
36.3027513	37.9666269	42.27758
45.11969	47.187675	52.5456413
48.4754	50.69719	56.4536462
52.87412	55.2975169	61.5763238
51.2911581	53.6420019	59.7328319
46.6444481	48.7823188	54.3213512
42.2390213	44.174975	49.1908644
36.4811206	38.1531687	42.4853075
34.2204756	35.788915	39.8526006
29.0827613	30.41572	33.8692994
26.1423519	27.3405425	30.4449506
27.0332069	28.2722275	31.4824231
25.3193562	26.4798269	29.4865019
27.6620756	28.9299231	32.2147956
27.6042613	28.8694538	32.1474625
31.4076769	32.847195	36.5768587
35.2317662	36.8465569	41.0303306
37.23177	38.938225	43.3595031
38.8949131	40.6775975	45.2963706
35.7263763	37.3638344	41.6063419
34.9333337	36.5344444	40.6827806
32.0079438	33.4749731	37.2759212
17.0678069	17.8500819	19.8768831
14.8375906	15.5176475	17.2796125
15.8776388	16.6053656	18.4908344
15.4610594	16.16969	18.0056925
16.5870306	17.34727	19.31698
17.7238319	18.5361731	20.6408806
20.8493413	21.804935	24.2807975
24.7283719	25.8617562	28.7982531
29.5955319	30.9519925	34.4664656
34.6305519	36.2177831	40.3301656
43.4979162	45.4915713	50.6569525
49.8282212	52.1120131	58.0291194
47.84912	50.0422025	55.7242906
41.089765	42.9730456	47.85246
33.4777919	35.0121906	38.98768
26.7127256	27.9370581	31.1091975
24.2588644	25.3707288	28.2514706
19.4854831	20.3785663	22.69247
17.16132	17.9478806	19.9857881
15.2961825	15.9972569	17.8136794
14.9157794	15.5994187	17.3706713
15.3137375	16.0156187	17.834125
14.8147862	15.4937981	17.2530556
17.3950644	18.1923375	20.2580038
18.71887	19.5768181	21.7996856
19.8683619	20.778995	23.1383637
18.9382262	19.8062294	22.0551456
19.3772025	20.265325	22.56637
18.1339362	18.9650744	21.1184806
17.746085	18.5594475	20.6667963
10.6635309	11.1522759	12.41857
10.2503341	10.720141	11.9373687
10.6853138	11.1750569	12.4439394
12.3467444	12.9126388	14.3788144
14.372675	15.0314231	16.73818
17.7000769	18.5113288	20.6132137
22.9641781	24.0167019	26.7437006
33.2941025	34.8200831	38.7737594
50.6247819	52.9450825	58.9567812
68.1158081	71.2377806	79.3265387
57.4017144	60.0326256	66.8490837
33.6858087	35.2297413	39.2299344
23.0867412	24.1448813	26.8864344
17.7036569	18.5150738	20.617385
14.4398869	15.1017156	16.8164512
12.4723844	13.044035	14.52513
10.9283034	11.4291837	12.7269206
11.0051036	11.5095044	12.8163612
10.7644297	11.2577983	12.5360762
10.5625884	11.0467063	12.3010144
11.417905	11.9412237	13.2971012
11.6468939	12.1807106	13.56378
10.8870469	11.3860369	12.678875
11.1223753	11.63215	12.9529331
8.52565725	8.91641625	9.9288385
8.90640206	9.31461194	10.3722483
9.63751419	10.0792326	11.2236881
10.7211513	11.2125381	12.4856744
13.1567612	13.7597788	15.3221456
15.4784713	16.1879019	18.0259725
22.0478362	23.0583631	25.6765437
36.11124	37.7663369	42.05455
73.7510131	77.1312663	85.8892031
5763.56419738106	5769.39866238106	5784.51523438106
1924.54194294596	1927.93901294596	1936.74052794596
35.3150663	36.9336725	41.12734
23.5843037	24.6652506	27.4658881
16.3466875	17.0959113	19.0370825
13.0744994	13.6737481	15.226345
11.1699062	11.6818587	13.0082856
9.76377487	10.2112816	11.37073
8.998324	9.41074694	10.4792986
8.6797795	9.07760281	10.1083279
8.53190913	8.92295462	9.93611956
8.59405069	8.98794413	10.0084894
8.68700981	9.08516419	10.1167474
8.5188855	8.90933419	9.92095269
8.61314581	9.00791456	10.0307262
8.00107756	8.3677935	9.317922
8.77046081	9.17243975	10.2139324
10.0825852	10.5447019	11.7420112
12.4288675	12.9985231	14.4744506
16.2697075	17.0154019	18.9474319
28.4665513	29.7712681	33.1516738
51.4006019	53.7564619	59.8602881
1979.5922647431	1982.6790491431	1990.6766497431
39.2826531	41.0831088	45.7479287
21.2289369	22.2019312	24.7228694
14.8193719	15.4985906	17.2583925
11.5824206	12.1132788	13.4886937
9.62016012	10.0610838	11.2034788
8.374985	8.75883825	9.75336888
7.85464431	8.21464856	9.147388
7.59578006	7.94391987	8.84591944
7.583968	7.93156625	8.83216306
7.68582788	8.03809481	8.95078762
8.42208587	8.80809787	9.808222
9.81315025	10.2629206	11.4282325
12.6109981	13.1890025	14.6865594
18.9101294	19.7768444	22.0224225
25.8757456	27.0617162	30.1344619
25.6970544	26.8748363	29.9263612
17.6629594	18.4725119	20.5699887
12.7743225	13.3598131	14.8767663
9.83463044	10.2853837	11.4532469
8.50946756	8.8994845	9.909985
7.7575055	8.11305756	9.03426206
7.94934569	8.31369038	9.25767588
9.55285594	9.99069425	11.1250975
11.7774712	12.3172725	13.7158487
14.9023881	15.5854131	17.3550725
14.5643925	15.2319263	16.9614494
10.4508031	10.9297964	12.1708294
9.09119075	9.50787019	10.5874493
11.2719369	11.7885663	13.1271094
