#?RADIANCE
genskyvec -m 1
NROWS=146
NCOLS=1
NCOMP=3
FORMAT=ascii

8.527341	8.918177	9.93079906
27.9609856	29.2425281	32.5628987
26.757695	27.9840875	31.1615675
26.3417794	27.5491094	30.6771987
26.3937462	27.60346	30.7377187
27.4270344	28.6841062	31.9410687
27.2124975	28.459735	31.6912212
27.1905375	28.4367706	31.6656475
27.29784	28.5489894	31.7906112
28.4404944	29.7440175	33.1213294
26.2826562	27.4872756	30.6083425
27.8589513	29.13582	32.4440719
26.9993731	28.2368431	31.4430219
27.5870769	28.8514819	32.1274513
29.0717188	30.40417	33.8564412
30.5931	31.9952819	35.6282169
36.2879794	37.9511769	42.2603781
38.4343075	40.1958787	44.7599575
52.3431744	54.7422331	60.9579888
74.3691231	77.7777056	86.6090431
89.8620687	93.9807556	104.651872
125.892861	131.66295	146.612731
115.800936	121.108481	134.859841
106.426544	111.304433	123.942596
77.6114331	81.1686219	90.384985
53.4496838	55.89946	62.2466144
42.7652981	44.7253731	49.8037556
35.0568925	36.6636669	40.826675
32.4247794	33.910915	37.7613613
29.3351862	30.6797144	34.16327
28.4977838	29.8039319	33.1880444
30.1377244	31.5190338	35.0978937
29.5087287	30.8612113	34.365375
29.2934694	30.636085	34.1146875
29.261845	30.6030131	34.0778581
29.2505562	30.5912056	34.0647125
29.2039769	30.5424906	34.0104669
29.3250287	30.6690906	34.1514419
29.3803494	30.7269488	34.2158669
29.3219363	30.6658569	34.1478406
29.1785725	30.515925	33.9808844
29.4341056	30.7831694	34.2784719
29.9130775	31.2840938	34.8362744
30.917	32.3340275	36.0054231
32.6884687	34.1866912	38.0684481
35.5760713	37.20664	41.4313013
41.535515	43.439225	48.3715725
48.9057075	51.1472175	56.954775
65.252565	68.243305	75.9920519
93.3306331	97.6082919	108.691312
135.176194	141.371763	157.42395
191.828225	200.620344	223.39995
380.573307355334	389.801876355334	413.712301355334
148.143531	154.93345	172.5255
97.230985	101.687403	113.233585
69.4719506	72.6560812	80.9058819
53.7413187	56.2044619	62.5862481
42.9273931	44.8948975	49.99253
36.6059337	38.2837075	42.6306637
33.1457969	34.6649756	38.6010431
31.2565275	32.6891169	36.4008331
28.9178469	30.2432475	33.6772431
28.0618337	29.3480012	32.6803456
27.6063	28.8715881	32.1498375
27.7852325	29.0587213	32.35822
27.7430844	29.0146425	32.3091363
27.7928456	29.0666844	32.3670862
27.8069056	29.0813894	32.3834581
27.9868625	29.2695931	32.5930338
28.0310662	29.3158231	32.6445137
29.12664	30.4616088	33.9204006
30.7451538	32.154305	35.8052956
34.9646587	36.567205	40.7192619
42.1570537	44.0892525	49.0954081
54.7218244	57.2299056	63.7281269
80.3112662	83.9921956	93.5291594
125.548769	131.303075	146.212006
387.469372859067	396.940485859066	421.479316859067
378.281116581611	387.805135581611	412.480991581611
115.981493	121.297308	135.070144
76.2911113	79.7877869	88.8473662
53.5093338	55.9618437	62.3160812
41.6529837	43.5620762	48.5083719
34.2610856	35.8313838	39.8998894
30.9116444	32.3284256	35.9991869
27.6834775	28.9523025	32.2397194
26.7061069	27.9301363	31.1014887
25.9782056	27.16887	30.2537856
25.8512575	27.036105	30.1059438
25.8723363	27.0581506	30.1304937
25.8192775	27.0026612	30.0687031
25.85987	27.0451137	30.1159756
26.2511381	27.454315	30.57164
26.7782994	28.0056363	31.1855638
27.8821437	29.1600744	32.4710813
29.9983131	31.3732344	34.9355381
33.756645	35.3038225	39.3124275
38.95333	40.73869	45.3644019
51.8459006	54.2221688	60.3788744
71.318465	74.5872256	83.0563025
93.5738981	97.8626987	108.974608
124.266198	129.961737	144.718362
125.890262	131.660213	146.609694
96.9898344	101.435203	112.952762
68.63617	71.7819925	79.932545
50.9067481	53.2399737	59.2851537
39.1945381	40.9909531	45.6453081
33.1833225	34.7042231	38.6447456
30.0500125	31.4273044	34.995745
27.2675675	28.5173306	31.755355
25.6399381	26.8150975	29.8598438
24.8637044	26.0032894	28.9558563
24.6662856	25.7968219	28.7259481
24.7145519	25.8473006	28.7821562
25.0967869	26.2470562	29.2273006
25.9317581	27.120295	30.1996944
28.1591675	29.4497956	32.7936988
31.1875863	32.6170156	36.3205437
38.0288575	39.7718456	44.2877769
46.3057356	48.4280806	53.9268906
63.5199125	66.4312375	73.9742337
79.6611444	83.3122813	92.7720456
74.72049	78.145175	87.018235
58.528435	61.2109856	68.1612419
44.1201419	46.1423131	51.3815831
35.2047225	36.8182694	40.9988331
29.9772094	31.3511644	34.9109606
26.9692975	28.20539	31.4079962
25.3045938	26.4643875	29.4693094
24.5788419	25.70537	28.6241088
24.8002756	25.9369538	28.8819894
26.015335	27.2077044	30.2970281
29.4226506	30.7711888	34.26513
35.1735113	36.7856306	40.9624887
42.6022425	44.554845	49.6138644
52.212915	54.606005	60.8062937
47.8891544	50.0840725	55.7709138
38.3164575	40.0726256	44.62271
30.8123175	32.2245469	35.8835119
28.1970337	29.4893969	32.8377963
26.4752356	27.6886825	30.8326194
27.5417787	28.8041094	32.0746969
31.4966275	32.9402231	36.6804488
35.2335912	36.8484625	41.0324563
33.5062525	35.0419563	39.0208269
29.48702	30.8385087	34.340095
