#?RADIANCE
genskyvec -m 1
NROWS=146
NCOLS=1
NCOMP=3
FORMAT=ascii

21.9544844	22.9607313	25.5678275
33.0595444	34.5747737	38.5005975
32.6490862	34.1455019	38.0225844
32.4253481	33.9115069	37.76202
32.5033519	33.9930869	37.8528625
33.0017263	34.5143038	38.4332613
32.9380806	34.4477425	38.3591419
33.2516425	34.775675	38.7243106
33.76027	35.3076144	39.31665
35.2137744	36.8277387	41.009375
35.0446119	36.6508212	40.8123737
38.0095038	39.7516056	44.2652375
39.4390931	41.2467169	45.9301113
42.9620394	44.93113	50.0328781
47.9561038	50.15409	55.8488825
51.705345	54.0751719	60.2151869
60.1813975	62.9397094	70.0862544
56.6484025	59.2447869	65.97179
63.5807506	66.4948663	74.045085
60.6998031	63.4818762	70.6899819
53.1081	55.5422187	61.8488106
50.7539281	53.0801481	59.1071806
43.9162531	45.92908	51.1441381
41.5552738	43.4598894	48.3945831
38.3732906	40.132065	44.6888962
35.2664406	36.8828181	41.0707113
34.5428838	36.1260988	40.2280681
33.3899731	34.9203444	38.8854075
33.5634512	35.101775	39.0874369
32.8904494	34.3979281	38.3036731
33.0121319	34.5251869	38.4453806
31.3373606	32.773655	36.4949688
30.4701581	31.8667069	35.4850413
31.20457	32.6347781	36.3403219
31.0713063	32.495405	36.1851262
31.1792156	32.6082612	36.3107963
31.0320575	32.4543594	36.1394194
32.0764337	33.5466037	37.3556825
33.0953163	34.6121812	38.5422531
34.1817787	35.7484444	39.8075325
35.1708537	36.7828512	40.9593931
38.4319994	40.193465	44.7572669
42.8188037	44.7813319	49.8660694
48.8862956	51.1269175	56.93217
57.8577588	60.5095706	67.3801856
67.8406669	70.9500281	79.0061131
80.3655631	84.0489825	93.5924013
83.5559944	87.38564	97.3079187
90.1708231	94.303655	105.011449
82.2743913	86.0453006	95.8153869
72.9334494	76.2762306	84.9370869
61.3115037	64.1216137	71.4023613
51.1449794	53.4891244	59.5625944
43.9837056	45.9996225	51.2226919
39.3396462	41.142715	45.8143006
36.5149075	38.1885063	42.5246556
34.7832862	36.3775181	40.5080375
32.9001556	34.4080788	38.3149756
32.1854325	33.6605988	37.4826206
31.4234744	32.8637162	36.5952563
31.4025444	32.8418263	36.57088
26.5060425	27.7209025	30.8684969
25.9144356	27.1021794	30.1795206
25.93052	27.1190037	30.198255
26.8843819	28.1165825	31.309105
27.31579	28.5677619	31.811515
28.288655	29.5852169	32.9444963
29.8188187	31.1855131	34.7265025
32.64526	34.1415006	38.0181263
36.2949831	37.9585031	42.2685344
44.5581531	46.6004	51.8916862
56.20155	58.7774525	65.4513912
77.6875519	81.2482275	90.4736294
103.050709	107.77387	120.011135
121.740431	127.320194	141.776869
113.405605	118.603344	132.070256
90.1946181	94.3285381	105.039163
65.1960775	68.1842319	75.9262681
51.0096956	53.3476381	59.4050431
39.9877419	41.8205106	46.5690587
34.3855181	35.9615194	40.0448012
30.9457231	32.3640681	36.0388744
29.0135963	30.3433856	33.7887531
27.2277356	28.4756731	31.7089694
26.9409694	28.1757638	31.3750075
23.7339963	24.8218031	27.6402162
23.6121369	24.6943587	27.4983037
23.508975	24.5864675	27.37816
23.8808519	24.97539	27.8112438
24.8782363	26.01849	28.9727806
25.7291419	26.9083944	29.9637319
28.0843113	29.3715081	32.7065212
31.8819413	33.3431956	37.1291794
38.4641169	40.2270544	44.7946725
47.9328425	50.129765	55.8217937
66.3168506	69.3563719	77.2315012
99.5059231	104.066599	115.882952
132.950337	139.0439	154.831769
1010.19022551798	1018.17010651798	1038.84521951798
157.392987	164.606819	183.297256
119.13705	124.597487	138.745013
80.5985919	84.2926919	93.8637837
57.4459281	60.0788663	66.9005737
42.3143144	44.2537194	49.2785469
34.2670431	35.8376138	39.9068281
29.7889156	31.15424	34.6916763
26.946345	28.1813844	31.3812644
25.3012094	26.4608475	29.46537
24.5306188	25.6549369	28.5679513
23.4530419	24.5279713	27.3130231
23.0532519	24.1098588	26.8474331
23.4174412	24.49074	27.2715625
24.4638156	25.5850731	28.4901538
26.5682056	27.785915	30.9408931
32.36474	33.8481225	37.6914375
40.4542388	42.3083894	47.1123331
61.5030763	64.321965	71.6254619
91.0852256	95.2599581	106.076337
959.488938924404	966.835670924404	985.870376924404
4901.06942490436	4910.85311890436	4936.20184990436
155.354463	162.474875	180.923225
91.31452	95.4997688	106.343369
54.8243894	57.3371719	63.8475725
39.9377556	41.7682344	46.5108456
31.0892913	32.5142156	36.2060738
26.5213388	27.7368987	30.8863119
24.4644838	25.5857706	28.4909313
25.1297956	26.2815781	29.2657419
25.69185	26.8693944	29.9203037
27.2693056	28.5191481	31.7573806
32.1981187	33.6738638	37.4973931
43.8839388	45.8952838	51.1065031
73.2580944	76.615755	85.3151613
119.456371	124.931451	139.116911
128.279609	134.159098	149.392319
83.1829013	86.9954469	96.873425
50.187735	52.4880062	58.4478025
32.9104838	34.41888	38.3270044
28.1801281	29.4717169	32.8181088
32.0752256	33.54534	37.3542775
34.5096419	36.0913331	40.1893556
46.1092031	48.2225387	53.6980113
67.8050975	70.9128294	78.9646881
55.9824238	58.5482806	65.1961987
40.0464525	41.8819144	46.6374331
43.6283825	45.6280169	50.8088906
