#?RADIANCE
genskyvec -m 1
NROWS=146
NCOLS=1
NCOMP=3
FORMAT=ascii

8.83515856	9.24010331	10.2892781
27.0640488	28.3044837	31.5183419
26.5261987	27.7419831	30.8919719
27.09926	28.3413081	31.55935
28.8847219	30.2086038	33.638665
32.8457506	34.35118	38.2516162
39.46127	41.2699094	45.95594
49.0842481	51.3339413	57.1627012
68.6914687	71.8398269	79.996945
96.5286713	100.952895	112.415679
109.266598	114.274648	127.250079
125.195728	130.933866	145.80087
93.3553244	97.6341156	108.720073
68.0398725	71.1583656	79.2381063
51.3302131	53.6828475	59.7783144
39.5048756	41.315515	46.006725
33.4158344	34.9473919	38.9155269
29.2518419	30.5925481	34.0662069
27.5080106	28.7687944	32.0353731
26.4646831	27.6776469	30.8203306
27.2941675	28.5451506	31.7863356
28.1932144	29.4854025	32.8333494
28.7355944	30.05264	33.4649931
29.1783137	30.5156513	33.9805787
30.9943406	32.4149144	36.0954969
30.7641425	32.1741637	35.8274094
31.7120056	33.1654719	36.931275
30.7683419	32.1785581	35.8323
29.9150575	31.286165	34.8385787
28.3647419	29.6647912	33.0331075
27.3480063	28.6014525	31.8490325
20.7254756	21.6753925	24.136545
19.6399419	20.540105	22.8723513
21.7856044	22.7841094	25.3711513
23.3110144	24.3794362	27.14762
27.8339756	29.1096981	32.4149856
33.7640588	35.311575	39.3210606
45.0299712	47.0938444	52.4411569
65.6289375	68.6369306	76.4303706
102.515869	107.214517	119.388276
150.7637	157.673687	175.5769
1358.62305466569	1365.73582366569	1384.16442366569
107.555156	112.484764	125.256938
72.0138219	75.3144525	83.8661006
48.2084344	50.4179862	56.14274
35.675065	37.3101706	41.5465887
27.5472494	28.80983	32.0810681
25.385295	26.5487863	29.5632937
21.2917525	22.2676244	24.7960219
20.2933594	21.2234706	23.6333088
19.4362837	20.3271125	22.6351719
19.9871744	20.9032525	23.27673
21.0533656	22.0183094	24.5183981
20.4926837	21.4319306	23.8654369
22.7292375	23.7709956	26.4700944
23.43568	24.5098131	27.2928038
23.7759025	24.8656294	27.6890206
22.2869662	23.3084531	25.9550313
22.1299219	23.1442081	25.7721381
20.9679431	21.9289731	24.4189181
20.8198113	21.7740513	24.2464069
14.5597338	15.2270531	16.9560237
14.5075881	15.1725188	16.8952962
15.9544281	16.6856725	18.5802625
20.1881	21.1133856	23.510725
26.9319725	28.1663537	31.3645275
41.1679281	43.0547894	47.9434831
69.2945525	72.4705525	80.6992825
1421.53697723992	1427.44371323992	1442.74757223992
2247.84433307496	2254.44073907496	2271.53144507496
81.8526131	85.6041862	95.3241944
48.8183606	51.0558681	56.8530519
29.9347425	31.3067519	34.861505
21.5217894	22.5082038	25.0639175
17.2545681	18.0454019	20.094385
15.4546456	16.1629838	17.9982237
14.8017262	15.48014	17.2378469
14.3035163	14.9590925	16.6576369
15.3011906	16.0024944	17.8195125
15.1526825	15.8471806	17.6465625
14.6592113	15.33109	17.0718719
15.3668263	16.0711381	17.8959494
15.3113119	16.0130812	17.8312994
14.2869813	14.9418	16.63838
14.5839319	15.25236	16.9842037
11.5195944	12.0475769	13.4155288
12.2670956	12.829335	14.286055
13.6800044	14.3070037	15.931505
16.0635156	16.79976	18.7073031
22.31585	23.3386606	25.9886687
29.1835731	30.5211556	33.9867069
46.9092237	49.0592281	54.6297019
68.9134194	72.0719475	80.2554231
69.8157287	73.0156131	81.3062325
52.2307369	54.624645	60.8270494
33.8040725	35.3534244	39.3676606
22.5600931	23.5940981	26.2731106
18.0789975	18.9076188	21.0545006
14.4856887	15.1496156	16.8697931
12.7312913	13.3148081	14.8266488
11.7199925	12.2571562	13.6489087
11.3151256	11.833735	13.1774063
11.2970169	11.814795	13.1563175
11.5715681	12.1019288	13.4760544
11.5772269	12.1078494	13.482645
11.6565106	12.1907662	13.5749775
11.66594	12.2006263	13.5859575
11.3751069	11.896465	13.2472612
11.5654981	12.0955813	13.4689844
10.1112676	10.5747006	11.7754131
11.2303244	11.7450481	13.0786488
13.1915075	13.7961181	15.36261
17.6543025	18.4634581	20.5599081
24.4561713	25.5770781	28.4812506
34.0938106	35.6564431	39.705085
37.0187781	38.7154719	43.111455
28.2831494	29.5794588	32.9380862
20.8266212	21.7811744	24.2543369
15.1890581	15.8852231	17.688925
12.1722819	12.7301775	14.1756381
10.7589075	11.2520231	12.5296444
10.0078628	10.4665561	11.6549906
9.63001519	10.0713901	11.2149563
9.45209756	9.88531956	11.0077562
9.47653594	9.91087694	11.0362156
9.63007494	10.0714526	11.2150263
9.72954394	10.1754806	11.3308656
9.75614756	10.2033043	11.3618469
11.1974381	11.7106519	13.0403494
14.8730663	15.5547469	17.3209269
20.3369612	21.2690725	23.6840887
20.6300581	21.5756006	24.0254219
16.7581538	17.5262356	19.5162688
13.0678037	13.666745	15.2185475
10.7178343	11.2090662	12.4818112
9.37636612	9.80611681	10.91956
8.90505769	9.31320575	10.3706825
8.84425856	9.24962025	10.2998775
9.00606787	9.41884563	10.4883169
9.82328487	10.2735187	11.4400344
11.6567869	12.1910556	13.5752988
13.02132	13.6181312	15.1644119
11.8587125	12.4022363	13.8104587
9.57419912	10.0130171	11.1499544
9.06635294	9.48189381	10.5585244
10.4548351	10.9340131	12.1755256
