#?RADIANCE
genskyvec -m 1
NROWS=146
NCOLS=1
NCOMP=3
FORMAT=ascii

16.6580356	17.4215281	19.3996706
31.7543431	33.2097481	36.9805806
31.2034412	32.6335981	36.33901
30.9661338	32.3854119	36.0626444
31.0773887	32.5017669	36.19221
31.4435675	32.8847306	36.618655
31.1020288	32.5275369	36.2209063
31.2828012	32.7165944	36.4314294
31.0327219	32.455055	36.1401931
31.7817475	33.2384106	37.0124975
31.3222306	32.7578331	36.4773506
32.445245	33.9323188	37.7851931
32.6201869	34.1152775	37.9889269
33.8608994	35.412855	39.4338412
36.017675	37.6684844	41.9455869
39.2096225	41.0067287	45.6628763
47.323725	49.4927269	55.1124237
50.78384	53.1114294	59.1420156
67.1190706	70.1953594	78.1657556
84.130405	87.9863737	97.9768756
84.3441256	88.2098963	98.2257619
90.2490406	94.38545	105.102531
73.4562363	76.8229788	85.54591
65.1456575	68.1314981	75.8675494
52.6944256	55.109585	61.3670525
42.040545	43.9674025	48.9597213
37.9615363	39.70144	44.2093756
34.50355	36.0849612	40.1822619
33.5534625	35.0913288	39.0758062
32.0300712	33.4981169	37.3016894
31.7717819	33.2279881	37.0008894
28.3443025	29.6434144	33.0093031
27.0530894	28.2930225	31.5055775
28.0163075	29.3003888	32.6273262
27.6601744	28.9279331	32.2125812
27.5510106	28.8137662	32.08545
26.9143675	28.1479413	31.344025
27.9079613	29.1870737	32.5011469
28.4063019	29.7082569	33.0815063
28.2638131	29.5592369	32.9155656
26.962315	28.1980875	31.399865
28.1530706	29.4434194	32.7865994
29.2419769	30.5822319	34.0547187
31.9396181	33.4035156	37.1963481
34.9475156	36.5492763	40.6992981
39.6054569	41.4207063	46.1238581
49.4980075	51.766665	57.6445587
61.9682125	64.8084188	72.1671506
84.1898344	88.0485312	98.0460813
112.199171	117.341634	130.665281
131.659794	137.694188	153.328806
126.041025	131.817888	146.785275
99.6079169	104.173277	116.001728
74.9276719	78.3618538	87.2595188
56.109645	58.6813337	65.34436
44.9476731	47.0077731	52.3453131
38.5667006	40.3343381	44.9141375
33.2533094	34.7774188	38.7262525
30.8586181	32.2729719	35.937435
29.068475	30.4007781	33.8526625
28.6143825	29.9258744	33.323835
22.4632756	23.49284	26.1603581
21.6265906	22.6178081	25.1859681
21.4087325	22.3899644	24.932255
22.156345	23.1718444	25.8029113
22.0947625	23.1074381	25.7311937
22.2558825	23.2759437	25.9188306
22.44587	23.4746388	26.1400869
23.0249506	24.0802619	26.8144775
23.1053281	24.1643237	26.9080794
25.3174794	26.4778613	29.484315
28.14346	29.4333688	32.7754063
35.6667181	37.3014412	41.5368675
48.6726163	50.9034437	56.6833194
72.0319369	75.3333988	83.8871975
115.841626	121.151036	134.907219
1369.57724888828	1377.27774888828	1397.22907988828
153.819681	160.869744	179.135856
103.788602	108.545579	120.870494
62.8596225	65.7406875	73.2052725
44.2508194	46.27898	51.5337694
33.5496737	35.0873663	39.0713937
28.19072	29.4827944	32.8304438
24.4573813	25.5783438	28.4826606
23.3830419	24.4547656	27.2315038
19.3393669	20.225755	22.5223056
18.9218044	19.7890544	22.03602
18.410905	19.2547375	21.4410344
18.4642219	19.3104981	21.503125
18.7029225	19.5601419	21.7811137
18.7181606	19.576075	21.7988594
18.9615025	19.8305706	22.08225
19.7526825	20.6580125	23.0036462
20.8043712	21.7579056	24.2284262
22.7654681	23.8088831	26.5122856
26.58034	27.7986031	30.9550219
33.7511725	35.2980994	39.306055
43.9605219	45.9753769	51.1956925
71.6780213	74.9632625	83.4750375
118.726056	124.167678	138.266406
3157.63508467316	3165.90075367316	3187.31635367316
2411.38897511141	2419.40381211141	2440.16957511141
107.294547	112.212211	124.953459
64.2018294	67.14441	74.7683825
42.6714856	44.62726	49.6945031
31.7855763	33.2424137	37.0169537
25.4155944	26.5804744	29.5985788
22.2032331	23.2208781	25.857515
20.724525	21.6743994	24.1354369
18.3467838	19.1876787	21.3663606
17.4216419	18.2201331	20.288955
16.9848806	17.763355	19.7803113
17.0526231	17.8342019	19.8592031
17.3395988	18.1343306	20.1934087
18.2124244	19.04716	21.2098869
19.7133788	20.6169063	22.9578731
23.7034506	24.7898587	27.6046456
29.4203594	30.7687906	34.2624613
43.3952869	45.3842344	50.5374288
61.799175	64.6316344	71.9702919
101.847188	106.515182	118.609536
116.323429	121.654907	135.468327
69.6084494	72.798835	81.0648475
44.2724356	46.3015888	51.558945
30.1315006	31.5125263	35.0906444
23.2808488	24.3478869	27.1124869
19.9907306	20.9069719	23.2808719
18.3252025	19.1651069	21.341225
17.3471331	18.1422087	20.2021812
17.0762069	17.8588637	19.8866644
17.80812	18.6243238	20.7390381
20.0361756	20.9544981	23.3337956
26.172515	27.3720888	30.4800769
37.2045962	38.9098044	43.3278531
50.4389263	52.7507081	58.7403356
60.2497456	63.01119	70.1658537
42.8513106	44.8153263	49.9039238
27.8802594	29.1581025	32.4688881
21.4587312	22.4422556	24.9904819
20.5678419	21.510535	23.9529688
19.5283344	20.4233825	22.742375
21.9062156	22.9102513	25.5116162
28.62547	29.93747	33.3367469
31.5742988	33.0214525	36.7709025
26.6038419	27.8231844	30.9823944
23.6152694	24.697635	27.5019494
