#?RADIANCE
genskyvec -m 1
NROWS=146
NCOLS=1
NCOMP=3
FORMAT=ascii

16.4579431	17.2122656	19.1666469
26.2877931	27.4926494	30.6143269
25.3845844	26.5480438	29.5624644
25.3910381	26.5547919	29.56998
25.6167187	26.7908181	29.8328031
25.824145	27.0077519	30.0743719
28.2788444	29.5749575	32.9330738
31.520935	32.9656419	36.7087569
36.9577062	38.6516019	43.0403319
44.0946794	46.1156838	51.3519306
54.0034606	56.4786175	62.8915344
62.7066088	65.5806581	73.027075
63.5951419	66.5099163	74.0618463
57.6726987	60.3160275	67.1646656
49.1818063	51.4359694	57.2763137
41.0542775	42.93593	47.8111287
34.4112369	35.9884163	40.0747544
31.0865519	32.5113513	36.2028825
27.0367219	28.2759044	31.4865163
24.797475	25.9340244	28.8787269
25.7211981	26.9000863	29.9544806
24.7394931	25.8733881	28.8112037
26.1782475	27.3780837	30.4867525
25.9044638	27.0917494	30.1679069
28.3931631	29.694515	33.0662056
30.1026625	31.4823669	35.0570613
31.2444281	32.676465	36.3867431
31.6834131	33.1355687	36.8979756
29.6282606	30.9862225	34.5045813
28.7661869	30.084635	33.5006231
27.0019856	28.239575	31.4460638
16.588835	17.3491575	19.3190825
15.0492706	15.7390281	17.52613
16.3597656	17.1095869	19.0523106
16.4732537	17.2282763	19.1844762
18.1372306	18.9685213	21.1223187
19.9712819	20.8866313	23.258225
24.2289031	25.3393938	28.2165794
30.5690912	31.9701756	35.6002569
40.2603962	42.105665	46.88659
52.2016175	54.5941906	60.7931362
65.98386	69.0081181	76.8437069
70.4030338	73.6298369	81.9902006
60.4550856	63.2259431	70.40499
46.5895294	48.7248825	54.2573906
35.5758419	37.2063994	41.431035
26.80042	28.0287706	31.211325
23.628525	24.7115	27.5173887
18.8459544	19.7097269	21.9476869
16.90444	17.6792244	19.6866306
15.4331369	16.1404887	17.9731756
15.3664844	16.0707825	17.8955525
15.8919619	16.6203425	18.5075138
15.3067119	16.0082687	17.8259431
17.4019425	18.1995312	20.2660131
18.2394281	19.0754012	21.2413356
18.9034619	19.76987	22.0146588
17.8665075	18.6853869	20.8070381
18.0650425	18.8930225	21.0382475
17.0683931	17.850695	19.8775669
16.8846544	17.6585325	19.6635869
11.0438804	11.5500556	12.8615181
10.7987696	11.2937112	12.5760669
11.4420306	11.9664556	13.3251975
13.5090119	14.1281756	15.73237
16.3697556	17.1200363	19.0639463
21.88143	22.8843269	25.4827487
31.8921144	33.3538356	37.1410269
51.3334456	53.6862244	59.7820775
78.4827094	82.0798313	91.3996631
1595.38483752048	1599.38843312048	1609.76136412048
59.7791212	62.5189969	69.6177706
34.3812156	35.9570219	40.0397931
22.86312	23.9110131	26.6260087
16.992965	17.7718075	19.7897231
13.8112956	14.444315	16.0844069
12.2291337	12.7896344	14.2418481
11.1080094	11.6171269	12.9362044
11.4586951	11.9838844	13.344605
11.2379111	11.7529819	13.0874856
10.9415631	11.4430506	12.7423631
11.6114794	12.14367	13.5225363
11.7133421	12.2502025	13.6411625
11.0058015	11.5102344	12.8171731
11.2600099	11.7760931	13.1132219
8.90523019	9.31338631	10.370883
9.35736963	9.78624838	10.8974375
10.2102596	10.6782291	11.8906975
11.5678175	12.0980081	13.4716869
15.0347525	15.7238444	17.5092231
18.8260475	19.6889075	21.9245031
29.9838319	31.3580881	34.9186706
50.3366725	52.6437662	58.6212519
2858.51843215707	2862.66167965707	2873.39643315707
4038.6863115226	4043.1289094226	4054.6392864226
54.7563619	57.2660256	63.7683475
31.1582038	32.5862863	36.2863269
22.1617438	23.17749	25.8091975
15.44595	16.15389	17.9880981
12.271535	12.8339794	14.291225
10.573488	11.0581062	12.3137088
9.50555837	9.94122963	11.070015
9.02953794	9.4433915	10.5156497
8.93143769	9.34079469	10.4014045
8.85369662	9.25949087	10.310868
8.91735619	9.32606794	10.3850042
8.98188775	9.39355681	10.4601574
8.81786912	9.22202119	10.2691437
8.94778837	9.3578955	10.4204457
8.19967069	8.57548869	9.54920025
9.04507775	9.45964406	10.5337476
10.6026338	11.0885875	12.3476513
13.8664244	14.5019688	16.1486081
19.5718775	20.4689225	22.7930819
34.3026481	35.8748512	39.9482931
50.955135	53.2905756	59.3415044
47.9925425	50.1921987	55.8913163
31.6100006	33.0587919	36.8124819
19.4085694	20.2981288	22.6028994
13.7970438	14.4294087	16.0678081
10.7738513	11.2676537	12.5470481
9.09296088	9.50972131	10.5895112
8.18002981	8.55494769	9.52632706
7.82573175	8.18441069	9.11371713
7.69817681	8.05100981	8.96516894
7.75860388	8.11420631	9.03554113
7.87170206	8.23248825	9.16725375
8.438768	8.82554444	9.82764912
9.99409363	10.4521564	11.638955
13.61642	14.240505	15.8574569
21.139825	22.1087331	24.6190894
26.1408975	27.3390225	30.4432569
23.2522694	24.3179987	27.0792087
16.4205069	17.1731138	19.12305
11.9213844	12.4677794	13.8834462
9.19390763	9.61529525	10.7070711
8.13372825	8.50652369	9.47240494
7.63863994	7.98874387	8.89583294
7.857277	8.21740225	9.15045463
9.38281187	9.81285725	10.9270662
11.9054581	12.451125	13.8648975
14.9222187	15.6061544	17.3781694
13.9830363	14.6239263	16.2844119
9.92534225	10.3802531	11.5588881
8.72133762	9.12106506	10.1567246
11.0007787	11.50498	12.8113237
