#?RADIANCE
genskyvec -m 1
NROWS=146
NCOLS=1
NCOMP=3
FORMAT=ascii

4.95922419	5.18652181	5.77543012
13.5621744	14.1837756	15.7942812
12.6582178	13.2383862	14.7415494
12.3107981	12.8750438	14.3369525
12.2065362	12.7660037	14.2155312
12.64605	13.2256606	14.7273813
12.5437256	13.1186469	14.6082138
12.4929766	13.0655706	14.5491137
12.6385942	13.2178638	14.7186975
13.1988562	13.8038031	15.3711681
12.1366825	12.692945	14.1341775
12.9303088	13.5229475	15.0584244
12.5297194	13.1039975	14.5919025
12.8051669	13.3920719	14.912685
13.4342056	14.0499406	15.6452537
13.8235381	14.4571169	16.0986638
15.5352106	16.2472394	18.0920469
15.5606575	16.2738531	18.1216831
18.5576994	19.4082581	21.6119875
21.7112331	22.7063313	25.28454
23.5080981	24.5855506	27.37714
29.1494056	30.4854175	33.9469131
63.2508526399628	64.6422445399628	68.2472170399628
31.2288206	32.6601425	36.3685675
26.9552269	28.190675	31.3916125
21.9322406	22.9374688	25.5419244
19.5899944	20.4878687	22.8141838
17.0820494	17.8649756	19.8934713
16.2081538	16.9510287	18.8757481
14.6995425	15.3732719	17.118845
14.0729762	14.7179875	16.3891544
15.5897606	16.30429	18.155575
15.2880081	15.9887094	17.8041613
14.7342606	15.4095794	17.1592744
14.6461513	15.3174313	17.0566637
14.5745838	15.242585	16.9733181
14.6665981	15.3388181	17.0804763
14.4926194	15.1568638	16.8778625
14.4229844	15.0840387	16.7967687
14.49238	15.156615	16.8775875
14.8195769	15.4988069	17.2586344
14.81818	15.4973475	17.2570069
15.0275425	15.7163037	17.5008262
15.2267744	15.9246675	17.7328481
15.9319488	16.6621638	18.5540831
16.8597731	17.6325119	19.6346119
18.3377006	19.1781769	21.3557819
19.5351437	20.4305031	22.7503044
22.3365213	23.3602787	26.0127406
25.5089694	26.6781312	29.7073244
29.1921869	30.53016	33.9967363
33.4388163	34.9714281	38.9422906
96.712739759912	98.473358559912	103.034971059912
72.5918363422565	74.2883132422565	78.6837369422565
31.5488369	32.9948231	36.7412519
27.2879556	28.5386544	31.7791006
24.0972688	25.2017262	28.0632794
21.4009925	22.3818719	24.9232406
19.1346569	20.0116625	22.2839056
17.6302125	18.4382631	20.5318513
16.4480519	17.2019219	19.1551281
16.7000425	17.4654606	19.4485919
16.2828862	17.0291825	18.9627781
15.83893	16.5648819	18.4457556
15.4750481	16.1843212	18.0219838
15.4109206	16.117255	17.9473037
15.3803556	16.0852875	17.911705
15.3994725	16.10528	17.9339694
15.449055	16.1571375	17.9917125
15.7187612	16.4392038	18.3058075
16.0331969	16.7680525	18.6719962
16.6614325	17.4250806	19.4036281
17.8705038	18.6895669	20.8116919
19.62186	20.5211969	22.8512919
21.9364831	22.9419063	25.5468656
25.07469	26.2239456	29.2015662
28.8749131	30.1983456	33.6272462
33.48025	35.01476	38.9905431
36.2964481	37.960035	42.2702419
33.1006231	34.6177356	38.5484375
28.989895	30.3185969	33.7611494
25.1275956	26.2792769	29.2631812
22.1816681	23.1983263	25.8324019
19.7453519	20.6503469	22.9951075
17.9854375	18.80977	20.9455425
17.6798275	18.4901519	20.5896319
16.93833	17.7146719	19.7260994
16.4999181	17.2561637	19.2155313
16.2349863	16.9790894	18.906995
16.0267931	16.7613544	18.6645375
16.01498	16.7489987	18.6507794
16.0729544	16.8096313	18.718295
16.1620931	16.9028537	18.8221031
16.4736512	17.2286913	19.1849406
16.857675	17.6303181	19.6321688
17.6516812	18.4607156	20.5568544
18.8936131	19.7595669	22.0031869
20.0725269	20.9925187	23.3761319
22.3604169	23.3852706	26.0405712
24.9449337	26.08824	29.0504538
27.3146119	28.5665294	31.8101425
29.9822119	31.3563969	34.9167863
31.2495719	32.6818413	36.3927306
30.4591706	31.855215	35.4722444
27.8515981	29.1281287	32.4355081
25.0782081	26.2276275	29.205665
22.2715281	23.2923062	25.9370525
20.29475	21.2249238	23.6349294
18.8137362	19.6760319	21.910165
18.4927831	19.3403694	21.5363881
17.4957775	18.2976669	20.3752925
17.0251937	17.8055156	19.8272587
16.6700619	17.4341056	19.4136769
16.6138737	17.3753419	19.3482406
16.8102281	17.5806956	19.5769119
17.1078481	17.8919581	19.923515
17.9132263	18.7342475	20.8614456
18.9117706	19.7785594	22.024335
20.6111831	21.5558606	24.0034406
22.4074762	23.4344863	26.0953763
24.8965525	26.0376444	28.9941125
27.0860756	28.32752	31.5439944
27.5461237	28.808655	32.07976
26.08793	27.2836281	30.3815713
23.860555	24.9541631	27.7876069
21.6167631	22.60753	25.1745231
19.7623006	20.6680713	23.0148481
18.8670363	19.7317731	21.9722356
18.0598462	18.8875875	21.0321969
17.4560225	18.2560906	20.3289944
17.3830844	18.1798087	20.2440506
17.9241056	18.745625	20.8741144
19.0964169	19.9716681	22.2393706
20.6353244	21.58111	24.0315563
22.3783825	23.4040575	26.0614906
24.3251069	25.4400069	28.3286162
24.1598031	25.2671275	28.1361063
22.5834462	23.61852	26.3003062
20.4897581	21.4288731	23.8620325
19.5775731	20.4748794	22.7997175
18.7943431	19.65575	21.8875806
19.0452819	19.9181906	22.17982
20.1969025	21.1225944	23.5209775
21.4995413	22.4849369	25.0380087
21.27136	22.2462969	24.7722725
19.9436044	20.8576881	23.2259919
