#?RADIANCE
genskyvec -m 1
NROWS=146
NCOLS=1
NCOMP=3
FORMAT=ascii

2.65898213	2.78085206	3.09660644
9.01057375	9.42355806	10.4935641
8.39210975	8.77674787	9.7733115
8.1958265	8.57146812	9.54472363
8.199241	8.57503906	9.54870038
8.59565744	8.98962488	10.0103597
8.59180669	8.98559763	10.0058756
8.60254262	8.99682538	10.0183792
8.691639	9.09000569	10.122139
9.07907831	9.49520263	10.573343
8.25494581	8.63329744	9.61357344
8.71895437	9.11857287	10.1539488
8.30384256	8.68443537	9.67051731
8.35163437	8.73441725	9.726175
8.653792	9.05042431	10.0780626
8.84869406	9.25425931	10.3050426
9.96048394	10.4170055	11.5998142
10.061796	10.5229609	11.7178011
12.1829608	12.7413474	14.1880744
14.6568856	15.3286581	17.0691656
16.4583819	17.2127219	19.1671575
21.29532	22.271355	24.8001744
28.602697222057	29.710217822057	32.579709722057
33.5138197961991	34.7394272961991	37.9148697961991
22.127635	23.1418169	25.7694763
16.9814806	17.7597975	19.7763506
14.5272663	15.1930981	16.9182113
12.2144394	12.7742676	14.2247331
11.2488544	11.7644268	13.1002292
9.97315144	10.4302533	11.6145659
9.40157981	9.83248475	10.9489241
10.136933	10.6015413	11.8053031
9.88938863	10.3426521	11.5170181
9.6318625	10.0733235	11.2171056
9.64174669	10.0836598	11.2286175
9.69872781	10.1432516	11.2949775
9.80182087	10.2510704	11.4150369
9.77588619	10.2239468	11.3848338
9.7612625	10.2086543	11.3678056
9.74933594	10.1961812	11.3539162
9.79614038	10.2451294	11.4084219
9.70451837	10.1493084	11.30172
9.69942863	10.1439859	11.2957944
9.7299575	10.1759137	11.3313456
10.0303972	10.490125	11.6812344
10.5217869	11.0040337	12.2534969
11.4243144	11.9479294	13.3045662
12.3188006	12.8834131	14.3462725
14.1584513	14.8073806	16.4886988
16.4910744	17.246915	19.20523
19.1603169	20.0384981	22.3137869
22.4348331	23.4630962	26.1272331
26.3952644	27.6050475	30.7394856
30.4080753081469	31.6390077081469	34.8282440081469
23.8165237	24.9081125	27.7363275
20.1279325	21.0504619	23.4406562
17.31052	18.10392	20.159545
14.8034931	15.4819856	17.2399013
12.9186675	13.5107725	15.0448656
11.6496706	12.1836144	13.5670131
10.75436	11.2472694	12.5243481
10.5395162	11.0225769	12.2741444
10.2565531	10.7266456	11.9446137
10.0428454	10.5031425	11.6957313
9.96241481	10.4190256	11.6020619
10.0058477	10.4644506	11.652645
10.0355714	10.4955338	11.6872606
10.0277102	10.4873138	11.6781037
9.98180562	10.4393031	11.624645
9.98920119	10.4470387	11.6332569
10.0338385	10.4937225	11.6852413
10.2659188	10.7364394	11.9555194
10.8835025	11.3823294	12.6747463
11.9017275	12.4472244	13.8605569
13.3500044	13.9618806	15.5471925
15.4866625	16.1964681	18.03551
18.1480706	18.979855	21.1349413
21.3695075	22.3489431	24.8865744
23.8514469	24.9446381	27.777
22.6239881	23.6609213	26.3475212
19.7026944	20.605735	22.9454319
16.9395125	17.7159056	19.7274744
14.6528031	15.3243906	17.0644106
12.6904981	13.2721463	14.7791419
11.4347325	11.9588244	13.3167
10.9327794	11.4338637	12.7321325
10.491555	10.9724169	12.2182881
10.2615388	10.7318594	11.9504175
10.168965	10.6350413	11.8426062
10.1320419	10.5964275	11.7996075
10.1411431	10.6059437	11.8102063
10.1433119	10.6082163	11.8127356
10.1400012	10.6047506	11.8088769
10.1912437	10.6583419	11.8685538
10.3067969	10.7791925	12.0031244
10.6439637	11.1318131	12.3957837
11.2698919	11.7864269	13.1247269
11.9502813	12.4980013	13.9170969
13.3676962	13.9803825	15.5677975
15.0437144	15.7332175	17.51966
16.6054269	17.3665075	19.338405
18.4937938	19.341425	21.537565
19.6327031	20.5325356	22.8639187
19.604565	20.5031088	22.8311525
18.0534469	18.8808969	21.0247431
16.1870644	16.9289694	18.8511844
14.1857869	14.8359694	16.5205306
12.7375125	13.3213156	14.8338956
11.7256275	12.2630512	13.6554706
11.2703269	11.7868844	13.1252363
10.68111	11.1706619	12.439045
10.4287656	10.9067506	12.1451687
10.286865	10.7583469	11.9799125
10.2656288	10.736135	11.95518
10.3057025	10.7780462	12.0018481
10.3963569	10.8728569	12.1074262
10.7240419	11.2155619	12.4890431
11.2168869	11.7309944	13.0630006
12.1667812	12.7244262	14.1692331
13.2353219	13.8419394	15.4136344
14.8469031	15.527385	17.2904556
16.3642781	17.1143069	19.0575656
16.9164275	17.691765	19.7005906
16.1327813	16.8722	18.7879694
14.7805044	15.4579419	17.2131275
13.3391844	13.9505625	15.5345913
12.0927406	12.6469894	14.0830044
11.3721656	11.8933919	13.2438375
10.8744863	11.3729006	12.664245
10.561455	11.0455225	12.299695
10.5096675	10.9913587	12.2393838
10.7230012	11.2144694	12.4878287
11.2850181	11.8022481	13.1423462
12.1342437	12.6903969	14.1313375
13.1887994	13.7932863	15.3594569
14.4903131	15.1544513	16.8751775
14.542025	15.2085344	16.9354019
13.69811	14.3259381	15.9525913
12.3472731	12.9131887	14.3794287
11.6664019	12.2011113	13.5864981
11.1825688	11.6951031	13.0230337
11.2761988	11.7930231	13.1320719
11.8946844	12.4398581	13.8523525
12.713255	13.2959456	14.8056456
12.66315	13.2435438	14.747295
11.7976813	12.33841	13.7393844
