#?RADIANCE
genskyvec -m 1
NROWS=146
NCOLS=1
NCOMP=3
FORMAT=ascii

11.3817206	11.9033825	13.2549606
30.0283394	31.4046356	34.970505
29.3750881	30.7214463	34.2097394
29.7431662	31.1063944	34.6383975
31.1383438	32.5655175	36.2631987
34.305515	35.8778506	39.9516331
39.5654356	41.3788494	46.0772488
47.1949219	49.3580206	54.9624231
62.1619912	65.0110806	72.3928219
83.36863	87.1896888	97.0897244
94.70731	99.0480581	110.294547
114.103621	119.333364	132.883182
95.1830975	99.5456562	110.848651
75.0720125	78.5128119	87.4276175
58.9417387	61.6432325	68.64257
45.735485	47.8316944	53.2627856
38.7058925	40.4799113	45.0762394
33.5732831	35.1120581	39.09889
31.2523075	32.6847038	36.3959169
29.5454881	30.899655	34.4081837
30.03294	31.4094506	34.9758644
30.5482813	31.9484088	35.5760206
30.9112131	32.3279769	35.9986862
31.1929931	32.6226706	36.3268413
32.9999631	34.5124594	38.4312081
32.9096331	34.41799	38.3260131
34.0304338	35.5901619	39.6312781
33.3094106	34.8360913	38.791585
32.6104981	34.1051456	37.9776431
31.2120319	32.6425825	36.3490137
30.2791194	31.6669106	35.2625588
23.0780612	24.1358044	26.8763269
21.8443931	22.845595	25.4396181
23.9437994	25.0412231	27.8845512
25.1697462	26.3233587	29.3122681
29.1145475	30.4489625	33.9063169
34.1593494	35.7249862	39.7814137
43.6738462	45.6755625	50.861835
60.2046769	62.9640538	70.1133656
88.2699356	92.3156356	102.797691
124.795419	130.515212	145.334681
144.755825	151.390481	168.580244
120.797756	126.334325	140.679056
85.87549	89.8114437	100.009166
58.9725962	61.6755038	68.6785044
43.6678638	45.6693069	50.85487
33.1885775	34.7097212	38.6508662
29.8748881	31.2441544	34.7918
24.7500225	25.8843969	28.823465
23.1136494	24.1730231	26.9177725
21.826215	22.8265813	25.418445
22.0799113	23.0919056	25.7138963
22.9254187	23.976165	26.6985613
22.2047762	23.2224956	25.8593144
24.4385406	25.5586388	28.4607194
25.1965544	26.3513963	29.3434887
25.6413712	26.8166019	29.8615156
24.2576369	25.3694437	28.25004
24.2678981	25.3801763	28.2619925
23.1924038	24.2553869	27.0094869
23.1395787	24.2001438	26.9479725
16.4874013	17.2430731	19.2009538
16.4086706	17.1607313	19.1092631
17.8222725	18.6391263	20.7555225
21.9016206	22.9054444	25.5062631
28.2469581	29.5416106	32.89594
41.3598606	43.25552	48.1670063
66.7644706	69.8245069	77.7527925
976.370579381102	981.830693381102	995.977391381102
3202.05752589333	3209.98451389333	3230.52263889333
112.773396	117.942183	131.334022
66.0238437	69.0499344	76.8902706
38.9196619	40.7034787	45.3251913
27.0713906	28.3121625	31.5268925
21.1343019	22.1029587	24.6126587
18.336405	19.1768219	21.3542725
17.1251787	17.9100812	19.9436994
16.2171375	16.9604225	18.8862075
17.0346062	17.8153587	19.83822
16.7579813	17.5260525	19.5160638
16.2429888	16.9874575	18.9163138
17.0071844	17.7866806	19.806285
17.0340344	17.81476	19.8375525
16.0818319	16.8189163	18.7286356
16.4774062	17.23262	19.1893125
13.3264369	13.9372312	15.5197481
14.1388562	14.7868863	16.4658775
15.6586325	16.37632	18.2357844
18.1571087	18.9893087	21.1454669
24.7571581	25.8918606	28.831775
32.1514856	33.6250931	37.443085
52.7577644	55.1758281	61.4408169
83.591035	87.4222875	97.3487344
1406.69160986286	1411.44216686286	1423.75047686286
78.7208256	82.328865	91.6769656
48.7771081	51.0127244	56.8050088
31.03414	32.4565363	36.1418419
23.9241612	25.0206856	27.8616825
18.3122125	19.1515225	21.3261
15.5919119	16.3065412	18.1580812
14.0811931	14.72658	16.3987244
13.30304	13.9127612	15.4924981
13.0671425	13.6660531	15.2177775
13.2037987	13.8089712	15.376925
13.1617894	13.7650388	15.3280012
13.24739	13.8545631	15.4276931
13.3053694	13.9151987	15.4952119
13.0669531	13.6658556	15.21756
13.3126588	13.92282	15.5036994
11.9633438	12.5116638	13.9323125
13.2650412	13.8730225	15.4482456
15.6054969	16.3207487	18.1739
20.8542312	21.81005	24.2864912
29.4320319	30.7809981	34.2760556
44.9088231	46.9671425	52.3000675
53.0346987	55.4654538	61.7633294
41.5254656	43.428715	48.3598675
29.5239631	30.8771456	34.3831175
20.421995	21.3580031	23.7831162
15.7809581	16.5042512	18.3782406
13.4185188	14.0335325	15.6269819
12.1282181	12.684095	14.1243225
11.4496119	11.9743844	13.3340281
11.1677119	11.6795631	13.0057319
11.1449881	11.6557981	12.9792669
11.3136756	11.8322181	13.1757194
11.4797244	12.0058769	13.3690969
11.8220306	12.3638719	13.7677394
13.7458738	14.3758919	16.0082156
18.5327312	19.3821481	21.5829113
26.6119044	27.8316175	30.9917831
28.4791512	29.7844431	33.166345
23.3839606	24.455725	27.2325731
17.5946444	18.4010644	20.4904313
13.8862362	14.5226887	16.1716794
11.6945469	12.2305469	13.6192744
10.8956619	11.3950456	12.6889069
10.6613475	11.1499906	12.4160275
10.9246562	11.42537	12.7226725
12.296945	12.8605556	14.3208181
14.95788	15.64345	17.4196981
17.2968575	18.0896294	20.1436319
15.77413	16.4971125	18.3702913
12.227445	12.7878687	14.2398794
11.3324881	11.8518944	13.1976269
13.4786175	14.0963881	15.6969744
