#?RADIANCE
genskyvec -m 1
NROWS=146
NCOLS=1
NCOMP=3
FORMAT=ascii

24.9658562	26.1101237	29.0748206
34.8902319	36.4893681	40.6325838
33.6449012	35.1869594	39.1822944
32.8373506	34.342395	38.2418337
31.3086031	32.7435806	36.4614781
28.3039312	29.6011938	32.9622881
28.3918588	29.6931512	33.0646881
29.1978569	30.5360906	34.0033387
30.5704125	31.9715544	35.6017937
32.0869025	33.5575488	37.3678725
39.7337662	41.5548962	46.2732844
41.5608656	43.4657381	48.401095
47.4187781	49.5921387	55.2231231
49.59727	51.8704775	57.7601575
49.2627338	51.5206081	57.37056
48.391185	50.6091125	56.3555694
44.5507975	46.5927075	51.8831188
42.3677906	44.3096463	49.3408244
36.8453781	38.5341237	42.9095169
32.4851875	33.9740919	37.83171
31.9169437	33.3798031	37.1699431
28.3032131	29.6004425	32.9614513
28.9456625	30.2723362	33.7096362
27.5844869	28.848775	32.1244356
30.0868113	31.4657906	35.0386006
33.5369	35.0740075	39.0565175
35.8042213	37.4452469	41.6970019
38.5013675	40.2660112	44.8380519
36.6489744	38.3287175	42.6807869
37.2058869	38.9111531	43.3293569
35.5899431	37.2211463	41.4474556
19.2765912	20.1601012	22.4491969
16.8865581	17.6605263	19.6658044
18.0623613	18.89022	21.0351263
16.9878369	17.7664431	19.7837519
17.17455	17.9617163	20.0011969
17.3151731	18.1087844	20.1649619
19.5739963	20.4711375	22.7955506
22.1688556	23.1849269	25.8174813
25.1527912	26.3056275	29.2925231
27.1236644	28.3668312	31.5877694
32.4062813	33.8915681	37.7398156
37.636885	39.3619062	43.83129
42.1210981	44.0516494	49.0535325
43.9803306	45.9960931	51.2187613
41.3897656	43.2867956	48.2018344
35.9408738	37.5881638	41.8561469
32.7138963	34.2132837	38.0980625
26.811385	28.04024	31.2240956
23.134605	24.1949387	26.9421762
20.03928	20.9577475	23.3374138
18.4053106	19.2488869	21.4345187
17.4365719	18.2357463	20.3063412
15.8846363	16.6126813	18.4989831
17.4095575	18.2074956	20.2748812
18.2391269	19.075085	21.2409831
19.3136875	20.1988969	22.4924013
18.8246981	19.687495	21.9229306
19.8495381	20.7593087	23.1164431
19.2446613	20.1267069	22.4120125
19.4584694	20.3503162	22.6610119
11.8184931	12.360175	13.7636206
11.3090044	11.8273344	13.17028
11.4882225	12.0147637	13.3789919
12.6739906	13.2548813	14.7599188
13.9480581	14.5873437	16.2436769
16.1789006	16.9204319	18.8416794
19.345995	20.2326856	22.5300244
24.2911312	25.4044744	28.2890475
30.6951138	32.1019712	35.74702
42.07752	44.0060744	49.0027819
52.1825956	54.574295	60.7709831
47.1596431	49.3211275	54.9213381
35.8989131	37.5442787	41.8072781
27.2586675	28.5080212	31.7449906
21.0858519	22.0522837	24.5562325
17.4427025	18.2421606	20.313485
14.3867925	15.0461869	16.7546219
13.3777362	13.9908819	15.5794894
12.1026831	12.6573887	14.0945838
11.4256725	11.9493488	13.3061494
11.8635275	12.4072731	13.8160663
12.0836337	12.6374675	14.0724006
11.6072731	12.1392744	13.5176362
12.0913931	12.6455825	14.0814356
9.48417056	9.91886056	11.0451075
9.77770488	10.2258499	11.3869537
10.2793849	10.7505225	11.9711994
11.0869906	11.5951444	12.9117263
12.9221994	13.514465	15.0489781
14.5838725	15.2522981	16.984135
18.5107712	19.3591812	21.5573381
24.8622662	26.0017856	28.9541819
38.1809125	39.9308719	44.4648575
60.4098238	63.1786063	70.3522781
2720.94790908513	2725.25914718513	2736.42923168513
80.3121388	83.9931113	93.5301844
49.5890538	51.8618856	57.7505887
28.5425706	29.8507694	33.2402031
20.5215512	21.4621231	23.8990612
16.6329256	17.3952681	19.3704281
13.7567388	14.3872569	16.0208712
11.9786762	12.5276994	13.9501675
10.7456887	11.2381988	12.5142487
10.0116211	10.4704875	11.6593681
9.69823475	10.1427362	11.2944025
9.61139481	10.0519173	11.1932712
9.45801844	9.89151056	11.0146519
9.55613906	9.99412894	11.1289206
9.16172106	9.58163306	10.6695881
9.76305944	10.210533	11.3698975
10.8958856	11.3952806	12.6891688
12.7823919	13.3682525	14.8861637
15.7071625	16.4270731	18.2923006
24.0166869	25.1174506	27.9694338
39.8125669	41.6373088	46.3650563
2928.15171859901	2932.76806159901	2944.72860059901
4972.41173454864	4977.59658454864	4991.03012954864
51.154865	53.4994631	59.5741056
28.190615	29.4826831	32.8303206
18.5783963	19.4299063	21.6360925
14.0755925	14.7207231	16.3922025
11.42824	11.9520337	13.3091362
10.1919622	10.6590938	11.8693881
9.35327325	9.78196463	10.8926675
8.9792425	9.39079094	10.4570762
8.94707156	9.35714519	10.4196112
9.94823106	10.4041918	11.5855444
11.3436344	11.8635513	13.2106094
13.93817	14.5770019	16.2321619
19.8637775	20.7742006	23.1330256
31.4565356	32.8982919	36.6337581
49.006615	51.2527506	57.0722912
36.7252819	38.4085219	42.7696525
22.1412913	23.1560994	25.7853794
14.6588819	15.3307444	17.0714887
11.7056912	12.2421988	13.6322512
9.90334975	10.3572521	11.5332756
9.81259931	10.262343	11.42759
12.0131737	12.5637756	13.9903412
14.7942544	15.4723225	17.2291412
20.7204775	21.670165	24.1307225
23.6481194	24.7319894	27.5402075
15.0649094	15.7553837	17.5443431
12.1363256	12.6925744	14.1337644
15.3776281	16.0824356	17.9085287
