#?RADIANCE
genskyvec -m 1
NROWS=146
NCOLS=1
NCOMP=3
FORMAT=ascii

1.50692931	1.57599681	1.75494481
8.69918225	9.09789456	10.1309223
8.13948444	8.51254394	9.47910756
7.91784425	8.28074531	9.22098981
7.86914081	8.22980962	9.16427031
8.18408631	8.55919	9.5310505
8.07326363	8.44328819	9.40198963
8.06020556	8.42963156	9.38678169
8.11850825	8.49060619	9.45468044
8.55231525	8.944296	9.95988512
7.81169956	8.1697355	9.09737544
8.37241875	8.75615425	9.75037944
8.01545625	8.382831	9.33466713
8.060078	8.42949812	9.38663375
8.27715263	8.656522	9.639435
8.33130656	8.71315794	9.70250156
9.26078988	9.68524244	10.7849614
9.34362831	9.77187787	10.8814334
11.744214	12.2824884	13.6771156
15.92114	16.6508581	18.5414944
21.2507806	22.2247744	24.748305
35.4328537	37.0568581	41.2645119
80.4007054035837	82.8128367035837	89.0624573035837
149.842008805498	152.992523205498	161.155232605498
47.62063	49.8032419	55.4581963
26.709655	27.9338463	31.1056212
18.0223444	18.8483675	20.9885231
13.0706309	13.6697006	15.2218375
11.0837901	11.5917955	12.9079974
9.54370769	9.98112719	11.1144432
8.99701644	9.40937962	10.4777762
9.35352481	9.782228	10.8929606
9.05742069	9.472552	10.5481206
8.95416156	9.36456037	10.4278669
8.88869706	9.29609525	10.35163
8.83653806	9.24154569	10.290885
8.79527956	9.19839619	10.2428369
8.83261175	9.23743962	10.2863125
8.86117562	9.26731269	10.3195775
8.85859881	9.26461763	10.3165775
8.78830012	9.191097	10.2347081
8.83738025	9.24242656	10.2918662
8.88091925	9.28796119	10.3425706
9.01511331	9.42830544	10.4988506
9.13654306	9.55530106	10.6402662
9.41243319	9.84383556	10.961565
10.0325413	10.4923662	11.6837312
10.987345	11.4909331	12.7956806
12.7872906	13.3733738	14.891865
16.4098825	17.1620031	19.1106769
21.6826013	22.6763856	25.2511969
30.7098113	32.1173412	35.7641362
45.008625	47.0715194	52.4162981
69.7841484658225	71.9819584658225	77.6762909658225
40.6286269	42.4907706	47.3154244
28.0584663	29.3444775	32.6764237
20.3711281	21.3048037	23.7238762
14.8125238	15.4914294	17.2504194
12.0364663	12.5881356	14.0174675
10.546745	11.0301387	12.2825644
9.80712531	10.2566177	11.4212156
8.67897025	9.07675612	10.1073839
8.38452706	8.76881763	9.76448106
8.23741863	8.61496688	9.59316106
8.29853244	8.67888137	9.66433313
8.26558519	8.6444245	9.62596294
8.27399131	8.65321544	9.63575263
8.26942181	8.64843663	9.63043131
8.29973237	8.68013644	9.66573025
8.20541181	8.58149287	9.55588638
8.34217319	8.72452262	9.71515631
8.44930869	8.83656862	9.83992469
8.82964381	9.2343355	10.2828568
9.41964394	9.85137756	10.9699606
10.4784649	10.9587271	12.2030469
12.9152944	13.507245	15.0409375
17.0665506	17.8487656	19.8754188
23.4306738	24.5045781	27.2869725
31.0545244	32.4778569	36.1655856
28.5236156	29.8309456	33.2181275
21.1254031	22.0936506	24.6022925
16.1933837	16.9355806	18.8585456
12.6587212	13.2389125	14.7421381
10.2023656	10.6699719	11.8815038
9.28331413	9.70879869	10.8111925
7.94986988	8.31423862	9.2582865
7.74909937	8.10426612	9.02447231
7.5501295	7.89617681	8.79275512
7.53913406	7.88467762	8.77995038
7.55872612	7.90516769	8.802767
7.52849488	7.87355081	8.76756019
7.49925544	7.84297106	8.73350831
7.55528512	7.90156875	8.79875956
7.54742069	7.89334375	8.78960087
7.64451406	7.9948875	8.90267419
7.762865	8.11866287	9.04050394
7.95641181	8.32108037	9.26590506
8.3950015	8.77977225	9.77667956
9.44783869	9.88086419	11.0027969
10.9805284	11.4838044	12.7877431
12.6235675	13.2021469	14.7011969
15.3765119	16.0812656	17.9072294
17.5030638	18.3052869	20.3837769
18.0005225	18.8255469	20.9631094
15.5821681	16.2963525	18.1467356
12.9558988	13.5497094	15.0882244
10.6129089	11.0993337	12.3596181
9.21267806	9.63492619	10.7289339
8.56136744	8.95376319	9.97042694
7.42951056	7.77002956	8.65228462
7.16309556	7.49140394	8.34202231
7.00022388	7.32106738	8.15234462
7.00145819	7.32235825	8.15378194
6.99340587	7.31393681	8.14440438
6.97540838	7.29511419	8.12344475
7.03904569	7.36166837	8.19755569
7.18666925	7.51605794	8.36947569
7.36509537	7.70266212	8.57726781
7.85792638	8.21808106	9.1512105
8.37828888	8.76229363	9.75721612
9.76661781	10.2142543	11.3740413
11.3172281	11.8359356	13.1798581
12.0248988	12.5760413	14.0039975
11.1795684	11.6919663	13.01954
9.88650906	10.3396406	11.5136656
8.78771537	9.19048612	10.2340281
7.90849644	8.270969	9.2101035
7.03830313	7.36089187	8.19669063
6.73945425	7.04834569	7.84865644
6.66661456	6.9721675	7.76382856
6.68243787	6.98871606	7.78225594
6.70621213	7.01357987	7.809943
6.91040956	7.22713656	8.04774831
7.32264513	7.65826625	8.52783087
7.88190869	8.24316263	9.17913994
8.84481819	9.2502055	10.3005291
8.92132825	9.33022206	10.3896311
8.412028	8.79757906	9.79650869
7.46421244	7.80632188	8.69269775
6.83977519	7.15326475	7.96548862
6.60244444	6.90505625	7.68909694
6.635717	6.93985394	7.72784575
6.92429156	7.24165494	8.06391506
7.30007994	7.63466681	8.50155194
7.331753	7.66779113	8.53843769
6.79276138	7.104096	7.91073687
