#?RADIANCE
genskyvec -m 1
NROWS=146
NCOLS=1
NCOMP=3
FORMAT=ascii

9.31047481	9.73720437	10.8428256
28.2948075	29.5916513	32.9516625
27.1752975	28.4208312	31.6479006
26.81088	28.0397106	31.2235056
26.9059631	28.1391519	31.3342369
27.9467856	29.2276806	32.5463637
27.7462288	29.01793	32.3127975
27.7192856	28.9897531	32.2814181
27.7904781	29.0642087	32.3643287
28.8803825	30.2040656	33.6336156
26.7459162	27.9717694	31.1478494
28.2897844	29.5863994	32.9458125
27.4882638	28.74814	32.0123744
28.185565	29.4774044	32.8244431
29.853045	31.2213094	34.7663613
31.6396556	33.0898044	36.8470175
37.8263213	39.5600287	44.0519075
40.1639681	42.004815	46.7742894
54.7484425	57.2577444	63.7591275
76.7345019	80.2514963	89.36372
90.0455819	94.1726694	104.865591
120.578964	126.105511	140.424262
107.792556	112.733046	125.533426
98.7915806	103.319526	115.051028
73.5931531	76.9661675	85.7053625
51.9000263	54.2787763	60.4419088
42.2310469	44.1666356	49.1815775
35.008345	36.6128925	40.7701356
32.5661131	34.0587262	37.9259531
29.584345	30.9402944	34.4534362
28.7954706	30.1152638	33.5347275
30.3550944	31.7463675	35.3510388
29.72549	31.0879081	34.6178119
29.5716325	30.9269988	34.4386319
29.5651794	30.9202506	34.4311175
29.5748544	30.9303663	34.4423831
29.51181	30.8644331	34.3689637
29.6644531	31.0240744	34.54673
29.7219744	31.0842313	34.6137169
29.6340244	30.9922488	34.5112925
29.4459688	30.7955737	34.2922869
29.7562394	31.120065	34.6536213
30.3290306	31.7191113	35.3206863
31.5158188	32.9602937	36.7028012
33.5803894	35.1194875	39.1071631
36.87632	38.5664837	42.9455506
43.5535119	45.5497131	50.7216956
51.5922962	53.9569412	60.0835319
69.2196862	72.3922519	80.6120969
98.4270306	102.938262	114.62647
140.238663	146.666281	163.319637
445.203306865927	453.837599865927	476.208318865927
183.352425	191.756075	213.529175
137.328869	143.623106	159.930912
92.4592769	96.6969925	107.676537
67.4411594	70.53221	78.5408525
52.9295312	55.3554669	61.6408519
42.75819	44.7179388	49.7954781
36.6744919	38.3554044	42.7105044
33.29176	34.8176325	38.7710306
31.4433206	32.8844713	36.6183688
28.94851	30.2753138	33.7129519
28.0698975	29.3564338	32.6897375
27.6214687	28.8874506	32.1675038
27.8566575	29.13342	32.4414006
27.8191881	29.0942325	32.3977637
27.8748181	29.1524131	32.4625506
27.8920213	29.1704044	32.4825856
28.1054619	29.3936294	32.7311544
28.1926963	29.4848612	32.8327463
29.4866613	30.8381313	34.339675
31.3927369	32.8315688	36.5594581
36.24995	37.9114056	42.21609
44.39191	46.4265387	51.6980806
58.3923206	61.0686331	68.0027269
86.3901969	90.3497444	100.608592
135.233025	141.431188	157.490113
649.490787599535	659.747756599535	686.322662599535
472.865053169036	481.881059169036	505.240797169036
111.917904	117.047475	130.337731
74.8377475	78.2678106	87.1548012
52.9988681	55.4279794	61.7216012
41.5519506	43.456415	48.3907119
34.2845925	35.8559688	39.9272669
30.950725	32.3692987	36.0447012
27.6026369	28.8677556	32.1455719
26.5997312	27.8188838	30.9776031
25.8481019	27.0328056	30.1022694
25.7243937	26.9034287	29.9582013
25.7620069	26.9427644	30.0020062
25.7129587	26.8914681	29.9448844
25.7799519	26.9615319	30.0229038
26.2430037	27.4458063	30.5621631
26.8931275	28.1257294	31.3192919
28.1946156	29.4868675	32.8349806
30.6757956	32.0817694	35.7245219
35.0227725	36.6279825	40.7869388
40.9314706	42.8074944	47.6681106
55.4408356	57.9818725	64.5654769
77.1994137	80.7377175	89.9051494
101.985724	106.660081	118.770889
134.885644	141.067881	157.085575
131.324987	137.344063	152.938913
97.5005163	101.969293	113.547481
68.4998737	71.6394506	79.773815
50.8563956	53.1873119	59.2265144
39.2281556	41.0261131	45.6844581
33.199995	34.7216612	38.6641644
30.0228987	31.3989487	34.9641706
27.20298	28.4497806	31.6801394
25.5014475	26.6702637	29.6985631
24.6942338	25.8260538	28.7584956
24.4934875	25.6161044	28.5247094
24.5711506	25.6973269	28.6151531
25.05491	26.2032613	29.1785325
26.0438313	27.2375063	30.3302137
28.6516137	29.9648119	33.3671944
32.1511681	33.6247644	37.4427163
39.9469625	41.7778631	46.5215694
49.2593488	51.5170669	57.3666181
68.4148681	71.5505475	79.6748194
85.5559988	89.4773169	99.637105
77.8999037	81.4703144	90.720935
59.8649019	62.6087069	69.7176694
44.6475275	46.6938731	51.99577
35.3916594	37.0137756	41.2165406
30.0144987	31.3901619	34.9543869
26.9776575	28.2141319	31.4177325
25.2449262	26.401985	29.3998213
24.4861731	25.6084538	28.51619
24.7791756	25.9148862	28.8574156
26.2219925	27.4238331	30.5376975
30.1542206	31.5362887	35.1171044
36.6808625	38.3620675	42.7179244
44.9158325	46.9744738	52.3082337
55.1089275	57.6347513	64.1789406
49.6358494	51.9108256	57.8050856
38.9737238	40.7600169	45.3881513
31.0716963	32.4958175	36.1855837
28.4614975	29.7659812	33.1457869
26.6651337	27.8872844	31.0537725
27.9450525	29.2258663	32.544345
32.4210581	33.9070231	37.7570269
36.3603131	38.0268263	42.344615
34.2394694	35.8087781	39.8747194
30.0307788	31.4071887	34.9733475
