#?RADIANCE
genskyvec -m 1
NROWS=146
NCOLS=1
NCOMP=3
FORMAT=ascii

12.9441462	13.5374206	15.0745387
30.5694538	31.97055	35.6006775
29.9592413	31.3323756	34.8900375
30.2909238	31.6792556	35.2763069
31.5056212	32.9496281	36.6909237
34.1300838	35.6943781	39.7473294
38.7239013	40.498745	45.0972125
45.4368556	47.5193762	52.9150063
58.1919869	60.8591194	67.7694213
76.3012637	79.7984013	88.8591812
87.4748631	91.4841344	101.871771
105.910745	110.764985	123.341883
92.4501256	96.6874194	107.665885
75.4374919	78.8950406	87.8532606
60.3232212	63.088035	70.2514213
47.3076119	49.4758763	55.09366
40.0237981	41.8582206	46.6110506
34.8625825	36.4604506	40.6003856
32.1530669	33.6267475	37.4449281
30.1891038	31.5727713	35.1577287
30.6684494	32.0740862	35.7159681
30.8490556	32.26297	35.9262987
31.2354819	32.6671075	36.3763231
31.3110963	32.7461875	36.4643825
33.1342575	34.6529081	38.5876056
33.1975744	34.7191294	38.6613438
34.3392025	35.9130812	39.990865
33.7825606	35.3309256	39.3426094
32.9987794	34.5112212	38.42983
31.7318575	33.1862344	36.9543956
30.7880788	32.1991988	35.8552856
22.81209	23.8576431	26.5665806
21.4625056	22.4462019	24.9948763
23.5508831	24.6302975	27.4269681
24.5308312	25.6551613	28.5681988
27.9869687	29.2697031	32.5931575
32.2588125	33.7373406	37.5680763
40.7286519	42.59538	47.4319125
54.9603225	57.4793363	64.0058787
78.4946775	82.0923437	91.4135931
108.299655	113.263389	126.123987
129.431494	135.36375	150.733775
115.863112	121.1735	134.932256
85.802345	89.7349538	99.9239875
60.0361131	62.7877675	69.9170594
44.5889875	46.6326488	51.927595
33.7491381	35.2959731	39.3036862
30.3095169	31.6987006	35.2979594
24.8558187	25.9950425	28.9466744
23.0477719	24.1041256	26.8410531
21.588	22.5774481	25.1410256
21.7353131	22.7315162	25.3125856
22.480725	23.5110912	26.18068
21.6284825	22.6197875	25.1881731
23.8716356	24.9657519	27.8005094
24.6241831	25.7527906	28.6769144
25.1089025	26.2597281	29.2414131
23.7434612	24.8317025	27.6512394
23.8510419	24.9442144	27.7765281
22.820265	23.8661906	26.5761006
22.8347594	23.8813519	26.5929825
15.8727525	16.600255	18.4851425
15.72349	16.44415	18.3113156
16.9813388	17.7596487	19.776185
20.7136906	21.6630669	24.1228194
26.28685	27.4916631	30.6132306
37.7129	39.441405	43.9198156
59.5102969	62.23785	69.3047025
103.519735	108.264387	120.557367
2934.91806965783	2942.13108865783	2960.81936365783
1319.71927035461	1325.00373635461	1338.69532735461
67.9919962	71.1082944	79.1823494
39.7402462	41.5616713	46.2808306
27.3031	28.5544919	31.7967388
21.0419712	22.0063944	24.5051306
18.0574025	18.8850325	21.0293506
16.7131006	17.4791181	19.4638
15.6614944	16.3793131	18.2391156
16.4081862	17.1602294	19.1087025
16.0442319	16.77959	18.6848456
15.4951606	16.2053544	18.0454056
16.2711206	17.01688	18.9490763
16.3314275	17.0799506	19.01931
15.4172369	16.1238588	17.9546594
15.865405	16.59257	18.4765881
12.5799931	13.1565762	14.6504506
13.3304375	13.9414144	15.5244063
14.6726838	15.3451806	17.0875613
16.9334237	17.7095394	19.720385
22.8825781	23.9313637	26.6486731
29.5164281	30.869265	34.3743431
48.3396694	50.5552344	56.2955763
78.2639306	81.8510281	91.1448806
2296.83853932434	2301.77032532434	2314.54809732434
83.3985363	87.2209725	97.1245556
50.7402406	53.0658331	59.0912425
31.5871913	33.0349375	36.7859194
24.0014825	25.10155	27.9517275
18.0576156	18.8852569	21.0295994
15.1762919	15.8718712	17.6740575
13.5622781	14.1838825	15.7944044
12.6980231	13.2800156	14.7879081
12.3972419	12.9654488	14.4376213
12.4789656	13.0509181	14.532795
12.4077431	12.9764313	14.4498519
12.4874225	13.0597619	14.542645
12.5611194	13.1368362	14.62847
12.3384569	12.9039694	14.3691619
12.5988131	13.1762588	14.6723681
11.1537781	11.6649912	12.9895063
12.3505063	12.91657	14.3831931
14.4885144	15.1525694	16.8730825
19.3383544	20.2246956	22.5211281
27.4062294	28.6623475	31.9168406
43.2337619	45.2153056	50.3493194
53.343645	55.7885606	62.1231237
42.71159	44.6692025	49.7412087
29.9245925	31.2961375	34.8496844
20.2464475	21.1744087	23.5786763
15.3383	16.0413044	17.8627281
12.8656612	13.4553369	14.9831369
11.4966662	12.0235975	13.3888262
10.7488694	11.2415275	12.5179562
10.431395	10.9094994	12.1482275
10.38962	10.8658106	12.0995775
10.5527462	11.0364137	12.2895538
10.71033	11.20122	12.4730706
10.9645144	11.4670525	12.7690906
12.7622713	13.3472087	14.8627288
17.3095406	18.1028944	20.1584031
25.3749875	26.5380069	29.5512906
27.8374838	29.1133662	32.4190713
23.0840719	24.1420906	26.8833288
17.1390531	17.9245937	19.9598556
13.2931038	13.90237	15.4809269
11.0204213	11.525525	12.8341994
10.1675366	10.6335488	11.8409456
9.89880969	10.3525063	11.5279894
10.1287203	10.5929544	11.7957419
11.4333375	11.9573638	13.315075
14.0273563	14.6702762	16.3360269
16.48634	17.2419631	19.1997188
15.097055	15.789005	17.5817794
11.4795556	12.0057025	13.3689006
10.5479968	11.0314456	12.2840213
12.6579837	13.2381425	14.7412794
