#?RADIANCE
genskyvec -m 1
NROWS=146
NCOLS=1
NCOMP=3
FORMAT=ascii

23.3133044	24.3818319	27.1502863
36.8514694	38.5404931	42.9166088
38.7124056	40.4867225	45.0838244
39.9630175	41.7946569	46.5402669
40.4796825	42.3350006	47.1419662
38.6702219	40.4426062	45.0346969
37.6155744	39.3396194	43.8064719
36.8145987	38.501935	42.8736725
34.3598056	35.9346294	40.0148606
32.6911969	34.1895437	38.071625
35.6941725	37.3301538	41.5688419
34.1894137	35.7564281	39.8164231
36.9889756	38.6843019	43.0767462
39.2169856	41.0144306	45.6714512
41.9180506	43.8392937	48.8170662
47.5478631	49.7271375	55.3734506
54.8647206	57.3793531	63.8945419
59.39867	62.1211081	69.1747062
66.5266419	69.5757769	77.4758206
68.8953269	72.0530294	80.234355
65.7669431	68.78126	76.5910894
60.58001	63.3565919	70.5504731
52.65164	55.0648387	61.3172262
46.218825	48.3371863	53.8256769
42.0993944	44.0289481	49.0282556
38.0441937	39.7878844	44.305635
36.4440938	38.1144475	42.4421856
35.7309256	37.3685919	41.6116419
34.47731	36.0575219	40.1517044
34.8599563	36.4577031	40.5973275
35.5110775	37.1386675	41.3556106
24.3764169	25.49367	28.38837
22.9994556	24.0535963	26.7847844
25.35855	26.5208169	29.5321456
24.7411238	25.8750913	28.8131019
24.4749925	25.5967644	28.5031738
23.0041663	24.0585219	26.7902706
24.2625963	25.3746313	28.2558187
24.4533438	25.5741206	28.4779575
23.6860381	24.7716494	27.5843687
21.8222056	22.8223881	25.4137781
23.6711306	24.7560569	27.5670063
25.5761694	26.7484081	29.7855825
29.6928969	31.0538188	34.5798537
34.2260894	35.7947856	39.8591362
39.78423	41.6076744	46.332055
49.4907256	51.7590506	57.6360775
59.1367144	61.8471438	68.8696338
69.5316287	72.7184919	80.9753781
72.5713656	75.8975525	84.5154081
67.6446269	70.745005	78.77781
57.7274381	60.3732756	67.228415
46.9297281	49.0806744	54.6535825
37.3928375	39.1066744	43.5470775
32.6545913	34.15126	38.0289956
28.8552375	30.1777694	33.6043319
26.7200394	27.9447087	31.1177156
24.0102631	25.1107325	27.961955
23.6284944	24.7114669	27.517355
22.9277963	23.9786519	26.7013287
23.5366662	24.6154281	27.4104106
16.4993275	17.2555475	19.2148438
15.9525106	16.6836681	18.5780275
16.0046263	16.7381712	18.6387219
16.9380837	17.7144131	19.7258125
16.7588269	17.5269381	19.51705
16.7876387	17.5570725	19.5506063
17.0156	17.7954825	19.8160837
17.908795	18.7296138	20.8562863
18.7592619	19.6190613	21.8467244
22.17916	23.1957037	25.8294819
26.6166856	27.8366163	30.9973506
36.5711456	38.2473225	42.5901494
51.7754619	54.1485006	60.2968419
73.0343688	76.3817756	85.0546137
89.6734956	93.7835212	104.432274
82.3138137	86.0865294	95.8612931
58.22888	60.8977025	67.8123875
42.84856	44.8124513	49.9007219
30.436445	31.8314456	35.4457762
24.2337263	25.3444375	28.222195
20.5951706	21.5391137	23.9847925
18.5064825	19.354695	21.55234
16.746915	17.5144813	19.5031788
16.6678581	17.4318006	19.41111
13.5625638	14.1841806	15.7947362
13.441245	14.0573025	15.65345
13.1963575	13.8011906	15.3682581
13.3223712	13.9329781	15.5150106
13.6529612	14.2787225	15.9000125
13.7940487	14.4262756	16.06432
14.427615	15.0888819	16.8021619
15.7427562	16.4642975	18.3337506
17.8566744	18.675105	20.7955881
21.0715131	22.0372887	24.5395338
27.2602706	28.5096994	31.7468594
38.9255869	40.7096756	45.3320931
54.1026212	56.5823213	63.0070125
92.3368944	96.5690013	107.534016
3362.89103155527	3369.00148155527	3384.83304355527
120.047432	125.549612	139.80525
73.9189162	77.306865	86.0847419
47.2348406	49.39977	55.0089131
31.4320031	32.8726369	36.6051906
23.4988237	24.5758525	27.3663394
19.2143044	20.0949594	22.3766606
16.4895194	17.2452875	19.2034175
14.9586187	15.6442225	17.4205594
14.2639706	14.917735	16.6115831
13.0742556	13.6734912	15.2260613
12.5775162	13.1539838	14.6475656
12.4805969	13.0526219	14.5346937
12.7400594	13.3239788	14.8368619
13.3878256	14.0014344	15.5912419
15.2175838	15.915055	17.722145
17.8149175	18.6314331	20.7469581
24.5011731	25.6241419	28.5336581
34.1645619	35.7304363	39.7874831
58.7810656	61.4751944	68.4554531
2572.30743848397	2576.55750598397	2587.56902618397
3920.97313829355	3926.99919029355	3942.61221229355
78.3572875	81.9486575	91.2535931
40.447165	42.3009925	47.1040969
26.8071381	28.0357975	31.2191475
19.4685594	20.3608687	22.67276
15.7704694	16.4932806	18.3660263
13.9965925	14.6381013	16.3001994
13.71358	14.3421169	15.9706044
13.4591756	14.0760537	15.6743306
13.6728913	14.2995644	15.9232206
15.1805694	15.8763437	17.6790381
19.0331262	19.9054769	22.1656638
29.0375275	30.3684131	33.8166206
47.208075	49.3717744	54.9777387
62.7227269	65.5975175	73.0458469
54.13269	56.6137712	63.0420313
31.6292587	33.0789313	36.83491
19.7220362	20.6259625	22.9679594
15.9311644	16.6613425	18.5531706
16.8518263	17.6242012	19.6253581
16.9597206	17.7370413	19.7510081
20.9937525	21.9559638	24.4489738
30.3163706	31.7058694	35.3059412
29.2011812	30.5395675	34.0072106
21.9043994	22.9083487	25.5095
21.5160769	22.50223	25.0572644
