#?RADIANCE
genskyvec -m 1
NROWS=146
NCOLS=1
NCOMP=3
FORMAT=ascii

0.654557038	0.684557544	0.762286256
7.85678225	8.2168845	9.14987813
8.11885244	8.49096637	9.45508075
8.668864	9.06618644	10.0956139
9.94684094	10.4027381	11.5839252
12.7564766	13.3411477	14.8559794
17.0548513	17.8365306	19.8617956
23.3529325	24.4232762	27.1964381
36.8030162	38.4898175	42.8601812
254.224038641398	256.755359241398	263.313786741398
132.299173874965	134.344421974965	139.643476374965
31.8232269	33.2817913	37.0608006
19.86108	20.7713788	23.1298825
14.18025	14.83018	16.5140831
11.2747623	11.7915209	13.1304
9.24465369	9.66836688	10.7661709
8.54292431	8.93447463	9.94894725
7.539398	7.88495344	8.78025806
7.7236445	8.07764469	8.99482825
7.69895687	8.05182556	8.96607738
7.68536756	8.0376135	8.95025138
8.20790862	8.58410431	9.55879394
7.97477894	8.34028963	9.28729569
8.20114425	8.57702956	9.55091587
8.36771212	8.75123219	9.744899
7.906643	8.26903069	9.20794487
8.102969	8.47435512	9.43658344
7.71675519	8.07043963	8.98680494
7.893787	8.25558544	9.1929735
7.54442075	7.89020669	8.78610731
7.68178744	8.033869	8.94608194
7.192073	7.52170938	8.37576862
7.20165775	7.5317335	8.386931
8.21126181	8.587611	9.56269906
9.31947337	9.74661619	10.8533054
11.7681214	12.3074934	13.7049587
14.7735419	15.4506625	17.2050212
20.4436937	21.380695	23.8083838
29.8716044	31.2407175	34.7879744
109.122847119839	110.972113419839	115.763398419839
30.4500594	31.8456844	35.4616325
23.99844	25.0983681	27.9481844
17.3383744	18.1330488	20.1919831
13.5196594	14.1393094	15.74477
10.4265832	10.9044667	12.1426264
8.7352005	9.13556337	10.1728701
7.6630485	8.01427137	8.92425894
7.60102825	7.94940844	8.85203125
6.875001	7.190105	8.00651219
6.85336481	7.16747719	7.98131462
6.74150406	7.05048937	7.85104381
6.92147712	7.23871137	8.06063725
7.19049231	7.52005637	8.37392806
6.98101312	7.30097606	8.12997194
7.42213906	7.76232031	8.64369981
7.52881831	7.87388913	8.76793694
7.52605875	7.871003	8.764723
7.13397813	7.46095212	8.30811262
7.08898625	7.41389787	8.25571544
6.8902255	7.20602713	8.02424219
7.00182969	7.32274694	8.15421469
5.25778238	5.49876375	6.12312619
5.319054	5.56284381	6.19448194
5.9753585	6.24922881	6.95880306
7.794939	8.15220713	9.07785688
10.1867905	10.6536854	11.8633659
14.05774	14.7020544	16.3714106
17.8844631	18.7041675	20.8279475
18.7932237	19.6545794	21.8862756
14.1085569	14.7552	16.4305925
10.7964781	11.2913152	12.5733984
8.33576231	8.71781781	9.70769044
6.68658781	6.99305606	7.78708894
5.74207675	6.00525525	6.68712719
5.18676731	5.42449387	6.040423
5.11298769	5.34733306	5.95450075
5.15117931	5.38727487	5.99897787
5.07801187	5.31075388	5.91376806
5.43531669	5.684435	6.32987944
5.30798469	5.551267	6.18159062
5.07151856	5.30396306	5.90620606
5.25167394	5.49237575	6.11601225
5.22408938	5.46352669	6.08388762
4.92715631	5.15298406	5.73808425
5.10152219	5.33534194	5.941148
3.93794719	4.11843631	4.58606794
4.21230869	4.40537281	4.90558488
4.61000181	4.8212935	5.3687315
5.31283825	5.55634306	6.18724312
6.8100005	7.12212513	7.93081319
7.87477731	8.23570431	9.17083431
9.05484306	9.46985681	10.5451194
9.56087419	9.99908056	11.1344355
8.05470219	8.42387556	9.38037194
6.88025675	7.1956015	8.01263256
5.59319963	5.8495545	6.51374737
4.61903275	4.83073831	5.37924881
4.30590744	4.50326138	5.01458837
4.06036569	4.24646556	4.72863425
3.93921487	4.11976194	4.58754406
3.80030206	3.97448237	4.4257685
3.81033606	3.98497625	4.43745425
3.86698425	4.04422069	4.5034255
3.97903481	4.16140737	4.63391794
3.955213	4.1364935	4.60617538
3.9609375	4.14248044	4.61284206
3.95593431	4.13724788	4.60701531
3.85652225	4.03327937	4.49124188
3.96234769	4.14395531	4.6144845
3.18955513	3.33574294	3.71450294
3.46036219	3.618962	4.02988031
3.80023569	3.97441331	4.42569163
4.5913745	4.80181231	5.3470385
5.29633894	5.53908744	6.16802825
5.47268594	5.72351731	6.37339925
5.25964825	5.50071531	6.12529912
4.47252131	4.67751188	5.20862425
3.89293987	4.07136612	4.53365319
3.47500787	3.63427887	4.04693644
3.14355156	3.28763106	3.66092781
3.13071525	3.27420631	3.64597919
3.12272344	3.26584825	3.63667206
3.08673519	3.22821044	3.59476069
3.0294435	3.168293	3.5280395
3.04399494	3.18351119	3.544986
3.09993956	3.24201994	3.61013813
3.11056269	3.25313013	3.62250975
2.80372931	2.93223344	3.26517663
2.95237669	3.08769375	3.43828894
3.454173	3.61248925	4.02267263
3.87278781	4.05029063	4.51018444
3.61401937	3.77966156	4.20882675
3.18409144	3.33002887	3.70814013
2.90557431	3.03874644	3.38378375
2.7113335	2.83560281	3.15757394
2.64975631	2.77120344	3.08586225
2.61076631	2.73042631	3.04045506
2.66288756	2.78493669	3.10115469
2.63186162	2.75248844	3.06502238
2.53024325	2.6462125	2.94667906
2.68916038	2.81241363	3.13175169
2.7459405	2.87179606	3.19787675
2.62407144	2.74434138	3.05595
2.4232015	2.53426481	2.82202006
2.42563687	2.53681181	2.8248565
2.479319	2.59295437	2.88737362
