#?RADIANCE
genskyvec -m 1
NROWS=146
NCOLS=1
NCOMP=3
FORMAT=ascii

6.58098069	6.88260875	7.66410056
23.7172575	24.8042981	27.620725
23.2834006	24.3505556	27.1154631
23.9396644	25.0368962	27.879735
25.8335269	27.0175612	30.0852938
29.9360269	31.308095	34.8629981
36.8771	38.5673006	42.9464581
47.1374738	49.2979388	54.8955188
68.3834169	71.517655	79.6381931
98.9090931	103.442436	115.187901
111.690269	116.809384	130.072623
121.289058	126.848128	141.251236
84.0922806	87.9464975	97.93248
58.7806437	61.474755	68.45496
43.5441975	45.5399719	50.7108475
33.5672325	35.1057294	39.09184
28.4628919	29.7674387	33.1474094
25.1356219	26.2876712	29.2725275
23.7938525	24.8844025	27.709925
23.1702512	24.23222	26.9836913
24.18223	25.2905813	28.1622225
25.2124613	26.3680331	29.3620144
25.8245831	27.0082106	30.0748825
26.2810787	27.4856269	30.6065075
28.0158506	29.2999088	32.6267938
27.7078244	28.9777663	32.2680719
28.50901	29.8156713	33.2011187
27.4865425	28.7463406	32.01037
26.5597894	27.7771125	30.9310913
25.0070175	26.1531719	29.1227587
23.9900544	25.0895981	27.9384187
17.7358106	18.5487031	20.6548325
16.7179475	17.4841862	19.4694444
18.7880956	19.6492156	21.8803031
20.28336	21.2130125	23.6216625
24.6452581	25.7748313	28.7014581
30.342075	31.732755	35.3358781
41.7044225	43.615875	48.5682775
62.9432769	65.8281763	73.302695
102.348978	107.039981	119.193926
1647.31333915295	1654.31902015295	1672.47014515295
138.299431	144.63815	161.061212
87.0620406	91.0523863	101.391011
57.67634	60.3198363	67.1689063
38.4927381	40.2569869	44.8280019
28.6044456	29.9154819	33.3122631
22.3818594	23.407695	26.0655419
21.0900131	22.0566381	24.5610781
17.7407263	18.5538431	20.6605544
17.1550244	17.9412956	19.9784562
16.5431119	17.3013369	19.2658344
17.22247	18.0118306	20.0570013
18.344175	19.1849494	21.3633206
17.8209344	18.637725	20.7539631
19.9766394	20.8922319	23.2644606
20.6085119	21.5530675	24.00033
20.8746044	21.8313581	24.3102194
19.3639475	20.2514612	22.5509319
19.1476419	20.0252394	22.2990237
17.9948712	18.8196369	20.9565275
17.8288406	18.6459962	20.7631719
11.8495494	12.3926531	13.7997863
11.7448256	12.2831313	13.6778281
12.9963463	13.5920125	15.1353281
16.8283425	17.5996419	19.5980081
22.8078444	23.8532025	26.5616356
35.560055	37.1898887	41.4126481
60.5591456	63.3347731	70.5261756
1409.11117428293	1414.24010628293	1427.52868928293
1352.1311860089	1356.7446410089	1368.6977330089
58.0491544	60.7097381	67.6030794
35.4365181	37.0606906	41.2687806
22.4642362	23.4938469	26.1614756
16.5060619	17.2625906	19.2226869
13.4191144	14.0341556	15.6276787
12.2979487	12.8616056	14.3219869
11.9890287	12.538525	13.9622244
11.6988937	12.2350919	13.6243369
12.7404412	13.3243781	14.8373056
12.61039	13.1883644	14.68585
12.1105212	12.6655856	14.1037125
12.7583638	13.3431219	14.85818
12.6676319	13.24823	14.7525131
11.6525488	12.1866237	13.570365
11.9080663	12.4538525	13.8679363
8.87963444	9.28661719	10.3410751
9.47797525	9.912383	11.0378931
10.5546688	11.0384239	12.2917931
12.4898238	13.0622738	14.5454413
17.496245	18.298155	20.375835
22.8180594	23.8638869	26.5735331
35.60226	37.2340275	41.4618
49.5353613	51.8057313	57.6880587
46.0115775	48.1204406	53.5843181
34.5806	36.1655425	40.2719925
22.9683188	24.0210325	26.7485231
15.7285519	16.4494431	18.31721
12.9392656	13.5323162	15.0688569
10.6911113	11.1811207	12.4506906
9.58629606	10.0256676	11.1640407
8.89613062	9.30386925	10.3602854
8.70674056	9.10579938	10.1397249
8.78998894	9.19286313	10.2366744
9.10393319	9.52119744	10.6022893
9.11347687	9.53117712	10.6134034
9.17703256	9.59764606	10.6874192
9.1624975	9.58244456	10.6704937
8.855106	9.26096394	10.3125094
9.00898444	9.42189606	10.4917133
7.42334694	7.76358331	8.6451065
8.24199887	8.619757	9.59849469
9.61440331	10.0550632	11.1967756
12.8657312	13.45541	14.9832163
17.533865	18.3375006	20.4196494
23.0799344	24.1377625	26.8785075
24.1614125	25.2688106	28.13798
18.4440256	19.2893769	21.4796075
13.867445	14.5030344	16.1497956
10.4465294	10.9253289	12.165855
8.49609575	8.88549962	9.89441131
7.72643119	8.08055913	8.9980735
7.3238165	7.65949131	8.529195
7.1114365	7.43737725	8.28186081
6.97865319	7.29850806	8.12722381
7.01514275	7.33666994	8.16971894
7.14434462	7.47179338	8.32018506
7.1792	7.5082465	8.36077731
6.877204	7.19240894	8.00907756
7.77189656	8.1281085	9.05102162
10.2329817	10.7019932	11.9171619
13.6106144	14.2344356	15.8506963
13.4126888	14.0274369	15.620195
10.8980325	11.3975246	12.6916675
8.70527725	9.1042685	10.1380212
7.292972	7.62723313	8.49327419
6.53626444	6.83584306	7.61202494
6.2632985	6.55036613	7.29413344
6.29097406	6.57931	7.32636375
6.33553169	6.62590987	7.37825481
6.65350113	6.95845306	7.74855694
7.7552605	8.11070969	9.03164775
8.50832256	8.898287	9.90865038
7.78462038	8.14141531	9.06583944
6.41792444	6.71207906	7.47420819
6.16398125	6.44649681	7.17847019
6.92388944	7.24123419	8.06344662
