#?RADIANCE
genskyvec -m 1
NROWS=146
NCOLS=1
NCOMP=3
FORMAT=ascii

9.53380963	9.9707765	11.102915
27.2581063	28.5074344	31.7443375
27.3406087	28.5937194	31.8404188
27.8902375	29.16854	32.4805081
29.4597431	30.8099825	34.3083288
33.1566137	34.67629	38.6136413
38.7443438	40.5201244	45.1210188
47.1246581	49.2845381	54.8805938
65.3816956	68.3783531	76.1424344
91.5584369	95.7548663	106.627441
100.327369	104.925701	116.839587
120.771356	126.306702	140.648322
92.2782575	96.5076725	107.465719
69.1767225	72.3473181	80.562065
53.2432819	55.6835981	62.0062413
40.665425	42.5292569	47.35828
35.04665	36.6529544	40.8147481
30.2560181	31.64275	35.2356562
29.0997163	30.4334544	33.8890488
27.6913594	28.9605463	32.2488981
27.344075	28.5973431	31.844455
27.7183644	28.9887894	32.2803487
26.9807262	28.2173437	31.4213075
26.9744781	28.2108075	31.4140287
27.4975	28.7578019	32.0231319
26.6416806	27.8627563	31.0264594
27.3942913	28.6498606	31.9029362
26.8093194	28.0380794	31.2216894
27.2503113	28.4992838	31.7352606
26.6034356	27.8227575	30.9819181
26.8747656	28.1065256	31.297905
23.45696	24.5320687	27.3175875
22.9293037	23.9802306	26.7030869
24.9998362	26.1456612	29.1143931
26.5465438	27.76326	30.9156637
30.8913875	32.3072419	35.9755963
36.9832394	38.6783044	43.0700681
47.8928256	50.08791	55.7751875
68.3692306	71.5028175	79.6216694
105.137504	109.956299	122.441381
155.874187	163.018425	181.528481
987.531425617716	995.270900617717	1015.32323261772
125.667019	131.426762	146.349731
84.415325	88.2843569	98.3086925
56.5698638	59.1626469	65.8803231
41.91449	43.8355675	48.8129169
32.3625569	33.8458406	37.6888981
29.3828144	30.7295269	34.2187387
25.1477306	26.3003337	29.2866294
23.7854569	24.8756231	27.7001469
22.6150394	23.6515612	26.3370975
22.5391425	23.5721869	26.2487125
22.8095181	23.8549538	26.563585
21.8862531	22.8893731	25.4883662
23.0905838	24.1489006	26.8909075
23.41229	24.4853537	27.2655644
23.6193494	24.7019019	27.5067019
22.7808837	23.8250069	26.5302387
23.0185913	24.0736106	26.8070712
22.6421794	23.679945	26.3687062
23.03976	24.0957494	26.8317225
18.0651113	18.8930962	21.0383294
18.1916131	19.0253938	21.1856487
19.77127	20.6774512	23.0252919
24.1642825	25.2718119	28.1413225
31.5767481	33.0240144	36.773755
47.6462806	49.8300663	55.4880669
79.7321887	83.3865856	92.8547787
1010.9207202429	1017.6421272429	1035.0566772429
2500.42226123746	2509.03352323746	2531.34454223746
108.803547	113.790376	126.710808
63.8769525	66.8046444	74.3900394
38.0729562	39.8179637	44.3391306
27.111255	28.353855	31.5733181
21.8638119	22.8659012	25.4622344
19.5337012	20.4289944	22.7486231
18.5114731	19.359915	21.5581562
17.5750006	18.38052	20.4675519
18.0785669	18.9071675	21.0539988
17.5515369	18.3559806	20.4402269
16.9788694	17.7570681	19.7733081
17.5100162	18.3125588	20.391875
17.6075781	18.4145919	20.5054944
17.08332	17.866305	19.8949494
17.6726512	18.4826462	20.581275
15.0991956	15.7912412	17.5842719
15.996955	16.7301487	18.6297894
17.6371394	18.4455094	20.5399194
20.3705644	21.3042162	23.7232188
27.8716325	29.1490813	32.4588406
36.5139288	38.1874831	42.5235131
59.9455894	62.6930931	69.8116394
91.0935631	95.2686794	106.086055
99.0783488	103.619439	115.385001
74.1861813	77.5863769	86.3959931
47.0017962	49.1560438	54.7375112
30.6915712	32.0982675	35.7428919
24.17226	25.2801519	28.1506125
19.1751294	20.0539888	22.3310356
16.8532725	17.6257137	19.62704
15.5512425	16.2640069	18.11072
14.8688031	15.5502894	17.3159625
14.6056488	15.2750737	17.0094938
14.6195294	15.2895913	17.0256606
14.5029731	15.1676937	16.8899219
14.5474612	15.2142187	16.9417325
14.65043	15.3219081	17.0616475
14.5652569	15.23283	16.9624544
14.9262231	15.6103406	17.3828294
13.7233419	14.3523269	15.9819769
15.0796438	15.7707925	17.5615025
17.53817	18.3420006	20.42466
23.2580119	24.3240006	27.0858937
32.5666656	34.0593037	37.9266
47.4224388	49.5959656	55.2273837
53.0342656	55.465	61.7628244
40.57174	42.4312769	47.2491763
29.3492862	30.6944606	34.1796906
20.9534063	21.9137694	24.4019881
16.7725931	17.5413369	19.5330825
14.750955	15.4270375	17.1787163
13.6693625	14.2958744	15.9191119
13.0562894	13.6547031	15.2051381
12.77923	13.3649438	14.8824769
12.7613944	13.3462919	14.8617088
12.9580575	13.5519681	15.0907387
13.1884869	13.7929581	15.3590931
13.5050262	14.124005	15.7277275
15.42638	16.1334225	17.9653081
20.3881556	21.3226131	23.7437075
28.4235087	29.7262519	33.1015469
29.4742656	30.8251663	34.3252394
23.9502981	25.04802	27.8921181
18.4223944	19.2667519	21.4544131
15.0485431	15.7382681	17.5252837
13.1467275	13.749285	15.3104606
12.4669756	13.0383781	14.5188338
12.3018125	12.8656437	14.3264863
12.5772881	13.1537456	14.6472994
13.82902	14.4628481	16.1050469
16.4085506	17.1606087	19.109125
18.5081462	19.3564337	21.5542794
16.8703175	17.64354	19.6468919
13.6010263	14.2244056	15.83953
12.8436281	13.4322944	14.9574775
14.8367456	15.5167637	17.27863
