#?RADIANCE
genskyvec -m 1
NROWS=146
NCOLS=1
NCOMP=3
FORMAT=ascii

20.0485094	20.9674006	23.3481619
27.3251356	28.5775381	31.8224
26.5625225	27.7799706	30.9342719
26.4617825	27.6746138	30.8169519
26.3210381	27.5274188	30.6530444
25.7130294	26.8915425	29.9449669
27.2777206	28.5279487	31.7671813
29.4877231	30.8392444	34.3409119
32.9649319	34.4758231	38.39041
37.4474519	39.1637906	43.6106787
45.670125	47.7633363	53.1866675
51.9818363	54.3643363	60.5371856
56.0436394	58.6123056	65.2674931
54.92916	57.4467463	63.9695881
50.2334725	52.5358375	58.5010681
43.9267063	45.9400119	51.1563125
37.720765	39.4496331	43.9289781
34.0888044	35.6512081	39.6992544
29.4801606	30.8313331	34.3321038
26.4473812	27.6595519	30.8001781
26.8184537	28.0476306	31.232325
25.0862737	26.2360594	29.2150575
26.1775731	27.3773794	30.4859681
25.52802	26.6980531	29.7295069
27.7052744	28.9750981	32.2651019
29.5836856	30.9396044	34.4526694
30.7888687	32.2000237	35.8562056
31.6552294	33.1060925	36.865155
29.8466631	31.214635	34.75893
29.4233581	30.7719275	34.2659544
27.8977281	29.1763731	32.48923
16.9716488	17.749515	19.7649
15.3623731	16.0664806	17.8907644
16.5992275	17.3600262	19.331185
16.41367	17.1659637	19.1150875
17.5391612	18.3430388	20.4258175
18.68336	19.5396812	21.7583319
21.9482794	22.95424	25.5606019
26.41831	27.6291488	30.766325
32.77238	34.2744475	38.1661694
40.012515	41.8464219	46.5979119
50.492165	52.8063888	58.8023362
58.1370512	60.8016644	67.7054444
56.8887794	59.4961794	66.2517275
49.61242	51.8863219	57.7778019
40.2768687	42.12289	46.9057725
30.9798537	32.3997631	36.0786231
26.8771956	28.1090656	31.300735
21.25899	22.2333581	24.7578662
18.5424062	19.3922663	21.5941781
16.5250988	17.2824981	19.2448556
15.9619356	16.6935244	18.5890069
16.02689	16.7614544	18.6646494
15.1715787	15.8669412	17.6685694
16.9814906	17.7598094	19.7763625
17.7344012	18.5472275	20.65319
18.4344956	19.2794081	21.4685063
17.5924362	18.3987563	20.48786
17.99191	18.81654	20.95308
17.1935037	17.9815394	20.0232669
17.1655131	17.9522644	19.99067
11.2514831	11.7671763	13.1032894
10.9645606	11.4671031	12.7691463
11.4606125	11.9858906	13.3468381
13.1670181	13.7705063	15.33409
15.3499519	16.0534906	17.8762994
19.3995706	20.2887156	22.5924162
26.2701181	27.4741644	30.5937431
38.7038413	40.4777675	45.0738525
55.9581831	58.5229319	65.1679706
72.3698438	75.6867925	84.2807194
65.8494694	68.8675694	76.6871975
42.1870544	44.120625	49.1303425
28.2673306	29.5629156	32.9196631
20.5671619	21.509825	23.9521763
16.0018975	16.7353181	18.6355444
13.6125731	14.2364806	15.8529756
11.8737994	12.4180138	13.8280275
11.8237606	12.3656825	13.7697538
11.3213369	11.8402325	13.1846425
10.9387968	11.4401569	12.7391406
11.5291106	12.0575287	13.4266119
11.6736925	12.2087356	13.5949875
11.0935922	11.6020481	12.9194119
11.4270115	11.9507494	13.3077069
9.13377881	9.55241025	10.6370475
9.54404506	9.98147937	11.1148375
10.2802736	10.7514544	11.9722356
11.4387562	11.9630319	13.321385
14.3272112	14.9838744	16.6852337
17.3671469	18.1631419	20.2254931
25.9518419	27.1413	30.2230837
41.0628244	42.9448688	47.8210838
71.7224531	75.0097287	83.5267756
5097.43686433609	5102.45224633609	5115.44672033609
2277.09921046684	2280.73556606684	2290.15705666684
44.2073575	46.2335269	51.4831537
30.0573769	31.4350056	35.0043231
19.6061419	20.5047556	22.8329875
14.8014456	15.4798438	17.2375194
12.3128719	12.8772113	14.3393662
10.6278106	11.1149181	12.3769712
9.75574031	10.2028797	11.3613744
9.34520194	9.773524	10.8832675
9.10843119	9.52590075	10.6075286
9.09080631	9.50746819	10.5870027
9.14073963	9.55969025	10.6451533
9.01394456	9.42708275	10.4974904
9.1573375	9.57704844	10.6644837
8.55558962	8.94772044	9.96369725
9.35367256	9.78238231	10.8931306
10.8435994	11.3405981	12.6282762
13.8095869	14.442525	16.0824144
18.9740488	19.8436912	22.0968625
33.5465125	35.08406	39.0677113
55.1536744	57.6815462	64.2310494
2386.90988166423	2390.21285726423	2398.77058916423
47.6103613	49.7925006	55.4462344
27.0709525	28.3117031	31.5263806
18.0055787	18.8308331	20.9689975
13.1527463	13.7555794	15.3174706
10.5170191	10.9990488	12.2479463
9.05573156	9.47078575	10.5461544
8.46267788	8.85055038	9.85549463
8.16102381	8.53507019	9.50419269
8.13145125	8.50414244	9.469753
8.23531594	8.61276781	9.59071219
9.01389425	9.42703031	10.4974319
10.6911258	11.1811362	12.4507075
14.4211644	15.0821331	16.7946488
22.7806769	23.8247881	26.5299969
31.4843638	32.927395	36.6661662
32.0127212	33.4799712	37.281485
22.2557219	23.275775	25.9186438
15.1669812	15.8621337	17.6632156
10.9084764	11.4084475	12.70383
9.21853681	9.64105306	10.7357542
8.32361444	8.70511331	9.69354319
8.51063344	8.90070419	9.91134187
10.4880373	10.9687384	12.2141931
13.5612875	14.182845	15.79325
18.0897969	18.9189125	21.0670762
17.7637156	18.577885	20.6873263
11.8331194	12.3754688	13.7806525
9.94594256	10.4017987	11.5828781
12.9595656	13.5535469	15.0924956
