#?RADIANCE
genskyvec -m 1
NROWS=146
NCOLS=1
NCOMP=3
FORMAT=ascii

11.3684694	11.8895231	13.23953
31.8711444	33.3319038	37.116605
31.15305	32.5808956	36.2803231
30.9185187	32.3356156	36.0071919
31.1294287	32.5561931	36.2528169
32.2477056	33.7257238	37.5551406
31.9529338	33.4174431	37.2118569
31.8793169	33.3404513	37.1261219
31.8161444	33.274385	37.0525556
32.9278206	34.43701	38.3471931
30.6291181	32.0329512	35.6701619
32.3236519	33.8051519	37.64359
31.5400919	32.9856775	36.7310669
32.4956387	33.9850206	37.8438813
34.63579	36.2232638	40.3362656
36.9694737	38.6639075	43.054035
44.6484763	46.6948644	51.9968744
46.89877	49.0482956	54.6175294
63.5783369	66.4923425	74.0422738
83.8235906	87.6654912	97.6195531
87.6552469	91.6727762	102.081844
101.494053	106.145863	118.19828
83.7485869	87.5870606	97.53222
75.7252306	79.1959687	88.1883462
59.3486256	62.0687694	69.1164238
45.2635506	47.33813	52.7131812
39.5895938	41.4041144	46.1053825
34.8762594	36.4747538	40.6163113
33.9705425	35.5275263	39.5615306
31.9674375	33.4326131	37.2287463
31.9342325	33.3978831	37.1900769
33.1255387	34.64379	38.5774513
32.5519325	34.0438956	37.9094406
32.8864044	34.3936963	38.2989594
32.9265244	34.4356556	38.3456825
32.94016	34.4499175	38.3615638
32.6860588	34.1841706	38.0656419
33.0451331	34.5597006	38.4838131
33.1627719	34.6827306	38.6208119
32.9688431	34.479915	38.3949694
32.4501356	33.9374306	37.7908881
33.0451075	34.5596744	38.4837831
33.9195825	35.47423	39.5021831
35.7715969	37.4111263	41.6590069
38.64669	40.4179956	45.0072937
43.1949231	45.1746888	50.30409
52.4368631	54.8402169	61.0671
63.0907894	65.9824494	73.4744869
86.6013444	90.57057	100.854489
120.283702	125.796711	140.080406
155.907156	163.052875	181.566881
165.4901	173.075044	192.727013
135.216844	141.414281	157.471294
103.355736	108.092862	120.366356
73.7618106	77.1425575	85.90178
57.2638925	59.888485	66.6885756
47.6531931	49.8372956	55.4961175
40.8083119	42.6786906	47.5246837
36.8514319	38.5404556	42.916565
34.6239494	36.2108794	40.322475
33.6425394	35.1844875	39.1795412
30.0538137	31.43128	35.0001725
29.269965	30.6115031	34.0873125
29.0315544	30.3621663	33.8096675
29.6269106	30.98481	34.5030081
29.5860931	30.9421206	34.4554719
29.6641931	31.0238006	34.5464263
29.708765	31.0704169	34.5983337
30.0795081	31.4581525	35.0300944
30.2327587	31.618425	35.2085688
32.2085081	33.6847294	37.5094925
35.0237638	36.6290181	40.7880931
42.202475	44.1367531	49.1483025
54.5703681	57.0715081	63.5517425
76.6651212	80.178935	89.2829231
120.478445	126.000381	140.307194
191.123081	199.882894	222.578769
842.537008811422	853.072708811422	880.369752811422
154.260144	161.330394	179.6488
92.0718631	96.2918163	107.225346
64.2344175	67.1784944	74.8063363
47.3360681	49.5056356	55.1267963
38.9117081	40.6951606	45.3159287
33.5385519	35.0757325	39.0584388
31.365115	32.8026831	36.5272937
27.683165	28.9519769	32.2393556
26.9868569	28.223755	31.4284456
26.3614044	27.5696331	30.7000563
26.3625556	27.5708381	30.7013944
26.5443381	27.7609525	30.9130944
26.5202719	27.7357838	30.8850688
26.6909069	27.91424	31.0837875
27.4210494	28.6778463	31.9340994
28.4657219	29.7703987	33.1507075
30.4333769	31.8282375	35.4422044
34.2440069	35.8135231	39.8800012
41.1749494	43.0621344	47.9516644
50.6925412	53.0159494	59.0356931
75.5799087	79.043985	88.0191069
116.258873	121.587387	135.393144
642.199005016828	649.887805016828	669.808793016828
966.142054535604	975.741535535604	1000.6129475356
148.710731	155.526637	173.18605
93.1265413	97.3948288	108.453608
62.7400538	65.6156381	73.0660244
46.698635	48.8389875	54.3844556
36.9576638	38.6515562	43.0402806
32.0772656	33.5474744	37.3566506
29.6289169	30.9869075	34.5053438
26.9990494	28.236505	31.4426438
25.5676756	26.7395244	29.7756894
24.9063094	26.0478463	29.0054737
24.8611469	26.0006163	28.9528781
25.0988663	26.2492306	29.2297225
25.9545281	27.1441094	30.2262119
27.4898163	28.7497656	32.0141831
31.5290806	32.9741613	36.7182425
37.1179175	38.819155	43.2269106
50.1262544	52.4237069	58.3762044
66.6688419	69.7244969	77.6414275
101.885613	106.555373	118.654311
125.166812	130.903622	145.767194
91.0208887	95.1926687	106.001408
62.1525369	65.0011963	72.3818125
43.8750062	45.8859437	51.0961025
34.33158	35.9051094	39.9819875
29.4602363	30.810495	34.3089012
27.0264363	28.2651481	31.4745381
25.517815	26.68738	29.7176225
24.9521819	26.0958225	29.058895
25.6171719	26.79129	29.8333312
27.9227625	29.2025563	32.518385
34.1125969	35.6760894	39.7269644
44.7484044	46.7993719	52.1132481
57.8876538	60.5408363	67.4150013
70.8650794	74.1130594	82.528295
56.4056406	58.9908975	65.6890731
39.9013	41.7301087	46.46839
31.32696	32.7627775	36.4828563
29.5229588	30.8760925	34.3819456
27.8773712	29.155085	32.4655231
30.1952925	31.5792444	35.1649356
37.0999237	38.8003344	43.2059538
41.3726469	43.2688925	48.1818988
36.8080625	38.4950994	42.8660581
32.5173562	34.0077331	37.8691731
