#?RADIANCE
genskyvec -m 1
NROWS=146
NCOLS=1
NCOMP=3
FORMAT=ascii

11.08252	11.5904687	12.9065181
31.0349987	32.4574356	36.1428444
29.9994019	31.3743731	34.9368069
29.6882687	31.04898	34.5744644
29.8521913	31.2204144	34.7653662
30.9945369	32.4151187	36.0957212
30.7965925	32.2081006	35.8651994
30.7631287	32.1731044	35.82623
30.7974562	32.2090063	35.866205
31.9089231	33.371415	37.1606006
29.5969231	30.9534481	34.4680856
31.1637656	32.592105	36.2928038
30.25967	31.6465694	35.2399088
30.9538288	32.3725475	36.0483163
32.7101288	34.2093413	38.0936706
34.6554875	36.2438631	40.359205
41.4395994	43.3389131	48.2598694
44.1358769	46.15877	51.39991
60.5884631	63.3654325	70.5603181
85.8072288	89.7400594	99.9296669
100.459142	105.063513	116.993034
133.774581	139.905925	155.791669
117.717391	123.112766	137.091716
106.949766	111.851617	124.551924
78.90131	82.5176175	91.8871519
55.454825	57.9965038	64.5817694
45.1393381	47.2082219	52.5685219
37.6213806	39.3456931	43.8132331
35.1582113	36.7696263	40.9446675
32.15825	33.6321706	37.4509644
31.4610831	32.9030487	36.6390537
33.1104675	34.6280312	38.5599044
32.52332	34.01397	37.87612
32.4766869	33.9652006	37.82181
32.5304513	34.0214306	37.884425
32.5869956	34.0805669	37.9502744
32.5162194	34.0065463	37.8678512
32.7022112	34.2010612	38.0844513
32.7501313	34.2511763	38.1402581
32.5987994	34.0929094	37.9640194
32.3075275	33.7882888	37.6248106
32.5998538	34.0940131	37.9652494
33.1671056	34.6872619	38.6258606
34.4203025	35.9978994	40.0853125
36.6477937	38.3274825	42.6794106
40.2770469	42.1230769	46.9059813
47.7984044	49.9891644	55.6652287
56.9761844	59.5875919	66.3535194
77.6691694	81.229005	90.4522294
112.473499	117.628529	130.984763
162.715487	170.173281	189.495763
598.061732123902	607.997644123902	633.740713123902
204.152644	213.509619	237.752769
151.038244	157.960825	175.896619
100.108977	104.697295	116.58525
72.3395819	75.6551431	84.2454744
56.5616106	59.1540144	65.8707125
45.74482	47.8414581	53.2736587
39.3993475	41.2051494	45.8838263
35.951545	37.5993225	41.8685694
34.1316506	35.6960169	39.7491531
31.5066662	32.9507213	36.6921406
30.6401406	32.0444813	35.6829994
30.246595	31.6328975	35.2246831
30.5803687	31.9819681	35.6133887
30.5625162	31.9632962	35.5925975
30.6186212	32.021975	35.6579369
30.6090269	32.0119406	35.6467644
30.7972325	32.2087731	35.8659469
30.8444719	32.2581762	35.9209581
32.2098181	33.6861006	37.5110194
34.2833169	35.8546331	39.9257806
39.702875	41.5225875	46.23731
49.0733375	51.3225294	57.1499912
65.6742031	68.6842706	76.4830881
99.7005794	104.270201	116.109647
160.922638	168.298238	187.407831
1064.86538815266	1077.44556915266	1110.03972015266
632.086654340038	642.378536340039	669.043836340039
124.303494	130.000738	144.7618
81.7675969	85.5152725	95.225185
57.1122081	59.7298488	66.5119288
44.6221656	46.6673456	51.9662331
36.9402219	38.6333125	43.0199688
33.4946544	35.0298231	39.0073181
30.0547975	31.4323069	35.0013169
29.0484094	30.379795	33.8292962
28.3082788	29.6057394	32.96735
28.2106469	29.5036319	32.8536506
28.2809031	29.5771088	32.9354688
28.2293769	29.5232231	32.8754625
28.2872187	29.583715	32.9428238
28.770135	30.088765	33.50522
29.4592194	30.8094319	34.3077169
30.8719637	32.2869275	35.9529756
33.6479813	35.19018	39.1858794
38.6547562	40.4264319	45.0166869
45.5168356	47.6030231	53.0081506
62.8689913	65.7504862	73.216185
89.7755581	93.8902656	104.551125
121.473946	127.041487	141.466531
163.500069	170.993806	190.409463
155.154156	162.265381	180.689938
110.64488	115.716107	128.855194
75.7675375	79.2402137	88.2376131
55.4114312	57.9511212	64.5312337
42.4459037	44.3913394	49.431795
35.9322887	37.579185	41.8461475
32.5499538	34.0418225	37.9071344
29.7110837	31.0728394	34.6010337
27.9236438	29.2034762	32.5194112
27.0987888	28.3408156	31.5587981
26.9060256	28.1392175	31.3343094
27.0001244	28.23763	31.443895
27.5297694	28.7915519	32.0607131
28.6152031	29.9267312	33.3247894
31.5383606	32.9838675	36.7290506
35.5689969	37.19924	41.4230625
44.7325887	46.7828306	52.0948294
56.06081	58.6302613	65.2874881
79.7082975	83.3615912	92.8269594
100.885516	105.509432	117.489595
89.8591431	93.9776837	104.648471
67.3485613	70.4353681	78.4330125
49.2291369	51.4854725	57.3314375
38.6320981	40.4027344	44.9902994
32.7221863	34.22195	38.1077125
29.59239	30.9487063	34.462805
27.7509706	29.0228894	32.3183194
26.9459981	28.1810219	31.3808612
27.2828244	28.5332881	31.773125
28.9259069	30.2516763	33.6866313
33.4524644	34.9857031	38.9581863
41.1267425	43.0117181	47.8955212
51.0153856	53.3535906	59.4116731
63.2262937	66.1241656	73.6322919
56.1155056	58.6874656	65.3511869
43.1508312	45.1285762	50.2527413
34.1653669	35.73128	39.7884187
31.4324206	32.8730719	36.6056744
29.4564525	30.8065394	34.3044969
30.9610569	32.3801019	36.05673
36.1800125	37.8382631	42.1346438
40.732345	42.599245	47.4362131
38.0822163	39.8276494	44.3499169
33.3457944	34.8741419	38.8339569
