#?RADIANCE
genskyvec -m 1
NROWS=146
NCOLS=1
NCOMP=3
FORMAT=ascii

4.48752031	4.69319819	5.22609131
12.5986437	13.1760838	14.6721713
11.7460418	12.2844015	13.679245
11.4165915	11.9398507	13.2955725
11.3149197	11.8335186	13.1771669
11.7217472	12.2589931	13.6509512
11.6219625	12.1546356	13.5347469
11.5730333	12.1034637	13.4777606
11.707484	12.2440777	13.6343419
12.2338812	12.7946025	14.2473756
11.2447692	11.7601542	13.0954712
11.9837469	12.5330024	13.9560737
11.6044124	12.1362819	13.5143081
11.8485936	12.391654	13.7986769
12.4160073	12.9850756	14.4594769
12.7573569	13.3420694	14.8570069
14.3103125	14.9662019	16.6655525
14.3139056	14.9699581	16.6697356
17.0253444	17.80567	19.8274331
19.8545819	20.7645844	23.1223162
21.4772556	22.4616281	25.0120544
26.5735169	27.7914694	30.9470769
54.9097796610653	56.1896615610653	59.5057196610653
28.925155	30.2508894	33.6857537
24.9782431	26.1230775	29.0892475
20.3455425	21.278045	23.6940812
18.1968006	19.0308206	21.1916913
15.8761262	16.6037813	18.4890731
15.0690575	15.7597244	17.5491756
13.6632931	14.2895262	15.9120437
13.0772106	13.6765812	15.2295019
14.4696137	15.1328038	16.8510719
14.18241	14.8324369	16.5165981
13.66618	14.2925463	15.9154062
13.5794425	14.2018338	15.8143944
13.5094475	14.1286288	15.7328775
13.5922431	14.2152206	15.8293019
13.4303725	14.0459306	15.6407888
13.3656956	13.97829	15.5654669
13.4303669	14.0459256	15.6407819
13.7300231	14.3593144	15.9897575
13.72405	14.3530706	15.9828006
13.90783	14.5452713	16.1968275
14.0792506	14.7245487	16.3964619
14.7072619	15.3813425	17.1278325
15.5358106	16.2478706	18.0927494
16.8551919	17.6277213	19.6292788
17.9229331	18.7444006	20.87275
20.4170369	21.3528163	23.7773419
23.2276144	24.2922131	27.050495
26.4649731	27.6779512	30.8206687
30.1716606	31.5545287	35.1374163
72.2507941024922	73.8347435024922	77.9386192024922
61.4169532572345	62.9610201572345	66.9615570572345
29.0083556	30.3379056	33.7826487
25.1854088	26.3397388	29.3305106
22.2942537	23.3160731	25.9635175
19.8280413	20.7368256	23.0914081
17.7508519	18.5644313	20.6723488
16.362245	17.1121794	19.0551975
15.2686038	15.9684144	17.7815631
15.4803944	16.1899125	18.0282106
15.0920763	15.7837944	17.5759806
14.6794313	15.3522381	17.0954219
14.3412775	14.998585	16.7016131
14.28032	14.9348363	16.630625
14.2508225	14.9039856	16.5962719
14.2667331	14.9206244	16.6147994
14.3082725	14.9640681	16.6631769
14.5480012	15.2147844	16.9423613
14.8210356	15.5003331	17.2603319
15.3761575	16.0808969	17.9068181
16.4477444	17.2015994	19.1547706
18.0033425	18.8284963	20.966395
20.05559	20.9748031	23.3564069
22.8255731	23.8717431	26.5822794
26.1550456	27.3538175	30.4597319
30.1542269	31.536295	35.1171119
32.6580356	34.1548619	38.0330056
30.1420519	31.5235619	35.1029331
26.5714275	27.7892837	30.944645
23.1528925	24.2140675	26.963475
20.4981806	21.4376813	23.8718425
18.2756275	19.1132581	21.2834913
16.6662381	17.4301069	19.4092231
16.365595	17.115685	19.0591006
15.6859006	16.4048369	18.26754
15.2813137	15.9817094	17.7963644
15.0377375	15.7269675	17.5127
14.8453969	15.5258113	17.2887025
14.8330462	15.5128937	17.2743206
14.8819506	15.56404	17.3312731
14.9568263	15.6423462	17.4184719
15.22949	15.9275087	17.7360131
15.5654762	16.2788944	18.127295
16.2661456	17.0116763	18.9432819
17.3653206	18.1612313	20.2233644
18.4080781	19.2517813	21.4377419
20.4297588	21.3661206	23.7921581
22.7062256	23.7469269	26.4432925
24.7864525	25.9224956	28.86589
27.1295969	28.3730362	31.5946769
28.2899131	29.5865331	32.9459644
27.7088837	28.9788725	32.2693044
25.48094	26.6488162	29.6746806
23.0458281	24.102095	26.8387894
20.5377331	21.479045	23.9179038
18.7494094	19.6087588	21.8352525
17.4051862	18.2029231	20.2697906
17.0890556	17.8723019	19.9016294
16.1823963	16.9240869	18.8457481
15.7516644	16.4736156	18.3441269
15.4271931	16.1342731	17.9662537
15.3722213	16.0767794	17.9022306
15.5406294	16.252905	18.0983588
15.7993325	16.5234694	18.3996412
16.5066225	17.2631744	19.2233387
17.3881519	18.1851094	20.2499544
18.8893706	19.7551319	21.9982475
20.4777663	21.4163312	23.8480669
22.6721987	23.7113388	26.403665
24.6116731	25.7397063	28.662345
25.0723506	26.2214987	29.198845
23.8367512	24.9292681	27.7598837
21.89824	22.9019094	25.5023281
19.9086756	20.8211556	23.1853113
18.2398419	19.0758344	21.2418162
17.41152	18.2095488	20.2771687
16.6774356	17.4418175	19.4222644
16.1286494	16.8678788	18.7831569
16.0553662	16.7912369	18.6978144
16.5288831	17.2864569	19.2492638
17.5610881	18.3659719	20.4513531
18.9199987	19.7871644	22.0339163
20.4648162	21.4027862	23.8329856
22.1992944	23.2167606	25.8529294
22.0905056	23.1029869	25.7262362
20.7316681	21.6818687	24.1437569
18.8654588	19.730125	21.9704
18.0276394	18.8539063	20.9946894
17.3189225	18.1127063	20.16933
17.5308006	18.3342956	20.41608
18.5457162	19.3957281	21.5980319
19.7147631	20.618355	22.9594856
19.5322044	20.4274275	22.7468813
18.3372319	19.1776875	21.3552344
