#?RADIANCE
genskyvec -m 1
NROWS=146
NCOLS=1
NCOMP=3
FORMAT=ascii

23.5790206	24.6597244	27.459735
34.8720475	36.4703494	40.6114081
34.2443619	35.813895	39.8804156
33.9532531	35.509445	39.5413969
33.9525575	35.508715	39.5405844
34.4520725	36.031125	40.1223106
34.2867075	35.85818	39.9297306
34.3761694	35.9517438	40.0339162
34.5890269	36.1743581	40.2818075
35.5510525	37.180475	41.4021675
34.7819887	36.3761613	40.5065263
36.5723194	38.2485494	42.5915156
37.0485875	38.7466456	43.1461688
39.1385119	40.9323587	45.58006
42.5896306	44.541655	49.5991762
46.4663006	48.5960037	54.1138812
56.2276969	58.8047981	65.4818425
57.8712219	60.5236512	67.3958625
73.6498862	77.025505	85.7714312
83.8584013	87.7019088	97.6601044
77.7777119	81.3425162	90.5786325
78.9991713	82.6199637	92.0011225
64.9569163	67.9341094	75.6477475
59.3988006	62.1212462	69.1748569
50.297985	52.6033087	58.5762
42.5960694	44.5483862	49.606675
39.5732025	41.3869738	46.0862956
36.94109	38.6342219	43.02098
36.4261031	38.0956319	42.4212337
35.1982081	36.8114569	40.9912494
35.0366563	36.6425025	40.8031075
34.532175	36.1148981	40.2155981
33.6993544	35.2439056	39.2457081
34.0146556	35.5736594	39.6129019
33.8367344	35.387585	39.4056981
33.7554594	35.3025813	39.311045
33.4997687	35.0351744	39.0132762
34.0949512	35.657635	39.7064144
34.5834669	36.1685425	40.2753319
34.9348625	36.5360412	40.6845587
34.9715356	36.5743963	40.7272681
36.5431988	38.2180938	42.5576025
38.6600881	40.4320081	45.0228962
42.1842006	44.1176406	49.1270181
47.6493931	49.8333231	55.4916906
55.3873144	57.9258981	64.503145
69.5662594	72.7547106	81.0157106
82.1206769	85.8845375	95.636385
108.357928	113.324334	126.191844
126.725475	132.533706	147.582381
132.147625	138.204381	153.896912
116.490567	121.829702	135.662975
92.0775825	96.2978044	107.232036
73.8367463	77.220925	85.9890456
58.0621725	60.7233538	67.6182425
49.0582725	51.306775	57.1324494
43.6666069	45.6679906	50.8534063
39.4865569	41.296355	45.9853875
37.130745	38.8325688	43.2418469
35.586025	37.2170506	41.4428931
34.97496	36.5779787	40.7312594
30.6652419	32.07073	35.71223
29.8398194	31.2074781	34.7509575
29.5511262	30.9055519	34.4147512
30.1486188	31.53043	35.1105806
30.1990325	31.5831544	35.1692919
30.5701906	31.971325	35.6015369
31.1358762	32.5629369	36.2603237
32.3503137	33.8330369	37.6746387
33.5865581	35.1259388	39.1143456
37.643865	39.3692075	43.8394194
43.4802219	45.4730637	50.6363425
57.0560387	59.6711044	66.4465138
79.5769831	83.2242612	92.6740387
115.769206	121.0753	134.822913
163.834875	171.343969	190.799369
184.726863	193.193519	215.129819
144.465194	151.086506	168.241775
102.085224	106.764131	118.886756
68.9973531	72.1597269	80.3531713
52.9616156	55.3890212	61.6782175
42.3625225	44.304135	49.3346906
36.9438681	38.6371263	43.024215
33.1660888	34.6861981	38.624675
31.7405694	33.195345	36.96454
28.0658038	29.3521531	32.6849687
27.4705069	28.7295713	31.9916962
26.9034569	28.13653	31.3313169
26.9533437	28.188705	31.3894163
27.3267838	28.5792637	31.8243206
27.5593331	28.8224675	32.0951406
28.3986819	29.7002869	33.0726325
30.0598637	31.4376069	35.00722
32.7409713	34.2415969	38.1295919
36.9530012	38.64668	43.0348512
45.2634138	47.3379863	52.7130213
60.6772187	63.458255	70.66368
80.5570362	84.2492319	93.8153875
131.62035	137.652956	153.282869
1956.61969380593	1966.21821280593	1991.08712480593
4530.59035738907	4543.01865738907	4575.21929538907
187.88975	196.50135	218.813275
119.074987	124.532585	138.672738
76.1074119	79.5956637	88.6334306
54.1678112	56.6505006	63.0829312
42.4926494	44.4402263	49.4862325
35.3368219	36.9564262	41.1526763
31.6150319	33.0640537	36.8183388
29.6961781	31.0572525	34.5836756
27.6732869	28.9416444	32.2278512
26.3789031	27.5879344	30.7204319
25.9261575	27.1144394	30.1931725
26.1095413	27.3062281	30.4067363
26.8793738	28.1113438	31.3032737
29.1841325	30.5217369	33.9873556
32.6151188	34.1099787	37.983025
41.5705613	43.4758794	48.4123869
54.1960331	56.6800175	63.1158
83.9553925	87.8033394	97.7730512
122.317642	127.923869	142.4491
2025.09376175799	2033.99139975799	2057.04445575799
171.392631	179.248106	199.600994
93.8617562	98.1637556	109.309846
61.3512338	64.1631625	71.448625
43.2471731	45.2293325	50.3649388
34.1847762	35.7515781	39.8110225
29.8862688	31.2560537	34.8050512
28.5808194	29.8907738	33.2847481
27.4928881	28.7529769	32.0177612
27.3281994	28.58074	31.8259669
29.1796863	30.5170881	33.9821788
34.4518969	36.0309412	40.1221062
48.0909356	50.2951025	56.005905
71.5275738	74.8059187	83.2998231
95.78807	100.178343	111.553179
101.435327	106.084438	118.129897
66.4158719	69.4599319	77.3468237
42.3859694	44.3286581	49.3619981
33.4303619	34.9625863	38.932445
33.6453225	35.1873981	39.182785
32.7003906	34.1991556	38.0823319
38.2555038	40.0088775	44.5517219
52.0789656	54.465915	60.6502963
54.5609675	57.0616781	63.5407975
43.72255	45.7264988	50.9185544
40.5549256	42.4136913	47.2295931
