#?RADIANCE
genskyvec -m 1
NROWS=146
NCOLS=1
NCOMP=3
FORMAT=ascii

0.686331431	0.717788269	0.799290169
2.73696838	2.86241269	3.18742806
2.52472725	2.64044387	2.94025544
2.44813675	2.560343	2.85105931
2.432813	2.54431681	2.83321362
2.54081256	2.65726638	2.95898794
2.52817662	2.64405125	2.94427244
2.52568869	2.64144944	2.94137525
2.5512125	2.66814312	2.97109963
2.6790985	2.80189044	3.1200335
2.43874106	2.55051656	2.84011719
2.59276744	2.71160256	3.01949375
2.47052106	2.58375312	2.87712769
2.48167931	2.59542262	2.89012244
2.5605375	2.6778955	2.98195962
2.59453931	2.71345563	3.02155737
2.88122081	3.01327662	3.355422
2.869356	3.00086806	3.34160431
3.39421325	3.54978138	3.95284456
3.94789294	4.12883788	4.59765044
4.31993006	4.51792675	5.03091869
5.33417137	5.57865387	6.21208744
5.82641981	6.09346388	6.78535188
6.55556019	6.85602319	7.63449675
6.06509681	6.34308025	7.06331081
4.85659194	5.07918556	5.65590631
4.27079044	4.46653481	4.97369163
3.65321544	3.82065444	4.25447388
3.40343087	3.55942131	3.963579
3.03227119	3.17125019	3.53133275
2.86153625	2.99268994	3.3324975
3.07359731	3.21447037	3.57946038
2.98736275	3.12428337	3.47903312
2.89521606	3.02791325	3.37172044
2.88290725	3.01504037	3.35738587
2.88567831	3.01793837	3.36061294
2.91015437	3.04353656	3.38911769
2.89545081	3.02815881	3.37199381
2.88943481	3.02186719	3.36498781
2.89501381	3.02770194	3.37148494
2.92257481	3.05652612	3.40358219
2.90022469	3.03315144	3.37755337
2.89924887	3.03213119	3.37641737
2.90006556	3.03298513	3.37736831
2.96871506	3.104781	3.45731625
3.08234675	3.22362081	3.58964981
3.28832387	3.43903856	3.82952719
3.48674188	3.64655069	4.06060181
3.89668056	4.07527825	4.53800937
4.39118412	4.5924465	5.1139
4.92637481	5.15216706	5.73717437
5.54167812	5.79567175	6.45374637
6.23630662	6.52213719	7.26269913
6.48401637	6.78120025	7.55117781
6.22508019	6.510396	7.24962494
5.56307431	5.81804844	6.47866394
4.95241531	5.17940087	5.7675005
4.34535956	4.54452169	5.06053338
3.86339894	4.04047131	4.49925031
3.51762737	3.67885175	4.09657044
3.26231387	3.41183644	3.79923644
3.18315212	3.32904663	3.70704613
3.09493956	3.23679112	3.60431538
3.02214894	3.16066412	3.5195445
2.98481237	3.12161625	3.47606294
2.99038175	3.12744106	3.482549
2.99636094	3.13369394	3.48951206
2.99704919	3.13441387	3.49031381
2.98877562	3.125761	3.48067838
2.99484663	3.13211013	3.48774844
2.99993206	3.13742869	3.49367081
3.04889225	3.18863312	3.55068925
3.18263256	3.32850294	3.70644087
3.40807837	3.56428175	3.96899125
3.72549031	3.89624181	4.33864419
4.17901981	4.37055813	4.86681712
4.71816037	4.93440925	5.49469119
5.34088888	5.58567925	6.21991031
5.829486	6.09667081	6.78892256
5.77548775	6.0401975	6.72603719
5.30262431	5.54566119	6.17534819
4.77468994	4.99352969	5.56052462
4.26106394	4.45636262	4.96236425
3.76918744	3.94194187	4.38953306
3.43930238	3.59693688	4.00535444
3.28239031	3.432833	3.82261725
3.1585025	3.30326713	3.67833956
3.08843937	3.22999275	3.59674538
3.05839075	3.19856675	3.56175081
3.04330144	3.18278606	3.54417819
3.045401	3.18498188	3.54662338
3.047199	3.18686212	3.54871725
3.04494875	3.18450869	3.54609656
3.05495113	3.1949695	3.55774519
3.07630069	3.21729763	3.58260875
3.14653712	3.29075325	3.66440475
3.28142119	3.43181938	3.82148856
3.42780737	3.58491506	3.99196744
3.73265156	3.90373156	4.34698412
4.08723131	4.27456281	4.75992175
4.41147225	4.61366462	5.13752725
4.79996237	5.01996075	5.58995656
5.05929625	5.29118031	5.89197212
5.13364638	5.3689385	5.97855944
4.89052912	5.11467825	5.69542906
4.53607725	4.74398062	5.28264012
4.10074556	4.28869619	4.77566019
3.75164369	3.92359394	4.36910194
3.49759988	3.65790656	4.07324688
3.355967	3.50978187	3.90830325
3.20159631	3.34833606	3.728526
3.13224538	3.27580644	3.64776106
3.09261019	3.23435469	3.60160237
3.08529675	3.22670606	3.59308544
3.0920885	3.23380912	3.60099488
3.10834831	3.25081419	3.619931
3.17382319	3.31929006	3.69618175
3.27778037	3.42801188	3.8172485
3.48074156	3.64027531	4.05361362
3.7120805	3.88221731	4.32302719
4.05494069	4.24079194	4.72231662
4.38290844	4.58379169	5.10426231
4.53904925	4.74708875	5.28610119
4.41831975	4.62082594	5.14550175
4.165935	4.35687344	4.85157881
3.85879781	4.03565931	4.49389181
3.56347425	3.7268	4.14996294
3.36757937	3.52192644	3.92182694
3.24021381	3.38872356	3.77349919
3.15978887	3.30461231	3.67983762
3.14262619	3.286663	3.65985006
3.185	3.33097894	3.709198
3.30160206	3.45292531	3.84499081
3.48255894	3.64217612	4.05573038
3.71323288	3.88342262	4.32436931
4.00445044	4.18798744	4.66351644
4.04631406	4.23176994	4.71227
3.89882956	4.07752594	4.5405125
3.59598081	3.76079669	4.18781981
3.41872256	3.57541375	3.9813875
3.30015963	3.45141681	3.84331119
3.31212663	3.46393231	3.8572475
3.44236381	3.60013869	4.00891956
3.63331119	3.79983794	4.23129388
3.63957925	3.80639313	4.23859356
3.43451262	3.59192775	3.99977637
