#?RADIANCE
genskyvec -m 1
NROWS=146
NCOLS=1
NCOMP=3
FORMAT=ascii

22.9038875	23.9536506	26.6734881
37.5721613	39.2942175	43.755915
37.3122406	39.0223844	43.453215
37.1688969	38.8724694	43.2862794
37.1460775	38.8486038	43.2597044
36.9261488	38.6185975	43.0035788
36.7629562	38.447925	42.8135288
37.4543937	39.1710537	43.618765
38.1182469	39.8653319	44.3918794
40.2612144	42.1065188	46.8875406
42.5274519	44.4766244	49.5267638
46.8914569	49.0406462	54.6090131
50.1925619	52.4930513	58.4534225
54.5916119	57.0937269	63.5764838
58.8423694	61.5393087	68.5268456
59.5443031	62.273415	69.344305
61.5317431	64.3519469	71.6588456
55.1845869	57.7138775	64.2670531
54.2198044	56.7048769	63.1434825
48.6078119	50.8356687	56.60785
44.8484069	46.9039563	52.2297069
42.5286225	44.47785	49.5281275
39.7199012	41.5403963	46.2571369
38.1783938	39.9282356	44.4619237
37.8267013	39.5604244	44.0523488
36.8205194	38.508125	42.880565
37.4607256	39.1776744	43.6261387
37.27118	38.97944	43.4053956
37.4398981	39.155895	43.601885
37.1281062	38.82981	43.2387763
37.23571	38.9423469	43.36409
30.4111075	31.80495	35.4162713
28.9687644	30.2964969	33.7365406
30.4629381	31.8591556	35.4766331
30.0403706	31.4172194	34.9845175
30.2870344	31.6751881	35.2717763
30.1051313	31.4849475	35.0599344
32.0462913	33.5150787	37.3205794
34.04225	35.6025194	39.6450381
36.3936325	38.0616712	42.38342
38.6825438	40.4554931	45.0490481
44.6247881	46.6700894	51.9692875
51.7606325	54.1329931	60.2795725
59.5920212	62.3233194	69.3998781
68.1229737	71.2452731	79.3348806
72.5626119	75.8883963	84.5052137
71.7244594	75.0118288	83.5291137
65.4683713	68.4690044	76.24338
57.9590063	60.6154581	67.4980963
49.1416775	51.3940025	57.2295813
42.7179756	44.67588	49.7486444
38.1552244	39.9040025	44.4349394
34.9714731	36.5743306	40.7271969
31.7332025	33.1876406	36.95596
31.6237475	33.0731681	36.8284912
31.155085	32.5830275	36.2826956
31.0492294	32.4723175	36.1594175
29.8804231	31.2499425	34.798245
30.2032163	31.5875281	35.1741631
29.7164325	31.0784344	34.6072644
30.1406431	31.5220875	35.1012925
23.4216244	24.4951144	27.2764337
22.9515456	24.0034887	26.7289875
23.2159075	24.2799694	27.0368613
24.5665144	25.69248	28.6097563
25.5403131	26.7109106	29.7438238
27.4931987	28.7533044	32.0181238
30.6685706	32.0742125	35.7161087
36.2031894	37.8625006	42.1616338
43.7094656	45.7128162	50.9033181
57.3583694	59.9872931	66.7986031
73.7150425	77.093645	85.8473131
88.085435	92.1226806	102.582827
87.1325769	91.1261525	101.473147
74.6030606	78.022365	86.8814819
56.021815	58.5894806	65.242075
43.4567175	45.4484831	50.6089725
34.1755306	35.7419081	39.8002556
30.3770137	31.7692906	35.3765644
26.813935	28.0429069	31.2270631
24.8360281	25.9743462	28.9236231
24.3210687	25.4357837	28.3239131
23.9236331	25.0201331	27.8610675
23.0703556	24.1277475	26.8673538
23.4873169	24.5638181	27.3529406
20.4609994	21.3987944	23.8285419
20.7302762	21.6804144	24.1421356
21.1050731	22.0723888	24.5786169
21.8817656	22.8846769	25.4831394
23.7831356	24.8731969	27.6974444
25.6032219	26.7767031	29.8170875
30.4428012	31.8380919	35.4531781
37.8960125	39.6329119	44.1330687
51.1767375	53.5223363	59.5995794
69.35552	72.5343125	80.770285
101.583364	106.239262	118.302306
143.755456	150.344238	167.415212
136.117312	142.356019	158.51995
93.5617194	97.8499744	108.960435
64.9027894	67.8774981	75.5847125
48.9485531	51.1920288	57.0046744
36.8482488	38.5371237	42.9128575
30.06533	31.4433213	35.0135844
25.7210163	26.8998937	29.9542656
23.3255206	24.3946081	27.164515
22.0336944	23.0435694	25.6600744
21.27236	22.2473425	24.7734362
20.7439219	21.6946844	24.1580263
20.6837663	21.6317719	24.0879719
20.09838	21.0195531	23.4062369
20.567535	21.5102119	23.9526088
21.847995	22.8493606	25.4438131
24.1452256	25.2518806	28.1191275
28.2033125	29.4959625	32.8451088
39.4510825	41.2592562	45.9440738
55.5823637	58.1298869	64.7302969
98.8572587	103.388213	115.127533
2624.65111509253	2631.80030809253	2650.32326409253
3474.01065630327	3481.83945030327	3502.12313730327
103.740698	108.495478	120.814702
62.52164	65.3872131	72.8116631
41.0316712	42.9122875	47.7848031
29.79331	31.1588369	34.6967944
25.1419569	26.2942962	29.2799063
22.1707187	23.1868763	25.8196525
20.6716619	21.6191131	24.0738738
20.1441606	21.0674331	23.4595537
21.7741369	22.7721188	25.3578006
23.8651237	24.95894	27.792925
27.7536713	29.0257144	32.3214669
36.9711812	38.6656919	43.0560244
55.9759587	58.5415212	65.1886712
97.1545238	101.607442	113.144559
1542.90106493834	1548.09663793834	1561.55786493834
75.2733419	78.7233606	87.6620788
44.21164	46.2380062	51.4881419
30.9244169	32.3417844	36.0140625
23.7503044	24.8388594	27.6592106
22.5636287	23.5977944	26.2772275
27.6839687	28.952815	32.24029
33.2934925	34.8194437	38.7730494
47.90836	50.1041588	55.7932787
63.1325719	66.0261469	73.5231456
41.4692294	43.3699006	48.2943769
30.4072987	31.8009663	35.411835
38.32919	40.0859431	44.6375338
