#?RADIANCE
genskyvec -m 1
NROWS=146
NCOLS=1
NCOMP=3
FORMAT=ascii

9.11377856	9.53149281	10.6137562
28.6966875	30.0119519	33.4196862
27.5984756	28.863405	32.1407269
27.2447081	28.4934231	31.728735
27.3581069	28.6120188	31.8607956
28.4362244	29.7395506	33.1163525
28.2213769	29.5148581	32.86615
28.1840294	29.4757987	32.8226556
28.2415306	29.5359344	32.8896194
29.3613888	30.7071194	34.1937869
27.1604862	28.4053419	31.6306512
28.7873381	30.1067588	33.5252575
28.0102537	29.2940556	32.6202769
28.8323194	30.1537994	33.5776406
30.7052569	32.1125806	35.7588325
32.7157863	34.2152575	38.1002613
39.4259262	41.2329463	45.9147787
41.8213556	43.7381669	48.7044556
57.0999312	59.7170106	66.4976331
78.929525	82.5471244	91.9200144
90.1134163	94.2436144	104.944581
116.161107	121.485144	135.279288
101.640844	106.299381	118.369229
93.0220919	97.285605	108.331982
70.4625537	73.6920869	82.0595194
50.6130806	52.9328456	58.9431531
41.79545	43.7110706	48.6742862
34.9646369	36.5671813	40.719235
32.7627169	34.26434	38.1549163
29.8624319	31.2311244	34.7772925
29.1575394	30.4939269	33.9563869
30.8083256	32.2203731	35.8788638
30.1871538	31.5707319	35.1554606
30.057385	31.4350137	35.0043287
30.059725	31.4374625	35.0070581
30.0704087	31.448635	35.0194969
29.9943662	31.3691056	34.93094
30.1554719	31.5375969	35.1185619
30.2135513	31.5983394	35.1862019
30.1252781	31.5060194	35.0834
29.9544381	31.3273475	34.8844413
30.3358944	31.7262888	35.3286787
31.0290194	32.4511812	36.1358794
32.4002525	33.8852625	37.7327956
34.7789975	36.3730331	40.5030419
38.4911181	40.2552937	44.8261175
45.8832094	47.9861875	53.4348206
54.5352487	57.0347781	63.5108469
73.4806706	76.8485338	85.5743713
103.69166	108.444184	120.757589
144.944619	151.587919	168.800081
292.500585334823	300.942342334823	322.814192334823
169.99905	177.790669	197.978075
129.233713	135.156919	150.503438
88.8478144	92.9200038	103.470692
65.9454481	68.967945	76.7989712
52.4210231	54.8236512	61.0486544
42.8212969	44.7839381	49.86897
36.9626338	38.6567538	43.0460694
33.6746481	35.2180675	39.2169356
31.86938	33.3300594	37.1145519
29.34152	30.6863387	34.1706475
28.4503794	29.7543556	33.1328394
27.9962887	29.27945	32.6040131
28.2465069	29.5411375	32.8954131
28.2059275	29.4986963	32.8481544
28.2665925	29.5621425	32.9188025
28.302335	29.5995219	32.9604281
28.5707956	29.8802913	33.2730762
28.7487906	30.0664419	33.4803637
30.2600331	31.6469519	35.2403319
32.4830525	33.9718569	37.8292238
38.0051694	39.7470719	44.26019
47.1638406	49.3255169	54.9262262
62.7443538	65.6201337	73.0710319
93.3697825	97.64922	108.736886
146.046263	152.74005	170.083044
524.038875445489	534.888382445489	562.998488445489
301.822867915117	310.400780915117	332.625423915117
108.970719	113.965205	126.905488
74.0640406	77.45864	86.2537519
52.9318469	55.3578888	61.64355
41.8106256	43.7269444	48.69196
34.6746856	36.2639406	40.3815637
31.3490731	32.7859044	36.5086088
27.9917087	29.27466	32.5986781
26.9563688	28.1918663	31.3929381
26.1822288	27.3822444	30.4913875
26.0498331	27.2437812	30.3372019
26.0909694	27.2868025	30.3851094
26.0519031	27.2459462	30.3396125
26.1636969	27.3628675	30.4698081
26.7108237	27.93507	31.1069819
27.5171956	28.7783994	32.0460688
29.0387812	30.3697244	33.8180813
31.9279931	33.3913581	37.1828113
36.9427787	38.6359881	43.0229456
43.6372975	45.6373381	50.8192725
59.9897356	62.7392631	69.8630494
84.4621212	88.3333006	98.363185
112.42226	117.574949	130.925094
147.853344	154.62995	172.187575
137.519844	143.822812	160.153319
98.7506013	103.276665	115.003294
69.0467344	72.2113744	80.41068
51.3647619	53.7189794	59.8185481
39.7428338	41.5643794	46.2838425
33.68568	35.229605	39.2297838
30.4521438	31.8478669	35.4640625
27.6847431	28.9536256	32.24119
25.9013925	27.0885375	30.16433
25.0652225	26.214045	29.1905431
24.8518188	25.9908606	28.9420144
24.9644825	26.1086862	29.0732231
25.5764669	26.7487225	29.78593
26.7416956	27.9673544	31.1429338
29.7795931	31.1444894	34.6808169
33.817865	35.3678475	39.3837231
42.7133344	44.6710294	49.7432413
53.2846263	55.7268375	62.0543906
74.79351	78.2215431	87.103275
93.1296331	97.3980662	108.457224
82.1578444	85.923405	95.67966
62.0172262	64.8596825	72.2242331
45.83817	47.9390856	53.3823706
36.1572769	37.814485	42.1081644
30.6048788	32.0076	35.6419331
27.5878587	28.8523006	32.1283619
25.7903294	26.972385	30.0349888
24.9920269	26.1374956	29.1053019
25.3667575	26.5294	29.5417037
27.0794594	28.3206	31.5362906
31.6194344	33.0686594	36.8234688
39.0525881	40.8424981	45.4799962
48.26056	50.4725013	56.2034475
59.1530712	61.8642506	68.8886831
52.2992056	54.6962494	60.9067844
40.3387519	42.18761	46.97784
31.9742731	33.43976	37.2367075
29.4017569	30.7493363	34.2407975
27.5262656	28.7878825	32.05663
29.0569819	30.3887606	33.8392787
34.1418469	35.7066806	39.7610263
38.3223781	40.07882	44.6296075
35.7277487	37.36527	41.6079425
31.3099925	32.7450331	36.4630969
