#?RADIANCE
genskyvec -m 1
NROWS=146
NCOLS=1
NCOMP=3
FORMAT=ascii

3.35779937	3.51169838	3.91043731
11.9079621	12.4537425	13.8678131
11.2890229	11.8064361	13.1470081
11.1920044	11.7049727	13.0340236
11.3836254	11.9053732	13.25718
12.0933136	12.6475913	14.0836731
12.22097	12.7810981	14.2323394
12.3182783	12.8828656	14.3456619
12.4140369	12.9830153	14.4571825
12.8983069	13.48948	15.0211556
11.6575306	12.1918324	13.5761669
12.1236671	12.679333	14.1190212
11.3749749	11.8963275	13.2471062
11.2537225	11.7695162	13.1058969
11.5139076	12.0416292	13.4089069
11.7375749	12.2755479	13.6693856
13.2824919	13.8912731	15.4685706
13.6488675	14.27444	15.8952444
17.0137794	17.7935794	19.8139675
21.6327656	22.6242669	25.1931575
25.7575913	26.9381475	29.9968619
36.1584306	37.8156925	42.1095087
58.9007469611379	60.9297375611379	66.1866775611379
67.4060178594513	69.6683984594513	75.5300272594513
37.23677	38.9434525	43.3653225
26.2414356	27.4441675	30.5603406
21.0616	22.0269225	24.5279887
16.9455669	17.7222381	19.7345256
15.1082006	15.8006613	17.5947619
13.1859938	13.7903487	15.3561887
12.3637961	12.9304713	14.3986719
13.0685087	13.6674831	15.21937
12.8204619	13.4080669	14.9304975
12.7416369	13.3256294	14.8386994
12.9329181	13.5256769	15.0614619
13.2142931	13.8199462	15.3891462
13.4308725	14.0464531	15.6413712
13.5409825	14.1616112	15.7696031
13.5674969	14.1893394	15.80048
13.4477213	14.0640756	15.6609944
13.2519006	13.8592781	15.4329437
13.0077119	13.6038988	15.1485669
12.8206306	13.4082444	14.930695
12.7495775	13.3339319	14.8479469
12.9926125	13.5881056	15.1309781
13.571675	14.1937069	15.8053456
14.8477038	15.5282231	17.2913875
16.3615975	17.1115037	19.0544444
19.3390656	20.2254394	22.5219544
23.6874162	24.7730887	27.5859713
29.0366719	30.3675175	33.8156244
36.4405619	38.1107538	42.4380719
46.3739444	48.4994169	54.0063269
58.693348066383	60.829518066383	66.364151866383
38.7913644	40.5693	45.1757781
30.4751975	31.8719775	35.4909088
24.800545	25.9372369	28.8823044
20.0886687	21.0093981	23.39493
16.9750031	17.7530238	19.7688069
15.0131163	15.7012175	17.4840263
13.7969288	14.4292881	16.0676744
13.2621987	13.8700494	15.4449369
12.9753788	13.5700844	15.1109087
12.8933619	13.4843081	15.0153938
13.0679944	13.6669444	15.2187694
13.2725238	13.8808494	15.4569612
13.3901069	14.00382	15.5938975
13.3517006	13.9636525	15.5491681
13.1868044	13.7911987	15.3571331
12.9890969	13.5844319	15.1268869
12.8792806	13.4695806	14.9989956
13.0271713	13.62425	15.1712275
13.7657025	14.39663	16.0313088
15.1914362	15.8877112	17.6916962
17.4342156	18.2332862	20.3036013
21.1447081	22.1138387	24.6247744
26.2347256	27.4371487	30.5525269
32.9237431	34.4327456	38.3424431
38.6439869	40.4151694	45.0041481
35.2696419	36.8861644	41.0744394
28.723995	30.04051	33.4514888
23.3613969	24.4321262	27.206295
19.3109006	20.1959825	22.4891544
16.1366125	16.8762062	18.7924306
14.3676388	15.0261544	16.7323119
13.5622463	14.1838488	15.7943675
13.0946019	13.6947713	15.2497569
12.9360344	13.5289362	15.0650913
12.9512056	13.5448019	15.0827587
13.0627975	13.6615094	15.2127194
13.1082887	13.709085	15.2656956
13.0789412	13.6783931	15.2315181
13.0155719	13.6121175	15.1577175
12.9296594	13.5222688	15.0576675
12.9657281	13.5599887	15.0996713
13.2887031	13.8977694	15.4758037
14.0562925	14.7005394	16.369725
15.0221925	15.7107094	17.4945956
17.2182025	18.0073688	20.0520331
20.0281644	20.9461212	23.3244675
22.7993294	23.8442981	26.5517213
26.4028744	27.6130044	30.7483494
28.6187494	29.9304394	33.3289187
28.4166013	29.7190269	33.0935019
25.2364913	26.3931613	29.3899969
21.7319956	22.7280469	25.3087225
18.3037119	19.1426325	21.3161994
16.0352031	16.7701488	18.6743325
14.5966069	15.2656169	16.9989656
13.8998806	14.5369562	16.1875712
13.2214544	13.827435	15.3974838
12.9969113	13.5926025	15.1359875
12.94587	13.5392225	15.0765456
12.9611612	13.5552137	15.0943519
12.9486369	13.5421162	15.0797675
12.9909806	13.5864019	15.1290825
13.2981575	13.9076563	15.4868125
13.8972694	14.5342281	16.1845294
15.2231944	15.9209244	17.7286781
16.8242712	17.5953831	19.5932669
19.4887512	20.3819844	22.6962775
22.1264144	23.1405413	25.7680544
23.0501437	24.10661	26.8438169
21.56182	22.55007	25.1105406
19.1731669	20.0519363	22.3287506
16.8508294	17.6231606	19.6241969
14.99703	15.6843944	17.4652919
13.9863656	14.6274062	16.2882887
13.3803812	13.9936488	15.5825706
13.0786075	13.6780425	15.2311287
13.0428487	13.6406463	15.1894837
13.2447306	13.8517806	15.4245937
13.9179725	14.5558788	16.20864
15.0911806	15.7828619	17.5749413
16.6634112	17.4271512	19.4059338
18.7409025	19.59986	21.8253431
18.7815675	19.6423887	21.8727012
17.3744044	18.1707288	20.2339412
15.3127794	16.0146137	17.8330087
14.3572844	15.0153262	16.7202563
13.731385	14.36074	15.9913437
13.8591719	14.4943838	16.1401619
14.7007831	15.3745675	17.1202862
15.8631206	16.5901806	18.4739269
15.7725725	16.4954819	18.368475
14.5352862	15.2014844	16.9275525
