#?RADIANCE
genskyvec -m 1
NROWS=146
NCOLS=1
NCOMP=3
FORMAT=ascii

24.6082463	25.7361238	28.6583556
32.0055794	33.4724994	37.2731656
31.5102844	32.9545031	36.6963538
31.3454794	32.7821462	36.504425
30.8202712	32.2328663	35.892775
29.240505	30.580695	34.0530069
29.7432781	31.1065113	34.6385275
30.9372312	32.3551856	36.0289856
32.6274037	34.1228238	37.9973306
35.0625138	36.6695444	40.83322
41.9743213	43.8981419	48.8825956
46.1600644	48.2757319	53.7572419
51.8647962	54.2419319	60.40088
54.7419894	57.2509956	63.7516106
54.7329294	57.2415206	63.7410594
51.9563462	54.3376775	60.5074981
47.5947937	49.7762206	55.4281063
43.2763194	45.2598163	50.3988819
38.1595712	39.9085494	44.4400037
33.5777363	35.1167144	39.1040731
32.8200756	34.3243275	38.221715
29.8814	31.2509612	34.7993819
30.0086456	31.3840419	34.9475712
28.6002006	29.9110425	33.3073181
30.2033587	31.58768	35.1743319
31.9085838	33.3710594	37.1602081
33.2178137	34.740295	38.6849138
34.5082119	36.0898387	40.1876913
33.154525	34.6741063	38.6112094
33.2691469	34.7939825	38.7446963
32.2311275	33.7083869	37.5358362
20.067305	20.987055	23.3700494
18.246765	19.083075	21.2498813
19.607905	20.5066	22.83504
19.0094081	19.8806719	22.1380419
19.5156556	20.4101231	22.7276087
19.8474956	20.7571712	23.1140644
22.3523625	23.3768463	26.0311913
25.3750156	26.5380356	29.5513225
29.2872881	30.6296225	34.10749
33.1374119	34.6562069	38.5912781
40.7319869	42.5988688	47.435795
48.4958669	50.7185925	56.4774806
53.88241	56.3520194	62.7505594
55.5922925	58.14027	64.7418594
51.4563219	53.8147337	59.9251769
43.2505344	45.2328481	50.3688537
37.6533731	39.3791494	43.8504925
30.2450469	31.6312781	35.2228788
25.5938881	26.7669412	29.8062156
22.1828575	23.1995712	25.8337881
20.4996406	21.4392056	23.8735413
19.5979775	20.4962181	22.8234819
17.9701181	18.7937487	20.9277025
19.3015169	20.1861688	22.4782262
19.792185	20.6993244	23.0496481
20.4501513	21.38745	23.8159075
19.6967512	20.5995187	22.93851
20.3689375	21.3025125	23.7213269
19.7957019	20.7030038	23.0537463
20.0455887	20.9643444	23.3447606
13.3643037	13.9768356	15.5638469
12.9716119	13.5661444	15.106525
13.2941694	13.903485	15.4821687
14.68865	15.36188	17.10616
16.18114	16.9227762	18.8442881
18.9602131	19.8292225	22.0807494
23.4053044	24.4780475	27.25743
30.9638831	32.3830606	36.0600244
41.1493881	43.0354013	47.9218931
56.5018881	59.0915569	65.8011594
67.3774119	70.4655412	78.4666144
59.2341406	61.9490381	68.9830956
44.555375	46.5974931	51.88845
32.9307931	34.4401181	38.3506531
24.3492769	25.4652838	28.3567619
19.5924094	20.4903931	22.8169938
16.1117638	16.8502206	18.7634931
15.1513419	15.8457769	17.6450012
13.8560194	14.4910844	16.1364875
13.0975538	13.6978575	15.2531956
13.4521712	14.0687306	15.6661762
13.556545	14.1778869	15.7877275
13.0306994	13.6279388	15.1753369
13.4908106	14.1091394	15.7111738
10.9740312	11.4770056	12.7801731
11.3260875	11.8451994	13.1901713
11.8979575	12.4432794	13.8561625
12.8368775	13.4252331	14.9496144
15.1217238	15.8148013	17.6105075
17.3983012	18.1957225	20.2617731
23.4198488	24.4932569	27.2743669
33.0993462	34.6163994	38.54695
51.2747725	53.6248656	59.7137494
76.3276344	79.8259812	88.8898981
3045.5040099233	3050.2266169233	3062.4624709233
84.2753969	88.1380188	98.1457294
57.1949063	59.8163375	66.6082388
34.7597281	36.3528812	40.4806019
24.3904606	25.508355	28.4047244
19.19145	20.0710575	22.3500444
15.510135	16.2210156	18.0628462
13.460105	14.0770262	15.6754144
12.1932669	12.7521256	14.2000794
11.4683881	11.9940212	13.3558944
11.1648819	11.6766056	13.0024356
11.0651775	11.57233	12.8863213
10.898745	11.3982706	12.6924962
11.0238519	11.5291081	12.8381925
10.5231719	11.0054837	12.2551112
11.2245519	11.7390094	13.0719269
12.6146425	13.1928131	14.6908019
15.1740887	15.8695675	17.6714919
19.5377937	20.4332731	22.7533894
31.93256	33.3961337	37.1881281
51.4886919	53.8485881	59.9628763
3351.87734982787	3356.72357782787	3369.27978382787
4206.75162412446	4211.56561612446	4224.03829912446
56.2873412	58.8671762	65.5513044
33.9678094	35.5246669	39.5583463
22.2121131	23.2301688	25.8678581
16.1576775	16.8982369	18.8169631
12.8802906	13.4706362	15.0001719
11.4960069	12.0229081	13.38806
10.6311244	11.1183838	12.3808287
10.2834712	10.7547987	11.9759612
10.2721069	10.7429113	11.962725
11.3905944	11.9126631	13.2652962
13.2433506	13.8503375	15.4229856
17.0083956	17.7879469	19.807695
25.7305263	26.9098419	29.9653437
40.05143	41.8871212	46.6432319
55.7521269	58.30743	64.9280012
42.9041325	44.8705712	49.96544
26.9725881	28.2088306	31.4118275
17.2640312	18.0552981	20.1054031
13.3895931	14.0032844	15.5932981
11.2143856	11.7283781	13.0600862
11.1678356	11.6796937	13.0058756
14.11106	14.7578169	16.4335075
18.1782994	19.0114706	21.1701444
26.2138119	27.4152781	30.52817
29.2536031	30.5943944	34.0682625
18.173215	19.0061556	21.1642263
14.1655319	14.814785	16.4969437
18.838385	19.7018094	21.93887
