#?RADIANCE
genskyvec -m 1
NROWS=146
NCOLS=1
NCOMP=3
FORMAT=ascii

5.81163737	6.078004	6.76813625
23.0508125	24.1073075	26.844595
22.0309181	23.0406681	25.6568419
21.7416775	22.73817	25.3199956
21.9042237	22.9081663	25.509295
22.9308819	23.98188	26.7049244
22.8193337	23.8652194	26.5750181
22.8412237	23.8881131	26.6005087
22.8901163	23.9392475	26.6574506
23.8370944	24.9296281	27.7602856
21.8056012	22.8050263	25.3944419
23.0227863	24.077995	26.8119544
22.071865	23.0834894	25.704525
22.371845	23.39722	26.0538788
23.4346456	24.5087337	27.2915994
24.5343162	25.6588062	28.5722581
28.9939437	30.3228331	33.7658656
30.6926919	32.0994394	35.7441994
41.61996	43.52754	48.469915
59.401945	62.124535	69.1785194
74.505645	77.9204863	86.7680369
111.333838	116.436628	129.65755
110.746061	115.821921	128.973024
103.829282	108.588115	120.917868
74.1182362	77.51532	86.3168631
49.395135	51.6590781	57.5247537
38.3421694	40.0995169	44.6526544
30.5318913	31.9312688	35.5569319
27.6083469	28.8737275	32.1522219
24.5280856	25.65229	28.5650031
23.58324	24.6641375	27.46465
24.4855156	25.6077675	28.515425
23.7995181	24.8903275	27.7165212
23.8334875	24.9258538	27.7560838
23.8814975	24.9760663	27.8119962
23.9746463	25.0734819	27.9204737
23.9059869	25.0016775	27.840515
24.188565	25.2972056	28.1696006
24.2895775	25.4028494	28.2872394
24.09614	25.2005456	28.0619638
23.5665919	24.6467263	27.4452612
23.6949581	24.7809775	27.594755
23.892135	24.98719	27.8243825
24.6588719	25.7890688	28.7173113
25.7671881	26.9481831	30.0080388
27.7963275	29.0703281	32.3711438
32.0971444	33.5682637	37.3798019
37.8054363	39.538185	44.0275819
49.0237694	51.2706894	57.0922663
69.1372025	72.3059894	80.5160375
98.7917837	103.319745	115.051274
337.57757908745	344.24719808745	361.52757908745
611.408007897536	619.856257897536	641.744919897536
135.129156	141.322575	157.369169
88.2671556	92.3127319	102.794458
62.1339675	64.9817713	72.3601844
47.248695	49.4142575	55.0250456
36.6263769	38.3050862	42.6544725
30.6402644	32.0446094	35.6831444
27.2471731	28.4960025	31.7316075
25.5073187	26.6764019	29.7053981
22.2975494	23.3195194	25.9673563
21.4714069	22.4555125	25.0052431
21.1661469	22.1362613	24.6497444
21.61656	22.6073194	25.1742875
21.6362087	22.6278669	25.1971694
21.7106962	22.7057694	25.2839169
21.6536344	22.64609	25.21746
21.6948794	22.6892263	25.2654956
21.3730881	22.3526875	24.8907425
22.1034356	23.1165087	25.7412931
23.0707888	24.1281994	26.8678562
25.9430594	27.1321181	30.2128581
30.6177325	32.021045	35.6569031
38.5535038	40.3205375	44.8987694
54.936645	57.4545725	63.978305
82.8598931	86.6576338	96.4972562
128.53275	134.423831	149.687094
342.432078323477	349.532459323477	367.928934323477
93.0779375	97.3440081	108.397021
60.969445	63.7638775	71.0040056
43.25468	45.237185	50.3736837
33.350595	34.8791625	38.8395475
26.7431294	27.9688544	31.1446044
24.0135013	25.11412	27.9657256
20.2420438	21.1698037	23.5735481
19.5396906	20.4352594	22.7555994
18.9421306	19.8103119	22.0596913
18.9446012	19.8128944	22.0625688
19.0825781	19.9571956	22.223255
19.010155	19.8814525	22.1389094
18.9358519	19.8037437	22.0523781
19.1859688	20.0653263	22.34366
19.3470494	20.2337887	22.5312531
20.0225012	20.9401962	23.3178712
21.2491831	22.2231031	24.7464469
23.3900394	24.4620819	27.2396519
26.6774131	27.9001244	31.0680687
34.5376244	36.1205969	40.2219444
45.8961544	47.9997256	53.4498981
58.0982506	60.761085	67.6602569
75.8362531	79.3120775	88.3176363
81.0746613	84.79058	94.4182025
68.4544881	71.5919819	79.7209606
50.5311431	52.8471544	58.8477312
38.10713	39.8537056	44.3789294
29.3673119	30.7133125	34.2006825
24.6078637	25.7357238	28.6579113
22.2527613	23.2726788	25.9151963
19.0944537	19.9696156	22.2370844
17.9595925	18.78274	20.9154419
17.3676575	18.1636731	20.2260837
17.3325775	18.1269881	20.1852319
17.3543906	18.1498	20.2106356
17.4675588	18.2681556	20.3424281
17.9488613	18.7715181	20.9029475
19.2417119	20.1236212	22.4085775
20.9680006	21.9290344	24.418985
24.9818944	26.1268981	29.0934994
29.4841694	30.8355269	34.3367744
39.3409244	41.1440475	45.8157881
48.8339931	51.0722187	56.8712587
47.9421588	50.1395075	55.8326438
39.2364025	41.0347369	45.6940619
30.5569069	31.9574306	35.5860669
24.7944044	25.9308125	28.8751512
21.070155	22.0358712	24.5379525
18.2820006	19.119925	21.2909125
17.046535	17.8278331	19.85211
16.624425	17.3863763	19.3605275
16.7627313	17.5310219	19.5215969
17.3458725	18.1408912	20.200715
19.247865	20.1300587	22.4157456
22.5447525	23.5780519	26.2552456
26.7163369	27.9408356	31.1134012
32.4575981	33.9452369	37.7995788
30.6776231	32.0836794	35.7266519
25.5900544	26.7629319	29.8017538
20.6921356	21.6405256	24.0977188
18.4848537	19.3320763	21.5271563
17.3262675	18.1203881	20.1778844
17.8688419	18.6878306	20.8097562
20.1254738	21.0478919	23.4377931
22.3697137	23.3949919	26.0513956
21.6571006	22.6497175	25.2215006
18.9802106	19.8501356	22.1040381
