#?RADIANCE
genskyvec -m 1
NROWS=146
NCOLS=1
NCOMP=3
FORMAT=ascii

12.32045	12.8851369	14.34819
29.9631275	31.3364356	34.8945594
29.3361763	30.6807494	34.1644231
29.0853819	30.4184619	33.8723531
29.2158006	30.5548575	34.0242356
29.6679619	31.0277419	34.5508156
29.2893931	30.6318219	34.1099406
29.4698	30.8204987	34.32004
29.1638925	30.5005712	33.963785
29.9795837	31.3536481	34.913725
29.3309431	30.6752775	34.1583313
30.4253337	31.8198262	35.4328369
30.37271	31.7647919	35.3715531
31.3170062	32.7523681	36.4712656
33.0643406	34.5797888	38.5061813
35.7973819	37.4380944	41.6890388
43.1100919	45.0859719	50.2052994
46.6746312	48.8138838	54.3564994
62.7172569	65.5917969	73.0394769
82.2819513	86.0532075	95.8241844
86.2273287	90.1794119	100.41892
96.151805	100.558751	111.976784
78.4869212	82.0842344	91.4045638
68.9999425	72.1624388	80.3561875
54.3805706	56.8730113	63.3307087
41.8574206	43.7758831	48.746455
37.06099	38.7596156	43.1606119
33.0668287	34.5823919	38.5090794
31.9656856	33.4307806	37.2267069
30.2406494	31.6266763	35.2177569
29.9682344	31.3417775	34.9005075
26.5466631	27.763385	30.9158038
25.2559619	26.4135244	29.4126719
26.2367825	27.4393019	30.5549212
25.8824525	27.0687294	30.1422738
25.7821131	26.9637919	30.0254188
25.1367488	26.28885	29.2738425
26.1219331	27.3191863	30.4211669
26.583465	27.801875	30.9586619
26.3636594	27.5719925	30.7026794
24.93635	26.079265	29.0404588
25.9576944	27.1474219	30.2299006
26.7755162	28.002725	31.18232
29.0854669	30.4185494	33.8724506
31.4091088	32.8486919	36.5785263
35.1329481	36.7432075	40.9152475
43.4273756	45.4177956	50.5748006
54.8761538	57.3913088	63.907855
75.0637594	78.50418	87.4180069
105.26061	110.085046	122.584762
132.299469	138.363175	154.07375
135.151619	141.346075	157.395338
108.157306	113.114514	125.958206
79.597745	83.2459738	92.6982088
57.7847219	60.4331862	67.2951281
44.9346319	46.994135	52.3301256
37.7093125	39.437655	43.9156381
31.8448125	33.3043669	37.0859381
29.2256194	30.5651269	34.0356738
27.327725	28.5802431	31.8254137
26.8273906	28.05698	31.242735
20.759235	21.7106969	24.1758581
19.9491775	20.8635131	23.2324813
19.7423656	20.6472238	22.9916306
20.4664581	21.4045044	23.8348969
20.3932887	21.32798	23.7496856
20.5124744	21.4526281	23.8884856
20.6270675	21.5724738	24.02194
21.0598219	22.0250619	24.5259187
20.9379694	21.8976256	24.3840113
22.6826662	23.7222869	26.4158569
24.7967481	25.9332644	28.8778794
30.6926731	32.0994194	35.7441781
40.9505225	42.8274206	47.6902975
59.8857206	62.6304787	69.7419125
98.7975037	103.325721	115.057934
157.753281	164.983644	183.716856
1288.22198916265	1295.95842116265	1316.00283316265
111.863404	116.990483	130.274269
64.5733	67.5329075	75.2009944
43.7944069	45.8016487	51.0022388
32.3113569	33.7922925	37.6292687
26.632015	27.8526481	31.0152031
22.7781656	23.8221644	26.5270744
21.6751525	22.6685975	25.2425231
17.7297975	18.5424113	20.6478281
17.3344594	18.1289531	20.1874212
16.8436719	17.6156731	19.61586
16.8917881	17.665995	19.6718969
17.0958894	17.8794513	19.9095888
17.0743462	17.85692	19.8844987
17.2055019	17.9940875	20.0372419
17.8100281	18.62632	20.7412631
18.5288156	19.3780519	21.5783506
19.99646	20.9129637	23.2875444
22.8091681	23.8545875	26.5631775
28.0897806	29.3772262	32.7128913
35.8545012	37.4978325	41.7555581
57.051025	59.6658619	66.4406756
93.2841875	97.5597131	108.637207
1532.23105467963	1538.67579867963	1555.37361667963
2081.74536896621	2089.26616896621	2108.75187496621
106.652879	111.541128	124.206174
63.3808231	66.2857775	73.812255
41.2599019	43.1509788	48.0505944
30.1487788	31.5305981	35.1107687
23.7105744	24.7973075	27.61294
20.5152612	21.4555444	23.8917331
19.0748263	19.9490894	22.2142275
16.6787119	17.4431531	19.4237506
15.8233169	16.5485519	18.4275712
15.394895	16.1004937	17.9286381
15.4380594	16.1456362	17.9789063
15.6304094	16.3468037	18.202915
16.220745	16.9641944	18.8904106
17.3225881	18.1165388	20.1735975
20.2546069	21.1829437	23.58818
24.4486344	25.5691956	28.4724738
34.7718619	36.36557	40.4947325
48.3402875	50.5558831	56.2962956
78.6888744	82.2954369	91.6397519
96.105295	100.510123	111.922639
63.307295	66.2088769	73.726625
40.7981144	42.6680275	47.5128063
27.7075731	28.9775025	32.2677812
21.328745	22.3063125	24.8391025
18.21653	19.0514531	21.2146688
16.4732656	17.2282887	19.1844913
15.5268094	16.2384531	18.0822656
15.2429312	15.9415631	17.7516631
15.7522344	16.4742119	18.3447894
17.3506181	18.1458544	20.2062412
21.8649969	22.8671425	25.4636119
30.056675	31.4342725	35.003505
40.3098569	42.1573913	46.9441906
49.79531	52.0775931	57.9907894
37.3697588	39.0825406	43.5202019
25.0142787	26.160765	29.1312138
19.21599	20.0967219	22.3786231
18.0850425	18.9139387	21.0615406
17.0618444	17.8438456	19.86994
18.7638319	19.6238394	21.8520463
23.8506219	24.9437756	27.7760394
26.6791031	27.9018956	31.0700419
23.1108613	24.17011	26.9145256
20.2682737	21.1972362	23.6040956
