#?RADIANCE
genskyvec -m 1
NROWS=146
NCOLS=1
NCOMP=3
FORMAT=ascii

3.6685985	3.83674256	4.27238881
12.1642031	12.7217281	14.1662281
11.4482236	11.9729346	13.3324119
11.273683	11.7903943	13.1291431
11.3784312	11.8999436	13.2511331
12.0087541	12.5591556	13.9851969
12.0709525	12.6242038	14.0576294
12.1245607	12.6802692	14.1200644
12.2297942	12.7903273	14.2426175
12.7266519	13.3099581	14.8212488
11.5319076	12.0604536	13.4298694
12.0824525	12.6362313	14.0710225
11.4310658	11.9549894	13.3124281
11.4253836	11.9490479	13.3058119
11.7973927	12.3381064	13.7390469
12.085695	12.6396234	14.0747994
13.7056762	14.3338512	15.9614025
14.0058087	14.6477419	16.3109331
17.3151387	18.10875	20.1649231
21.5638969	22.5522413	25.1129575
24.9949262	26.1405275	29.1086763
33.9306331	35.4857862	39.5150531
54.1878050833943	56.0126118833943	60.7405237833943
58.5764741306394	60.5619891306394	65.7062910306394
33.7548012	35.301895	39.3102831
24.794625	25.9310431	28.8754063
20.520605	21.4611313	23.8979562
16.8661075	17.6391362	19.64199
15.2864019	15.9870281	17.8022887
13.450271	14.0667406	15.6639625
12.6545581	13.2345575	14.7372875
13.5527456	14.1739112	15.7833025
13.2677319	13.8758356	15.45138
13.0530812	13.651345	15.2014
13.1620806	13.7653456	15.3283425
13.343585	13.9551663	15.5397181
13.5218894	14.1416431	15.7473681
13.5544256	14.17567	15.7852581
13.5510081	14.1720969	15.7812806
13.4749025	14.0925012	15.6926462
13.4093075	14.0239	15.6162556
13.2271963	13.8334406	15.4041719
13.1449662	13.7474425	15.3084063
13.1546906	13.7576137	15.319735
13.531925	14.1521362	15.7590538
14.2242212	14.8761644	16.5652913
15.5933956	16.3080925	18.15981
17.0701681	17.8525494	19.8796344
20.0514569	20.9704819	23.3515937
24.1344731	25.2406363	28.1066056
29.0423169	30.3734225	33.8222006
35.515085	37.1428594	41.3602794
43.912065	45.9247012	51.1392613
56.0963934303564	58.0999209303564	63.2908784303564
36.5444637	38.2194181	42.5590769
29.5055994	30.8579387	34.3617306
24.5623375	25.68811	28.6048919
20.3912938	21.3258937	23.7473631
17.4661506	18.2666825	20.3407906
15.5831706	16.2973969	18.1479
14.3431962	15.0005925	16.7038481
13.9564594	14.5961294	16.2534606
13.6149856	14.2390044	15.8557856
13.4236781	14.03893	15.6329925
13.4534631	14.0700806	15.66768
13.5819944	14.2045012	15.8173638
13.6555894	14.28147	15.9030725
13.6255088	14.25001	15.8680406
13.5105788	14.1298138	15.734195
13.4272306	14.0426456	15.63713
13.4310738	14.0466644	15.6416056
13.7120644	14.3405344	15.9688425
14.6022081	15.2714744	17.0054887
16.1545325	16.8949513	18.8133025
18.4691725	19.315675	21.5088919
22.0991644	23.1120425	25.73632
26.8928331	28.12542	31.3189475
33.0111275	34.5241369	38.4442094
37.8928031	39.6295569	44.1293306
34.6206269	36.2074044	40.3186075
28.76955	30.0881519	33.5045394
23.7996812	24.8904987	27.7167125
20.0057225	20.9226506	23.2983325
16.961375	17.7387694	19.7529344
15.1500175	15.8443919	17.6434581
14.41236	15.0729256	16.7843963
13.8531575	14.4880925	16.1331563
13.6047875	14.2283406	15.8439119
13.5411975	14.1618344	15.7698519
13.5639438	14.1856225	15.7963431
13.5895663	14.21242	15.8261825
13.5753106	14.1975112	15.8095788
13.547665	14.1685981	15.7773837
13.5607725	14.1823069	15.7926519
13.6897456	14.3171906	15.94285
14.1451431	14.7934631	16.4732
15.0567331	15.7468338	17.53482
16.1079538	16.8462344	18.759055
18.3861594	19.2288587	21.4122144
21.1949462	22.1663819	24.6832812
23.8992563	24.9946394	27.8326769
27.2877987	28.5384887	31.7789175
29.2704838	30.6120463	34.0879188
28.9285906	30.2544819	33.689755
25.8952237	27.0820888	30.1571488
22.5581375	23.5920519	26.2708337
19.2445094	20.1265494	22.4118356
16.9997956	17.7789537	19.7976787
15.5129719	16.2239825	18.0661494
14.85988	15.5409588	17.30557
14.0717306	14.716685	16.387705
13.7667825	14.3977575	16.032565
13.6283375	14.25297	15.8713356
13.6187275	14.2429194	15.8601431
13.6529075	14.2786644	15.8999488
13.760535	14.3912275	16.0252912
14.2048013	14.8558544	16.5426756
14.9239444	15.6079581	17.3801769
16.3843306	17.1352775	19.0809194
18.0747863	18.903215	21.0495963
20.7543863	21.7056281	24.1702137
23.3247256	24.3937731	27.1635869
24.151155	25.2580825	28.126035
22.660145	23.6987325	26.3896287
20.2852106	21.2149481	23.6238188
17.9401006	18.7623544	20.8927431
16.0380881	16.7731669	18.6776913
15.0050987	15.6928319	17.4746887
14.3193462	14.9756481	16.6760725
13.9230669	14.5612069	16.2145731
13.869935	14.5056406	16.1526962
14.1599119	14.8089069	16.4903981
14.9785894	15.6651069	17.4438156
16.2790725	17.0251969	18.9583375
17.9377263	18.7598725	20.8899775
20.0351162	20.9533919	23.3325613
20.0340706	20.9522969	23.3313469
18.5673356	19.4183388	21.6232119
16.4451244	17.1988575	19.1517175
15.4566744	16.1651025	18.0005856
14.7647337	15.4414519	17.1947625
14.9213525	15.6052481	17.3771587
15.8645362	16.59166	18.475575
17.1003837	17.8841506	19.9148225
16.9813213	17.7596306	19.776165
15.6776894	16.39625	18.2579756
