#?RADIANCE
genskyvec -m 1
NROWS=146
NCOLS=1
NCOMP=3
FORMAT=ascii

3.05629675	3.196377	3.55931238
15.3410744	16.0442062	17.8659606
15.6225119	16.3385444	18.1937169
16.362115	17.112045	19.0550469
18.0149987	18.8406862	20.97997
21.64175	22.6336637	25.2036231
28.3421406	29.641155	33.0067862
39.0641488	40.8545869	45.4934613
64.0269356	66.9615006	74.5647044
102.611532	107.314532	119.499654
554.062659884192	558.921446884192	571.510126884192
87.4035644	91.4095538	101.788744
50.3820188	52.6911944	58.6740631
32.8814394	34.388505	38.2931775
24.2791381	25.3919294	28.2750806
19.4577387	20.3495525	22.6601619
17.3112713	18.1047038	20.16042
15.8187137	16.5437387	18.4222125
15.432595	16.1399225	17.9725419
15.1109481	15.8035337	17.5979594
15.372225	16.0767844	17.9022363
15.6359831	16.3526325	18.2094088
15.36402	16.0682044	17.8926831
15.2610237	15.9604856	17.7727344
15.7579369	16.4801762	18.3514319
15.2393362	15.9378075	17.7474787
15.7048756	16.4246819	18.2896381
15.3105931	16.0123288	17.8304631
15.3713444	16.0758631	17.9012106
14.9200788	15.6039175	17.3756781
15.0355125	15.72464	17.5101087
12.3461144	12.9119775	14.3780787
12.0608444	12.6136325	14.0458588
13.5351419	14.1555019	15.7628013
14.8113194	15.4901731	17.2490175
18.4117069	19.2555769	21.4419688
23.5973563	24.6789006	27.4810881
34.1110137	35.6744331	39.7251194
55.6411663	58.1913844	64.7987769
612.231370334943	616.827095334943	628.734252334943
1292.84785596458	1297.84643996458	1310.79736296458
73.2381131	76.5948581	85.2918913
44.3196431	46.3509587	51.6139212
29.9219681	31.2933913	34.8466287
20.8777356	21.8346313	24.3138637
16.4260106	17.1788687	19.1294588
13.8544125	14.4894069	16.1346187
13.63414	14.2590363	15.8780925
12.1144725	12.6697188	14.1083131
11.901585	12.4470725	13.8603875
11.4989712	12.0260062	13.3915106
11.6849019	12.2204587	13.6080425
11.9946888	12.5444444	13.9688162
11.4927944	12.0195469	13.3843181
12.29499	12.8585113	14.3185413
12.4686156	13.0400913	14.5207413
12.5804831	13.1570881	14.6510225
12.0135337	12.5641537	13.9907612
12.1251169	12.6808525	14.1207106
11.850855	12.3940181	13.8013087
12.0637506	12.6166719	14.049245
9.14136375	9.56034262	10.6458803
9.21450694	9.636838	10.7310611
10.1530088	10.6183551	11.8240262
12.952955	13.5466319	15.0847956
17.738875	18.5519056	20.6583994
27.8848875	29.1629444	32.4742775
44.6510219	46.6975269	51.99984
60.578915	63.3554469	70.5492
43.2276737	45.2089419	50.3422319
27.6473531	28.9145225	32.1976469
18.5133206	19.3618475	21.5603069
13.1394725	13.7416963	15.3020087
10.7030781	11.1936365	12.4646269
9.47304212	9.9072225	11.0321482
9.12026381	9.53827606	10.6213077
9.01685525	9.43012731	10.5008799
8.783037	9.18559238	10.2285788
9.18853731	9.60967869	10.7008183
8.97122494	9.3824055	10.4477388
8.67051237	9.06791106	10.0975337
8.95705913	9.36759056	10.4312433
8.98002169	9.391606	10.4579838
8.64919525	9.04561638	10.0727097
8.94124319	9.35104963	10.4128238
7.47279113	7.81529388	8.70268831
7.90210363	8.26428331	9.20265838
8.67204288	9.06951137	10.0993173
10.0238584	10.4832855	11.6736194
13.5302913	14.1504287	15.7571531
17.0445906	17.8258019	19.8498481
23.3675725	24.4385856	27.2134875
27.4259194	28.68294	31.9397713
22.7833631	23.8276006	26.5331256
17.7781025	18.5929312	20.704085
13.0035237	13.5995181	15.1436869
9.97916662	10.4365449	11.6215725
8.84985206	9.25547056	10.306391
7.99270119	8.35903306	9.30816688
7.59186544	7.93982569	8.84136031
7.29548519	7.62986144	8.49620087
7.20919956	7.53962113	8.39571419
7.22004025	7.55095838	8.40833875
7.3214585	7.65702506	8.52644888
7.29335806	7.62763669	8.49372362
7.32068081	7.65621187	8.52554319
7.3552885	7.69240575	8.56584694
7.27588206	7.60935969	8.47337156
7.43814706	7.77906181	8.6623425
6.64223538	6.946671	7.73543706
7.1801695	7.50926044	8.36190606
8.06265525	8.43219319	9.38963487
10.1110385	10.5744614	11.7751469
12.6988306	13.2808588	14.7888462
14.5796806	15.2479156	16.9792544
14.1844656	14.8345869	16.5189937
11.1953873	11.7085092	13.0379619
9.1606745	9.58053869	10.6683698
7.69238806	8.04495563	8.9584275
6.87172681	7.18668081	8.002699
6.59929881	6.90176644	7.68543387
6.45216787	6.74789194	7.51408756
6.34439581	6.63518025	7.38857813
6.26852337	6.55583038	7.30021819
6.29199406	6.58037713	7.32755181
6.38525431	6.67791163	7.43616131
6.452907	6.74866512	7.51494837
6.31453563	6.60395156	7.35380338
6.84170331	7.15528113	7.96773406
8.26002819	8.63861238	9.61949163
9.86671163	10.3189351	11.4906081
9.39200944	9.82247613	10.9377781
7.96050163	8.32535794	9.2706675
6.92187606	7.2391285	8.06110194
6.3040735	6.59300987	7.34161925
6.00012706	6.27513263	6.98764831
5.88845975	6.15834725	6.8576025
5.92626581	6.19788606	6.90163081
5.97463669	6.24847419	6.95796294
6.13020944	6.41117731	7.13914019
6.70518963	7.01251062	7.80875244
6.99059031	7.31099194	8.14112525
6.55263844	6.85296769	7.63109394
5.92255081	6.194001	6.8973045
5.8336875	6.10106475	6.79381569
6.20421881	6.48857862	7.22533019
