#?RADIANCE
genskyvec -m 1
NROWS=146
NCOLS=1
NCOMP=3
FORMAT=ascii

23.5157119	24.5935156	27.3860075
37.4092875	39.1238794	43.5662356
37.6580744	39.38407	43.8559694
37.8031156	39.5357575	44.02488
38.0025919	39.7443775	44.25719
37.7523881	39.4827019	43.9658019
37.1097112	38.81057	43.2173519
37.0913594	38.7913781	43.1959819
36.2631644	37.9252256	42.2314781
36.5426969	38.2175688	42.5570175
37.2042013	38.9093925	43.327395
38.2220969	39.9739419	44.5128181
39.591435	41.4060419	46.1075269
42.0126331	43.93821	48.9272131
45.4798081	47.5642981	52.9650312
49.8987294	52.1857525	58.1112313
58.5390406	61.2220788	68.1735937
59.4870113	62.2134962	69.2775831
69.122385	72.2904919	80.4987794
70.9168894	74.1672456	82.5886344
64.8892419	67.8633287	75.5689331
62.1614469	65.0105137	72.3921881
53.2361487	55.6761356	61.9979331
48.8034594	51.0402844	56.8357006
44.26635	46.2952231	51.5518556
39.8519406	41.6784856	46.4109069
38.6465913	40.4178925	45.0071781
37.2902369	38.9993706	43.4275888
37.0551456	38.7535075	43.1538088
36.55546	38.2309162	42.5718806
36.8551106	38.5443019	42.9208488
31.1080581	32.5338425	36.2279275
29.8503744	31.2185169	34.7632494
31.3776862	32.8158312	36.5419312
30.9368856	32.3548263	36.0285831
30.7795212	32.1902481	35.8453187
29.875875	31.245185	34.7929487
31.0248756	32.4468481	36.1310556
31.5553425	33.0016287	36.7488281
31.489695	32.9329706	36.6723769
30.504055	31.9021594	35.5245156
32.6344825	34.1302281	38.0055756
35.0861487	36.6942625	40.8607456
39.59296	41.4076362	46.1093037
45.3777956	47.4576119	52.8462275
52.6711731	55.08527	61.3399756
64.7792619	67.7483113	75.4408519
74.1765956	77.5763544	86.3848275
87.4088637	91.4151	101.794914
89.0730375	93.1555475	103.732986
83.07714	86.8848406	96.7502544
70.7542625	73.9971625	82.3992381
57.8137644	60.46356	67.3289506
47.6481138	49.8319856	55.4902025
41.4544244	43.3544175	48.277135
37.3012406	39.0108794	43.4404056
34.90018	36.4997719	40.64417
32.2102363	33.6865363	37.5115044
31.4767356	32.9194181	36.6572844
30.581195	31.9828344	35.6143544
30.8043687	32.2162344	35.8742562
24.4401231	25.5602937	28.4625594
23.800145	24.8909831	27.7172538
23.7581469	24.8470625	27.6683438
24.6323887	25.7613725	28.6864713
24.6285988	25.7574081	28.6820556
24.9369013	26.0798425	29.0411025
25.5128475	26.6821838	29.7118369
26.8734806	28.1051806	31.2964075
28.34304	29.6420962	33.0078331
32.9402906	34.4500513	38.3617156
39.3374556	41.1404219	45.8117487
53.2768931	55.7187494	62.0453869
74.2726681	77.6768287	86.4967125
101.527634	106.180972	118.237394
118.144169	123.5591	137.588731
105.838911	110.689847	123.258231
76.5605875	80.0696125	89.1611906
57.1084062	59.7258719	66.5074994
41.9945662	43.9193156	48.9061738
34.4904862	36.0712994	40.1670475
29.8121444	31.1785319	34.7187262
27.2671906	28.516935	31.7549169
25.1861069	26.3404694	29.3313219
24.8575	25.9968006	28.9486313
21.5974781	22.5873613	25.1520637
21.3723694	22.3519356	24.8899056
21.090765	22.057425	24.5619544
21.2408044	22.2143419	24.7366894
21.7111781	22.7062731	25.2844787
22.0223262	23.0316806	25.6468337
23.0672006	24.1244487	26.8636812
24.9866906	26.1319144	29.0990844
28.2126731	29.5057519	32.8560094
33.0453469	34.5599244	38.4840631
42.6591625	44.6143731	49.6801531
60.8357156	63.6240188	70.8482638
82.9083344	86.7082975	96.5536769
133.930319	140.068781	155.973031
2796.2693950156	2804.3997760156	2825.4649080156
153.921844	160.976587	179.254825
99.2640187	103.813616	115.601231
66.0460831	69.0731938	76.9161706
45.2949306	47.3709475	52.7497231
34.7076331	36.2983981	40.4199319
28.9732494	30.3011912	33.7417675
25.3968013	26.56082	29.5766937
23.4443656	24.5188988	27.3029206
22.4848087	23.5153625	26.1854362
21.3660906	22.3453694	24.8825956
20.6880331	21.6362356	24.0929387
20.6223669	21.5675594	24.0164656
21.0045231	21.9672281	24.4615175
22.0104838	23.0192963	25.6330419
24.8910506	26.03189	28.9877056
28.97639	30.3044744	33.7454231
39.6882712	41.5073175	46.2203031
55.1664438	57.6949044	64.2459256
92.7709375	97.02294	108.039489
2498.98586292566	2505.47741392566	2522.29643192566
3214.77261284048	3223.10344484048	3244.68791984048
108.654273	113.634258	126.536949
59.5911238	62.3223825	69.3988331
40.8133706	42.68398	47.5305719
30.3287	31.718765	35.3203012
25.0371413	26.1846756	29.1578369
22.6114431	23.6478	26.3329119
22.60976	23.64604	26.3309506
22.3808012	23.4065875	26.0643106
22.7658219	23.8092544	26.5126981
25.1711194	26.3247944	29.3138662
31.5169581	32.9614837	36.704125
47.8708894	50.0649712	55.749645
76.2264238	79.7201319	88.7720225
97.8944225	102.38125	114.006221
81.8565537	85.6083131	95.3287775
49.1763994	51.4303156	57.2700169
31.36616	32.8037744	36.5285094
25.90303	27.0902531	30.1662394
27.8074844	29.081995	32.3841338
28.2045319	29.4972388	32.8465294
34.8992119	36.4987594	40.6430438
49.8167094	52.0999731	58.0157106
47.3161188	49.4847738	55.1035675
35.58302	37.2139094	41.4393944
35.5355163	37.1642262	41.3840719
