#?RADIANCE
genskyvec -m 1
NROWS=146
NCOLS=1
NCOMP=3
FORMAT=ascii

1.74020219	1.81996131	2.0266105
13.14959	13.7522806	15.313795
13.2927864	13.9020394	15.4805594
13.7396074	14.3693381	16.0009181
15.0606269	15.7509069	17.5393556
18.4058912	19.2494956	21.4351962
24.0118587	25.1124025	27.9638125
33.1132856	34.6309763	38.5631819
55.5909488	58.1388656	64.7402963
91.9318225	96.1453594	107.062269
510.730251840505	514.597434340505	524.616954340505
64.3110562	67.2586475	74.8955912
36.2593075	37.9211925	42.2269875
24.4458006	25.5662313	28.4691719
18.9331775	19.80095	22.0492637
15.4616775	16.1703369	18.0064119
14.411165	15.0716762	16.7830038
12.86398	13.453577	14.9811756
13.127945	13.7296431	15.2885875
12.8950775	13.4861031	15.017395
12.648597	13.2283238	14.7303444
13.1402131	13.7424719	15.3028725
12.5424874	13.1173509	14.6067719
12.6900312	13.2716579	14.7786
12.8230013	13.4107219	14.9334519
12.1735952	12.7315506	14.1771656
12.6106913	13.1886806	14.6862006
12.2490928	12.8105108	14.2650919
12.7922113	13.37852	14.8975975
12.4718557	13.0434827	14.5245169
12.8529956	13.44209	14.9683837
11.9169725	12.4631669	13.8783081
11.7184406	12.2555362	13.6471013
12.9771494	13.5719344	15.1129725
14.1571587	14.8060294	16.4871925
17.3106981	18.104105	20.1597525
21.8929969	22.8964238	25.4962188
31.1753813	32.6042506	36.3063313
49.97835	52.2690225	58.2039569
506.61174953926	510.59513073926	520.91571453926
586.714110103622	590.219774503622	599.302631403622
53.6996169	56.1608463	62.5376819
34.2346813	35.8037713	39.8691412
24.3204187	25.4351044	28.3231569
17.8137225	18.6301825	20.7455644
14.6848675	15.357925	17.1017525
12.89078	13.4816081	15.0123888
12.8433056	13.4319569	14.9570994
11.5926187	12.1239475	13.5005713
11.425092	11.9487406	13.3054706
11.0508374	11.5573338	12.8696213
11.1185006	11.6280987	12.94842
11.307505	11.8257656	13.1685312
10.8175999	11.3134069	12.5979975
11.3995726	11.9220519	13.2757519
11.5807977	12.1115831	13.486805
11.6818503	12.2172662	13.6044875
11.2851658	11.8024031	13.1425188
11.4466252	11.97126	13.3305494
11.3232735	11.8422569	13.1868956
11.6217209	12.1543813	13.5344631
8.62561869	9.02095925	10.045252
8.58608	8.97960875	9.99920619
9.34803069	9.7764815	10.8865616
11.826796	12.3688556	13.7732894
15.6909438	16.4101112	18.2734106
23.6212969	24.7039387	27.5089706
35.1188481	36.7284619	40.8988287
42.7495775	44.7089319	49.7854462
30.2831475	31.6711244	35.2672506
20.7086162	21.6577594	24.11691
14.7638519	15.4405288	17.1937356
11.3115959	11.8300445	13.1732975
9.63834619	10.0801029	11.2246575
8.70873575	9.10788538	10.1420482
8.53693687	8.92821275	9.94197512
8.47050163	8.85873287	9.86460538
8.1582875	8.53220862	9.50100637
8.57395588	8.96692856	9.98508662
8.26872581	8.64770856	9.62962063
7.90913069	8.27163256	9.21084225
8.25392487	8.6322295	9.61238431
8.3397205	8.72195731	9.7122995
8.02786988	8.39581362	9.34912381
8.40651406	8.79181262	9.79008719
6.41328312	6.707225	7.46880294
6.76470763	7.07475631	7.87806612
7.23377744	7.56532537	8.42433719
8.25406088	8.6323715	9.61254175
10.7840838	11.2783533	12.558965
13.0744531	13.6736994	15.22629
16.6723688	17.4365181	19.4163638
18.7980738	19.6596512	21.8919244
15.4916762	16.20171	18.0413475
12.5586238	13.1342269	14.6255638
9.676089	10.1195766	11.2686122
7.75973525	8.11538937	9.03685875
7.18506469	7.51437981	8.367607
6.76787856	7.07807263	7.88175881
6.53648256	6.83607112	7.61227925
6.24447506	6.53068006	7.272212
6.16865906	6.45138919	7.18391794
6.17672737	6.45982719	7.19331419
6.2878225	6.57601431	7.32269369
6.24422994	6.5304235	7.27192625
6.28984206	6.578126	7.32504538
6.36321544	6.65486281	7.410495
6.274716	6.56230694	7.30743025
6.48856837	6.78596106	7.556479
5.155827	5.3921355	6.00439031
5.51513663	5.7679135	6.42283644
5.99307306	6.26775538	6.97943344
7.31879212	7.6542365	8.52334362
8.81117194	9.21501725	10.2613441
9.59066375	10.0302368	11.1691279
9.30267625	9.72904856	10.8337428
7.65268237	8.00343	8.91218713
6.51051144	6.80890969	7.5820335
5.75049612	6.01406038	6.69693237
5.17875531	5.41611487	6.03109238
5.13797988	5.3734705	5.98360606
5.07417031	5.30673631	5.90929463
4.955786	5.182926	5.771426
4.84813419	5.07034019	5.64605681
4.88610394	5.11005013	5.69027562
5.01027738	5.23991487	5.83488569
5.05257031	5.28414625	5.88413931
4.50378244	4.71020575	5.24503025
4.70152844	4.917015	5.47532187
5.52720312	5.78053306	6.43688887
6.3856185	6.67829244	7.43658512
6.00006469	6.2750675	6.98757562
5.23833206	5.47842219	6.10047456
4.75351981	4.9713895	5.53587031
4.42308344	4.62580781	5.15104944
4.2983615	4.49536962	5.00580044
4.20861425	4.40150887	4.90128206
4.29040844	4.48705181	4.99653819
4.24611006	4.44072325	4.94494931
4.05484725	4.24069425	4.72220775
4.30503969	4.50235356	5.01357731
4.43053444	4.63360056	5.15972662
4.24852462	4.44324844	4.94776113
3.90874894	4.08789969	4.55206394
3.90473781	4.08370494	4.54739281
3.98262087	4.16515737	4.63809406
