#?RADIANCE
genskyvec -m 1
NROWS=146
NCOLS=1
NCOMP=3
FORMAT=ascii

26.0586681	27.2530206	30.3474913
35.5969531	37.2284775	41.4556187
34.7443456	36.3367931	40.4626869
34.0605562	35.6216638	39.6663581
32.4673475	33.9554325	37.8109331
29.0554056	30.3871106	33.8374419
28.6885944	30.0034869	33.41026
29.0623875	30.3944113	33.8455719
29.8523438	31.2205731	34.7655444
30.848545	32.262435	35.9257019
38.1942881	39.9448594	44.4804344
39.6347419	41.4513325	46.1579619
45.5606394	47.6488362	53.0591656
48.2332725	50.4439631	56.1716681
48.7330869	50.9666844	56.7537444
49.0099181	51.2562025	57.0761369
46.0983369	48.211175	53.6853562
44.2588962	46.2874269	51.5431744
38.916705	40.7003856	45.3217475
34.3691256	35.9443762	40.0257138
33.4858406	35.0206094	38.997055
29.402015	30.7496044	34.2410956
29.5223794	30.8754869	34.3812719
27.7171513	28.9875213	32.2789356
29.7015919	31.0629131	34.5899806
32.8183069	34.3224788	38.2196556
34.951285	36.5532181	40.7036869
37.7772119	39.5086669	43.994715
36.2406581	37.9016875	42.2052694
37.1609156	38.8641225	43.2769863
35.98339	37.6326263	41.9056588
19.6107937	20.5096219	22.8384069
17.2615881	18.0527438	20.1025588
18.5203112	19.3691569	21.568445
17.3197381	18.1135594	20.1702806
17.2625862	18.0537887	20.1037238
17.0992656	17.8829813	19.9135194
19.1072319	19.9829781	22.2519638
21.3405731	22.3186787	24.8528744
23.8988225	24.9941844	27.8321719
25.45105	26.617555	29.6398706
30.1606719	31.5430362	35.1246181
34.8735312	36.4718994	40.6131344
39.7576281	41.5798512	46.3010719
42.8606063	44.82505	49.9147506
42.0147812	43.9404594	48.9297162
37.9491206	39.6884544	44.1949156
34.9064287	36.5063044	40.6514462
28.9884181	30.3170544	33.7594306
24.98563	26.130805	29.0978494
21.5808394	22.5699588	25.1326856
19.6152688	20.5143	22.8436156
18.2572075	19.093995	21.2620406
16.3594388	17.1092456	19.0519312
17.4941581	18.2959744	20.3734069
18.0673025	18.8953881	21.0408806
19.0069987	19.8781512	22.1352338
18.559655	19.4103044	21.6142656
19.6659863	20.5673406	22.9026794
19.2303562	20.1117488	22.3953556
19.6129	20.5118231	22.8408556
11.9821219	12.5313038	13.9541825
11.4594306	11.9846556	13.3454631
11.5728481	12.1032694	13.477545
12.6219237	13.2004281	14.6992819
13.6567619	14.2826963	15.9044369
15.5797194	16.2937875	18.1438813
18.3379394	19.1784294	21.3560606
22.5433275	23.5765638	26.2535869
27.6116894	28.8772237	32.1561144
37.0954244	38.79563	43.2007156
47.2945225	49.4621869	55.0784156
48.2430394	50.4541756	56.1830413
39.5335688	41.3455219	46.0401369
30.58222	31.983905	35.6155463
23.3521494	24.4224569	27.1955269
19.0969675	19.9722437	22.2400106
15.5628231	16.2761194	18.1242075
14.2331131	14.8854625	16.5756469
12.6126644	13.1907437	14.6884981
11.7387706	12.2767981	13.6707788
11.9736112	12.5224019	13.9442694
12.11905	12.6745075	14.1136456
11.6793219	12.214625	13.6015444
12.1964981	12.7555037	14.2038388
9.62301006	10.0640644	11.2067975
9.8753605	10.3279813	11.5006806
10.2874881	10.7589975	11.9806394
10.9929537	11.4967962	12.8022106
12.6187725	13.1971312	14.6956119
14.0873462	14.733015	16.4058894
17.4740906	18.2749863	20.3500356
22.59979	23.6356106	26.3193406
32.6274931	34.12292	37.9974362
49.0166231	51.2632169	57.0839475
80.3420537	84.0243931	93.5650237
1577.57230122789	1581.73369862789	1592.51553942789
60.4860094	63.2582819	70.4409994
33.8509612	35.4024625	39.4222662
23.4685894	24.5442344	27.3311294
18.6151775	19.4683725	21.6789256
15.1146263	15.80738	17.6022425
12.9754788	13.5701888	15.1110269
11.4399881	11.9643194	13.3228194
10.4945579	10.9755569	12.2217869
10.0250052	10.4844842	11.6749544
9.82986431	10.2803997	11.4476969
9.64130819	10.0832017	11.2281087
9.71109475	10.1561859	11.3093806
9.35549338	9.7842865	10.8952531
9.86519188	10.317347	11.48884
10.888225	11.38727	12.6802469
12.574595	13.1509306	14.644165
15.1777681	15.8734163	17.6757762
22.1987356	23.2161781	25.8522787
34.7017281	36.2922231	40.4130562
1484.72226073651	1488.49879263651	1498.28346763651
7794.58099679326	7800.37651079326	7815.39217979326
67.5364481	70.6318675	78.6518237
34.8378862	36.4346206	40.5716231
21.4683638	22.4523306	25.0017006
15.6321037	16.3485763	18.2048894
12.4060713	12.9746844	14.4479044
10.8991362	11.3986775	12.6929519
9.84446369	10.2956668	11.4646988
9.32058781	9.74778125	10.8546025
9.20703212	9.62902075	10.7223575
10.2120042	10.6800537	11.8927294
11.5156169	12.0434162	13.4108975
13.8837181	14.5200538	16.1687475
19.2098556	20.090305	22.3714762
30.3754675	31.767675	35.3747656
53.2370362	55.6770662	61.9989681
45.1706281	47.2409494	52.6049656
26.17581	27.3755331	30.4839125
16.3524956	17.1019837	19.0438444
12.6689706	13.2496325	14.7540719
10.4703513	10.9502419	12.1935987
10.2321606	10.701135	11.916205
12.5007519	13.0737031	14.5581681
15.2369762	15.9353356	17.7447288
21.6345131	22.6260931	25.1951931
26.2291444	27.4313131	30.5460281
16.4232225	17.1759525	19.1262119
12.9177206	13.5097831	15.0437625
16.3074906	17.0549175	18.9914325
