#?RADIANCE
genskyvec -m 1
NROWS=146
NCOLS=1
NCOMP=3
FORMAT=ascii

5.80598819	6.07209544	6.76155725
15.6970894	16.4165394	18.2805719
14.7170531	15.3915837	17.139235
14.3792075	15.038255	16.7457869
14.3401363	14.9973919	16.7002844
14.9339406	15.6184137	17.3918194
14.8749219	15.5566894	17.3230862
14.8475862	15.5280994	17.2912506
14.9990563	15.6865131	17.4676513
15.6212363	16.3372088	18.1922319
14.3051919	14.9608456	16.6595888
15.1628637	15.8578275	17.6584206
14.6207713	15.2908881	17.0271062
14.8993506	15.5822369	17.3515362
15.6329181	16.3494263	18.2058375
16.1527619	16.8930937	18.8112369
18.3362744	19.1766856	21.35412
18.5558963	19.4063756	21.6098894
22.5809369	23.6158956	26.2973831
27.1860006	28.4320244	31.660365
30.0918337	31.4710425	35.0444519
38.5610469	40.3284281	44.9075562
81.0365855431298	82.8861086431298	87.6780580431298
41.132905	43.0181631	47.9026981
34.4904481	36.0712594	40.1670044
27.1971087	28.4436419	31.6733
23.7057575	24.79227	27.6073294
20.2950575	21.2252475	23.6352869
19.0012675	19.8721569	22.12856
17.0897113	17.8729888	19.9023931
16.2917362	17.0384394	18.9730844
17.9380306	18.7601913	20.8903331
17.59369	18.4000669	20.4893181
17.0549838	17.8366706	19.8619513
17.028845	17.8093344	19.8315112
17.0353025	17.8160862	19.8390306
17.1732462	17.9603513	19.9996763
17.0335375	17.8142406	19.8369737
16.9645487	17.7420894	19.7566319
16.9848831	17.7633544	19.7803125
17.2398825	18.0300438	20.0772806
17.18969	17.9775494	20.0188275
17.3752537	18.1716169	20.2349306
17.6058656	18.4128	20.5034975
18.4421444	19.2874075	21.4774125
19.609245	20.5080006	22.8366
21.5744231	22.5632506	25.125215
23.3218719	24.3907894	27.160265
27.2103038	28.4574425	31.6886675
31.9489581	33.4132856	37.2072263
37.6144537	39.33845	43.8051688
44.5507169	46.5926231	51.883025
151.927266088918	154.342560988918	160.600377888918
95.5683936712681	97.8360580712681	103.711386271268
40.5628594	42.4219913	47.2388344
34.0239387	35.5833669	39.6237137
29.33858	30.683265	34.1672219
25.4535213	26.6201419	29.6427487
22.3923625	23.4186775	26.0777737
20.4088219	21.3442275	23.7677762
18.9456988	19.8140431	22.0638463
19.0534813	19.9267656	22.1893681
18.5703294	19.4214687	21.6266975
18.11933	18.9497988	21.1014712
17.8203012	18.6370625	20.7532263
17.805915	18.6220212	20.736475
17.7989012	18.6146831	20.7283038
17.799505	18.615315	20.7290081
17.8079831	18.6241812	20.7388806
18.0346163	18.8612025	21.0028156
18.3717519	19.21379	21.3954369
19.1100594	19.9859362	22.2552575
20.6593944	21.6062813	24.0595881
22.9901119	24.0438256	26.7739037
26.1889969	27.389325	30.4992706
30.7780937	32.1887562	35.8436563
36.5931831	38.27037	42.6158144
43.9139669	45.9266881	51.1414756
48.5375844	50.7622225	56.5260631
42.6423163	44.5967531	49.6605325
36.0487281	37.7009613	41.9817513
30.3339306	31.7242356	35.3263925
26.1679069	27.3672688	30.4747094
22.8487712	23.8960056	26.6093
20.6094056	21.5540031	24.0013713
20.1016956	21.0230212	23.4100994
19.2339719	20.11553	22.3995656
18.7532356	19.6127575	21.8397069
18.49275	19.3403325	21.53635
18.3130488	19.1523963	21.3270738
18.3087212	19.1478712	21.3220319
18.3581775	19.1995931	21.3796275
18.4456375	19.2910625	21.4814844
18.7668412	19.6269869	21.8555519
19.2124294	20.0929975	22.3744763
20.1857231	21.1109006	23.5079569
21.7749694	22.7729869	25.3587669
23.3656044	24.4365256	27.2111937
26.5571944	27.7743975	30.9280681
30.2879206	31.6761156	35.2728081
33.7891588	35.3378281	39.3502931
37.8624525	39.5978138	44.093985
39.7338594	41.5549931	46.2733906
38.2932919	40.0483994	44.5957313
34.1874469	35.7543706	39.8141331
30.0702681	31.4484875	35.019335
26.1101444	27.3068587	30.4074413
23.4346269	24.5087125	27.2915769
21.5224875	22.5089362	25.0647338
21.0411169	22.0055013	24.5041356
19.8324419	20.7414294	23.0965331
19.2901569	20.1742906	22.4649987
18.9132956	19.7801556	22.0261106
18.8632806	19.7278475	21.9678631
19.0798675	19.9543631	22.2200969
19.4301369	20.3206837	22.6280138
20.4206013	21.3565431	23.7814906
21.7012275	22.6958669	25.27289
23.976705	25.0756362	27.9228706
26.435645	27.64728	30.7865144
30.01353	31.3891512	34.9532606
33.2095788	34.731685	38.6753244
33.7746656	35.3226694	39.333415
31.5154738	32.9599306	36.7023963
28.2488406	29.5435787	32.8981306
25.1289469	26.2806875	29.2647531
22.6574306	23.6958944	26.386465
21.4819287	22.4665181	25.0174975
20.4785831	21.4171844	23.8490194
19.7707356	20.6768938	23.0246687
19.700655	20.6036019	22.943055
20.3623956	21.2956719	23.7137075
21.8623612	22.8643863	25.4605431
23.9146269	25.0107112	27.850575
26.2962006	27.50144	30.6241175
29.0226725	30.3528781	33.7993225
28.7152887	30.0314056	33.4413494
26.4404938	27.6523488	30.7921594
23.5838281	24.6647519	27.4653325
22.3917606	23.4180488	26.0770725
21.3948525	22.3754494	24.91609
21.7354956	22.7317044	25.3127962
23.2627931	24.3290037	27.0914625
24.986845	26.1320731	29.099265
24.64731	25.7769781	28.7038481
22.8845188	23.93339	26.6509281
