#?RADIANCE
genskyvec -m 1
NROWS=146
NCOLS=1
NCOMP=3
FORMAT=ascii

20.4877356	21.4267556	23.8596769
26.75951	27.9859875	31.1636812
26.0184056	27.2109144	30.3006031
25.9784331	27.16911	30.2540525
25.9441025	27.1332069	30.2140712
25.4979706	26.6666263	29.6945131
27.3285306	28.5810862	31.8263525
29.7995769	31.16539	34.7040912
33.7444775	35.2910994	39.2982588
38.7529294	40.5291037	45.1310175
47.5310506	49.709555	55.3538731
54.29401	56.7824837	63.2299019
57.7060181	60.3508769	67.2034706
55.3232838	57.8589313	64.4285756
49.4957056	51.7642575	57.6418769
42.6828694	44.6391669	49.7077606
36.2612037	37.9231756	42.2291969
32.9212388	34.4301281	38.3395281
28.3899106	29.6911138	33.0624169
25.6370919	26.8121231	29.8565306
26.2480725	27.4511087	30.5680681
24.66144	25.791755	28.7203025
25.9692781	27.1595356	30.2433894
25.3995906	26.5637375	29.5799412
27.6593469	28.927065	32.2116156
29.591485	30.9477612	34.4617525
30.7115375	32.1191494	35.7661475
31.5060694	32.9500975	36.6914469
29.5325844	30.88616	34.3931562
29.0341256	30.364855	33.8126606
27.3908356	28.6462481	31.8989125
16.5402712	17.298365	19.262525
14.9694956	15.6555981	17.4332256
16.2108275	16.9538237	18.8788606
16.1137706	16.8523187	18.7658306
17.3825425	18.1792419	20.24342
18.70744	19.5648619	21.786375
22.2009394	23.2184831	25.854845
27.1039937	28.3462594	31.56486
34.2226731	35.7912094	39.8551537
42.5430062	44.4928938	49.5448781
53.8311469	56.2984075	62.6908606
60.8756925	63.665825	70.8948181
57.3412413	59.96938	66.7786563
48.0238169	50.2249069	55.9277388
38.1092587	39.8559344	44.38141
29.0265337	30.3569138	33.80382
25.2916319	26.4508306	29.454215
20.0263462	20.9442187	23.32235
17.6150131	18.4223663	20.51415
15.8108712	16.5355369	18.4130794
15.4252381	16.1322281	17.9639762
15.6448837	16.3619419	18.2197744
14.8956994	15.5784175	17.347285
16.78338	17.5526156	19.5456444
17.5598512	18.3646781	20.44991
18.2475625	19.0839106	21.2508094
17.3594406	18.1550812	20.2165162
17.6952638	18.5062956	20.60761
16.8443469	17.6163794	19.6166462
16.7654894	17.5339075	19.5248112
10.960791	11.4631587	12.7647538
10.6918434	11.1818862	12.4515431
11.2251538	11.73964	13.0726269
13.0114525	13.6078106	15.1529225
15.3587238	16.062665	17.8865144
19.7538156	20.6591969	23.0049656
27.3592013	28.6131625	31.86207
41.4020619	43.2996556	48.2161525
60.9508969	63.7444775	70.9824006
76.1986	79.6910319	88.7396194
63.6018181	66.5169006	74.0696219
38.8912562	40.6737713	45.2921113
25.8658056	27.0513206	30.122885
18.9109713	19.7777219	22.0234019
14.91258	15.5960731	17.3669437
12.8461169	13.4348956	14.9603744
11.3502906	11.8705119	13.21836
11.4365156	11.9606875	13.3187744
11.0429456	11.5490825	12.8604313
10.7024808	11.1930106	12.4639319
11.3158964	11.8345413	13.1783063
11.4500221	11.9748131	13.3345056
10.8427577	11.3397169	12.627295
11.1470685	11.6579762	12.9816919
8.87596313	9.28277769	10.3368001
9.2939655	9.719939	10.8235969
10.0570829	10.5180309	11.71231
11.259575	11.77564	13.112715
14.27982	14.93431	16.63004
17.4982794	18.3002837	20.3782081
26.72172	27.9464637	31.1196731
43.2341344	45.2156981	50.349755
1750.14336348869	1753.67882918869	1762.83892098869
6421.29827962978	6426.35736962978	6439.46502662978
69.5910581	72.7806481	81.0445844
38.6609887	40.4329494	45.0239444
26.6197387	27.8398094	31.0009044
17.7250537	18.5374519	20.642305
13.6027725	14.2262319	15.8415631
11.4447225	11.9692706	13.3283325
10.0092096	10.4679639	11.6565594
9.291394	9.71724963	10.8206031
8.99715844	9.40952775	10.4779402
8.82263281	9.22700331	10.2746913
8.83730231	9.24234494	10.2917752
8.89659869	9.30435975	10.3608311
8.76384044	9.16551625	10.2062227
8.90278387	9.31082756	10.3680334
8.26856744	8.64754313	9.62943606
9.07273269	9.48856625	10.5659531
10.5657892	11.0500519	12.3047425
13.5889219	14.2117456	15.8254325
18.8695869	19.7344419	21.9752069
33.4935213	35.0286375	39.0059963
53.8522862	56.3205113	62.7154781
1653.5342355616	1656.3873993616	1663.7796999616
40.7374744	42.6046056	47.4421844
23.7153269	24.8022788	27.618475
16.1174175	16.8561306	18.770075
12.0362031	12.5878625	14.0171625
9.79775212	10.2468155	11.4102994
8.55958638	8.95190063	9.9683525
8.06390931	8.43350506	9.39109488
7.83168206	8.19063394	9.120647
7.83773781	8.19696725	9.12769925
7.94739781	8.31165337	9.25540756
8.64941469	9.04584606	10.0729657
10.2673948	10.7379844	11.9572381
13.9237463	14.5619175	16.2153625
21.9628537	22.9694838	25.5775744
29.3072531	30.6505025	34.1307394
28.321135	29.6191881	32.982325
19.7015663	20.6045525	22.9441156
13.6999106	14.3278219	15.9546881
10.0835326	10.5456933	11.7431138
8.65426925	9.050923	10.078618
7.92011394	8.28311881	9.22363306
8.1216375	8.49387894	9.45832419
9.91926506	10.3738971	11.5518106
12.7684519	13.3536731	14.8699269
16.697195	17.4624812	19.4452744
16.1009019	16.8388594	18.7508431
10.9393469	11.4407329	12.7397825
9.33214981	9.75987244	10.8680648
12.0487544	12.6009881	14.0317775
