#?RADIANCE
genskyvec -m 1
NROWS=146
NCOLS=1
NCOMP=3
FORMAT=ascii

26.8264569	28.0560025	31.241645
37.8567494	39.5918487	44.0873419
38.1645281	39.9137356	44.4457756
38.3251306	40.0816988	44.6328131
38.4790206	40.2426425	44.8120281
38.038	39.7814094	44.2984244
37.4428119	39.15894	43.6052775
37.4642213	39.1813306	43.63021
36.6921	38.3738213	42.7310106
36.8873219	38.5779906	42.9583631
38.0226	39.7652994	44.2804869
38.99552	40.7828156	45.4135356
40.7143194	42.5803931	47.41522
43.3543531	45.34143	50.4897625
46.9720069	49.1248906	54.7028206
51.458785	53.8173119	59.9280481
59.7162025	62.4531938	69.5444988
60.2037763	62.9631131	70.1123156
68.3486206	71.4812613	79.5976656
68.5099969	71.6500387	79.7856044
62.4917313	65.355935	72.7768325
59.3181606	62.0369081	69.080945
51.4716725	53.8307894	59.9430537
47.3827087	49.554415	55.181115
43.5272625	45.52226	50.6911269
39.8549962	41.6816831	46.4144681
38.8509069	40.6315725	45.24512
37.7969206	39.5292794	44.0176675
37.4772269	39.1949331	43.6453563
37.1272356	38.8289006	43.2377638
37.3371656	39.0484506	43.4822431
31.05442	32.4777462	36.1654606
29.7545894	31.1183406	34.6517
31.2834256	32.7172469	36.4321575
30.8090544	32.2211344	35.8797119
30.6519856	32.0568675	35.6967937
29.7689856	31.1333969	34.6684662
30.9670506	32.3863737	36.0637144
31.5825675	33.0301	36.7805344
31.6520294	33.1027444	36.8614263
30.8247656	32.2375656	35.8980106
33.1760381	34.6966063	38.636265
35.9062587	37.55196	41.8158319
40.7251706	42.59174	47.4278575
46.9220363	49.0726288	54.6446238
54.4728062	56.9694744	63.4381269
66.3580562	69.3994631	77.27949
74.53853	77.9548763	86.8063319
85.2673975	89.1754837	99.3009925
84.0199069	87.8708169	97.84819
76.8663444	80.3893819	89.5172637
65.3143031	68.3078744	76.063955
53.9305394	56.402355	62.8066112
44.9553938	47.0158481	52.354305
39.8329563	41.6586338	46.3887994
36.3055819	37.9695869	42.2808787
34.2897488	35.8613625	39.9332719
31.8530788	33.3130094	37.095565
31.2989331	32.7334662	36.4502169
30.477045	31.8739087	35.4930606
30.7426187	32.1516544	35.8023444
24.294815	25.4083262	28.2933381
23.6626081	24.7471431	27.5570813
23.6300094	24.7130512	27.5191181
24.5167787	25.6404644	28.5518338
24.5564631	25.6819675	28.59805
24.9476538	26.0910894	29.0536244
25.65712	26.8330712	29.8798575
27.2244419	28.47223	31.7051344
28.979935	30.30818	33.7495525
34.0572613	35.6182169	39.66252
41.1195681	43.0042131	47.8871669
56.0242706	58.5920475	65.2449369
77.4602688	81.0105281	90.2089381
102.411129	107.104975	119.266312
111.729171	116.850075	130.117931
95.863065	100.256788	111.640536
69.1350256	72.3037112	80.5135012
52.4918488	54.8977238	61.1311369
39.4928312	41.3029188	45.9926931
32.974575	34.4859087	38.4016412
28.9798975	30.3081437	33.7495088
26.7769525	28.0042281	31.1839937
24.8899138	26.0307025	28.9863812
24.6692762	25.7999525	28.7294294
21.4282281	22.4103563	24.95496
21.2440938	22.2177813	24.7405206
21.0023306	21.9649356	24.4589638
21.1839306	22.1548619	24.6704531
21.72508	22.7208113	25.3006656
22.1129831	23.1264938	25.7524112
23.3418275	24.4116625	27.1835056
25.5098138	26.6790112	29.7083044
29.1783025	30.5156419	33.9805662
34.608065	36.1942663	40.3039769
45.4018125	47.4827275	52.874195
65.78168	68.7966713	76.6082519
89.7399775	93.8530556	104.509692
140.319375	146.750675	163.413606
2951.10988670224	2958.76658070224	2978.60443670224
135.684888	141.903763	158.016381
88.4725806	92.5275719	103.033708
60.1151744	62.8704494	70.0091319
42.2329387	44.1686131	49.1837781
33.0206975	34.534145	38.455355
27.9892706	29.2721113	32.5958406
24.8356431	25.9739419	28.9231775
23.0860675	24.1441781	26.88565
22.241635	23.2610412	25.9022369
21.192535	22.1638594	24.680475
20.6075275	21.5520375	23.9991838
20.6304919	21.5760544	24.0259281
21.1129356	22.0806106	24.5877713
22.2754556	23.2964125	25.9416256
25.559285	26.7307525	29.7659188
30.1818169	31.56515	35.1492437
42.3168925	44.2564138	49.2815494
59.8835912	62.6282537	69.7394356
102.597951	107.300366	119.483868
3823.32504462424	3830.47434462424	3848.99758162424
3259.75445344517	3267.57349744517	3287.83198444517
98.8511156	103.38179	115.120371
55.5504619	58.0965231	64.6931462
38.8140169	40.5929925	45.2021606
29.3300825	30.6743762	34.1573263
24.511105	25.63453	28.545225
22.3149725	23.3377413	25.9876469
22.5098137	23.5415112	26.2145538
22.4647325	23.4943656	26.1620538
23.052785	24.10937	26.8468894
25.8184681	27.0018144	30.0677594
32.9308356	34.4401669	38.3507062
51.2547794	53.6039531	59.6904644
82.7423594	86.5347094	96.3603719
102.864839	107.579476	119.794696
79.5814562	83.2289387	92.6792406
47.5597487	49.7395713	55.3872931
30.6079087	32.0107713	35.6454631
25.6050231	26.7785838	29.8191838
27.922485	29.2022644	32.5180612
28.7185819	30.0348481	33.4451831
36.1600169	37.8173506	42.1113556
52.1334144	54.5228619	60.7137075
47.8231325	50.0150262	55.6940269
35.4599056	37.0851513	41.29602
36.2234206	37.8836606	42.1851938
