#?RADIANCE
genskyvec -m 1
NROWS=146
NCOLS=1
NCOMP=3
FORMAT=ascii

23.1887906	24.25161	27.0052794
32.40507	33.8903006	37.7384069
30.8340875	32.2473156	35.9088656
30.0035244	31.378685	34.9416056
28.7315338	30.0483956	33.460265
26.4444244	27.6564588	30.7967375
27.146755	28.3909819	31.6146587
28.472505	29.7774944	33.1586069
30.4639225	31.8601844	35.4777775
32.5095862	33.9996081	37.8601237
40.1801156	42.0217025	46.7930944
42.3721013	44.3141537	49.345845
47.6626969	49.8472356	55.507185
48.7860494	51.0220756	56.8154213
47.1261887	49.2861375	54.8823769
44.8732637	46.9299525	52.2586563
40.2743887	42.1202963	46.9028844
38.0386637	39.7821006	44.2991963
32.7444075	34.2451919	38.1335944
28.9840913	30.3125281	33.7543912
28.9496319	30.2764881	33.7142612
26.1441837	27.3424575	30.4470825
27.4380756	28.695655	31.9539269
26.6546756	27.8763462	31.0415906
29.6307906	30.9888675	34.507525
33.2162363	34.7386481	38.6830794
35.4189763	37.0423444	41.2483513
37.7107375	39.4391469	43.9172994
35.4838813	37.1102238	41.3239381
35.5224669	37.1505788	41.3688738
33.4307719	34.9630138	38.9329213
18.0203813	18.8463131	20.986235
15.7163294	16.4366606	18.3029769
16.7818712	17.5510419	19.5438894
15.9541075	16.6853369	18.5798875
16.468635	17.2234475	19.1790975
16.9747487	17.7527569	19.76851
19.4703338	20.3627238	22.6748275
22.4059306	23.4328687	26.0935738
25.8022725	26.9848769	30.0488975
28.3360394	29.6347719	32.9996787
34.3082637	35.880725	39.9548344
39.9541325	41.7853638	46.52992
43.0414569	45.01419	50.1253663
42.3621519	44.3037512	49.3342606
37.6452394	39.3706437	43.8410181
31.3616975	32.7991088	36.5233137
28.4389262	29.7423762	33.1195006
23.0639131	24.1210081	26.8598506
20.0288594	20.9468488	23.3252763
17.4906306	18.2922831	20.3692962
16.3805613	17.131335	19.0765281
15.9695363	16.7014731	18.5978575
14.8919519	15.5744987	17.3429206
16.826105	17.5973013	19.5954031
17.8845575	18.7042656	20.8280594
19.0179837	19.88964	22.1480263
18.4221631	19.2665119	21.4541456
19.2413325	20.123225	22.4081344
18.4209331	19.2652256	21.4527137
18.4042869	19.2478163	21.4333269
11.1008365	11.6096263	12.92785
10.6323414	11.1196569	12.3822475
10.8949056	11.3942556	12.6880269
12.2185344	12.7785506	14.2295012
13.7263175	14.3554387	15.9854406
16.2389425	16.9832275	18.9116038
19.8390675	20.7483563	23.1042494
25.8134106	26.996525	30.0618681
34.3996588	35.9763081	40.06127
48.0808869	50.2845913	55.9942025
54.8762819	57.3914419	63.908005
41.4184981	43.3168444	48.235295
29.4385962	30.7878656	34.2837006
22.2547512	23.2747606	25.9175144
17.6229969	18.4307162	20.5234488
14.8343219	15.5142288	17.2758056
12.486025	13.0583006	14.5410175
11.9390737	12.4862806	13.9040456
11.1286071	11.6386681	12.9601906
10.687823	11.1776794	12.4468619
11.3234669	11.8424569	13.1871194
11.5830422	12.1139331	13.4894187
11.0379156	11.5438206	12.8545719
11.437584	11.9618069	13.3200194
8.87299131	9.27967	10.3333382
9.19709794	9.61863125	10.7107869
9.77227669	10.2201732	11.3806306
10.6615	11.1501506	12.4162044
12.6543538	13.2343462	14.7370519
14.46884	15.1319944	16.8501719
18.9836137	19.853695	22.1080013
27.1220094	28.3651	31.5858419
46.0138644	48.1228325	53.5869831
78.2387487	81.8246875	91.1155456
3460.7305280828	3465.2282041828	3476.8812881828
58.3411531	61.0151188	67.9431406
35.5694031	37.1996662	41.423535
21.8736181	22.8761581	25.4736538
16.522255	17.279525	19.241545
13.7348869	14.3644019	15.9954194
11.6281669	12.1611231	13.54197
10.3398381	10.8137463	12.0416025
9.52655781	9.96319106	11.0944706
9.06864844	9.48429469	10.5611987
8.93994675	9.349694	10.4113131
8.959869	9.37052938	10.4345144
8.82823512	9.23286175	10.2812158
8.94129737	9.35110675	10.4128866
8.46044456	8.84821469	9.85289275
9.12221562	9.54031681	10.6235812
10.2976411	10.7696169	11.9924637
12.3034288	12.8673369	14.3283681
15.4519769	16.1601925	17.9951163
25.0151125	26.1616387	29.1321844
44.5201269	46.5606319	51.8474006
4045.83185306755	4050.74586906755	4063.47763906755
2741.70131406217	2745.19740276217	2754.25544966217
34.0970019	35.6597794	39.7087994
20.6530556	21.5996544	24.0522075
14.76332	15.43997	17.1931156
11.7005969	12.236875	13.6263213
9.77937031	10.22759	11.3888919
8.89862581	9.30647912	10.3631912
8.34472325	8.7271895	9.718126
8.15310119	8.52678475	9.49496638
8.1973245	8.57303469	9.54646769
9.0701335	9.48584769	10.5629264
10.4394809	10.9179569	12.157645
13.074955	13.6742231	15.2268763
19.18419	20.0634656	22.3415894
29.4981825	30.8501825	34.353095
38.2919762	40.0470238	44.5942006
26.2334056	27.4357688	30.5509875
16.965155	17.7427237	19.7573369
12.0654544	12.6184544	14.0512287
9.99316569	10.4511861	11.6378756
8.7256215	9.12554544	10.1617139
8.77825706	9.18059369	10.2230136
10.6773417	11.1667206	12.4346569
13.1973663	13.802245	15.3694331
17.8686281	18.6876069	20.8095087
18.96779	19.8371462	22.0895725
12.6101175	13.1880806	14.6855325
10.5071553	10.9887316	12.2364569
13.2265138	13.8327294	15.4033787
