#?RADIANCE
genskyvec -m 1
NROWS=146
NCOLS=1
NCOMP=3
FORMAT=ascii

21.5393731	22.5265931	25.0843944
33.50502	35.0406656	39.0193894
33.06707	34.5826419	38.50936
32.844185	34.3495419	38.2497919
32.9468056	34.4568656	38.3693031
33.6515338	35.1938938	39.1900156
33.7313531	35.2773762	39.282975
34.154225	35.719625	39.7754419
35.0817894	36.6897044	40.85567
37.0957719	38.7959944	43.2011194
36.8616394	38.5511294	42.9284544
40.9525894	42.8295825	47.6927075
42.7307931	44.6892875	49.7635731
46.9801437	49.1333994	54.7122938
52.6384231	55.0510156	61.3018356
55.4301031	57.9706469	64.5529769
62.41629	65.277035	72.6889744
56.3571081	58.94014	65.6325519
60.616045	63.3942763	70.5924375
55.7541675	58.3095669	64.9303781
48.6736106	50.9044844	56.6844794
46.57671	48.7114731	54.2424619
41.1365531	43.0219781	47.9069456
39.529145	41.340895	46.034985
37.2292319	38.9355706	43.356545
34.76852	36.3620763	40.4908406
34.3943838	35.9707894	40.0551269
33.4347969	34.9672238	38.9376094
33.8230094	35.37323	39.3897138
33.2140656	34.7363756	38.6805488
33.4424706	34.9752487	38.946545
32.6972806	34.195905	38.07871
32.0344188	33.5026638	37.3067525
32.6745575	34.1721406	38.0522463
32.6892369	34.1874938	38.0693425
32.9773819	34.4888444	38.4049119
33.148755	34.6680719	38.6044875
34.28047	35.8516556	39.9224644
35.6512925	37.2853075	41.5189019
37.4967094	39.2153069	43.6680444
39.9056344	41.7346413	46.4734387
44.3592094	46.3923394	51.6599981
50.4913881	52.8055762	58.8014338
57.7291538	60.3750737	67.2304144
68.5394731	71.68086	79.8199288
78.7187644	82.326705	91.6745656
87.8582375	91.8850731	102.318246
85.0355613	88.9330237	99.0309981
85.3137675	89.2239806	99.3549994
73.9941756	77.3855738	86.1723894
64.6079319	67.5691275	75.2413225
54.9167231	57.4337387	63.9551044
47.1195694	49.279215	54.8746656
41.7958437	43.7114875	48.6747481
38.4444256	40.2064625	44.7717413
36.4502356	38.1208706	42.4493387
35.2020506	36.8154769	40.9957231
33.785725	35.334235	39.3462944
33.2665356	34.7912494	38.7416525
32.6932356	34.1916756	38.0740006
32.7274394	34.2274463	38.1138325
28.46342	29.7679919	33.1480256
28.00037	29.2837187	32.6087663
28.1721463	29.4633669	32.8088138
29.2936756	30.6363006	34.1149275
30.0875994	31.466615	35.0395213
31.6370662	33.0870988	36.8440025
34.0959975	35.65873	39.7076325
38.4354519	40.1970769	44.76129
44.4489331	46.4861756	51.7644887
56.2166387	58.7932312	65.4689625
72.3057037	75.6197131	84.2060213
96.8628687	101.302402	112.804891
117.392639	122.773112	136.713494
121.604275	127.177794	141.618319
100.529401	105.136996	117.074867
77.3026281	80.8456637	90.0253556
57.1959113	59.8173894	66.60941
46.6600094	48.7985913	54.3394712
38.4831356	40.2469438	44.81682
34.2654119	35.8359094	39.9049313
31.7638194	33.2196613	36.9916175
30.3232913	31.7131094	35.3140025
28.8767106	30.2002262	33.6293362
28.7447831	30.06225	33.4756975
25.8675731	27.0531694	30.1249469
25.9114594	27.0990675	30.176055
26.0746113	27.269695	30.3660575
26.68779	27.9109787	31.0801563
28.2413956	29.5357919	32.8894594
29.683885	31.0443962	34.5693613
33.5265069	35.0631381	39.044415
39.4354019	41.2428594	45.9258144
49.8067206	52.0895263	58.0040787
64.1976431	67.1400325	74.7635081
91.282055	95.4658137	106.305563
137.628644	143.936619	160.280038
171.12905	178.972456	199.294044
171.022425	178.860962	199.169888
131.081519	137.089419	152.655356
97.6564156	102.132331	113.729033
68.5439213	71.6855175	79.8251144
51.3715287	53.7260531	59.8264275
40.0583019	41.894305	46.6512306
33.9561369	35.5124581	39.5447519
30.5159569	31.9146031	35.5383775
28.3166187	29.6144631	32.9770644
27.0139913	28.2521331	31.4600463
26.4457169	27.6578119	30.7982425
25.7699819	26.9511044	30.0112919
25.7298863	26.9091712	29.9646
26.6274056	27.8478287	31.0098344
28.4204088	29.7230106	33.0979356
31.7765119	33.2329344	37.0063981
40.9282806	42.8041569	47.6643925
53.5484037	56.0027044	62.3615819
86.0956812	90.0417319	100.265587
130.911694	136.9118	152.457569
2649.67068402752	2660.17032802752	2687.37402102752
2182.41704367331	2192.11049367331	2217.22537467331
128.383551	134.267798	149.513356
78.311155	81.9004137	91.19987
50.5769212	52.8950294	58.9010425
39.0075494	40.7953913	45.4275425
31.8328569	33.2918644	37.0720156
28.0746694	29.3614244	32.6952919
26.459795	27.672535	30.8146369
27.95598	29.2372944	32.5570687
29.4451912	30.7947612	34.2913813
32.4016456	33.8867194	37.7344169
40.1456081	41.9856131	46.7529075
57.367365	59.9967031	66.8090825
99.043185	103.582651	115.344043
1242.29929581667	1249.31114581667	1267.47822781667
132.218181	138.278175	153.979113
78.2790475	81.866835	91.16248
49.4739988	51.7415569	57.6165969
34.18106	35.7476919	39.8066963
30.4872119	31.8845431	35.5049006
36.137375	37.7936713	42.0849869
40.7697606	42.6383737	47.4797869
56.646095	59.2423744	65.9691031
81.4623137	85.1959988	94.8696544
60.7300238	63.5134787	70.7251756
43.1768419	45.1557794	50.2830331
50.2519212	52.5551313	58.5225544
