#?RADIANCE
genskyvec -m 1
NROWS=146
NCOLS=1
NCOMP=3
FORMAT=ascii

13.4122694	14.0269975	15.6197063
26.9679675	28.204	31.4064469
26.4903544	27.7044969	30.8502287
26.294355	27.4995131	30.62197
26.3997994	27.6097869	30.744765
26.7111219	27.9353819	31.1073281
26.4048156	27.615035	30.7506075
26.5660563	27.7836656	30.9383875
26.3123463	27.5183287	30.6429244
26.9469437	28.1820106	31.3819606
26.5704713	27.7882844	30.94353
27.4805369	28.7400587	32.0033756
27.5992294	28.8641938	32.1416025
28.5787075	29.8885637	33.2822881
30.3008475	31.689635	35.2878619
32.95037	34.4605931	38.3734519
39.7061925	41.5260575	46.2411725
42.8204488	44.7830519	49.867985
56.83363	59.4385038	66.1875006
72.2982525	75.6119213	84.1973456
73.56266	76.9342813	85.6698506
79.6109062	83.2597344	92.7135419
64.84862	67.8208463	75.5216269
57.2791544	59.9044475	66.7063519
45.9777144	48.0850244	53.5448819
36.2985744	37.9622569	42.2727163
32.5855725	34.0790756	37.9486163
29.4655931	30.8161	34.3151394
28.5752163	29.8849125	33.2782219
27.2129525	28.4602125	31.6917513
26.9732325	28.2095044	31.4125788
23.8441344	24.9369888	27.7684819
22.7141819	23.7552469	26.4525575
23.5744269	24.6549194	27.4543863
23.2596938	24.3257638	27.0878525
23.1681356	24.2300094	26.9812275
22.603985	23.6400025	26.3242275
23.4752031	24.5511481	27.33883
23.8986763	24.99403	27.8320025
23.74315	24.8313763	27.6508769
22.5500056	23.5835469	26.2613625
23.5321256	24.6106806	27.4051219
24.3835019	25.5010775	28.3966187
26.6035631	27.8228912	30.9820675
28.9784181	30.306595	33.747785
32.6946006	34.1931019	38.0755888
40.7329756	42.5999019	47.4369456
51.2408281	53.589365	59.6742181
69.7850563	72.983535	81.2705163
94.67128	99.010375	110.252594
113.524816	118.728037	132.209119
110.776306	115.853533	129.008225
87.8057306	91.8301531	102.257093
65.5193562	68.5223237	76.3027525
48.6135925	50.841715	56.6145838
38.57822	40.3463856	44.9275531
32.8779119	34.384815	38.2890713
28.1475306	29.437625	32.7801475
26.0401794	27.2336856	30.3259606
24.46698	25.5883837	28.4938387
24.071325	25.1745919	28.0330638
18.734185	19.5928356	21.8175225
18.0205856	18.8465288	20.9864756
17.8380462	18.6556238	20.7738931
18.4805556	19.32758	21.5221481
18.4227106	19.2670838	21.4547838
18.5473325	19.3974175	21.5999156
18.6856663	19.5420931	21.7610175
19.1368494	20.013955	22.2864562
19.1342944	20.0112837	22.2834838
20.8899313	21.8473863	24.3280669
23.0905387	24.1488544	26.8908594
29.0492112	30.3806319	33.8302288
39.3787569	41.1836156	45.8598462
58.1286413	60.7928713	67.6956513
94.5198931	98.8520506	110.076306
1178.98559213231	1185.49161713231	1202.34818613231
135.788981	142.012631	158.137581
91.0526312	95.2258769	106.038377
54.2638938	56.7509856	63.1948281
37.7207056	39.4495712	43.9289087
28.3484156	29.6477169	33.0140944
23.6736013	24.7586419	27.5698837
20.4395781	21.3763919	23.8035931
19.5198194	20.4144781	22.7324581
16.0575944	16.7935663	18.7004069
15.7083206	16.4282837	18.2936488
15.27574	15.9758769	17.7898731
15.3207788	16.02298	17.842325
15.5156844	16.2268187	18.0693081
15.5161494	16.227305	18.06985
15.6877544	16.406775	18.2696969
16.3073912	17.0548138	18.9913175
17.1017481	17.8855781	19.9164125
18.627345	19.4810975	21.6930944
21.58193	22.5711031	25.1339581
27.136585	28.3803431	31.6028138
35.13768	36.748155	40.9207575
56.92823	59.5374381	66.2976706
94.0816137	98.3936844	109.565885
2264.05686233876	2270.60648833876	2287.57593833876
2180.56857127469	2187.34274627469	2204.89410927469
91.8789169	96.090025	107.000661
54.7204844	57.228505	63.7265675
36.0831137	37.7369225	42.0217956
26.6959362	27.9194994	31.089645
21.2267025	22.1995931	24.7202656
18.4833825	19.3305356	21.5254387
17.2322212	18.0220306	20.0683575
15.179505	15.8752331	17.6778
14.40941	15.06984	16.7809594
14.0372937	14.6806687	16.3475981
14.0880188	14.7337181	16.4066719
14.3036156	14.9591962	16.6577531
14.9606106	15.6463056	17.4228794
16.1200063	16.8588381	18.7730913
19.2046306	20.0848425	22.3653937
23.6248406	24.7076462	27.5131
34.4631044	36.0426631	40.1351587
48.73998	50.9738975	56.7617731
80.1498481	83.8233806	93.3411744
93.9042475	98.2081988	109.359344
57.838205	60.48912	67.3574125
36.8684669	38.5582713	42.9364044
25.0450119	26.1929081	29.1670056
19.3167737	20.202125	22.4959956
16.5542287	17.3129656	19.2787812
15.1007019	15.7928181	17.5860262
14.2716494	14.925765	16.6205256
14.0349375	14.6782056	16.3448556
14.5909438	15.2596962	16.9923706
16.2998487	17.046925	18.9825325
21.0467031	22.0113419	24.5106406
29.6141644	30.9714794	34.4881644
40.0520512	41.8877687	46.6439519
48.4520188	50.672735	56.4264163
35.0438431	36.6500181	40.8114775
22.9821475	24.0354956	26.7646269
17.6653088	18.47497	20.572725
16.8250038	17.5961488	19.5941187
15.9363831	16.6667987	18.559245
17.7603025	18.574315	20.6833525
23.0097763	24.0643887	26.7968025
25.5158744	26.6853519	29.7153656
21.6905175	22.6846662	25.2604175
19.1658331	20.0442663	22.3202088
