#?RADIANCE
genskyvec -m 1
NROWS=146
NCOLS=1
NCOMP=3
FORMAT=ascii

0.184769444	0.193238037	0.215179425
4.28333694	4.47965656	4.98830331
4.47532431	4.68044325	5.21188844
4.84409375	5.06611437	5.64135087
5.67281962	5.93282388	6.60647175
7.49260969	7.83602094	8.72576919
10.2495007	10.7192694	11.9363981
14.1661587	14.8154404	16.4976725
37.2835098713534	38.2899904713534	40.8976910713534
71.738384992196	73.080841192196	76.559031192196
39.0365854993334	40.0662554993334	42.7340441993334
16.1013431	16.8393219	18.7513575
10.2537687	10.7237331	11.9413694
7.40710075	7.74659256	8.6261865
5.95622456	6.22921781	6.93651988
4.88955006	5.11365413	5.69428869
4.56446025	4.77366444	5.31569456
3.99563019	4.17876306	4.6532445
4.16810075	4.35913869	4.854101
4.20014931	4.39265619	4.89142431
4.17558756	4.36696856	4.86281994
4.52754469	4.73505681	5.27270319
4.38500688	4.58598606	5.10670619
4.55402856	4.76275481	5.30354594
4.62234794	4.83420544	5.38310975
4.33330394	4.53191344	5.04649369
4.41872156	4.62124631	5.14596975
4.17724081	4.36869763	4.86474538
4.28780256	4.48432694	4.99350394
4.08267719	4.26979975	4.75461781
4.17817144	4.36967087	4.86582919
4.11543387	4.30405769	4.79276581
4.1669125	4.35789575	4.85271712
4.78289025	5.00210587	5.57007463
5.52353944	5.77670144	6.43262231
7.06524644	7.38907	8.22806844
8.88577081	9.2930355	10.3482213
12.2199491	12.7800291	14.2311494
17.1712662	17.9582819	19.9973706
20.481875	21.4206281	23.8528538
15.163055	15.8580281	17.6586419
12.2452046	12.8064433	14.2605631
9.11806838	9.53598025	10.6187515
7.27028213	7.60350319	8.46685006
5.68601806	5.946627	6.62184231
4.82590775	5.04709513	5.62017219
4.28012006	4.476292	4.98455669
4.25681725	4.45192131	4.95741869
3.89425469	4.07274131	4.53518419
3.91826469	4.09785175	4.563146
3.8912095	4.06955662	4.53163794
4.0116825	4.19555112	4.67193881
4.18345781	4.3751995	4.87198544
4.08061238	4.26764012	4.75221325
4.31209106	4.50972831	5.02178937
4.36919612	4.56945081	5.08829337
4.34539963	4.54456369	5.06058006
4.10725831	4.29550756	4.78324475
4.05322963	4.2390025	4.72032394
3.933995	4.11430294	4.58146538
3.99809725	4.18134331	4.65611756
2.94992819	3.08513313	3.4354375
2.97280444	3.10905787	3.46207856
3.36534069	3.51958525	3.91921988
4.47943675	4.68474412	5.21667775
5.81550506	6.08204887	6.77264094
7.78781544	8.14475681	9.06955944
9.34766556	9.77610081	10.8861361
9.37342194	9.80303675	10.916131
7.03557494	7.35803869	8.19351394
5.55637244	5.81103938	6.47085919
4.38428806	4.58523437	5.105869
3.60522581	3.77046538	4.19858606
3.13332338	3.27693394	3.64901644
2.8483555	2.97890488	3.31714725
2.85219844	2.98292419	3.32162312
2.90773956	3.04101088	3.38630519
2.87590363	3.00771569	3.3492295
3.12223631	3.26533875	3.63610456
3.03497944	3.17408275	3.53448687
2.86817963	2.99963775	3.34023425
2.98040262	3.11700419	3.47092725
2.95538369	3.09083856	3.44179075
2.748294	2.87425731	3.20061744
2.85425919	2.98507931	3.32402281
2.01699387	2.10943919	2.34895744
2.17026169	2.26973181	2.52745056
2.35762769	2.4656855	2.74565413
2.7361385	2.86154488	3.18646144
3.50028362	3.66071319	4.07637206
3.96234175	4.14394906	4.61447756
4.36485287	4.56490869	5.08323525
4.54044369	4.74854719	5.28772537
3.79736231	3.97140794	4.42234519
3.29676619	3.44786781	3.839359
2.715721	2.84019138	3.16268356
2.25100412	2.35417512	2.62148194
2.1411925	2.23933031	2.493597
2.067809	2.16258369	2.40813625
2.032195	2.12533706	2.3666605
1.95485637	2.04445387	2.27659313
1.97593888	2.06650275	2.30114575
2.02109656	2.11372988	2.35373537
2.10171619	2.19804481	2.44762375
2.08133313	2.17672762	2.42388587
2.08232131	2.17776094	2.42503694
2.07455656	2.16964025	2.41599425
1.99643862	2.08794231	2.32501944
2.06446825	2.15908969	2.40424544
1.45044187	1.51692056	1.68916069
1.5769325	1.64920856	1.83646938
1.70488675	1.78302738	1.98548294
2.07413975	2.16920419	2.4155085
2.357058	2.46508956	2.74499056
2.35874531	2.46685425	2.74695544
2.26903413	2.37303138	2.64247944
1.95601019	2.04566056	2.27793694
1.71369431	1.79223856	1.99573988
1.56117906	1.632733	1.81812313
1.39400944	1.45790138	1.62344025
1.43619919	1.50202506	1.67257375
1.45422769	1.52087975	1.69356938
1.43300512	1.49868437	1.66885406
1.3881465	1.45176987	1.61661256
1.39735162	1.46139687	1.62733262
1.43405556	1.49978312	1.67007744
1.4266695	1.4920585	1.66147562
1.13274925	1.18466694	1.31918094
1.1543545	1.20726225	1.34434194
1.36464969	1.42719612	1.58924844
1.52768512	1.59770425	1.77911681
1.39354119	1.45741169	1.62289494
1.23133763	1.28777394	1.43399544
1.14730369	1.19988838	1.33613094
1.07578252	1.12508912	1.25283838
1.07404825	1.1232755	1.25081875
1.05317067	1.10144094	1.226505
1.09411982	1.14426706	1.27419387
1.04739021	1.09539557	1.21977312
0.904461106	0.945915544	1.05332031
0.942598788	0.985801087	1.09773494
0.958563519	1.00249762	1.11632719
0.932425894	0.975162	1.0858877
0.856550956	0.895809531	0.997525069
0.873408113	0.913439306	1.01715664
0.846892781	0.885708675	0.986277287
