#?RADIANCE
genskyvec -m 1
NROWS=146
NCOLS=1
NCOMP=3
FORMAT=ascii

11.8063831	12.3475081	13.7495169
30.5627656	31.9635588	35.59289
29.6040813	30.9609325	34.4764212
29.2996488	30.6425475	34.1218844
29.4240569	30.7726581	34.2667681
30.4378306	31.8328956	35.4473906
30.1924256	31.5762444	35.1615969
30.1237425	31.5044119	35.08161
30.151245	31.533175	35.1136394
31.2430875	32.6750612	36.38518
29.2032381	30.5417187	34.0096056
30.98716	32.4074031	36.0871312
30.5403275	31.9400919	35.5667594
31.8819744	33.34323	37.1292187
34.4799194	36.0602475	40.15474
37.3050569	39.0148706	43.44485
45.548855	47.6365106	53.04544
48.0514294	50.253785	55.9598969
64.7580394	67.7261138	75.4161356
84.3656312	88.2323944	98.2508125
88.6720556	92.736195	103.266007
103.158518	107.886616	120.136697
86.8829194	90.8650475	101.182412
79.556995	83.2033544	92.6507519
63.0590088	65.9492106	73.4374744
47.87202	50.0661537	55.7509606
41.1855575	43.0732256	47.9640144
35.56553	37.195615	41.4190231
33.9450325	35.5008438	39.5318181
31.4204462	32.8605487	36.5917313
30.9167456	32.3337631	36.00513
32.570145	34.0629425	37.9306512
31.9839706	33.4499019	37.2480006
31.8899013	33.35152	37.1384487
31.8827494	33.3440406	37.1301188
31.8664931	33.3270381	37.11119
31.7540263	33.2094181	36.9802113
31.9228275	33.3859575	37.1767956
32.0034056	33.4702269	37.2706363
31.9979631	33.4645356	37.2642969
32.0354181	33.5037081	37.3079169
32.7488325	34.2498187	38.138745
33.96906	35.5259719	39.5598031
36.0441294	37.69615	41.9763944
39.6281563	41.4444481	46.1502931
44.8361619	46.8911519	52.2154512
54.64944	57.1542038	63.6438288
65.0074938	67.9870025	75.7066469
87.7528025	91.7748031	102.195453
118.371218	123.796572	137.853169
151.219444	158.150331	176.107644
162.916756	170.383756	189.730138
137.807575	144.123744	160.488419
108.911581	113.903375	126.836638
79.3423119	82.9788331	92.4007363
61.8740481	64.7099388	72.0574862
51.0777031	53.4187625	59.4842444
43.1845481	45.1638375	50.2920063
38.0858469	39.8314469	44.3541437
35.1630556	36.7746956	40.9503119
33.5287163	35.0654481	39.0469869
31.0844919	32.509195	36.2004819
30.1841025	31.5675381	35.151905
29.7026863	31.0640563	34.5912525
29.94023	31.3124887	34.8678931
29.8922675	31.2623306	34.8120387
29.9957387	31.3705412	34.9325387
30.16419	31.546715	35.1287137
30.7191206	32.1270781	35.7749781
31.37316	32.8110975	36.5366631
33.7711444	35.3189869	39.3293138
37.26704	38.9751137	43.4005781
45.30646	47.3830056	52.7631531
58.2633819	60.933785	67.8525675
79.5921931	83.2401675	92.6917475
118.521861	123.954112	138.028581
442.772597220996	450.946660220996	472.124935220996
743.86667845698	754.03500945698	780.38023445698
157.194856	164.399594	183.066506
99.418755	103.975435	115.781425
71.4560387	74.7311069	83.2165169
52.8354125	55.2570337	61.5312444
42.8656894	44.830365	49.92067
36.2988775	37.9625738	42.2730687
33.0645281	34.579985	38.5064019
29.9108975	31.281815	34.8337363
28.7847337	30.1040337	33.5222237
27.963785	29.2454581	32.56616
27.7960731	29.0700588	32.3708437
27.8535506	29.1301713	32.4377825
27.8866213	29.1647587	32.4762975
28.2429869	29.537455	32.8913125
29.1662744	30.5030612	33.96656
30.6727206	32.0785544	35.7209394
33.1069637	34.6243613	38.5558188
37.6674969	39.3939212	43.86694
45.4177731	47.4994213	52.8927838
55.2270544	57.7582931	64.3165113
78.8997312	82.5159681	91.8853181
114.280015	119.51785	133.088625
155.616	162.748388	181.227831
691.815145301344	700.641407301344	723.509495301344
148.791063	155.610656	173.279606
100.033794	104.618684	116.497687
70.2622731	73.482625	81.8262775
53.0962219	55.5297969	61.8349794
41.7731725	43.6877737	48.6483431
35.7748012	37.4144775	41.6627394
32.4202019	33.9061269	37.7560275
30.0703069	31.4485287	35.0193788
28.0518687	29.3375781	32.6687406
27.1645581	28.4095988	31.6353925
26.9272894	28.1614569	31.359075
27.2200906	28.4676769	31.7000631
28.4265187	29.7294	33.1050519
30.3488	31.7397863	35.3437081
35.1867106	36.7994344	40.9778588
41.4657219	43.3662337	48.2902925
54.9212025	57.4384225	63.96032
70.7844988	74.028785	82.43445
101.927069	106.598713	118.702565
122.850698	128.48135	143.069894
95.9260537	100.322654	111.713887
69.0590088	72.2242106	80.424975
50.1703344	52.4698075	58.4275388
39.2865706	41.087205	45.7524881
33.2821613	34.8075925	38.7598519
30.5730263	31.9742887	35.6048406
28.6482969	29.9613444	33.3633319
27.76863	29.0413581	32.3388869
28.535155	29.843015	33.2315681
31.4128712	32.852625	36.5829069
38.5034831	40.2682262	44.8405194
49.70325	51.9813138	57.8835794
62.7682594	65.645135	73.0988719
75.5272719	78.9889369	87.9578144
62.4701094	65.3333187	72.75165
45.7107244	47.8057994	53.23395
35.9327281	37.5796425	41.8466575
33.7800506	35.3283013	39.339685
31.7476575	33.202755	36.9727944
34.3864044	35.9624475	40.045835
41.9676219	43.8911369	48.874795
46.7724112	48.9161475	54.470375
42.0892288	44.0183175	49.0164163
37.17102	38.8746913	43.2887525
