#?RADIANCE
genskyvec -m 1
NROWS=146
NCOLS=1
NCOMP=3
FORMAT=ascii

21.2859662	22.2615725	24.7892831
36.329185	37.9942706	42.3083656
36.7593738	38.4441781	42.8093588
37.0938775	38.7940125	43.1989138
37.5435619	39.2643081	43.7226075
37.6205712	39.3448463	43.8122931
37.0306556	38.7278919	43.125285
36.9374756	38.6304406	43.0167706
35.8527806	37.4960325	41.7535525
35.8658256	37.5096744	41.768745
35.8115494	37.4529112	41.7055375
36.2237937	37.8840506	42.1856287
36.7989081	38.485525	42.8553981
38.36953	40.1281331	44.6845181
40.9959406	42.8749206	47.7431919
45.0505762	47.1153919	52.4651531
53.7858881	56.2510725	62.6381519
57.0930475	59.7098069	66.4896119
71.3708	74.64196	83.11725
82.022355	85.7817106	95.5218713
78.6628094	82.2681856	91.6094025
79.1154006	82.7415194	92.1364781
65.6320794	68.6402131	76.4340294
58.7942225	61.4889556	68.4707738
50.2493469	52.55244	58.5195556
42.4836538	44.4308194	49.4757575
39.6242275	41.4403363	46.1457162
37.092785	38.79287	43.1976406
36.3790219	38.0463931	42.3664044
35.4846119	37.1109881	41.3247906
35.7403938	37.3784944	41.6226681
30.7981288	32.2097094	35.8669906
29.7061569	31.0676887	34.5952956
31.2971019	32.7315525	36.4480844
31.0374669	32.4600156	36.1457181
30.9763994	32.3961513	36.0746
30.0495006	31.4267694	34.9951494
31.091635	32.5166675	36.2088013
31.3551162	32.792225	36.5156456
30.797185	32.2087212	35.8658906
29.2045225	30.5430619	34.0111
30.5564881	31.9569913	35.5855769
32.0142381	33.4815575	37.2832525
35.3485569	36.9686988	41.1663425
39.4871237	41.2969506	45.9860494
45.3007363	47.3770213	52.7564862
56.6108969	59.2055613	65.92811
68.9237419	72.0827437	80.267445
89.7006062	93.8118794	104.463829
107.590033	112.521241	125.297556
113.287444	118.479756	131.932656
101.019031	105.649064	117.645075
80.0647894	83.7344225	93.2421275
62.7057038	65.579715	73.0260231
50.1688869	52.4682913	58.4258513
42.3331875	44.2734581	49.3005269
37.757925	39.4884956	43.9722525
33.5870013	35.1264025	39.1148613
31.9012231	33.3633619	37.1516344
30.5643962	31.9652631	35.5947881
30.5435531	31.943465	35.5705138
24.5283825	25.6525994	28.5653469
23.8818613	24.9764444	27.8124194
23.8501362	24.9432681	27.7754744
24.7390081	25.8728794	28.8106394
24.6412044	25.7705913	28.6967356
24.6985988	25.8306187	28.7635775
24.8272994	25.965215	28.91346
25.4819281	26.64985	29.6758306
25.9993744	27.1910112	30.2784381
28.98403	30.3124656	33.7543219
33.1196612	34.6376456	38.5706081
43.0949006	45.0700819	50.187605
59.7862794	62.5264844	69.6261094
87.8163056	91.8412137	102.269416
129.234306	135.157556	150.50415
152.770013	159.771956	177.913425
119.793638	125.284175	139.509675
83.3782431	87.1997463	97.1009244
55.1204819	57.6468363	64.1923988
41.768775	43.6831787	48.6432219
33.4075869	34.9387669	38.9059212
29.0711031	30.4035281	33.8557231
25.9902106	27.1814294	30.2677669
25.1408963	26.2931862	29.2786694
21.8225244	22.8227225	25.4141494
21.4575481	22.4410187	24.9891038
21.0684737	22.0341112	24.5359931
21.1402381	22.1091656	24.6195713
21.4105256	22.3918388	24.9343437
21.4797131	22.4641969	25.0149169
21.9256563	22.9305825	25.5342544
23.0472931	24.1036262	26.8404938
24.8718581	26.0118175	28.9653519
27.8330181	29.1086981	32.4138712
33.7137625	35.2589756	39.2624869
44.7426338	46.793335	52.1065287
59.2444631	61.9598331	68.99512
98.0959231	102.591989	114.240889
1626.23487208607	1633.64690908607	1652.85081608607
5032.0751771242	5042.3218271242	5068.8700831242
157.083538	164.283206	182.936894
96.1973613	100.606411	112.029843
60.0057112	62.7559713	69.881655
42.2233038	44.1585387	49.1725594
32.97468	34.48602	38.4017644
27.3621362	28.6162306	31.8654875
24.4698813	25.5914163	28.4972175
23.0111875	24.065865	26.798445
21.5636425	22.5519762	25.1126619
20.5818644	21.5252013	23.9692988
20.2377675	21.1653337	23.56857
20.3257556	21.2573525	23.6710388
20.8344163	21.7893263	24.2634175
22.43343	23.4616269	26.1255987
24.8567856	25.9960537	28.9477988
31.2226506	32.6536881	36.3613819
40.3058706	42.1532225	46.9395481
62.0987988	64.9449913	72.3192294
91.6003662	95.7987187	106.676278
1657.21553265807	1664.09838865807	1681.93127665807
138.753244	145.112762	161.589719
74.3872887	77.7967031	86.630205
48.0153387	50.2160406	55.9178644
33.6840444	35.2278956	39.2278769
26.589155	27.807825	30.9652894
23.2568756	24.3228137	27.08457
22.4166288	23.4440581	26.1060337
21.5794894	22.5685481	25.131115
21.3633406	22.3424906	24.8793888
22.6410706	23.678785	26.3674144
26.4890131	27.7030931	30.8486644
36.4314637	38.10124	42.4274794
53.8182769	56.2849463	62.6758713
72.9290769	76.2716588	84.9319919
79.1840888	82.8133569	92.2164819
51.9968425	54.3800306	60.55466
33.15655	34.6762256	38.6135687
26.21612	27.4176919	30.5308587
26.4349219	27.6465206	30.7856712
25.6185375	26.79272	29.8349225
29.6724175	31.0324012	34.5560038
39.9920637	41.8250338	46.5740956
42.3863119	44.3290169	49.3623944
34.2192381	35.7876188	39.8511569
31.6403725	33.0905537	36.8478506
