#?RADIANCE
genskyvec -m 1
NROWS=146
NCOLS=1
NCOMP=3
FORMAT=ascii

3.39516513	3.55077669	3.95395281
15.7159969	16.436315	18.30259
15.9853981	16.7180619	18.6163306
16.7059844	17.4716744	19.4555125
18.333245	19.1735187	21.3505938
21.9199762	22.9246413	25.5276406
28.4743869	29.7794619	33.1607994
38.9121288	40.6955988	45.31642
63.11371	66.0064194	73.5011775
100.103292	104.691368	116.578631
502.868934304361	507.664925304361	520.090949304361
89.874275	93.993505	104.666086
52.3223575	54.7204631	60.9337469
34.2485337	35.8182575	39.8852725
25.2620556	26.4199006	29.4197706
20.1407763	21.0638956	23.4556137
17.8671862	18.6860981	20.8078294
16.2682844	17.0139138	18.9457756
15.8572175	16.5840062	18.4670513
15.5005125	16.2109519	18.0516394
15.7379837	16.4593069	18.3281938
16.0069131	16.7405625	18.6413844
15.7219994	16.4425913	18.30958
15.6264556	16.3426688	18.1983119
16.1193881	16.8581931	18.7723731
15.5941081	16.3088375	18.1606394
16.0676681	16.8041044	18.7121406
15.6695356	16.3877206	18.2484788
15.7471738	16.4689175	18.3388963
15.2922556	15.9931487	17.8091062
15.4110931	16.1174356	17.9475037
12.7113531	13.2939563	14.8034313
12.4184006	12.9875781	14.4622637
13.9088312	14.5463181	16.1979931
15.1918394	15.8881306	17.6921638
18.8140619	19.6763725	21.9105444
24.0409981	25.142875	27.997745
34.5423894	36.1255806	40.227495
56.0395831	58.6080638	65.2627688
568.454012823472	573.063161823472	585.005033823472
1628.45659986329	1633.88143086329	1647.93671486329
78.9629262	82.5820612	91.9589112
47.4439562	49.6184675	55.2524431
31.7715656	33.2277613	37.0006394
22.00599	23.0145975	25.62781
17.2106194	17.9994375	20.0431994
14.4246331	15.0857631	16.79869
14.1261806	14.7736294	16.4511144
12.5243769	13.0984106	14.5856831
12.2791975	12.8419919	14.3001481
11.8544488	12.3977756	13.8054931
12.0332988	12.5848244	14.0137787
12.3430837	12.9088094	14.3745512
11.8293469	12.3715231	13.77626
12.6450063	13.2245681	14.7261631
12.8251287	13.4129487	14.9359325
12.9410931	13.5342231	15.0709794
12.3669656	12.9337856	14.4023625
12.4832762	13.0554263	14.5378156
12.20639	12.7658487	14.2153588
12.4254513	12.9949506	14.4704738
9.43656519	9.8690735	10.9896662
9.51277512	9.94877744	11.0784206
10.4771268	10.9573288	12.2014869
13.34341	13.9549819	15.5395113
18.265985	19.1031763	21.2722631
28.7978425	30.1177431	33.5374894
46.7768206	48.9207563	54.4755088
65.8295562	68.8467438	76.664005
47.2937244	49.4613538	55.0774869
29.8868213	31.2566337	34.8056956
19.78518	20.6920013	23.0414913
13.8565063	14.4915963	16.1370563
11.1875066	11.7002675	13.0287844
9.84822175	10.2995984	11.4690744
9.44451419	9.8773875	10.9989242
9.31731469	9.74435806	10.8507905
9.06396738	9.47939881	10.5557464
9.474738	9.90899644	11.0341222
9.24882875	9.67273344	10.7710324
8.94016875	9.34992644	10.4115729
9.23633881	9.65967088	10.7564864
9.26289894	9.68744769	10.7874184
8.92632863	9.33545156	10.3954542
9.22910306	9.65210387	10.7480588
7.72333125	8.077317	8.99446331
8.17061025	8.54509625	9.51535725
8.97590969	9.38730525	10.4531959
10.3864435	10.8624884	12.0958794
14.0719525	14.7169156	16.3879619
17.8258187	18.6428331	20.7596506
24.8409538	25.9794956	28.9293613
29.594675	30.9510981	34.4654681
24.7260519	25.8593281	28.7955487
19.18311	20.0623344	22.3403306
13.8815056	14.5177394	16.1661681
10.5378339	11.0208176	12.2721869
9.279391	9.70469619	10.8066248
8.32190238	8.70332269	9.6915495
7.87348719	8.23435506	9.16933256
7.55079269	7.89687044	8.79352788
7.4496075	7.79104756	8.67568931
7.4541045	7.79575069	8.68092631
7.55472781	7.90098581	8.7981105
7.52504631	7.86994381	8.76354406
7.55410819	7.90033788	8.797389
7.59211788	7.94008969	8.84165425
7.5131995	7.85755419	8.74974744
7.68305294	8.03519244	8.94755562
6.87205144	7.18702031	8.00307694
7.44026394	7.78127569	8.6648075
8.38073675	8.76485369	9.76006675
10.567582	11.0519275	12.3068294
13.3896706	14.0033637	15.5933887
15.5767338	16.2906681	18.1404069
15.2248994	15.9227069	17.730665
11.9451244	12.4926094	13.9110944
9.69112075	10.1352959	11.2861169
8.05978413	8.42919063	9.38629131
7.15777444	7.48583894	8.33582519
6.84435675	7.15805625	7.97082431
6.67479469	6.9807225	7.77335506
6.55461569	6.85503544	7.63339662
6.473988	6.77071225	7.53949881
6.49787738	6.79569644	7.56732
6.59602419	6.89834175	7.68162019
6.67002406	6.97573325	7.76779919
6.54431675	6.84426431	7.62140256
7.11622737	7.4423875	8.28744019
8.64890475	9.04531313	10.0723715
10.4293314	10.9073409	12.1458229
9.9530785	10.4092613	11.5911905
8.39302731	8.77770688	9.7743795
7.24313213	7.57510869	8.43523144
6.55885706	6.85947112	7.63833606
6.21667038	6.50160063	7.23983094
6.09181787	6.371026	7.09443
6.1268355	6.40764856	7.13521094
6.18325606	6.46665519	7.20091756
6.36850981	6.66039963	7.41666081
6.99960006	7.320415	8.15161813
7.32451719	7.66022388	8.53001106
6.84803244	7.16190038	7.97510506
6.15232138	6.4343025	7.16489125
6.04871663	6.32594937	7.04423487
6.46216669	6.758349	7.52573181
