#?RADIANCE
genskyvec -m 1
NROWS=146
NCOLS=1
NCOMP=3
FORMAT=ascii

24.215425	25.3252994	28.2008825
37.9453894	39.6845513	44.19057
37.6718756	39.3985019	43.8720406
37.4829294	39.200895	43.6519969
37.44036	39.1563756	43.6024219
37.291095	39.00027	43.42859
37.0973625	38.7976569	43.2029719
37.7137481	39.4422937	43.9208063
38.3726169	40.1313606	44.6881112
40.4527687	42.3068531	47.1106225
42.2806719	44.2185331	49.2393681
46.6123644	48.7487613	54.2839838
49.6328012	51.9076363	57.8015356
54.0353138	56.51193	62.9286313
58.5626462	61.246765	68.2010856
59.5235731	62.2517362	69.3201675
62.1602275	65.009235	72.3907656
55.7375362	58.2921725	64.9110094
55.3706913	57.9085144	64.483785
49.7791744	52.0607181	57.972
45.6140731	47.7047175	53.1213906
43.3651525	45.3527212	50.5023363
40.3172525	42.1651244	46.9528031
38.8398163	40.6199731	45.2322056
38.2623356	40.0160231	44.5596787
37.1557988	38.8587719	43.2710256
37.702685	39.4307244	43.9079213
37.4789188	39.1967019	43.6473281
37.7553469	39.4857975	43.96925
37.4670825	39.1843213	43.6335406
37.6316356	39.3564163	43.8251781
31.6328281	33.0826644	36.8390656
30.2823313	31.6702681	35.2662987
31.6648375	33.1161425	36.8763444
31.2694769	32.7026625	36.415915
31.4843144	32.9273431	36.6661081
31.32037	32.7558869	36.4751831
33.1279381	34.6463	38.5802462
35.0161194	36.6210244	40.7791919
37.2956206	39.0050025	43.4338606
39.666785	41.484845	46.1952775
45.4313706	47.5136387	52.9086187
52.5073675	54.9139544	61.1492075
60.3027094	63.0665819	70.2275338
69.3693444	72.54877	80.7863875
74.6985656	78.1222463	86.9927062
74.9936681	78.4308769	87.3363813
68.6975569	71.8461944	80.0040356
61.7703269	64.601465	71.936695
52.4190769	54.8216144	61.0463844
45.6272375	47.7184856	53.1367231
40.5393344	42.397385	47.2114344
36.9163919	38.60839	42.992215
33.5262219	35.0628387	39.0440825
33.0928969	34.6096525	38.5394381
32.4963738	33.9857894	37.8447381
32.2992331	33.779615	37.6151519
31.1606931	32.5888906	36.2892256
31.4302169	32.8707675	36.6031094
30.9741494	32.3937975	36.0719813
31.3813587	32.81967	36.5462087
24.9825269	26.1275569	29.094235
24.5244625	25.6485006	28.5607819
24.77797	25.9136256	28.8560113
26.0823031	27.2777406	30.3750163
27.0349769	28.2740806	31.4844856
28.9522044	30.2791794	33.717255
32.0841656	33.5546887	37.3646863
37.5447713	39.2655694	43.7240144
45.0582412	47.12341	52.4740787
58.7110056	61.401925	68.3738606
75.5760219	79.0399206	88.0145769
92.0013431	96.2180656	107.143231
93.5530925	97.8409362	108.950364
81.7899888	85.5386906	95.2512706
61.7528231	64.5831613	71.9163119
47.7432619	49.9314944	55.6010094
37.3532375	39.0652612	43.50096
32.8786306	34.3855681	38.2899081
28.9140912	30.2393194	33.6728706
26.7578288	27.9842294	31.1617244
26.0464456	27.2402387	30.3332556
25.5613288	26.73289	29.7682975
24.686615	25.8180856	28.7496213
25.0578638	26.2063475	29.1819713
22.1601556	23.17583	25.8073512
22.4111213	23.4382956	26.0996212
22.7907875	23.8353619	26.5417706
23.5580744	24.6378181	27.4353425
25.4560038	26.622735	29.6456381
27.2901131	28.5409075	31.7816113
32.1640144	33.6381944	37.4576756
39.6304531	41.4468494	46.1529681
52.9731587	55.4010937	61.6916606
71.2276206	74.4922175	82.9505056
104.240571	109.018259	121.396844
151.006294	157.927419	175.859412
149.171363	156.008363	173.722481
105.468635	110.302621	122.827032
73.4023031	76.7665738	85.4831081
55.2094675	57.7399006	64.2960306
41.2224763	43.1118375	48.00701
33.3480206	34.87647	38.8365506
28.2777544	29.5738169	32.9318031
25.512625	26.6819531	29.7115806
24.00151	25.1015781	27.9517606
23.0966906	24.1552894	26.8980225
22.5072525	23.5388356	26.2115738
22.3895181	23.4157038	26.0744613
21.9801463	22.9875681	25.5977119
22.418965	23.4465019	26.1087544
23.7331	24.8208675	27.6391744
26.0467463	27.240555	30.3336075
30.1897781	31.5734763	35.1585144
41.6844094	43.5949431	48.5449694
58.0635375	60.7247806	67.6198294
101.946229	106.618744	118.724876
2231.53310826188	2238.93328326188	2258.10651426188
4148.16636389648	4157.02510789648	4179.97738889648
119.846579	125.339538	139.571325
71.6281575	74.9111131	83.4169638
46.4834537	48.6139438	54.1338562
33.37401	34.9036512	38.8668188
27.9619419	29.24353	32.5640131
24.4911412	25.61365	28.5219756
22.7135537	23.7545944	26.4518294
22.0765619	23.0884025	25.7099956
23.9350619	25.0320856	27.8743763
26.1197737	27.3169288	30.418655
30.0971181	31.4765694	35.050605
39.6091912	41.4246112	46.1282069
59.6136019	62.3458906	69.4250119
104.264311	109.04308	121.424477
1548.27268567583	1554.11482967583	1569.25133567583
86.06509	90.0097344	100.229975
50.2253637	52.5273569	58.491625
34.7393063	36.3315219	40.4568169
26.3890506	27.5985481	30.7322506
24.9537294	26.0974406	29.0606975
30.5887019	31.9906831	35.6230925
36.5036919	38.1767756	42.5115925
52.3375175	54.7363194	60.9514044
69.9249087	73.1297975	81.4333894
46.4757175	48.6058538	54.1248488
33.9082456	35.4623737	39.4889788
42.4383013	44.3833894	49.4229413
