#?RADIANCE
genskyvec -m 1
NROWS=146
NCOLS=1
NCOMP=3
FORMAT=ascii

18.5414325	19.3912469	21.5930431
32.9122969	34.4207775	38.3291162
32.34196	33.8242981	37.6649081
32.0401444	33.5086494	37.31342
32.0989469	33.5701475	37.3819012
32.7207956	34.2204994	38.1060956
32.5499856	34.0418581	37.90717
32.78437	34.2869875	38.1801356
33.1574931	34.67721	38.6146662
34.5909456	36.1763625	40.2840388
33.9250469	35.479945	39.5085469
36.6464169	38.3260431	42.67781
37.58558	39.3082512	43.77154
40.6151175	42.4766419	47.29969
45.1841806	47.2551206	52.6207463
49.1555994	51.4085619	57.2457956
58.6309125	61.3181612	68.2805881
56.5527062	59.1447031	65.8603437
66.3118537	69.3511469	77.2256844
65.9788869	69.0029175	76.8379144
57.93924	60.5947862	67.475075
55.9645075	58.5295481	65.1753381
47.3322637	49.5016575	55.1223694
44.3739462	46.4077481	51.6771606
40.1048631	41.9430019	46.7054588
35.9518481	37.5996381	41.8689256
34.9190888	36.5195456	40.6661906
33.376625	34.9063844	38.8698625
33.5990356	35.1389894	39.1288775
32.7149525	34.2143862	38.0992906
32.875865	34.382675	38.2866869
31.61345	33.0623987	36.8164987
30.7097794	32.1173113	35.7640994
31.3871844	32.8257625	36.5529931
31.2156525	32.6463706	36.3532306
31.2408144	32.672685	36.3825369
30.9945894	32.4151738	36.095785
31.9279169	33.3912806	37.1827219
32.7558544	34.2571631	38.1469244
33.5117625	35.0477163	39.0272437
33.9704762	35.5274563	39.5614525
36.6001363	38.2776425	42.6239119
40.1020781	41.9400887	46.7022125
45.3501069	47.4286519	52.8139794
53.1612406	55.5977969	61.9106962
62.7036669	65.5775819	73.02365
76.7276975	80.2443806	89.3558006
83.7344275	87.57225	97.5157213
96.3595394	100.776009	112.21872
93.093195	97.3599587	108.414778
84.825445	88.713275	98.7863025
71.2389438	74.5040594	82.9636906
58.1786513	60.8451719	67.7538913
48.9455144	51.1888506	57.0011319
42.4136288	44.3575869	49.3942088
38.5122431	40.2773869	44.8507181
36.1325331	37.7886044	42.0793444
33.8079363	35.3574656	39.3721606
32.7959256	34.2990706	38.19359
31.873835	33.3347194	37.1197375
31.7498619	33.2050625	36.9753631
26.7848	28.012435	31.1931331
26.1187569	27.3158656	30.4174706
26.0437725	27.237445	30.3301462
26.8988125	28.1316725	31.3259094
27.1696244	28.4149	31.6412944
27.8887662	29.167	32.4787925
29.0097819	30.3393969	33.7843094
31.1610806	32.5892975	36.28968
33.7699469	35.3177356	39.32792
40.352855	42.20236	46.994265
49.7438	52.0237212	57.9308031
68.8286763	71.9833231	80.1567325
95.1538812	99.5151006	110.814641
123.154894	128.799481	143.424131
129.411612	135.342969	150.710613
108.917271	113.909311	126.843238
78.4694275	82.0659381	91.3841894
59.4337856	62.1578312	69.2156
44.7000844	46.7488375	52.0569769
37.3086462	39.0186231	43.44903
32.6005088	34.0946969	37.9660119
30.0327888	31.4092919	34.9756875
27.8603894	29.1373212	32.4457444
27.3598925	28.6138869	31.8628763
23.9733875	25.0721675	27.91901
23.7295831	24.8171881	27.6350781
23.4765756	24.552585	27.3404306
23.7317062	24.8194075	27.6375513
24.4797956	25.6017862	28.5087631
25.0711181	26.2202106	29.1974081
26.7812788	28.0087519	31.1890313
29.666515	31.02623	34.5491319
34.5890419	36.1743725	40.281825
41.8513069	43.7694894	48.7393363
56.1284438	58.7009969	65.3662544
82.3881225	86.1642406	95.9478469
112.212932	117.356034	130.681319
169.382381	177.145731	197.259913
1463.64555664091	1472.27845064091	1494.64551264091
150.138719	157.020069	174.849063
99.4523181	104.010551	115.820514
68.3206481	71.4520094	79.5650912
48.1365694	50.3428263	56.0590469
37.5339881	39.2542944	43.71146
31.7022937	33.1553169	36.9199662
28.0323856	29.3172019	32.6460512
25.9723344	27.1627338	30.2469525
24.9648888	26.1091119	29.0736938
23.6255044	24.70834	27.5138719
22.97403	24.027005	26.7551744
23.0556006	24.1123144	26.8501694
23.7587325	24.8476744	27.6690256
25.3088675	26.4688556	29.4742856
29.6311894	30.9892831	34.50799
35.7361131	37.3740162	41.6176831
51.6688831	54.0370362	60.1727213
74.2030756	77.6040481	86.41567
127.514972	133.359394	148.501819
2394.48567676704	2403.13657076704	2425.55031376704
1567.47970570427	1576.07889970427	1598.35863770427
110.259514	115.313061	128.4064
62.9287844	65.8130175	73.2858175
43.9745669	45.9900656	51.2120506
33.0517206	34.5665894	38.4914856
27.4846856	28.7443987	32.0082081
24.9303538	26.0729944	29.0334769
25.0532163	26.2014875	29.1765581
25.0748187	26.2240812	29.2017181
25.97796	27.1686156	30.2535
29.6322694	30.990415	34.5092488
38.7154312	40.489885	45.0873475
61.8523044	64.6871994	72.0321656
100.289659	104.886264	116.795672
121.106086	126.656776	141.038125
90.4450969	94.5905	105.330866
53.9347738	56.4067819	62.8115425
34.4071994	35.9841931	40.0700525
28.6000813	29.9109181	33.3071794
31.4069056	32.8463888	36.5759619
32.61795	34.1129394	37.9863225
41.9729138	43.8966725	48.8809575
61.3386962	64.15005	71.4340269
54.9708681	57.4903656	64.0181619
40.17275	42.014	46.7845175
41.4980094	43.4000006	48.3278919
