#?RADIANCE
genskyvec -m 1
NROWS=146
NCOLS=1
NCOMP=3
FORMAT=ascii

1.09733025	1.14762438	1.2779325
11.7408645	12.2789869	13.6732156
11.8877023	12.4325547	13.8442206
12.3099622	12.8741682	14.3359768
13.5603131	14.1818269	15.7921144
16.7390113	17.5062163	19.493975
22.1708306	23.1869925	25.8197806
31.1468212	32.5743831	36.2730712
53.2977344	55.7405437	62.069655
381.242705969518	385.339759069518	395.954884969518
322.582886503837	326.067139603837	335.094541503837
52.2942937	54.6911144	60.9010662
29.6685931	31.0284038	34.5515512
20.2677156	21.1966506	23.6034438
15.9849831	16.7176275	18.6158456
13.3153633	13.9256494	15.5068481
12.6073711	13.1852081	14.6823344
11.3136657	11.8322086	13.175707
11.6249884	12.1577984	13.5382669
11.4320952	11.9560671	13.3136287
11.1797011	11.6921034	13.0196951
11.6111606	12.1433387	13.5221638
11.025949	11.5313046	12.8406361
11.1471199	11.6580293	12.9817516
11.2475951	11.76311	13.0987631
10.6516332	11.139833	12.4047178
11.0707314	11.5781388	12.8927894
10.766468	11.2599295	12.538449
11.3149611	11.8335629	13.1772156
11.0534263	11.5600423	12.8726375
11.4466611	11.9713015	13.3305925
10.6624005	11.1510917	12.417255
10.4841777	10.9647021	12.2096981
11.6267004	12.15959	13.5402625
12.6923812	13.274115	14.7813344
15.5392088	16.2514231	18.0967044
19.6263738	20.5259156	22.8565494
28.1102744	29.3986619	32.7367594
44.7587387	46.8101788	52.125285
277.918822676127	281.234603876127	289.825510176127
55.4055625	57.9449825	64.5243981
40.2752606	42.1212106	46.9039013
26.6249412	27.84525	31.0069631
19.6170387	20.5161538	22.8456769
14.8323481	15.5121637	17.2735069
12.5253738	13.0994531	14.5868406
11.229236	11.7439094	13.0773819
11.3235712	11.8425669	13.1872431
10.2740177	10.7449099	11.9649506
10.1475226	10.6126184	11.8176369
9.806102	10.2555484	11.4200238
9.84891281	10.3003214	11.4698812
9.99404719	10.4521074	11.6389019
9.53810769	9.97527081	11.1079221
10.043316	10.503634	11.6962789
10.2081664	10.6760392	11.8882613
10.3113017	10.7839026	12.00837
9.98597506	10.4436662	11.6295006
10.1621458	10.627912	11.8346669
10.0826827	10.5448049	11.742125
10.3775389	10.8531764	12.0855106
7.64631944	7.99677544	8.90477694
7.59186444	7.93982481	8.84135925
8.23624494	8.61373919	9.59179438
10.3891084	10.8652757	12.0989841
13.6193975	14.24362	15.8609256
19.9655775	20.8806644	23.2515806
27.9895344	29.2723875	32.5961462
31.487755	32.9309437	36.6701181
22.3712987	23.3966487	26.0532437
15.9564131	16.6877481	18.5825737
11.8473466	12.3903494	13.797225
9.491747	9.92678537	11.0539294
8.30453856	8.68516281	9.67132837
7.60593494	7.95453994	8.85774519
7.5153405	7.85979344	8.7522405
7.47062269	7.813026	8.70016319
7.18045488	7.50955894	8.36223856
7.54309363	7.88881844	8.78456144
7.25765913	7.5903015	8.45214925
6.93535369	7.25322413	8.076798
7.25411394	7.58659375	8.44802063
7.34811131	7.68489956	8.55748863
7.08720463	7.41203463	8.25364088
7.44485081	7.78607319	8.67014981
5.60551837	5.86243781	6.52809362
5.89918725	6.16956656	6.8700955
6.25355119	6.54017225	7.28278194
7.07777544	7.40217338	8.24265931
9.06386162	9.47928919	10.5556227
10.7338056	11.2257714	12.500412
13.0299569	13.6271638	15.1744712
14.223169	14.8750638	16.5640656
11.7160984	12.253086	13.6443731
9.73185987	10.1779039	11.3335635
7.77162631	8.1278255	9.05070656
6.43455263	6.72946919	7.49357287
6.08421431	6.36307388	7.08557494
5.83939487	6.10703369	6.80046231
5.68586781	5.94646981	6.62166725
5.43927962	5.68857963	6.33449475
5.37636831	5.62278519	6.26122937
5.38201413	5.62868963	6.267804
5.47918306	5.73031213	6.3809655
5.44046931	5.68982413	6.33588044
5.48646981	5.73793256	6.3894515
5.56233594	5.81727619	6.47780406
5.48888619	5.74046013	6.39226563
5.68727731	5.94794381	6.62330856
4.439638	4.64312119	5.17032844
4.71992494	4.93625494	5.49674637
5.05856675	5.29041781	5.89112287
6.05426488	6.331752	7.05069638
7.08595619	7.41072894	8.25218688
7.472511	7.81500094	8.70236269
7.216406	7.54715775	8.40410669
6.09136912	6.37055669	7.09390731
5.31862725	5.56239763	6.19398513
4.82811769	5.04940625	5.62274562
4.40046037	4.602148	5.124703
4.41305362	4.61531831	5.13936888
4.37525756	4.57579025	5.09535262
4.27242087	4.46824	4.97559037
4.17575737	4.36714619	4.86301769
4.21311056	4.40621131	4.90651863
4.32827938	4.52665888	5.04064244
4.3634095	4.56339912	5.08155444
3.82148419	3.99663538	4.45043713
3.93531994	4.11568869	4.58300825
4.53321625	4.74098862	5.2793085
5.10950794	5.3436935	5.95044806
4.788666	5.0081465	5.576801
4.26199819	4.45733944	4.96345231
3.95418444	4.13541781	4.60497737
3.72807956	3.89894963	4.34165938
3.65519381	3.82272338	4.256778
3.58360325	3.74785163	4.17340494
3.66319981	3.83109644	4.26610156
3.61190081	3.77744612	4.20635981
3.39013944	3.54552081	3.94810025
3.54879813	3.71145112	4.13287113
3.62364794	3.789732	4.2200405
3.50937938	3.67022594	4.086965
3.27158525	3.42153294	3.81003413
3.283851	3.43436081	3.82431838
3.30188963	3.45322606	3.84532563
