#?RADIANCE
genskyvec -m 1
NROWS=146
NCOLS=1
NCOMP=3
FORMAT=ascii

9.28924687	9.71500344	10.8181038
28.8452594	30.1673338	33.5927106
27.7779206	29.0510756	32.3497056
27.4395781	28.6972244	31.9556769
27.5655044	28.8289237	32.1023294
28.6464162	29.9593781	33.3611413
28.427865	29.7308069	33.1066169
28.3846025	29.6855637	33.0562375
28.4284025	29.7313694	33.107245
29.5403144	30.894245	34.4021569
27.3431225	28.5963475	31.843345
28.9887163	30.3173625	33.7597763
28.2497356	29.5445144	32.8991731
29.1498431	30.4858756	33.9474219
31.1409675	32.56826	36.2662512
33.290995	34.8168312	38.77014
40.2724881	42.1183094	46.9006725
42.7030537	44.6602763	49.7312669
58.2597894	60.9300281	67.8483837
79.7652475	83.4211487	92.8932844
89.6487788	93.7576781	104.403485
113.169247	118.356169	131.795031
98.0892731	102.585022	114.233134
89.7606619	93.8746731	104.53377
68.6384388	71.7843631	79.9351856
49.8263313	52.1100356	58.0269194
41.4716731	43.3724562	48.2972225
34.8759506	36.4744294	40.6159537
32.7890663	34.2918969	38.1856031
29.9494419	31.3221244	34.8786231
29.2835131	30.6256744	34.1030944
30.9213481	32.3385762	36.0104875
30.3004413	31.68921	35.28739
30.1943456	31.5782538	35.1638338
30.20126	31.5854825	35.1718837
30.2128394	31.5975931	35.1853713
30.1249288	31.5056538	35.0829912
30.2971344	31.6857506	35.2835381
30.35799	31.7493963	35.3544119
30.2674262	31.654685	35.2489444
30.0980581	31.47755	35.0516962
30.5274531	31.9266281	35.5517656
31.2952687	32.7296356	36.4459513
32.7846537	34.2872819	38.1804619
35.3480538	36.96817	41.1657556
39.2993006	41.1005156	45.7673113
47.0847044	49.2427519	54.8340644
56.0523031	58.6213644	65.27758
75.5934056	79.0580987	88.0348231
105.991969	110.849933	123.436494
146.093456	152.789413	170.138037
179.740656	187.978775	209.322981
162.144125	169.575719	188.83035
124.290556	129.9872	144.746712
86.519535	90.4850163	100.759217
64.8674563	67.8405463	75.5435606
51.9380225	54.3185131	60.4861588
42.6760806	44.6320663	49.6998531
36.9630769	38.6572156	43.0465862
33.7345544	35.2807219	39.2867044
31.9618612	33.4267794	37.2222525
29.3742088	30.7205269	34.2087163
28.4748156	29.7799094	33.1612962
28.0206519	29.3049325	32.6323869
28.2880062	29.58454	32.9437425
28.2459781	29.5405863	32.8947969
28.31089	29.6084706	32.9703938
28.35856	29.6583281	33.0259094
28.6625231	29.9762219	33.3798981
28.8919331	30.2161444	33.6470663
30.5382288	31.9378969	35.5643137
32.9480113	34.4581287	38.370705
38.8528156	40.6335669	45.2473425
48.5644944	50.790365	56.5574012
64.9558731	67.933015	75.6465306
96.8120812	101.249299	112.745741
150.9105	157.827206	175.747856
573.071108370944	584.001496370944	612.321171370944
281.098844492501	289.348263492501	310.721825492501
106.436206	111.31453	123.953838
73.07961	76.4290881	85.1072994
52.558595	54.9675269	61.2088662
41.701715	43.61304	48.5651244
34.67224	36.2613838	40.378715
31.3753188	32.8133538	36.5391731
27.9875313	29.2702912	32.5938144
26.9420831	28.1769294	31.3763025
26.1576213	27.3565119	30.4627319
26.0238956	27.2166569	30.3069975
26.0712875	27.2662194	30.3621894
26.0386612	27.2320987	30.3241925
26.1780931	27.3779206	30.4865719
26.7780362	28.0053625	31.1852575
27.6770925	28.9456237	32.2322819
29.3297294	30.6740081	34.1569162
32.4525225	33.9399269	37.7936681
37.8356887	39.5698237	44.062815
44.9600819	47.0207512	52.3597638
62.2851656	65.1399013	72.5362706
88.1460806	92.1861038	102.653463
117.702461	123.097142	137.074325
262.97167451029	270.02670551029	288.30566751029
139.059831	145.433412	161.946775
98.3057963	102.811466	114.485294
68.6994162	71.8481356	80.0061988
51.2223819	53.5700719	59.6527344
39.7231912	41.5438362	46.2609681
33.6971956	35.24165	39.2431956
30.4596181	31.8556831	35.4727625
27.7082519	28.9782125	32.2685706
25.89373	27.0805244	30.1554087
25.0470356	26.195025	29.1693619
24.83269	25.9708544	28.9197375
24.9685894	26.1129806	29.0780031
25.6571906	26.8331444	29.8799369
26.9263737	28.1604975	31.3580081
30.2102269	31.5948619	35.18233
34.5453362	36.1286638	40.2309256
44.0336544	46.0518612	51.2808619
55.2489506	57.7811931	64.34201
77.9419256	81.5142644	90.7698712
96.6649362	101.095403	112.574381
83.6605438	87.4949781	97.4296781
62.5745081	65.4425056	72.8732344
46.0691269	48.1806263	53.6513394
36.2636475	37.9257313	42.2320425
30.6656869	32.0711969	35.7127481
27.6714406	28.9397137	32.2257013
25.852895	27.03782	30.1078519
25.0443437	26.1922106	29.1662281
25.4717862	26.6392419	29.66402
27.3360831	28.5889869	31.8351488
32.20846	33.6846794	37.509435
40.1217144	41.9606275	46.7250831
49.80319	52.0858344	57.9999656
60.9346656	63.7275019	70.9635
53.2910056	55.7335094	62.0618219
40.7160306	42.58218	47.4172138
32.1790769	33.6539481	37.4752163
29.6525644	31.0116394	34.532885
27.7555719	29.0277025	32.3236794
29.4291431	30.77798	34.2726925
34.8330338	36.4295456	40.5659725
39.0882587	40.8798019	45.521535
36.2299481	37.890485	42.192795
31.7468687	33.2019338	36.9718769
