#?RADIANCE
genskyvec -m 1
NROWS=146
NCOLS=1
NCOMP=3
FORMAT=ascii

12.257075	12.8188575	14.2743844
32.43845	33.9252112	37.77728
31.2925619	32.7268019	36.4427963
30.8865	32.3021331	35.9699075
30.9417662	32.3599288	36.0342663
31.9950506	33.4614913	37.2609044
31.7344225	33.188915	36.95738
31.6821787	33.1342775	36.8965375
31.7902044	33.2472562	37.0223437
33.0200038	34.5334213	38.4545488
30.851645	32.2656787	35.9293138
32.7423056	34.2429944	38.1311456
32.1610319	33.6350787	37.4542044
33.3542125	34.8829481	38.8437631
35.7613994	37.4004619	41.6471325
38.3573125	40.1153544	44.6702862
46.4356838	48.5639825	54.078225
49.0946613	51.3448306	57.1748262
66.5989037	69.6513487	77.5599744
89.1451625	93.2309863	103.816984
96.3894206	100.807277	112.253526
115.935583	121.249305	135.01665
98.1604338	102.659463	114.316024
89.51209	93.614735	104.244297
69.5868744	72.7762687	81.0397194
51.8962581	54.2748338	60.4375194
44.1767281	46.2014925	51.447485
37.9570131	39.6967094	44.2041081
36.16098	37.8183569	42.1124756
33.43698	34.9695069	38.9401519
32.8647188	34.3710163	38.273705
34.893405	36.4926856	40.63628
34.33371	35.9073375	39.9844706
34.0754419	35.6372331	39.6836944
34.0358	35.5957731	39.6375263
33.9957394	35.5538756	39.5908719
33.944185	35.4999594	39.5308337
34.0283694	35.5880025	39.6288744
34.090075	35.652535	39.7007356
34.1404787	35.7052494	39.7594344
34.304845	35.8771519	39.9508538
34.9016219	36.50128	40.6458487
35.9815044	37.6306544	41.9034631
37.77388	39.5051825	43.9908331
41.0877931	42.9709819	47.8501625
45.9932456	48.1012669	53.5629713
55.5428625	58.0885762	64.6842956
65.9573375	68.9803819	76.8128187
90.0204419	94.1463781	104.836306
124.814526	130.535194	145.356925
166.688888	174.328781	194.123113
189.348112	198.026562	220.511669
161.843819	169.26165	188.480619
125.675162	131.435262	146.359206
88.793545	92.8632438	103.407484
67.7697912	70.8759006	78.9235725
55.2326231	57.7641163	64.3229963
46.4371019	48.5654675	54.0798756
40.8466763	42.7188163	47.5693625
37.740905	39.4706944	43.9524313
35.9528844	37.6007231	41.8701306
34.08831	35.65069	39.6986812
33.2144763	34.7368062	38.6810281
32.6805119	34.1783681	38.0591819
32.7580506	34.2594588	38.1494806
32.7028644	34.2017437	38.0852119
32.7899362	34.2928062	38.1866156
32.9496925	34.459885	38.3726637
33.4393038	34.9719387	38.9428594
34.0792894	35.6412569	39.6881762
36.2008112	37.8600131	42.1588637
39.4330862	41.2404344	45.9231181
47.0349419	49.1907088	54.7761125
59.8405188	62.5832094	69.6892756
81.7335656	85.4796825	95.1855575
123.289462	128.940206	143.580844
335.209149189883	344.014049189883	366.826836189883
712.620288521587	725.047038521587	757.243695521587
188.616625	197.261544	219.659781
114.467001	119.713419	133.306381
80.3407587	84.02304	93.56351
58.2488194	60.9185544	67.8356081
46.8707506	49.0189925	54.5848969
39.7572281	41.5794337	46.3006087
36.1949219	37.8538525	42.1520031
33.462105	34.995785	38.9694113
32.2451894	33.7230944	37.5522144
31.4107006	32.8503556	36.5803794
31.1910269	32.6206162	36.3245512
31.1809075	32.6100306	36.3127662
31.2069025	32.6372188	36.3430394
31.5293637	32.9744588	36.7185737
32.3476638	33.8302656	37.6715525
33.7389275	35.2852938	39.2917956
35.9798875	37.6289637	41.90158
40.325995	42.1742694	46.962985
47.9653262	50.1637381	55.8596219
57.6923506	60.3365812	67.1875519
81.8344006	85.5851425	95.3029838
118.827487	124.273738	138.384513
162.896675	170.362775	189.70675
454.124749322136	463.739674322136	488.651086322136
171.173906	179.019369	199.346275
114.798399	120.060006	133.692319
79.4284381	83.068905	92.5010419
59.3093925	62.0277381	69.0707338
46.3689856	48.4942319	54.0005519
39.761305	41.5836956	46.3053531
36.0720063	37.7253062	42.0088613
33.9700862	35.527045	39.5609981
31.8041937	33.2618869	37.0386369
30.8670106	32.2817475	35.9472075
30.5501769	31.9503919	35.5782269
30.7873881	32.1984737	35.8544794
31.8989156	33.36095	37.1489488
33.6921069	35.2363287	39.23727
38.3240619	40.0805819	44.6315662
44.5341688	46.5753175	51.8637544
58.0951781	60.7578731	67.65668
74.7304637	78.1556075	87.0298562
107.659982	112.594391	125.379012
132.448387	138.518944	154.247206
107.317273	112.235966	124.979912
77.6723781	81.2323606	90.4559656
56.2767475	58.8560969	65.5389656
44.0401719	46.05868	51.2884525
37.4282337	39.1436925	43.5882988
34.638355	36.2259469	40.3392544
32.5628981	34.0553625	37.92221
31.5470737	32.9929812	36.7391994
32.19966	33.6754781	37.49919
35.0056494	36.6100731	40.7669962
42.0675581	43.9956538	48.9911787
53.5005269	55.9526325	62.305825
67.4740156	70.5665719	78.5791194
82.2262338	85.9949319	95.7593006
69.3366388	72.5145644	80.7482944
51.2273912	53.5753106	59.6585681
40.4583569	42.3126962	47.11713
38.0414188	39.7849831	44.3024044
35.7501406	37.3886888	41.6340219
38.3130637	40.0690769	44.6187562
46.086725	48.1990319	53.6718356
51.6487556	54.0159888	60.1492819
46.9652394	49.1178119	54.6949375
41.4464144	43.3460394	48.2678056
