#?RADIANCE
genskyvec -m 1
NROWS=146
NCOLS=1
NCOMP=3
FORMAT=ascii

16.5512281	17.3098256	19.2752863
32.0859444	33.5565475	37.3667569
31.87874	33.3398475	37.12545
31.7900113	33.2470525	37.02212
31.9846187	33.4505794	37.2487556
32.5796087	34.07284	37.9416712
32.1381456	33.6111438	37.4275519
32.0180781	33.4855712	37.2877212
31.7472713	33.2023544	36.972345
32.5539575	34.0460119	37.9117963
31.3004281	32.7350313	36.4519594
33.0941319	34.6109456	38.5408769
33.3998675	34.9306944	38.8969306
35.600835	37.23254	41.4601413
39.2925331	41.0934381	45.7594325
43.3085994	45.2935763	50.4364762
53.3593244	55.8049581	62.1413819
54.5643894	57.0652556	63.5447806
69.7849225	72.9833962	81.2703606
78.4294469	82.0241294	91.3376331
72.0561231	75.3586931	83.9153637
72.7656719	76.1007631	84.741695
59.39155	62.1136594	69.1664125
54.1795538	56.6627838	63.0966094
45.7503256	47.8472131	53.2800681
38.1826413	39.9326775	44.4668694
35.4220106	37.0455194	41.2518844
32.8175887	34.3217269	38.2188188
32.6263375	34.1217094	37.9960912
31.5547338	33.0009906	36.7481181
31.8557925	33.3158488	37.0987275
31.024965	32.4469413	36.1311594
30.2833362	31.67132	35.26747
31.0661312	32.489995	36.1790994
30.9470038	32.3654075	36.0403675
30.8544406	32.2686006	35.9325694
30.3387006	31.7292212	35.331945
30.9604938	32.3795169	36.0560769
31.2567881	32.68939	36.4011375
31.2613194	32.6941312	36.406415
30.9562994	32.3751275	36.0511906
32.5750119	34.0680319	37.9363187
34.7976613	36.3925544	40.5247781
38.6023425	40.371615	44.9556456
44.3091963	46.3400331	51.601755
52.1253225	54.5143975	60.704285
66.0051675	69.0304031	76.8685219
78.0857081	81.664635	90.9373162
101.511606	106.164227	118.218738
116.209424	121.535694	135.335569
118.705244	124.145881	138.242138
103.768942	108.525001	120.847566
82.2371769	86.0063775	95.7720537
65.8433906	68.8612081	76.6801162
52.126445	54.5155738	60.7055931
43.9614319	45.9763325	51.1967556
38.9735187	40.7598044	45.3879125
34.9441212	36.5457263	40.6953425
32.8173994	34.3215281	38.2185981
31.4457575	32.88702	36.6212056
31.117285	32.5434919	36.2386738
26.5732469	27.7911875	30.9467631
25.8680838	27.0537062	30.1255425
25.715685	26.8943212	29.94806
26.4312462	27.6426787	30.7813906
26.4162138	27.6269544	30.7638837
26.6606475	27.8825937	31.0485475
27.1116006	28.3542131	31.57372
28.273035	29.5688825	32.9263088
29.6113044	30.9684887	34.4848325
33.8404438	35.3914631	39.4100194
39.8609787	41.6879381	46.4214331
53.4030106	55.8506456	62.19226
75.1191037	78.5620612	87.4824606
108.768801	113.75404	126.67035
150.062588	156.94045	174.760406
162.473031	169.919706	189.2134
124.887419	130.611413	145.441825
89.0407	93.1217319	103.695322
60.6572156	63.4373356	70.6403844
46.63616	48.77365	54.3116988
37.1829344	38.8871519	43.3026269
32.1963631	33.6720288	37.4953512
28.695275	30.0104731	33.4180425
27.4348462	28.692275	31.9501675
24.1636725	25.2711706	28.14061
23.6362844	24.7196125	27.5264219
23.1647081	24.2264231	26.9772363
23.2226331	24.2870025	27.0446919
23.5842169	24.6651606	27.4657875
23.8121637	24.9035544	27.73125
24.680985	25.8121956	28.7430637
26.3921212	27.60176	30.7358256
29.2493581	30.5899531	34.0633162
33.594945	35.1347119	39.1241144
42.0354081	43.9620313	48.95374
57.3604231	59.98944	66.8009931
76.6838619	80.1985369	89.3047544
125.461759	131.212075	146.110688
1299.73961705779	1308.77185505779	1332.17361705779
2220.89785142721	2231.94308842721	2260.56032642721
162.055444	169.482988	188.727094
103.615604	108.364643	120.669007
66.8183781	69.8808844	77.8155713
47.7795794	49.9694756	55.6433031
37.4135531	39.1283387	43.5712013
30.887935	32.3036306	35.9715756
27.4512394	28.7094213	31.9692569
25.6198981	26.7941431	29.8365075
24.1426406	25.2491769	28.1161187
22.9120687	23.9622038	26.6830162
22.5392206	23.5722656	26.2488019
22.7150337	23.7561406	26.4535506
23.5347037	24.6133762	27.4081256
26.0082462	27.20029	30.2887731
29.5693037	30.9245625	34.4359187
38.6920581	40.4654425	45.0601281
51.3016431	53.6529687	59.7450437
80.5731606	84.2660937	93.8341669
118.070812	123.482393	137.503312
1368.91271698008	1377.38036698008	1399.31934798008
153.630456	160.671856	178.915475
83.6846037	87.5201425	97.457705
54.8759781	57.391125	63.9076538
38.5953006	40.3642519	44.9474469
30.2397562	31.6257431	35.2167175
26.2250206	27.427	30.5412231
25.3787181	26.5419094	29.555635
24.4551025	25.57596	28.480005
24.3343125	25.4496331	28.3393344
26.2797475	27.484235	30.6049569
31.7464538	33.2014994	36.9713937
45.43536	47.5178125	52.9132662
68.4676831	71.6057844	79.7363263
91.4179362	95.607925	106.463811
94.1146169	98.4281975	109.604325
60.6474963	63.4271706	70.6290662
38.2854319	40.0401813	44.5865794
30.0482394	31.42545	34.9936788
30.6763181	32.0823131	35.7251294
29.9547431	31.3276675	34.8847962
35.606975	37.2389588	41.4672906
49.17152	51.4252106	57.2643337
50.9485919	53.2837331	59.3338856
40.2543125	42.0993012	46.8795044
37.6725238	39.3991806	43.8727963
