#?RADIANCE
genskyvec -m 1
NROWS=146
NCOLS=1
NCOMP=3
FORMAT=ascii

22.2074575	23.2253	25.8624356
30.5410262	31.9408225	35.5675719
28.9250606	30.2507925	33.6856444
28.1441531	29.4340919	32.7762119
27.0486731	28.2884012	31.500435
25.1337331	26.2856944	29.2703275
26.0803062	27.2756506	30.3726894
27.5843569	28.8486375	32.1242831
29.7528281	31.1164988	34.6496488
31.9398275	33.4037344	37.1965912
39.4144656	41.2209612	45.9014338
41.69072	43.6015425	48.5523187
46.4981725	48.6293375	54.1510006
47.0114256	49.1661156	54.7487294
44.7584806	46.8099094	52.1249819
42.05872	43.9864106	48.9808875
37.3811138	39.0944131	43.5334244
35.2885231	36.9059131	41.0964294
30.2918919	31.6802681	35.2774356
26.9308919	28.1652219	31.3632675
27.1561937	28.4008525	31.6256525
24.7677694	25.9029581	28.8441325
26.3013937	27.5068744	30.6301656
25.7545637	26.9349819	29.9933381
28.8167381	30.1375056	33.5594938
32.313275	33.7943	37.6315044
34.3821869	35.9580356	40.0409225
36.4047419	38.0732913	42.3963575
34.0658719	35.6272262	39.6725488
33.882835	35.4357981	39.4593869
31.6565737	33.1074988	36.8667206
17.0509819	17.8324844	19.8572894
14.8531044	15.5338731	17.2976787
15.8633894	16.5904606	18.4742394
15.1710863	15.8664275	17.6679962
15.81387	16.5386719	18.4165706
16.4485456	17.2024381	19.1557031
18.9821019	19.8521156	22.1062425
21.9810644	22.9885288	25.5987825
25.4702062	26.6375888	29.66218
28.2478937	29.5425894	32.8970262
34.4536244	36.0327475	40.12412
40.0764406	41.913275	46.6723562
42.1334244	44.0645381	49.0678863
40.0999794	41.9378956	46.6997713
34.740955	36.3332475	40.4587375
28.56023	29.8692406	33.2607694
25.9554031	27.1450244	30.22723
21.0039763	21.9666594	24.4608837
18.332035	19.1722519	21.3491831
16.0990969	16.8369712	18.7487388
15.2459975	15.9447737	17.7552363
15.0827369	15.7740281	17.5651037
14.2147888	14.8662994	16.5543056
16.2595475	17.0047756	18.9355994
17.3621812	18.15795	20.21971
18.4666937	19.3130837	21.5060044
17.8152444	18.6317738	20.7473375
18.5089919	19.35732	21.5552644
17.6123812	18.419615	20.5110875
17.5002688	18.3023637	20.3805219
10.5252934	11.0077015	12.2575819
10.0857024	10.5479648	11.7456419
10.3771144	10.8527331	12.0850144
11.7269613	12.2644456	13.6570225
13.2827825	13.8915769	15.4689088
15.8395725	16.5655519	18.4465019
19.5534019	20.4495994	22.7715669
25.97035	27.1606563	30.2446369
35.6710756	37.3059988	41.5419425
50.0040056	52.2958531	58.2338325
53.6390338	56.0974881	62.4671263
37.2687681	38.9769181	43.4025881
26.0196975	27.2122644	30.302105
19.7636	20.6694312	23.0163606
15.8485806	16.5749731	18.4569931
13.4651188	14.0822694	15.6812544
11.4636575	11.9890744	13.3503856
11.1270119	11.6369994	12.9583331
10.5173731	10.9994188	12.2483575
10.1687071	10.6347729	11.8423075
10.8541164	11.3515961	12.6405237
11.1067286	11.6157881	12.9347138
10.5321681	11.0148919	12.2655888
10.8798395	11.3784986	12.6704794
8.38669419	8.77108419	9.76700419
8.71091887	9.110169	10.1445924
9.29249988	9.71840594	10.8218906
10.185083	10.6518988	11.8613775
12.1750025	12.7330225	14.1788056
13.9929119	14.6342537	16.2959138
18.6572194	19.5123419	21.7278875
27.5584256	28.8215175	32.0940844
49.3268419	51.5876531	57.4452206
3060.55524903189	3064.52719463189	3074.81818113189
3308.98593761359	3313.20535331359	3324.13746601359
47.8538844	50.0471863	55.7298381
29.6497719	31.0087181	34.52963
18.9306969	19.7983538	22.0463756
14.6214719	15.2916231	17.0279237
12.28621	12.8493275	14.3083169
10.5169226	10.9989487	12.2478338
9.45376412	9.88706175	11.0096962
8.82967406	9.23436706	10.2828929
8.48839481	8.87744613	9.88544362
8.4287125	8.81502831	9.81593819
8.4793	8.86793431	9.87485188
8.34924481	8.73191837	9.72339206
8.45949031	8.84721681	9.85178156
7.93469194	8.29836506	9.2406105
8.59144319	8.98521725	10.0054526
9.7328405	10.1789289	11.3347056
11.7076925	12.2442931	13.6345819
14.8287813	15.5084338	17.2693544
24.5662006	25.6921506	28.6093881
44.8005712	46.8539294	52.1740006
3833.81161076991	3838.18406886991	3849.51269936991
59.41887	62.1422288	69.1982237
27.7127294	28.9828963	32.2737856
17.5541831	18.3587481	20.44331
12.9853856	13.5805494	15.1225656
10.4849651	10.9655269	12.2106156
8.88200844	9.28910012	10.3438392
8.15791181	8.53181581	9.50056863
7.72613606	8.08025044	8.99772962
7.60517144	7.95374163	8.85685631
7.66887288	8.02036256	8.93104181
8.43704613	8.82374381	9.82564394
9.72799256	10.1738586	11.3290581
12.2514381	12.8129625	14.26782
18.1058869	18.9357388	21.0858156
27.1204606	28.3634806	31.5840375
32.3734181	33.8571994	37.701545
21.854285	22.8559394	25.4511369
14.6541037	15.32575	17.0659269
10.7456733	11.2381825	12.5142319
9.04127069	9.45566206	10.5293133
8.0108715	8.37803619	9.32932787
8.10348394	8.47489325	9.43718281
9.79055269	10.2392865	11.4019138
12.0713356	12.624605	14.0580775
16.0077413	16.7414269	18.6423469
16.5214481	17.27868	19.2406031
11.2664127	11.7827913	13.1206787
9.53696888	9.97407975	11.106595
11.9193581	12.4656631	13.8810881
