#?RADIANCE
genskyvec -m 1
NROWS=146
NCOLS=1
NCOMP=3
FORMAT=ascii

5.892918	6.1630095	6.86279419
23.2068512	24.2704994	27.026315
22.0772731	23.0891494	25.7108275
21.696835	22.6912744	25.2677756
21.7500869	22.7469637	25.3297894
22.6882119	23.7280863	26.4223131
22.5252269	23.5576319	26.2325069
22.5291962	23.5617838	26.2371287
22.6362044	23.6736962	26.3617462
23.646045	24.7298212	27.5377919
21.6938275	22.6881269	25.2642713
23.0018813	24.0561331	26.7876094
22.1012887	23.1142644	25.7387925
22.3778725	23.4035244	26.0609006
23.3276194	24.3968	27.1669569
24.2005656	25.3097581	28.1835756
28.2075306	29.500375	32.8500206
29.6576094	31.0169144	34.5387581
39.8956538	41.7242038	46.4618169
57.3587275	59.9876669	66.7990231
73.8665538	77.2521025	86.0237556
115.844304	121.153826	134.91035
121.989871	127.581044	142.067365
115.660508	120.96159	134.696291
79.8531694	83.513105	92.9956775
51.5724881	53.9362256	60.0604631
39.1871769	40.9832538	45.6367369
30.9008825	32.3171706	35.9866538
27.8270175	29.1024213	32.4068813
24.7256369	25.858895	28.7950662
23.7697925	24.85924	27.6819056
24.9553888	26.099175	29.0626306
24.3264913	25.4414544	28.3302275
24.1843762	25.2928269	28.164725
24.1661938	25.2738106	28.14355
24.1839913	25.2924225	28.1642737
24.14553	25.2522	28.1194844
24.3058712	25.41989	28.3062131
24.3788131	25.4961738	28.3911588
24.2886494	25.4018763	28.2861575
24.0084963	25.108885	27.9598956
24.1238562	25.2295331	28.0942437
24.3237975	25.4386356	28.32709
24.9326012	26.0753456	29.0360938
25.8958088	27.0826987	30.1578275
27.6475975	28.9147763	32.1979313
31.4124575	32.8521944	36.5824262
36.448945	38.11952	42.4478363
46.9874475	49.1410369	54.7208019
66.2988794	69.3375756	77.210575
95.68544	100.071048	111.433691
217.914780082762	224.521955082763	241.640548082763
529.088199108593	538.270161108593	562.059805108593
149.4967	156.348644	174.101387
94.7922119	99.1368525	110.393414
64.9723881	67.9502875	75.6657662
48.5737625	50.8000581	56.5681962
37.3462569	39.0579606	43.4928319
31.1534331	32.5812987	36.2807731
27.7746762	29.0476825	32.3459294
26.0045763	27.1964519	30.2844969
23.4572912	24.5324175	27.3179719
22.6888587	23.7287644	26.4230688
22.3365887	23.3603494	26.0128219
22.5969312	23.6326225	26.3160088
22.5858038	23.6209844	26.3030506
22.6417831	23.6795325	26.3682444
22.6161231	23.6526956	26.3383631
22.6797956	23.719285	26.4125113
22.4777788	23.5080094	26.1772481
23.0969219	24.15553	26.8982925
23.9388219	25.0360181	27.8787531
26.4138613	27.6244963	30.7611438
30.5986425	32.0010794	35.6346719
37.93657	39.6753275	44.1802987
53.3466706	55.7917231	62.1266463
80.1889056	83.8642288	93.3866719
124.597681	130.308394	145.1044
225.486966586125	232.680866586125	251.319597586125
98.9981456	103.535551	115.291599
64.3601063	67.3099431	74.9527106
45.20485	47.2767387	52.6448187
34.6923419	36.2824056	40.402125
27.9889425	29.2717687	32.5954594
25.1717337	26.3254375	29.3145825
21.9039369	22.9078688	25.5089631
21.1795381	22.1502669	24.6653381
20.5971687	21.5412056	23.9871206
20.5531956	21.4952162	23.9359113
20.62765	21.5730838	24.0226213
20.5646881	21.5072356	23.9492938
20.5150131	21.4552831	23.8914431
20.7340475	21.6843569	24.1465288
20.8965425	21.8542994	24.3357675
21.4846419	22.469355	25.0206569
22.5676663	23.6020163	26.2819281
24.5074675	25.6307281	28.5409919
27.4732313	28.7324206	31.9948681
34.7566356	36.3496456	40.4769994
45.5566525	47.644665	53.0545219
57.5099319	60.1458013	66.9751119
75.2567638	78.7060288	87.642775
82.1477681	85.9128688	95.6679312
71.4405137	74.71487	83.1984394
53.3298531	55.7741363	62.1070631
40.3016881	42.1488462	46.9346775
31.1365356	32.5636275	36.2610937
26.27907	27.4835256	30.6041662
23.8609031	24.9545281	27.7880131
21.0237819	21.9873713	24.4839475
19.8824138	20.7936912	23.1547294
19.3020719	20.1867506	22.4788744
19.2258231	20.1070081	22.3900744
19.2316675	20.11312	22.3968812
19.3367287	20.2229975	22.519235
19.7615769	20.667315	23.0140038
20.9128444	21.8713475	24.3547519
22.4858313	23.5164331	26.1866269
26.1952112	27.3958256	30.50651
30.5478562	31.9479656	35.575525
40.0680812	41.9045337	46.6626231
49.6800069	51.9570056	57.8565113
49.7688831	52.0499569	57.9600156
41.457275	43.3573994	48.2804544
32.6953156	34.1938519	38.0764238
26.7810994	28.0085644	31.1888231
22.9976431	24.0517012	26.7826725
20.3379669	21.2701225	23.6852575
19.1227425	19.9991994	22.2700288
18.6756669	19.531635	21.7493737
18.7739594	19.6344325	21.8638406
19.308385	20.1933513	22.4862244
21.0626612	22.0280338	24.5292256
24.1586175	25.2658869	28.1347244
28.2411712	29.5355556	32.8891969
34.0640987	35.6253694	39.6704825
32.6453869	34.1416331	38.0182756
27.6852337	28.9541406	32.2417625
22.7641156	23.8074706	26.5107119
20.5852431	21.5287338	23.9732325
19.4200019	20.3100856	22.6162131
19.8981838	20.8101819	23.1730937
22.0325106	23.0423319	25.6586944
24.3340787	25.4493906	28.3390656
23.7183225	24.8054125	27.6219644
21.0336575	21.9976994	24.4954494
