#?RADIANCE
genskyvec -m 1
NROWS=146
NCOLS=1
NCOMP=3
FORMAT=ascii

27.6676956	28.9357988	32.2213413
35.8607037	37.5043169	41.76278
35.49722	37.1241762	41.3394738
35.0174731	36.6224388	40.7807681
33.452405	34.9856419	38.9581175
29.7063906	31.0679325	34.5955694
28.9432069	30.2697706	33.7067787
28.8967875	30.2212212	33.6527194
29.0692206	30.4015587	33.8535319
29.4653081	30.8158019	34.3148106
36.4883194	38.1606994	42.49369
37.4455412	39.1617938	43.6084544
43.3163225	45.3016519	50.4454694
46.2843031	48.4056656	53.9019294
47.4140513	49.5871931	55.2176144
48.7856294	51.0216369	56.8149356
46.8938413	49.04314	54.6117881
45.6356787	47.7273125	53.1465531
40.6327275	42.4950575	47.3201969
36.0651613	37.7181481	42.0008888
34.9686463	36.5713731	40.7239031
30.4720138	31.8686469	35.4872025
30.1223269	31.5029344	35.079965
27.8590825	29.1359569	32.4442237
29.2704588	30.6120225	34.0878906
31.9749719	33.4404919	37.2375219
33.8427988	35.3939262	39.4127606
36.7021937	38.3843756	42.7427644
35.4098525	37.0328031	41.2377269
36.6682494	38.3488738	42.7032337
35.9182388	37.56449	41.8297837
19.6844681	20.5866731	22.9242044
17.4271888	18.2259338	20.2954144
18.7833075	19.6442062	21.8747262
17.5030119	18.3052331	20.3837169
17.2311469	18.0209056	20.0671062
16.7686744	17.5372381	19.52852
18.52114	19.3700256	21.5694113
20.37088	21.3045444	23.7235869
22.4729681	23.5029769	26.1716444
23.6372612	24.7206344	27.5275606
27.8205269	29.095635	32.3993231
32.0107894	33.4779506	37.2792344
36.9612156	38.65527	43.0444162
40.7716431	42.6403431	47.4819781
41.4520194	43.3519025	48.2743325
39.1089313	40.9014225	45.5456113
36.57771	38.2541881	42.5977944
30.9237056	32.3410425	36.0132331
26.6897394	27.9130169	31.0824262
23.0305362	24.0860994	26.8209781
20.7723206	21.7243844	24.1910994
19.0555581	19.9289375	22.1917856
16.81852	17.5893669	19.5865681
17.5433525	18.3474219	20.4306969
17.8167706	18.6333731	20.7491144
18.5688425	19.4199125	21.6249637
18.1159406	18.9462556	21.0975231
19.2484106	20.1306306	22.4163787
18.9635662	19.8327288	22.0846525
19.4994231	20.393145	22.7087031
11.990885	12.5404669	13.9643856
11.4653187	11.9908106	13.35232
11.5210937	12.0491425	13.417275
12.4377825	13.0078488	14.4848362
13.2242031	13.8303131	15.4006869
14.8210031	15.5002994	17.2602937
17.1720719	17.959125	19.9983075
20.736795	21.6872325	24.1497287
24.7698669	25.90515	28.8465744
32.5821525	34.0754988	37.9446325
41.8663906	43.785265	48.7569038
47.2462644	49.4117163	55.022215
42.2800119	44.2178437	49.2385988
33.8305069	35.3810713	39.3984456
25.6264363	26.80098	29.8441213
20.712955	21.6622988	24.1219656
16.6922644	17.457325	19.4395344
15.0549081	15.7449256	17.5326956
13.0906431	13.6906312	15.245145
12.0048369	12.5550581	13.9806338
12.0084725	12.5588606	13.9848675
12.0472062	12.5993706	14.0299769
11.6197075	12.1522763	13.5321181
12.1466225	12.7033413	14.1457531
9.62856387	10.0698727	11.213265
9.83351531	10.2842171	11.4519481
10.1468062	10.6118656	11.8168006
10.7406537	11.2329331	12.5083862
12.135775	12.6919956	14.1331206
13.3957969	14.0097706	15.6005206
16.2700219	17.01573	18.9477981
20.3949938	21.3297656	23.7516725
27.9454294	29.2262594	32.5447819
39.9544431	41.7856875	46.5302806
65.4032131	68.4008575	76.1674975
2290.92268121956	2295.18167501956	2306.21629861956
71.0739013	74.3314538	82.7714894
39.9636856	41.7953512	46.5410431
26.78508	28.0127275	31.1934594
20.7148581	21.6642888	24.1241812
16.4550694	17.20926	19.1633012
13.9194981	14.5574738	16.2104163
12.0769887	12.6305156	14.0646606
10.9143112	11.4145494	12.7106262
10.2770234	10.7480531	11.9684512
9.95380744	10.4100247	11.5920387
9.71324113	10.1584313	11.31188
9.74246744	10.1889959	11.3459169
9.40319625	9.83417625	10.9508062
9.802583	10.2518674	11.4159263
10.6860762	11.1758544	12.4448281
12.1414988	12.6979838	14.1397875
14.3956775	15.0554794	16.7649663
20.1818156	21.106815	23.5034075
29.7797219	31.144625	34.6809706
64.9767513	67.9548519	75.6708488
6335.96179833749	6341.40128533749	6355.49458633749
2882.20194869115	2886.26375989115	2896.78754729115
43.2925356	45.2767769	50.4177706
24.804855	25.9417438	28.8873225
17.2153312	18.0043663	20.0486881
13.3080031	13.9179531	15.4982788
11.5078188	12.0352588	13.401815
10.229594	10.69845	11.9132156
9.54663338	9.98418856	11.1178506
9.33631162	9.76422569	10.8729138
10.2908583	10.7625231	11.9845637
11.4489169	11.97366	13.3332194
13.5152687	14.1347188	15.7396581
18.1061281	18.9359925	21.0860969
28.1202819	29.4091269	32.7484137
53.5717756	56.0271469	62.3887987
54.0942406	56.5735581	62.9972544
30.7435669	32.152645	35.8034469
18.0492231	18.8764788	21.0198256
13.5069575	14.126025	15.7299769
10.8954756	11.3948506	12.68869
10.4838303	10.96434	12.209295
12.7227606	13.3058888	14.8167181
15.2696294	15.9694881	17.7827575
21.7582325	22.7554844	25.3392763
28.0417463	29.3269912	32.6569512
17.5256156	18.3288713	20.41004
13.4749475	14.0925487	15.6926981
16.8312513	17.6026831	19.601395
