#?RADIANCE
genskyvec -m 1
NROWS=146
NCOLS=1
NCOMP=3
FORMAT=ascii

24.408435	25.527155	28.4256562
38.0936725	39.8396337	44.3632606
37.3944562	39.1083681	43.5489625
36.5827994	38.2595106	42.60372
34.5624744	36.1465844	40.2508844
30.27161	31.6590569	35.253815
29.0675094	30.3997706	33.8515406
28.7675112	30.08602	33.5021656
28.8744019	30.19781	33.6266469
29.4453706	30.79495	34.2915881
37.0388544	38.7364662	43.1348337
38.5890231	40.3576862	44.9401363
45.7210006	47.8165444	53.2459188
50.0077869	52.2998088	58.2382381
52.2916081	54.6883056	60.8979369
54.1627088	56.6451637	63.0769912
51.944625	54.3254206	60.4938513
49.4369175	51.7027738	57.5734137
43.3233488	45.3090025	50.4536525
37.5756531	39.2978688	43.7599806
35.8647144	37.5085131	41.7674525
30.8225369	32.2352362	35.8954138
30.1453331	31.5269919	35.1067531
27.7945469	29.0684619	32.3690669
29.385875	30.7327263	34.2223013
32.392065	33.8767006	37.7232625
34.8205819	36.4165231	40.5514706
38.1702575	39.9197244	44.4524469
37.2326531	38.93915	43.3605312
38.7093844	40.4835631	45.0803062
38.14345	39.8916894	44.4212287
20.8118938	21.7657713	24.2371856
18.2558644	19.0925906	21.2604781
19.5240819	20.4189344	22.7374219
17.8994112	18.7198006	20.8453569
17.2813356	18.0733956	20.1255569
16.5534781	17.3121775	19.2779056
18.2106531	19.0453075	21.2078244
20.0262437	20.9441125	23.3222319
22.2398938	23.2592206	25.9002087
23.5968725	24.6783956	27.4805237
28.4151875	29.7175481	33.091855
33.7568981	35.3040875	39.3127238
40.6059475	42.4670531	47.2890131
47.0594719	49.2163631	54.8046781
48.9919281	51.2373881	57.0551844
45.4405637	47.523255	52.9193269
40.7239762	42.5904912	47.4264669
33.1642881	34.6843194	38.6225819
27.7256425	28.9964006	32.2888219
23.4515919	24.5264563	27.3113375
20.8640063	21.8202725	24.2978738
18.9673538	19.83669	22.0890656
16.65629	17.4197031	19.3976394
17.4917413	18.293445	20.3705925
17.9669525	18.7904344	20.9240131
18.9647544	19.8339738	22.0860388
18.74661	19.6058275	21.8319881
20.1642381	21.0884319	23.4829381
19.99856	20.9151594	23.2899906
20.6413131	21.5873719	24.03853
12.3331931	12.8984638	14.3630306
11.6398725	12.173365	13.5556031
11.5011625	12.0282975	13.3940638
12.2382988	12.7992206	14.25252
12.8120487	13.3992688	14.9207006
14.2832188	14.9378669	16.634
16.6159475	17.3775113	19.350655
20.3461869	21.2787206	23.6948331
24.7623856	25.8973262	28.8378612
34.6980894	36.2884175	40.4088181
49.0669812	51.3158819	57.1425913
60.7526294	63.5371244	70.7515037
52.1085087	54.496815	60.6847056
38.1622512	39.9113531	44.4431244
26.7801175	28.0075394	31.1876794
20.9055662	21.8637388	24.3462769
16.4804806	17.2358363	19.1928931
14.7833913	15.4609631	17.2164925
12.8114156	13.398605	14.9199606
11.7964319	12.3371006	13.7379281
12.0052288	12.5554694	13.98109
12.2303975	12.7909569	14.2433181
11.8950763	12.4402675	13.8528087
12.5437038	13.1186238	14.60819
9.48318044	9.91782544	11.0439544
9.61975044	10.0606552	11.2030006
9.75300512	10.2000169	11.3581862
10.2435488	10.7130444	11.9294681
11.4841825	12.0105419	13.3742894
12.6362431	13.215405	14.7159594
15.3521656	16.0558069	17.8788775
19.3267431	20.2125531	22.5076038
26.8246488	28.0541119	31.2395438
40.3829088	42.2337925	47.029265
74.9583262	78.3939125	87.2952181
4000.62367812504	4006.48935512504	4021.68673712504
89.3741919	93.4705056	104.083696
43.5459381	45.5417925	50.7128769
27.1017894	28.3439544	31.5622944
20.3309625	21.262795	23.6771
15.9262375	16.6561875	18.5474306
13.3919475	14.0057444	15.5960394
11.605905	12.1378444	13.516045
10.5155506	10.9975137	12.246235
9.98604844	10.443742	11.6295856
9.79323169	10.2420869	11.405035
9.5996065	10.039588	11.1795425
9.6956635	10.1400477	11.2914081
8.90354744	9.31162625	10.3689238
9.21857244	9.64109006	10.7357962
9.94126212	10.3969031	11.5774288
11.2452662	11.7606756	13.0960519
13.2600175	13.8677675	15.4423969
18.2187975	19.0538263	21.21731
26.2383331	27.4409213	30.5567269
55.6699694	58.2215087	64.8323219
3991.19281789851	3995.75910279851	4007.58992879851
2784.44535660221	2788.19594160222	2797.91336790221
38.8454775	40.6258931	45.2387969
23.1057775	24.1647906	26.9086038
16.210175	16.9531413	18.8781013
12.50566	13.0788344	14.5638825
10.7975488	11.2924369	12.5746475
9.63985825	10.0816839	11.22642
9.06295938	9.47834463	10.5545719
8.87821481	9.28513269	10.3394206
9.49059163	9.92557644	11.0525844
10.4354374	10.9137295	12.1529381
12.1957944	12.7547675	14.2030194
15.9356	16.6659819	18.5583375
23.0112188	24.0658994	26.7984831
38.7046987	40.4786625	45.0748494
40.5566887	42.4155362	47.2316462
25.7889088	26.9708981	30.033335
16.213595	16.9567162	18.8820825
12.3454431	12.9112769	14.3772988
10.0732381	10.5349294	11.731125
9.65731369	10.0999405	11.2467481
11.4064194	11.9292125	13.2837256
13.3664975	13.9791275	15.5664019
17.9615844	18.7848231	20.9177644
22.1926744	23.2098394	25.8452212
15.1492606	15.8436	17.6425775
12.0548394	12.6073506	14.0388644
14.4946319	15.15897	16.8802081
