#?RADIANCE
genskyvec -m 1
NROWS=146
NCOLS=1
NCOMP=3
FORMAT=ascii

4.08081619	4.26785356	4.75245069
18.7021556	19.5593363	21.78022
18.3507569	19.1918344	21.3709863
18.36213	19.2037275	21.3842331
18.5757419	19.4271294	21.633
18.8191519	19.681695	21.9164725
18.6008994	19.4534394	21.6622981
18.7460494	19.6052413	21.8313375
18.2941881	19.1326712	21.3051081
18.64924	19.5039963	21.7185956
18.5737981	19.4250969	21.6307381
18.7151087	19.5728844	21.7953044
18.6028281	19.4554569	21.6645431
18.62109	19.474555	21.6858113
18.8647012	19.7293319	21.9695188
20.0114256	20.9286156	23.3049737
22.9488019	24.0006225	26.7257944
26.0299819	27.2230219	30.314085
35.0996456	36.7083787	40.876465
54.9683813	57.4877644	64.0152637
80.9687637	84.679825	94.2948731
132.720687	138.803712	154.564312
663.732613357471	669.563364357471	684.670300357471
97.4314038	101.897005	113.466998
61.8856219	64.722045	72.0709675
38.2697788	40.0238075	44.5683481
29.0078456	30.3373713	33.7820556
23.4316269	24.5055769	27.2880837
21.0310169	21.9949387	24.4923744
19.2429838	20.1249531	22.4100581
18.6992306	19.5562794	21.776815
15.0590163	15.7492213	17.5374813
14.1618606	14.8109456	16.4926663
15.0220112	15.7105187	17.494385
14.809215	15.4879706	17.2465663
14.8338256	15.51371	17.2752275
14.375145	15.034005	16.7410556
15.1362788	15.8300231	17.6274594
15.4258387	16.1328562	17.9646756
15.0995169	15.7915781	17.584645
13.7767519	14.408185	16.044175
14.1975369	14.8482556	16.5342156
14.2656088	14.9194475	16.6134906
15.1786525	15.8743394	17.6768075
15.5407844	16.2530706	18.0985406
16.2947669	17.0416094	18.976615
18.6050781	19.4578106	21.6671669
23.44295	24.5174194	27.3012725
30.1365606	31.5178181	35.0965369
46.421125	48.5487588	54.0612744
71.4501881	74.7249887	83.2097044
996.618517634322	1002.06638263432	1016.18130863432
1449.67256988417	1456.30745688417	1473.49782588417
82.151025	85.9162788	95.6717262
51.9252781	54.3051869	60.4713194
34.45205	36.0311006	40.1222844
25.9335012	27.1221206	30.2017263
19.6527181	20.5534669	22.8872294
17.2218431	18.0111769	20.0562737
15.6144788	16.3301431	18.1843613
15.2093587	15.9064531	17.7125663
11.0607063	11.567655	12.8811131
10.6229118	11.109795	12.371265
10.587694	11.0729625	12.3302531
11.1250196	11.6349156	12.9560131
11.1074238	11.6165131	12.9355213
11.1504389	11.6615013	12.9856169
11.1145312	11.6239488	12.9438006
11.1632838	11.6749344	13.0005744
10.7383758	11.2305506	12.5057331
11.1480086	11.6589581	12.9827856
11.4172194	11.9405081	13.2963044
12.6434269	13.2229169	14.7243244
14.6284794	15.2989494	17.0360837
18.4007569	19.244125	21.429215
27.8618656	29.1388644	32.4474644
45.382855	47.4629019	52.8521219
68.2487694	71.376835	79.4813794
76.3312081	79.8297206	88.8940606
42.2861037	44.2242162	49.2456944
25.89206	27.0787788	30.1534631
18.5752244	19.4265869	21.6323975
14.6794894	15.3522994	17.0954881
12.1066931	12.6615819	14.0992544
11.5371069	12.0658912	13.4359231
9.08357894	9.499909	10.578585
8.97725381	9.38871087	10.4547607
8.7739805	9.17612081	10.2180324
8.85594381	9.26184106	10.3134855
8.99836206	9.41078588	10.4793434
8.94842588	9.35856181	10.4211893
8.87699837	9.283861	10.3380051
8.99743875	9.40982013	10.4782676
8.96334469	9.37416431	10.4385629
9.18696731	9.6080365	10.6989913
9.536834	9.97393844	11.1064375
10.1825725	10.6492735	11.8584544
11.4939644	12.0207694	13.3856794
14.8728794	15.5545531	17.3207087
20.1048487	21.0263225	23.4137756
25.409115	26.5736981	29.5910344
32.6189963	34.1140331	37.9875444
33.3256106	34.8530319	38.8104512
27.1504112	28.3948037	31.6189169
19.6382175	20.5383006	22.87034
14.8776769	15.5595706	17.326295
11.8529662	12.3962275	13.8037675
10.3073709	10.7797919	12.0037938
9.7240335	10.1697184	11.3244475
8.15039713	8.52395663	9.49181706
7.91090262	8.27348519	9.212906
7.75171394	8.1070005	9.02751719
7.82673431	8.18545913	9.11488444
7.84754594	8.20722494	9.13912175
7.83438012	8.19345575	9.12378888
7.97666712	8.34226388	9.28949388
8.3542835	8.737188	9.72925963
8.87472225	9.28148012	10.335354
10.2777688	10.7488314	11.9693175
11.8473256	12.3903281	13.7971987
15.7572681	16.4794756	18.3506519
19.2230819	20.1041394	22.3868819
18.1166	18.946945	21.0982913
14.6167881	15.2867238	17.0224681
11.5325219	12.0610956	13.4305831
9.74481856	10.1914553	11.3486537
8.67049363	9.06789094	10.0975116
7.65197312	8.00268837	8.91136094
7.31525806	7.65054056	8.51922812
7.2742065	7.60760738	8.47142019
7.34666375	7.68338544	8.55580237
7.46330831	7.80537619	8.69164487
8.00461469	8.37149256	9.32204137
9.07248069	9.48830231	10.5656606
10.4352521	10.9135339	12.1527219
12.3261056	12.8910512	14.3547781
11.4843754	12.0107425	13.3745138
9.74311406	10.1896729	11.3466681
8.25052975	8.62867863	9.60842975
7.54857	7.894546	8.79093937
7.24899331	7.58123869	8.44205719
7.41748844	7.75745656	8.638284
8.10147513	8.47279256	9.43484325
8.70889469	9.108052	10.1422333
8.45212425	8.83951306	9.84320331
7.67095694	8.02254219	8.93346913
