#?RADIANCE
genskyvec -m 1
NROWS=146
NCOLS=1
NCOMP=3
FORMAT=ascii

10.7358044	11.2278625	12.5027388
28.7336337	30.0505906	33.4627131
27.7697963	29.0425775	32.3402431
27.7733675	29.0463131	32.3444019
28.51419	29.8210894	33.2071525
30.3326106	31.7228531	35.3248544
33.8704063	35.4228	39.4449106
39.4387581	41.2463644	45.92972
50.1672987	52.46663	58.4240025
66.4545144	69.5003456	77.3918237
82.4373106	86.2156819	96.0051219
106.881914	111.780671	124.472897
100.613574	105.225025	117.172892
83.6346387	87.4678913	97.3995144
65.6715519	68.6814975	76.4800012
49.6164087	51.8904944	57.7824431
40.5105506	42.3672837	47.1779162
34.1763762	35.7427938	39.8012413
30.7603244	32.1701713	35.8229625
28.2228806	29.5164275	32.8678975
28.414255	29.7165744	33.09077
28.4132225	29.7154938	33.0895663
28.7407025	30.0579837	33.4709463
28.8532119	30.1756494	33.60197
30.78028	32.1910419	35.8462
31.0390237	32.4616438	36.1475306
32.3949656	33.8797344	37.7266381
32.0072219	33.47422	37.2750794
31.3322362	32.7682944	36.489
30.0850781	31.4639775	35.0365819
29.07429	30.4068613	33.8594356
20.7656994	21.71746	24.1833888
19.1466275	20.02418	22.2978431
20.8727437	21.8294112	24.3080506
21.2982137	22.2743819	24.8035463
23.7131831	24.8000369	27.6159788
26.6145137	27.8343431	30.9948194
33.3647969	34.8940162	38.8560887
44.6549587	46.7016431	52.0044231
64.2886719	67.2352331	74.86952
90.4985819	94.6464294	105.393144
125.50065	131.252769	146.155981
128.520612	134.411144	149.672988
96.5126644	100.936163	112.397057
65.143395	68.1291331	75.8649169
46.46344	48.5930138	54.1105519
33.6236025	35.1646813	39.1574881
29.4660781	30.816605	34.3157044
23.28726	24.3545913	27.1199556
21.1524712	22.12196	24.6338175
19.5150862	20.409525	22.7269437
19.5356431	20.4310262	22.7508875
20.2038012	21.1298094	23.5290138
19.3867538	20.27531	22.5774906
21.6500556	22.6423487	25.2132944
22.4984263	23.5296037	26.2012925
23.0894313	24.1476962	26.8895681
21.837015	22.8378788	25.431025
22.0187875	23.0279825	25.6427144
20.9834819	21.9452244	24.4370156
20.9406738	21.9004525	24.3871587
13.679875	14.3068681	15.9313556
13.2856787	13.8946069	15.4722812
14.0309913	14.6740806	16.3402613
16.7793706	17.5484244	19.5409756
20.5746925	21.5177006	23.9609469
28.4866894	29.79233	33.1751263
43.6526644	45.6534106	50.83717
76.0829112	79.5700406	88.604895
2436.62626529042	2442.21410029042	2456.69168129042
1964.19245699768	1969.88370899768	1984.62926299768
71.6202144	74.9028062	83.4077156
39.9092438	41.7384163	46.4776413
26.1331369	27.3309044	30.4342169
19.3297375	20.2156819	22.5110894
16.1617931	16.9025425	18.8217581
14.7091356	15.3833037	17.1300138
13.5941663	14.2172325	15.8315381
14.2994725	14.9548637	16.6529288
13.9647894	14.6048412	16.2631619
13.4701956	14.0875781	15.687165
14.2953419	14.950545	16.6481163
14.4023875	15.0624956	16.7727806
13.4872788	14.105445	15.7070606
13.8788619	14.5149769	16.1630931
10.2939361	10.7657413	11.9881475
10.7535145	11.2463825	12.5233637
11.4956281	12.0225112	13.3876169
13.0003606	13.59621	15.1400044
16.91669	17.6920381	19.7008962
21.1361894	22.10493	24.6148556
32.9515594	34.4618387	38.3748394
52.1132394	54.5017613	60.6902131
1558.462479198	1561.986554298	1571.117138598
72.884765	76.2253163	84.8803919
46.4055519	48.5324719	54.043135
28.5788906	29.8887562	33.2825013
21.5073669	22.4931213	25.0471225
15.86128	16.588255	18.4717844
13.0636531	13.6624031	15.2137131
11.4745213	12.0004363	13.3630375
10.6408177	11.1285194	12.3921194
10.3607776	10.8356471	12.0659894
10.4621354	10.9416481	12.1840281
10.4143296	10.8916524	12.1283544
10.5149523	10.9968874	12.2455388
10.5976088	11.0833314	12.3417994
10.3353183	10.8090219	12.0363413
10.5282848	11.0108294	12.2610663
8.73112506	9.13130125	10.1681227
9.46097787	9.89460475	11.0180962
10.7451306	11.2376169	12.5136013
13.8421694	14.4766006	16.1203594
18.8791731	19.7444669	21.9863706
29.022805	30.3530156	33.7994763
37.3418269	39.0533262	43.4876706
34.0647412	35.6260406	39.6712319
24.8443244	25.9830231	28.9332869
16.9710131	17.7488519	19.7641606
12.592125	13.1692631	14.6645794
10.5283176	11.010865	12.2611056
9.33987456	9.76795256	10.8770638
8.6663715	9.06358	10.0927117
8.36878788	8.752357	9.746151
8.33948225	8.72170831	9.71202287
8.47268456	8.86101581	9.86714737
8.51962906	8.91011181	9.92181806
8.27215419	8.65129412	9.63361344
9.32276981	9.75006219	10.8571431
12.2049994	12.764395	14.21374
17.4451869	18.2447563	20.3163744
19.6393	20.539435	22.8716019
17.4193544	18.2177425	20.2862913
13.3960088	14.0099919	15.6007694
10.4187324	10.8962584	12.1334837
8.62378344	9.01903994	10.043115
7.90041281	8.26251519	9.20068969
7.69454644	8.04721287	8.96094094
7.74308694	8.09797813	9.01747038
8.39871213	8.783653	9.78100044
10.0520741	10.5127948	11.7064787
11.8522506	12.3954769	13.8029337
11.2188797	11.7330771	13.0653206
8.60083306	8.99503756	10.0163871
7.90691606	8.26931606	9.20826319
9.24248069	9.66609337	10.7636391
