#?RADIANCE
genskyvec -m 1
NROWS=146
NCOLS=1
NCOMP=3
FORMAT=ascii

23.6542825	24.7384369	27.5473844
30.8819669	32.29739	35.9646256
32.1531606	33.6268469	37.4450375
32.8141956	34.3181806	38.2148688
32.5949906	34.0889269	37.9595844
30.1418513	31.5233531	35.1027
29.0238937	30.3541556	33.8007444
28.2576919	29.5528337	32.9084375
26.5727163	27.7906331	30.9461462
25.3709481	26.5337819	29.5465856
29.3642312	30.7100906	34.1970944
28.8581937	30.1808606	33.6077744
32.9995831	34.5120631	38.430765
36.5028138	38.1758588	42.5105712
40.197175	42.0395444	46.8129613
46.1583238	48.2739131	53.7552175
52.2612062	54.65651	60.8625319
53.9448263	56.4172963	62.8232494
55.0104831	57.5317937	64.064295
50.3482019	52.6558269	58.63468
46.0097131	48.1184919	53.5821481
39.7304325	41.5514088	46.2694006
35.4588913	37.0840887	41.2948344
31.1346231	32.5616263	36.258865
29.5635538	30.9185481	34.4292225
28.6100669	29.9213594	33.3188081
28.4043256	29.7061887	33.079205
29.2044056	30.54294	34.0109662
28.4292619	29.7322694	33.1082469
29.4211994	30.76967	34.2634412
29.9085187	31.2793231	34.8309625
19.0784513	19.95288	22.2184475
17.72461	18.5369869	20.6417862
19.4516556	20.3431887	22.6530762
18.6135144	19.4666356	21.6769912
18.1415219	18.9730075	21.1273144
16.9269387	17.7027575	19.7128338
17.9063856	18.7270938	20.8534788
18.2998456	19.1385881	21.3116969
18.32692	19.1669019	21.3432275
17.7102175	18.5219369	20.625025
20.1786269	21.1034806	23.4996937
23.0318275	24.0874525	26.822485
28.0759531	29.3627669	32.6967869
34.1252994	35.6893744	39.7417581
40.8755231	42.7489844	47.6029556
50.1125669	52.4093925	58.3602619
54.9219725	57.4392275	63.9612175
55.9394006	58.5032869	65.1460969
48.5025844	50.72562	56.4853044
40.1260269	41.965135	46.7301037
32.8580806	34.3640737	38.2659744
27.1422112	28.3862288	31.6093694
22.10645	23.1196625	25.7448056
20.5863825	21.5299256	23.9745613
19.1308269	20.0076544	22.2794437
18.55701	19.4075388	21.6111856
17.3518644	18.1471594	20.207695
17.8033962	18.6193844	20.7335406
17.6403975	18.4489156	20.5437162
18.3693763	19.211305	21.39267
12.3348313	12.9001775	14.3649394
11.8841781	12.4288688	13.8401169
11.8730694	12.4172525	13.8271806
12.5155613	13.0891906	14.5754131
12.4098631	12.9786456	14.4523194
12.6515231	13.2313844	14.7337538
13.2890556	13.8981369	15.4762131
14.75809	15.4345031	17.1870262
16.4621919	17.2167075	19.1715938
21.0852244	22.0516294	24.5555006
27.4175087	28.6741431	31.9299756
40.9090063	42.7840006	47.6419481
58.5405325	61.2236388	68.1753306
70.7164881	73.9576588	82.3552494
60.8589069	63.6482712	70.8752719
43.6012694	45.5996581	50.7773138
28.9603869	30.2877369	33.726785
22.6678544	23.7067975	26.3986056
17.3311138	18.1254544	20.1835263
14.6274081	15.2978313	17.0348363
13.3824819	13.9958438	15.5850144
12.6900106	13.2716356	14.7785744
11.9505863	12.4983206	13.9174544
12.3031725	12.8670675	14.3280712
9.78535687	10.2338517	11.3958644
9.81714744	10.2671005	11.4328869
9.69838056	10.1428884	11.2945719
9.86217006	10.3141861	11.4853187
10.2820834	10.7533456	11.9743437
10.5962337	11.0818944	12.3401981
11.6148513	12.1471994	13.5264644
13.3643694	13.9769019	15.5639219
16.3124256	17.0600788	18.9971806
20.77545	21.7276575	24.1947444
29.7486756	31.1121575	34.6448144
47.329245	49.4985006	55.1188519
70.102055	73.3150638	81.6396894
3943.14119759714	3947.90722759714	3960.25560859714
2425.86299502077	2429.46395442077	2438.79372882077
51.3669819	53.7213019	59.8211344
32.1960687	33.6717212	37.4950056
22.5234156	23.5557369	26.2303956
16.7238263	17.4903344	19.4762912
13.6363625	14.2613625	15.8806825
11.9363031	12.483385	13.9008237
10.8904169	11.3895625	12.6827994
10.2734449	10.7443106	11.9642837
10.1120139	10.5754812	11.7762825
9.19145731	9.61273213	10.7042181
9.08968006	9.50629	10.5856912
9.22791088	9.65085644	10.7466713
9.69736762	10.1418305	11.2933925
10.5704856	11.0549669	12.3102125
12.9080431	13.4996594	15.0324925
16.2062625	16.9490494	18.8735437
25.053625	26.2019156	29.177035
38.0216594	39.7643163	44.2793925
71.6122994	74.8945312	83.3985006
4000.11633944306	4004.07765004306	4014.34104404306
59.4540238	62.1789994	69.2391681
33.7041094	35.2488819	39.2512462
20.0126263	20.9298719	23.3063731
14.8101406	15.4889387	17.2476456
11.8028819	12.3438469	13.7454412
10.253564	10.7235181	11.9411319
9.53531994	9.972355	11.1046762
9.59885931	10.038807	11.1786719
9.81769719	10.2676745	11.4335244
10.4882825	10.9689937	12.2144787
12.4007269	12.9690944	14.4416831
16.580665	17.3406119	19.3095675
27.1554794	28.4001037	31.62482
43.2871263	45.2711181	50.4114681
43.8086638	45.8165587	51.0188425
28.4407331	29.7442669	33.1216069
17.6247575	18.4325581	20.5254987
12.1377381	12.6940513	14.1354087
10.5590231	11.0429794	12.2968613
11.7554375	12.294225	13.6901875
12.65124	13.2310862	14.7334225
16.5430381	17.3012612	19.2657487
23.5278931	24.6062556	27.4001919
19.1622337	20.0405019	22.3160175
14.1928919	14.8433987	16.5288063
15.4012863	16.1071769	17.9360844
