#?RADIANCE
genskyvec -m 1
NROWS=146
NCOLS=1
NCOMP=3
FORMAT=ascii

23.3174613	24.3861787	27.15513
32.3477156	33.8303175	37.6716131
32.0550944	33.5242856	37.3308313
31.8228412	33.2813875	37.0603519
31.0001319	32.4209706	36.10224
28.7467375	30.0642956	33.4779744
28.3797419	29.6804769	33.0505744
28.7607344	30.0789338	33.4942744
29.2758069	30.6176137	34.0941206
30.5453287	31.9453206	35.5725831
36.8791244	38.569415	42.9488156
40.1220656	41.9609925	46.7254912
46.9386944	49.0900494	54.6640231
52.3755006	54.7760406	60.9956375
55.9057025	58.468045	65.1068525
56.551725	59.1436775	65.8591994
54.4166469	56.9107413	63.3727231
49.0955769	51.3457881	57.1758925
43.4684538	45.4607575	50.6226388
37.0369713	38.7344969	43.1326419
34.864525	36.4624819	40.6026481
30.8388206	32.2522669	35.9143794
29.8790306	31.2484869	34.7966237
27.8603569	29.1372894	32.4457081
28.826965	30.1481975	33.5714038
30.1682494	31.5509581	35.13344
31.502155	32.9460025	36.6868881
33.03879	34.5530669	38.4764269
32.2122619	33.688655	37.5138637
32.7493694	34.2503806	38.1393719
32.2558263	33.7342181	37.5645994
20.0663644	20.9860706	23.368955
18.1745825	19.0075844	21.1658169
19.4784363	20.3711975	22.6842637
18.5186419	19.3674125	21.5665025
18.3977331	19.2409612	21.425695
18.0108119	18.8363081	20.9750931
19.8202225	20.7286475	23.0823013
21.8030969	22.8024056	25.3915244
24.3109756	25.4252269	28.3121575
26.5191206	27.7345787	30.8837275
32.8081338	34.3118387	38.2078087
40.4043456	42.2562106	47.05423
49.2043419	51.4595388	57.30256
57.2374763	59.8608581	66.6578125
59.0567756	61.7635438	68.7765406
53.5762444	56.0318181	62.3940031
46.4043312	48.5311931	54.0417125
36.9410919	38.6342225	43.0209812
29.8580969	31.2265906	34.7722437
24.9097919	26.0514894	29.0095313
22.0439206	23.054265	25.6719812
20.2017062	21.1276188	23.5265719
17.9635144	18.7868437	20.9200112
18.7406106	19.5995569	21.825005
18.9588869	19.8278337	22.0792044
19.5245931	20.4194694	22.7380163
18.9198781	19.7870369	22.0337756
19.7679225	20.6739494	23.0213925
19.4328175	20.3234881	22.6311369
19.8870519	20.7985406	23.16013
12.9962269	13.5918875	15.1351919
12.4630637	13.0342869	14.5142769
12.49776	13.0705719	14.5546819
13.4176131	14.0325856	15.62593
14.1326931	14.78044	16.4586975
15.7702487	16.4930513	18.3657706
18.5313538	19.3807069	21.5813056
23.4688938	24.5445519	27.331485
30.1467606	31.5284869	35.1084175
43.8978244	45.9098056	51.1226763
60.9710075	63.7655088	71.0058219
71.2290412	74.4937019	82.9521563
60.3197006	63.0843531	70.2473213
44.2945331	46.3246981	51.5846769
30.4302669	31.8249869	35.4385837
22.84048	23.8873337	26.5996425
17.5830244	18.3889119	20.4768988
15.8162387	16.5411494	18.41933
13.8893344	14.5259281	16.17529
12.8591088	13.4484837	14.975505
13.0106225	13.6069444	15.1519563
13.0823044	13.6819088	15.2354319
12.6208594	13.1993144	14.6980419
13.1308287	13.7326575	15.2919444
10.3469544	10.82119	12.0498925
10.5236431	11.0059762	12.2556619
10.7089394	11.1997644	12.4714519
11.2513238	11.7670113	13.103105
12.6199981	13.1984137	14.6970406
13.9468525	14.586085	16.242275
17.476795	18.2778137	20.3531863
23.1374581	24.1979238	26.9454975
33.8096137	35.3592206	39.3741144
50.7566981	53.083045	59.1104081
84.3227494	88.1875356	98.2008737
4001.58574398099	4006.92643598099	4020.76370098099
85.9750594	89.9155788	100.125119
48.5184537	50.742215	56.5037881
31.1568431	32.5848656	36.2847425
22.8722825	23.920595	26.6366813
17.2998444	18.092755	20.1471119
14.3029981	14.9585513	16.6570363
12.428225	12.9978519	14.4737044
11.3708675	11.89203	13.2423225
10.8786275	11.3772319	12.6690694
10.6734089	11.1626075	12.4300756
10.4514912	10.9305169	12.1716325
10.5415953	11.0247506	12.2765662
9.678419	10.1220125	11.2713256
10.0269108	10.48648	11.6771731
10.8070387	11.3023612	12.5856956
12.3339544	12.8992606	14.3639175
14.9129775	15.59649	17.3674069
21.9522044	22.9583462	25.5651725
32.7479575	34.2489037	38.1377269
64.0184281	66.9526044	74.5547975
4037.39265392686	4041.76583392686	4053.09642622685
2444.68562544823	2448.20566224823	2457.32576354823
42.8184463	44.7809556	49.8656506
26.491	27.70517	30.8509781
17.9607356	18.7839369	20.9167756
13.4092375	14.0238275	15.6161762
11.507035	12.0344413	13.4009025
10.3386406	10.812495	12.04021
9.80577469	10.2552056	11.4196419
9.63790413	10.0796406	11.2241438
10.2159498	10.6841806	11.8973269
11.3211344	11.8400181	13.184405
13.5769594	14.1992375	15.8115012
18.7624087	19.6223519	21.8503906
28.0861062	29.3733844	32.7086119
44.5079256	46.5478719	51.8331912
44.7295381	46.7796431	52.0912787
29.5992813	30.955915	34.4708312
18.2599438	19.0968581	21.2652281
13.3886119	14.0022556	15.592155
10.7558206	11.2487969	12.5260494
10.3464659	10.8206794	12.0493225
12.4578337	13.0288175	14.5081875
15.1098413	15.8023744	17.59667
21.2545481	22.2287163	24.7526944
26.1388419	27.33687	30.4408606
17.207475	17.99615	20.0395394
13.19706	13.8019244	15.3690756
16.5227913	17.2800831	19.2421675
