#?RADIANCE
genskyvec -m 1
NROWS=146
NCOLS=1
NCOMP=3
FORMAT=ascii

12.1764681	12.7345556	14.1805119
30.0769087	31.4554344	35.0270687
31.1177775	32.5440081	36.2392475
32.0112387	33.4784187	37.2797569
32.8526481	34.3583925	38.2596481
32.7261738	34.2261238	38.1123587
32.1572887	33.6311625	37.4498437
31.9958331	33.4623081	37.2618169
30.2082825	31.5928244	35.1800613
29.542465	30.8964944	34.404665
30.1899681	31.5736763	35.1587356
29.2844581	30.6266606	34.1041912
29.9048975	31.27554	34.8267475
30.7728644	32.1832875	35.8375688
32.4258537	33.9120381	37.7626119
36.7502425	38.4346263	42.7987206
44.9293938	46.9886569	52.3240256
52.15484	54.5452694	60.7386613
69.43784	72.6204087	80.8661587
91.2736475	95.4570119	106.295776
96.10623	100.511092	111.92371
97.3567175	101.818906	113.380013
76.6030362	80.1140075	89.2106294
62.6232638	65.4934944	72.9300131
49.8364006	52.1205675	58.0386456
38.9720469	40.7582638	45.3861969
34.7255163	36.3171006	40.4407594
31.4881738	32.9313806	36.6706037
29.9054963	31.2761637	34.8274456
28.9333344	30.2594431	33.69528
29.1633175	30.4999675	33.9631144
21.599045	22.5890006	25.1538894
20.3990862	21.3340437	23.7564369
22.5808556	23.6158131	26.2972912
22.352235	23.3767119	26.0310406
22.4249369	23.4527469	26.1157088
21.2847106	22.2602606	24.7878225
22.62822	23.6653481	26.3524487
22.83695	23.8836444	26.5955338
21.7773337	22.7754625	25.3615219
19.1623594	20.040635	22.316165
20.0613481	20.9808281	23.3631131
20.6424087	21.5885188	24.0398062
23.2106912	24.2745138	27.0307862
25.5229431	26.6927431	29.7235956
29.1089906	30.4431525	33.8998475
37.31018	39.02023	43.4508175
50.2825463	52.5871631	58.5582187
69.0401969	72.2045369	80.4030675
99.1904769	103.736707	115.515574
119.442462	124.916919	139.100719
110.283369	115.338021	128.434169
80.8185725	84.5227525	94.1199687
55.0379344	57.5605056	64.0962662
41.5611381	43.4660219	48.4014125
32.8758156	34.3826231	38.2866294
28.1535525	29.4439212	32.7871587
23.5737956	24.65426	27.4536487
22.1444962	23.1594519	25.7891125
20.85118	21.8068569	24.282935
21.0660925	22.0316219	24.5332213
14.1182506	14.7653356	16.4418788
13.5555131	14.1768069	15.7865263
13.6924656	14.3200362	15.9460188
14.8182906	15.49746	17.2571319
14.7060231	15.3800475	17.12639
14.6352556	15.3060394	17.043975
14.4479169	15.1101131	16.8258038
14.5468669	15.2135975	16.94104
14.0769094	14.7221012	16.3937344
15.5543431	16.2672512	18.1143294
17.26256	18.0537588	20.1036906
22.3015525	23.3237081	25.9720188
30.6396025	32.0439169	35.6823719
45.97857	48.0859194	53.54588
80.3722125	84.0559387	93.6001444
2480.90092231872	2487.01800431872	2502.86682231872
1710.17373496606	1714.96543696606	1727.38035296606
66.9195888	69.9867319	77.9334431
37.7384487	39.4681281	43.9495725
25.750165	26.9303812	29.9882137
20.0815231	21.0019269	23.3866094
17.0088488	17.7884206	19.8082231
14.5861212	15.25465	16.986755
14.369705	15.028315	16.7347194
10.5972404	11.0829469	12.34137
10.5635217	11.0476823	12.3021025
10.3017265	10.7738895	11.9972194
10.4760404	10.9561929	12.2002244
10.7345683	11.2265689	12.5013
10.6312706	11.1185353	12.381
10.5586012	11.0425362	12.2963719
10.9508937	11.4528113	12.75323
11.3375094	11.857145	13.2034744
12.4122475	12.9811406	14.4550963
14.3689863	15.0275631	16.7338806
17.7777138	18.5925237	20.70363
23.2533325	24.3191081	27.0804431
38.0106556	39.7528081	44.2665769
62.617965	65.4879512	72.9238406
2201.74617547596	2205.67768547596	2215.86388857596
79.2166912	82.8474544	92.2544394
51.4780688	53.83748	59.9505069
32.0354275	33.5037181	37.3079275
21.827405	22.8278256	25.4198306
16.670145	17.4341919	19.4137744
13.6043662	14.2278981	15.8434175
11.9352131	12.4822431	13.8995519
11.3682381	11.8892812	13.2392606
9.11623631	9.53406362	10.6166181
8.79831713	9.20157312	10.2463743
8.58065906	8.97393906	9.99289294
8.73747275	9.13794019	10.175515
8.85457375	9.26040825	10.3118901
9.138565	9.55741587	10.6426206
9.83837656	10.2893015	11.4576075
11.6826225	12.2180769	13.6053875
14.1456562	14.7939975	16.4737962
20.2013575	21.1272525	23.5261644
26.8986369	28.13149	31.3257056
41.6335831	43.5417869	48.4857794
45.24753	47.3213731	52.6945225
29.0109213	30.3405881	33.7856369
19.4059156	20.2953512	22.5998044
13.9176006	14.5554919	16.2082088
11.2455494	11.76097	13.09638
9.82409081	10.2743621	11.4409731
8.51593	8.90624319	9.91751013
8.04839525	8.41727962	9.3730275
8.04156937	8.41014106	9.365078
8.400098	8.78510231	9.78261431
9.21497513	9.63732825	10.7316075
11.5919237	12.1232187	13.4997613
15.7794781	16.5027044	18.3765194
20.1274081	21.049915	23.4400456
23.0916969	24.1500656	26.8922063
17.1997338	17.9880556	20.030525
12.1353944	12.6915994	14.13268
9.61076612	10.0512588	11.1925375
8.89287681	9.30046675	10.356497
8.50843156	8.89840125	9.90877813
9.39434944	9.82492275	10.9405031
11.8068256	12.3479706	13.7500325
12.6019612	13.1795494	14.6760344
10.9890391	11.4927037	12.7976525
9.83095256	10.2815371	11.4489644
