#?RADIANCE
genskyvec -m 1
NROWS=146
NCOLS=1
NCOMP=3
FORMAT=ascii

20.4392656	21.3760637	23.8032275
30.8752056	32.2903175	35.9567519
29.9931606	31.3678462	34.9295381
29.5813969	30.9372094	34.4500038
28.8673537	30.1904375	33.6184394
27.2874275	28.5381006	31.7784831
27.72766	28.99851	32.2911725
28.9846019	30.3130613	33.7549844
31.0012931	32.4221863	36.1035931
34.0531675	35.6139375	39.6577537
41.88072	43.80025	48.77359
47.8797863	50.0742744	55.7600031
55.5221256	58.0668881	64.6601425
59.87798	62.6223837	69.7329
59.9704306	62.7190737	69.8405687
55.1982931	57.7282125	64.283015
48.8958862	51.1369469	56.9433369
42.7847844	44.7457513	49.8264487
36.7871994	38.47328	42.8417625
31.6197906	33.0690281	36.8238812
30.626135	32.0298331	35.6666906
27.8201731	29.095265	32.3989131
27.9368569	29.2172937	32.5347981
26.7927919	28.0207938	31.2024394
28.6305837	29.9428175	33.3427025
30.4556013	31.8514825	35.4680875
32.0807431	33.5511081	37.3607
33.4292544	34.9614281	38.9311556
32.2827163	33.76234	37.5959144
32.2853894	33.7651356	37.5990288
31.2205506	32.6514931	36.3589356
19.2539356	20.1364081	22.4228131
17.299475	18.0923694	20.1466825
18.4682288	19.3146875	21.5077925
17.7229344	18.5352369	20.6398362
18.0706325	18.8988688	21.0447581
18.3385231	19.1790375	21.3567394
20.8092162	21.76297	24.2340669
23.9580744	25.0561519	27.901175
28.3424575	29.6414863	33.0071556
33.0454788	34.5600606	38.4842138
42.7602181	44.7200613	49.7978413
53.8488519	56.3169231	62.7114787
61.9309275	64.769425	72.1237275
64.0379687	66.9730419	74.5775538
57.0495375	59.6643069	66.4389456
44.8559662	46.9118625	52.2385138
37.4146331	39.12947	43.57246
28.7276881	30.0443731	33.45579
23.780835	24.87079	27.6947662
20.3640181	21.29737	23.7155975
18.7837013	19.6446231	21.8751875
18.0485006	18.8757212	21.018985
16.6422856	17.4050581	19.3813319
18.1503913	18.9822825	21.137645
18.8410187	19.7045619	21.9419356
19.6489638	20.5495394	22.8828556
19.0248956	19.8968706	22.1560787
19.7549256	20.6603594	23.0062581
19.1694962	20.0480969	22.3244756
19.3586987	20.2459713	22.54482
12.4954556	13.0681606	14.5519994
11.9835919	12.53284	13.9558931
12.1368487	12.6931188	14.1343731
13.3423056	13.9538263	15.5382269
14.65438	15.32604	17.0662506
17.2928013	18.0853869	20.1389094
21.745315	22.7419763	25.3242344
29.9461438	31.3186737	34.87478
41.8328381	43.7501738	48.7178281
63.7183444	66.6387669	74.205325
81.374125	85.1037706	94.766945
66.3177369	69.3572994	77.2325338
44.807815	46.8615056	52.1824356
30.8365906	32.2499344	35.91178
22.050075	23.0607025	25.6791506
17.5351694	18.3388631	20.4211656
14.3751638	15.0340262	16.7410775
13.6690431	14.2955406	15.91874
12.6351594	13.2142713	14.7146963
12.0492787	12.6015369	14.0323888
12.58758	13.16451	14.6592863
12.8007231	13.3874231	14.9075106
12.2906662	12.8539887	14.3135075
12.7357831	13.319505	14.8318806
9.91887831	10.3734939	11.5513619
10.1630961	10.628905	11.8357737
10.5283723	11.0109206	12.2611669
11.3063963	11.824605	13.16724
13.2670294	13.8750994	15.4505612
15.2484081	15.9472944	17.7580437
20.6522694	21.5988313	24.0512919
29.8165125	31.1831006	34.7238156
48.2846369	50.4976794	56.231485
79.4057362	83.045165	92.4746056
5555.88789876974	5561.28097876974	5575.25401576974
2177.05153788822	2180.72279288822	2190.23469228822
51.6008831	53.9659219	60.0935319
30.3889437	31.78177	35.3904581
20.9794344	21.9409906	24.4323
16.4046231	17.1564994	19.1045519
13.3370806	13.9483619	15.5321419
11.700235	12.2364956	13.6258994
10.7695344	11.2631356	12.54202
10.2563437	10.7264263	11.9443675
10.1072134	10.5704605	11.7706919
10.1156686	10.5793032	11.78054
9.95933206	10.4158029	11.5984719
10.0923971	10.5549634	11.7534363
9.160746	9.58061325	10.6684519
9.68411725	10.127972	11.2779625
10.7222062	11.2136419	12.4869044
12.7990581	13.3856806	14.90557
16.3227156	17.07084	19.0091631
26.1172456	27.3142837	30.41571
41.4576294	43.3577706	48.2808688
78.7291237	82.3375425	91.686625
2106.11433541659	2109.55399851659	2118.46588601659
43.6673463	45.668765	50.854265
26.4788013	27.6924125	30.8367719
17.9578719	18.78094	20.9134381
13.3857287	13.9992431	15.5887988
10.8579375	11.3555919	12.6449738
9.80349806	10.2528243	11.4169912
9.20883825	9.63090994	10.7244613
9.01424144	9.42739406	10.4978369
9.00223925	9.41484156	10.4838581
9.54237225	9.97973031	11.1128869
10.8431091	11.3400856	12.6277044
13.6548787	14.2807287	15.9022469
20.0189738	20.9365081	23.3137637
29.1286819	30.4637456	33.9227787
37.6489187	39.3744919	43.845305
30.3723025	31.7643669	35.3710812
20.2505481	21.1786994	23.5834544
13.6581462	14.2841431	15.9060487
10.8924537	11.3916912	12.6851713
9.39835919	9.82911669	10.9451725
9.33141462	9.75910413	10.8672106
11.2190456	11.7332525	13.065515
13.9606131	14.6004744	16.2582994
19.0798706	19.9543619	22.2200987
20.8903581	21.8478306	24.3285637
13.8490456	14.4837944	16.1283694
11.2235481	11.7379594	13.0707556
14.2411825	14.8939025	16.5850438
