#?RADIANCE
genskyvec -m 1
NROWS=146
NCOLS=1
NCOMP=3
FORMAT=ascii

0.789449256	0.825632319	0.919379519
5.41971531	5.66811875	6.31171056
5.12436856	5.35923537	5.96775438
5.01789331	5.24788	5.84375519
5.02689256	5.25729181	5.85423563
5.27291094	5.51458581	6.14074463
5.22725806	5.46684081	6.08757806
5.23283869	5.47267719	6.09407713
5.26884194	5.51033038	6.13600594
5.54803781	5.80232281	6.46115269
5.02929675	5.25980613	5.85703544
5.37335125	5.61962969	6.25771556
5.10712138	5.34119769	5.94766881
5.12063344	5.35532906	5.96340469
5.26690069	5.50830025	6.13374512
5.34238725	5.58724637	6.2216555
6.05155937	6.32892225	7.04754556
6.23448625	6.52023344	7.26057919
8.09463587	8.46563931	9.42687794
11.3889504	11.9109447	13.2633816
15.6248619	16.3409994	18.1964537
26.134365	27.3321894	30.4356462
104.838037017148	106.545377017148	110.968945217148
93.8452605471838	95.5742849471838	100.054037447184
24.4772456	25.59912	28.505795
14.3806056	15.0397163	16.747415
10.1437764	10.6086986	11.8132719
7.61942444	7.96864781	8.87345531
6.64860169	6.95332888	7.74285106
5.81873819	6.08543025	6.77640581
5.55970637	5.81452606	6.4747415
5.75940294	6.02337531	6.70730494
5.59523094	5.85167881	6.51611294
5.60341725	5.86024044	6.52564694
5.60063406	5.85732956	6.52240537
5.60847944	5.86553475	6.53154225
5.59062625	5.84686306	6.5107505
5.65456612	5.91373363	6.58521381
5.68819606	5.94890488	6.62437863
5.66340563	5.922978	6.59550806
5.54758369	5.80184769	6.46062356
5.566497	5.82162806	6.48265019
5.56874356	5.8239775	6.48526631
5.66485744	5.9244965	6.59719894
5.73655931	5.99948481	6.68070169
5.94261069	6.21498006	6.92066556
6.433311	6.72817087	7.49212737
7.22738431	7.55863925	8.41689163
8.56240275	8.95484563	9.97163175
11.2436329	11.7589648	13.0941475
14.8573712	15.5383344	17.3026487
20.6981625	21.6468294	24.1047375
57.6102686971277	58.8904799971276	62.2073924971276
25.8259137	27.0096012	30.07643
20.91248	21.8709688	24.3543262
14.8782431	15.5601613	17.3269544
11.2137994	11.7277644	13.0594044
8.4665745	8.85462556	9.860032
7.09783238	7.42314944	8.26601769
6.33312437	6.6233925	7.37545156
5.9759835	6.24988238	6.95953106
5.14682262	5.38271862	5.99390425
4.98293512	5.2113195	5.80304325
4.94000856	5.16642544	5.75305181
5.05937213	5.29125987	5.89206088
5.06630894	5.29851463	5.90013925
5.08922281	5.32247875	5.92682419
5.080492	5.31334787	5.91665675
5.08505719	5.31812206	5.921973
4.97076638	5.19859306	5.78887206
5.05025331	5.28172306	5.881441
5.10507237	5.33905469	5.94528237
5.38047175	5.62707675	6.26600806
5.80705694	6.07321356	6.76280206
6.55159331	6.85187444	7.62987675
8.25045781	8.62860337	9.60834606
10.9432966	11.4448643	12.7443813
14.3103275	14.9662175	16.6655681
17.828865	18.6460212	20.7632019
15.0509431	15.7407763	17.5280781
11.1110312	11.6202862	12.9397219
8.75991775	9.16141438	10.2016547
7.07940087	7.40387338	8.24455262
5.84568631	6.1136135	6.80778925
5.43173356	5.68068794	6.32570675
4.53027225	4.73790956	5.27587981
4.45686031	4.66113275	5.19038525
4.36292844	4.56289594	5.08099413
4.39052762	4.59175981	5.11313531
4.4421245	4.64572169	5.17322438
4.42683237	4.62972863	5.15541531
4.39988931	4.60155081	5.12403787
4.43323769	4.63642775	5.16287506
4.40038294	4.60206706	5.12461294
4.45342744	4.65754275	5.18638787
4.51625269	4.72324744	5.25955287
4.62767625	4.83977788	5.38931469
4.93189131	5.15793606	5.7435985
5.64016081	5.898668	6.56843763
6.60916194	6.91208175	7.69692025
7.51065981	7.85489806	8.74678994
8.91029587	9.31868419	10.376782
9.74447181	10.1910916	11.3482508
9.62817588	10.0694674	11.2128147
8.250766	8.62892581	9.60870531
6.94457931	7.26287237	8.08754187
5.82700638	6.09407719	6.78603487
5.13905263	5.37459237	5.98485544
4.84850156	5.07072444	5.6464845
4.1089305	4.29725669	4.78519244
3.9995185	4.18282963	4.65777288
3.92490806	4.10479963	4.57088269
3.96177125	4.14335225	4.61381294
3.96745619	4.14929781	4.62043356
3.94462444	4.12541944	4.59384387
3.97815138	4.16048319	4.63288881
4.05890206	4.24493513	4.72693006
4.16079837	4.35150163	4.84559681
4.47068688	4.67559325	5.20648781
4.75534162	4.97329488	5.53799225
5.56945431	5.82472087	6.48609394
6.35558906	6.64688669	7.4016135
6.52224325	6.82117937	7.59569625
5.969203	6.242791	6.9516345
5.28870794	5.53110681	6.15914131
4.76142794	4.97965975	5.54507987
4.33765319	4.53646212	5.05155875
3.82412438	3.99939681	4.45351181
3.67362519	3.84199975	4.27824325
3.66673625	3.83479488	4.27022012
3.69126494	3.86044781	4.29878581
3.68962675	3.85873456	4.29687825
3.79948738	3.97363031	4.42481981
4.04200556	4.22726412	4.70725256
4.34040487	4.53933994	5.05476337
4.8259475	5.04713669	5.62021825
4.78509388	5.0044105	5.57264094
4.49450525	4.70050344	5.23422619
4.011908	4.19578687	4.67220144
3.66609631	3.83412556	4.26947475
3.55379994	3.71668244	4.1386965
3.58014969	3.74423975	4.16938281
3.7436385	3.91522169	4.35977925
3.91229306	4.09160637	4.55619156
3.91302237	4.09236919	4.557041
3.63651675	3.80319019	4.23502694
