#?RADIANCE
genskyvec -m 1
NROWS=146
NCOLS=1
NCOMP=3
FORMAT=ascii

13.4317244	14.0473431	15.6423619
31.0409619	32.4636713	36.1497887
32.0654856	33.5351525	37.3429312
32.9240913	34.4331119	38.3428494
33.7256813	35.2714406	39.2763675
33.5673406	35.1058431	39.0919694
32.9645956	34.4754725	38.3900188
32.7897669	34.2926306	38.1864181
31.0174187	32.4390481	36.1223706
30.3727325	31.7648156	35.3715806
31.031045	32.4533013	36.1382419
30.216745	31.6016806	35.1899206
30.916705	32.3337188	36.0050812
31.9288637	33.3922675	37.1838213
33.7707275	35.3185519	39.32883
38.296405	40.0516569	44.5993594
46.9025131	49.0522087	54.6218869
54.1167556	56.5971056	63.023475
71.7837956	75.0738831	83.5982219
92.7946931	97.04777	108.067166
95.9656437	100.36406	111.759979
96.1361613	100.542401	111.958586
75.6739794	79.1423681	88.12866
62.2700981	65.1241419	72.5187212
49.9524469	52.2419319	58.1737894
39.4750338	41.2843037	45.9719688
35.4073844	37.0302225	41.2348537
32.2909694	33.7709706	37.605525
30.7960619	32.2075456	35.8645806
29.8717394	31.2408594	34.7881312
30.1265981	31.5073988	35.0849356
22.6022675	23.6382037	26.3222244
21.3985356	22.3793019	24.9203806
23.5683925	24.6486094	27.4473587
23.3237631	24.3927688	27.1624694
23.3715675	24.4427644	27.21814
22.2188175	23.2371781	25.8756662
23.5413562	24.620335	27.4158713
23.7446563	24.8329525	27.6526312
22.7086794	23.7494937	26.4461513
20.15131	21.07491	23.4678812
21.1138463	22.0815625	24.5888362
21.8020912	22.8013538	25.3903538
24.5253769	25.649455	28.5618462
27.1051119	28.3474294	31.5661644
31.0594975	32.4830575	36.1713756
39.9506225	41.7816931	46.5258337
53.5327894	55.9863756	62.3433988
73.57755	76.9498494	85.6871925
103.753322	108.508686	120.829394
121.658731	127.234762	141.68175
109.94955	114.988898	128.045412
80.6234575	84.3186987	93.8927344
55.5834637	58.1310381	64.7315806
42.2672906	44.2045388	49.2237819
33.7175269	35.2629131	39.2668731
29.05136	30.3828787	33.8327306
24.530125	25.6544219	28.567375
23.1163144	24.1758106	26.9208756
21.8391281	22.8400863	25.433485
22.06459	23.0758819	25.6960556
15.1035862	15.7958319	17.589385
14.53445	15.2006131	16.9265806
14.66446	15.3365806	17.0779875
15.7823819	16.5057412	18.3799012
15.660195	16.377955	18.2376031
15.5874288	16.3018525	18.15286
15.4146706	16.1211762	17.9516694
15.5566869	16.2697013	18.11706
15.1654006	15.8604831	17.6613737
16.8041063	17.5742944	19.5697831
18.7630181	19.6229888	21.8510981
24.3894656	25.5073156	28.4035669
33.7898138	35.3385119	39.351055
51.0704256	53.4111531	59.4757706
88.7371069	92.8042263	103.341768
2603.64633085857	2610.15499385857	2627.01836285857
1642.9585482734	1647.8254612734	1660.4351732734
68.2789856	71.4084356	79.5165712
39.1603106	40.9551581	45.6054488
27.0799444	28.3211075	31.5368531
21.2209094	22.1935319	24.7135175
18.0673525	18.89544	21.0409394
15.6060763	16.3213538	18.1745781
15.3642537	16.0684488	17.8929563
11.5883912	12.1195256	13.4956494
11.5393131	12.0681981	13.4384919
11.2688231	11.7853106	13.1234844
11.4383656	11.9626238	13.32093
11.69666	12.2327569	13.6217362
11.5998306	12.1314894	13.5089706
11.557815	12.0875469	13.4600387
12.005265	12.5555044	13.9811306
12.5039337	13.0770306	14.5618725
13.7406444	14.3704225	16.0021244
16.02779	16.7623956	18.6656981
20.0512775	20.9702931	23.351385
26.3547563	27.5626806	30.6923119
43.4373125	45.4281881	50.5863731
72.0752088	75.3786519	83.9375894
2626.36050918104	2630.88343528104	2642.60192428104
86.239375	90.1920062	100.432939
55.1460481	57.6735744	64.2221737
34.2697131	35.8404075	39.9099406
23.4683881	24.5440213	27.3308956
18.0074094	18.8327488	20.9711281
14.7597781	15.4362675	17.1889913
13.0060194	13.6021288	15.1465963
12.3852281	12.9528819	14.4236288
10.1618857	10.6276388	11.8343631
9.80389919	10.2532444	11.4174581
9.57705381	10.0160021	11.1532788
9.73159	10.1776202	11.3332475
9.873027	10.3255413	11.497965
10.2445731	10.7141156	11.9306606
11.06867	11.575985	12.8903894
13.24297	13.8499381	15.4225431
16.170735	16.9118919	18.8321687
23.3233537	24.3923394	27.16199
31.33991	32.7763219	36.4979381
48.4095162	50.6282844	56.3769194
51.4545756	53.81291	59.9231462
32.284425	33.7641269	37.5979056
21.5430425	22.5304325	25.0886706
15.4548637	16.16321	17.9984763
12.4843925	13.0565913	14.5391156
10.9336763	11.4348038	12.7331794
9.63849944	10.0802631	11.2248369
9.14418219	9.56329031	10.6491631
9.12670025	9.54500681	10.6288019
9.54702175	9.98459344	11.1183044
10.5542995	11.0380356	12.29136
13.4069025	14.0213844	15.6134569
18.391495	19.2344388	21.4184294
23.5222975	24.6004012	27.3936756
26.6777906	27.9005231	31.0685131
19.6115213	20.5103819	22.8392512
13.71721	14.3459163	15.9748363
10.9027413	11.40245	12.6971512
10.2238143	10.6924059	11.9064869
9.81066988	10.2603265	11.4253456
10.8870581	11.3860475	12.6788869
13.7612481	14.3919706	16.0261219
14.6404206	15.3114394	17.0499888
12.6615175	13.2418362	14.7453931
11.4058294	11.9285981	13.2830406
