#?RADIANCE
genskyvec -m 1
NROWS=146
NCOLS=1
NCOMP=3
FORMAT=ascii

10.5589019	11.0428519	12.2967219
28.04918	29.3347675	32.66561
29.1126031	30.44693	33.9040544
30.0637125	31.4416319	35.0117019
31.0499725	32.4730944	36.1602819
31.2376119	32.6693344	36.378805
30.8200006	32.2325825	35.8924606
30.7314588	32.1399838	35.7893481
29.0180181	30.3480087	33.7939012
28.3895556	29.6907437	33.0620056
28.5560194	29.8648356	33.2558669
27.5718544	28.8355631	32.1097237
27.693155	28.9624244	32.2509881
28.1325381	29.4219444	32.7626869
29.3445113	30.6894669	34.1741313
32.9366513	34.4462488	38.3574794
40.0834331	41.92059	46.6805012
46.902615	49.052315	54.622005
63.82536	66.7506881	74.3299563
89.7246056	93.8369762	104.491783
101.348267	105.993387	118.028507
110.152829	115.201499	128.28215
86.5900494	90.5587525	100.841332
69.6778644	72.87143	81.1456819
53.085935	55.5190381	61.8229975
39.594635	41.4093869	46.1112519
34.1431038	35.707995	39.7624919
30.1577956	31.5400281	35.1212681
28.2775525	29.5736056	32.9315694
27.0546444	28.2946494	31.5073894
27.1925294	28.4388519	31.6679669
20.5015194	21.4411719	23.8757312
19.4568925	20.3486663	22.6591725
21.603255	22.5934012	25.15879
21.5342113	22.5211962	25.078385
21.7356144	22.7318294	25.3129369
20.714395	21.6638044	24.12364
22.0321894	23.0419969	25.6583219
22.2020306	23.2196238	25.8561163
21.0544462	22.0194444	24.5196619
18.3653475	19.2070925	21.3879781
18.9960694	19.8667225	22.1225056
19.2715412	20.1548187	22.4433156
21.3446406	22.3229356	24.857615
23.0752844	24.1328988	26.8730906
25.922365	27.1104719	30.1887556
32.7170375	34.216565	38.1017175
44.1655856	46.1898394	51.4345081
60.9348169	63.72766	70.9636737
93.0427587	97.3072263	108.356053
126.266325	132.053531	147.047675
131.145531	137.156381	152.729925
95.9011506	100.296623	111.684883
62.6543156	65.5259694	72.9661756
45.1160981	47.1839181	52.5414594
34.2773944	35.8484406	39.9188831
28.4620119	29.7665206	33.1463875
23.2039519	24.267465	27.0229369
21.373355	22.3529669	24.8910556
19.9162688	20.8290963	23.1941544
20.0126763	20.9299231	23.3064306
13.5021819	14.12103	15.7244156
12.9933694	13.5888987	15.1318625
13.1872075	13.79162	15.3576031
14.3545294	15.012445	16.7170469
14.2924344	14.947505	16.6447312
14.2169644	14.8685744	16.5568406
13.9581456	14.5978931	16.2554244
13.90197	14.5391425	16.1900013
13.25208	13.8594656	15.4331506
14.3493631	15.0070406	16.7110288
15.5910381	16.3056275	18.1570637
19.5478719	20.4438156	22.7651275
26.0223075	27.2149956	30.3051456
37.9358238	39.6745481	44.17943
66.1894031	69.2230812	77.0830763
1798.80014068965	1804.26380268965	1818.41974668965
2641.02971285444	2646.66605985444	2661.26929085444
77.1988181	80.7370944	89.9044619
41.0324944	42.9131475	47.7857606
26.8412588	28.0714838	31.2588856
20.2777138	21.2071075	23.6150894
16.7556338	17.5236006	19.5133338
14.1045531	14.75101	16.4259281
13.7687762	14.399845	16.0348881
10.1393783	10.6040992	11.8081512
10.1164982	10.58017	11.7815044
9.89213931	10.3455271	11.5202206
10.0853743	10.5476223	11.74526
10.3516189	10.8260683	12.0553238
10.2319464	10.7009107	11.9159556
10.0790271	10.5409832	11.7378681
10.3431519	10.8172131	12.0454631
10.5169472	10.998974	12.2478637
11.3041069	11.82221	13.1645744
12.7441488	13.328255	14.8416256
15.2455644	15.94432	17.7547325
19.3849675	20.2734462	22.5754131
30.2996719	31.6884081	35.2864969
48.0545637	50.2570631	55.9635481
65.4490088	68.4487519	76.2208288
1470.53804201611	1473.85641081611	1482.45400761611
51.9544887	54.3357356	60.505335
32.9506663	34.4609044	38.3737975
22.1534931	23.1688612	25.79959
16.6112525	17.3726025	19.3451894
13.2998431	13.9094194	15.4887769
11.5276525	12.0560038	13.4249144
10.9114081	11.4115137	12.707245
8.68443019	9.0824665	10.1137442
8.38252238	8.76672113	9.76214656
8.17339738	8.54801113	9.51860269
8.32478438	8.70633675	9.69490525
8.39528013	8.78006356	9.77700419
8.52949125	8.92042606	9.93330469
9.03200156	9.44596769	10.5185174
10.3962591	10.8727533	12.1073094
12.2204344	12.7805362	14.231715
16.7043162	17.4699275	19.4535675
21.6058294	22.5960956	25.1617906
32.9103531	34.4187437	38.3268513
38.2449275	39.9978194	44.5394081
27.20318	28.4499906	31.6803719
18.6730919	19.5289406	21.7463719
13.4359075	14.0517181	15.6472331
10.8178449	11.3136613	12.5982825
9.38526838	9.81542594	10.9299287
8.03856706	8.40700119	9.36158194
7.56676256	7.91357256	8.81212606
7.5415085	7.88716081	8.7827155
7.79631881	8.15364975	9.07946337
8.36492562	8.74831787	9.74165363
10.1445856	10.6095461	11.8142162
13.3081225	13.91808	15.49842
16.7589281	17.5270462	19.5171694
19.8614306	20.7717456	23.1302919
15.6854431	16.40436	18.2670069
11.4417237	11.9661375	13.3248413
9.04887756	9.46361738	10.5381719
8.22868394	8.60583175	9.58298856
7.81902569	8.1773975	9.10590744
8.46353281	8.8514445	9.85648956
10.3433654	10.8174383	12.0457131
11.20351	11.7170044	13.0474225
10.0501667	10.5107987	11.7042594
8.88668431	9.2939905	10.3492851
