#?RADIANCE
genskyvec -m 1
NROWS=146
NCOLS=1
NCOMP=3
FORMAT=ascii

16.9588975	17.7361781	19.7500494
28.6469475	29.95993	33.3617569
27.4076281	28.6638106	31.9184688
27.0357937	28.2749325	31.4854344
26.7092963	27.9334706	31.1052025
26.1155363	27.3124969	30.4137181
27.6885744	28.9576325	32.2456531
30.1592381	31.5415375	35.1229487
34.3675531	35.9427306	40.0238806
40.2782206	42.1243044	46.9073469
50.9330888	53.2675206	59.3158294
61.33899	64.1503594	71.4343694
68.133355	71.2561288	79.3469719
67.0937194	70.1688463	78.1362306
59.9879331	62.7373763	69.8609487
49.90859	52.1960663	58.1227163
41.368425	43.2644769	48.1769806
35.988135	37.63759	41.9111856
30.7049075	32.1122169	35.758425
27.1437269	28.3878131	31.6111337
27.2942675	28.545255	31.78645
25.7263494	26.9054725	29.9604787
26.7417475	27.96741	31.1429931
26.3343688	27.5413594	30.6685681
28.8296056	30.1509612	33.5744794
30.7706425	32.1809644	35.83498
32.3753063	33.8591738	37.703745
33.241885	34.7654713	38.7129481
31.6124994	33.0614025	36.8153894
30.9760425	32.3957763	36.0741844
29.3595894	30.7052375	34.1916906
18.0229994	18.8490544	20.9892856
16.1292156	16.8684712	18.7838169
17.2572988	18.0482569	20.0975625
16.8806037	17.6542987	19.6588706
17.8781212	18.6975331	20.8205606
18.9751875	19.8448838	22.0981887
22.4464	23.4751913	26.1407038
27.452065	28.7102844	31.9702194
35.1876706	36.8004363	40.978975
44.8796538	46.936635	52.2660981
61.1721075	63.975825	71.2400194
75.6367906	79.1034744	88.08535
74.438485	77.8502444	86.68982
61.7836781	64.6154281	71.9522456
47.2144081	49.3783988	54.9851125
34.2280169	35.7968013	39.8613794
28.8704931	30.1937238	33.6220975
22.2042062	23.2218975	25.8586488
19.1649638	20.0433556	22.3191963
17.0133781	17.7931575	19.8134987
16.4696575	17.2245156	19.18029
16.6503856	17.4135281	19.3907625
15.8906313	16.6189506	18.5059631
17.9604919	18.78368	20.9164906
18.9200881	19.7872581	22.0340206
19.7755037	20.6818794	23.0302219
18.9471281	19.8155375	22.0655106
19.3923713	20.2811875	22.5840338
18.4884306	19.3358169	21.5313194
18.377075	19.2193575	21.4016363
11.7478419	12.2862844	13.6813419
11.2837038	11.8008719	13.1408131
11.5985012	12.1300994	13.5074225
13.1819525	13.7861237	15.3514831
15.2351919	15.93347	17.7426506
19.2860225	20.1699663	22.4601825
26.5544331	27.7715125	30.9248525
41.1257281	43.010655	47.8943394
63.7550381	66.6771406	74.2480587
1748.68428135715	1753.06632195715	1764.41979555715
85.7284819	89.6577006	99.8379637
48.3419531	50.5576231	56.2982338
30.1364244	31.5176775	35.0963819
21.1085806	22.0760575	24.5827031
16.2307912	16.9747019	18.9021106
13.7902763	14.4223294	16.0599256
12.0840181	12.6378681	14.0728469
12.1787562	12.7369481	14.1831781
11.8010744	12.3419581	13.743335
11.4933613	12.0201394	13.3849769
12.2485312	12.80992	14.2644344
12.4597894	13.0308637	14.5104644
11.7938319	12.3343819	13.7349
12.0978763	12.6523619	14.0889862
9.27751444	9.70273331	10.8044375
9.56693475	10.0054183	11.1414925
10.0906753	10.553163	11.7514319
11.1032231	11.6121219	12.9306319
13.6957981	14.3235206	15.9499
16.4386125	17.1920488	19.1441369
24.2832338	25.3962131	28.2798506
38.3971581	40.1570263	44.7166931
68.0342869	71.1525244	79.2315988
5034.67417614467	5039.80332114467	5053.09252314467
2118.57629325307	2122.21464385307	2131.64127325307
43.1873813	45.1668019	50.2953069
29.3867225	30.7336131	34.2232887
19.2032706	20.08342	22.3638106
14.5061575	15.1710219	16.8936294
12.084475	12.6383469	14.0733794
10.5283498	11.0108987	12.2611419
9.78150525	10.2298233	11.3913787
9.51674887	9.95293231	11.0830481
9.3750395	9.80472756	10.9180156
9.437456	9.87000606	10.9907044
9.53312838	9.97006319	11.1021231
9.35600463	9.78482037	10.8958469
9.47231163	9.90645825	11.0312963
8.40863494	8.7940305	9.79255638
9.02307387	9.43663125	10.5081219
10.1988159	10.6662606	11.8773713
12.6913313	13.2730187	14.7801156
16.9561381	17.7332944	19.7468375
28.22556	29.5192287	32.8710181
43.5021094	45.495955	50.6618325
55.2017844	57.7318625	64.2870806
40.173745	42.0150406	46.7856775
24.3857662	25.5034456	28.3992588
16.47009	17.2249706	19.1807925
12.4067412	12.9753838	14.4486862
10.1273696	10.5915397	11.7941681
8.86083762	9.26695919	10.3191847
8.357182	8.74021906	9.732635
8.1491675	8.52267069	9.49038494
8.16414919	8.53833925	9.50783256
8.21034794	8.58665513	9.56163481
8.54013212	8.93155463	9.94569569
9.79454481	10.2434604	11.4065638
12.7147119	13.2974687	14.8073419
18.9524538	19.8211069	22.0717119
24.7507319	25.88514	28.8242919
25.3188731	26.4793206	29.4859388
18.9123381	19.779155	22.0249969
13.5280369	14.1480712	15.7545244
10.1303955	10.5947047	11.79769
8.73076094	9.1309205	10.1676989
8.04581006	8.41457631	9.37001687
8.13558656	8.50846756	9.47456906
9.50668738	9.94241125	11.0713319
11.7705063	12.3099894	13.7077375
15.0217025	15.7101962	17.4940256
14.9268738	15.61102	17.3835875
10.5527086	11.0363749	12.2895094
9.11784287	9.535744	10.6184885
11.300975	11.8189363	13.1609275
