#?RADIANCE
genskyvec -m 1
NROWS=146
NCOLS=1
NCOMP=3
FORMAT=ascii

17.4732556	18.2741125	20.3490631
27.9112744	29.19054	32.5050063
26.7996756	28.0279931	31.2104569
26.4313	27.6427362	30.781455
26.0091719	27.2012563	30.2898506
25.15514	26.3080844	29.29526
26.4137381	27.6243669	30.761
28.4782225	29.7834737	33.1652644
31.9380887	33.401915	37.1945669
36.7585394	38.4433069	42.808385
46.3516906	48.4761413	53.9804088
55.0099431	57.5312306	64.0636662
62.1291656	64.9767494	72.3545931
62.8026381	65.6810906	73.1389069
57.7479519	60.3947338	67.2523056
49.134075	51.3860513	57.2207269
41.1564644	43.0428006	47.9301344
35.8820688	37.5266619	41.78766
30.5163781	31.9150438	35.5388687
26.7655381	27.9922906	31.1707
26.7239925	27.9488419	31.1223194
24.8993231	26.0405406	28.9973369
25.767055	26.9480425	30.0078825
25.2081837	26.3635588	29.3570344
27.5066669	28.7673881	32.0338081
29.4527412	30.8026569	34.3001738
30.9985281	32.4192925	36.10037
31.9984238	33.4650169	37.2648344
30.4636344	31.8598825	35.4774425
30.0195187	31.3954131	34.9602325
28.541415	29.8495606	33.2388581
17.3585413	18.1541394	20.2154675
15.5223956	16.2338375	18.077125
16.6000175	17.3608513	19.3321044
16.1471881	16.8872656	18.8047456
16.9473969	17.7241519	19.7366562
17.7992956	18.6150963	20.7287644
20.8608944	21.8170187	24.2942506
25.1479431	26.3005575	29.2868781
31.5932725	33.0412975	36.7930012
39.3777981	41.1826119	45.8587294
53.0688869	55.50121	61.8031456
66.3412481	69.3818869	77.259915
68.4010337	71.5360812	79.6587075
59.9709656	62.7196337	69.8411906
47.1866013	49.3493175	54.9527319
34.5689981	36.1534106	40.2584806
29.0037162	30.3330531	33.7772456
22.2185163	23.2368631	25.875315
18.9755325	19.8452437	22.0985888
16.6896194	17.4545594	19.4364525
15.980915	16.7133731	18.6111087
15.9828669	16.7154131	18.6133825
15.1426056	15.8366419	17.6348275
17.025565	17.8059037	19.8276913
17.9057431	18.7264219	20.8527306
18.7330837	19.5916831	21.8162369
17.9970525	18.8219163	20.9590681
18.4950763	19.3427656	21.53906
17.6978844	18.509035	20.6106612
17.6514125	18.4604363	20.5565425
11.2637538	11.7800081	13.1175806
10.8098477	11.3052975	12.5889694
11.0717513	11.5792044	12.8939781
12.4900413	13.0624994	14.5456931
14.2734719	14.9276744	16.6226487
17.7789381	18.5938044	20.705055
23.9505662	25.0482994	27.8924312
36.03669	37.6883706	41.9677313
54.5132906	57.011815	63.4852731
1618.39886127239	1622.20422697239	1632.06359757239
83.2414125	87.0566475	96.9415681
49.8050075	52.0877369	58.002085
31.1798012	32.6088769	36.3114794
21.6390588	22.6308469	25.2004862
16.3513544	17.1007913	19.0425175
13.6827113	14.3098344	15.9346556
11.8070275	12.3481844	13.7502688
11.7506206	12.2891906	13.6845763
11.2783273	11.7952519	13.1345544
10.9450088	11.4466544	12.746375
11.6350019	12.1682719	13.5499294
11.8486756	12.39174	13.7987706
11.2547988	11.7706425	13.1071531
11.577224	12.1078462	13.4826425
8.89628981	9.304036	10.3604709
9.163375	9.58336281	10.6715138
9.63091619	10.0723338	11.216005
10.5447307	11.0280306	12.2802188
12.8725262	13.4625169	14.9911306
15.3082869	16.0099175	17.8277775
22.1977363	23.2151331	25.8511163
34.4791437	36.0594356	40.1538369
60.3164844	63.0809862	70.2435763
4406.32938101102	4411.10548501102	4423.47994901102
2976.19194253373	2980.19234443373	2990.55702493373
46.8437844	48.9907906	54.553495
31.3449375	32.7815794	36.5037937
19.9737344	20.8891956	23.2610769
14.7888769	15.4667	17.2228787
12.1509044	12.7078225	14.1507438
10.4263162	10.9041887	12.1423144
9.56513963	10.0035413	11.1394031
9.19722062	9.61875944	10.7109306
9.00104994	9.41359738	10.4824736
9.02878563	9.44260475	10.5147743
9.11283088	9.53050275	10.6126519
8.95579781	9.36627138	10.4297719
9.07382294	9.48970638	10.5672236
8.09708006	8.468196	9.42972487
8.66897287	9.06630075	10.0957418
9.76728188	10.2149488	11.3748156
12.0612038	12.6140094	14.0462775
15.9812006	16.7136719	18.6114406
26.5619406	27.7793613	30.9335944
41.7470019	43.6604044	48.6178638
58.5731569	61.2577594	68.2133275
43.7553163	45.7607669	50.9567162
26.0633156	27.2578838	30.352905
17.1816263	17.9691175	20.0094344
12.65006	13.2298556	14.7320506
10.1275951	10.5917768	11.7944294
8.71789806	9.11746819	10.152719
8.14887506	8.52236506	9.49004481
7.88781456	8.24933937	9.18601806
7.87029525	8.23101656	9.165615
7.91043019	8.27299131	9.21235537
8.27802794	8.65743737	9.64045406
9.49456469	9.92973144	11.0572124
12.2781937	12.8409431	14.2989794
18.3357387	19.1761269	21.3534981
24.647215	25.7768787	28.7037369
26.3962781	27.6061069	30.7406675
19.8243975	20.7330137	23.0871637
13.9244844	14.5626881	16.2162225
10.1894324	10.6564472	11.8664419
8.6392745	9.03524094	10.0611557
7.8527975	8.21271694	9.1452375
7.92058813	8.28361469	9.22418525
9.33796631	9.76595612	10.8748408
11.6092881	12.1413806	13.5199837
15.0739625	15.7648537	17.5548869
15.2437913	15.9424656	17.752665
10.5897816	11.0751447	12.3326831
9.02103538	9.43449912	10.5057485
11.2733497	11.7900444	13.1287569
