#?RADIANCE
genskyvec -m 1
NROWS=146
NCOLS=1
NCOMP=3
FORMAT=ascii

16.2562344	17.0013113	18.9317406
27.1888362	28.43499	31.6636681
26.0050819	27.1969825	30.2850881
25.6806644	26.8576931	29.9072737
25.4137606	26.5785581	29.5964437
24.8966456	26.0377412	28.9942219
26.548775	27.7655919	30.9182613
29.0435256	30.3746844	33.8236069
33.318025	34.8451	38.8016181
39.2482175	41.04709	45.7078206
50.0463338	52.3401213	58.2831281
60.3326463	63.0978919	70.2623987
66.6679762	69.7235913	77.6404175
64.7387363	67.7059263	75.3936569
57.0399844	59.6543144	66.4278181
47.1222019	49.2819687	54.8777331
38.8102119	40.5890131	45.1977275
33.8992031	35.4529163	39.4784513
28.8438481	30.1658569	33.5910662
25.5894756	26.7623244	29.8010781
25.8850394	27.0714356	30.1452862
24.4296669	25.5493581	28.4503838
25.5408894	26.7115137	29.7444969
25.1788869	26.3329175	29.3229138
27.6471269	28.9142856	32.1973844
29.5777813	30.9334275	34.4457912
31.0768125	32.5011637	36.1915394
31.89666	33.3585887	37.1463237
30.1944019	31.5783119	35.1638987
29.5488956	30.9032194	34.4121519
27.9145206	29.193935	32.5087862
16.9567575	17.7339412	19.7475581
15.1540925	15.8486556	17.6482063
16.2354375	16.9795612	18.9075206
15.9106162	16.6398544	18.52924
16.9277125	17.703565	19.7137344
18.0519063	18.8792837	21.0229494
21.4777594	22.4621538	25.0126406
26.4669394	27.6800075	30.8229588
34.2508344	35.8206625	39.8879506
44.0936737	46.1146325	51.3507587
60.4253837	63.1948781	70.3703981
74.1617288	77.5608056	86.3675181
71.2953644	74.5630663	83.0293975
57.6684575	60.3115937	67.1597275
43.5315394	45.5267331	50.6961075
31.4560844	32.89782	36.6332312
26.6479831	27.8693475	31.0337988
20.51682	21.4571725	23.8935487
17.79229	18.60777	20.7206069
15.8501062	16.5765694	18.4587694
15.4252763	16.1322675	17.96402
15.6792344	16.397865	18.2597769
15.0058406	15.6936081	17.4755525
17.032895	17.8135694	19.8362281
17.9639413	18.7872862	20.9205056
18.7788825	19.6395806	21.8695762
17.9576525	18.7807106	20.9131831
18.3513431	19.1924456	21.37167
17.4529	18.2528256	20.3253575
17.3156769	18.1093119	20.1655519
11.0195133	11.5245719	12.8331406
10.5822893	11.0673106	12.3239581
10.8956719	11.3950581	12.6889187
12.4361544	13.0061431	14.4829375
14.4574919	15.1201244	16.8369537
18.4506019	19.2962544	21.487265
25.6708481	26.8474275	29.8958419
40.3036281	42.150875	46.936935
63.1678144	66.0630031	73.5641887
1873.55561544032	1877.84906114032	1888.97301374032
79.2436456	82.875645	92.2858306
43.7857587	45.7926037	50.9921656
27.3130069	28.5648531	31.8082731
19.2279094	20.1091875	22.3925031
14.9056063	15.58878	17.3588225
12.74897	13.3332988	14.8472387
11.2444756	11.7598463	13.09513
11.4012481	11.9238044	13.2777038
11.0953404	11.6038781	12.92145
10.8224861	11.3185162	12.6036887
11.5532913	12.082815	13.4547719
11.7471531	12.2855669	13.6805419
11.0937676	11.6022306	12.9196181
11.3652992	11.8862056	13.2358394
8.68649581	9.08462669	10.116148
8.96235275	9.37312706	10.4374079
9.47009544	9.90414181	11.0287169
10.4484578	10.927345	12.1681012
12.9568613	13.5507181	15.0893462
15.6194925	16.335385	18.1902019
23.258655	24.3246775	27.0866431
37.0340219	38.7314144	43.1292094
65.8021331	68.8180606	76.63207
4911.51491149945	4916.28056049945	4928.62795049945
1894.18687342463	1897.38061532463	1905.65531712463
38.2290706	39.9812369	44.5209425
26.2413688	27.4440963	30.5602619
17.3615044	18.1572406	20.2189194
13.2365725	13.8432487	15.4150938
11.0926256	11.6010381	12.9182894
9.72723325	10.1730658	11.3281756
9.08669287	9.50316606	10.582212
8.88761406	9.29496287	10.3503674
8.780815	9.18326869	10.2259912
8.85379175	9.25959012	10.310978
8.94649875	9.35654619	10.4189433
8.77183581	9.17387819	10.2155345
8.87659631	9.28343987	10.3375361
7.85364825	8.21360663	9.14622813
8.43786506	8.82460006	9.82659638
9.55395031	9.99183963	11.1263719
11.9328444	12.4797656	13.8967931
15.9965469	16.7297219	18.6293125
26.5865225	27.8050706	30.9622219
40.4867212	42.3423612	47.1501619
49.131865	51.38374	57.2181531
35.4719013	37.0976944	41.309985
21.7508656	22.74778	25.3306969
14.8601713	15.5412631	17.3059081
11.3124025	11.830885	13.1742344
9.31221081	9.73901994	10.8448462
8.20369431	8.57969681	9.55388638
7.76634669	8.12230381	9.04455819
7.59654644	7.94472125	8.84681175
7.62335581	7.9727595	8.87803375
7.66703363	8.01843894	8.92889994
7.95269256	8.31719081	9.26157381
9.12155356	9.53962437	10.6228102
11.8593311	12.4028838	13.8111788
17.6386031	18.4470375	20.5416244
22.7083219	23.7491187	26.4457337
22.77777	23.8217506	26.5266131
17.0064175	17.7858775	19.8053894
12.2741925	12.8367569	14.29432
9.28734837	9.71301806	10.8158909
8.05980719	8.42921488	9.38631756
7.47052594	7.81292481	8.7000505
7.56109012	7.90763962	8.80551975
8.80087113	9.20424406	10.2493479
10.8730271	11.3713738	12.6625456
13.7613081	14.392035	16.0261919
13.5747963	14.1969731	15.8089819
9.67891444	10.1225327	11.2719036
8.4150915	8.80078287	9.80007594
10.3886914	10.8648391	12.0984981
