#?RADIANCE
genskyvec -m 1
NROWS=146
NCOLS=1
NCOMP=3
FORMAT=ascii

0.452980587	0.473742187	0.527533656
4.53341356	4.74119506	5.27953837
4.64807137	4.86110788	5.41306675
4.92751969	5.15336431	5.7385075
5.59850794	5.85510606	6.51992919
7.14121687	7.46852244	8.3165425
9.43725419	9.86979519	10.9904693
12.6945095	13.2763407	14.783815
19.6132012	20.5121394	22.8412094
57.6348405759264	58.9480468759264	62.3504530759264
62.9218605849666	64.2959492849666	67.8560905849666
21.4873912	22.47223	25.0238587
13.2950969	13.9044556	15.4832494
9.26019113	9.6846155	10.7842652
7.21160169	7.54213313	8.3985115
5.72956169	5.99216638	6.6725525
5.18767412	5.42544238	6.04147894
4.44564037	4.64939875	5.17731881
4.52898956	4.736568	5.27438581
4.45667119	4.66093512	5.19016519
4.35659931	4.55627656	5.07362325
4.65504144	4.86839744	5.421184
4.48385806	4.68936806	5.22182663
4.64504881	4.85794681	5.4095465
4.70923494	4.92507487	5.48429706
4.453218	4.65732363	5.18614369
4.56952306	4.77895944	5.32159075
4.36996656	4.57025631	5.08919056
4.52305019	4.73035638	5.26746881
4.34221394	4.54123175	5.05687
4.44656319	4.65036369	5.17839344
4.54110075	4.74923444	5.2884905
4.607303	4.81847075	5.36558831
5.10890875	5.34306681	5.94975012
5.76235556	6.026463	6.71074344
7.15395719	7.48184694	8.33137981
8.89485069	9.30253156	10.3587959
11.8702041	12.4142557	13.8238431
16.7609437	17.5291531	19.5195181
22.5348937	23.5677425	26.2437638
34.2947129549584	35.1838292549584	37.4874511549584
16.4723537	17.2273369	19.1834306
12.2410619	12.8021094	14.2557375
9.43723475	9.86977469	10.9904466
7.18497856	7.51428981	8.36750637
5.95141513	6.22418837	6.93091938
5.12542112	5.36033587	5.96898019
4.90374831	5.1285035	5.71082406
4.465529	4.67019888	5.20048075
4.39113306	4.59239325	5.11384056
4.32739456	4.52573337	5.03961187
4.39025112	4.59147075	5.11281356
4.50772262	4.71432638	5.24961875
4.44297294	4.64660894	5.17421231
4.61868944	4.83037919	5.378849
4.67706412	4.89142938	5.44683106
4.67264238	4.88680481	5.44168156
4.51267625	4.71950706	5.25538788
4.47917294	4.68446825	5.21637038
4.39543194	4.596889	5.11884694
4.44697888	4.65079862	5.17887769
3.68889319	3.85796744	4.29602369
3.74854081	3.92034881	4.3654885
4.15378906	4.34417075	4.83743356
5.22275637	5.46213262	6.08233544
6.66791762	6.97353044	7.76534631
8.96209175	9.37285394	10.4371039
11.3473514	11.8674382	13.2149387
12.496055	13.068792	14.5526994
10.0716824	10.5333011	11.7293138
7.98334812	8.34925144	9.29727469
6.21797112	6.50296125	7.24134569
4.92059319	5.14612031	5.73044125
4.17762044	4.36909462	4.86518725
3.75086725	3.92278194	4.36819781
3.63205419	3.79852331	4.22983013
3.61442637	3.78008744	4.20930094
3.56608256	3.72952794	4.15300037
3.74529294	3.91695219	4.36170612
3.69153481	3.86073	4.29910006
3.5785675	3.742585	4.16754038
3.6711285	3.8393885	4.27533538
3.65819481	3.82586194	4.26027275
3.50509725	3.66574713	4.08197781
3.591293	3.75589375	4.18236006
2.99267194	3.12983613	3.48521606
3.166324	3.311447	3.68744825
3.437508	3.5950605	4.00326462
3.89008637	4.06838175	4.53033
4.85547325	5.07801544	5.65460331
5.56482894	5.8198835	6.48070744
6.43999769	6.73516406	7.49991431
6.91451531	7.23143031	8.05252956
6.09943719	6.37899456	7.10330325
5.33306037	5.57749213	6.21079331
4.38984281	4.59104369	5.11233788
3.6467125	3.8138535	4.24690087
3.37007344	3.52453519	3.92473162
3.13480044	3.27847875	3.65073663
3.01378362	3.15191544	3.50980231
2.91276169	3.046263	3.39215381
2.90619962	3.03940038	3.38451181
2.93544325	3.06998419	3.41856819
2.99953169	3.13701013	3.49320481
2.98978269	3.12681431	3.48185144
2.99464637	3.13190094	3.48751556
2.99134006	3.12844306	3.48366481
2.93550444	3.07004831	3.41863981
2.99587225	3.133183	3.488943
2.57263369	2.69054594	2.99604656
2.75662638	2.88297181	3.21032106
3.00308044	3.14072156	3.49733756
3.54829431	3.71092438	4.13228475
4.05954969	4.24561238	4.72768419
4.27511219	4.47105444	4.97872419
4.18200062	4.37367538	4.87028825
3.63752419	3.80424406	4.23620038
3.194683	3.34110581	3.72047475
2.84756488	2.97807806	3.31622663
2.59137081	2.71014187	3.01786731
2.54666725	2.66338938	2.96580644
2.52415412	2.63984444	2.93958794
2.49890619	2.61343944	2.91018469
2.465831	2.57884825	2.87166588
2.47525581	2.58870494	2.88264188
2.50813937	2.62309581	2.92093756
2.51660163	2.63194587	2.93079231
2.35621744	2.46421056	2.74401162
2.47844981	2.59204544	2.88636156
2.84531769	2.975728	3.31360969
3.17476688	3.32027681	3.69728069
3.02332038	3.16188913	3.52090869
2.71038781	2.83461388	3.15647256
2.48061669	2.59431138	2.88888513
2.3189975	2.42528481	2.70066625
2.25459275	2.35792806	2.62566119
2.22443756	2.32639081	2.59054312
2.25356556	2.356854	2.62446506
2.24041031	2.34309588	2.60914469
2.20368369	2.30468569	2.56637337
2.3353085	2.44234331	2.71966131
2.39202344	2.50165794	2.78571088
2.29605444	2.40129031	2.673947
2.13343356	2.23121575	2.484561
2.12505206	2.22245025	2.47480038
2.18638175	2.28659088	2.54622381
