#?RADIANCE
genskyvec -m 1
NROWS=146
NCOLS=1
NCOMP=3
FORMAT=ascii

19.2743281	20.1577356	22.4465637
32.3240569	33.805575	37.6440606
34.2797969	35.8509531	39.9216831
35.5296675	37.1581081	41.3772606
36.0093444	37.6597712	41.935885
34.2118769	35.77992	39.8425844
33.063475	34.5788844	38.5051756
32.0884113	33.5591294	37.3696306
29.5805094	30.9362831	34.44897
27.8281213	29.1035756	32.4081669
30.4351244	31.8300681	35.4442413
28.9343319	30.2604869	33.6964419
31.6176944	33.0668381	36.8214412
33.9173819	35.4719275	39.4996187
36.80924	38.4963281	42.8674294
42.9418375	44.9100031	50.0093494
51.3062131	53.6577463	59.7503638
57.1082463	59.7257044	66.5073125
65.9366388	68.9587331	76.7887156
68.6042206	71.7485794	79.8953381
63.8901238	66.8184194	74.4053763
56.6498925	59.246345	65.9735256
47.5756519	49.7561988	55.405815
40.5151712	42.3721156	47.1832956
36.223495	37.8837381	42.1852819
32.3877244	33.8721581	37.7182044
30.8802606	32.2956063	35.96264
30.3961413	31.7892969	35.3988425
29.4098019	30.75775	34.2501662
30.0174337	31.3932319	34.9578062
30.8998425	32.316085	35.9854438
20.8783019	21.8352238	24.3145231
19.7578963	20.6634663	23.0097169
21.9853112	22.9929719	25.6037288
21.4274375	22.4095269	24.9540375
21.1081406	22.0755975	24.58219
19.6525069	20.5532456	22.8869819
20.6489719	21.5953831	24.0474494
20.6307294	21.5763044	24.0262056
19.742315	20.6471706	22.9915706
17.9676412	18.791155	20.9248138
19.5099969	20.4042044	22.7210181
21.172475	22.1428806	24.6571125
24.97144	26.1159638	29.081325
29.3373712	30.6820013	34.1658162
35.0392081	36.64517	40.8060806
45.7421138	47.8386269	53.2705069
57.2981425	59.9243056	66.7284638
70.8702206	74.1184381	82.5342844
74.4849006	77.8987888	86.74388
66.82399	69.8867544	77.8221075
53.7072387	56.1688187	62.5465556
41.4113119	43.3093281	48.2269269
31.604615	33.0531588	36.8062094
27.1691831	28.4144356	31.6407781
23.7620462	24.8511406	27.672885
21.94885	22.9548381	25.5612656
19.7105537	20.6139519	22.9545825
19.5823219	20.4798444	22.8052475
19.1804031	20.0595056	22.33718
19.9291369	20.8425531	23.2091394
13.7111112	14.3395356	15.9677325
13.2914081	13.9005981	15.4789525
13.3970006	14.0110294	15.6019237
14.2402631	14.8929431	16.5839744
13.9805875	14.6213644	16.2815594
13.8579969	14.493155	16.1387938
13.8877969	14.52432	16.1734975
14.4990663	15.1636075	16.8853725
15.0855606	15.7769813	17.5683931
17.9730369	18.7968	20.9311006
21.8006225	22.7998163	25.3886431
31.0934381	32.5185538	36.2109019
46.6252969	48.7622875	54.299045
71.6689538	74.9537787	83.4644775
95.2214888	99.5857981	110.893349
82.1655194	85.9314419	95.6886
51.0133519	53.3514619	59.4093037
35.9360031	37.5830681	41.8504712
24.4804406	25.60246	28.509515
19.1742131	20.0530294	22.3299706
16.3642419	17.11427	19.0575244
14.7946387	15.4727256	17.2295913
13.4916744	14.1100406	15.7121787
13.6508906	14.2765581	15.8976019
10.8561319	11.3537056	12.6428713
10.8591669	11.3568794	12.6464056
10.6691644	11.1581687	12.4251325
10.7899956	11.2845381	12.56585
11.0226331	11.5278356	12.8367737
11.0505469	11.5570331	12.8692844
11.4183119	11.94165	13.297575
12.3812181	12.9486906	14.41896
13.9438744	14.5829687	16.2388056
16.4713838	17.2263219	19.1823
21.3502137	22.3287637	24.864105
30.4863287	31.8836175	35.5038725
43.7175819	45.7213044	50.9127687
81.6728144	85.4161556	95.1148012
5343.94780539434	5350.02142339434	5365.75767339434
2237.45244401383	2242.19051401383	2254.46639001383
58.0698206	60.7313519	67.6271469
36.14774	37.8045113	42.0970594
23.94775	25.0453538	27.8891525
17.93546	18.7575012	20.88734
14.769285	15.4462094	17.2000625
12.8090094	13.3960887	14.9171594
11.7227675	12.2600594	13.6521413
11.3382981	11.8579681	13.2043938
10.0789089	10.5408587	11.7377306
9.79576731	10.2447369	11.4079869
9.71337044	10.1585656	11.3120294
9.92770106	10.3827181	11.5616363
10.3544656	10.8290431	12.05864
11.5899944	12.1212019	13.4975163
13.4422269	14.0583275	15.6545938
18.2325763	19.068235	21.2333562
24.972045	26.1165969	29.0820281
42.1228806	44.0535106	49.0556075
61.363385	64.1758713	71.4627813
1742.03988210999	1745.75099460999	1755.36617400999
53.1921656	55.6301369	61.9467119
28.2877475	29.5842675	32.9434387
19.1802825	20.0593775	22.3370381
14.2982931	14.9536294	16.6515544
11.8593206	12.4028712	13.8111669
10.6741825	11.1634144	12.430975
10.2386846	10.7079587	11.9238025
10.0464696	10.5069312	11.6999525
10.2394359	10.7087425	11.9246769
11.2775244	11.7944088	13.1336175
13.7606325	14.3913288	16.025405
20.0854463	21.0060294	23.3911775
30.9551781	32.3739556	36.0498856
38.6245719	40.394865	44.981535
33.9549369	35.5112044	39.543355
21.2235287	22.1962731	24.7165694
14.0661831	14.7108825	16.3812419
11.5973181	12.1288619	13.5060431
11.9869244	12.5363263	13.9597731
12.0672075	12.6202863	14.0532694
14.5547494	15.2218419	16.9502194
20.0154425	20.9328169	23.3096525
19.1599519	20.0381156	22.3133625
15.0060375	15.6938138	17.4757806
14.7083687	15.3825012	17.1291219
