#?RADIANCE
genskyvec -m 1
NROWS=146
NCOLS=1
NCOMP=3
FORMAT=ascii

2.64764663	2.76899706	3.08340519
15.7095756	16.4295969	18.2951087
15.8251069	16.5504231	18.429655
16.3923819	17.1436987	19.0902956
17.714575	18.5264913	20.6301
20.58303	21.5264187	23.970655
25.9150231	27.1027931	30.180205
34.6873619	36.2771969	40.3963244
55.2530488	57.7854788	64.3467806
89.3162538	93.4099194	104.016228
651.879373837616	657.407863837616	671.731720837616
113.244097	118.434448	131.882183
63.7503925	66.6722812	74.2426475
39.7344081	41.5555694	46.2740331
28.0301944	29.3149119	32.6435006
21.5935925	22.5832981	25.1475381
18.6030619	19.4557031	21.6648181
16.7044325	17.47005	19.4537025
16.0624494	16.7986438	18.7060619
15.5931613	16.3078463	18.1595369
15.8481106	16.5744831	18.4564463
16.0700588	16.8066006	18.7149219
15.7969381	16.5209631	18.3968506
15.6741637	16.3925625	18.2538706
16.2404094	16.9847594	18.9133087
15.732925	16.4540169	18.3223025
16.247855	16.9925475	18.9219812
15.8535206	16.5801406	18.4627463
15.8818013	16.6097162	18.4956819
15.3885638	16.09387	17.921265
15.4520156	16.1602325	17.9951619
12.4592462	13.0302944	14.5098312
12.0298131	12.5811794	14.0097206
13.328195	13.9390719	15.5217944
14.2269875	14.8790563	16.5685131
16.9621856	17.7396188	19.7538787
20.7925444	21.7455362	24.2146512
29.0360369	30.3668531	33.8148863
45.6258806	47.7170675	53.1351456
80.0246631	83.6924494	93.1953894
973.341143244793	978.036410244793	990.201434244793
529.611454587561	533.607898387561	543.962318087561
53.3115163	55.7549588	62.085705
35.1835156	36.7960906	40.9741388
23.6295631	24.7125838	27.5185981
17.960375	18.7835588	20.9163537
14.6933006	15.3667425	17.1115731
14.2433094	14.8961281	16.5875219
12.4661169	13.0374794	14.5178338
12.158145	12.7153919	14.1591731
11.6989006	12.2350987	13.6243456
11.8736662	12.4178744	13.8278756
12.1893531	12.7480294	14.1955175
11.6772831	12.2124912	13.5991694
12.5256438	13.099735	14.587155
12.7193644	13.3023362	14.8127619
12.8499525	13.4389069	14.9648419
12.265605	12.8277787	14.28432
12.3780938	12.9454237	14.4153231
12.0673638	12.6204531	14.0534512
12.2447669	12.8059831	14.2600506
9.13769044	9.55650131	10.6416031
9.10585069	9.523202	10.6045238
9.8013495	10.2505773	11.4144888
12.0147975	12.5654744	13.9922312
15.6135381	16.3291575	18.1832662
23.2924825	24.3600556	27.1260406
36.4594131	38.1304688	42.4600269
53.7594725	56.2234444	62.6073869
44.3711569	46.4048338	51.6739125
30.6567162	32.0618156	35.7023044
20.5087444	21.4487287	23.8841419
14.1738225	14.8234563	16.5065981
11.2423564	11.7576319	13.0926606
9.77209019	10.2199763	11.3804125
9.30969006	9.73638438	10.8419106
9.15699413	9.57668894	10.6640828
8.89887987	9.3067455	10.3634892
9.30971819	9.73641344	10.8419437
9.09711613	9.51406669	10.594351
8.79948719	9.20279619	10.2477359
9.09971769	9.51678762	10.5973804
9.12239288	9.54050312	10.6237869
8.76480131	9.16652094	10.2073412
9.02786844	9.44164569	10.5137056
7.44879681	7.79019994	8.67474506
7.77561163	8.13199375	9.05534831
8.32792875	8.70962531	9.6985675
9.37476856	9.80444444	10.9176994
12.0972319	12.6516881	14.0882362
14.8476169	15.52813	17.2912869
20.2904125	21.2203894	23.6298781
24.8707538	26.0106625	28.9640663
22.6240338	23.6609681	26.3475731
18.5526994	19.4030312	21.6061656
13.7246531	14.3537	15.9835037
10.4498211	10.9287701	12.1696887
9.19296713	9.614312	10.7059769
8.20893275	8.58517544	9.55998662
7.73896762	8.09367019	9.01267294
7.4089535	7.74853031	8.62834419
7.30620563	7.64107325	8.50868575
7.31360919	7.64881606	8.51730806
7.4189255	7.75895944	8.63995725
7.39406656	7.73296094	8.61100706
7.42317888	7.76340763	8.64491069
7.45249544	7.79406788	8.67905244
7.35214112	7.689114	8.56218138
7.48635925	7.82948381	8.71848975
6.60966244	6.91260506	7.69750312
7.02173281	7.343562	8.17739338
7.70110231	8.05406919	8.96857588
9.35013763	9.77868487	10.8890151
11.5294644	12.0578972	13.4270238
13.5759056	14.198135	15.8102763
13.7736425	14.4049331	16.0405556
11.3912289	11.9133263	13.2660362
9.40835669	9.839573	10.9568163
7.88979287	8.25140813	9.18832131
7.00293656	7.32390444	8.15550381
6.70337269	7.01061031	7.80663663
6.53973312	6.83947069	7.61606438
6.42535781	6.71985319	7.482865
6.34630419	6.63717638	7.3908005
6.365869	6.65763787	7.41358538
6.44627694	6.74173106	7.50722706
6.48216331	6.779262	7.54901963
6.26388356	6.55097806	7.29481481
6.67636131	6.98236119	7.77517956
7.86589287	8.22641269	9.16048794
9.35908969	9.78804706	10.8994399
9.14758519	9.56684938	10.6531254
7.98444913	8.35040269	9.29855675
7.008472	7.32969356	8.16195013
6.3841525	6.67675938	7.43487794
6.07089881	6.34914844	7.07006813
5.95028069	6.22300169	6.92959794
5.97868394	6.25270681	6.96267612
5.99186294	6.26648975	6.97802413
6.08588688	6.36482325	7.08752281
6.58652069	6.88840275	7.67055231
6.90347069	7.2198795	8.03966738
6.5601855	6.86086038	7.639883
5.95058819	6.2233235	6.92995606
5.854038	6.12234813	6.81751569
6.17538456	6.45842281	7.19175044
