#?RADIANCE
genskyvec -m 1
NROWS=146
NCOLS=1
NCOMP=3
FORMAT=ascii

4.51383937	4.72072356	5.25674225
15.982015	16.7145219	18.6123894
16.0272225	16.7618025	18.6650369
16.4314519	17.1845588	19.135795
17.4726669	18.2734975	20.3483775
19.80336	20.7110112	23.0626631
23.85813	24.9516269	27.7847819
30.421425	31.8157381	35.4282856
45.5545156	47.6424294	53.0520319
69.6826069	72.8763912	81.1512069
89.7549413	93.8686981	104.527107
105.251004	110.075021	122.573579
68.7177788	71.8673425	80.0275844
44.9571844	47.0177225	52.3563912
31.8740862	33.3349806	37.1200306
23.7994281	24.8902337	27.7164181
20.0901806	21.0109819	23.3966919
17.5826456	18.388515	20.4764569
16.756415	17.5244156	19.5142406
16.0503419	16.7859844	18.6919625
16.1051387	16.8432919	18.7557769
16.2901388	17.0367688	18.9712238
15.9724063	16.7044737	18.6012006
15.89062	16.6189394	18.5059513
16.3574869	17.1072056	19.0496581
15.8847444	16.612795	18.4991081
16.3750344	17.1255556	19.0700925
16.0173294	16.7514562	18.6535156
16.1295775	16.86885	18.7842375
15.6865563	16.4055238	18.2683038
15.7590481	16.4813388	18.352725
13.0331512	13.6305031	15.1781925
12.5972344	13.1746063	14.6705306
13.8126569	14.4457362	16.0859888
14.6042419	15.2736006	17.0078562
17.0439538	17.8251337	19.8491056
20.4764988	21.415005	23.8465894
27.5535519	28.8164225	32.0884062
41.6574025	43.5666975	48.5135181
70.6191463	73.8558556	82.2418844
1238.73176371748	1243.86944171748	1257.18076171748
1469.73966900613	1475.30651400613	1489.72975100613
72.4476406	75.7681569	84.3713144
45.7253963	47.8211431	53.2510375
29.4356688	30.7848044	34.2802937
21.5294481	22.5162156	25.0728394
16.8214169	17.5923975	19.5899431
15.719265	16.4397313	18.306395
13.5042644	14.1232087	15.7268419
12.9573481	13.5512263	15.0899119
12.3815475	12.9490356	14.419345
12.4659281	13.0372831	14.5176138
12.7240056	13.3071894	14.8181663
12.1954975	12.7544569	14.2026725
13.01051	13.6068256	15.151825
13.2147631	13.8204394	15.3896944
13.3525256	13.9645156	15.55013
12.7997994	13.3864569	14.9064338
12.9272881	13.5197869	15.0549056
12.6396713	13.2189881	14.7199531
12.8293794	13.4173919	14.9408819
9.69991606	10.1444946	11.29636
9.66843575	10.111571	11.2597
10.3737271	10.8491894	12.08107
12.5698987	13.1460181	14.6386944
16.1834088	16.9251475	18.8469294
24.1476781	25.2544463	28.1219837
39.4886837	41.2985775	45.9878637
68.2573856	71.3858463	79.4914125
678.871421691529	681.943794791529	689.904046691529
44.8496756	46.9052844	52.2311875
28.0556294	29.3415112	32.6731206
17.7743906	18.5890481	20.69976
13.2222906	13.8283119	15.39846
11.0189646	11.5240019	12.8325044
10.1781486	10.6446466	11.8533019
9.84153644	10.2926074	11.46129
9.46461406	9.89840838	11.0223321
9.83931669	10.2902853	11.4587042
9.59220381	10.0318469	11.1709216
9.28109538	9.70647888	10.8086105
9.59694381	10.0368035	11.17644
9.63649594	10.0781684	11.2225027
9.28763087	9.71331381	10.8162194
9.57576844	10.0146584	11.1517819
7.95456006	8.31914362	9.2637485
8.31754144	8.69876181	9.68647125
8.93935306	9.34907294	10.4106218
10.0920924	10.5546478	11.7530837
13.1857825	13.7901306	15.3559425
16.5423606	17.3005512	19.2649587
24.4166569	25.5357525	28.4352325
32.8582162	34.3642175	38.2661344
32.5827544	34.0761294	37.9453344
26.5449225	27.7615637	30.9137756
18.5302881	19.3795919	21.5800656
13.162045	13.765305	15.3282988
11.0261797	11.5315462	12.8409062
9.34694063	9.77534169	10.885292
8.54670519	8.93842894	9.953351
8.05233506	8.42140006	9.37761581
7.84187419	8.20129312	9.13251625
7.79356181	8.1507665	9.07625263
7.86939794	8.23007862	9.16457031
7.83213231	8.19110469	9.12117113
7.86384538	8.22427156	9.15810381
7.90595056	8.26830625	9.20713844
7.81647481	8.17472969	9.10293638
7.97181869	8.33719331	9.2838475
7.09714731	7.42243325	8.26521994
7.59227375	7.94025269	8.84183613
8.44490694	8.83196475	9.834799
10.5097659	10.9914634	12.2394981
13.546235	14.1671025	15.77572
17.3592131	18.1548419	20.2162494
18.477635	19.3245238	21.5187456
15.1187219	15.8116637	17.6070131
11.9030579	12.4486119	13.8621044
9.37273463	9.80231819	10.9153323
7.96980919	8.33509163	9.28150737
7.39088856	7.72963731	8.607306
7.07280387	7.39697381	8.23687006
6.87583231	7.19097444	8.00748013
6.7681235	7.07832912	7.88204425
6.77952744	7.09025556	7.895325
6.87108431	7.18600881	8.00195069
6.92999875	7.24762344	8.07056131
6.79210906	7.103414	7.9099775
7.37480031	7.71281169	8.58857
8.99291887	9.40509344	10.4730036
11.3248191	11.8438733	13.1886969
11.3811396	11.9027756	13.2542881
9.76522019	10.2127923	11.3724131
8.19816006	8.57390881	9.54744081
7.18100419	7.51013313	8.36287812
6.62755556	6.93131831	7.71834119
6.4187965	6.71299125	7.47522381
6.40998994	6.70378094	7.464968
6.45576681	6.75165594	7.51827881
6.70391519	7.01117769	7.80726831
7.46138706	7.803367	8.68940725
8.03376138	8.40197525	9.35598513
7.55800519	7.9044135	8.80192731
6.5881435	6.89009975	7.6724425
6.39208706	6.68505737	7.44411819
6.93097144	7.24864063	8.07169394
