#?RADIANCE
genskyvec -m 1
NROWS=146
NCOLS=1
NCOMP=3
FORMAT=ascii

4.71286919	4.92887562	5.48852919
20.8165	21.7705906	24.2425506
20.0353225	20.9536081	23.3328038
20.33646	21.2685469	23.6835044
21.711855	22.7069813	25.2852662
24.9490463	26.0925431	29.0552456
30.5185412	31.917305	35.5413844
39.1161587	40.9089819	45.5540281
57.6237706	60.26486	67.1076881
86.7246444	90.6995219	100.998087
112.683689	117.848353	131.229548
133.704866	139.832991	155.710461
90.7442825	94.9034031	105.679291
60.2203044	62.9804012	70.1315669
42.62564	44.5793138	49.6411131
31.5172913	32.9618312	36.7045125
25.924635	27.1128463	30.1913969
22.2516937	23.2715625	25.9139531
20.8090213	21.7627663	24.2338394
20.0378131	20.9562119	23.3357025
20.8058088	21.7594087	24.2300987
21.8636256	22.8657069	25.4620144
22.4429038	23.4715356	26.1366319
23.0715213	24.1289656	26.8687087
24.7833337	25.9192362	28.8622594
24.6043606	25.73206	28.6538306
25.502555	26.6714206	29.6998512
24.5832844	25.7100181	28.6292844
23.8321675	24.9244731	27.7545462
22.2987994	23.3208269	25.9688112
21.2427138	22.2163387	24.7389125
15.581545	16.2956987	18.1460094
14.4330225	15.0945344	16.8084587
15.9946156	16.7277013	18.6270637
16.9758756	17.7539369	19.769825
20.2116919	21.1380619	23.5382
24.3946988	25.5127875	28.4096612
33.3140338	34.8409275	38.7969712
50.1344694	52.4322988	58.3857719
83.5365794	87.3653312	97.2853125
1285.16626352058	1291.10505652058	1306.49195052058
1773.34856394959	1780.20352694959	1797.96410094959
90.4594106	94.6054637	105.347534
57.85824	60.5100763	67.3807463
37.1331981	38.8351375	43.2447075
26.7617856	27.9883637	31.16633
20.375325	21.3091938	23.7287656
18.9076075	19.7742056	22.0194875
15.6163	16.3320438	18.1864838
14.979135	15.6656781	17.4444519
14.4168069	15.0775781	16.7895737
15.0470156	15.73667	17.523505
16.1330519	16.8724819	18.7882831
15.7941869	16.5180869	18.39365
17.8525494	18.6707913	20.7907819
18.5508194	19.4010638	21.6039756
18.86919	19.7340262	21.9747444
17.5265025	18.3297969	20.4110719
17.300015	18.0929306	20.1473106
16.154825	16.8952537	18.81364
15.8703794	16.5977706	18.4823794
10.1932089	10.6603961	11.8708431
9.914373	10.3687819	11.5461156
10.7108651	11.2017812	12.4736969
13.540255	14.1608506	15.7687556
17.758495	18.5724256	20.6812487
26.6550475	27.876735	31.042025
43.4894706	45.4827362	50.6471163
76.7081569	80.2239475	89.3330425
854.721722569824	858.265253769824	867.446216869824
52.06131	54.4474513	60.6297363
32.3472988	33.82988	37.6711256
20.3399881	21.2722363	23.6876125
14.674935	15.3475356	17.0901844
11.7309097	12.268575	13.6616219
10.6633785	11.1521171	12.4183931
10.3728283	10.848249	12.0800244
10.1534613	10.6188278	11.8245525
11.1535624	11.6647668	12.9892537
11.1337121	11.6440049	12.9661356
10.7414591	11.2337778	12.509325
11.3922897	11.9144363	13.2672719
11.3202791	11.839124	13.1834094
10.3201591	10.7931665	12.0186863
10.4568409	10.9361126	12.1778644
7.45774481	7.79955781	8.68516556
7.81584538	8.17407137	9.10220381
8.4572195	8.8448415	9.84913762
9.79016725	10.2388821	11.4014658
13.1912019	13.7957994	15.362255
16.6559463	17.4193444	19.3972375
24.713255	25.8459456	28.7806469
33.9304781	35.4856244	39.5148719
34.1011569	35.6641269	39.71364
27.9152825	29.1947312	32.5096731
19.2840538	20.1679069	22.4578894
13.3608575	13.9732294	15.5598325
11.0532286	11.5598356	12.8724081
9.13335444	9.55196606	10.6365528
8.16770656	8.54205969	9.51197531
7.56574838	7.91251163	8.81094481
7.43357563	7.77428106	8.65701863
7.55486394	7.90112825	8.79826863
7.89710331	8.25905362	9.19683531
7.94563725	8.30981219	9.25335688
8.02757044	8.39550063	9.34877556
8.00817681	8.37521806	9.32619019
7.66958444	8.021107	8.93187013
7.73836244	8.09303706	9.0119685
6.08490025	6.36379119	7.08637381
6.58831719	6.89028144	7.67264456
7.45000469	7.79146306	8.67615206
9.61365531	10.0542821	11.1959042
12.6310154	13.209935	14.70987
16.3419544	17.0909587	19.0315681
17.6375619	18.4459494	20.5404113
14.477695	15.1412556	16.8604831
11.2287918	11.7434462	13.0768638
8.62933156	9.02484231	10.0495762
7.01931512	7.34103337	8.17457769
6.43847656	6.73357331	7.49814281
6.14108912	6.42255563	7.1518105
6.00054556	6.2755705	6.98813581
5.90234156	6.17286538	6.87376881
5.94845081	6.22108788	6.92746688
6.04476731	6.32181887	7.03963538
5.99884788	6.27379481	6.98615837
5.50045394	5.75255813	6.40573737
6.02673075	6.30295562	7.01863044
7.65564556	8.00652913	8.91563787
9.93077	10.3859285	11.5652084
9.95608644	10.4124067	11.5946936
8.45717456	8.84479506	9.84908588
6.96016119	7.27916838	8.10568813
5.90525531	6.17591262	6.87716225
5.35479681	5.60022475	6.23610725
5.15404462	5.39027175	6.00231475
5.20147031	5.43987094	6.05754575
5.15430112	5.39053987	6.00261363
5.22069006	5.4599715	6.07992856
5.93481919	6.2068315	6.91159169
6.49296131	6.79055519	7.56159494
6.07924775	6.35787981	7.07979113
5.10191731	5.33575513	5.94160831
4.92954619	5.15548338	5.74086762
5.38931506	5.636325	6.27630669
