#?RADIANCE
genskyvec -m 1
NROWS=146
NCOLS=1
NCOMP=3
FORMAT=ascii

9.62631325	10.06752	11.2106444
27.49075	28.7507431	32.0152713
26.5279813	27.7438463	30.8940456
26.57293	27.790855	30.9463925
27.4287075	28.685855	31.9430181
29.5273013	30.8806369	34.3870056
33.4425256	34.9753075	38.9466113
39.5357075	41.3477588	46.0426287
51.5192075	53.8805025	59.9984125
69.710515	72.9055787	81.1837081
87.0898981	91.0815219	101.423458
112.831048	118.002473	131.401171
101.790579	106.455971	118.543611
81.1430512	84.8620969	94.4978406
62.1373081	64.9852644	72.364075
46.5182256	48.6503088	54.174355
37.9122819	39.6499269	44.1520144
32.0514581	33.5204837	37.3265975
29.0012375	30.33046	33.7743588
26.8099019	28.0386863	31.222365
27.1301731	28.3736381	31.5953481
27.3555825	28.6093794	31.8578569
27.7543675	29.0264425	32.3222763
27.9893613	29.2722069	32.5959444
29.9163681	31.2875344	34.8401062
30.1122244	31.4923656	35.0681962
31.4107294	32.8503875	36.5804144
30.9200969	32.3372656	36.0090325
30.2280431	31.6134938	35.2030756
28.90402	30.2287869	33.6611437
27.8634156	29.1404906	32.4492725
19.9923519	20.9086662	23.2827612
18.4444394	19.2898087	21.4800887
20.1488969	21.0723869	23.46507
20.6869512	21.6351044	24.0916813
23.2911931	24.358705	27.1245369
26.4841581	27.6980131	30.84301
33.6799369	35.2236006	39.223095
46.013215	48.1221537	53.5862256
67.9493769	71.063725	79.1327181
97.6947612	102.172432	113.773701
135.316056	141.518013	157.586813
128.502112	134.3918	149.651431
91.4735681	95.6661006	106.528592
60.23554	62.9963319	70.1493075
42.7594431	44.71925	49.7969369
31.1164175	32.5425856	36.2376644
27.5207531	28.7821187	32.0502113
21.8995894	22.90332	25.5038981
20.0728094	20.9928131	23.3764606
18.6504412	19.5052525	21.719995
18.8054113	19.6673244	21.9004687
19.57708	20.4743606	22.79914
18.8630856	19.7276425	21.9676363
21.1257187	22.0939806	24.6026612
21.9697894	22.9767356	25.5856506
22.5262731	23.5587269	26.2337237
21.2520431	22.2260944	24.7497763
21.3608319	22.3398694	24.8764712
20.2922363	21.2222981	23.6320031
20.1983206	21.1240756	23.5226269
13.1697875	13.7734037	15.3373169
12.7970037	13.3835325	14.9031775
13.5696394	14.1915819	15.8029769
16.3836031	17.1345175	19.0800713
20.3584244	21.29152	23.7090844
28.6932025	30.0083075	33.4156262
44.8182963	46.8724663	52.1946431
79.7878612	83.4447956	92.9196163
2889.03372371703	2894.81080571703	2909.77873971703
1424.20394429445	1429.26385329445	1442.37365329445
63.453965	66.3622687	73.8974331
35.8592606	37.5028081	41.7610988
23.8264706	24.9185162	27.7479119
17.857885	18.6763725	20.7969975
15.1529488	15.8474581	17.6468731
13.9500631	14.58944	16.2460119
13.0237275	13.6206475	15.1672162
13.805935	14.4387056	16.0781606
13.5468212	14.1677163	15.7764038
13.0797256	13.6792119	15.2324313
13.8912462	14.5279275	16.1775137
13.972435	14.6128369	16.2720669
13.0350913	13.6325331	15.1804506
13.3831244	13.9965156	15.5857631
9.87707062	10.3297697	11.5026719
10.3285744	10.8019666	12.028485
11.0757837	11.5834231	12.8986731
12.5886925	13.165675	14.6605844
16.5293375	17.2869306	19.2497906
20.7704094	21.7223856	24.1888725
32.4524694	33.9398731	37.7936081
50.6505456	52.9720287	58.9867869
1227.39224839791	1230.57398709791	1238.81757589791
62.3492169	65.2068869	72.6108619
40.0980787	41.9359069	46.6975562
25.1917119	26.3463319	29.33785
19.2783475	20.1619387	22.4512419
14.5175931	15.1829831	16.9069494
12.139595	12.6959906	14.1375688
10.766833	11.2603125	12.538875
10.0876447	10.5499953	11.747905
9.89868256	10.3523716	11.5278406
10.0613232	10.5224661	11.7172494
10.0424368	10.5027146	11.6952537
10.149031	10.6141946	11.8193931
10.2200149	10.6884317	11.9020588
9.94430969	10.4000894	11.5809775
10.1185142	10.5822787	11.783855
8.33291744	8.71484256	9.70437725
9.038787	9.45306525	10.5264223
10.2766268	10.7476394	11.9679887
13.2820113	13.8907694	15.4680069
18.0834569	18.9122813	21.0596931
27.0982513	28.3402519	31.5581731
33.6337825	35.1753306	39.1693444
29.6544419	31.0136031	34.53507
21.7905288	22.7892594	25.3768875
15.1958763	15.8923537	17.6968644
11.4762413	12.002235	13.3650406
9.75978194	10.2071051	11.3660812
8.77340988	9.17552438	10.2173676
8.22039113	8.59715906	9.57333131
7.97099025	8.336327	9.28288287
7.96661031	8.33174644	9.27778194
8.10198962	8.47333056	9.43544256
8.13709275	8.51004275	9.47632344
7.84063562	8.19999794	9.13107406
8.80891738	9.21265881	10.2587187
11.501275	12.0284181	13.3941938
16.1988275	16.9412725	18.864885
17.7965475	18.6122225	20.7255637
15.550745	16.2634856	18.1101381
12.0777956	12.6313625	14.0656006
9.54535956	9.98285475	11.1163674
8.03526987	8.40355269	9.35774175
7.43296606	7.77364363	8.65630881
7.29249719	7.62673656	8.49272125
7.3307045	7.66669481	8.53721656
7.87031231	8.23103456	9.165635
9.34563706	9.7739795	10.8837736
10.8590546	11.3567613	12.6462738
10.2278754	10.6966536	11.911215
7.97158294	8.33694687	9.28357294
7.39918863	7.738318	8.61697219
8.55718569	8.94938987	9.96555663
