#?RADIANCE
genskyvec -m 1
NROWS=146
NCOLS=1
NCOMP=3
FORMAT=ascii

15.2001675	15.8968425	17.7018638
31.9076113	33.3700425	37.1590731
32.9441875	34.4541294	38.366255
33.7905	35.3392306	39.3518544
34.4772094	36.057415	40.1515862
33.9840031	35.5416025	39.5772056
33.3207919	34.8479944	38.8048425
33.1150581	34.6328306	38.5652475
31.3042294	32.7390044	36.4563838
30.5549469	31.9553794	35.5837844
31.8584744	33.3186519	37.1018494
30.9636031	32.3827687	36.0596988
32.1892156	33.6645538	37.4870244
33.5194725	35.0557812	39.0362225
35.6198625	37.2524369	41.4822988
40.6910113	42.5560162	47.3880788
49.6839569	51.9611362	57.86111
57.0177081	59.6310181	66.4018756
73.467955	76.8352338	85.5595588
89.7536238	93.867325	104.52557
89.4642675	93.5647119	104.188598
86.0733813	90.0184094	100.239633
68.5331556	71.6742581	79.8125769
56.9271094	59.5362681	66.2963669
47.1698081	49.331755	54.9331756
38.6054631	40.3748787	44.9592819
35.3545156	36.9749287	41.1732813
32.8540656	34.3598762	38.2613
31.4400356	32.8810344	36.6145419
30.7406619	32.1496087	35.800065
30.9811881	32.4011594	36.0801769
22.4433394	23.4719906	26.1371375
21.1001488	22.0672381	24.5728806
23.2906231	24.3581113	27.1238737
22.91462	23.9648725	26.685985
22.8794706	23.9281137	26.6450525
21.6581444	22.6508094	25.2227163
23.0304563	24.0860175	26.8208856
23.3016263	24.3696169	27.1366862
22.3706706	23.3959931	26.0525131
19.8784506	20.7895437	23.1501119
21.0619819	22.0273225	24.5284331
21.9759619	22.9831919	25.59284
25.0634187	26.2121575	29.1884431
28.0218637	29.3061994	32.6337994
32.4090275	33.8944406	37.7430137
42.0075762	43.9329212	48.9213244
56.0527744	58.6218581	65.2781294
75.4800562	78.9395581	87.9028188
99.5934413	104.158141	115.984875
107.195131	112.108244	124.837675
92.3041119	96.5347188	107.495845
68.5090594	71.6490575	79.7845138
48.4179638	50.6371181	56.3867569
38.2868806	40.041695	44.5882644
31.4452125	32.8864519	36.6205737
27.7056763	28.9755181	32.2655687
23.7564363	24.8452712	27.6663513
22.7083075	23.749105	26.4457181
21.5691569	22.5577419	25.1190819
21.8839681	22.8869825	25.4857056
14.592445	15.2612656	16.9941194
13.9887512	14.6299012	16.2910675
14.0766956	14.7218762	16.3934844
15.1592088	15.854005	17.6541644
15.0187819	15.7071425	17.4906244
14.9757144	15.6621006	17.4404681
14.8839181	15.5660962	17.3335644
15.1611194	15.8560025	17.6563881
14.9048269	15.5879644	17.3579137
16.8051075	17.5753406	19.5709487
19.062595	19.9362981	22.1999825
25.3699475	26.5327375	29.5454206
35.8713644	37.5154694	41.7751988
54.87518	57.3902931	63.9067256
92.8533419	97.1091156	108.135463
2221.7820581271	2227.6354831271	2242.8012641271
86.4614919	90.4243025	100.691612
57.2892856	59.9150425	66.7181494
34.308965	35.88146	39.9556513
24.4333263	25.553185	28.4546444
19.70573	20.6089088	22.9489669
17.0997356	17.8834725	19.9140662
14.9235212	15.6075156	17.3796856
14.8264106	15.5059531	17.2665919
10.9717978	11.4746712	12.7775719
10.9342492	11.4354031	12.7338456
10.6504151	11.1385575	12.4032956
10.8132262	11.3088319	12.5929031
11.0776389	11.5853644	12.900835
11.0051036	11.509505	12.8163612
11.0355044	11.5412988	12.8517662
11.5765912	12.1071838	13.4819063
12.214975	12.7748275	14.2253575
13.6324294	14.2572494	15.8761006
16.2344669	16.9785463	18.9063894
20.8189237	21.7731244	24.245375
27.9961106	29.2792656	32.6038062
47.6478431	49.8317012	55.4898862
80.96612	84.6770594	94.2917825
4108.66431422333	4113.58903822333	4126.34856822333
1727.67934254231	1731.25183754231	1740.50787064231
48.3004831	50.5142544	56.2499406
30.2764188	31.6640869	35.2594144
21.1262056	22.09449	24.6032281
16.5097638	17.2664631	19.2269975
13.761125	14.3918419	16.0259762
12.2284506	12.7889213	14.2410512
11.7240381	12.26139	13.6536194
9.49251031	9.92758412	11.0548187
9.17454669	9.595046	10.6845256
8.96506988	9.37596869	10.4405713
9.14070387	9.55965281	10.6451125
9.3217885	9.74903712	10.8559988
9.79073937	10.2394806	11.4021325
10.730493	11.2223062	12.4965544
13.1771794	13.7811338	15.3459244
16.4705175	17.225415	19.1812925
24.5978356	25.725235	28.6462312
33.5948175	35.1345806	39.1239675
51.8584619	54.2353038	60.3935012
50.689225	53.01248	59.0318306
29.7166062	31.078615	34.6074675
19.6660694	20.5674294	22.9027781
14.1853856	14.8355494	16.5200644
11.5552531	12.0848662	13.457055
10.1858224	10.6526713	11.86224
8.96051288	9.37120269	10.4352656
8.52334894	8.91400225	9.92615069
8.55652931	8.94870312	9.96479138
9.0494485	9.46421487	10.5388369
10.1713874	10.6375766	11.8454294
13.3047431	13.9145425	15.4944806
18.7917325	19.6530194	21.8845394
24.0872775	25.1912756	28.0516425
26.2447988	27.4476831	30.5642556
18.4479056	19.2934337	21.4841237
12.6851513	13.2665525	14.7729156
10.1112297	10.5746604	11.77537
9.55564719	9.99361456	11.1283481
9.23620381	9.65952937	10.75633
10.4271486	10.9050587	12.1432831
13.4759781	14.0936269	15.6939
14.0612775	14.7057531	16.3755288
11.9001869	12.4456106	13.8587581
10.8347632	11.3313538	12.6179844
