#?RADIANCE
genskyvec -m 1
NROWS=146
NCOLS=1
NCOMP=3
FORMAT=ascii

20.0934656	21.0144169	23.4005169
29.8548475	31.2231925	34.7684575
31.6630106	33.11423	36.8742156
32.7796369	34.2820356	38.1746206
33.0854175	34.6018306	38.5307281
31.1132525	32.5392756	36.233975
30.0424181	31.4193619	34.9869019
29.1082538	30.4423819	33.8989906
26.8530894	28.0838537	31.2726606
25.1419444	26.2942844	29.2798906
28.08685	29.3741638	32.7094787
26.6584588	27.8803031	31.0459969
29.5975925	30.9541488	34.4688656
31.9830525	33.4489419	37.2469306
34.8041356	36.3993256	40.5323194
40.6673225	42.5312413	47.3604888
48.0281213	50.2294081	55.9327525
52.9906912	55.4194288	61.7120787
59.3054456	62.0236081	69.0661356
59.7340963	62.4719081	69.565335
55.3580275	57.8952687	64.4690394
48.4785694	50.7005013	56.4573344
41.3886537	43.2856331	48.2005394
35.3926863	37.0148487	41.217735
32.1042406	33.5756837	37.3880669
29.3228088	30.6667712	34.1488575
28.1554788	29.4459369	32.7894006
28.0814463	29.3685112	32.7031844
27.1057306	28.3480744	31.5668831
27.8572025	29.1339912	32.4420363
28.5957425	29.9063794	33.3021263
18.7703912	19.6306994	21.859685
17.68266	18.4931156	20.5929331
19.6665888	20.5679731	22.9033831
19.0740925	19.9483219	22.2133725
18.72738	19.5857163	21.809595
17.3947637	18.1920219	20.2576512
18.2989662	19.1376706	21.3106731
18.3346475	19.1749831	21.3522256
17.658895	18.4682606	20.565255
16.21937	16.9627569	18.8888113
17.8021131	18.6180431	20.7320444
19.5352956	20.4306613	22.7504812
23.2580119	24.3240031	27.0858931
27.5707687	28.8344281	32.1084588
33.0483975	34.563115	38.4876175
42.8788713	44.8441506	49.9360188
52.5869631	54.9971975	61.2419037
62.6560206	65.5277525	72.9681606
62.6513013	65.5228175	72.9626656
54.7511694	57.2605987	63.7623044
44.02307	46.0407931	51.2685375
34.4634419	36.0430138	40.1355494
26.6772913	27.9000006	31.06793
23.3659788	24.4369194	27.2116325
20.6941556	21.6426369	24.1000688
19.3128088	20.1979781	22.4913737
17.4831406	18.2844519	20.3605756
17.5101525	18.3127019	20.3920344
17.2076062	17.9962888	20.0396944
17.9161231	18.7372775	20.8648175
12.2045681	12.7639431	14.2132369
11.8127856	12.3542044	13.7569731
11.881915	12.4265019	13.8374794
12.6059231	13.183695	14.68065
12.3765731	12.9438306	14.4135525
12.3116144	12.8758969	14.3379012
12.435515	13.0054744	14.4821931
13.1382406	13.7404094	15.3005775
13.8628688	14.4982506	16.1444669
16.7773056	17.5462669	19.5385713
20.6519831	21.59853	24.0509562
29.8596269	31.2281925	34.774025
44.87583	46.9326375	52.2616463
67.0143144	70.0858006	78.0437581
80.9882713	84.7002287	94.3175994
65.4102137	68.4081806	76.1756481
41.0084331	42.8879856	47.75774
29.5840531	30.9399894	34.4530988
20.6967112	21.6453119	24.1030481
16.4781556	17.2334025	19.1901869
14.2637325	14.9174869	16.6113069
13.0187025	13.6153919	15.1613644
11.9517744	12.4995625	13.9188375
12.146045	12.7027356	14.1450806
9.64417031	10.0861948	11.2314412
9.650003	10.0922941	11.2382325
9.48303762	9.91767694	11.0437894
9.59356913	10.0332735	11.1725106
9.82722506	10.2776399	11.4446231
9.896696	10.3502949	11.5255281
10.3389194	10.8127875	12.0405356
11.3425925	11.8624625	13.209395
12.9822119	13.57723	15.1188675
15.5650381	16.2784356	18.126785
20.5757113	21.5187669	23.9621319
30.0473675	31.4245375	34.992665
43.6104381	45.6092481	50.7879913
81.42953	85.16171	94.8314794
5802.31652101766	5807.63711601766	5821.42226001766
81.7817206	85.5300512	95.2416325
46.7629081	48.9062075	54.4593075
29.8001137	31.1659531	34.7047206
20.2218562	21.1486913	23.5500375
15.4200144	16.1267644	17.9578919
12.85427	13.4434231	14.96987
11.256275	11.7721862	13.1088706
10.3606755	10.8355394	12.0658712
10.0535417	10.5143297	11.7081887
8.97719413	9.38864863	10.45469
8.74574763	9.14659425	10.1851519
8.704141	9.10308056	10.1366975
8.93467506	9.3441805	10.405175
9.39462763	9.8252145	10.9408275
10.6963775	11.1866281	12.4568238
12.5976119	13.1750044	14.6709719
17.5224412	18.3255513	20.406345
24.5049438	25.6280856	28.5380487
42.4085888	44.3523163	49.38834
1905.62100539813	1908.44312409813	1915.75498729813
1916.99257967871	1920.35678087871	1929.07313467871
44.7202419	46.7699181	52.0804519
24.1155425	25.2208362	28.0845581
16.6071338	17.3682963	19.3403931
12.5285325	13.1027544	14.5905187
10.4715765	10.9515231	12.1950256
9.47698019	9.91134119	11.0367344
9.18072869	9.60151169	10.6917238
9.07389713	9.48978375	10.5673094
9.32092612	9.74813569	10.8549956
10.4026279	10.8794144	12.1147281
12.93089	13.5235575	15.0591019
19.3502856	20.2371719	22.5350206
30.2863631	31.6744856	35.2709969
36.8466063	38.5354063	42.910945
30.3734563	31.7655725	35.3724212
18.7535469	19.6130819	21.8400669
12.4580931	13.0290894	14.5084894
10.3625812	10.8375331	12.0680887
10.8758934	11.3743725	12.6658869
11.0794881	11.5872969	12.9029862
13.58739	14.2101444	15.8236469
18.9026794	19.7690494	22.0137475
17.5797231	18.3854613	20.4730531
13.5676175	14.1894669	15.8006231
13.5506694	14.1717419	15.7808856
