#?RADIANCE
genskyvec -m 1
NROWS=146
NCOLS=1
NCOMP=3
FORMAT=ascii

1.05071319	1.09887094	1.22364319
12.0105425	12.5610231	13.9872775
12.0497381	12.6020169	14.032925
12.3192648	12.8838989	14.3468119
13.2701572	13.8783725	15.4542037
15.7573381	16.4795481	18.3507344
19.7884575	20.6954281	23.0453087
26.6138844	27.8336869	30.9940887
43.489245	45.4824987	50.64685
210.688585251231	213.984447151231	222.523734651231
494.360617418823	498.490187418823	509.189565318823
68.0242487	71.1420262	79.2199144
37.0765719	38.775915	43.1787613
24.1071281	25.2120375	28.07476
18.1834006	19.0168038	21.1760862
14.5804831	15.248755	16.9801888
13.4600412	14.0769587	15.6753419
11.9062381	12.4519402	13.8658069
12.1412886	12.6977626	14.1395413
11.8752289	12.4195094	13.8296931
11.5806287	12.1114067	13.4866068
12.0061831	12.5564656	13.9822006
11.3752344	11.896599	13.247409
11.4840332	12.0103861	13.3741145
11.5677587	12.0979469	13.4716194
10.9342881	11.4354437	12.7338912
11.3583424	11.8789317	13.2277356
11.0408986	11.5469387	12.8580461
11.6097343	12.1418459	13.5205019
11.3384226	11.8580978	13.2045372
11.7336567	12.2714497	13.6648225
10.8934793	11.3927631	12.6863637
10.6283916	11.115525	12.3776487
11.6322578	12.1654025	13.546735
12.3898919	12.9577619	14.4290613
14.5030044	15.1677244	16.8899575
17.4906969	18.2923525	20.369375
24.0094594	25.10989	27.9610163
36.80007	38.4867412	42.8567506
60.382855	63.1504	70.3208706
222.127730661751	224.821182561751	231.799680661751
48.6158694	50.8440969	56.6172356
32.2845544	33.7642619	37.5980563
23.1186131	24.1782163	26.9235538
16.7815088	17.5506594	19.5434669
13.7191375	14.3479294	15.9770787
11.986915	12.5363169	13.9597637
11.9401842	12.4874419	13.9053388
10.7297403	11.2215198	12.4956787
10.5475986	11.0310289	12.2835581
10.1648152	10.6307016	11.837775
10.1882754	10.6552368	11.8650963
10.318954	10.7919056	12.0172819
9.82892881	10.2794201	11.4466056
10.3347437	10.8084179	12.03567
10.4926496	10.9735643	12.2195663
10.5915624	11.0770088	12.3347594
10.2531533	10.7230893	11.9406519
10.4331386	10.9113233	12.1502594
10.3473831	10.8216383	12.0503894
10.6382807	11.1258664	12.3891644
7.7798695	8.13644662	9.06030675
7.66117681	8.01231381	8.92207944
8.15175719	8.52537906	9.49340106
9.90350838	10.3574183	11.5334608
12.37757	12.9448754	14.4147137
17.4575438	18.2576819	20.3307644
24.8386012	25.9770369	28.9266244
31.4566862	32.89845	36.6339344
24.5207888	25.6446594	28.5565056
18.1906513	19.0243894	21.1845294
13.3045079	13.9142969	15.4942069
10.3216279	10.7947012	12.0203961
8.81493237	9.21894931	10.2657236
7.96036556	8.3252155	9.27050913
7.8087175	8.16661688	9.09390281
7.73331837	8.08776181	9.00609394
7.40992919	7.749551	8.62948044
7.77353594	8.12982275	9.05293094
7.46229294	7.80431437	8.69046237
7.11963463	7.44595106	8.29140856
7.44170869	7.78278669	8.66649069
7.5348585	7.88020569	8.77497075
7.26052575	7.5932995	8.45548762
7.61760825	7.96674844	8.87134006
5.68595256	5.94655869	6.62176594
5.93303606	6.20496663	6.90951519
6.17447438	6.457471	7.19069025
6.84516244	7.15889881	7.97176256
8.47573556	8.864207	9.87070156
9.89489969	10.3484157	11.5234361
12.2566656	12.8184294	14.2739094
14.0541569	14.6983062	16.3672394
12.359559	12.926039	14.3937394
10.5372536	11.0202105	12.2715119
8.37994706	8.76402756	9.75914706
6.83472081	7.14797869	7.95960256
6.40003581	6.69337044	7.45337531
6.08064969	6.359346	7.08142356
5.88652675	6.15632569	6.85535106
5.61167163	5.868873	6.53525963
5.53314594	5.78674825	6.44380975
5.52967531	5.78311875	6.43976813
5.62148537	5.87913644	6.54668837
5.57450969	5.83000794	6.49198144
5.61686356	5.87430306	6.54130594
5.6904205	5.95123131	6.62696912
5.60804031	5.86507531	6.53103063
5.80170169	6.06761275	6.75656531
4.48938275	4.69514594	5.22826063
4.7215275	4.93793056	5.49861238
4.98369663	5.212116	5.80393044
5.84755275	6.1155655	6.80996287
6.80624625	7.11819919	7.92644113
7.40229294	7.7415645	8.62058706
7.38473375	7.72320069	8.60013862
6.388009	6.68079263	7.43936925
5.57002325	5.82531587	6.48675669
5.02016837	5.25025906	5.84640475
4.54108762	4.7492205	5.288475
4.53975619	4.74782806	5.2869245
4.48937756	4.69514044	5.22825444
4.37273463	4.57315156	5.09241425
4.26611075	4.46164063	4.96824169
4.29879919	4.49582744	5.00631025
4.4110965	4.6132715	5.13708963
4.43579688	4.639104	5.16585525
3.85211425	4.02866944	4.48610844
3.93112844	4.111305	4.57812675
4.47420025	4.67926756	5.21057919
5.06768331	5.29995194	5.90173981
4.841777	5.06369162	5.63865312
4.37312569	4.57356075	5.09286969
4.06238213	4.24857444	4.73098281
3.81834019	3.99334731	4.44677556
3.73411962	3.90526662	4.34869375
3.65180806	3.81918231	4.25283494
3.72628281	3.89707056	4.33956688
3.6609965	3.82879213	4.26353581
3.41655669	3.57314881	3.97886531
3.56244344	3.72572188	4.14876256
3.65882969	3.82652594	4.26101244
3.56924512	3.73283538	4.15668344
3.32167319	3.47391638	3.86836525
3.32815425	3.4806945	3.875913
3.3361495	3.48905644	3.88522444
