#?RADIANCE
genskyvec -m 1
NROWS=146
NCOLS=1
NCOMP=3
FORMAT=ascii

0.283997706	0.297014262	0.330739
2.57078363	2.688611	2.99389187
2.61406438	2.7338755	3.044296
2.74795013	2.87389775	3.20021706
3.08809231	3.22962981	3.59634113
3.92394019	4.10378738	4.56975556
5.22460825	5.46406931	6.08449188
7.12747369	7.45414937	8.30053744
18.6841474070608	19.2006307070608	20.5387953070608
32.1550057684972	32.8964694684972	34.8175388684972
30.4185232792555	31.1536388792555	33.0582607792555
11.2496243	11.7652314	13.1011231
6.8763665	7.19153306	8.00810238
4.77940194	4.99845775	5.56601194
3.77258088	3.94549069	4.39348512
3.05642413	3.19651006	3.55946069
2.83686863	2.96689169	3.30377
2.46352356	2.576435	2.8689785
2.55020825	2.66709263	2.96993013
2.5273925	2.64323131	2.9433595
2.454985	2.56750494	2.85903475
2.61806544	2.73806	3.04895556
2.50455369	2.61934563	2.91676156
2.591831	2.71062319	3.01840344
2.611082	2.7307565	3.04082281
2.467405	2.58049412	2.87349869
2.53282906	2.64891694	2.9496905
2.43307	2.54458563	2.83351288
2.5396185	2.65601756	2.95759763
2.45252712	2.56493456	2.85617225
2.52443769	2.64014106	2.93991819
2.71327769	2.83763594	3.159838
2.76913631	2.89605494	3.22489019
3.00047313	3.13799481	3.49430138
3.35269913	3.50636444	3.90449787
4.11883319	4.30761313	4.79672494
5.13630912	5.37172313	5.98166038
6.81757869	7.13005094	7.93963888
9.625025	10.0661727	11.2091459
12.6364056	13.2155757	14.7161494
10.7000304	11.1904477	12.4610775
8.9304255	9.33973531	10.4002234
6.61924144	6.922623	7.70865844
5.09065988	5.32398169	5.928498
3.94978256	4.13081419	4.59985131
3.35682031	3.51067444	3.909297
2.97014312	3.10627456	3.45897938
2.84917669	2.97976394	3.31810394
2.67245444	2.794942	3.11229625
2.63998875	2.76098831	3.07448725
2.61794512	2.73793425	3.04881537
2.638419	2.75934638	3.07265894
2.68170375	2.80461506	3.12306775
2.66032213	2.78225363	3.09816706
2.71642981	2.84093287	3.16350919
2.74026125	2.86585644	3.19126269
2.73563613	2.86101938	3.18587637
2.67914044	2.80193425	3.12008262
2.66456	2.78668575	3.10310244
2.63911525	2.76007456	3.07346969
2.66662006	2.78883994	3.10550137
2.35203081	2.459832	2.73913581
2.38602731	2.49538694	2.77872781
2.60213425	2.72139869	3.03040244
3.18101738	3.32681388	3.70456
4.00717769	4.19083987	4.66669256
5.32834231	5.57255781	6.20529894
6.64580344	6.95040269	7.73959206
7.14921181	7.47688388	8.32585356
5.74525031	6.00857419	6.690823
4.54934544	4.75785694	5.29809194
3.60106937	3.76611837	4.19374569
2.92968513	3.063962	3.41186244
2.56572281	2.68331844	2.98799806
2.36434094	2.47270669	2.75347231
2.31272213	2.41872156	2.6933575
2.30613019	2.41182787	2.68568087
2.27961288	2.38409512	2.65479925
2.36420944	2.47256913	2.753319
2.33409356	2.44107288	2.71824681
2.276861	2.38121706	2.65159456
2.32251894	2.42896763	2.70476694
2.32043538	2.42678856	2.70234056
2.25009506	2.35322437	2.62042337
2.29619781	2.40144006	2.67411369
1.97547756	2.06602025	2.30060831
2.06819119	2.16298325	2.40858125
2.2116755	2.31304381	2.5756805
2.46120381	2.57400887	2.86627694
3.00129838	3.13885775	3.49526219
3.40009081	3.55592819	3.95968925
3.87112519	4.04855163	4.50824812
4.10158313	4.28957231	4.77663544
3.61167794	3.77721294	4.2061
3.17659338	3.32218713	3.69940788
2.66798962	2.79027244	3.10709656
2.27990981	2.3844055	2.65514513
2.14509562	2.24341238	2.49814281
2.03735313	2.13073181	2.37266756
1.98239681	2.07325662	2.30866638
1.92998575	2.01844344	2.24762931
1.92717269	2.01550131	2.24435337
1.94177088	2.03076856	2.26135406
1.97478619	2.065297	2.29980319
1.96830381	2.05851788	2.29225412
1.97178663	2.06216031	2.29631006
1.97271462	2.0631305	2.29739063
1.94414144	2.03324788	2.26411494
1.98052812	2.07130238	2.30649044
1.72406712	1.80308669	2.00781988
1.821244	1.90471756	2.12099038
1.94953769	2.03889137	2.27039912
2.24865662	2.35172006	2.61874831
2.52587425	2.6416435	2.94159125
2.62570437	2.74604906	3.05785163
2.56202619	2.67945213	2.983693
2.25997444	2.36355644	2.63192863
2.02614588	2.11901088	2.35961581
1.85307194	1.93800438	2.15805681
1.72098619	1.79986469	2.00423188
1.70878169	1.78710094	1.99001881
1.70132806	1.77930575	1.98133856
1.68608587	1.76336469	1.96358756
1.66511738	1.74143531	1.93916794
1.67136856	1.74797288	1.946448
1.69203444	1.76958588	1.97051519
1.6962025	1.773945	1.97536919
1.5843385	1.656954	1.84509437
1.6414825	1.71671713	1.91164338
1.83760456	1.92182787	2.14004369
2.01100756	2.10317869	2.34198588
1.92009488	2.00809925	2.23611069
1.75178544	1.83207562	2.04010038
1.63728119	1.712323	1.90675019
1.55733788	1.62871581	1.81364969
1.53024194	1.60037794	1.78209437
1.51387731	1.58326331	1.76303637
1.5331585	1.60342819	1.78549088
1.52085975	1.59056569	1.77116787
1.48199075	1.54991544	1.725902
1.54599331	1.61685125	1.80043806
1.57279469	1.644881	1.83165056
1.52523631	1.59514294	1.776265
1.44296925	1.50910531	1.68045819
1.44257044	1.50868825	1.67999362
1.46459425	1.53172137	1.70564213
