#?RADIANCE
genskyvec -m 1
NROWS=146
NCOLS=1
NCOMP=3
FORMAT=ascii

0.759518756	0.794330025	0.884522944
4.49119369	4.69704	5.23036956
4.21946281	4.41285469	4.91391631
4.09719188	4.28497988	4.77152181
4.05584594	4.24173862	4.72337088
4.19879237	4.391237	4.88984381
4.12301387	4.31198544	4.8015935
4.10759337	4.295858	4.78363494
4.13916969	4.3288815	4.82040819
4.37191013	4.57228931	5.091454
4.00995681	4.19374612	4.66992894
4.32542806	4.52367669	5.03732169
4.168855	4.35992737	4.85497919
4.21914506	4.41252244	4.91354638
4.354546	4.55412925	5.07123194
4.40268506	4.60447462	5.127294
4.92309125	5.14873275	5.73335037
5.01138431	5.24107269	5.83617512
6.39508075	6.68818838	7.44760494
8.91354587	9.322083	10.3805685
12.3072411	12.8713225	14.3328085
20.8104225	21.7642338	24.2354738
67.1014258593584	68.4825177593584	72.0608065593584
67.683731151802	69.138002451802	72.905889351802
20.6258175	21.571165	24.0204831
11.8729146	12.4170887	13.8269981
8.24463494	8.62251344	9.6015645
6.18247131	6.46583438	7.20000344
5.42384969	5.67244287	6.3165255
4.79042638	5.00998737	5.57885088
4.60408263	4.81510294	5.36183813
4.84779281	5.06998344	5.64565925
4.720209	4.93655156	5.49707681
4.65925675	4.87280594	5.42609306
4.61142612	4.82278287	5.37039037
4.56265575	4.77177738	5.31359325
4.5305425	4.73819219	5.27619456
4.53387625	4.74167887	5.28007706
4.54426769	4.75254656	5.29217894
4.55757763	4.76646669	5.30767956
4.554207	4.76294131	5.30375381
4.60047225	4.81132719	5.35763369
4.64997319	4.86309687	5.41528169
4.73966181	4.956896	5.51973125
4.82795894	5.04924025	5.62256081
4.98942719	5.21810913	5.81060394
5.335304	5.57983869	6.21340644
5.86739544	6.13631756	6.83307125
6.8837705	7.1992765	8.01672487
8.9269395	9.33609112	10.3961662
11.7995074	12.3403192	13.7415113
16.4909525	17.2467881	19.2050888
40.0824959573172	41.1109153573172	43.7754615573172
21.1846831	22.1556469	24.67133
17.3044962	18.0976175	20.15253
12.2206275	12.7807406	14.2319394
9.15959813	9.57941256	10.6671149
6.95635481	7.27518763	8.10125544
5.87785706	6.14725844	6.84525481
5.30735619	5.55060994	6.18085888
5.02750037	5.25792737	5.85494356
4.54840531	4.75687375	5.29699738
4.41883794	4.62136775	5.14610525
4.34244113	4.54146963	5.05713475
4.34815712	4.5474475	5.06379156
4.31607969	4.51389994	5.02643475
4.31176569	4.509388	5.0214105
4.31499869	4.51276937	5.02517581
4.34637319	4.54558181	5.06171387
4.32859588	4.52698963	5.04101075
4.42232281	4.62501256	5.15016356
4.49922369	4.70543813	5.23972112
4.71214688	4.92812019	5.487688
5.03027231	5.26082644	5.85817162
5.59350381	5.84987244	6.5141015
6.88238906	7.19783169	8.01511606
9.01628387	9.42953063	10.5002144
11.84237	12.385145	13.7914275
14.7588612	15.4353106	17.1879262
12.6765541	13.2575644	14.7629056
9.458423	9.89193306	11.0151218
7.4563855	7.79813612	8.68358256
6.07345669	6.35182319	7.07304669
5.12443981	5.35930987	5.96783744
4.78318806	5.00241738	5.5704215
4.20670975	4.39951706	4.89906425
4.1241555	4.31317931	4.80292306
4.0281385	4.21276169	4.69110344
4.01483956	4.19885281	4.67561544
4.01145806	4.19531656	4.6716775
3.99430412	4.17737631	4.65170031
3.98606844	4.16876312	4.64210906
4.02287938	4.20726125	4.68497838
4.039407	4.22454619	4.70422606
4.10340638	4.29147919	4.778759
4.17853469	4.37005075	4.86625194
4.2856565	4.48208219	4.99100425
4.50994775	4.71665344	5.25221031
5.0414015	5.27246556	5.87113263
5.80092562	6.06680131	6.75566175
6.55804087	6.85861756	7.63738556
7.73693294	8.09154212	9.01030337
8.46946469	8.857648	9.86339713
8.40111444	8.78616556	9.78379763
7.26358637	7.59650031	8.45905219
6.16575488	6.44835187	7.18053569
5.23861231	5.47871506	6.10080069
4.69520769	4.91040463	5.467961
4.4524	4.65646825	5.18519119
3.95842106	4.13984856	4.60991137
3.84907113	4.02548663	4.48256425
3.773098	3.94603163	4.39408744
3.76836313	3.94107969	4.38857312
3.76338419	3.93587237	4.38277456
3.76461887	3.93716388	4.38421262
3.80613663	3.98058444	4.4325635
3.89398112	4.07245494	4.53486575
3.98832494	4.17112313	4.64473713
4.23187562	4.4258365	4.92837206
4.47207763	4.67704763	5.20810737
5.11688475	5.3514085	5.95903913
5.77356494	6.03818638	6.723798
5.947928	6.22054137	6.92685838
5.50587956	5.75823225	6.41205613
4.93615744	5.16239781	5.74856694
4.49184287	4.69771894	5.23112544
4.14779925	4.33790663	4.83045831
3.77789681	3.95105019	4.39967594
3.65121187	3.81855887	4.25214063
3.6198995	3.78581162	4.215675
3.6308845	3.7973	4.22846763
3.6509035	3.81823644	4.25178162
3.75660175	3.92877913	4.374876
3.95318594	4.13437369	4.603815
4.19980331	4.39229425	4.89102119
4.60123338	4.81212306	5.35851987
4.58096063	4.79092119	5.33491069
4.33542563	4.53413237	5.04896475
3.94614894	4.12701375	4.59561944
3.6860275	3.85497038	4.2926865
3.58903275	3.75352987	4.17972787
3.61112788	3.77663787	4.20545963
3.74657037	3.91828812	4.36319362
3.89461044	4.07311325	4.53559863
3.89370969	4.07217125	4.53454963
3.67161587	3.83989831	4.27590319
