#?RADIANCE
genskyvec -m 1
NROWS=146
NCOLS=1
NCOMP=3
FORMAT=ascii

18.2204231	19.055525	21.2192019
34.0838206	35.6459944	39.6934519
34.9524475	36.5544325	40.70504
35.6099744	37.2420956	41.4707869
36.078025	37.7315994	42.0158681
35.3886312	37.01061	41.2130119
34.6248594	36.21183	40.3235325
34.4164344	35.9938525	40.0808094
32.7715975	34.2736262	38.1652569
32.2074494	33.6836219	37.50826
33.8021125	35.3513763	39.3653819
33.3837869	34.9138756	38.8782031
35.1242844	36.7341469	40.9051588
37.1541875	38.8570862	43.2691487
40.0738838	41.9106012	46.6693756
45.8878388	47.9910306	53.4402163
56.0292106	58.5972138	65.2506881
62.1770512	65.02683	72.4103606
76.9313987	80.4574212	89.5930312
85.7299937	89.6592831	99.8397125
80.6175806	84.3125506	93.885895
74.7510619	78.1771512	87.053845
60.6232387	63.4018025	70.6008156
51.7446919	54.1163213	60.2610081
44.7020012	46.7508406	52.0592075
38.3306888	40.0875106	44.6392837
36.1479994	37.8047831	42.0973619
34.3717194	35.9470894	40.0287331
33.360895	34.8899337	38.8515431
32.8986044	34.4064575	38.3131694
33.19752	34.7190719	38.6612813
24.55986	25.6855187	28.6020031
23.1455319	24.2063694	26.9549025
25.2312981	26.3877325	29.3839506
24.7395719	25.8734675	28.8112931
24.5959725	25.7232875	28.6440619
23.3643931	24.4352594	27.2097863
24.6993519	25.831405	28.7644537
25.0478725	26.1958994	29.1703375
24.3628463	25.4794775	28.3725656
22.2400206	23.2593525	25.9003581
23.8274113	24.9194987	27.7490075
25.3237375	26.4844087	29.4916044
29.2018356	30.5402519	34.0079737
33.4119919	34.9433737	38.9110506
39.3580713	41.1619806	45.8357531
51.3537056	53.707415	59.8056744
66.1168494	69.1472019	76.9985825
85.5710694	89.4930737	99.6546425
99.2319344	103.780058	115.563856
95.47122	99.84698	111.1842
78.4410194	82.0362306	91.3511094
59.4921937	62.2189181	69.2836213
44.2068181	46.2329631	51.4825269
36.6650487	38.3455281	42.6995062
31.4253631	32.8656906	36.597455
28.5605456	29.8695706	33.2611375
25.2757456	26.4342156	29.4357138
24.5708544	25.6970175	28.6148081
23.610165	24.6922969	27.4960063
24.004815	25.1050363	27.9556087
16.6479112	17.4109394	19.3878806
16.0211613	16.7554631	18.6579781
16.0632325	16.7994625	18.7069719
17.0815881	17.8644931	19.892935
16.9356544	17.7118719	19.7229813
16.9592925	17.7365944	19.7505125
17.0381338	17.8190488	19.8423288
17.6265175	18.4343994	20.5275494
17.8285181	18.6456563	20.762795
20.5746031	21.5176037	23.9608406
24.0899075	25.1940281	28.0547075
33.2136719	34.7359637	38.6800906
48.4475738	50.6680869	56.42124
74.4349988	77.8466019	86.68577
112.360721	117.510585	130.853437
1592.93390484511	1598.27097784511	1612.09884584511
74.5232237	77.9388694	86.7885081
51.4811613	53.8407119	59.9541044
33.3642037	34.893395	38.8553969
25.2038712	26.3590487	29.3520106
21.1207987	22.0888325	24.5969281
18.8603125	19.7247425	21.9644075
16.897855	17.6723381	19.6789606
16.8716331	17.6449144	19.6484225
13.0627206	13.6614269	15.2126269
13.0068806	13.6030294	15.1475975
12.7144075	13.2971506	14.8069881
12.8702525	13.4601394	14.9884825
13.1681556	13.7716975	15.3354169
13.1714094	13.7750975	15.339205
13.4256062	14.0409481	15.63524
14.2892281	14.9441506	16.6409956
15.5271725	16.2388344	18.0826875
17.7815219	18.5965075	20.7080656
22.0768862	23.0887425	25.7103756
29.8720925	31.2412288	34.7885431
41.3842469	43.2810231	48.1954037
73.0976588	76.4479644	85.1283113
3131.92944717048	3137.66141917048	3152.51248017048
4156.04754650789	4162.02994650789	4177.52987250789
77.985445	81.5597706	90.8205494
48.4830019	50.7051388	56.4624988
31.3902506	32.8289675	36.5565644
22.8191538	23.8650306	26.5748069
18.4328569	19.2776963	21.4665994
15.7998706	16.5240281	18.4002656
14.3174231	14.9736394	16.6738344
13.8060519	14.4388275	16.0782975
11.7472044	12.2856169	13.6805981
11.3893856	11.9113988	13.2638881
11.2094094	11.7231744	13.0542919
11.4321544	11.9561275	13.3136969
11.7755219	12.3152319	13.7135762
12.7218775	13.3049656	14.8156875
14.2982944	14.9536325	16.6515563
18.4193019	19.2635213	21.4508144
24.0992294	25.2037769	28.0655644
38.0674819	39.8122406	44.3327581
53.4259638	55.8746512	62.21899
77.61387	81.1711725	90.3878213
62.3756075	65.2344869	72.6415956
34.3879694	35.9640831	40.0476581
23.01046	24.0651062	26.7976006
16.909505	17.6845238	19.6925294
13.9635956	14.6035925	16.2617712
12.4963175	13.0690638	14.5530044
11.491425	12.0181169	13.3827244
11.1055912	11.6145975	12.9333869
11.2217925	11.7361262	13.0687138
12.075935	12.6294163	14.0634319
14.1078663	14.7544775	16.4297869
19.4972831	20.3909081	22.7062106
28.7471019	30.0646762	33.4783981
36.4650825	38.1363969	42.4666269
35.9105637	37.5564638	41.8208444
23.6807431	24.7661094	27.5782
15.9314044	16.6615931	18.5534506
12.9529631	13.5466394	15.0848056
12.8151213	13.4024806	14.9242781
12.63507	13.2141769	14.7145925
14.7332019	15.4084725	17.1580419
19.6724994	20.5741556	22.9102681
19.7054562	20.6086213	22.9486475
16.0053063	16.7388831	18.6395144
15.1228687	15.8159994	17.61184
