#?RADIANCE
genskyvec -m 1
NROWS=146
NCOLS=1
NCOMP=3
FORMAT=ascii

21.333275	22.3110494	24.8443769
32.0739881	33.5440438	37.3528331
31.2829981	32.7168	36.4316594
30.8777362	32.2929631	35.9596963
30.0997813	31.4793525	35.053705
28.3230537	29.6211919	32.9845563
28.5347925	29.8426356	33.231145
29.5830869	30.9389775	34.4519725
31.2378825	32.6696194	36.3791194
33.9011494	35.4549513	39.4807156
41.3747006	43.2710388	48.1842887
46.8056288	48.9508856	54.5090588
54.4316531	56.9264363	63.3902006
59.4348069	62.1589006	69.2167894
60.7488775	63.5331981	70.7471331
57.2683631	59.8931613	66.6937831
51.7703525	54.1431594	60.2908906
45.4618894	47.5455587	52.9441619
39.3544762	41.1582206	45.83157
33.6952531	35.2396162	39.2409312
32.3536406	33.836515	37.6785125
29.2180906	30.5572519	34.0269038
29.0431919	30.3743369	33.8232188
27.6841	28.9529538	32.2404431
29.3532944	30.6986537	34.1843587
31.0840806	32.5087687	36.2000056
32.7152712	34.2147206	38.0996619
34.1392562	35.7039712	39.7580106
33.1095894	34.6271094	38.5588775
33.2377737	34.76117	38.7081588
32.3140438	33.7951025	37.6323975
20.0732944	20.99332	23.3770237
18.0776919	18.9062519	21.0529794
19.3014019	20.1860469	22.4780912
18.472335	19.3189831	21.5125737
18.695715	19.5526006	21.7727181
18.7938044	19.6551856	21.8869512
21.1383362	22.1071769	24.617355
24.0353319	25.1369506	27.9911494
27.9851931	29.2678456	32.59109
32.0635525	33.5331306	37.3406819
40.999605	42.8787531	47.7474594
51.4500294	53.808155	59.9178506
60.3736644	63.1407894	70.3101681
64.8388281	67.8106069	75.5102225
60.0833819	62.8372019	69.9721088
48.7299925	50.9634494	56.75014
40.8097738	42.6802219	47.5263862
31.5048144	32.9487844	36.6899831
25.8814138	27.0676444	30.1410638
22.0098	23.0185819	25.6322494
20.0867925	21.0074381	23.3927444
19.0716681	19.9457856	22.2105488
17.4362694	18.2354313	20.3059919
18.8097869	19.6719013	21.9055669
19.4157562	20.3056431	22.6112656
20.1978619	21.1235969	23.5220937
19.5800387	20.4774562	22.8025875
20.3723281	21.3060581	23.7252744
19.8439281	20.7534406	23.1099094
20.1104981	21.0322288	23.4203531
13.04472	13.6426038	15.1916638
12.51133	13.084765	14.5704875
12.635305	13.2144225	14.7148669
13.7944919	14.4267369	16.0648331
14.9807556	15.6673725	17.4463394
17.4126056	18.2106819	20.2784313
21.4944094	22.4795719	25.0320331
28.9243087	30.2500056	33.6847694
39.5236594	41.33516	46.0285956
59.6901725	62.4259694	69.5141838
79.0655531	82.6893925	92.0784275
71.2399594	74.5051231	82.9648738
50.2843719	52.5890725	58.5603444
34.8511938	36.44854	40.5871219
24.5782306	25.7047319	28.6233994
19.2558319	20.1383906	22.4250219
15.5470806	16.2596544	18.1058706
14.5824806	15.250845	16.9825162
13.3173975	13.9277788	15.5092206
12.6175319	13.1958344	14.6941687
13.0874819	13.6873225	15.241465
13.2832481	13.8920631	15.46945
12.7814906	13.3673106	14.8851125
13.2628613	13.8707412	15.4457081
10.3725841	10.8479944	12.07974
10.6086613	11.0948912	12.35467
10.939905	11.441315	12.7404306
11.6798975	12.215225	13.6022138
13.5424144	14.1631075	15.7712706
15.4060119	16.1121206	17.9415856
20.4452144	21.3822869	23.8101575
28.858895	30.1815931	33.60859
45.5326769	47.6195881	53.0265988
73.1188775	76.4701581	85.1530356
4383.94600981321	4389.32765381321	4403.27098481321
2855.77706809725	2860.11079429725	2871.33910709725
60.827785	63.6157206	70.8390263
35.1730625	36.7851594	40.961965
23.7968569	24.8875456	27.7134225
18.3204175	19.1601019	21.3356544
14.6419925	15.313085	17.0518225
12.666835	13.2473988	14.7515837
11.5008438	12.0279656	13.3936919
10.85244	11.349845	12.6385725
10.6243597	11.1113087	12.3729512
10.5903091	11.0756981	12.3332988
10.4208114	10.8984313	12.135905
10.5524589	11.0361137	12.2892187
9.61712113	10.0579056	11.1999394
10.1182315	10.5819837	11.7835238
11.130715	11.6408731	12.9626456
13.1372194	13.7393406	15.2993869
16.5348931	17.2927394	19.2562606
25.9723712	27.1627713	30.2469931
40.7901525	42.6597006	47.5035344
80.3397581	84.0219944	93.5623413
2803.66620695902	2807.65542755902	2817.99113645902
51.9549356	54.3362006	60.5058544
30.7692906	32.1795494	35.833405
20.361445	21.2946769	23.7126
14.8325481	15.5123725	17.2737375
11.8021137	12.3430431	13.7445462
10.5334831	11.0162688	12.2671206
9.79428894	10.2431925	11.4062662
9.520085	9.95642187	11.0869338
9.47706769	9.91143275	11.0368344
10.0603309	10.5214294	11.7160931
11.3729206	11.8941788	13.2447144
14.164725	14.8139419	16.4960056
20.519715	21.4602	23.8969194
30.2919188	31.6802975	35.2774631
41.4914144	43.3931038	48.3202131
34.8732931	36.4716488	40.6128581
23.0300819	24.0856269	26.8204525
15.1623019	15.8572406	17.6577656
11.8528175	12.3960713	13.8035938
10.0553761	10.5162481	11.710325
9.91747194	10.3720226	11.5497219
11.9543919	12.5023019	13.9218869
14.81946	15.498685	17.2584962
20.4817575	21.4205038	23.8527131
23.0663931	24.1236025	26.86274
15.1715387	15.8669006	17.6685213
12.1158544	12.671165	14.1099225
15.37545	16.0801594	17.905995
