#?RADIANCE
genskyvec -m 1
NROWS=146
NCOLS=1
NCOMP=3
FORMAT=ascii

15.5779506	16.2919387	18.1418212
27.5771419	28.8410938	32.1158806
26.3186625	27.524935	30.6502769
25.9880981	27.1792194	30.2653094
25.7729531	26.9542131	30.0147531
25.4108931	26.5755569	29.5931038
27.2209594	28.4685881	31.7010794
29.9351506	31.3071775	34.8619806
34.6310862	36.2183431	40.3307887
41.2117881	43.1006613	47.9945637
52.5724069	54.9819738	61.2249519
63.8648288	66.7919637	74.37592
69.8353644	73.03615	81.3291056
66.8433225	69.9069725	77.8446231
58.0918994	60.7544431	67.65286
47.5071325	49.6845412	55.326015
38.993715	40.7809275	45.4114338
33.9914325	35.5493706	39.5858569
29.0140719	30.343885	33.7893087
25.843495	27.0279875	30.096905
26.2104769	27.4117912	30.5242862
24.9042556	26.0457019	29.0030831
26.0523356	27.2464013	30.3401187
25.7720219	26.95324	30.0136681
28.3321762	29.6307325	32.9951806
30.2228912	31.6081056	35.1970763
31.7632344	33.2190475	36.9909344
32.4972369	33.9866919	37.8457406
30.7766187	32.1872144	35.8419394
30.0216119	31.3976013	34.96267
28.3359894	29.63472	32.9996213
17.3452125	18.1402019	20.1999469
15.5128287	16.2238325	18.0659819
16.6236063	17.3855194	19.3595763
16.3383113	17.0871513	19.0273275
17.4580644	18.2582269	20.3313738
18.711395	19.5690019	21.7909794
22.3619669	23.38689	26.042375
27.7558244	29.027965	32.3239725
36.2886631	37.9518919	42.261175
47.2602175	49.4263094	55.0384644
65.0884056	68.0716231	75.8008769
79.1840269	82.8132931	92.216405
74.1874175	77.5876712	86.3974344
58.4913313	61.1721813	68.1180331
43.6640625	45.6653319	50.8504437
31.4713469	32.9137819	36.6510069
26.7462187	27.9720856	31.1482006
20.6485475	21.5949375	24.0469538
17.9999981	18.8249975	20.9624988
16.1088394	16.84716	18.760085
15.755495	16.4776206	18.3485881
16.0907406	16.8282325	18.7390088
15.4486881	16.1567525	17.9912863
17.564965	18.370025	20.4558644
18.5318069	19.3811813	21.581835
19.3575087	20.2447256	22.5434319
18.4865469	19.3338475	21.5291275
18.85295	19.7170438	21.9558325
17.9007987	18.7212519	20.8469731
17.7329125	18.5456719	20.6514563
11.3029356	11.8209863	13.1632119
10.8594503	11.3571756	12.6467356
11.2000275	11.7133619	13.043365
12.8279438	13.41589	14.9392112
14.9911387	15.6782306	17.4584306
19.2796181	20.1632675	22.4527244
27.1105269	28.3530919	31.5724706
43.1708256	45.1494863	50.2760281
68.4420562	71.5789806	79.7064856
2060.21804692076	2064.80412692076	2076.68624492076
79.6437225	83.2940588	92.7517588
43.3016769	45.2863369	50.428415
27.0529675	28.2928938	31.5054381
19.1495188	20.0272069	22.3012125
14.9689312	15.6550081	17.4325688
12.895385	13.4864238	15.0177512
11.4554344	11.9804731	13.3408069
11.6805625	12.2159213	13.6029894
11.4126279	11.9357069	13.2909575
11.1463278	11.6572019	12.9808288
11.906605	12.4523237	13.866235
12.0967244	12.6511569	14.0876438
11.4042713	11.9269675	13.2812262
11.6669981	12.2017331	13.5871913
8.91038644	9.31877925	10.3768882
9.19729319	9.61883563	10.7110156
9.73259844	10.1786751	11.3344231
10.7613012	11.2545262	12.5324325
13.4055056	14.019925	15.61183
16.2260675	16.9697631	18.8966112
24.3530819	25.469265	28.3611944
39.0269063	40.8156369	45.450085
69.38141	72.5613875	80.800435
4517.28247304445	4522.04423404445	4534.38158704445
1751.33429899707	1754.40303459707	1762.35386779707
37.0726231	38.7717844	43.1741619
25.6692975	26.8458069	29.8940381
17.1879031	17.9756806	20.0167456
13.2253794	13.8315425	15.4020569
11.1535713	11.6647756	12.9892631
9.849328	10.3007541	11.4703638
9.25371369	9.67784225	10.7767206
9.09793781	9.51492644	10.595309
9.01264487	9.42572375	10.4959748
9.09908675	9.51612756	10.5966467
9.194557	9.61597363	10.7078289
9.00755694	9.42040325	10.4900502
9.11063487	9.52820506	10.6100946
8.04017981	8.40868775	9.36345988
8.64452038	9.0407275	10.0672656
9.79803969	10.2471166	11.410635
12.2740681	12.83663	14.2941769
16.5020381	17.2583812	19.2179994
27.3628844	28.6170162	31.8663613
41.1181756	43.0027575	47.8855437
47.8267269	50.0187825	55.6982112
34.3298338	35.903285	39.9799538
21.2670981	22.2418394	24.7673094
14.69281	15.3662294	17.1110038
11.3018338	11.8198331	13.1619275
9.38540125	9.815566	10.9300819
8.32899063	8.71073594	9.69980444
7.91549112	8.27828419	9.21824931
7.76595612	8.12189563	9.0441035
7.805075	8.16280712	9.08966044
7.84934763	8.20910912	9.14121981
8.11500944	8.48694681	9.45060488
9.30146925	9.72778662	10.8323359
12.1025994	12.6573006	14.0944863
17.9505931	18.7733269	20.9049613
22.7851431	23.8294612	26.5352
22.4400219	23.4685231	26.1332756
16.7588894	17.5270075	19.5171269
12.2034356	12.7627606	14.2119181
9.33163669	9.75933669	10.8674694
8.15717525	8.5310455	9.49971094
7.60617319	7.95478925	8.858023
7.70345169	8.0565265	8.97131194
8.92391806	9.33293069	10.3926464
10.9947184	11.4986431	12.8042669
13.79991	14.4324044	16.0711456
13.5212912	14.1410175	15.7466706
9.72561175	10.1713693	11.3262861
8.51024456	8.90029688	9.91088931
10.4580241	10.9373508	12.1792394
