#?RADIANCE
genskyvec -m 1
NROWS=146
NCOLS=1
NCOMP=3
FORMAT=ascii

16.1038575	16.8419506	18.754285
29.7248012	31.0871881	34.6170106
32.0195994	33.4871631	37.2894925
33.6788706	35.2224825	39.2218519
34.7363594	36.3284419	40.4533888
33.6485994	35.1908275	39.1866013
32.9043163	34.41243	38.3198194
32.0542875	33.5234406	37.32989
29.3862675	30.7331381	34.2227594
27.3706362	28.6251225	31.8753875
29.1671206	30.5039462	33.9675456
26.8705006	28.1020656	31.2929412
28.3982844	29.6998725	33.0721706
29.4728363	30.8236731	34.3235737
31.1879125	32.6173575	36.3209244
36.1755175	37.8335613	42.1294081
43.4173169	45.4072762	50.5630869
50.8927681	53.2253531	59.2688719
63.3244981	66.2268694	73.7466606
76.0430969	79.5284031	88.5585281
76.0277744	79.5123794	88.5406831
70.8629669	74.1108494	82.5258319
57.3941856	60.0247481	66.8403119
47.2339631	49.3988513	55.0078881
39.8708412	41.6982544	46.4329194
33.4445481	34.9774206	38.9489638
30.5306881	31.9300138	35.5555338
28.9101675	30.2352175	33.6683031
27.3482075	28.6016644	31.8492675
27.4822894	28.7418944	32.0054175
28.2586037	29.5537875	32.9095006
19.4094563	20.2990556	22.6039306
18.5789394	19.4304731	21.6367219
20.9544156	21.9148262	24.403165
20.7581225	21.709535	24.1745613
20.7540756	21.7053038	24.1698513
19.4348869	20.3256531	22.6335481
20.4902188	21.4293531	23.8625687
20.3349181	21.2669338	23.6817069
18.9962988	19.8669612	22.1227731
16.5903406	17.3507275	19.3208325
17.3971631	18.1945313	20.260445
18.1219769	18.9525675	21.1045537
20.695765	21.6443206	24.101945
23.4035813	24.4762444	27.2554219
27.2197738	28.4673456	31.6996963
35.3571738	36.9777106	41.17638
46.9339013	49.0850356	54.6584413
63.8083162	66.7328612	74.3101044
83.4136594	87.2367825	97.1421644
88.1891631	92.2311619	102.703636
74.1236312	77.5209619	86.3231488
54.2599138	56.746825	63.1901931
38.5756137	40.3436594	44.9245188
30.7006644	32.1077775	35.7534844
25.3249662	26.4856938	29.493035
22.3786644	23.4043519	26.0618194
19.2848275	20.1687169	22.4587906
18.5677275	19.4187487	21.6236675
17.8837012	18.7033719	20.8270625
18.4600313	19.3061162	21.4982475
12.8025363	13.3893181	14.9096231
12.4765587	13.0484012	14.5299956
12.7173537	13.3002313	14.8104194
13.7164462	14.3451169	15.9739456
13.5101612	14.1293763	15.7337106
13.2751113	13.8835544	15.459975
12.9809231	13.57588	15.1173662
13.0287925	13.625945	15.1731144
12.882445	13.4728875	15.0026806
14.53049	15.19647	16.9219669
16.6805994	17.4451275	19.42595
22.3418144	23.3658137	26.0189069
31.985235	33.4512237	37.2494725
50.1180987	52.4151769	58.3667069
86.2393969	90.1920313	100.432968
2014.90716765355	2020.17719465355	2033.83137565355
73.8571181	77.2422344	86.0127713
47.4525231	49.62743	55.26242
28.6454294	29.958345	33.3599925
20.7722225	21.7242812	24.1909844
16.7078706	17.4736469	19.4577106
14.4899444	15.1540656	16.8747494
12.7997013	13.3863531	14.9063188
12.7534412	13.3379719	14.852445
10.0694949	10.5310134	11.7267669
10.0873651	10.5497024	11.7475794
9.93453838	10.3898714	11.5695988
10.0770317	10.5388954	11.7355444
10.2604103	10.7306776	11.9491025
10.1547229	10.620148	11.8260219
10.1347606	10.5992688	11.8027738
10.5845719	11.0696988	12.3266156
11.2739131	11.790635	13.1294131
12.6518062	13.2316794	14.7340831
15.2685562	15.9683644	17.7815069
19.9478912	20.8621675	23.2309819
26.9233031	28.1572856	31.3544306
47.0378531	49.1937531	54.7795044
1788.4829284142	1792.3229897142	1802.2722621142
4613.29925436043	4618.41436136043	4631.66712936043
74.39724	77.8071088	86.6417856
44.1384313	46.1614406	51.4028831
27.1219125	28.3649994	31.5857288
18.9947337	19.8653256	22.1209513
14.9003319	15.5832625	17.3526769
12.4184781	12.9876581	14.4623537
11.0905256	11.5988425	12.9158406
10.595311	11.0809287	12.3391231
9.20154156	9.6232785	10.7159631
8.89797838	9.30580219	10.3624369
8.74519119	9.14601231	10.1845042
8.85986088	9.26593762	10.3180456
9.02521031	9.43886538	10.5106106
9.55733694	9.995382	11.1303156
10.5333976	11.0161794	12.2670213
13.0860256	13.6858025	15.2397688
16.5522869	17.3109344	19.2765188
25.0520237	26.2002406	29.1751713
35.2141619	36.8281438	41.0098275
55.10693	57.6326619	64.1766156
51.7746269	54.1476294	60.2958706
29.0065281	30.3359925	33.7805194
19.1017975	19.9772963	22.2456369
13.78442	14.416205	16.0531056
11.1634488	11.6751069	13.0007662
9.84763206	10.2989819	11.4683888
9.09706706	9.51401575	10.5942925
8.73456494	9.134899	10.1721296
8.72281512	9.12261087	10.1584451
9.22729738	9.650215	10.7459575
10.5488491	11.0323363	12.2850144
13.9893487	14.6305263	16.2917625
19.9053812	20.8177125	23.181475
25.732515	26.9119231	29.9676594
27.5850219	28.8493344	32.1250575
19.0022294	19.8731644	22.1296812
12.8980738	13.4892369	15.0208856
10.3711579	10.8465019	12.0780781
10.1427105	10.607584	11.8120325
9.8565465	10.3083049	11.4787719
11.2074125	11.7210856	13.0519675
14.5403469	15.2067787	16.9334469
15.1367063	15.8304719	17.6279569
12.6636594	13.2440756	14.7478856
11.71294	12.2497831	13.6406944
