#?RADIANCE
genskyvec -m 1
NROWS=146
NCOLS=1
NCOMP=3
FORMAT=ascii

11.1389331	11.6494681	12.9722169
28.9865044	30.3150506	33.7572006
28.0464937	29.3319569	32.6624819
28.0430331	29.3283369	32.6584506
28.7241612	30.0406844	33.45168
30.3583337	31.7497575	35.3548119
33.6769519	35.2204781	39.2196213
38.9437544	40.7286769	45.3532512
48.9379013	51.1808869	56.9922681
64.1283956	67.0676125	74.6828637
79.5226263	83.1674106	92.6107269
102.821738	107.534403	119.744486
98.6907931	103.214123	114.933665
83.6112738	87.443455	97.3722981
66.4317219	69.47651	77.3652794
50.5021012	52.8167781	58.8139069
41.2635769	43.1548212	48.0548763
34.8429588	36.4399275	40.5775338
31.2417825	32.6736962	36.3836606
28.565465	29.8747156	33.2668662
28.7320537	30.0489381	33.4608731
28.5884619	29.8987662	33.2936481
28.9005819	30.2251931	33.65714
28.9223806	30.2479887	33.6825231
30.8496494	32.2635919	35.9269881
31.1534419	32.5813075	36.2807813
32.5221988	34.0128	37.8748138
32.1981394	33.6738862	37.4974162
31.4988462	32.9425419	36.6830325
30.3054656	31.6944656	35.2932419
29.30416	30.6472644	34.127135
20.6923619	21.6407619	24.0979825
19.0365581	19.9090662	22.1696594
20.7741419	21.7262881	24.1932194
21.1219206	22.0900081	24.5982381
23.3895144	24.4615331	27.2390406
26.058255	27.2525919	30.3470113
32.5021725	33.9918537	37.8514913
43.1049569	45.0805988	50.1993169
61.3007175	64.1103331	71.3897981
85.1878031	89.0922394	99.2082887
118.15725	123.572794	137.603969
124.676831	130.391162	145.196563
96.3534469	100.769648	112.211631
65.9478219	68.97043	76.8017394
47.1755106	49.33772	54.939815
34.0737444	35.635455	39.6817163
29.8059625	31.1720687	34.7115294
23.4369331	24.5111256	27.2942631
21.2065081	22.1784719	24.6967463
19.4841431	20.377165	22.6909094
19.4519575	20.343505	22.6534275
20.0704425	20.990335	23.3737031
19.1918131	20.0714381	22.3504663
21.4496363	22.4327456	24.9798913
22.2884963	23.3100513	25.9568138
22.89093	23.9400962	26.6583969
21.6447287	22.6367769	25.2070906
21.8663731	22.86858	25.465215
20.8529175	21.808675	24.2849613
20.84277	21.7980631	24.273145
13.4686537	14.0859644	15.6853688
13.056565	13.65499	15.2054569
13.7609944	14.3917037	16.025825
16.4149494	17.1673	19.1165775
19.9935119	20.9098806	23.2841131
27.4434494	28.7012738	31.9601837
41.6445694	43.5532788	48.4985731
71.81387	75.1053362	83.6332394
2245.78694119609	2251.05535419609	2264.70534919609
2223.95628661486	2229.72621261486	2244.67556761486
73.1694919	76.5230925	85.2119744
40.6004725	42.4613244	47.2826362
26.4121694	27.6227244	30.7591725
19.3990725	20.2881956	22.5918381
16.1211481	16.8600325	18.7744206
14.6002825	15.2694631	17.0032469
13.4183075	14.033315	15.6267388
14.0905994	14.7364187	16.4096794
13.7140587	14.3426206	15.9711656
13.2011144	13.8061638	15.3737987
14.0252313	14.6680538	16.3335512
14.1426325	14.790835	16.4702738
13.2438594	13.8508681	15.4235775
13.6591894	14.285235	15.9072656
10.0337259	10.4936046	11.6851113
10.4794361	10.9597444	12.2041781
11.1729556	11.6850506	13.0118381
12.6122306	13.1902931	14.6879963
16.3475537	17.0968144	19.03809
20.3547344	21.28766	23.7047856
31.6432662	33.0935825	36.8512225
50.2867656	52.5915737	58.5631312
1693.98314309847	1697.49404119847	1706.59046809847
75.0598694	78.5001081	87.4134794
47.5746581	49.7551619	55.4046556
28.9965406	30.3255469	33.7688881
21.6666613	22.6597163	25.2326338
15.83681	16.5626625	18.4432856
12.9524506	13.5461044	15.08421
11.31252	11.8310088	13.1743744
10.4400076	10.9185069	12.1582594
10.1316088	10.5959729	11.7991019
10.2080892	10.6759593	11.8881725
10.1454444	10.6104447	11.8152175
10.2406752	10.7100381	11.9261206
10.3273246	10.8006599	12.0270306
10.0720904	10.5337266	11.7297881
10.2730221	10.7438698	11.9637919
8.44827419	8.83548656	9.83871938
9.15008031	9.5694585	10.6560313
10.3749131	10.8504306	12.0824538
13.3531881	13.9652094	15.5509
18.2186362	19.0536581	21.2171231
28.2963312	29.593245	32.9534369
37.0655356	38.7643706	43.1659069
34.4757875	36.0559269	40.1499312
25.0617031	26.2103631	29.1864419
16.9580181	17.7352625	19.7490281
12.4538469	13.0246481	14.5035444
10.344241	10.8183514	12.0467319
9.1230745	9.54121563	10.6245805
8.42051794	8.80645794	9.80639569
8.10747325	8.47906563	9.44182806
8.06933594	8.43918013	9.39741437
8.200097	8.57593456	9.54969663
8.24611375	8.62406063	9.60328725
7.97123863	8.33658662	9.28317206
8.98066581	9.39227931	10.4587357
11.7791381	12.319015	13.7177888
16.9597181	17.7370362	19.7510044
19.3043806	20.1891644	22.4815606
17.2630138	18.054235	20.1042194
13.2255431	13.8317119	15.4022469
10.2051009	10.6728349	11.8846913
8.38311281	8.76733869	9.76283419
7.63986625	7.99002638	8.89726144
7.4218455	7.76201338	8.64335806
7.45954369	7.80143938	8.68726075
8.08814856	8.45885506	9.41932356
9.70899506	10.1539885	11.3069325
11.5303956	12.0588738	13.4281081
10.952812	11.4548158	12.7554619
8.32480012	8.70635312	9.69492431
7.62262919	7.97199925	8.87718719
8.93631525	9.34589619	10.407084
