#?RADIANCE
genskyvec -m 1
NROWS=146
NCOLS=1
NCOMP=3
FORMAT=ascii

24.689265	25.820855	28.7527062
38.9103713	40.6937619	45.3143713
38.3905206	40.1500887	44.7089656
37.6502013	39.3758331	43.8467981
35.613975	37.2462781	41.4754419
31.1350806	32.5621037	36.2593975
29.7630787	31.12722	34.6615894
29.2901763	30.6326394	34.1108525
29.1717244	30.5087613	33.972905
29.5583994	30.9131581	34.4232212
37.148025	38.8506431	43.2619737
38.5743438	40.3423344	44.9230406
45.8017437	47.9009881	53.3399487
50.2462544	52.5492056	58.5159544
52.8008469	55.2208838	61.4909887
55.2141869	57.7448375	64.3015269
53.4740644	55.924955	62.275005
51.1254212	53.4686675	59.5398169
45.0180075	47.0813281	52.4272219
39.0752706	40.8662181	45.5064094
37.1976769	38.9025694	43.3197969
31.8757012	33.3366706	37.1219119
30.9678581	32.3872169	36.0646512
28.3846744	29.6856375	33.05632
29.7873	31.15255	34.6897944
32.6644225	34.1615412	38.0404444
35.0402975	36.6463094	40.8073488
38.4566581	40.2192531	44.7859844
37.5928688	39.315875	43.7800313
39.2203912	41.0179913	45.6754162
38.8262256	40.6057581	45.2163756
21.2299575	22.2029962	24.7240556
18.6745538	19.5304687	21.748075
20.0161575	20.933565	23.310485
18.345055	19.18587	21.3643475
17.6494713	18.4584056	20.5542813
16.8059069	17.5761775	19.5718825
18.4069025	19.2505519	21.4363713
20.1236112	21.0459425	23.4356238
22.2258375	23.2445194	25.88384
23.501275	24.5784181	27.3691956
28.2323087	29.5262881	32.8788769
33.4532694	34.9865419	38.9591231
40.3334906	42.1821075	46.9717119
47.0447581	49.200975	54.7875444
49.7233831	52.00237	57.9070256
47.1187306	49.2783381	54.8736912
42.5383581	44.4880325	49.539465
34.8794194	36.4780581	40.6199919
29.0902256	30.4235263	33.8779938
24.5541463	25.6795425	28.5953506
21.7551575	22.7522687	25.3356969
19.6579456	20.5589344	22.8933188
17.1570219	17.9433856	19.9807838
17.8426581	18.6604463	20.7792637
18.2034681	19.0377931	21.1994562
19.1419256	20.0192644	22.2923694
18.9126275	19.7794569	22.0253325
20.3651369	21.2985375	23.7168994
20.2569756	21.1854206	23.5909387
20.9753775	21.9367475	24.4275775
12.5793388	13.1558919	14.6496894
11.8824725	12.4270837	13.83813
11.7336988	12.2714931	13.6648694
12.450435	13.0210806	14.4995706
12.9576544	13.5515463	15.0902688
14.3558331	15.0138081	16.7185637
16.6177794	17.3794288	19.3527906
20.2505344	21.1786819	23.5834356
24.48047	25.6024919	28.50955
33.9392594	35.4948056	39.5250969
47.6873931	49.8730644	55.5359462
61.2376737	64.0443975	71.3163788
55.0248313	57.5468	64.0810044
41.0036587	42.8829913	47.7521781
28.5492681	29.8577763	33.2480037
22.0797025	23.0916875	25.7136531
17.2806006	18.0726275	20.1247
15.4005131	16.1063712	17.9351819
13.2406237	13.8474875	15.4198125
12.1173844	12.6727638	14.1117037
12.235565	12.7963594	14.249335
12.4222231	12.991575	14.4667137
12.0891369	12.6432225	14.0788094
12.7590794	13.3438706	14.8590112
9.68083887	10.1245437	11.2741444
9.81242038	10.2621571	11.4273831
9.92580406	10.3807381	11.5594269
10.3958704	10.8723456	12.1068575
11.597815	12.1293806	13.5066213
12.7189062	13.3018544	14.8122269
15.3761819	16.0809244	17.9068456
19.2181469	20.0989781	22.3811356
26.2943812	27.4995375	30.6219981
38.7895681	40.5674231	45.1736875
70.4686813	73.6984963	82.0666562
3839.91325904437	3845.88444104437	3861.35521704437
98.6481694	103.169535	114.884011
48.0829975	50.2867994	55.9966594
29.3805131	30.7271187	34.2160563
21.7323456	22.7284113	25.30913
16.8251856	17.5963387	19.5943338
14.0435938	14.6872569	16.3549369
12.0821462	12.6359094	14.0706656
10.8775338	11.3760881	12.6677956
10.2687973	10.73945	11.9588694
10.022232	10.4815836	11.6717244
9.80888325	10.2584572	11.4232625
9.89590388	10.3494656	11.5246031
9.11409112	9.53182037	10.61412
9.407671	9.83885569	10.9560188
10.1119839	10.57545	11.7762481
11.3868187	11.9087144	13.2609
13.3721631	13.9850525	15.5729994
18.2180713	19.053065	21.2164625
25.8673263	27.0529125	30.1246588
53.4081931	55.8560662	62.1982925
3779.22661315812	3783.74859315812	3795.46470715812
3199.68208069315	3203.89321569315	3214.80387779315
43.0216188	44.9934413	50.1022612
25.0082419	26.1544519	29.1241825
17.2066694	17.9953062	20.0386
13.1196063	13.7209206	15.278875
11.2521794	11.7679031	13.1041025
9.97958262	10.4369804	11.6220562
9.32958575	9.75719138	10.8650806
9.10970306	9.52723094	10.6090088
9.73750325	10.1838051	11.3401344
10.6708936	11.1599762	12.4271462
12.4047844	12.9733381	14.4464056
16.100985	16.8389469	18.7509406
23.1684994	24.23039	26.9816519
39.5748987	41.3887481	46.0882694
43.5602919	45.5568031	50.7295906
27.8375831	29.1134713	32.4191869
17.1898006	17.977665	20.0189544
12.9244119	13.5167806	15.0515569
10.4468012	10.9256119	12.1661706
9.96309769	10.4197401	11.6028588
11.7595406	12.29852	13.6949663
13.7276188	14.3568019	15.9869569
18.4739569	19.3206775	21.5144606
23.1846719	24.2473012	27.0004819
15.8543537	16.5810119	18.4637175
12.5266544	13.1007919	14.5883331
15.01615	15.7043906	17.4875594
