#?RADIANCE
genskyvec -m 1
NROWS=146
NCOLS=1
NCOMP=3
FORMAT=ascii

1.05437667	1.10270225	1.22790944
8.49824881	8.88775175	9.89691994
8.09669237	8.46779019	9.42927256
7.9922905	8.35860369	9.30768912
8.10405756	8.47549338	9.43785119
8.56017969	8.95252075	9.96904319
8.53451887	8.925684	9.939159
8.59355306	8.98742387	10.0079096
8.59667581	8.99068994	10.0115466
8.99707456	9.40944019	10.4778421
8.15603475	8.52985281	9.498382
8.59712525	8.99115981	10.0120688
8.11104738	8.48280362	9.44599081
8.09034662	8.46115394	9.42188375
8.32098225	8.70236025	9.69047794
8.57078163	8.96360856	9.98139038
9.93947556	10.3950338	11.575348
10.5221601	11.0044246	12.2539332
13.9965737	14.6380825	16.3001769
20.0233962	20.9411344	23.3189163
27.3995656	28.6553788	31.9090812
45.3213437	47.3985706	52.7804856
272.005680688901	274.884091288901	282.341801888901
147.809900553142	150.406864353142	157.135373053142
36.6477044	38.3273888	42.6793087
22.255715	23.2757675	25.9186369
16.1380175	16.8776763	18.7940681
12.2097058	12.7693181	14.2192212
10.6056314	11.0917218	12.3511409
9.1967155	9.61823119	10.7103406
8.71761144	9.1171685	10.1523849
8.43688256	8.82357275	9.82545338
8.07435644	8.44443081	9.4032615
8.29421613	8.67436744	9.65930663
8.32492644	8.70648569	9.69507113
8.41091619	8.7964165	9.79521356
8.340141	8.72239713	9.71278931
8.603951	8.99829838	10.0200189
8.71141812	9.11069094	10.1451728
8.57750319	8.97063806	9.98921725
8.09473763	8.46574619	9.42699669
8.13930825	8.51235975	9.47890369
8.08944606	8.46021219	9.42083494
8.33740069	8.71953138	9.70959862
8.44455981	8.831602	9.83439381
8.82392663	9.22835669	10.2761981
9.80797419	10.2575054	11.4222056
11.54396	12.0730563	13.4439012
13.8432369	14.4777175	16.1216038
18.640495	19.4948494	21.7084106
24.7256125	25.85887	28.7950369
34.7252725	36.3168463	40.4404763
115.700971452476	117.834205752476	123.361232052476
40.169615	42.0107213	46.7808662
31.4979481	32.9416019	36.6819863
22.4841388	23.5146613	26.1846556
17.0782	17.8609506	19.8889869
12.7426906	13.3267294	14.8399256
10.6178657	11.1045186	12.3653925
9.30973069	9.73642675	10.8419579
8.75677888	9.15813106	10.1979998
6.80397313	7.11582175	7.92379387
6.52174656	6.82065975	7.59511787
6.50464025	6.80276944	7.57519606
6.84049031	7.15401263	7.9663215
6.88723125	7.20289581	8.02075531
6.94434388	7.26262619	8.08726744
6.91076275	7.22750575	8.04815956
6.88642025	7.20204769	8.01981069
6.58834513	6.89031081	7.67267737
6.71789931	7.02580269	7.82355394
6.79168269	7.10296806	7.90948106
7.32208969	7.65768544	8.52718425
8.1139825	8.48587288	9.44940994
9.4290545	9.86121925	10.9809201
12.3933931	12.9614237	14.4331413
16.8845288	17.6584037	19.6634425
22.0637438	23.0749994	25.6950706
27.3855162	28.6406844	31.8927169
21.9314931	22.9366863	25.5410537
15.7101769	16.4302263	18.2958106
12.2943619	12.8578538	14.31781
9.803493	10.2528191	11.4169863
7.84668981	8.2063295	9.13812425
7.24945144	7.58171781	8.442591
5.59541806	5.85187469	6.51633119
5.50404819	5.75631687	6.40992287
5.37521794	5.62158194	6.25988956
5.45211206	5.70200056	6.34943925
5.57765837	5.833301	6.49564831
5.55428375	5.80885481	6.4684265
5.49337469	5.74515412	6.39749287
5.53937394	5.79326175	6.45106287
5.45041012	5.70022037	6.34745713
5.52585569	5.77912362	6.4353195
5.63034437	5.88840175	6.55700563
5.83211975	6.09942519	6.79199006
6.37650981	6.66876625	7.42597737
7.60624481	7.95486419	8.85810625
9.21963306	9.64219919	10.7370309
10.6137087	11.1001704	12.3605481
12.7211925	13.3042469	14.8148906
13.8227575	14.4562988	16.0977525
13.4018638	14.0161169	15.6075887
11.2109872	11.7248243	13.0561281
9.24962513	9.67356606	10.7719608
7.59111019	7.939036	8.84048106
6.53524394	6.83477581	7.61083663
6.09897556	6.37851181	7.10276569
4.88059425	5.10428794	5.68385919
4.72523219	4.94180506	5.50292688
4.62288956	4.83477188	5.38374031
4.70201837	4.91752738	5.4758925
4.71776481	4.9339955	5.49423044
4.66860519	4.88258275	5.43698006
4.71447425	4.93055413	5.4903985
4.843384	5.06537237	5.64052462
5.02166444	5.25182419	5.84814725
5.55511788	5.80972731	6.46939794
6.02617756	6.30237706	7.01798625
7.33737225	7.67366831	8.544982
8.52336369	8.91401769	9.92616781
8.64950763	9.04594244	10.0730726
7.73381381	8.08827969	9.00667144
6.67729281	6.98333531	7.77626438
5.8773785	6.14675806	6.84469731
5.2302135	5.46993156	6.09101981
4.43579694	4.63910419	5.16585544
4.21077969	4.40377356	4.90380387
4.21061594	4.40360238	4.90361337
4.25220744	4.44710019	4.95205
4.24885062	4.4435895	4.94814087
4.43322406	4.63641344	5.16285906
4.83916088	5.06095556	5.63560631
5.32002994	5.56386437	6.19561844
6.06037306	6.33814006	7.05781
5.94773481	6.22033913	6.92663312
5.46959625	5.720286	6.369801
4.72614481	4.94275987	5.50398988
4.20566169	4.39842113	4.89784369
4.03592131	4.22090062	4.70016675
4.08387887	4.27105675	4.75601763
4.35174437	4.55119919	5.06796931
4.61101731	4.82235537	5.36991425
4.59519275	4.80580569	5.35148512
4.17326731	4.364542	4.86011769
