#?RADIANCE
genskyvec -m 1
NROWS=146
NCOLS=1
NCOMP=3
FORMAT=ascii

20.8000906	21.7534281	24.2234406
29.8520913	31.2203106	34.7652481
29.1040069	30.4379412	33.8940444
28.7395963	30.0568269	33.469655
28.0176706	29.3018138	32.6289144
26.3287556	27.5354887	30.6620325
26.650525	27.8720069	31.0367581
27.7229231	28.9935588	32.285655
29.4266244	30.7753431	34.2697569
32.0011419	33.4678594	37.2679987
39.4440531	41.2519063	45.9358894
44.6255831	46.6709219	51.9702144
51.9922163	54.3751913	60.5492713
56.4299463	59.0163162	65.7173763
57.0768188	59.6928375	66.4707138
53.3115037	55.7549456	62.08569
47.6390906	49.8225469	55.4796931
41.9410956	43.8633931	48.8439038
36.0509237	37.7032569	41.9843075
30.9157931	32.332765	36.0040181
29.8724962	31.2416519	34.7890112
26.9415169	28.1763337	31.3756425
27.0046344	28.2423469	31.4491481
25.7663475	26.947305	30.0070606
27.4495606	28.7076644	31.9673025
29.2488531	30.5894262	34.06273
30.7621244	32.1720556	35.8250606
32.1537081	33.62742	37.4456731
31.0178025	32.4394525	36.1228181
31.1339294	32.5608987	36.2580575
30.1447862	31.52642	35.1061163
18.4232531	19.2676513	21.4554131
16.5479362	17.3063806	19.27145
17.6807506	18.4911169	20.5907088
16.9255775	17.7013337	19.7112469
17.1870844	17.9748244	20.0157925
17.3475125	18.1426062	20.2026256
19.6122512	20.5111475	22.8401019
22.4441806	23.4728712	26.1381181
26.3299137	27.5367006	30.6633806
30.3786781	31.7710331	35.3785044
39.0718362	40.8626287	45.5024119
49.1106687	51.3615712	57.1934681
57.1472169	59.7664644	66.5527031
60.3170044	63.0815338	70.2441831
54.8592681	57.3736481	63.8881912
43.8320106	45.8409762	51.0460319
36.6676769	38.3482769	42.7025669
28.2047856	29.4975044	32.8468237
23.2485894	24.3141488	27.0749225
19.8189019	20.7272688	23.0807638
18.1752694	19.0083019	21.1666156
17.3525275	18.14785	20.2084637
15.9172244	16.646765	18.5369356
17.2852013	18.0774387	20.1300594
17.8997713	18.7201756	20.845775
18.6579	19.5130525	21.72868
18.0739819	18.9023706	21.0486581
18.8006963	19.6623956	21.8949775
18.2742956	19.1118669	21.2819412
18.4894544	19.3368875	21.5325119
11.9095837	12.45544	13.8697037
11.4162806	11.9395275	13.2952106
11.5430906	12.0721506	13.4428919
12.6485681	13.2282919	14.7303113
13.8147706	14.4479475	16.0884531
16.1806144	16.9222256	18.843675
20.1536063	21.0773119	23.470555
27.412885	28.6693081	31.9245906
37.8240413	39.5576419	44.0492506
57.3630288	59.992165	66.8040306
74.7920406	78.2200087	87.1015713
64.3073963	67.2548187	74.8913275
44.4206562	46.4565994	51.7315575
30.6692437	32.0749144	35.7168913
21.7728356	22.7707569	25.3562825
17.1753506	17.9625531	20.0021275
13.9576731	14.5974006	16.2548744
13.1734794	13.777265	15.3416169
12.0947463	12.6490881	14.0853406
11.4931094	12.0198775	13.3846856
11.9691763	12.5177644	13.9391044
12.1639669	12.7214819	14.1659538
11.6905819	12.2264012	13.6146581
12.1271919	12.68302	14.1231256
9.44623344	9.87918613	11.0009269
9.67030681	10.1135286	11.2618781
9.99518387	10.4532972	11.640225
10.7043206	11.194935	12.4660744
12.4889531	13.0613644	14.5444275
14.2808437	14.93538	16.6312331
19.1360656	20.0131362	22.285545
27.2929069	28.5438306	31.784865
43.575665	45.5728813	50.7474938
70.7514738	73.9942488	82.3959894
4967.0185762097	4972.0651272097	4985.1402982097
2547.44872245093	2551.18155615093	2560.85300305093
52.3936331	54.7950062	61.0167544
30.5603719	31.961055	35.5901012
20.8792006	21.8361656	24.3155725
16.1923044	16.9344519	18.8572888
13.0429775	13.64078	15.189635
11.3535956	11.8739687	13.2222094
10.3711641	10.84651	12.0780856
9.82695725	10.2773588	11.4443106
9.65073038	10.0930549	11.2390813
9.63993387	10.0817631	11.2265081
9.48807294	9.92294169	11.0496513
9.61220956	10.0527692	11.1942206
8.73893862	9.139473	10.1772225
9.217879	9.6403645	10.7349881
10.176043	10.6424437	11.8508519
12.0808106	12.6345131	14.0691094
15.3040338	16.0054669	17.8228225
24.2483325	25.3597138	28.239205
38.2830906	40.03773	44.5838487
74.39221	77.8018525	86.6359319
2482.40237397462	2485.87500897462	2494.87230707462
44.5172994	46.5576737	51.8441069
26.6626712	27.8847087	31.0509037
17.856365	18.6747825	20.7952275
13.15081	13.753555	15.3152144
10.5552298	11.0390119	12.2924475
9.46882537	9.90281263	11.0272369
8.84433825	9.24970319	10.2999694
8.62472069	9.02002	10.0442056
8.59920206	8.99333194	10.014487
9.12632481	9.54461463	10.6283662
10.3472669	10.8215178	12.050255
12.9605787	13.5546056	15.0936744
18.8854675	19.7510506	21.9937006
27.6957725	28.9651613	32.254035
36.91252	38.6043431	42.9877062
30.39768	31.7909062	35.4006331
20.162585	21.0867019	23.4810094
13.4287363	14.04422	15.6388831
10.5950508	11.0806575	12.3388212
9.05687338	9.47197969	10.5474844
8.961299	9.37202481	10.4361812
10.7954356	11.290225	12.5721862
13.41121	14.02589	15.6184725
18.4397712	19.2849275	21.4746506
20.487315	21.426315	23.8591856
13.5228081	14.1426037	15.7484388
10.8728535	11.3711913	12.662345
13.8017419	14.4343194	16.0732781
