#?RADIANCE
genskyvec -m 1
NROWS=146
NCOLS=1
NCOMP=3
FORMAT=ascii

19.5176794	20.4122394	22.7299644
31.4024281	32.8417069	36.5707481
33.2883931	34.8141106	38.7671087
34.4754275	36.0555513	40.1495112
34.8732725	36.47163	40.6128331
32.9932475	34.5054362	38.4233888
31.8648944	33.3253663	37.1093256
30.9017869	32.3181175	35.98771
28.4976387	29.8037794	33.1878763
26.7740681	28.0012137	31.1806369
29.5271956	30.880525	34.38688
28.0815719	29.3686412	32.7033306
30.8919262	32.3078075	35.9762262
33.2567069	34.7809719	38.7302069
36.1524044	37.8093881	42.1024906
42.20617	44.1406175	49.1526044
50.2015719	52.5024775	58.4639175
55.6133275	58.1622694	64.7663563
63.3382094	66.2412087	73.762625
64.8835769	67.857405	75.562335
60.2360406	62.9968569	70.1498925
53.1165225	55.5510269	61.8586188
44.9203469	46.9791931	52.3134887
38.3418312	40.0991619	44.6522588
34.5126231	36.0944512	40.1928275
31.1423375	32.569695	36.2678512
29.8039787	31.1699937	34.7092187
29.5044144	30.8566981	34.3603519
28.5394694	29.8475269	33.2365912
29.2115156	30.5503763	34.0192475
30.0429775	31.4199463	34.9875531
20.0741513	20.9942156	23.3780225
18.9591856	19.8281462	22.07955
21.08716	22.0536537	24.5577569
20.5067444	21.4466363	23.8818144
20.16941	21.0938412	23.4889612
18.7595025	19.6193119	21.8470062
19.7190088	20.6227963	22.9644306
19.726475	20.6306044	22.9731244
18.9343288	19.8021513	22.0506044
17.3086869	18.102	20.1574094
18.8869394	19.75259	21.9954169
20.6027731	21.5470681	23.9936487
24.4049069	25.523465	28.4215494
28.7953094	30.1150944	33.53454
34.4584931	36.0378394	40.1297894
44.8751706	46.9319462	52.2608775
55.6707094	58.2222794	64.8331819
67.6969687	70.7997462	78.8387669
69.4602594	72.6438544	80.8922656
61.5084575	64.3275944	71.6317294
49.4226612	51.687865	57.5568106
38.3782256	40.137225	44.6946431
29.4926831	30.8444306	34.3466881
25.578045	26.75037	29.7877637
22.5060281	23.5375531	26.210145
20.8902506	21.84772	24.3284381
18.83365	19.6968569	21.9333531
18.78137	19.6421806	21.8724706
18.4254925	19.2699938	21.4580219
19.162535	20.0408181	22.3163694
13.1303625	13.7321694	15.2914
12.7195838	13.3025644	14.8130144
12.8077244	13.3947444	14.9156631
13.6004094	14.2237613	15.8388094
13.3522075	13.9641831	15.54976
13.2562319	13.8638106	15.4379888
13.332545	13.9436188	15.5268587
13.9955731	14.6370344	16.2990125
14.6569469	15.3287231	17.0692356
17.589635	18.3958262	20.4845975
21.4836006	22.4682656	25.0194437
30.8452644	32.259005	35.9218831
46.3328737	48.4564625	53.958495
70.36057	73.5854275	81.9407481
89.4544056	93.5543994	104.177112
74.646755	78.0680619	86.9323713
46.5359094	48.668805	54.1949475
33.1506475	34.6700513	38.6066938
22.8732694	23.9216262	26.6378281
18.0577412	18.8853863	21.0297438
15.5156762	16.2268106	18.0692981
14.0913113	14.7371625	16.4105094
12.8918331	13.4827069	15.0136131
13.0703844	13.6694444	15.2215537
10.3894217	10.8656031	12.0993469
10.393562	10.8699331	12.1041706
10.2123301	10.6803944	11.8931112
10.328978	10.80239	12.0289556
10.5640817	11.0482694	12.3027538
10.6125333	11.0989394	12.3591788
11.0208781	11.526	12.8347319
12.0144113	12.5650731	13.9917856
13.6322944	14.2571069	15.8759425
16.2147744	16.9579506	18.8834556
21.2121137	22.1843344	24.703275
30.6134738	32.0165894	35.6519425
44.1606675	46.1846988	51.4287806
82.5991544	86.3849519	96.1935994
5663.90156430237	5669.70363930237	5684.73627630237
2013.91706007016	2018.21525377016	2029.35147917016
53.0723394	55.5048188	61.8071644
33.39489	34.9254875	38.8911325
22.3726606	23.3980731	26.0548281
16.8989613	17.6734969	19.6802488
13.9970156	14.638545	16.3006925
12.1952494	12.7541969	14.2023844
11.1915869	11.7045356	13.0335363
10.841115	11.3379987	12.6253819
9.65840519	10.1010828	11.2480187
9.397091	9.82779056	10.9436969
9.3334665	9.76124994	10.8695987
9.55762219	9.99568063	11.1306481
10.0052461	10.4638194	11.6519425
11.2871731	11.8045025	13.1448531
13.1841188	13.7883894	15.3540063
18.0934469	18.9227294	21.0713281
25.026585	26.1736356	29.1455431
42.7347169	44.6933906	49.76814
62.2140181	65.0654925	72.4534131
1750.75731893903	1754.35870953903	1763.68961023903
49.6805081	51.9575306	57.857095
26.5666406	27.7842763	30.9390669
18.1399156	18.9713269	21.1254444
13.5972094	14.2204156	15.8350856
11.318255	11.8370088	13.1810538
10.2135882	10.6817125	11.8945763
9.84257494	10.2936926	11.4624994
9.68991969	10.1340398	11.2847181
9.91100369	10.3652581	11.5421906
10.98204	11.4853844	12.7895025
13.5165356	14.1360438	15.7411306
19.9629844	20.8779538	23.2485581
31.0032394	32.4242194	36.1058594
38.2657025	40.0195487	44.5636031
32.6490637	34.1454788	38.0225588
20.2742244	21.2034594	23.6110244
13.4460606	14.06234	15.6590606
11.1312056	11.6413863	12.9632163
11.5878894	12.1190006	13.4950631
11.7291444	12.26673	13.659565
14.2573656	14.9108275	16.60389
19.7187594	20.6225344	22.96414
18.6276287	19.481395	21.6934287
14.4859312	15.1498681	16.8700737
14.3222037	14.9786381	16.6794006
