#?RADIANCE
genskyvec -m 1
NROWS=146
NCOLS=1
NCOMP=3
FORMAT=ascii

7.12021931	7.44656263	8.29208906
20.7784769	21.7308219	24.1982669
20.44164	21.37855	23.8059962
20.401545	21.3366144	23.7592994
20.585485	21.5289869	23.9735144
20.8291562	21.783825	24.2572919
20.5673638	21.5100325	23.9524081
20.7148519	21.6642812	24.1241731
20.2908125	21.2208069	23.6303419
20.6851838	21.633255	24.0896206
20.5231237	21.4637663	23.9008894
20.8412319	21.7964556	24.2713531
20.7813275	21.7338044	24.2015881
21.0638319	22.029255	24.5305869
21.7158106	22.7111169	25.2898731
23.3884763	24.4604475	27.23783
27.67364	28.9420156	32.2282625
31.5583244	33.0047475	36.7523025
44.0066456	46.0236156	51.2494094
68.0411356	71.1596844	79.2395744
88.6586663	92.7221938	103.250409
118.940928	124.392356	138.516613
97.0287175	101.475857	112.998033
76.638735	80.1513375	89.2522056
52.59706	55.0077569	61.2536625
35.4914681	37.11816	41.3327763
28.7933262	30.1130194	33.53223
24.39398	25.5120375	28.4088237
22.6705731	23.7096413	26.4017731
21.13169	22.1002263	24.6096144
20.7418406	21.692505	24.1556006
17.2365375	18.0265456	20.0733869
16.2875306	17.0340425	18.9681875
17.17285	17.9599388	19.999215
16.9317619	17.7078006	19.7184481
16.917555	17.6929425	19.7019031
16.4111094	17.1632837	19.1121063
17.1963313	17.9844956	20.0265606
17.50312	18.3053475	20.383845
17.1902681	17.9781525	20.0194994
15.8546906	16.5813644	18.4641119
16.3917	17.1429881	19.0895031
16.6170288	17.3786425	19.3519144
17.8375763	18.6551325	20.7733475
18.6467081	19.5013481	21.7156456
20.1213556	21.0435812	23.4329938
24.0226637	25.1237019	27.9763956
31.1111919	32.5371206	36.2315769
42.5804544	44.5320569	49.5884894
67.8777663	70.9888263	79.04932
106.699139	111.589518	124.260041
1855.1019616124	1862.2271806124	1880.6880116124
1119.94543239326	1125.75685039326	1140.81376339326
75.9262831	79.4062337	88.4224881
49.1552469	51.4081938	57.2453844
34.4330681	36.0112488	40.10018
27.0323756	28.2713587	31.4814556
21.4508025	22.4339644	24.9812494
19.2392938	20.1210938	22.4057606
17.7200175	18.5321856	20.6364381
17.3697181	18.16583	20.228485
12.88831	13.4790238	15.0095125
12.3878919	12.9556694	14.4267325
12.3245031	12.8893769	14.3529112
12.8967725	13.4878744	15.0193669
12.8561944	13.4454356	14.9721106
12.9004088	13.4916763	15.0236019
12.8809506	13.4713269	15.0009406
12.9940969	13.5896594	15.1327087
12.6175481	13.1958531	14.6941888
13.2827275	13.8915169	15.4688437
13.902815	14.5400275	16.1909888
16.07769	16.8145831	18.7238094
19.8016531	20.7092275	23.0606763
26.9431837	28.1780788	31.3775856
44.3396956	46.3719294	51.6372737
78.0172069	81.5929912	90.8575419
1571.78118661308	1577.23124461308	1591.35188861308
93.3977669	97.6784956	108.769487
46.60747	48.7436431	54.2782844
28.8509781	30.1733125	33.5993681
20.7420194	21.6926937	24.1558106
16.685505	17.4502569	19.4316631
14.0108987	14.6530656	16.3168594
13.4051544	14.0195575	15.6114194
10.671616	11.1607306	12.4279856
10.5259851	11.0084256	12.2583863
10.2696853	10.74038	11.9599069
10.3456437	10.8198181	12.0483644
10.4937399	10.9747019	12.2208344
10.4403198	10.9188338	12.1586244
10.3924879	10.86881	12.1029194
10.5917953	11.0772525	12.3350294
10.6782462	11.1676662	12.43571
11.1148094	11.6242369	12.9441225
11.8783575	12.4227812	13.8333387
13.279815	13.8884719	15.4654506
15.7212131	16.4417656	18.3086619
22.2062156	23.2240019	25.8609912
32.5548287	34.046925	37.9128137
43.1509231	45.1286719	50.2528475
54.6018556	57.1044413	63.5884138
49.1252337	51.376805	57.21043
34.7190025	36.3102887	40.4331731
23.6419181	24.725505	27.532985
17.5374431	18.3412431	20.4238144
13.9172869	14.5551619	16.20784
12.1196637	12.6751469	14.1143575
11.4195088	11.9429012	13.2989688
9.6694325	10.1126152	11.26086
9.33596081	9.76385894	10.8725056
9.12771669	9.54606994	10.6299881
9.19724319	9.61878325	10.7109563
9.23888325	9.66233156	10.7594494
9.30997687	9.73668419	10.8422444
9.59985469	10.0398476	11.1798313
10.3715616	10.8469231	12.0785469
11.443915	11.9684287	13.3273956
14.1843894	14.8345075	16.5189044
17.3716619	18.1678625	20.2307494
24.7948588	25.93129	28.87568
30.3687194	31.7606175	35.3669056
25.7754244	26.9567969	30.0176312
19.173685	20.05248	22.329355
14.3155744	14.9717037	16.6716812
11.7503606	12.2889219	13.6842781
10.3476947	10.821965	12.0507525
9.17836794	9.59904269	10.6889744
8.73822775	9.13872994	10.1763963
8.65930956	9.05619462	10.0844881
8.79347631	9.19651044	10.2407375
9.11528794	9.53307175	10.6155125
10.2157625	10.6839844	11.8971075
12.2734069	12.8359381	14.2934056
14.8126356	15.4915481	17.2505494
17.8323994	18.6497163	20.7673156
15.5728537	16.2866094	18.1358875
12.2826231	12.8455756	14.3041375
10.0986039	10.5614563	11.7606675
9.28614638	9.71176087	10.8144912
8.86890388	9.275395	10.3285788
9.24276656	9.66639312	10.7639725
10.5283339	11.0108825	12.2611231
11.4644525	11.9899063	13.35131
10.7871078	11.2815169	12.5624887
9.6714695	10.1147451	11.2632331
