#?RADIANCE
genskyvec -m 1
NROWS=146
NCOLS=1
NCOMP=3
FORMAT=ascii

22.735165	23.7771931	26.476995
35.8817994	37.5263806	41.7873462
38.3343769	40.091365	44.6435763
39.4627537	41.2714625	45.9576681
38.9589825	40.7446012	45.3709838
34.7786406	36.3726606	40.5026256
32.5565237	34.0486981	37.9147881
30.5342125	31.9336963	35.5596356
27.4522144	28.7104431	31.9703944
25.0539706	26.2022775	29.1774387
29.5376094	30.8914144	34.3990081
28.1635819	29.4544119	32.7988388
32.8883581	34.39574	38.3012356
36.1818712	37.8402069	42.1368081
39.0512844	40.8411325	45.4784756
44.6816675	46.7295756	52.0355288
48.957485	51.2013681	57.0150719
52.1391088	54.528815	60.7203406
51.8753263	54.252945	60.4131438
48.5059344	50.729125	56.4892069
46.0338588	48.14374	53.6102644
39.6626825	41.480555	46.1905012
36.183565	37.8419787	42.1387806
31.3778681	32.8160194	36.542145
29.7379125	31.1008975	34.6322769
28.9704562	30.2982688	33.7385113
28.8993025	30.2238506	33.6556456
30.6937475	32.1005406	35.7454269
30.2786187	31.6663887	35.2619775
32.4892212	33.9783088	37.8364056
34.0614562	35.6226044	39.667405
19.9419213	20.8559262	23.2240312
18.46625	19.3126188	21.5054875
20.7107963	21.66004	24.1194494
19.5122669	20.4065787	22.7236619
18.602645	19.4552675	21.6643331
16.7514831	17.5192594	19.5084994
17.4979287	18.2999175	20.3777969
17.4615575	18.2618775	20.3354406
17.0739356	17.8564894	19.8840219
16.3026819	17.0498881	18.9858319
18.5929944	19.4451744	21.6530937
21.0454713	22.0100544	24.5092069
25.3216387	26.4822138	29.4891612
29.6873244	31.0479931	34.5733662
34.3946481	35.9710688	40.0554356
41.5085837	43.4110581	48.3402063
46.3816038	48.5074269	54.0152444
47.8222931	50.0141469	55.6930494
42.2316844	44.1673031	49.1823181
35.5020419	37.1292181	41.3450887
30.0133994	31.3890119	34.9531075
25.5979087	26.7711462	29.8108994
21.0463637	22.0109881	24.5102462
19.64725	20.5477481	22.8808606
18.0812019	18.9099225	21.0570675
17.4891675	18.2907531	20.3675938
16.42428	17.1770588	19.1274413
17.2549119	18.04576	20.0947838
17.4782469	18.2793337	20.3548756
18.7045094	19.5617981	21.7829594
11.8992362	12.4446181	13.8576538
11.4468706	11.9715175	13.3308356
11.4291331	11.9529694	13.3101806
12.0356938	12.5873287	14.0165681
11.6847456	12.2202956	13.6078594
11.6979994	12.2341581	13.6232969
12.1799475	12.7381956	14.1845669
13.49135	14.1097031	15.7118031
14.909145	15.5924813	17.3629431
18.5022644	19.3502838	21.5474287
22.86993	23.9181356	26.6339425
32.7174962	34.2170469	38.1022531
48.2769044	50.4895931	56.2224825
62.63945	65.5104206	72.9488644
54.5090944	57.0074281	63.4803862
37.9363519	39.6751	44.1800438
25.5140819	26.6834775	29.7132756
20.7857556	21.7384369	24.206745
16.3126975	17.0603625	18.9974963
13.7889837	14.4209781	16.0584219
12.4980363	13.0708619	14.5550037
11.7821863	12.3222006	13.7213369
11.1466937	11.6575825	12.9812538
11.6698087	12.2046725	13.590465
9.09025975	9.506897	10.5863654
9.14216319	9.56117788	10.6468116
8.99689031	9.40924794	10.4776294
9.12352175	9.54168269	10.6251031
9.46784906	9.9017925	11.0260994
9.72437212	10.1700719	11.3248419
10.6385044	11.1261031	12.3894263
12.1211406	12.6766931	14.11608
14.3636169	15.0219487	16.7276287
17.4842406	18.2856013	20.3618563
23.6545075	24.7386731	27.5476481
37.8457638	39.5803613	44.0745506
60.542435	63.3172938	70.5067125
3808.52085089083	3813.60833489083	3826.78957789083
2577.04534476015	2580.77045916015	2590.42193226015
47.2978944	49.4657112	55.0823413
27.9163212	29.1958194	32.510885
19.8693431	20.7800206	23.1395081
15.3784281	16.0832725	17.9094625
12.8030988	13.3899056	14.9102756
11.2150881	11.7291119	13.060905
10.1479467	10.6130596	11.8181294
9.53242712	9.96933006	11.1013056
9.37804537	9.80787212	10.9215169
8.53837381	8.92971563	9.94364838
8.41735462	8.80314981	9.80271137
8.53314287	8.92424519	9.93755694
8.94508356	9.35506625	10.4172956
9.71899775	10.1644518	11.3185838
11.60655	12.1385156	13.5167944
13.9785931	14.6192781	16.2792363
20.0581469	20.9774763	23.3593844
30.1547206	31.5368106	35.1176869
64.2963038	67.2432163	74.87841
3864.48771036185	3868.63049786185	3879.36410376185
57.9992606	60.6575581	67.5449775
29.2449988	30.5853944	34.0582394
17.5231944	18.3263419	20.4072206
13.4886738	14.1069056	15.7086863
11.0314725	11.5370813	12.8470713
9.61076856	10.0512618	11.1925419
8.89054031	9.29802331	10.3537756
8.95258994	9.36291694	10.4260369
9.114365	9.53210656	10.6144378
9.65063775	10.0929597	11.2389738
11.1425781	11.6532794	12.9764625
14.0823306	14.7277706	16.4000475
21.7566875	22.7538675	25.3374756
36.4562231	38.1271331	42.4563131
38.5038094	40.2685638	44.8408944
24.1237831	25.229455	28.0941569
15.3725163	16.07709	17.9025763
11.2007338	11.7141006	13.0441881
9.83349013	10.2841923	11.4519194
10.7078904	11.1986681	12.4702294
11.3213362	11.8402306	13.1846388
14.06054	14.70498	16.3746719
19.28748	20.17149	22.4618819
16.1870281	16.9289325	18.8511444
12.5904175	13.1674769	14.66259
13.3312125	13.9422263	15.5253087
