#?RADIANCE
genskyvec -m 1
NROWS=146
NCOLS=1
NCOMP=3
FORMAT=ascii

4.45470706	4.658881	5.18787806
18.6972481	19.5542056	21.7745063
18.3534025	19.1945981	21.3740669
18.3563025	19.1976331	21.3774462
18.56229	19.4130612	21.617335
18.8036038	19.665435	21.8983656
18.5811081	19.4327412	21.63925
18.72505	19.5832806	21.8068806
18.2836344	19.1216325	21.2928144
18.639745	19.4940669	21.7075362
18.5467712	19.3968312	21.5992625
18.7128894	19.5705631	21.7927194
18.6040475	19.4567337	21.6659656
18.6562338	19.5113119	21.7267419
18.9488844	19.8173737	22.0675556
20.143035	21.0662563	23.4582438
23.2102063	24.2740081	27.0302225
26.3616744	27.5699187	30.70037
35.7773769	37.4171719	41.6657381
56.1164975	58.6885031	65.3523413
81.45692	85.1903562	94.8633819
129.850944	135.802456	151.222256
670.456485546685	675.960018546685	690.219147546685
92.349685	96.5823688	107.548907
59.3561956	62.0766869	69.12524
37.1807013	38.8848156	43.3000275
28.4803125	29.78566	33.1676981
23.1755819	24.2377963	26.9898987
20.92253	21.8814775	24.3660306
19.1994431	20.0794181	22.3593538
18.688745	19.5453112	21.7646006
15.1306725	15.8241619	17.62093
14.2398563	14.892515	16.5835
15.0906319	15.7822863	17.5743006
14.8771644	15.5590356	17.3256987
14.8956825	15.5784	17.3472637
14.4367631	15.0984475	16.8128144
15.1893219	15.8854975	17.68923
15.47609	16.18541	18.0231956
15.1552694	15.849885	17.6495744
13.8489762	14.48372	16.1282875
14.2773956	14.9317775	16.6272187
14.3629644	15.0212669	16.7268712
15.2999025	16.0011469	17.8180106
15.709015	16.4290112	18.2944588
16.5376069	17.2955781	19.2594213
19.0056919	19.8767844	22.1337125
24.0577287	25.1603738	28.0172306
31.2524638	32.6848663	36.3960994
48.5258594	50.7499587	56.5124094
75.2911362	78.7419825	87.6828138
1232.07417107903	1237.80005807903	1252.63531307903
1458.99522199553	1465.56540999553	1482.58814699553
80.5697144	84.2624869	93.8301531
50.8494375	53.1800356	59.2184119
33.9631325	35.5197744	39.5529013
25.705455	26.8836206	29.9361444
19.609475	20.5082431	22.8368681
17.2408881	18.0310963	20.0784538
15.6684856	16.3866244	18.2472594
15.2764962	15.9766681	17.7907544
11.1431306	11.6538575	12.9771044
10.7028426	11.1933888	12.4643525
10.6640381	11.1528056	12.4191625
11.1981004	11.7113488	13.0411231
11.1770579	11.6893394	13.0166156
11.2188016	11.7329963	13.0652294
11.1845294	11.6971544	13.0253163
11.2396854	11.7548375	13.0895506
10.825161	11.321315	12.6068038
11.2588594	11.7748913	13.1118813
11.5640331	12.0940488	13.4672794
12.88137	13.4717675	15.0014319
15.0353319	15.7244506	17.5098956
19.1355125	20.0125563	22.2849006
29.372365	30.7185962	34.2065663
48.4722319	50.6938744	56.4499556
73.3484969	76.7102994	85.4204463
79.0669025	82.6907987	92.0800031
42.5768006	44.5282369	49.584235
26.0136837	27.2059756	30.2951038
18.6265656	19.4802812	21.6921888
14.7446744	15.4204725	17.1714044
12.1877425	12.7463456	14.1936425
11.6189788	12.1515175	13.5312712
9.16134269	9.58123731	10.6691476
9.05083094	9.46566031	10.5404479
8.8428365	9.248133	10.2982209
8.92253956	9.33148887	10.3910416
9.06307544	9.47846675	10.5547072
9.0127485	9.42583237	10.4960966
8.94417519	9.35411638	10.4162374
9.07180219	9.48759319	10.5648702
9.05128875	9.46613937	10.5409798
9.29580556	9.72186362	10.8257413
9.68653819	10.1305031	11.2807806
10.4057298	10.8826596	12.1183387
11.8236019	12.3655175	13.76957
15.4954612	16.2056694	18.0457581
21.2091306	22.1812156	24.6998
27.0173344	28.2556281	31.4639387
34.7231675	36.3146462	40.438025
34.9717069	36.5745769	40.7274694
27.8984456	29.1771244	32.4900656
19.9557125	20.8703487	23.2400925
15.0442444	15.7337725	17.5202762
11.9646156	12.5129944	13.9337913
10.4012209	10.8779435	12.1130894
9.8083935	10.2579439	11.4226919
8.23081125	8.60805631	9.58546606
7.98166369	8.34748975	9.295313
7.81755687	8.17586106	9.10419681
7.89022394	8.25185919	9.18882375
7.91246119	8.2751155	9.21472094
7.90814731	8.27060394	9.20969687
8.06478919	8.43442513	9.3921195
8.48063869	8.86933437	9.87641175
9.05409081	9.46906925	10.5442444
10.5832323	11.0682956	12.325055
12.3068831	12.8709475	14.3323906
16.5519869	17.31062	19.2761694
20.24648	21.1744419	23.5787131
18.8384056	19.7018313	21.9388938
15.0171719	15.7054594	17.4887506
11.7409025	12.2790262	13.6732581
9.87140844	10.3238471	11.4960781
8.76563856	9.16739675	10.2083172
7.73806594	8.092727	9.01162287
7.39143275	7.7302065	8.60793981
7.34521994	7.68187544	8.55412112
7.42281862	7.76303081	8.64449106
7.56004219	7.90654406	8.80429962
8.15521044	8.528991	9.49742275
9.31699156	9.74401981	10.8504123
10.7939749	11.2886993	12.570485
12.8031187	13.3899275	14.9103006
11.8307225	12.3729625	13.7778637
9.93218256	10.3874067	11.5668556
8.36967481	8.75328456	9.74718387
7.65862212	8.00964219	8.91910394
7.34682112	7.68355031	8.55598594
7.53471838	7.88005925	8.77480762
8.27643412	8.65577031	9.63859769
8.918881	9.32766231	10.3867816
8.62202794	9.01720394	10.0410713
7.806917	8.16473375	9.09180588
