#?RADIANCE
genskyvec -m 1
NROWS=146
NCOLS=1
NCOMP=3
FORMAT=ascii

19.6998581	20.6027675	22.9421256
30.0989462	31.4784806	35.0527331
29.1328869	30.468145	33.9276775
28.7191675	30.0354625	33.4458663
28.072185	29.358825	32.6923988
26.6835825	27.9065794	31.0752575
27.3447494	28.59805	31.8452406
28.8188775	30.1397406	33.561985
31.2130631	32.6436625	36.3502144
34.7092	36.3000375	40.4217569
42.9586687	44.9276062	50.0289531
49.6378681	51.912935	57.8074363
57.2840938	59.9096137	66.7121062
60.9100412	63.7017494	70.9348225
59.73218	62.4699025	69.5631019
53.7450756	56.2083925	62.5906244
46.7861063	48.9304681	54.4863225
40.8300031	42.7013756	47.5499431
34.95113	36.5530556	40.7035063
30.1805237	31.5637975	35.1477388
29.4700438	30.8207544	34.3203244
26.9474162	28.1825056	31.382515
27.2989506	28.5501512	31.791905
26.3349325	27.5419481	30.6692231
28.3247419	29.6229575	32.9865219
30.2131456	31.5979125	35.1857263
31.8365894	33.2957656	37.0763644
33.1027475	34.6199556	38.55091
31.8497462	33.3095262	37.0916856
31.7267938	33.1809381	36.9484975
30.5347181	31.9342244	35.560225
18.7541594	19.6137238	21.8407812
16.8232606	17.5943263	19.5920925
17.960725	18.7839237	20.9167619
17.2915537	18.0840831	20.1374569
17.7632944	18.5774438	20.6868369
18.1942313	19.028135	21.1886994
20.8206356	21.7749137	24.2473669
24.2613288	25.373305	28.2543413
29.1514294	30.487535	33.94927
34.5859931	36.1711831	40.2782731
45.2595756	47.3339719	52.7085519
57.08088	59.6970844	66.4754444
64.124475	67.0635106	74.6783
63.6773213	66.5958625	74.1575513
54.684895	57.1912844	63.6851206
41.9311975	43.8530425	48.832375
34.9290731	36.5299894	40.6778181
26.7434044	27.9691419	31.1449219
22.3142306	23.3369644	25.9867838
19.2427313	20.1246875	22.4097644
17.9312819	18.7531331	20.8824744
17.4238181	18.2224094	20.2914887
16.1942388	16.9364762	18.85954
17.827245	18.6443256	20.7613125
18.5887875	19.4407719	21.6481925
19.4165506	20.3064756	22.6121938
18.7697094	19.6299888	21.8588925
19.4423744	20.3334825	22.6422656
18.7967131	19.6582281	21.8903394
18.9179044	19.7849744	22.0314769
12.1698131	12.7275956	14.1727619
11.6726744	12.2076706	13.5938
11.8564006	12.39982	13.8077688
13.1225325	13.72398	15.2822819
14.5690531	15.2368013	16.9668775
17.4427956	18.2422594	20.3135919
22.3337894	23.3574213	26.0095606
31.46973	32.9120919	36.649125
44.9139969	46.9725544	52.306095
68.779795	71.9321981	80.0998069
83.8033619	87.6443475	97.596
62.1514713	65.0000806	72.3805725
40.6707519	42.5348263	47.3644819
27.929345	29.2094406	32.5260519
20.2577025	21.1861787	23.5917825
16.3386112	17.087465	19.027675
13.5873156	14.2100675	15.8235625
13.0862819	13.68607	15.2400662
12.2308969	12.79148	14.2439
11.729165	12.2667506	13.6595906
12.3246063	12.8894838	14.3530306
12.5474869	13.1225787	14.6125956
12.0180269	12.5688525	13.995995
12.4322488	13.0020581	14.4783888
9.64799638	10.0901958	11.2358962
9.90140787	10.3552241	11.5310163
10.3002329	10.7723263	11.9954806
11.1215781	11.6313175	12.9520062
13.1958613	13.8006713	15.3676806
15.3125044	16.0143275	17.8326912
21.1412044	22.1101756	24.6206963
31.1767294	32.6056637	36.3079013
51.7132737	54.0834644	60.2244206
2113.48955021676	2117.47593271676	2127.80427821676
5791.06773480385	5796.36566080385	5810.09213780384
69.2784594	72.4537194	80.6805412
44.9081231	46.9664113	52.299255
26.9737756	28.2100725	31.4132106
18.9846612	19.8547912	22.1092212
15.0575562	15.7476938	17.53578
12.4336656	13.0035425	14.4800406
11.0482931	11.5546738	12.8666588
10.2981326	10.7701294	11.9930331
9.88833737	10.3415542	11.5157944
9.79974931	10.2489038	11.412625
9.83880125	10.2897457	11.4581037
9.68740987	10.1314156	11.2817956
9.82020963	10.2703026	11.4364531
8.87673838	9.28358869	10.3377025
9.42196062	9.85379937	10.97266
10.4896813	10.9704562	12.2161075
12.6489669	13.2287112	14.7307775
16.3215838	17.069655	19.0078444
26.5079569	27.7229037	30.8707269
42.3025419	44.2414075	49.2648381
1794.6128957957	1798.0701789957	1807.0276851957
65.1534619	68.1396606	75.8766469
37.7519688	39.4822637	43.9653156
23.41886	24.4922256	27.2732163
16.2529094	16.9978344	18.9278687
12.36919	12.9361112	14.4049531
10.209025	10.6769381	11.8892606
9.31338244	9.7402455	10.8462106
8.82817631	9.23280056	10.2811463
8.69423131	9.09271656	10.1251586
8.70413594	9.10307519	10.1366921
9.204199	9.62605806	10.7190575
10.4988627	10.98006	12.2268025
13.3423494	13.953875	15.53828
19.7332119	20.6376488	22.9809719
28.2109275	29.5039269	32.8539775
34.5162788	36.0982731	40.197085
27.0330763	28.2720919	31.4822738
18.2401262	19.0761325	21.2421494
12.58592	13.162775	14.6573544
10.2196122	10.6880105	11.9015894
8.95400612	9.36439769	10.4276869
8.93864162	9.34832925	10.4097931
10.7052524	11.19591	12.4671581
13.3454738	13.95714	15.5419162
18.0146163	18.8402862	20.9795231
19.2418775	20.1237975	22.4087725
12.8873869	13.4780581	15.0084363
10.5908766	11.0762901	12.3339594
13.4104494	14.0250931	15.6175856
