#?RADIANCE
genskyvec -m 1
NROWS=146
NCOLS=1
NCOMP=3
FORMAT=ascii

20.6875181	21.6356944	24.0923394
30.4793631	31.8763325	35.4957594
32.239965	33.7176288	37.5461288
33.3074862	34.83408	38.7893456
33.5480425	35.0856606	39.069495
31.4967994	32.9404006	36.6806494
30.385855	31.7785394	35.3868625
29.4529069	30.8028306	34.3003663
27.2256656	28.4735081	31.7065575
25.5633088	26.73496	29.770605
28.6342562	29.9466588	33.34698
27.3199994	28.5721656	31.8164175
30.4240363	31.8184694	35.4313269
32.9852413	34.4970631	38.4140656
35.9779656	37.6269538	41.89934
41.9829944	43.9072138	48.8926988
49.4405525	51.7065769	57.5776469
54.0852681	56.5641769	62.9868062
59.9183125	62.6645669	69.7798725
59.5183306	62.2462519	69.3140587
54.9315894	57.4492837	63.9724169
48.0061775	50.2064612	55.9071994
41.1743625	43.06152	47.9509781
35.3458081	36.9658225	41.1631388
32.2440419	33.7218919	37.550875
29.6475644	31.0064094	34.52706
28.6030094	29.91398	33.3105894
28.6335012	29.9458681	33.3461
27.7015625	28.971215	32.26078
28.4926056	29.7985156	33.1820175
29.2288406	30.568495	34.0394225
19.1774238	20.0563875	22.3337081
18.0397444	18.8665656	21.0087887
20.023115	20.9408419	23.3185875
19.3871013	20.2756756	22.5778975
19.0110769	19.8824187	22.139985
17.6634369	18.4730094	20.5705431
18.5836906	19.4354419	21.6422562
18.6548919	19.5099081	21.7251781
18.0457531	18.87285	21.015785
16.6779325	17.4423387	19.4228431
18.3845863	19.2272131	21.4103844
20.2709781	21.2000644	23.6072444
24.2071825	25.31668	28.1912825
28.8022519	30.1223537	33.5426237
34.5750175	36.1597038	40.26549
44.6927088	46.741125	52.0483863
54.1647881	56.64734	63.0794119
63.4200662	66.3268187	73.8579563
62.0473469	64.8911794	72.2593081
53.67667	56.1368487	62.5109581
43.1845244	45.1638131	50.2919812
34.0285438	35.5881844	39.6290763
26.5254663	27.7412163	30.8911188
23.41381	24.4869431	27.2673344
20.8664563	21.8228344	24.3007288
19.5700906	20.4670538	22.7910006
17.7963906	18.6120556	20.7253794
17.8811206	18.7006713	20.8240562
17.5965775	18.4030856	20.4926825
18.3239519	19.1638	21.3397713
12.4745144	13.0462625	14.5276137
12.0672581	12.6203406	14.0533275
12.1247325	12.6804506	14.1202619
12.846565	13.4353656	14.9608956
12.6212063	13.1996756	14.6984462
12.5846125	13.1614075	14.6558312
12.7648681	13.3499238	14.8657531
13.5621969	14.1837981	15.79431
14.4036575	15.0638238	16.7742581
17.5463594	18.3505681	20.4342
21.7426687	22.7392069	25.3211512
31.6199075	33.0691531	36.8240181
47.5111187	49.6887106	55.33066
69.7410263	72.9374875	81.2192438
80.5374163	84.2287138	93.7925369
63.4332269	66.3405825	73.8732831
39.9866862	41.8194075	46.5678319
29.145245	30.4810669	33.9420675
20.6362688	21.5820962	24.0326544
16.5603031	17.3193156	19.2858531
14.4354294	15.0970525	16.8112613
13.2406731	13.8475375	15.41987
12.1986675	12.7577731	14.206365
12.4173581	12.9864856	14.4610487
9.86772144	10.3199914	11.491785
9.87494962	10.3275514	11.5002031
9.70724081	10.1521549	11.3048919
9.82275944	10.2729688	11.4394212
10.0769249	10.538785	11.73542
10.17242	10.6386556	11.8466306
10.68291	11.1725444	12.4411388
11.7812056	12.3211763	13.7201944
13.5819606	14.2044688	15.8173263
16.3941344	17.1455325	19.0923369
21.8759313	22.8785756	25.476345
32.2987544	33.7791125	37.6145919
47.1223437	49.2821169	54.8779
2310.71246125882	2314.72583125882	2325.12412965882
5385.92694771633	5391.25433871633	5405.05710071633
78.9730063	82.5926006	91.9706438
45.6147956	47.7054719	53.1222344
29.39191	30.73904	34.2293325
20.1651969	21.0894331	23.4840531
15.5073544	16.2181075	18.0596081
13.00662	13.6027569	15.147295
11.4485906	11.9733175	13.3328381
10.5710454	11.0555519	12.3108644
10.2754836	10.7464444	11.9666575
9.199267	9.62089969	10.7133137
8.97518787	9.38655038	10.452355
8.95010425	9.36031706	10.4231438
9.20727494	9.62927462	10.7226394
9.7179895	10.1633966	11.3174094
11.1500981	11.6611444	12.9852194
13.2243538	13.8304694	15.4008606
18.6155975	19.4688131	21.679415
26.2994706	27.5048619	30.6279262
46.0692494	48.180755	53.6514825
2224.96363717042	2228.01643897042	2235.92597087042
74.7941869	78.2222525	87.1040637
44.3883462	46.4228119	51.6939306
24.1412338	25.2477062	28.1144819
16.7541025	17.5219994	19.5115506
12.7169625	13.2998225	14.8099625
10.6754506	11.1647406	12.4324512
9.69254537	10.1367873	11.2877763
9.43480038	9.86722894	10.9876125
9.35970044	9.78868606	10.9001519
9.65253744	10.0949444	11.2411831
10.8391238	11.3359175	12.6230625
13.5890206	14.21185	15.8255456
20.5754556	21.5184969	23.9618344
32.4161694	33.9019106	37.7513319
38.8650619	40.6463775	45.2616062
31.05034	32.4734788	36.1607094
19.09163	19.9666631	22.2337956
12.7088544	13.2913431	14.8005206
10.6231667	11.1100613	12.371565
11.2307478	11.74549	13.0791419
11.5091487	12.0366519	13.403365
14.2245431	14.8765	16.5656662
19.8869275	20.79841	23.1599838
18.2276194	19.0630531	21.227585
13.9753369	14.6158738	16.2754475
14.0893606	14.7351237	16.4082369
