#?RADIANCE
genskyvec -m 1
NROWS=146
NCOLS=1
NCOMP=3
FORMAT=ascii

5.96594112	6.23938	6.94783581
22.7452994	23.7877925	26.4887975
21.8845131	22.8875519	25.4863381
22.1019625	23.1149681	25.73958
23.32739	24.3965594	27.1666912
26.243435	27.4462587	30.5626694
31.3265681	32.7623675	36.4824012
39.1582319	40.9529831	45.6030269
55.5493931	58.0954075	64.6919031
80.9158937	84.6245337	94.2333162
103.962496	108.727434	121.072991
129.137856	135.056674	150.391818
96.5601175	100.985783	112.452299
67.1191869	70.19548	78.16589
48.2176225	50.4275963	56.1534431
35.6272444	37.2601587	41.4908975
29.1415725	30.4772275	33.93779
24.9029525	26.0443363	29.0015637
23.0204575	24.0755612	26.8092419
21.8843713	22.8874044	25.4861756
22.5666762	23.6009806	26.2807756
23.4173775	24.4906719	27.2714888
23.9787856	25.0778131	27.9252956
24.5146812	25.63827	28.5493919
26.3310812	27.5379213	30.6647387
26.2755969	27.4798956	30.6001238
27.30965	28.5613425	31.804365
26.5034563	27.7181975	30.8654856
25.7516437	26.9319275	29.9899375
24.2513	25.3628169	28.2426613
23.1716987	24.2337344	26.9853756
16.7743106	17.5431319	19.5350825
15.4867981	16.1966081	18.0356669
17.1021437	17.8859913	19.9168712
17.9515219	18.7742988	20.9060425
21.01069	21.9736794	24.4687
24.9093512	26.0510306	29.0090169
33.3498369	34.8783694	38.8386638
48.8549894	51.0941756	56.8957087
78.652865	82.2577894	91.59782
1139.67416762986	1145.18955062986	1159.47942662986
1899.43867683174	1906.54886383174	1924.97076983174
104.775219	109.577403	122.019457
67.3638844	70.4513938	78.4508619
42.9761769	44.9459169	50.0493419
30.6596406	32.0648725	35.7057056
22.983175	24.0365694	26.7658231
21.0607688	22.0260556	24.5270212
17.1625356	17.9491519	19.9872056
16.2413994	16.9857956	18.9144644
15.45572	16.164105	17.9994731
15.9797581	16.7121631	18.6097619
17.0066462	17.7861162	19.8056569
16.5631437	17.3222862	19.2891619
18.7247	19.582915	21.8064744
19.4848487	20.3779031	22.6917313
19.8848	20.7961869	23.1575094
18.5447106	19.3946762	21.5968594
18.4177394	19.2618856	21.4489937
17.2787656	18.07071	20.1225638
17.0462556	17.8275413	19.8517856
10.8821799	11.3809444	12.6732056
10.5662824	11.0505701	12.3053188
11.3520375	11.8723381	13.2203944
14.1870206	14.8372594	16.52197
18.3457162	19.1865619	21.3651188
27.1662394	28.4113569	31.6373487
44.2473106	46.27531	51.5296813
80.681665	84.3795631	93.9605181
1462.74340161662	1467.10046781662	1478.38923321662
64.7428181	67.710195	75.3984075
39.0284738	40.8172769	45.4519113
23.6988256	24.78502	27.5992575
16.6657994	17.4296469	19.4087125
13.0594737	13.6580319	15.2088462
11.6444225	12.1781238	13.5609012
11.1486256	11.6596044	12.9835044
10.7548845	11.2478171	12.5249587
11.7198483	12.2570085	13.6487419
11.6397963	12.1732869	13.5555137
11.2256554	11.7401631	13.0732125
11.9406125	12.4878919	13.9058406
11.9189195	12.4652031	13.880575
10.9286378	11.4295342	12.72731
11.1345465	11.6448801	12.9671075
7.93282119	8.29640856	9.23843212
8.31496544	8.69606775	9.68347125
8.97188544	9.38309669	10.4485082
10.3484474	10.8227511	12.0516294
13.8925181	14.5292594	16.1789994
17.5842706	18.3902156	20.4783494
26.7677544	27.9946088	31.1732825
38.5202969	40.2858081	44.8600962
41.6796806	43.5899969	48.5394625
34.4535556	36.0326788	40.12404
23.2235662	24.28798	27.0457787
15.6149069	16.33059	18.1848625
12.6447831	13.224335	14.7259038
10.1908039	10.6578834	11.8680425
8.94337306	9.35327706	10.4153039
8.17190719	8.54645263	9.51686825
7.91946306	8.28243831	9.22287519
7.97238775	8.33778863	9.28451006
8.279556	8.65903537	9.64223381
8.31641588	8.69758469	9.68515987
8.41271513	8.79829788	9.79730856
8.42602106	8.81221344	9.81280419
8.10552262	8.47702575	9.43955737
8.20976869	8.58604956	9.56096063
6.47261294	6.76927419	7.53789769
7.02126512	7.34307275	8.17684869
7.957879	8.32261488	9.26761425
10.3157317	10.7885362	12.0135312
13.7585762	14.3891781	16.0230112
18.6081113	19.4609844	21.6706994
20.8026262	21.7560794	24.2263944
17.233395	18.0232581	20.0697269
13.1227044	13.7241612	15.2824819
9.81096425	10.2606339	11.4256859
7.80531631	8.16305975	9.08994187
7.01911356	7.34082238	8.174343
6.58550187	6.88733744	7.66936631
6.35608306	6.64740331	7.40218875
6.22534838	6.51067688	7.24993763
6.26737144	6.55462575	7.29887656
6.38277369	6.67531719	7.433272
6.36060725	6.65213469	7.4074575
5.876457	6.14579431	6.84362406
6.48488762	6.7821115	7.5521925
8.3329085	8.714833	9.70436681
11.0972301	11.6058528	12.9236502
11.3658579	11.8867912	13.2364888
9.67474006	10.1181659	11.2670419
7.82356925	8.18214913	9.11119869
6.50442281	6.80254188	7.57494269
5.77850937	6.04335756	6.729556
5.499473	5.75153194	6.40459481
5.51743194	5.77031412	6.42550962
5.48918531	5.74077294	6.39261419
5.63013644	5.88818431	6.55676356
6.48374856	6.78092019	7.55086581
7.20870006	7.5390985	8.39513225
6.74944887	7.05879838	7.86029588
5.5417795	5.79577769	6.45386444
5.30072156	5.54367119	6.17313225
5.88257038	6.15218825	6.85074394
