#?RADIANCE
genskyvec -m 1
NROWS=146
NCOLS=1
NCOMP=3
FORMAT=ascii

22.1437206	23.1586406	25.7882094
33.6288125	35.1701325	39.1635575
36.0701319	37.7233456	42.0066775
37.2375569	38.9442769	43.3662419
36.8876844	38.5783681	42.9587844
33.0638681	34.5792938	38.5056325
30.9999856	32.4208169	36.1020681
29.1004063	30.434175	33.8898525
26.0900894	27.2858831	30.3840856
23.7070444	24.7936175	27.6088306
27.7764456	29.0495319	32.3479862
26.3015313	27.5070162	30.630325
30.5399663	31.9397144	35.5663394
33.4713025	35.0054012	38.9801213
36.0400106	37.6918419	41.9715962
41.2353831	43.1253363	48.0220425
45.2801256	47.3554625	52.7324806
48.5311031	50.755445	56.5185169
48.694625	50.9264612	56.7089512
45.9439419	48.0497038	53.5055513
43.7382581	45.742925	50.9368488
37.8487262	39.5834587	44.078
34.530745	36.1134019	40.2139306
29.9599706	31.3331344	34.8908831
28.3092081	29.6067113	32.9684331
27.4135231	28.6699763	31.925335
27.193595	28.4399675	31.6692081
28.7360144	30.0530787	33.4654844
28.3055106	29.6028438	32.9641262
30.3510194	31.7421063	35.3462925
31.8569394	33.3170475	37.1000619
18.7820094	19.6428506	21.8732162
17.444705	18.2442538	20.3158131
19.6214394	20.5207556	22.8508025
18.545215	19.3952038	21.5974506
17.7177256	18.5297881	20.6337688
15.9486988	16.6796825	18.5735894
16.6486694	17.411735	19.3887656
16.552845	17.3115156	19.2771681
16.0587519	16.7947769	18.701755
15.1837512	15.8796719	17.6827431
17.218335	18.0075069	20.0521856
19.3823813	20.2707394	22.5723994
23.247345	24.3128481	27.0734725
27.1152675	28.3580481	31.5779906
31.3221431	32.7577394	36.4772475
37.937155	39.6759381	44.1809794
42.9719244	44.9414706	50.0443912
45.1106494	47.1782194	52.5351137
40.3590806	42.2088706	47.0015169
34.0457706	35.6061994	39.6491375
28.7553119	30.0732637	33.4879594
24.5114456	25.6348856	28.5456231
20.14032	21.0634188	23.4550825
18.7764663	19.6370538	21.8667606
17.2234125	18.0128187	20.0580994
16.5873219	17.3475731	19.3173187
15.5045156	16.2151394	18.0563025
16.2279475	16.9717281	18.8987994
16.4209594	17.1735869	19.1235781
17.5810062	18.3868013	20.4745475
11.2070841	11.7207419	13.0515831
10.7920932	11.2867313	12.5682919
10.7946327	11.2893875	12.5712506
11.3912972	11.9133987	13.266115
11.0393092	11.5452783	12.8561969
10.998177	11.5022588	12.8082937
11.3650869	11.8859863	13.2355913
12.4837294	13.0558988	14.5383438
13.6800756	14.3070788	15.9315894
16.8498606	17.622145	19.6230681
20.6217425	21.5669056	24.0157388
29.1762212	30.5134637	33.9781419
43.2359106	45.2175537	50.3518237
58.2268	60.8955269	67.8099663
52.8673806	55.2904662	61.5684713
36.8389969	38.52745	42.9020825
24.4741431	25.5958744	28.5021794
19.8564525	20.7665387	23.1244944
15.5468438	16.2594063	18.1055956
13.1116469	13.7125969	15.2696062
11.8538881	12.3971931	13.8048437
11.1346587	11.6449975	12.9672394
10.4987109	10.9799013	12.2266219
10.9779513	11.4811076	12.7847394
8.53096438	8.92196669	9.93501969
8.58104275	8.97434019	9.99334075
8.43666631	8.8233465	9.82520119
8.54943394	8.94128275	9.95652881
8.84422631	9.24958681	10.2998388
9.04335762	9.45784462	10.5317444
9.81209431	10.261815	11.4270019
11.1044344	11.6133881	12.9320394
13.0402081	13.6378837	15.1864106
15.7240956	16.4447794	18.3120194
20.9038469	21.8619387	24.3442719
32.6718206	34.1692775	38.0490581
51.9990156	54.3823025	60.5571881
3646.59200444248	3651.29303144248	3663.47299844248
2817.63860728478	2821.38519288478	2831.09227168478
46.7469287	48.8894963	54.4406969
26.9013819	28.1343631	31.3289038
18.9048081	19.7712775	22.0162244
14.5708	15.2386288	16.9689119
12.1134563	12.6686556	14.1071306
10.5972396	11.0829469	12.3413694
9.56608438	10.0045289	11.1405031
8.96476175	9.37564675	10.4402129
8.81129756	9.21514869	10.2614908
7.97094488	8.33627956	9.28283019
7.84446775	8.20400569	9.13553706
7.92456319	8.28777213	9.22881462
8.27702819	8.65639175	9.63928981
8.94129206	9.35110112	10.4128798
10.5691261	11.0535444	12.3086275
12.6095312	13.1874663	14.6848506
17.7260469	18.53849	20.6434619
26.0930194	27.28895	30.3874981
54.6134019	57.1165169	63.6018612
3683.01652810748	3686.74646810748	3696.41040560748
56.4265075	59.0127219	65.7133712
27.9972131	29.2804181	32.6050888
16.4995656	17.2557969	19.2151206
12.6512694	13.2311175	14.7334569
10.3417634	10.8157606	12.043845
9.00486588	9.41758837	10.4869175
8.31413081	8.69519475	9.68249863
8.30353087	8.68410931	9.67015388
8.410152	8.795617	9.79432294
8.85752119	9.26349037	10.3153221
10.1439597	10.6088912	11.8134869
12.6632838	13.2436838	14.7474494
19.1691113	20.047695	22.3240281
31.9325137	33.3960869	37.188075
34.8643494	36.4622981	40.6024431
22.45028	23.4792488	26.1452237
14.2830544	14.937695	16.63381
10.4279905	10.9059394	12.144265
9.1301225	9.54858619	10.6327894
9.8442055	10.2953973	11.4643988
10.3344204	10.8080796	12.035295
12.6962581	13.27817	14.7858506
17.2867125	18.0790187	20.1318181
14.7709175	15.4479187	17.2019656
11.5837481	12.1146694	13.4902406
12.1379525	12.6942731	14.1356569
