#?RADIANCE
genskyvec -m 1
NROWS=146
NCOLS=1
NCOMP=3
FORMAT=ascii

18.6405613	19.4949194	21.7084862
30.7340581	32.1427019	35.7923744
32.7904594	34.293355	38.187225
34.14877	35.7139194	39.7690888
34.7670531	36.3605444	40.4891338
33.1242381	34.6424312	38.57594
32.1083419	33.5799731	37.3928437
31.15923	32.58736	36.2875225
28.6346763	29.9470975	33.3474681
26.7629231	27.9895556	31.167655
29.1986181	30.5368875	34.0042262
27.4153156	28.6718494	31.9274206
29.7896788	31.1550381	34.6925662
31.7020281	33.1550363	36.9196563
34.1801344	35.7467244	39.8056169
39.9122881	41.7416012	46.4811894
47.7556688	49.9444694	55.61546
54.0972794	56.5767362	63.000795
63.6236294	66.53971	74.0950213
68.4687025	71.6068506	79.7375156
64.6958356	67.6610594	75.3436956
57.7592906	60.40659	67.2655106
48.1205906	50.3261156	56.0404394
40.6045075	42.4655469	47.2873375
35.8423088	37.4850806	41.7413569
31.6269794	33.0765475	36.8322538
29.8116863	31.1780544	34.7181931
29.1177769	30.45234	33.9100781
27.9686694	29.2505663	32.5718475
28.4947775	29.8007875	33.1845444
29.3254819	30.6695669	34.1519694
19.7487775	20.6539294	22.9990994
18.7401587	19.5990806	21.8244763
20.9479687	21.908085	24.3956588
20.4927706	21.4320212	23.8655419
20.2538806	21.1821819	23.5873319
18.8601406	19.7245631	21.964205
19.8302062	20.7390881	23.0939281
19.7575825	20.6631388	23.0093531
18.7569138	19.616605	21.8439894
16.8583725	17.6310469	19.6329813
18.1449144	18.9765544	21.1312675
19.4907225	20.3840462	22.6985725
22.82712	23.8733619	26.584085
26.5807369	27.7990194	30.9554844
31.5729925	33.0200887	36.7693837
41.3111331	43.2045594	48.1102587
52.7885906	55.2080663	61.476715
67.3094525	70.3944669	78.3874688
74.6483606	78.069745	86.9342438
69.1206287	72.2886569	80.4967356
55.7889288	58.3459206	64.9708619
42.4343681	44.3792763	49.4183594
31.8495325	33.3093006	37.0914363
26.8992525	28.1321337	31.3264238
23.19477	24.2578625	27.0122412
21.1919688	22.1632662	24.6798144
18.8326019	19.6957625	21.9321356
18.5729888	19.4242506	21.6297938
18.1238763	18.9545513	21.106765
18.8154219	19.6777944	21.9121281
12.9477731	13.5412125	15.0787619
12.5670706	13.1430613	14.6354025
12.7013475	13.2834919	14.7917794
13.5493544	14.1703662	15.7793531
13.2989575	13.9084913	15.4877419
13.1351713	13.7371981	15.2970025
13.0638756	13.6626369	15.2139725
13.4905962	14.1089138	15.7109237
13.8497831	14.4845638	16.1292281
16.2776625	17.0237219	18.9566956
19.4703931	20.3627838	22.674895
27.3621031	28.6161975	31.8654506
40.7158731	42.5820156	47.4170281
63.6552725	66.5728019	74.1318731
92.2938675	96.5240012	107.483906
86.7951744	90.7732819	101.080214
53.6155194	56.072895	62.4397412
36.9237225	38.6160575	43.0007538
24.449225	25.5698125	28.4731619
18.7989012	19.6605169	21.8928881
15.8020387	16.5262975	18.4027913
14.1329044	14.7806625	16.4589456
12.7841263	13.3700638	14.88818
12.8878481	13.4785413	15.0089738
10.224732	10.693365	11.9075531
10.2288415	10.6976634	11.91234
10.0499749	10.5105988	11.7040344
10.1662101	10.6321609	11.8394
10.3664996	10.8416312	12.0726544
10.3499354	10.8243075	12.0533631
10.5891613	11.0744975	12.3319613
11.3668719	11.8878537	13.2376706
12.617395	13.1956925	14.6940106
14.7065487	15.3805975	17.1270012
18.7048831	19.56219	21.7833956
26.0922744	27.2881694	30.3866275
36.8907325	38.5815569	42.9623337
68.2711281	71.4002188	79.5074225
4279.4252616419	4284.9110626419	4299.1242686419
3183.58680610039	3188.53114510039	3201.34148510039
60.2400825	63.0010844	70.1546006
36.7437656	38.427855	42.79118
23.8111331	24.9024762	27.7300506
17.5156475	18.3184475	20.3984331
14.2372263	14.8897662	16.5804369
12.214325	12.7741475	14.2246
11.1037731	11.6126969	12.9312706
10.7020675	11.1925781	12.46345
9.45609288	9.88949731	11.0124087
9.17039331	9.590703	10.6796869
9.06459569	9.480056	10.5564781
9.23430012	9.65753844	10.7541119
9.56543556	10.0038514	11.1397481
10.5482012	11.0316606	12.2842594
12.0686113	12.621755	14.0549031
15.9881669	16.7209569	18.6195525
21.4400244	22.4226912	24.9686969
35.1867894	36.7995162	40.9779494
51.0814138	53.4226419	59.4885637
1834.80335349674	1838.12793719674	1846.74164659674
52.1946375	54.5868906	60.7850081
27.6443581	28.9113906	32.1941606
18.5136731	19.3622144	21.560715
13.6521437	14.2778669	15.89906
11.2345481	11.7494662	13.08357
10.0496133	10.5102181	11.7036113
9.543024	9.980412	11.1136475
9.30147406	9.72779144	10.8323419
9.41768369	9.84932725	10.9676781
10.2552036	10.7252331	11.9430394
12.2997519	12.86349	14.3240881
17.5093962	18.3119106	20.3911537
26.486625	27.7005925	30.8458825
33.6277375	35.1690069	39.1623038
31.3950081	32.8339444	36.562105
19.9938619	20.910245	23.2845175
13.2688312	13.876985	15.4526594
10.8468488	11.343995	12.6320594
11.044824	11.551045	12.8626181
11.0005223	11.5047113	12.8110256
13.0599394	13.6585194	15.2093881
17.7190481	18.5311712	20.6353113
17.4072481	18.2050813	20.2721931
13.8545681	14.4895694	16.1348012
13.3459462	13.9576362	15.5424681
