#?RADIANCE
genskyvec -m 1
NROWS=146
NCOLS=1
NCOMP=3
FORMAT=ascii

2.22713563	2.32921269	2.59368506
16.2520119	16.9968956	18.9268225
15.5712256	16.2849087	18.1339925
15.2493706	15.9483019	17.759165
15.2573219	15.956615	17.7684231
15.7029244	16.4226438	18.2873656
15.4139938	16.1204675	17.9508813
15.5144112	16.2254881	18.0678262
15.4269506	16.1340219	17.9659737
16.1754419	16.9168169	18.8376525
15.2717637	15.9717181	17.7852431
16.1639106	16.904755	18.8242212
15.677495	16.3960444	18.2577494
15.7902781	16.514	18.3890969
16.1600831	16.9007512	18.8197644
16.623075	17.384965	19.3589556
18.9212881	19.7885137	22.03542
20.0995656	21.0207944	23.40762
26.7937556	28.0218019	31.2035644
40.3287344	42.1771338	46.9661756
58.2848269	60.9562144	67.8775425
103.469397	108.211729	120.498735
642.160202375117	647.454302375118	661.170881375117
91.235325	95.4169463	106.251146
55.5986756	58.1469462	64.7492938
33.4139775	34.9454506	38.9133644
25.0559387	26.2043356	29.1797294
19.9931256	20.9094787	23.2836638
18.3854563	19.2281231	21.4113969
16.7193188	17.4856213	19.4710412
16.3796094	17.1303412	19.0754213
14.626825	15.2972225	17.0341594
13.7439063	14.3738369	16.0059281
14.3163669	14.9725331	16.6726012
14.0699388	14.7148112	16.3856175
13.9646694	14.6047156	16.2630219
13.5489719	14.169965	15.7789075
14.1537906	14.8025063	16.4832688
14.4442219	15.1062475	16.8215006
14.2841512	14.9388425	16.6350856
13.2644306	13.8723831	15.4475356
13.7063637	14.3345712	15.9622038
13.8320994	14.4660694	16.1086325
14.6551512	15.326845	17.0671463
14.8220325	15.5013756	17.2614944
15.3322513	16.0349794	17.8556844
16.9111575	17.6862513	19.6944531
20.3780437	21.3120381	23.7319312
24.6598444	25.7900869	28.718445
35.6992681	37.3354844	41.574775
51.9906181	54.3735188	60.5474081
456.731032492436	460.537086792436	470.398226192436
838.033050436723	843.255148436723	856.785171436723
74.1153538	77.5123044	86.3135069
48.9169606	51.1589869	56.96788
32.9025969	34.4106306	38.3178162
24.8986663	26.0398531	28.9965731
19.0232169	19.8951138	22.1541206
16.7338756	17.5008469	19.4879962
15.2529381	15.9520306	17.7633188
14.8756075	15.5574069	17.3238856
10.4950486	10.9760716	12.2223587
9.95404537	10.4102721	11.5923169
9.85055956	10.3020439	11.4718
10.3847083	10.8606755	12.0938594
10.3187431	10.7916864	12.0170381
10.3720383	10.8474222	12.0791025
10.3706242	10.8459449	12.0774563
10.4956359	10.9766862	12.223045
10.0411217	10.5013404	11.693725
10.5000859	10.9813401	12.2282256
10.6636162	11.1523678	12.4186712
11.5564906	12.0861625	13.4584975
12.7475919	13.3318544	14.8456319
14.96064	15.6463344	17.4229131
20.9975637	21.95995	24.4534137
31.7357388	33.1902931	36.9589144
45.2344063	47.3076463	52.6792356
55.6641887	58.2154625	64.8255888
35.2682387	36.8847	41.0728038
22.3778544	23.4035056	26.0608787
16.8873775	17.6613825	19.6667594
13.675265	14.3020475	15.9259844
11.3180588	11.8368019	13.1808219
10.9516256	11.4535754	12.7540831
7.85853537	8.21871781	9.15192
7.79282694	8.149998	9.07539669
7.51892581	7.863543	8.75641612
7.61382412	7.96279081	8.86693312
7.77398994	8.13029763	9.05345944
7.70660531	8.05982444	8.97498456
7.63018938	7.97990631	8.88599181
7.79616413	8.153488	9.07928275
7.72542487	8.07950656	8.99690175
7.92850062	8.29189	9.23340062
8.09079669	8.46162469	9.42240806
8.30664269	8.68736369	9.67377775
9.16023144	9.58007419	10.6678546
11.1980418	11.7112864	13.0410544
14.1774106	14.8272075	16.5107769
16.9335919	17.7097137	19.7205794
21.2127919	22.1850462	24.7040656
22.5363862	23.5693037	26.2455012
20.015725	20.9331106	23.30998
15.3945063	16.1000869	17.9281862
12.210102	12.7697325	14.2196831
10.0726919	10.5343557	11.7304889
8.84778006	9.25330287	10.3039776
8.50781131	8.89775256	9.90805538
6.37379019	6.66592212	7.42281025
6.2256145	6.51095494	7.25024719
6.04947381	6.32674113	7.04511662
6.175885	6.45894619	7.19233319
6.19850231	6.48260019	7.21867294
6.14762063	6.42938631	7.15941669
6.26851944	6.55582631	7.30021356
6.49906175	6.79693519	7.56869931
6.72690525	7.03522162	7.83404225
7.48602206	7.82913125	8.71809713
8.10598994	8.47751419	9.44010069
10.3030108	10.7752327	11.998715
12.2563227	12.8180694	14.2735094
11.9364019	12.4834863	13.9009344
10.0904085	10.5528856	11.7511227
8.41405606	8.7997	9.79886987
7.44987156	7.79132388	8.67599694
6.74637906	7.05558781	7.85672094
5.51984825	5.77284113	6.4283235
5.222375	5.46173375	6.08189119
5.26541013	5.50674125	6.13200919
5.35583469	5.60131044	6.23731619
5.33759681	5.58223644	6.21607644
5.57706531	5.83268075	6.49495781
6.12489731	6.40562181	7.13295369
6.74347419	7.05254975	7.85333775
7.75787156	8.11344062	9.03468887
7.40861225	7.74817338	8.62794656
6.68338288	6.98970469	7.78335675
5.76548919	6.02974081	6.714393
5.02791844	5.25836463	5.85543038
4.84031156	5.06215887	5.63694644
4.915164	5.140442	5.72411819
5.26428944	5.50556919	6.13070413
5.50836744	5.76083388	6.41495313
5.46776688	5.71837262	6.36767044
4.94765456	5.17442188	5.76195644
