#?RADIANCE
genskyvec -m 1
NROWS=146
NCOLS=1
NCOMP=3
FORMAT=ascii

1.93062725	2.01911431	2.2483765
15.1934319	15.8897956	17.6940156
14.5323894	15.1984575	16.9241787
14.2145469	14.8660475	16.5540262
14.2069306	14.8580812	16.5451556
14.6158437	15.2857356	17.0213694
14.3346075	14.99161	16.6938456
14.4251538	15.0863063	16.7992944
14.3490606	15.0067275	16.7106787
15.0630069	15.7533937	17.542125
14.2166619	14.86826	16.5564888
15.072765	15.7636	17.5534931
14.6201494	15.2902388	17.0263819
14.7253006	15.4002087	17.14884
15.0591244	15.7493337	17.5376081
15.4535619	16.1618488	17.9969587
17.5213544	18.3244169	20.4050806
18.5278963	19.3770912	21.5772806
24.5277944	25.6519837	28.5646619
36.6517163	38.3315831	42.6839763
53.1088538	55.5430062	61.8496875
95.0538019	99.4104337	110.698093
653.238056076785	658.345637076785	671.578962076785
88.2348544	92.2789481	102.756851
53.2857419	55.7280025	62.0556894
31.7434825	33.1983894	36.9679319
23.6446725	24.7283869	27.5361944
18.7837906	19.6447131	21.8752875
17.2346269	18.0245469	20.07116
15.6501456	16.3674431	18.2259012
15.3218131	16.0240625	17.8435281
13.6784944	14.3054263	15.9297488
12.8404356	13.4289556	14.9537588
13.3659331	13.9785369	15.5657419
13.1229112	13.7243781	15.2827256
13.011935	13.6083138	15.1534831
12.6173288	13.1956225	14.6939325
13.1789994	13.7830356	15.3480437
13.4519744	14.0685225	15.665945
13.3103787	13.9204387	15.5010456
12.3656175	12.9323744	14.4007906
12.7865463	13.3725963	14.8909988
12.9080794	13.4997	15.032535
13.67561	14.3024094	15.9263894
13.8101488	14.4431144	16.08307
14.2466506	14.8996206	16.5914113
15.6263437	16.3425506	18.1981806
18.7256187	19.5838762	21.8075438
22.4156181	23.443	26.1048563
32.1005719	33.5718469	37.3837931
46.247465	48.36714	53.85903
381.283307667687	384.640711467687	393.339446467687
677.438454267669	682.113291267669	694.225404267669
68.8248387	71.9793056	80.1522637
46.0573619	48.1683237	53.6376394
30.9590956	32.378055	36.05445
23.392775	24.4649431	27.2428369
17.8267275	18.6437844	20.76071
15.6694313	16.3876131	18.24836
14.2744544	14.9286994	16.6237938
13.9184575	14.5563881	16.209205
9.78828256	10.2369101	11.3992706
9.2763915	9.70155862	10.8031312
9.17304488	9.59347594	10.682775
9.66612675	10.1091559	11.2570103
9.59868819	10.0386283	11.1784737
9.64693863	10.0890895	11.2346639
9.64792444	10.0901211	11.2358129
9.770055	10.2178485	11.3780428
9.34673025	9.77512138	10.8850468
9.775652	10.2237028	11.3845618
9.915637	10.3701056	11.5475894
10.7057334	11.1964119	12.4677188
11.7255556	12.2629781	13.6553887
13.6152681	14.2393012	15.8561162
18.8499275	19.7138819	21.9523125
28.1048319	29.3929687	32.7304212
39.7070725	41.5269769	46.2421956
49.5292969	51.7993881	57.680995
32.3162256	33.797385	37.6349412
20.6708919	21.6183062	24.0729763
15.7005531	16.4201606	18.284605
12.7390475	13.3229219	14.8356837
10.5461711	11.0295384	12.2818969
10.2157716	10.6839947	11.8971169
7.29961962	7.63418525	8.50101556
7.23976575	7.57158775	8.43131081
6.9799785	7.29989375	8.12876681
7.06706862	7.39097587	8.23019075
7.21450556	7.54517012	8.40189325
7.15038413	7.47810963	8.32721837
7.07919369	7.4036565	8.24431119
7.23561519	7.56724737	8.4264775
7.168	7.49653313	8.34773356
7.35324844	7.69027219	8.56347119
7.48761931	7.83080156	8.71995725
7.65251856	8.00325856	8.911996
8.39885737	8.78380462	9.78116981
10.1606764	10.6263738	11.8329546
12.7161988	13.299025	14.8090737
15.0575456	15.7476838	17.5357688
18.772	19.6323837	21.8615606
20.0730637	20.9930794	23.3767588
18.102735	18.9324437	21.0821444
14.0830231	14.7284938	16.4008537
11.2515117	11.7672066	13.1033225
9.3248565	9.75224556	10.8595738
8.20589837	8.58200219	9.55645312
7.90360275	8.26585094	9.20440425
5.8926615	6.16274175	6.86249606
5.75977131	6.02376069	6.707734
5.59486475	5.85129581	6.51568644
5.71345144	5.97531775	6.65379062
5.73378494	5.99658338	6.67747056
5.68420762	5.94473369	6.61973381
5.7940965	6.05965912	6.74770856
5.99601763	6.27083494	6.98286263
6.18512937	6.46861431	7.203099
6.83677063	7.15012231	7.9619895
7.34316194	7.67972319	8.55172406
9.24072931	9.6642625	10.7615999
10.9378604	11.4391802	12.7380506
10.7229582	11.2144256	12.4877787
9.14914912	9.56848463	10.6549471
7.69932775	8.05221363	8.96650906
6.85932813	7.17371381	7.98825981
6.22968488	6.51521194	7.25498744
5.08268263	5.31563881	5.91920781
4.80924387	5.02966731	5.60076538
4.8527385	5.0751555	5.65141869
4.93648644	5.16274163	5.74895006
4.91132969	5.13643219	5.71965294
5.11285312	5.347192	5.95434381
5.58350588	5.83941662	6.50245838
6.10733512	6.38725438	7.11250106
6.98925006	7.30959056	8.13956456
6.70639869	7.01377512	7.81016062
6.10384631	6.38360575	7.108438
5.29012544	5.53258956	6.16079231
4.6061665	4.81728238	5.36426506
4.4384425	4.64187119	5.1689365
4.50134431	4.70765588	5.24219094
4.80295975	5.02309538	5.59344725
5.009068	5.23865013	5.83347744
4.98579419	5.21430969	5.80637337
4.519916	4.72707875	5.26381919
