#?RADIANCE
genskyvec -m 1
NROWS=146
NCOLS=1
NCOMP=3
FORMAT=ascii

3.46773512	3.62667306	4.03846681
15.5507225	16.2634619	18.1101137
15.6243019	16.3404156	18.1958031
16.0958206	16.8335469	18.7449244
17.2512738	18.0419563	20.0905462
19.8041781	20.7118681	23.0636163
24.3908537	25.5087688	28.4051831
31.8822544	33.3435238	37.1295419
49.3332181	51.5943231	57.4526469
77.6897094	81.2504887	90.4761406
603.208429491711	607.905748491711	620.076104491711
109.637278	114.66233	127.681747
65.6836481	68.6941456	76.4940869
41.65812	43.5674456	48.5143525
29.3591925	30.7048206	34.1912269
22.2282825	23.2470781	25.8866881
18.9496006	19.8181225	22.0683887
16.7930206	17.5626994	19.5568725
16.0856525	16.8229125	18.7330838
15.5157244	16.2268613	18.0693556
15.6664769	16.3845219	18.2449188
15.8762656	16.6039275	18.4892362
15.5821662	16.2963481	18.1467319
15.4873588	16.1971937	18.0363194
15.9937825	16.7268312	18.6260944
15.507365	16.21812	18.0596206
16.0047987	16.7383525	18.6389231
15.6318544	16.3483131	18.2045987
15.70924	16.4292462	18.2947187
15.2462869	15.9450731	17.7555725
15.3148519	16.0167831	17.8354219
12.52006	13.093895	14.5806531
12.0951731	12.6495369	14.0858381
13.3310869	13.942095	15.5251637
14.1647844	14.8140038	16.4960725
16.7180163	17.4842575	19.4695244
20.31242	21.2434044	23.655505
27.8796825	29.1574988	32.4682125
43.1069581	45.0826931	50.2016469
74.8672294	78.2986425	87.1891331
1325.50153624395	1330.62262824395	1343.89097924395
884.387121500746	889.121636500746	901.388346500746
61.4524456	64.2690137	71.5664975
39.467505	41.2764313	45.9632019
25.876045	27.0620306	30.1348125
19.2704844	20.153715	22.4420837
15.4072506	16.1134163	17.9430294
14.6731188	15.3456338	17.0880687
12.7286888	13.3120856	14.8236187
12.3191363	12.8837625	14.3466612
11.8157987	12.3573556	13.7604831
11.9466056	12.4941606	13.9128219
12.2311363	12.79173	14.2441787
11.7214806	12.2587163	13.6506413
12.5401594	13.1149175	14.6040613
12.7368631	13.3206356	14.83314
12.8692488	13.4590894	14.9873131
12.3107231	12.874965	14.3368656
12.4286688	12.9983163	14.4742212
12.1344775	12.69064	14.13161
12.3147925	12.8792213	14.3416044
9.24919606	9.6731175	10.7714603
9.21869219	9.64121506	10.7359349
9.90990494	10.3641092	11.5409119
12.08694	12.6409262	14.0762512
15.6616119	16.379435	18.2392531
23.4495013	24.5242712	27.3089006
37.7487194	39.4788681	43.9615306
60.7078225	63.4902606	70.6993206
53.6004531	56.0571394	62.4221963
36.3151475	37.97959	42.2920175
23.4729306	24.5487738	27.3361856
15.5272081	16.2388713	18.08273
11.9346494	12.4816531	13.8988931
10.1669679	10.6329543	11.8402831
9.5469085	9.9844745	11.1181706
9.31583013	9.742806	10.84906
9.00914144	9.42206037	10.4918974
9.39778206	9.82851256	10.9445005
9.17367637	9.59413625	10.6835108
8.87534244	9.28212875	10.3360748
9.1790485	9.5997545	10.6897685
9.21004831	9.63217644	10.7258702
8.8628305	9.26904331	10.3215056
9.13391781	9.55255569	10.6372091
7.56017625	7.906684	8.80445575
7.89985462	8.26193112	9.20003963
8.47891206	8.8675285	9.87440031
9.56467775	10.0030584	11.1388651
12.4390675	13.0091912	14.4863325
15.4603094	16.1689056	18.0048187
22.0022331	23.0106681	25.6234344
28.218695	29.51205	32.8630225
26.6042444	27.8236056	30.9828588
21.6823125	22.6760831	25.2508606
15.5700844	16.2837125	18.1326612
11.4545219	11.9795194	13.3397431
9.84248544	10.2936003	11.462395
8.5761485	8.96922181	9.98763975
7.97112725	8.33647031	9.28304237
7.57466737	7.9218395	8.82133181
7.42654419	7.76692731	8.64883006
7.40958331	7.74918887	8.62907769
7.50077963	7.84456525	8.73528362
7.47142806	7.813868	8.70110081
7.50208281	7.845928	8.73680106
7.53769231	7.88316962	8.77827137
7.44452531	7.78573256	8.66977069
7.58708056	7.9348215	8.83578813
6.7245145	7.03272106	7.83125794
7.17031975	7.49895925	8.35043525
7.92233787	8.28544494	9.22622325
9.74667088	10.1933926	11.3508125
12.2958238	12.8593825	14.3195119
15.0765256	15.7675319	17.5578706
15.6212612	16.3372356	18.1922619
12.813865	13.4011675	14.922815
10.3320315	10.8055838	12.0325119
8.40569162	8.7909525	9.78912937
7.31187738	7.64700481	8.51529112
6.897327	7.21345456	8.03251281
6.66958663	6.975276	7.76728994
6.52122225	6.82011137	7.59450719
6.43129156	6.72605894	7.48977537
6.44787219	6.74339956	7.50908494
6.53314281	6.83257831	7.60838956
6.579841	6.88141694	7.66277363
6.40138637	6.694783	7.45494812
6.88597713	7.20158413	8.01929469
8.25484494	8.63319156	9.61345506
10.0965261	10.5592842	11.7582459
9.98617244	10.4438717	11.6297314
8.62972881	9.02525725	10.0500385
7.41263594	7.7523815	8.63263263
6.62927919	6.93312075	7.72034838
6.21756769	6.50253931	7.24087606
6.06113444	6.33893625	7.0586965
6.07404944	6.35244325	7.07373738
6.10270619	6.38241337	7.10711031
6.26383363	6.55092575	7.29475669
6.87118863	7.18611781	8.00207231
7.2913985	7.62558756	8.49144169
6.891371	7.20722537	8.02557619
6.13519069	6.41638687	7.14494125
5.99786813	6.27277025	6.98501769
6.41010806	6.70390437	7.46510537
