#?RADIANCE
genskyvec -m 1
NROWS=146
NCOLS=1
NCOMP=3
FORMAT=ascii

22.7818006	23.8259675	26.5313094
32.6136894	34.1084825	37.9813619
32.2127944	33.6892144	37.514485
31.9336812	33.3973075	37.1894356
31.1026812	32.5282219	36.2216681
28.9227181	30.2483438	33.6829181
28.6284187	29.9405538	33.3401806
29.1139694	30.4483587	33.9056463
29.8097881	31.17607	34.7159838
31.331095	32.7671037	36.4876712
37.8235156	39.557095	44.0486406
41.4650225	43.3655019	48.2894744
48.4576931	50.6786687	56.433025
53.9578294	56.430895	62.8383913
57.29644	59.9225263	66.7264837
57.3182481	59.9453331	66.7518819
54.6157606	57.1189813	63.6046087
48.9561931	51.2000162	57.0135687
43.1882306	45.16769	50.296295
36.7955844	38.4820481	42.8515262
34.7153425	36.3064594	40.42891
30.8309794	32.2440631	35.905245
29.9647762	31.3381625	34.8964813
28.0555656	29.341445	32.6730469
29.1492337	30.48524	33.9467125
30.5444319	31.944385	35.5715387
31.9639919	33.4290081	37.2247319
33.48639	35.0211812	38.9976925
32.6585356	34.1553837	38.0335881
33.1223781	34.6404856	38.5737719
32.5713837	34.06424	37.9320944
20.3176244	21.2488475	23.6615675
18.3879594	19.23074	21.4143131
19.6873275	20.5896631	22.927535
18.7350613	19.59375	21.8185425
18.6620944	19.51744	21.733565
18.3451719	19.1859919	21.3644819
20.2500144	21.1781394	23.5828313
22.3865981	23.4126494	26.0710594
25.1278563	26.27955	29.2634856
27.6213356	28.8873138	32.1673488
34.34374	35.9178256	39.9961481
42.4484894	44.3940425	49.4348038
51.4830625	53.8426994	59.9563175
59.3086375	62.0269475	69.0698531
60.2395425	63.0005188	70.1539712
53.597985	56.054555	62.4193219
46.0663487	48.1777219	53.6481031
36.4310587	38.100815	42.4270069
29.4979931	30.8499831	34.3528725
24.6802813	25.8114581	28.7422437
21.9471044	22.9530119	25.5592344
20.2280681	21.1551875	23.5572731
18.0726263	18.9009544	21.0470794
18.9578	19.8266994	22.0779381
19.2478331	20.1300256	22.4157069
19.8598375	20.7700794	23.1284356
19.2543556	20.1368469	22.4233025
20.1072337	21.028815	23.41655
19.7414369	20.6462525	22.99055
20.1722519	21.0968113	23.4922675
13.17731	13.7812687	15.3460744
12.6374144	13.21663	14.7173231
12.6851688	13.2665719	14.7729363
13.6502144	14.27585	15.8968137
14.4442056	15.1062313	16.8214813
16.2172956	16.9605869	18.8863931
19.1974169	20.0772975	22.3569906
24.53144	25.6557944	28.5689063
31.8128687	33.2709575	37.0487375
46.6332381	48.7705925	54.3082931
64.5779256	67.5377456	75.2063787
72.7819906	76.1178306	84.7606994
59.5959675	62.3274481	69.4044744
43.1766275	45.1555562	50.2827838
29.7283106	31.0908575	34.6210975
22.4608125	23.4902662	26.1574881
17.4279469	18.2267275	20.2962987
15.7850994	16.5085844	18.3830669
13.9547694	14.5943606	16.2514919
12.9730431	13.5676412	15.1081912
13.1835694	13.7878144	15.3533656
13.2811131	13.8898313	15.466965
12.8122656	13.3994956	14.9209538
13.3261062	13.9368863	15.5193619
10.4934296	10.9743794	12.2204737
10.6822044	11.1718056	12.4403169
10.8930819	11.3923475	12.6859044
11.4726256	11.9984531	13.3608294
12.9333562	13.5261356	15.0619719
14.3570806	15.0151125	16.7200169
18.1498394	18.9817069	21.1370013
24.2659906	25.37818	28.2597694
35.8893706	37.5342981	41.796165
54.4487119	56.9442787	63.4100662
2468.5340910242	2472.6958441242	2483.4785970242
3923.20452939624	3928.54690139624	3942.38847639624
82.6363262	86.4238225	96.2368888
46.6168331	48.7534369	54.2891875
30.1538513	31.5359031	35.116675
22.3065431	23.328925	25.9778275
17.0289575	17.8094519	19.8316412
14.1878875	14.8381656	16.5229775
12.4202519	12.9895144	14.46442
11.4245844	11.9482119	13.3048819
10.9745456	11.4775456	12.7807738
10.7992475	11.2942113	12.5766256
10.5864605	11.0716744	12.3288175
10.6864288	11.1762244	12.4452375
9.80441694	10.2537869	11.4180613
10.1836819	10.6504344	11.8597469
11.0130281	11.5177913	12.82559
12.6358981	13.2150419	14.7155556
15.3764569	16.0812112	17.9071675
22.8854025	23.9343169	26.65196
34.4680544	36.0478394	40.1409244
67.9193681	71.0323375	79.0977725
3981.12502066618	3985.57818976618	3997.11599576618
73.1218944	76.4733125	85.1565487
41.0993531	42.983075	47.8636238
25.6808394	26.8578794	29.9074813
17.6173175	18.424775	20.5168338
13.2970025	13.9064481	15.48547
11.4889656	12.0155431	13.3798575
10.3838519	10.8597781	12.0928606
9.89117269	10.3445169	11.5190956
9.74491637	10.1915575	11.3487675
10.3379364	10.8117575	12.0393894
11.4978431	12.0248263	13.3901994
13.8779681	14.5140406	16.1620513
19.340715	20.2271631	22.5238762
28.9684481	30.2961681	33.7361762
45.0294963	47.0933475	52.4406037
43.748985	45.7541456	50.9493438
28.8272363	30.1484825	33.5717188
17.9510331	18.7737869	20.9054744
13.3031825	13.9129106	15.492665
10.7851438	11.2794612	12.5601975
10.4218701	10.8995394	12.1371375
12.5624838	13.1382631	14.6300594
15.3060206	16.0075475	17.8251381
21.5062638	22.4919675	25.04584
26.079175	27.2744706	30.3713756
17.118545	17.9031456	19.935975
13.2075319	13.8128756	15.3812719
16.5964188	17.3570856	19.3279119
