#?RADIANCE
genskyvec -m 1
NROWS=146
NCOLS=1
NCOMP=3
FORMAT=ascii

5.28943156	5.53186375	6.159984
19.6000506	20.4983862	22.8258925
19.2512013	20.1335456	22.4196288
19.2385669	20.1203331	22.4049162
19.4406594	20.3316894	22.64027
19.6909612	20.5934619	22.9317663
19.4504919	20.3419694	22.65172
19.5982762	20.49653	22.8238275
19.1555187	20.0334794	22.3081994
19.5332669	20.4285406	22.7481187
19.40371	20.2930462	22.5972387
19.6256731	20.5251831	22.8557306
19.5201231	20.4147944	22.73281
19.63957	20.5397156	22.8719169
20.0414206	20.9599856	23.3399056
21.3876388	22.367905	24.9076875
24.8594456	25.9988344	28.9508962
28.2872756	29.5837763	32.9428937
38.8009863	40.5793613	45.1869825
60.8520431	63.6410956	70.8672794
85.7131587	89.6416825	99.8201325
129.45175	135.384956	150.75735
113.608914	118.815991	132.307068
88.0882338	92.1256037	102.586079
57.8233606	60.4735969	67.3401269
37.07336	38.7725538	43.1750187
28.9326881	30.2587694	33.6945287
23.8503281	24.9434662	27.7756956
21.7481519	22.7449437	25.3275369
20.0571562	20.9764431	23.3582306
19.58132	20.4787969	22.8040806
16.0016281	16.735035	18.6352306
15.0794769	15.7706181	17.5613081
15.9537856	16.6850006	18.5795131
15.7287406	16.4496425	18.3174312
15.7370819	16.4583638	18.3271438
15.2559994	15.9552344	17.7668844
16.029375	16.7640544	18.6675438
16.3255413	17.0737944	19.0124544
16.0005769	16.7339369	18.6340069
14.6631787	15.3352406	17.076495
15.128325	15.8217088	17.6181981
15.2533325	15.9524419	17.7637788
16.2842519	17.0306125	18.9643706
16.8085931	17.578985	19.5750075
17.8280994	18.6452206	20.7623087
20.7338525	21.6841538	24.1462994
26.4529487	27.6653725	30.8066644
34.9876556	36.5912563	40.7460431
54.985625	57.5057994	64.0353469
86.2547125	90.2080481	100.450806
1632.0732640439	1638.5409020439	1655.2979700439
1335.19689584559	1341.75599684559	1358.75001484559
80.8898413	84.5972931	94.202975
51.1987138	53.5453206	59.6251731
34.661955	36.2506256	40.3667387
26.516255	27.731585	30.8803919
20.4769256	21.4154519	23.8470888
18.1142312	18.9444681	21.095535
16.5321175	17.2898375	19.25303
16.1460763	16.8861069	18.8034531
11.8417837	12.3845313	13.7907438
11.3758375	11.89723	13.2481113
11.3286406	11.8478687	13.1931456
11.8825281	12.4271431	13.8381969
11.8544994	12.3978306	13.8055531
11.8965812	12.4418412	13.8545613
11.8646981	12.4084975	13.8174313
11.93595	12.483015	13.90041
11.5228969	12.0510294	13.4193756
12.0266831	12.577905	14.0060756
12.420665	12.9899456	14.4649019
13.9896694	14.6308631	16.2921381
16.5977669	17.3584969	19.3294819
21.5765388	22.5654606	25.1276769
33.9111337	35.4653944	39.492345
57.22563	59.8484694	66.6440188
770.143806277607	774.147395577607	784.520360977607
86.8057125	90.78431	101.092497
44.8685212	46.9249931	52.2531344
27.4068362	28.6629819	31.917545
19.5971162	20.4953156	22.8224756
15.574295	16.2881163	18.1375644
12.9311294	13.5238062	15.0593788
12.3387969	12.9043244	14.3695569
9.75627	10.2034317	11.3619919
9.63287269	10.0743782	11.2182838
9.40635413	9.83747781	10.9544838
9.48587144	9.92064069	11.04709
9.63016131	10.0715438	11.215125
9.57722156	10.0161776	11.1534738
9.51187919	9.94784075	11.0773763
9.66066188	10.1034426	11.2506462
9.667403	10.1104906	11.2584975
9.966944	10.4237631	11.6073381
10.4618079	10.9413087	12.1836487
11.3701656	11.8912969	13.2415056
13.0798862	13.67938	15.2326175
17.5461019	18.3502975	20.4338988
24.5548462	25.6802763	28.596165
31.7065775	33.159795	36.9249538
40.7304294	42.5972419	47.4339825
39.8231381	41.6483613	46.3773638
30.5665394	31.9675063	35.597285
21.4666106	22.4504956	24.9996581
16.0659269	16.8022825	18.7101125
12.750315	13.3347037	14.848805
11.0833169	11.5913012	12.9074475
10.4458424	10.9246087	12.1650537
8.78716812	9.18991319	10.2333906
8.50809288	8.89804663	9.90838362
8.32727456	8.70894112	9.69780556
8.39945413	8.78442856	9.78186506
8.42636994	8.81257819	9.81321062
8.44079719	8.82766688	9.83001212
8.63497262	9.03074181	10.0561459
9.15083694	9.57024988	10.6569119
9.86348344	10.3155601	11.48685
11.732515	12.2702544	13.6634912
13.8646762	14.5001394	16.1465737
19.0170269	19.8886419	22.146915
23.3346962	24.4042025	27.1752012
21.1655087	22.1355931	24.6489988
16.5068656	17.2634306	19.2236219
12.7041256	13.2863981	14.7950131
10.5913587	11.0767956	12.3345206
9.37493363	9.80461719	10.9178906
8.28354475	8.66320694	9.64687831
7.90207213	8.26425025	9.20262188
7.84437944	8.20391312	9.13543388
7.93718775	8.30097513	9.24351719
8.12434531	8.49671087	9.46147756
8.86126525	9.26740625	10.3196818
10.2764643	10.7474695	11.9677994
12.0616362	12.6144612	14.0467813
14.3995788	15.05956	16.7695106
13.0934388	13.6935556	15.2484025
10.7820584	11.2762375	12.5566056
9.0097745	9.42272231	10.492635
8.250698	8.62885469	9.60862519
7.901146	8.26328162	9.20154331
8.13957906	8.51264275	9.4792185
9.03745169	9.45166775	10.524866
9.77825106	10.2264188	11.3875881
9.38059438	9.8105385	10.9244856
8.46158294	8.84940525	9.85421888
