#?RADIANCE
genskyvec -m 1
NROWS=146
NCOLS=1
NCOMP=3
FORMAT=ascii

24.7303713	25.8638444	28.8005769
39.5720437	41.38576	46.0849438
39.2184219	41.0159294	45.6731219
38.5486919	40.3155037	44.8931631
36.5095669	38.18292	42.5184331
31.8800788	33.3412488	37.1270125
30.3594806	31.750955	35.3561456
29.7296369	31.0922444	34.6226419
29.4031919	30.7508362	34.2424681
29.6260712	30.9839331	34.5020306
37.1799988	38.8840813	43.29921
38.4988225	40.2633531	44.8350912
45.78692	47.8854862	53.3226888
50.3558844	52.6638625	58.6436287
53.1365625	55.5719887	61.8819587
56.0240731	58.5918406	65.2447056
54.74595	57.2551381	63.7562244
52.5625944	54.9717112	61.2135238
46.505975	48.6374962	54.1600875
40.4058063	42.2577363	47.05593
38.3753725	40.1342419	44.6913237
32.8156087	34.3196575	38.2165131
31.6876369	33.1399856	36.9028944
28.8967981	30.2212325	33.6527306
30.1209288	31.5014681	35.0783319
32.8557725	34.3616606	38.2632869
35.1754962	36.7877056	40.9647987
38.6323825	40.4030331	44.9906325
37.8404594	39.5748125	44.0683731
39.5943206	41.40906	46.1108881
39.3624338	41.1665431	45.840835
21.5778713	22.5668562	25.12923
19.0301981	19.9024144	22.1622519
20.4395569	21.3763688	23.8035687
18.7328594	19.5914494	21.8159775
17.9709856	18.794655	20.9287112
17.0238137	17.80407	19.8256494
18.57242	19.4236544	21.6291331
20.1953919	21.1210156	23.51922
22.1897725	23.2068025	25.8418394
23.3884944	24.4604663	27.2378525
28.0397044	29.3248562	32.6545731
33.1547856	34.6743794	38.6115144
40.0435825	41.8789125	46.63409
46.9339331	49.0850706	54.6584781
50.2306812	52.5329181	58.4978169
48.5240694	50.7480875	56.510325
44.1395681	46.1626294	51.40421
36.4464731	38.1169369	42.4449581
30.3407588	31.7313744	35.3343431
25.5634531	26.7351087	29.7707725
22.5683181	23.6027	26.28269
20.2872362	21.2170669	23.6261781
17.6127506	18.42	20.511515
18.15789	18.9901256	21.1463769
18.4091225	19.2528725	21.4389581
19.2868531	20.1708325	22.4611475
19.041955	19.9147112	22.1759425
20.5190663	21.4595219	23.8961644
20.4610988	21.3988975	23.828655
21.246295	22.2200819	24.7430825
12.7863044	13.3723419	14.8907175
12.0880006	12.6420325	14.0774838
11.9317175	12.4785875	13.8954819
12.6309238	13.2098431	14.7097662
13.0769262	13.6762844	15.22917
14.4055437	15.0657975	16.7764569
16.5987812	17.3595563	19.3306637
20.1420231	21.0651988	23.457065
24.2158888	25.3257831	28.2014225
33.2775062	34.8027244	38.75443
46.4603269	48.5897588	54.1069263
61.3683706	64.1810856	71.4685856
57.51713	60.1533306	66.983495
43.6510525	45.6517231	50.8352894
30.2208419	31.6059631	35.19469
23.1742288	24.2363812	26.9883225
18.01588	18.8416069	20.9809956
15.9642381	16.6959313	18.5916856
13.6304694	14.2551994	15.8738194
12.4059825	12.9745881	14.4477988
12.4375431	13.0075969	14.4845544
12.5850312	13.1618462	14.6563194
12.2511194	12.8126294	14.2674506
12.9376694	13.530645	15.0669969
9.84758869	10.2989366	11.4683388
9.97432744	10.4314841	11.6159387
10.0693284	10.5308388	11.7265725
10.5200238	11.0021925	12.251445
11.6842862	12.2198156	13.6073269
12.77441	13.3599037	14.8768663
15.3744769	16.0791388	17.9048606
19.1001619	19.975585	22.2437313
25.8266438	27.010365	30.0772794
37.460335	39.177265	43.6256831
66.7427512	69.801795	77.7275006
3620.13604939095	3626.05218739095	3641.38043939095
106.886436	111.785389	124.478163
52.500515	54.906785	61.1412238
31.5926675	33.0406638	36.792295
23.0678831	24.12516	26.8644731
17.6617163	18.4712125	20.5685419
14.6407244	15.3117562	17.0503425
12.5141731	13.0877406	14.5737981
11.2029563	11.7164237	13.0467763
10.5198051	11.0019625	12.2511906
10.2215044	10.68999	11.9037944
9.98823394	10.4460282	11.6321312
10.0655557	10.5268915	11.7221775
9.29253738	9.71844506	10.8219344
9.56501881	10.0034147	11.1392613
10.250072	10.7198675	11.937065
11.4950194	12.0218731	13.3869063
13.4490494	14.0654625	15.6625375
18.1874819	19.0210725	21.1808387
25.5100456	26.6792569	29.7085769
51.3888612	53.7441838	59.846615
3522.06520850787	3526.45246590787	3537.81947090787
3610.08455052489	3614.71423352489	3626.70929752489
47.0849219	49.2429787	54.8343188
26.8410325	28.0712462	31.2586213
18.1391888	18.9705687	21.1245981
13.6793038	14.3062719	15.9306912
11.6606644	12.1951106	13.5798162
10.280781	10.7519844	11.9728262
9.56232725	10.0006005	11.1361281
9.30864281	9.7352885	10.8406906
9.94644437	10.4023214	11.5834637
10.8650308	11.3630138	12.6532363
12.5685931	13.1446538	14.6371731
16.2144994	16.957665	18.8831362
23.2405575	24.3057494	27.0655681
40.1244375	41.9634737	46.7282525
46.1756331	48.2920156	53.7753756
29.7466975	31.1100862	34.64251
18.090565	18.9197162	21.0679725
13.4452806	14.0615212	15.6581494
10.7761256	11.2700306	12.5496963
10.2276137	10.6963788	11.9109081
12.05957	12.6123019	14.0443775
14.0245938	14.6673875	16.3328094
18.8839313	19.7494425	21.9919125
24.01795	25.1187719	27.9709056
16.4750462	17.2301512	19.1865669
12.9387138	13.5317356	15.0682106
15.4587394	16.1672656	18.0029919
