#?RADIANCE
genskyvec -m 1
NROWS=146
NCOLS=1
NCOMP=3
FORMAT=ascii

8.68856238	9.08678775	10.118555
26.5125137	27.7276675	30.8760306
27.5495319	28.8122187	32.0837287
28.5504469	29.8590081	33.2493781
29.7102975	31.0720175	34.6001181
30.3344906	31.72482	35.3270431
30.1156781	31.4959788	35.0722163
30.1304831	31.5114619	35.0894594
28.5550919	29.8638644	33.254785
28.0587181	29.3447425	32.6767156
27.5729294	28.8366888	32.1109756
26.6077056	27.8272256	30.9868931
26.1369881	27.3349331	30.4387025
26.1468988	27.3452981	30.4502469
26.9710619	28.207235	31.4100506
29.8391881	31.2068181	34.7502225
36.092675	37.7469213	42.03293
42.2475312	44.1838744	49.2007731
58.5256087	61.20803	68.1579525
87.66102	91.6788256	102.08857
108.688609	113.67017	126.576956
132.512494	138.585987	154.321838
105.975511	110.832713	123.417321
83.9543319	87.8022338	97.7718081
60.4110075	63.1798425	70.3536562
42.3337206	44.2740156	49.3011456
34.9013856	36.5010306	40.6455731
29.7207025	31.0829006	34.6122369
27.3787044	28.6335619	31.8847863
25.7521531	26.9324581	29.99053
25.7473619	26.9274481	29.9849506
20.1933975	21.1189275	23.5168962
19.3490475	20.2358775	22.53358
21.4524756	22.4357131	24.9831956
21.6040581	22.5942456	25.1597281
21.99306	23.0010744	25.6127512
21.1509063	22.1203206	24.6319938
22.4421975	23.4707994	26.1358106
22.5800887	23.6150081	26.2963956
21.350395	22.3289537	24.8643169
18.6020225	19.454615	21.6636081
18.9339506	19.8017556	22.0501638
18.8978438	19.7639931	22.0081131
20.4759838	21.4144662	23.8459919
21.7190644	22.7145206	25.2936619
23.98679	25.0861844	27.9346169
29.6501612	31.009125	34.5300838
39.5913362	41.4059356	46.10741
54.3351131	56.82547	63.27777
85.8318275	89.7657856	99.9583256
129.9871	135.944856	151.380819
1535.74214167156	1543.35819767156	1563.09076667156
125.7887	131.554006	146.491431
77.9115356	81.4824762	90.7344738
52.8993425	55.3238937	61.605695
38.2320612	39.9843613	44.5244231
30.5264619	31.9255906	35.5506106
24.1042669	25.2090475	28.0714312
21.6129681	22.6035613	25.1701019
19.8713287	20.7820981	23.1418206
19.7784681	20.6849812	23.0336762
13.8307188	14.4646256	16.107025
13.3973313	14.0113737	15.60231
13.6826625	14.3097844	15.9346012
14.9279519	15.6121513	17.3848462
14.9553869	15.64084	17.4167969
14.8948531	15.5775312	17.3462987
14.5630806	15.2305544	16.9599206
14.3368306	14.9939344	16.6964362
13.5072944	14.1263775	15.7303706
14.2483487	14.9013956	16.5933887
15.1263075	15.8195969	17.6158487
18.2980425	19.1367019	21.309595
23.4924675	24.569205	27.3589388
32.9577563	34.4683175	38.382055
55.6790913	58.2310481	64.8429462
953.013964701118	957.599903701118	969.481663701118
2751.0681058732	2757.5386408732	2774.3032038732
95.81314	100.204584	111.582399
48.3586469	50.5750838	56.3176775
30.4114025	31.8052569	35.4166144
22.1794769	23.1960344	25.82985
17.8028181	18.6187806	20.7328663
14.7037769	15.3777006	17.123775
14.1413494	14.7894931	16.46878
10.7064264	11.1971369	12.4685262
10.6891	11.1790175	12.4483488
10.5262417	11.0086937	12.258685
10.7573587	11.2504038	12.5278425
11.0569175	11.5636919	12.8767013
10.9313111	11.4323288	12.7304219
10.7024795	11.19301	12.4639294
10.8435746	11.3405725	12.6282475
10.8307264	11.3271338	12.6132844
11.3919225	11.9140525	13.2668431
12.4913281	13.0638488	14.5471975
14.4618144	15.1246469	16.8419881
17.767135	18.5814613	20.6913106
26.2545319	27.4578631	30.57559
39.6136619	41.4292869	46.1334131
52.9314306	55.3574531	61.643065
65.0493856	68.0308125	75.7554375
54.1583338	56.6405906	63.0718975
36.5155556	38.189185	42.52541
24.6273638	25.7561181	28.6806187
18.22089	19.056015	21.2197456
14.3160206	14.9721713	16.6722
12.2728094	12.8353144	14.2927094
11.5119562	12.0395869	13.4066337
9.35001631	9.778558	10.888875
9.03683056	9.45101844	10.5241431
8.84361506	9.24894713	10.2991282
9.00156538	9.41413725	10.4830738
9.04029838	9.45464531	10.5281811
9.05457437	9.46957556	10.5448062
9.41091275	9.84224556	10.9597931
10.4687194	10.9485363	12.1916969
11.9367188	12.4838169	13.9013037
15.5377438	16.2498913	18.0950006
19.4684144	20.3607169	22.6725938
28.5968544	29.9075425	33.3034212
34.59852	36.184285	40.2928619
27.6680881	28.9362094	32.2217963
19.9107106	20.8232838	23.1876819
14.5451756	15.2118294	16.93907
11.7058288	12.2423456	13.6324137
10.1101537	10.5735356	11.7741169
8.71961475	9.1192635	10.1547186
8.22059856	8.59737587	9.57357281
8.17138112	8.54590256	9.51625475
8.35184438	8.73463712	9.72641925
8.77589431	9.17812281	10.2202609
10.2402307	10.7095741	11.9256037
12.8731906	13.4632113	14.9919044
15.8905788	16.6188975	18.5059037
19.1546037	20.0325225	22.3071331
16.1302231	16.8695244	18.78499
12.2758463	12.83849	14.2962475
9.78222112	10.2305713	11.3922131
8.85744912	9.26341531	10.3152383
8.3903155	8.77487125	9.77122175
8.90074612	9.30869656	10.3656606
10.5279248	11.0104559	12.2606469
11.5242544	12.0524494	13.420955
10.6321861	11.1194938	12.3820669
9.37585081	9.8055775	10.91896
