#?RADIANCE
genskyvec -m 1
NROWS=146
NCOLS=1
NCOMP=3
FORMAT=ascii

9.485342	9.92008613	11.0464725
26.9523856	28.1877006	31.3882994
28.0097381	29.2935181	32.6196775
28.9938919	30.3227769	33.7658044
30.0850456	31.4639419	35.0365431
30.5263325	31.9254544	35.5504594
30.2287125	31.6141937	35.2038563
30.2025081	31.5867906	35.1733431
28.56761	29.8769563	33.2693625
28.0038631	29.2873719	32.6128331
27.7929219	29.0667631	32.367175
26.8008731	28.0292469	31.2118531
26.5654944	27.7830812	30.9377369
26.7330856	27.9583519	31.1329088
27.68865	28.9577125	32.2457431
30.8155044	32.2278794	35.8872244
37.3529663	39.0649769	43.500645
43.7698344	45.7759512	50.9736231
60.2590519	63.0209244	70.1766912
88.2832056	92.3295188	102.81315
105.519597	110.355911	122.886368
122.513869	128.129081	142.677619
97.0302887	101.477523	112.999879
77.29871	80.8415669	90.0207994
56.9103638	59.5187531	66.2768638
40.8957744	42.7701612	47.6265387
34.3377631	35.9115762	39.9891888
29.6844319	31.0449669	34.5699956
27.5415681	28.8038881	32.0744519
26.0943538	27.2903437	30.38905
26.1489438	27.3474356	30.4526244
20.1297369	21.0523494	23.4427563
19.2039531	20.0841338	22.3646044
21.3240906	22.301445	24.8336844
21.3841025	22.3642075	24.90357
21.6940856	22.6883988	25.2645725
20.7760394	21.7282737	24.1954319
22.0784844	23.0904119	25.7122331
22.2284	23.2472	25.8868269
21.0290969	21.99293	24.4901356
18.3001494	19.1389056	21.3120488
18.74868	19.6079963	21.8344025
18.8291975	19.6922006	21.9281706
20.5899375	21.5336444	23.9787006
21.9960362	23.0041881	25.6162212
24.447705	25.568225	28.4713912
30.4692463	31.8657556	35.4839806
40.9268794	42.8026937	47.6627644
56.3293831	58.9111456	65.6002638
88.2352375	92.2793463	102.757285
129.066231	134.981775	150.308387
1311.5191076844	1318.4470206844	1336.3966396844
111.904729	117.033691	130.322387
70.7971619	74.0420275	82.4491987
49.1878481	51.4422881	57.2833506
36.25204	37.91359	42.2185238
29.3979438	30.7453475	34.2363563
23.4997994	24.5768719	27.3674762
21.30374	22.2801606	24.80998
19.6912181	20.5937319	22.932065
19.6820406	20.5841363	22.9213775
13.503855	14.1227831	15.7263687
13.0387331	13.6363406	15.1846925
13.2839606	13.8928088	15.4702794
14.4942513	15.1585737	16.8797644
14.48193	15.1456825	16.8654138
14.4133162	15.073925	16.7855075
14.1100019	14.7567094	16.4322725
13.9508869	14.5903012	16.2469713
13.1886762	13.7931575	15.3593138
14.0593256	14.7037106	16.3732581
15.0558425	15.7459012	17.5337844
18.4689081	19.3154	21.5085844
24.0369263	25.1386181	27.9930056
34.2275762	35.7963388	39.8608663
58.7245487	61.4160888	68.3896331
1120.39606416822	1125.27931216822	1137.93138916822
3171.23634012285	3177.44666712285	3193.53704812285
87.3894225	91.3947675	101.772262
44.8135206	46.8674712	52.1890813
28.5563369	29.865165	33.2562344
21.1068625	22.0742594	24.5807013
17.1328181	17.9180688	19.9525919
14.2464638	14.8994281	16.5911969
13.7913975	14.4235013	16.0612312
10.2743184	10.7452267	11.9653012
10.2568581	10.7269643	11.9449675
10.0669689	10.5283714	11.7238231
10.2807759	10.7519772	11.9728194
10.5638196	11.0479952	12.30245
10.4390026	10.9174562	12.1570894
10.2387494	10.7080264	11.9238781
10.4261605	10.9040254	12.1421331
10.4797504	10.9600706	12.2045431
11.1161031	11.6255894	12.9456263
12.3145581	12.8789731	14.3413306
14.4231688	15.0842306	16.7969825
17.9596663	18.7828194	20.9155287
27.129615	28.3730537	31.5946987
41.75085	43.6644312	48.6223469
56.2447187	58.8225987	65.5016656
67.1068875	70.1826212	78.1515713
52.7597088	55.1778587	61.4430794
34.5744044	36.1590638	40.2647781
23.2273612	24.2919487	27.0501994
17.2540306	18.04484	20.0937575
13.6490325	14.2746112	15.8954331
11.7447469	12.2830488	13.6777387
11.0593956	11.5662844	12.8795906
8.86578706	9.27213538	10.3249486
8.563834	8.95634262	9.97329887
8.36412844	8.74748412	9.74072569
8.51817437	8.90859063	9.92012469
8.56689937	8.95954881	9.9768685
8.622268	9.01745488	10.0413501
9.02587306	9.43955869	10.5113823
10.1711021	10.6372774	11.8450969
11.7272188	12.2647169	13.6573256
15.5501956	16.2629144	18.1094988
19.7104256	20.6138206	22.9544337
29.4176369	30.765945	34.2592944
35.1824956	36.7950244	40.97295
26.9342725	28.1687575	31.367205
18.9975519	19.8682719	22.1242325
13.7785244	14.4100381	16.0462406
11.0874034	11.5955769	12.9122075
9.58807656	10.0275301	11.1661138
8.21769738	8.59434162	9.57019375
7.735497	8.09004044	9.00863138
7.69799631	8.050821	8.96495887
7.90257456	8.2647755	9.20320687
8.36446419	8.74783512	9.74111606
9.90074419	10.3545274	11.5302406
12.6510244	13.2308619	14.7331719
15.7420525	16.4635619	18.3329325
18.8961956	19.7622688	22.0061944
15.5355444	16.2475894	18.0924363
11.631045	12.1641344	13.5453225
9.22992219	9.65296037	10.749015
8.3496735	8.73236637	9.72389144
7.91379237	8.27650744	9.21627106
8.45751119	8.84514712	9.84947781
10.1303269	10.5946333	11.7976094
11.0507956	11.5572906	12.8695737
10.0934964	10.5561147	11.7547175
8.89675712	9.30452469	10.3610154
