#?RADIANCE
genskyvec -m 1
NROWS=146
NCOLS=1
NCOMP=3
FORMAT=ascii

14.7144663	15.3888787	17.1362213
26.7697419	27.9966881	31.1755969
25.5190694	26.6886912	29.7190838
25.2191931	26.3750725	29.3698544
25.0690481	26.2180462	29.1949975
24.8304606	25.968525	28.9171431
26.7613488	27.98791	31.1658219
29.5909656	30.9472175	34.4611456
34.5314844	36.114175	40.2147919
41.4456506	43.3452419	48.2669163
53.1856344	55.6233094	61.9391056
64.8579056	67.8305587	75.5324406
70.2231969	73.4417569	81.7807681
66.052035	69.0794188	76.9231031
56.4772531	59.0657931	65.7724688
45.7952619	47.8942106	53.3324019
37.4015681	39.1158062	43.5572462
32.6662075	34.1634081	38.0425238
27.88754	29.1657175	32.4773644
24.950535	26.0941019	29.0569794
25.4341569	26.59989	29.6201981
24.2678881	25.3801656	28.2619794
25.4811437	26.6490306	29.6749181
25.2626775	26.4205506	29.4204962
27.8362694	29.1120969	32.4176569
29.6889075	31.0496506	34.5752081
31.1746819	32.6035206	36.30552
31.8349381	33.2940387	37.0744406
30.06572	31.4437331	35.0140388
29.2571819	30.5981344	34.0724262
27.5462119	28.8087444	32.0798594
16.8121044	17.5826581	19.5790981
15.0295987	15.7184569	17.5032231
16.1235794	16.8625756	18.7772544
15.8898769	16.6181625	18.5050875
17.0655013	17.8476694	19.8741975
18.3911162	19.23404	21.4179869
22.1123062	23.1257869	25.7516256
27.6842531	28.9531131	32.2406213
36.6162525	38.2944969	42.64268
48.2555125	50.4672231	56.19757
66.8315231	69.8946331	77.8308806
80.3227569	84.0042125	93.5425463
73.0269694	76.3740356	85.0459919
55.9828825	58.5487644	65.196735
41.3216156	43.2155219	48.1224669
29.7320081	31.0947256	34.6254025
25.39139	26.5551625	29.5703919
19.6501894	20.5508194	22.8842831
17.2270919	18.0166669	20.0623856
15.48723	16.19706	18.0361706
15.23557	15.9338662	17.7430912
15.6470725	16.3642306	18.2223219
15.0695044	15.76019	17.5496944
17.1889462	17.9767725	20.0179619
18.1471419	18.978885	21.1338606
18.9470337	19.8154387	22.0654019
18.0585106	18.8861906	21.0306419
18.3785131	19.22086	21.40331
17.4088294	18.2067331	20.2740338
17.2126837	18.0015981	20.045605
10.9486172	11.4504281	12.7505781
10.5202807	11.0024594	12.2517444
10.87084	11.369085	12.6599981
12.5063244	13.0795287	14.5646556
14.7065012	15.3805494	17.1269481
19.0836544	19.95832	22.2245056
27.1578344	28.4025662	31.6275612
43.9386563	45.9525094	51.1702281
70.5259063	73.7583413	82.133295
2276.88997040244	2281.52496740244	2293.53381540244
74.9735981	78.4098863	87.3130156
40.2398875	42.0842137	46.8627056
25.2248525	26.3809913	29.3764437
17.9725469	18.7962894	20.9305287
14.1794306	14.8293213	16.5131287
12.3098856	12.8740869	14.3358881
11.0186629	11.5236863	12.8321519
11.3077386	11.8260087	13.1688044
11.0969876	11.6055979	12.9233669
10.8525841	11.3499931	12.6387375
11.6054419	12.1373587	13.515505
11.7804179	12.3203519	13.7192769
11.0793122	11.5871125	12.9027813
11.3167577	11.8354431	13.1793075
8.62105681	9.01618825	10.0399389
8.90288481	9.3109335	10.3681511
9.43742406	9.86997187	10.9906656
10.4626369	10.942175	12.1846125
13.1032006	13.7037656	15.2597719
15.9314712	16.6616638	18.5535287
24.1063619	25.211235	28.0738694
38.8585306	40.6395456	45.2539994
1758.48961848639	1761.64710598639	1769.82787228639
3917.43501199542	3921.85352139542	3933.30142739542
60.2355875	62.9963831	70.1493644
33.7266456	35.2724494	39.2774912
23.5933581	24.6747194	27.4764331
16.0162769	16.7503569	18.65229
12.4494144	13.0200125	14.4983794
10.5698311	11.0542819	12.3094481
9.40334263	9.83432856	10.9509769
8.88917669	9.29659706	10.3521874
8.78925381	9.19209425	10.2358189
8.73213394	9.1323565	10.1692981
8.82829844	9.23292825	10.2812896
8.92069988	9.32956475	10.3888995
8.72904187	9.12912244	10.1656981
8.82304394	9.22743319	10.2751708
7.75936419	8.11500138	9.03642644
8.35011844	8.73283225	9.72441
9.47661863	9.91096294	11.0363119
11.9108588	12.4567731	13.8711894
16.0584456	16.7944575	18.7013994
26.5106138	27.7256819	30.8738206
39.177765	40.9734119	45.6257744
43.5778669	45.5751831	50.7500581
31.1502969	32.5780175	36.2771206
19.5345262	20.4298588	22.7495838
13.6659631	14.2923194	15.9151544
10.6328331	11.120171	12.38282
8.91272444	9.321224	10.379611
7.97069606	8.33601956	9.28254031
7.60553331	7.95412013	8.85727769
7.48554913	7.82863656	8.71754631
7.53477219	7.88011563	8.77487044
7.57591488	7.92314406	8.82278475
7.80353369	8.16119538	9.08786581
8.93829731	9.34796906	10.4093933
11.6375836	12.1709731	13.5529369
17.1908144	17.9787262	20.0201363
21.4712256	22.4553213	25.0050331
20.7475631	21.6984925	24.1622681
15.5195275	16.2308394	18.0737838
11.4160337	11.9392675	13.2949231
8.82998875	9.23469619	10.2832587
7.77769106	8.13416825	9.05776981
7.29782706	7.63231056	8.49892819
7.39546637	7.73442506	8.61263725
8.52306475	8.91370506	9.92582019
10.4670249	10.9467637	12.1897237
13.0146469	13.6111506	15.1566413
12.66411	13.2445487	14.7484131
9.19991956	9.62158194	10.7140726
8.10584975	8.47736781	9.43993756
9.9096925	10.3638867	11.5406644
