#?RADIANCE
genskyvec -m 1
NROWS=146
NCOLS=1
NCOMP=3
FORMAT=ascii

0.522114381	0.546044631	0.608045744
5.582968	5.83885381	6.50183175
5.69878125	5.95997525	6.63670594
6.01709044	6.29287388	7.00740369
6.80385606	7.11569944	7.92365794
8.61057194	9.00522256	10.0277289
11.2888339	11.8062379	13.1467875
15.1281573	15.8215312	17.6180019
23.3373856	24.407015	27.1783306
82.6318619735851	84.2171994735851	88.3246706735851
101.747045620383	103.456001820383	107.883758120383
26.7386094	27.9641275	31.1393406
16.4618206	17.2163187	19.1711625
11.447958	11.9726557	13.3321025
8.89745613	9.30525575	10.3618286
7.07177675	7.39589956	8.235674
6.39646119	6.689632	7.4492125
5.49367506	5.74546831	6.39784256
5.58736544	5.84345287	6.50695294
5.50124031	5.75338038	6.406653
5.39960594	5.64708775	6.2882915
5.77131312	6.03583144	6.72117512
5.57294538	5.828372	6.49015975
5.77011288	6.03457625	6.71977763
5.86566581	6.13450862	6.831057
5.55012094	5.80450131	6.46357869
5.69839125	5.95956744	6.63625219
5.44367919	5.693181	6.33961844
5.61673237	5.87416581	6.54115325
5.37848869	5.62500256	6.26369862
5.48684344	5.73832338	6.38988669
5.45757725	5.70771606	6.35580375
5.49075275	5.74241206	6.39443956
6.09955475	6.37911756	7.10344025
6.84023231	7.15374287	7.96602112
8.44504681	8.83211112	9.83496206
10.4416929	10.9202689	12.1602213
13.9718131	14.6121869	16.2713406
19.8384981	20.74776	23.1035831
27.201375	28.448105	31.6782719
50.4367555154708	51.5177054154708	54.3183523154708
20.0828737	21.0033394	23.3881819
14.8486663	15.5292306	17.2925106
11.4416438	11.9660525	13.3247494
8.68025425	9.07809894	10.1088802
7.165333	7.49374375	8.34462781
6.16056394	6.44292294	7.1744905
5.92731525	6.19898387	6.902853
5.36340681	5.60922925	6.24613431
5.28052931	5.52255344	6.14961656
5.19544056	5.43356481	6.05052381
5.28632937	5.52861931	6.15637125
5.44808981	5.69779369	6.34475488
5.35232906	5.59764412	6.2332335
5.60489988	5.861791	6.52737325
5.6852205	5.94579313	6.62091331
5.68448206	5.9450205	6.62005306
5.46226994	5.71262381	6.36126881
5.420567	5.66900956	6.31270231
5.29735469	5.54015	6.16921119
5.35478863	5.60021625	6.23609794
4.29811431	4.49511125	5.00551263
4.34445012	4.54357063	5.05947463
4.79968238	5.01966769	5.58963044
6.04018075	6.31702219	7.034294
7.69823381	8.05106963	8.96523487
10.3836518	10.8595682	12.0926301
13.2793489	13.8879856	15.4649087
14.8256563	15.505165	17.2657137
11.9252666	12.4718399	13.8879669
9.44473269	9.87761544	10.9991793
7.32613263	7.66191381	8.53189237
5.78450494	6.04962794	6.73653844
4.89562638	5.12000887	5.70136506
4.38050444	4.58127744	5.10146275
4.24760425	4.44228581	4.94668931
4.23359981	4.42763963	4.93038
4.1737725	4.36507038	4.86070625
4.40874056	4.61080756	5.134346
4.33889519	4.53776094	5.05300519
4.19264313	4.38480569	4.88268244
4.3158005	4.51360806	5.02610963
4.29888356	4.49591556	5.00640844
4.09546606	4.28317487	4.76951181
4.19982431	4.39231625	4.89104575
3.41118631	3.56753213	3.97261094
3.60563344	3.77089144	4.19906075
3.90140194	4.08021594	4.54350781
4.41630137	4.61871506	5.14315119
5.52276681	5.77589325	6.43172237
6.34249619	6.63319369	7.38636562
7.38682838	7.72539106	8.60257738
7.98887756	8.35503413	9.30371375
7.05416075	7.37747625	8.21515863
6.16489463	6.447452	7.17953375
5.05669819	5.28846319	5.88894681
4.18066556	4.37227913	4.86873356
3.86220381	4.03922156	4.49785856
3.59220613	3.75684881	4.18342356
3.45274319	3.61099375	4.02100731
3.33080875	3.48347081	3.87900431
3.32565344	3.47807906	3.87300044
3.36397306	3.51815494	3.91762725
3.44620544	3.60415631	4.01339362
3.43458219	3.59200056	3.9998575
3.44133731	3.59906525	4.00772425
3.436693	3.594208	4.00231563
3.36236113	3.51646937	3.91575
3.43175681	3.5890455	3.996567
2.88698269	3.01930262	3.36213206
3.09099969	3.23267038	3.59972675
3.36269719	3.51682069	3.91614144
3.98413506	4.16674131	4.63985762
4.573985	4.783626	5.32678706
4.83607487	5.05772825	5.63201244
4.74427919	4.96172513	5.52510869
4.12505537	4.31412037	4.80397094
3.61329531	3.77890444	4.20798369
3.21468425	3.36202388	3.74376788
2.91322756	3.04675025	3.39269644
2.86789719	2.9993425	3.33990569
2.84465619	2.97503619	3.31283944
2.81510844	2.94413413	3.27842825
2.77450756	2.90167244	3.23114544
2.786054	2.913748	3.24459219
2.82506569	2.95454781	3.29002444
2.82976012	2.95945725	3.29549144
2.61654475	2.73646969	3.0471845
2.74676556	2.87265888	3.19883762
3.16265056	3.30760525	3.68317019
3.54377619	3.70619906	4.12702281
3.37470063	3.52937431	3.93012012
3.02235287	3.16087744	3.51978194
2.76343381	2.89009131	3.21824925
2.57852537	2.69670769	3.00290775
2.50741794	2.62234131	2.92009744
2.47218038	2.58548856	2.87906019
2.508085	2.62303888	2.92087425
2.486065	2.60000969	2.89523006
2.42833119	2.53962981	2.82799425
2.57397512	2.69194881	2.99760881
2.64035894	2.7613755	3.07491831
2.53604731	2.65228256	2.95343838
2.35064881	2.45838687	2.73752669
2.34262031	2.44999031	2.72817669
2.40529	2.51553231	2.80116063
