#?RADIANCE
genskyvec -m 1
NROWS=146
NCOLS=1
NCOMP=3
FORMAT=ascii

4.94269512	5.16923525	5.75618075
19.8400662	20.7494025	23.1054106
19.4772937	20.3700019	22.6829325
19.4704575	20.3628519	22.67497
19.6821175	20.5842125	22.921465
19.9419169	20.8559194	23.2240225
19.7004481	20.6033844	22.9428144
19.8516656	20.7615337	23.1189212
19.3938994	20.2827856	22.5858112
19.78036	20.68696	23.0358781
19.6540331	20.5548419	22.8887594
19.8625475	20.7729131	23.1315944
19.7451231	20.6501094	22.9948438
19.8326081	20.7416019	23.096725
20.1921944	21.11767	23.5154956
21.5041225	22.4897281	25.0433425
24.8938794	26.0348488	28.991
28.2959656	29.5928637	32.9530113
38.6289706	40.3994625	44.9866563
60.6236494	63.40223	70.6012956
86.7414463	90.7170925	101.017646
134.675019	140.847606	156.840256
121.109043	126.659876	141.041579
93.5149306	97.8010181	108.905932
60.7380606	63.5218856	70.7345362
38.4787937	40.2424044	44.8117644
29.7502581	31.1138113	34.6466569
24.36045	25.4769706	28.3697762
22.1077075	23.1209775	25.7462694
20.3340213	21.2659975	23.6806637
19.8252462	20.7339019	23.0881494
16.1363587	16.8759413	18.7921344
15.1966519	15.8931656	17.6977688
16.0907825	16.8282756	18.7390556
15.86367	16.5907556	18.4745662
15.8776344	16.6053575	18.4908281
15.3904338	16.0958281	17.9234437
16.1813344	16.9229781	18.8445119
16.4833831	17.2388706	19.1962744
16.1484244	16.8885594	18.8061862
14.7777162	15.4550269	17.2098806
15.2403131	15.9388275	17.7486175
15.3486081	16.052085	17.8747338
16.3672775	17.1174444	19.0610606
16.8486787	17.6209094	19.6216912
17.8031331	18.6191081	20.7332338
20.5812681	21.524575	23.9686019
26.1560206	27.3548381	30.4608675
34.2897075	35.8613187	39.9332237
53.58408	56.040015	62.4031288
83.6464412	87.4802313	97.4132581
1443.02729100235	1449.35472200235	1465.74855300235
1409.53904300443	1416.39566200443	1434.16055600443
83.8328338	87.6751788	97.6303381
52.9421337	55.3686456	61.65553
35.5916162	37.2228969	41.4494056
27.0781106	28.3191887	31.5347163
20.7820194	21.7345287	24.2023931
18.32701	19.1669969	21.34333
16.6907906	17.4557856	19.4378206
16.2870631	17.0335544	18.9676444
11.9129937	12.4590056	13.8736756
11.4431981	11.9676769	13.3265569
11.3986569	11.921095	13.2746856
11.9627125	12.5110031	13.931575
11.9372688	12.4843931	13.9019456
11.98063	12.5297419	13.9524437
11.946115	12.4936469	13.9122494
12.0112356	12.5617494	13.988085
11.5815906	12.112415	13.4877281
12.0662825	12.6193181	14.05219
12.4266581	12.9962131	14.4718794
13.9176694	14.5555625	16.2082869
16.3762831	17.1268594	19.0715456
21.0631956	22.0285931	24.5298487
32.7192975	34.21893	38.1043513
54.6102081	57.1131763	63.5981419
667.426509910103	671.232175510103	681.092334310103
86.1652431	90.1144806	100.346619
45.3806081	47.4605519	52.8495031
27.7075525	28.97748	32.2677544
19.8193081	20.7276938	23.081235
15.7174275	16.4378075	18.3042531
13.0198887	13.6166337	15.1627456
12.4175012	12.9866363	14.4612162
9.80441013	10.2537787	11.4180538
9.68318894	10.1270023	11.2768825
9.45797269	9.89146294	11.0145975
9.54053331	9.977808	11.1107469
9.68814969	10.1321891	11.2826581
9.63452269	10.0761052	11.2202062
9.56481206	10.0031984	11.1390206
9.70765844	10.1525918	11.3053756
9.69967969	10.1442462	11.2960863
9.980486	10.4379238	11.6231075
10.4370231	10.9153881	12.1547844
11.2759381	11.7927513	13.1317706
12.8904344	13.481245	15.0119875
17.0899062	17.8731925	19.9026206
23.6525725	24.7366475	27.5453931
30.3375356	31.7280056	35.3305906
38.9978519	40.7852525	45.4162512
38.7261169	40.5010619	45.0997919
30.3079156	31.6970269	35.2960956
21.475715	22.4600194	25.0102619
16.12752	16.8666975	18.7818431
12.8105462	13.3976962	14.91895
11.1353075	11.645675	12.967995
10.4973909	10.9785187	12.2250881
8.81927931	9.22349606	10.2707856
8.54562444	8.93729869	9.95209206
8.36684325	8.75032325	9.74388606
8.44191544	8.82883631	9.83131475
8.46719294	8.85527212	9.86075231
8.47179006	8.86008019	9.86610625
8.65275394	9.04933819	10.0768542
9.13333513	9.55194606	10.63653
9.79657212	10.2455821	11.4089256
11.5497712	12.0791369	13.4506731
13.5383287	14.1588356	15.7665144
18.3886537	19.2314656	21.41512
22.5345112	23.5673425	26.2433181
20.7110637	21.6603187	24.1197594
16.3312981	17.0798144	19.0191569
12.6671706	13.2477494	14.7519775
10.6044731	11.0905087	12.3497925
9.4010085	9.83188875	10.9482587
8.30218887	8.68270537	9.66859087
7.92485919	8.28808188	9.22915931
7.87103287	8.23178831	9.16647431
7.95891606	8.32369962	9.26882125
8.12571775	8.49814619	9.46307587
8.81279494	9.21671419	10.2632347
10.1426014	10.6074703	11.811905
11.82691	12.3689769	13.7734244
14.0760912	14.7212456	16.3927812
12.9057019	13.4972131	15.0297662
10.7316147	11.2234819	12.4978606
9.00496756	9.41769525	10.4870362
8.24239869	8.62017513	9.59896063
7.89977244	8.26184519	9.19994381
8.11938806	8.49152644	9.45570444
8.96578838	9.37672013	10.4414089
9.68181294	10.1255622	11.27528
9.32480675	9.75219269	10.8595137
8.42672562	8.81295044	9.81362519
