#?RADIANCE
genskyvec -m 1
NROWS=146
NCOLS=1
NCOMP=3
FORMAT=ascii

11.6326525	12.1658162	13.5471937
29.4778894	30.8289606	34.3294619
30.5256712	31.9247638	35.54969
31.4394306	32.8804019	36.6138388
32.357365	33.8404106	37.68285
32.4253138	33.9114756	37.7619831
31.9229975	33.3861331	37.1769937
31.7933788	33.2505738	37.0260419
30.0457169	31.4228125	34.9907431
29.4203663	30.7688006	34.26247
29.7324119	31.0951463	34.6258731
28.8341869	30.1557519	33.579815
29.1609819	30.4975256	33.9603931
29.8301131	31.1973262	34.739655
31.3087894	32.7437737	36.4616944
35.289465	36.9068981	41.097525
43.11193	45.0878912	50.2074375
50.1668412	52.4661544	58.42347
67.7519425	70.8572356	78.9027856
92.2666681	96.4955506	107.452234
100.269376	104.865057	116.77205
105.124932	109.943149	122.42675
82.4706881	86.2505869	96.0439838
66.9899394	70.0603081	78.01537
52.1112531	54.4996837	60.6879006
39.7869875	41.6105569	46.3352656
34.8815569	36.480295	40.6224806
31.2160456	32.64678	36.3536894
29.5053487	30.8576763	34.3614387
28.3891425	29.6903106	33.0615237
28.5892187	29.8995556	33.2945275
21.6086462	22.5990425	25.1650725
20.5033131	21.4430481	23.8778175
22.6676762	23.7066119	26.3983988
22.5321594	23.5648825	26.2405769
22.6717038	23.7108212	26.4030894
21.5915619	22.5811737	25.1451744
22.9083513	23.9583156	26.678685
23.0829012	24.1408662	26.8819625
21.9664713	22.9732681	25.5817894
19.3177806	20.20318	22.49717
20.0754981	20.9956225	23.3795912
20.5136581	21.4538663	23.889865
22.8503956	23.8977056	26.6111919
24.9312663	26.0739487	29.0345394
28.2449794	29.53954	32.8936344
35.9490569	37.5967212	41.865675
48.4083356	50.6270513	56.3755456
66.9265944	69.9940644	77.9416012
99.4928881	104.052967	115.867767
127.443019	133.284144	148.418019
123.925856	129.605794	144.322
90.4496706	94.5952812	105.336182
60.4817569	63.2538369	70.4360506
44.4750025	46.5134387	51.79485
34.4625881	36.0421219	40.1345587
29.0457662	30.3770294	33.8262144
24.0398225	25.1416469	27.9963775
22.348165	23.3724544	26.0263031
20.951175	21.9114375	24.39939
21.0968675	22.0638069	24.5690613
14.3929587	15.0526369	16.7618025
13.8583562	14.4935294	16.1392125
14.0284344	14.6714031	16.3372813
15.1811244	15.8769263	17.6796856
15.0915169	15.7832087	17.5753281
15.0107025	15.6986925	17.481215
14.7776269	15.4549344	17.2097788
14.7928056	15.4708094	17.227455
14.2404169	14.8931031	16.584155
15.5554488	16.2684063	18.1156156
17.0898031	17.873085	19.9025013
21.7341562	22.730305	25.3112375
29.4196494	30.7680475	34.2616337
43.595405	45.5935262	50.770485
76.3098381	79.8073725	88.8691656
2283.49031929546	2289.61140229546	2305.47062729546
2148.60167005556	2154.05613405556	2168.18815205556
74.9688137	78.4048806	87.3074381
41.0826481	42.9656	47.8441688
27.4912156	28.7512269	32.0158131
21.0460394	22.0106481	24.5098675
17.5960081	18.4024913	20.4920206
14.97879	15.6653194	17.4440513
14.6625719	15.3346062	17.0757875
10.9610516	11.4634319	12.7650581
10.9231212	11.4237638	12.7208875
10.6773511	11.1667281	12.4346662
10.8605059	11.3582787	12.6479656
11.1217113	11.6314537	12.9521594
11.0074856	11.511995	12.8191344
10.8930388	11.3923025	12.6858513
11.2278206	11.7424275	13.0757331
11.5303763	12.0588519	13.4280863
12.4999725	13.0728875	14.55726
14.2856669	14.9404275	16.6368512
17.404295	18.2019906	20.2687506
22.41556	23.4429387	26.1047881
35.7936719	37.4342131	41.6847163
57.8467487	60.4980569	67.3673644
1747.48189018986	1751.11408838986	1760.52481208986
81.0559712	84.7710312	94.3964387
55.0522056	57.5754294	64.1128838
34.435095	36.0133681	40.1025406
23.2710788	24.3376706	27.1011112
17.590105	18.3963181	20.4851444
14.206865	14.8580131	16.54508
12.3974675	12.9656838	14.4378837
11.7561938	12.2950187	13.6910681
9.52172587	9.95813875	11.0888444
9.18448394	9.60543962	10.6960975
8.96220125	9.37296881	10.4372312
9.11108869	9.52868006	10.6106219
9.20717525	9.62917069	10.7225238
9.43434688	9.86675494	10.9870844
10.0673782	10.5288003	11.7243025
11.7635981	12.3027619	13.6996894
14.0387369	14.6821794	16.34928
19.5985425	20.4968075	22.8241369
25.7729056	26.9541612	30.014695
39.5502856	41.3630063	46.0596063
44.63174	46.6773606	51.9773831
30.1743375	31.5573275	35.1405319
20.4330325	21.3695463	23.7959688
14.6579981	15.3298225	17.0704588
11.800405	12.3412562	13.7425562
10.2732818	10.7441413	11.9640925
8.93005919	9.33935306	10.3997981
8.43425994	8.82082969	9.82239906
8.40252006	8.787635	9.78543512
8.72107331	9.120789	10.1564168
9.47213919	9.90627831	11.0310956
11.6995856	12.2358175	13.6251437
15.6195162	16.3354094	18.1902294
19.8213219	20.7298	23.0835837
23.1507263	24.2117987	26.9609494
17.7751387	18.5898331	20.7006325
12.7276981	13.3110519	14.8224662
10.0832334	10.5453806	11.742765
9.298578	9.72476231	10.8289711
8.8670225	9.27342725	10.3263866
9.68972388	10.1338348	11.2844894
11.9990638	12.5490194	13.9739087
12.9271681	13.5196619	15.0547644
11.4280406	11.9518262	13.3089075
10.1789069	10.6454392	11.8541856
