#?RADIANCE
genskyvec -m 1
NROWS=146
NCOLS=1
NCOMP=3
FORMAT=ascii

21.7855544	22.7840575	25.3710938
32.8123487	34.3162469	38.2127163
32.063585	33.5331644	37.3407194
31.6621781	33.1133594	36.8732463
30.8563881	32.2706412	35.9348388
28.989525	30.3182094	33.7607175
29.0939725	30.4274444	33.882355
30.0512162	31.4285619	34.9971481
31.5471056	32.9930131	36.7392356
34.0567575	35.6176931	39.661935
41.3931294	43.2903125	48.2057506
46.6129006	48.7493237	54.28461
54.2369037	56.7227594	63.1633969
59.5181087	62.2460187	69.3137988
61.3745331	64.18753	71.4757619
58.5005363	61.1818094	68.1287531
53.4250512	55.8736956	62.2179262
47.0024475	49.1567244	54.7382712
40.8515531	42.7239163	47.5750406
34.92657	36.5273706	40.6749025
33.396645	34.9273231	38.8931781
30.0929212	31.4721781	35.0457156
29.7592562	31.12322	34.657135
28.2884419	29.5849937	32.94425
29.8749656	31.2442338	34.7918894
31.5486563	32.9946356	36.7410419
33.1860344	34.7070569	38.6479044
34.6402844	36.2279625	40.3414987
33.6690225	35.2121863	39.210385
33.8524837	35.404055	39.4240406
32.9985969	34.5110319	38.4296181
20.5953119	21.5392612	23.9849581
18.5726675	19.4239144	21.6294194
19.8318094	20.7407694	23.0957975
18.9612781	19.8303363	22.0819906
19.1282131	20.0049244	22.2764012
19.1461581	20.0236913	22.2972988
21.4461737	22.4291225	24.9758588
24.2446869	25.3559006	28.23496
28.0233981	29.3078019	32.6355838
31.8553569	33.3153937	37.0982194
40.5071788	42.3637588	47.1739869
50.719335	53.04397	59.066895
59.9877756	62.7372137	69.860765
65.4623675	68.462725	76.2363875
61.7857862	64.6176331	71.9547019
50.9204731	53.2543275	59.3011381
42.7673806	44.7275525	49.8061831
33.1317688	34.6503075	38.5847075
27.1287281	28.3721275	31.5936669
23.0001862	24.0543619	26.7856344
20.8873369	21.8446738	24.325045
19.721295	20.6251863	22.9670906
17.9581881	18.7812731	20.9138069
19.2669569	20.1500269	22.4379787
19.8289144	20.7377394	23.092425
20.5969931	21.5410206	23.9869156
19.9744294	20.8899219	23.2618869
20.7971794	21.7503825	24.22005
20.2928231	21.22291	23.6326869
20.5984387	21.5425325	23.9886006
13.3999225	14.0140844	15.605325
12.8535769	13.4427006	14.9690638
12.9649019	13.5591275	15.09871
14.1098856	14.7565875	16.4321381
15.2430438	15.9416831	17.7517956
17.5932637	18.3996206	20.4888237
21.5335794	22.5205331	25.0776456
28.6751937	29.9894719	33.3946537
38.7892237	40.5670625	45.1732863
58.3002044	60.9722981	67.89545
78.2376306	81.8235225	91.1142456
73.8200813	77.2034981	85.9696388
53.3713756	55.8175625	62.1554181
37.1860969	38.8904606	43.3063119
26.0697238	27.2645869	30.3603662
20.2816662	21.2112406	23.61969
16.25802	17.0031788	18.9338194
15.1511831	15.8456119	17.6448162
13.757105	14.3876387	16.0212975
12.9920531	13.5875231	15.1303306
13.4263287	14.0417019	15.6360813
13.6109556	14.23479	15.8510919
13.1077981	13.7085706	15.2651225
13.6081131	14.2318169	15.8477819
10.6654081	11.1542388	12.4207575
10.8984244	11.3979356	12.6921256
11.2142919	11.72828	13.0599781
11.9397738	12.4870125	13.9048612
13.7654619	14.3963787	16.0310288
15.5838956	16.2981569	18.148745
20.4850706	21.4239687	23.8565725
28.6121406	29.9235275	33.3212225
44.5928594	46.6366956	51.9321019
70.8253081	74.0714675	82.4819763
3872.8920802015	3878.2243892015	3892.0399482015
3153.82001419143	3158.52609219143	3170.71912819143
66.183865	69.2172881	77.0766288
37.9881694	39.7292925	44.2403925
25.4634812	26.6305563	29.6543462
19.45744	20.3492369	22.6598113
15.4222781	16.1291319	17.9605288
13.2525406	13.8599481	15.4336881
11.9542531	12.5021575	13.9217263
11.2299394	11.7446444	13.0782031
10.9577956	11.4600287	12.7612662
10.8992313	11.39878	12.6930631
10.7200838	11.2114194	12.48443
10.850435	11.3477481	12.6362369
9.90617725	10.36021	11.5365694
10.3974138	10.8739631	12.1086562
11.4008481	11.9233863	13.2772369
13.3823388	13.9956962	15.5848506
16.7359356	17.5029987	19.4903931
26.0408856	27.2344263	30.3267838
40.6348325	42.4972613	47.3226506
80.6647719	84.3619088	93.9408575
3122.66225680056	3126.91489990056	3137.93313050056
56.8315762	59.4363531	66.1851075
33.2960162	34.8220831	38.7759875
21.7813812	22.7796944	25.3662363
15.6910137	16.410185	18.273495
12.3686694	12.9355669	14.4043475
10.9770031	11.4801163	12.783635
10.1561496	10.6216381	11.8276825
9.83732744	10.288205	11.4563881
9.77625875	10.2243388	11.3852681
10.3808005	10.8565894	12.0893088
11.7023181	12.2386737	13.628325
14.4929056	15.1571631	16.8781963
20.8599706	21.8160525	24.2931763
30.9545819	32.3733325	36.0491919
43.5406094	45.5362194	50.7066694
37.441815	39.1578963	43.6041144
24.6489844	25.7787269	28.7057975
16.0466413	16.7821112	18.6876525
12.42293	12.9923144	14.4675375
10.4533088	10.9324194	12.1737506
10.2745549	10.7454713	11.9655756
12.3926463	12.9606419	14.4322694
15.3251913	16.027595	17.84746
21.2758538	22.2509956	24.7775069
24.293665	25.4071219	28.2919981
15.9389356	16.6694706	18.5622213
12.6421125	13.2215412	14.7227938
16.0317169	16.7665031	18.6702719
