#?RADIANCE
genskyvec -m 1
NROWS=146
NCOLS=1
NCOMP=3
FORMAT=ascii

18.2962375	19.1348156	21.3074931
30.625135	32.0287881	35.6655256
31.2482794	32.6804919	36.3912256
31.5049844	32.9489625	36.6901819
31.0157512	32.4373062	36.1204275
28.7255188	30.0421037	33.4532619
27.6237488	28.8898375	32.1701587
27.0725825	28.3134069	31.5282788
25.9493619	27.1387081	30.2201969
25.6275262	26.8021187	29.8453894
29.6330862	30.9912688	34.5102013
30.3825019	31.7750319	35.3829562
34.9551281	36.5572362	40.7081613
39.12951	40.9229431	45.5695775
43.30455	45.2893413	50.4317606
48.4915275	50.7140556	56.4724281
53.1283256	55.5633713	61.8723656
51.9616419	54.3432144	60.5136638
50.6428756	52.9640069	58.9778506
44.582355	46.6257112	51.9198694
40.6162694	42.4778487	47.3010325
35.3306956	36.9500169	41.1455406
31.9935469	33.4599169	37.2591537
28.6474469	29.960455	33.3623419
27.9386937	29.219215	32.5369363
27.5243694	28.7858994	32.0544225
28.0303781	29.3151025	32.64371
29.0149206	30.3447681	33.7902931
28.6185875	29.9302706	33.3287319
29.4277963	30.7765712	34.2711244
29.8468681	31.2148494	34.759165
19.227935	20.109215	22.3925331
17.7233213	18.5356394	20.6402862
19.2693681	20.1525481	22.4407875
18.3435731	19.18432	21.3626206
17.8789894	18.6984413	20.8215744
16.8390975	17.6108888	19.6105325
17.9393794	18.7616019	20.8919025
18.66411	19.5195475	21.7359113
19.2612131	20.1440194	22.43129
19.28943	20.1735281	22.4641475
22.4964219	23.5275081	26.1989588
26.3015988	27.50709	30.6304063
32.3564556	33.8394588	37.6817925
39.5640987	41.3774512	46.0756925
46.5034838	48.6348937	54.1571844
53.2733913	55.7150856	62.041305
53.7886806	56.2539937	62.6414025
49.7895569	52.0715781	57.9840906
41.1458394	43.0316888	47.9177581
33.7321906	35.27825	39.2839494
28.1799537	29.471535	32.8179056
24.0260525	25.127245	27.9803419
20.1254556	21.0478725	23.4377713
19.3999969	20.2891625	22.592915
18.5442206	19.394165	21.5962913
18.3786812	19.2210381	21.4035075
17.4706906	18.2714294	20.3460756
18.1088394	18.9388275	21.0892544
17.969805	18.7934206	20.9273363
18.6587925	19.5139844	21.7297175
12.4375162	13.0075681	14.484525
11.9569019	12.5049256	13.9248087
11.9257356	12.47233	13.8885144
12.5771937	13.1536475	14.64719
12.6302206	13.2091063	14.7089444
13.1639625	13.76731	15.3305306
14.2433775	14.8961969	16.5876
16.37836	17.1290356	19.0739675
18.9695463	19.8389838	22.0916194
25.2272094	26.3834556	29.3791888
33.878245	35.4309969	39.4540413
50.0013819	52.2931094	58.23078
64.5912281	67.5516581	75.2218719
65.1285969	68.1136544	75.8476819
48.8543519	51.0935106	56.8949681
34.6686269	36.2576038	40.3745069
24.0640294	25.1669631	28.0245688
19.7161913	20.6198462	22.9611488
15.7923819	16.5161975	18.3915444
13.75446	14.3848719	16.0182163
13.0066731	13.6028112	15.1473544
12.6025369	13.1801519	14.6767056
12.0123519	12.5629188	13.9893869
12.4397944	13.0099506	14.4871769
9.88627369	10.3393937	11.5133919
9.95008912	10.4061339	11.5877088
9.89464869	10.3481524	11.5231425
10.1313464	10.5957	11.7987987
10.7459744	11.2384981	12.5145837
11.2782688	11.7951881	13.1344831
12.8056881	13.3926162	14.9132938
15.2627981	15.9623437	17.7748038
19.5150981	20.4095381	22.7269581
25.9683438	27.1585581	30.2423019
39.1543544	40.9489288	45.5985125
65.0731844	68.0557025	75.7831506
2401.23847577653	2405.47565837653	2416.45387107654
90.0609531	94.188745	104.883499
57.9949544	60.6530544	67.5399606
38.9220369	40.7059631	45.3279575
25.8849912	27.0713875	30.1452312
19.1474013	20.0249919	22.2987463
14.9814487	15.6680988	17.4471469
12.6937356	13.27553	14.7829131
11.4399475	11.9642794	13.3227744
10.6984706	11.1888181	12.45926
10.2350449	10.7041525	11.9195644
10.1622918	10.6280625	11.8348356
9.3072915	9.73387544	10.8391163
9.32174762	9.74899413	10.8559519
9.61876894	10.0596291	11.2018594
10.3189219	10.7918731	12.0172456
11.5613625	12.0912569	13.46417
14.8543906	15.5352169	17.2991763
19.5530844	20.4492675	22.7711981
32.53505	34.0262387	37.8897769
51.6360638	54.002715	60.1345031
3087.88342513515	3092.35395973515	3103.93673273515
2282.87037586507	2286.46580896507	2295.78125396507
46.7468937	48.8894581	54.440655
27.5019719	28.7624781	32.0283381
17.56105	18.3659294	20.4513075
13.63825	14.2633363	15.88288
11.2824369	11.7995481	13.1393381
10.0696618	10.5311863	11.72696
9.53460156	9.97160269	11.1038394
9.80492931	10.2543221	11.4186575
10.2790411	10.7501643	11.9708
11.3333462	11.8527919	13.1986262
13.9951919	14.6366387	16.2985694
19.5841188	20.4817231	22.8073387
33.3496356	34.8781588	38.8384325
50.1035106	52.39992	58.3497156
42.5613938	44.5121238	49.5662919
25.4589619	26.6258312	29.6490844
16.3835194	17.1344294	19.0799738
11.7434638	12.2817069	13.676245
10.5458293	11.0291794	12.2814988
12.1339694	12.6901094	14.1310206
13.5782119	14.2005469	15.8129625
18.4071412	19.2508	21.4366513
25.8014537	26.9840194	30.047945
19.263885	20.1468125	22.4344019
14.1650769	14.8143087	16.4964138
16.2165369	16.959795	18.88551
