#?RADIANCE
genskyvec -m 1
NROWS=146
NCOLS=1
NCOMP=3
FORMAT=ascii

24.8663056	26.0060106	28.9588844
39.7337625	41.5548925	46.2732806
39.7772769	41.6004006	46.3239556
39.31091	41.1126588	45.7808313
37.3727213	39.0856362	43.5236506
32.6075825	34.1020944	37.9742481
30.8429869	32.2566225	35.9192313
29.9213994	31.2927975	34.8459656
29.1396538	30.47522	33.9355569
28.9642063	30.2917325	33.731235
36.1650088	37.8225712	42.11717
37.144585	38.8470437	43.2579669
44.2145144	46.2410112	51.4914906
48.78198	51.0178187	56.8106825
51.8254338	54.200765	60.35504
55.52429	58.0691519	64.6626663
55.2991994	57.8337456	64.4005306
53.7036969	56.165115	62.5424319
48.1068325	50.3117275	56.0244163
42.0001837	43.9251919	48.9127156
39.7865606	41.6101087	46.3347675
33.9468063	35.5027025	39.5338881
32.4231888	33.9092512	37.7595075
29.2778063	30.6197037	34.096445
30.0689513	31.4471113	35.0178025
32.3810594	33.8651881	37.7104425
34.459985	36.0394	40.1315269
37.8402356	39.5745775	44.0681088
37.2070387	38.9123612	43.3307019
39.1512975	40.9457313	45.5949506
39.2556813	41.0548975	45.716515
21.6801	22.6737694	25.2482837
19.2341644	20.1157294	22.39979
20.7622112	21.71381	24.179325
19.0479169	19.9209463	22.1828888
18.1818869	19.0152219	21.1743225
17.0405144	17.821535	19.8451
18.4383894	19.2834838	21.4730437
19.80214	20.7097381	23.0612419
21.46955	22.4535694	25.00308
22.4112725	23.4384562	26.0997956
26.7150063	27.9394425	31.1118519
31.3977456	32.8368088	36.5652925
37.9864287	39.7274725	44.238365
44.8089219	46.8626619	52.1837269
49.0651275	51.3139444	57.1404325
49.3666581	51.6292944	57.4915894
45.8362869	47.9371175	53.3801788
38.5522419	40.3192169	44.8972987
32.0684787	33.5382831	37.3464175
26.9635381	28.1993688	31.4012906
23.6736475	24.7586875	27.5699369
21.0981087	22.0651037	24.5705075
18.1363556	18.9676056	21.1212975
18.3790613	19.2214319	21.4039475
18.3807344	19.2231856	21.4058987
19.087325	19.9621588	22.2287819
18.78981	19.6510081	21.8823
20.2554613	21.1838363	23.5891738
20.2927275	21.2228106	23.6325737
21.19186	22.1631525	24.6796875
12.8393887	13.4278588	14.9525394
12.1594981	12.7168094	14.16075
11.9971987	12.5470688	13.9717375
12.6487088	13.2284419	14.7304781
12.9460269	13.539385	15.0767263
14.0701219	14.7150013	16.3858306
16.0197688	16.7540075	18.6563556
19.2260844	20.1072806	22.3903788
22.8072169	23.8525462	26.5609056
30.7437331	32.1528181	35.8036413
42.2320706	44.1677075	49.1827694
58.5225988	61.2048825	68.1544437
60.0099862	62.7604425	69.8866331
47.7387713	49.9267981	55.5957806
32.8571969	34.3631519	38.2649462
24.7967181	25.9332356	28.8778481
19.0364612	19.9089656	22.1695463
16.7079394	17.4737194	19.4577894
14.08195	14.7273731	16.3996044
12.6735138	13.2543831	14.7593637
12.5195131	13.0933244	14.5800156
12.5696406	13.1457506	14.6383969
12.2291225	12.789625	14.2418325
12.9259	13.5183362	15.0532869
9.88192637	10.3348477	11.5083269
9.99424969	10.4523194	11.6391375
10.0421844	10.5024519	11.6949619
10.4351681	10.9134475	12.1526244
11.4706981	11.9964387	13.3585869
12.4418	13.0120469	14.4895125
14.795725	15.4738625	17.2308562
18.1222063	18.9528075	21.10482
23.8898781	24.9848312	27.8217544
33.490685	35.0256731	39.0026944
57.3240869	59.9514412	66.7586819
114.24249	119.478605	133.044921
3358.77146669393	3364.17151269393	3378.16258769393
60.7700581	63.55535	70.7718006
35.4963063	37.1232187	41.3384087
25.2114694	26.3669938	29.3608575
18.86186	19.72636	21.9662087
15.4303781	16.1376038	17.9699625
13.0365644	13.6340744	15.1821675
11.5468544	12.0760844	13.4472731
10.7292312	11.2209875	12.4950831
10.3273048	10.8006394	12.0270062
10.0522785	10.5130059	11.7067162
10.105487	10.5686554	11.7686838
9.34122825	9.76936775	10.87864
9.5544305	9.99234144	11.1269306
10.1606355	10.6263306	11.8329075
11.2836681	11.8008356	13.1407737
13.0718906	13.6710194	15.2233081
17.3452356	18.1402244	20.1999738
23.6807994	24.7661687	27.5782669
45.2783819	47.3536406	52.73045
2864.35660024894	2868.21646524894	2878.21705144894
4516.00103937176	4521.22882337176	4534.77354837176
54.6112331	57.1142456	63.5993356
29.936245	31.3083206	34.8632519
19.48586	20.3789625	22.6929112
14.3736844	15.0324763	16.7393537
12.1090694	12.6640681	14.1020219
10.5589209	11.0428719	12.2967438
9.72503744	10.1707673	11.3256169
9.404952	9.836012	10.9528506
10.0022679	10.4607062	11.6484762
10.8312135	11.3276425	12.6138494
12.3769494	12.9442256	14.4139887
15.7148012	16.4350625	18.3011975
22.2235206	23.2420988	25.8811438
38.8882287	40.6706031	45.2885844
49.2144375	51.4700981	57.3143162
32.5912194	34.0849825	37.9551931
19.2762231	20.159715	22.4487687
14.0102512	14.6523875	16.3161056
11.0610594	11.5680238	12.8815263
10.3890031	10.8651656	12.09886
12.1694519	12.7272175	14.1723387
13.9975931	14.6391494	16.301365
18.7732113	19.6336481	21.8629688
24.4882244	25.6106019	28.5185819
17.0194531	17.79951	19.8205738
13.2478081	13.855	15.4281775
15.6506394	16.3679619	18.2264756
