#?RADIANCE
genskyvec -m 1
NROWS=146
NCOLS=1
NCOMP=3
FORMAT=ascii

23.0828906	24.1408563	26.8819519
32.3741369	33.8579512	37.7023831
32.6719113	34.1693725	38.049165
32.721045	34.22076	38.1063856
32.0206813	33.488295	37.2907556
29.5329363	30.8865275	34.3935656
28.6626831	29.9763894	33.3800856
28.4394256	29.7428994	33.1200837
27.8956831	29.1742337	32.48685
28.0405513	29.3257438	32.6555625
33.2089206	34.7309956	38.6745581
34.7455519	36.338055	40.4640925
40.4298688	42.2829019	47.0839537
45.3991456	47.4799369	52.8710906
49.8006856	52.0832144	57.9970494
53.8359675	56.3034481	62.6964744
55.9302656	58.4937344	65.1354581
52.7182744	55.1345269	61.3948263
48.92601	51.1684494	56.9784187
42.1284062	44.05929	49.0620419
38.8564925	40.6374137	45.251625
33.8941163	35.4475963	39.4725244
31.6918762	33.1444181	36.907835
28.8463869	30.1685131	33.5940244
28.8742481	30.1976506	33.62647
29.3865806	30.7334644	34.223125
30.2621256	31.64914	35.2427694
31.6396469	33.0897956	36.847005
31.0263294	32.4483681	36.1327475
31.8482319	33.3079412	37.0899206
31.8719731	33.3327713	37.1175725
20.1208675	21.0430737	23.4324269
18.3993419	19.242645	21.4275687
19.8633631	20.7737669	23.1325437
18.858975	19.7233437	21.9628494
18.47476	19.3215194	21.5153981
17.6389131	18.4473625	20.5419856
19.0090469	19.8802937	22.1376187
20.2067519	21.132895	23.5324481
21.5144975	22.5005769	25.0554256
22.3046594	23.3269562	25.9756369
26.6376769	27.8585687	31.0217956
31.8610262	33.3213244	37.1048231
39.3036006	41.1050138	45.7723206
47.7199606	49.9071256	55.573875
53.9395256	56.4117519	62.8170744
56.450825	59.0381506	65.7416925
52.8162581	55.2370019	61.5089369
45.2034019	47.2752238	52.6431319
36.55251	38.2278325	42.5684463
30.0450212	31.4220844	34.9899325
25.6931225	26.8707237	29.9217831
22.5935319	23.6290681	26.3120512
19.4257675	20.3161144	22.6229256
19.3854038	20.2739006	22.57592
19.0188119	19.8905075	22.1489919
19.2068381	20.0871506	22.3679644
18.4637556	19.3100094	21.5025806
19.2546806	20.137185	22.4236812
19.0642631	19.9380419	22.201925
19.6933706	20.5959813	22.9345713
13.02424	13.6211825	15.1678113
12.5035681	13.0766469	14.5614481
12.4801744	13.0521806	14.5342019
13.2227187	13.82876	15.3989606
13.5111481	14.1304081	15.7348587
14.4553112	15.1178462	16.8344144
16.1543106	16.8947162	18.8130406
19.28181	20.1655581	22.4552744
23.25432	24.3201412	27.0815938
32.1435094	33.6167506	37.4337944
44.2821262	46.3117219	51.5702288
61.9498994	64.7892694	72.1458244
68.1176875	71.2397475	79.3287287
58.262605	60.9329719	67.8516619
40.7430075	42.6103925	47.4486281
29.3496356	30.6948287	34.1801
21.3011712	22.2774762	24.8069919
18.1910225	19.0247769	21.1849631
15.18827	15.8843975	17.6880075
13.6064694	14.2300975	15.8458675
13.2694119	13.8775956	15.4533394
13.0951181	13.69531	15.2503569
12.5824975	13.1591944	14.6533669
13.0754269	13.6747156	15.2274244
10.3727151	10.8481331	12.0798938
10.4820744	10.9625019	12.2072487
10.514745	10.9966731	12.2452994
10.8675875	11.3656856	12.6562106
11.7724606	12.3120294	13.7100125
12.6090938	13.1870106	14.6843413
14.8789413	15.5608906	17.3277656
18.457525	19.3034906	21.4953263
24.8613756	26.0008538	28.953145
34.7177788	36.3090094	40.43175
54.9275756	57.445085	63.9677394
93.2895575	97.5653256	108.643473
3171.0263437007	3176.0585297007	3189.0964597007
72.4925162	75.8150862	84.4235831
45.1619162	47.2318362	52.5948181
31.3879381	32.8265513	36.5538713
22.0895562	23.1019925	25.7251294
17.1858681	17.9735519	20.0143756
14.098855	14.7450512	16.4192925
12.3703556	12.9373281	14.4063088
11.4556075	11.9806575	13.3410125
10.9571056	11.4593063	12.7604625
10.6075569	11.0937362	12.353385
10.6132825	11.0997231	12.3600519
9.7597725	10.207095	11.3660688
9.91316194	10.367515	11.5447037
10.4137237	10.8910194	12.1276513
11.4443775	11.9689131	13.3279362
13.2169319	13.8227088	15.39222
17.947305	18.76989	20.9011331
24.8824537	26.0229	28.9776944
44.6090056	46.6535831	51.9509075
2127.91211904236	2131.24541404236	2139.88165834236
4814.28544930423	4819.23611130423	4832.06286830423
64.0957725	67.0334925	74.6448713
37.6264313	39.3509762	43.8191181
23.4062719	24.4790575	27.2585562
16.0284075	16.7630425	18.6664163
13.0252087	13.6221988	15.1689419
11.1771356	11.6894219	13.0167056
10.2483898	10.7181081	11.9351037
9.87242138	10.3249075	11.4972581
10.3236833	10.7968506	12.0227906
11.0935294	11.6019819	12.91934
12.6640081	13.2444431	14.7482944
16.3919869	17.1432856	19.0898356
23.8522862	24.9455169	27.7779775
40.8717975	42.7450875	47.5986169
53.3802338	55.8268256	62.1657344
38.9341956	40.7186781	45.3421156
22.95275	24.00475	26.7303919
15.5579981	16.2710731	18.1185856
11.6872469	12.2229106	13.6107744
10.8277944	11.3240681	12.6098688
12.7817713	13.3676038	14.8854381
14.8547419	15.5355819	17.2995838
20.6725356	21.6200275	24.0748938
27.8215881	29.096745	32.4005587
19.3309306	20.2169319	22.5124806
14.3380969	14.9952606	16.6979119
17.1962906	17.9844537	20.0265144
