#?RADIANCE
genskyvec -m 1
NROWS=146
NCOLS=1
NCOMP=3
FORMAT=ascii

24.916895	26.0589194	29.0178025
31.9040612	33.3663306	37.1549419
32.0187419	33.4862675	37.288495
31.9747087	33.440215	37.2372144
31.2108437	32.6413375	36.3476294
28.728355	30.0450706	33.456565
28.0900969	29.3775575	32.7132594
28.1019594	29.3899662	32.7270775
27.9677213	29.249575	32.5707431
28.4084156	29.7104687	33.08397
34.1733119	35.7395894	39.7976731
36.1476556	37.8044206	42.0969594
42.3202188	44.2598937	49.2854238
47.4566981	49.6317956	55.2672819
51.5224731	53.8839175	60.0022163
54.3129362	56.8022781	63.2519437
54.4902437	56.9877094	63.4584319
50.521995	52.8375856	58.8370744
45.6847369	47.77862	53.203685
39.0758919	40.8668681	45.5071337
36.4274819	38.0970725	42.42284
31.823275	33.2818394	37.0608569
30.3538269	31.7450438	35.3495619
27.8647825	29.14192	32.4508644
28.3082381	29.6057	32.9673056
29.329405	30.6736669	34.1565375
30.3395869	31.73015	35.3329787
31.8685113	33.32915	37.1135381
31.0726938	32.4968587	36.1867419
31.8484113	33.30813	37.0901306
31.5997381	33.04806	36.8005306
19.6035931	20.50209	22.8300194
17.8351219	18.6525656	20.7704881
19.1990775	20.079035	22.3589263
18.2149575	19.04981	21.2128375
17.9309806	18.7528169	20.8821219
17.2829687	18.0751038	20.1274581
18.7906562	19.6518931	21.8832844
20.2637762	21.1925306	23.5988569
21.9988644	23.007145	25.6195125
23.2874156	24.3547562	27.1201381
28.23534	29.5294581	32.8824087
34.2169012	35.785175	39.8484356
42.1118994	44.0420269	49.0428175
50.4655681	52.77857	58.7713612
55.1234825	57.6499725	64.1958912
54.2842913	56.7723175	63.2185825
48.920665	51.1628612	56.9721938
40.3588288	42.2086069	47.0012219
32.5246269	34.0153375	37.8776406
26.8672256	28.09864	31.2891263
23.3144681	24.3830456	27.1516437
20.8709863	21.8275706	24.3060025
18.2007719	19.0349725	21.1963169
18.5334519	19.3829019	21.5837525
18.4402531	19.2854319	21.4752144
18.803815	19.6656569	21.8986112
18.1546963	18.9867856	21.142655
18.9734588	19.8430763	22.0961763
18.7366825	19.5954469	21.8204294
19.2857544	20.1696856	22.45987
12.6590075	13.2392113	14.7424694
12.1430412	12.6995963	14.1415838
12.1376325	12.69394	14.135285
12.9232381	13.5155519	15.0501881
13.3683437	13.9810594	15.5685494
14.5558606	15.2230025	16.9515125
16.6131669	17.3746031	19.3474181
20.3216306	21.2530381	23.6662337
25.1539594	26.3068475	29.2938831
35.5777406	37.208385	41.4332456
49.4361738	51.7019975	57.5725475
65.0904675	68.0737763	75.8032756
63.9333081	66.8635825	74.4556681
50.5957925	52.9147663	58.9230206
34.8129194	36.4085094	40.5425481
25.481595	26.6495006	29.6754419
18.9773531	19.8471481	22.1007106
16.5824506	17.3424781	19.3116456
14.1557281	14.8045306	16.4855238
12.8695963	13.4594531	14.9877175
12.7634519	13.3484419	14.8641013
12.71114	13.2937344	14.8031838
12.2461712	12.8074544	14.2616888
12.7422212	13.3262369	14.8393788
10.0747386	10.5364981	11.7328738
10.2088308	10.676735	11.8890344
10.3014813	10.7736325	11.9969338
10.7192744	11.2105756	12.48349
11.7820162	12.3220244	13.7211406
12.7878375	13.3739462	14.8925044
15.4744969	16.183745	18.0213431
19.71634	20.6200044	22.9613212
27.4677263	28.7266625	31.9884569
39.5376625	41.3498056	46.0449056
64.0963325	67.0340775	74.645525
3345.74364176233	3350.64592176233	3363.34725676233
101.094738	105.728247	117.733235
59.2854219	62.00267	69.0428169
37.1907325	38.8953056	43.3117081
26.45504	27.6675631	30.8091012
19.2269444	20.1081794	22.39138
15.3741863	16.0788356	17.9045219
12.9398863	13.5329619	15.0695756
11.56733	12.0974988	13.4711212
10.8695125	11.3676987	12.6584537
10.5194434	11.0015844	12.25077
10.2410667	10.7104481	11.9265769
10.2866839	10.7581563	11.9797013
9.46004644	9.89363194	11.0170125
9.69230637	10.1365364	11.2874988
10.2966966	10.7686294	11.9913638
11.4987375	12.0257612	13.3912388
13.5420275	14.1627025	15.7708188
19.0369569	19.9094837	22.1701237
27.2470387	28.4958613	31.7314488
50.9076613	53.2409275	59.2862181
3231.67702470642	3235.46819970642	3245.29078780642
4047.19207580648	4051.51934710648	4062.73092710648
52.4589231	54.8632875	61.0927906
31.3247819	32.7604969	36.4803181
20.2207888	21.1475756	23.5487956
14.3960775	15.0558969	16.7654312
11.9895937	12.5391162	13.9628831
10.4998888	10.9811331	12.2279956
9.773069	10.2210019	11.3815531
9.50158588	9.93707487	11.06539
10.0098944	10.4686819	11.6573569
10.9092588	11.4092662	12.7047419
12.7254438	13.3086937	14.8198412
16.9523081	17.729285	19.7423756
25.0844844	26.2341887	29.212975
42.1242412	44.0549356	49.0571931
49.2083262	51.4637069	57.3071981
33.8680319	35.4203175	39.4421488
20.2367244	21.1642412	23.5673538
14.1891044	14.8394375	16.5243944
10.97182	11.4746962	12.7776012
10.3399471	10.8138594	12.0417306
12.3411675	12.906805	14.3723175
14.6364144	15.3072494	17.045325
20.5442412	21.4858519	23.9254825
26.6876025	27.910785	31.0799394
17.9895344	18.8140525	20.9503125
13.5036581	14.1225756	15.7261356
16.5545113	17.3132587	19.2791081
