#?RADIANCE
genskyvec -m 1
NROWS=146
NCOLS=1
NCOMP=3
FORMAT=ascii

0.620497725	0.6489372	0.722621325
7.78779838	8.14473869	9.06954075
7.88930981	8.25090275	9.18775956
8.27246706	8.65162156	9.63397769
9.26845444	9.69325831	10.793888
11.5152366	12.0430173	13.4104525
14.843815	15.5241562	17.28686
19.7447031	20.6496681	22.9943531
30.1936344	31.5775087	35.1630056
134.558649597929	136.650768397929	142.071268397929
240.007629337832	242.406326237832	248.621142537832
38.2301394	39.982355	44.5221869
23.3450463	24.4150256	27.1872531
16.158705	16.89931	18.8181587
12.4716666	13.0432844	14.5242956
9.93209337	10.3873143	11.5667511
8.94274837	9.35262469	10.4145767
7.74423638	8.09918025	9.01880863
7.814498	8.17266206	9.1006345
7.69213606	8.04469225	8.95813406
7.63697494	7.98700269	8.89389413
8.13963719	8.51270344	9.47928594
7.91107031	8.27366081	9.21310106
8.15525538	8.52903781	9.49747519
8.352236	8.73504669	9.72687537
7.9240215	8.28720562	9.22818331
8.15394619	8.52766869	9.4959515
7.78101781	8.13764756	9.06164387
7.96162631	8.32653394	9.27197794
7.58893662	7.93676287	8.83794969
7.67598856	8.02780425	8.93932869
7.09718312	7.42247025	8.26526156
6.99831294	7.319069	8.15011912
7.83336694	8.19239594	9.1226095
8.67138875	9.06882662	10.098555
10.5834263	11.0684999	12.3252819
12.90939	13.50107	15.0340619
17.4117344	18.20977	20.2774163
24.9984769	26.1442413	29.1128138
35.6835775	37.3190731	41.5565025
95.5168578224333	96.9623103224333	100.707357222433
27.0591356	28.299345	31.5126212
19.7467181	20.651775	22.9966994
15.2003313	15.897015	17.7020537
11.4309776	11.9548966	13.312325
9.3484945	9.77696706	10.8871017
8.00089794	8.36760525	9.31771237
7.81167663	8.16971156	9.09734919
6.949509	7.26802781	8.09328281
6.85577294	7.16999594	7.98411937
6.70727094	7.01468737	7.81117631
6.86902081	7.18385075	7.99954756
7.13738631	7.46451625	8.31208137
6.94519906	7.26352038	8.08826325
7.41029837	7.74993706	8.62991044
7.545203	7.89102463	8.78701825
7.56485706	7.91157944	8.80990688
7.18364788	7.51289831	8.36595706
7.13730262	7.46442906	8.31198431
6.91285925	7.22969844	8.050601
6.98281737	7.30286287	8.132073
5.15744919	5.39383225	6.00627975
5.14815081	5.38410744	5.99545081
5.65386344	5.91299863	6.58439556
7.14837663	7.47601056	8.32488094
9.07726875	9.49330913	10.571236
12.3395083	12.90507	14.3703875
16.1360794	16.8756487	18.7918106
18.619525	19.4729206	21.68399
14.8893675	15.5717962	17.33991
11.7649377	12.3041643	13.7012519
9.02976938	9.44363469	10.5159206
7.09028244	7.41525362	8.25722544
5.95300962	6.22585556	6.93277606
5.27844581	5.52037438	6.14719025
5.13317906	5.36844956	5.97801519
5.13106569	5.36623931	5.97555381
5.04080213	5.27183875	5.87043437
5.39737669	5.64475631	6.28569519
5.28675231	5.52906169	6.15686406
5.0663035	5.29850906	5.900133
5.26364906	5.5048995	6.12995844
5.24268269	5.48297206	6.10554113
4.9301305	5.15609462	5.741548
5.07652875	5.30920288	5.91204119
3.85704031	4.03382112	4.491845
4.07217919	4.25882056	4.74239219
4.37173275	4.57210369	5.09124738
4.95709669	5.18429688	5.77295256
6.23315587	6.51884175	7.25902963
7.18997637	7.519517	8.37332725
8.49396556	8.883272	9.89193081
9.3504325	9.77899394	10.8893586
8.26928475	8.64829319	9.63027137
7.21669269	7.54745756	8.40444056
5.86533256	6.13416	6.83066881
4.78934244	5.00885394	5.57758881
4.42279088	4.625502	5.15070875
4.11369225	4.30223644	4.79073781
3.95007531	4.13112031	4.600192
3.788381	3.96201506	4.41188556
3.78548556	3.95898681	4.40851369
3.8402065	4.01621588	4.47224075
3.9580205	4.13942963	4.60944475
3.94266625	4.12337162	4.59156363
3.955538	4.13683337	4.60655363
3.95183912	4.13296506	4.60224631
3.84030331	4.01631706	4.47235344
3.92609675	4.10604275	4.57226719
3.12027063	3.263283	3.63381531
3.33788738	3.49087388	3.88724806
3.61821906	3.78405412	4.21371787
4.32078412	4.51881988	5.03191362
5.00226675	5.23153713	5.82555688
5.33392987	5.5784015	6.21180619
5.2696135	5.51113706	6.13690425
4.57702931	4.78680956	5.33033238
3.98169919	4.16419356	4.63702069
3.52695594	3.68860787	4.10743444
3.15857825	3.30334644	3.67842794
3.12456206	3.26777112	3.63881319
3.103344	3.2455805	3.61410281
3.06443806	3.20489131	3.56879356
3.00888094	3.14678788	3.50409281
3.02527381	3.16393213	3.52318362
3.07700138	3.21803056	3.58342475
3.07160375	3.21238531	3.57713856
2.73892881	2.86446294	3.189711
2.85842631	2.98943731	3.32887587
3.31938744	3.47152588	3.86570331
3.76001019	3.93234381	4.37884525
3.57567437	3.73955912	4.16417087
3.19300394	3.33934994	3.71851938
2.91351294	3.04704875	3.39302875
2.70434544	2.8282945	3.14943581
2.63067819	2.75125094	3.06364419
2.58711569	2.70569156	3.01291181
2.63641063	2.75724606	3.07032
2.59286781	2.7117075	3.01961075
2.47867887	2.59228487	2.88662825
2.62803325	2.74848462	3.06056387
2.70543025	2.82942931	3.15069925
2.60388306	2.72322769	3.03243894
2.39616738	2.50599169	2.79053681
2.39247294	2.50212787	2.78623438
2.44019581	2.55203819	2.84181144
