#?RADIANCE
genskyvec -m 1
NROWS=146
NCOLS=1
NCOMP=3
FORMAT=ascii

1.3116655	1.37178337	1.52754381
13.6449075	14.2702975	15.8906331
12.9712838	13.5658011	15.1061406
12.6307213	13.2096296	14.70953
12.5740447	13.1503537	14.6435219
12.9245087	13.5168825	15.0516681
12.6372294	13.2164369	14.7171081
12.699279	13.2813308	14.7893681
12.6554626	13.2355059	14.7383431
13.3429925	13.9545463	15.5390281
12.5504502	13.1256769	14.616045
13.402936	14.0172381	15.6088375
12.9997087	13.5955275	15.1392444
13.1097262	13.7105892	15.2673706
13.4030525	14.01736	15.6089744
13.6621925	14.288375	15.9107606
15.34345	16.0466931	17.8687281
15.9807487	16.7131988	18.610915
20.7521456	21.7032869	24.1676062
30.2534906	31.6401075	35.2327131
43.7777456	45.7842237	50.9828362
78.7928469	82.4041825	91.7608437
543.723320608198	548.673661608198	561.499543608198
241.1043781182	245.0987725182	255.4479166182
51.6664575	54.0345025	60.1698969
30.0304719	31.4068688	34.9729894
21.9063994	22.9104456	25.51183
17.1513337	17.9374363	19.9741575
15.6254325	16.3415975	18.1971194
14.1177335	14.7647975	16.4412775
13.7932631	14.4254544	16.0634075
12.4185319	12.9877144	14.4624169
11.6416044	12.1751775	13.55762
12.0605619	12.6133363	14.0455294
11.8074706	12.3486462	13.750785
11.6654311	12.2000944	13.5853662
11.2996182	11.8175163	13.1593481
11.7729831	12.3125788	13.7106219
12.0131056	12.5637063	13.9902625
11.9151712	12.4612838	13.8762125
11.1236488	11.6334806	12.9544163
11.5204569	12.0484769	13.4165319
11.6513488	12.1853694	13.5689675
12.3352631	12.90063	14.3654431
12.4211406	12.9904419	14.4654538
12.7360944	13.3198319	14.8322425
13.7646994	14.3955825	16.0301394
16.1990963	16.9415537	18.8651969
18.8206906	19.6833062	21.9182656
26.0388675	27.2323156	30.3244325
36.2563738	37.9181219	42.2235688
55.6530675	58.2038325	64.8126412
272.644991016286	276.275453516286	285.681675316286
59.8099031	62.5511894	69.6536225
42.4127012	44.356615	49.3931269
28.6181894	29.9298562	33.3282681
21.559235	22.547365	25.1075269
16.325555	17.0738112	19.0124712
14.303295	14.9588619	16.6573788
13.0095994	13.60587	15.1507619
12.6661738	13.2467062	14.750815
8.91442675	9.32300462	10.3815935
8.43528769	8.82190481	9.82359587
8.31704581	8.69824313	9.68589269
8.7293825	9.12947931	10.1660939
8.64807944	9.04444925	10.0714096
8.68347112	9.08146325	10.1126263
8.690725	9.08904919	10.1210741
8.81763725	9.22177813	10.2688738
8.45459412	8.84209612	9.84608025
8.84930769	9.25489994	10.3057571
8.95814069	9.36872081	10.4325011
9.58043813	10.0195419	11.1572205
10.301242	10.7733811	11.9966556
11.618373	12.1508819	13.5305631
15.4357975	16.1432712	17.9762744
22.0554488	23.0663231	25.6854081
30.2836412	31.6716425	35.2678269
38.8036525	40.5821531	45.1900894
27.6607731	28.9285569	32.213275
18.2643638	19.1014806	21.2703762
14.16685	14.8161631	16.4984781
11.5691488	12.0994019	13.4732406
9.59695106	10.0368111	11.1764503
9.3118795	9.73867319	10.8444601
6.63005325	6.93393038	7.72124981
6.57322131	6.87449381	7.6550645
6.3240955	6.61394969	7.36493663
6.39348225	6.68651669	7.44574331
6.51447306	6.81305306	7.58664719
6.45277956	6.74853181	7.51479987
6.39078669	6.68369756	7.442604
6.53724731	6.83687106	7.61316969
6.48070138	6.77773331	7.54731725
6.644327	6.9488585	7.737873
6.73571019	7.04443031	7.84429637
6.81233594	7.12456781	7.93353319
7.37928575	7.71750281	8.59379356
8.66839112	9.06569169	10.0950636
10.4892016	10.9699574	12.2155509
12.1089084	12.6639013	14.1018331
14.8381325	15.5182144	17.2802438
16.0996494	16.8375506	18.749385
15.1410356	15.8349987	17.6329987
12.199442	12.7585835	14.2072675
9.97270412	10.429784	11.6140444
8.38301237	8.76723344	9.76271675
7.42119213	7.76132988	8.64259763
7.17552237	7.50440031	8.35649406
5.32018175	5.56402312	6.19579525
5.20649975	5.44513088	6.06340325
5.05251144	5.28408481	5.88407113
5.15611831	5.39244025	6.00472988
5.17132963	5.40834875	6.02244463
5.12514962	5.36005212	5.96866431
5.221504	5.46082281	6.08087688
5.38194388	5.62861594	6.26772244
5.50739725	5.75981956	6.41382344
5.97995625	6.25403731	6.96415775
6.28892044	6.57716244	7.32397219
7.67992244	8.03191887	8.9439105
8.94168706	9.35151425	10.4133399
8.91445119	9.32303	10.3816229
7.81297894	8.17107325	9.09886569
6.75276413	7.06226544	7.86415694
6.12041487	6.40093369	7.12773362
5.60574675	5.86267669	6.52835944
4.56230106	4.77140637	5.31318013
4.32087837	4.51891862	5.03202319
4.36356062	4.56355694	5.08173031
4.43731031	4.64068662	5.16761781
4.40106313	4.60277831	5.12540494
4.5423345	4.75052469	5.28992731
4.88678763	5.11076513	5.69107169
5.25172144	5.49242525	6.11606769
5.91378012	6.18482819	6.88709025
5.7459265	6.00928144	6.69161069
5.355431	5.60088825	6.23684613
4.70784012	4.92361606	5.48267256
4.096988	4.28476669	4.77128413
3.95862331	4.14006019	4.61014687
4.0020775	4.18550587	4.66075294
4.22775106	4.42152288	4.92356863
4.37124275	4.57159119	5.09067656
4.37945675	4.58018169	5.10024244
3.99668338	4.17986438	4.65447094
