#?RADIANCE
genskyvec -m 1
NROWS=146
NCOLS=1
NCOMP=3
FORMAT=ascii

20.73994	21.69052	24.1533894
32.1544519	33.6281944	37.4465394
32.6494994	34.145935	38.0230656
32.8164481	34.3205375	38.2174931
32.2227087	33.6995825	37.5260313
29.8027213	31.1686762	34.707755
28.7544869	30.0723981	33.4869963
28.3213812	29.6194431	32.98261
27.4007944	28.6566631	31.9105112
27.2652531	28.51491	31.7526594
31.7983844	33.25581	37.0318706
32.8944138	34.4020719	38.3082875
38.0031	39.7449062	44.2577794
42.6241987	44.5778075	49.639435
47.064865	49.2220025	54.8109594
52.0023556	54.3857956	60.5610806
55.8357637	58.3949	65.0254025
53.7073812	56.1689681	62.5467231
51.3039956	53.6554287	59.7477794
44.6809781	46.728855	52.0347256
40.85969	42.7324256	47.5845188
35.5983269	37.2299169	41.4572206
32.6441669	34.1403563	38.0168537
29.4443406	30.7938719	34.2903894
29.0220438	30.3522175	33.7985875
28.973855	30.3018244	33.7424719
29.65631	31.0155562	34.5372456
30.8236381	32.2363863	35.8966969
30.3563731	31.7477075	35.3525281
31.1895594	32.6190787	36.3228406
31.46713	32.9093719	36.6460969
20.1682956	21.092675	23.4876613
18.5357331	19.3852856	21.5864062
20.0839188	21.0044312	23.3893975
19.0980094	19.9733344	22.241225
18.6460937	19.5007075	21.7149325
17.6562575	18.4655006	20.5621837
18.8864269	19.7520562	21.9948194
19.8126469	20.7207262	23.07348
20.7020681	21.6509112	24.1092837
21.02624	21.9899412	24.4868088
24.748115	25.8824019	28.8212437
29.2016337	30.5400412	34.0077369
35.9877037	37.6371394	41.9106831
43.9653231	45.9803975	51.2012844
51.0062456	53.3440325	59.4010275
56.4675838	59.0556794	65.7612106
55.1876906	57.7171244	64.2706675
49.3808362	51.6441225	57.5081
40.3350312	42.1837194	46.9735094
33.0685363	34.5841762	38.5110687
27.8796119	29.1574288	32.4681344
24.0736988	25.1770769	28.0358306
20.3918431	21.3264688	23.7480012
19.9359625	20.8496931	23.2170912
19.2664475	20.1494931	22.4373837
19.2468437	20.1289919	22.4145544
18.3910513	19.2339738	21.4179119
19.1136494	19.98969	22.2594369
18.9554356	19.824225	22.0751856
19.6414213	20.5416531	22.8740725
13.0717875	13.6709131	15.2231881
12.5604925	13.1361806	14.62774
12.5285881	13.1028156	14.5905844
13.2295163	13.83587	15.4068762
13.3729062	13.9858306	15.5738656
14.07874	14.7240138	16.3958663
15.4252175	16.1322075	17.9639531
17.9948775	18.8196425	20.9565356
21.1749919	22.1455125	24.6600444
28.5984669	29.9092275	33.3052987
38.8558769	40.63677	45.2509094
56.4782194	59.0668019	65.7735969
68.7787006	71.931055	80.0985325
64.6216263	67.5834469	75.2572706
46.7642144	48.9075719	54.4608256
33.3083112	34.8349412	38.7903063
23.5418419	24.6208419	27.4164369
19.6231731	20.5225675	22.8528219
15.9981825	16.7314325	18.6312175
14.10361	14.7500256	16.42483
13.510265	14.1294869	15.7338294
13.1942844	13.7990206	15.365845
12.6244981	13.2031188	14.70228
13.0930825	13.6931812	15.2479856
10.4080653	10.8851	12.1210581
10.4913009	10.9721512	12.2179931
10.4676644	10.9474319	12.1904675
10.7551281	11.2480713	12.5252431
11.4983694	12.0253788	13.39081
12.1630081	12.7204794	14.1648369
14.0174094	14.6598737	16.3244425
16.96545	17.7430325	19.7576806
22.1376081	23.1522494	25.7810919
30.0263669	31.4025744	34.9682081
46.2063338	48.3241238	53.8111281
77.78863	81.3539431	90.5913419
2797.81110639744	2802.63481739744	2815.13266539744
85.7455394	89.6755387	99.8578331
53.9518381	56.4246306	62.8314144
36.6938056	38.375605	42.7329975
24.9734631	26.11808	29.0836806
18.8655712	19.7302425	21.97053
15.0569656	15.7470744	17.5350925
12.9477825	13.5412225	15.0787725
11.8039231	12.344935	13.7466506
11.1453787	11.6562069	12.9797225
10.7182856	11.2095388	12.4823356
10.6768244	11.1661788	12.4340506
9.8014685	10.2507031	11.4146281
9.87147744	10.3239212	11.4961594
10.2576594	10.7277994	11.9458981
11.1060481	11.6150756	12.9339194
12.5901062	13.1671556	14.6622294
16.5314406	17.2891325	19.2522406
22.2132194	23.2313275	25.8691488
38.1112875	39.8580538	44.3837725
61.3523625	64.1643444	71.449945
4110.02492774387	4115.04448974387	4128.04977574387
2011.71216621757	2015.16513371757	2024.11148361757
44.2047994	46.2308525	51.4801788
26.55858	27.7758456	30.9296812
17.4537075	18.2536681	20.3262969
13.8136831	14.44681	16.0871863
11.6028281	12.1346244	13.5124606
10.4725925	10.9525856	12.1962075
9.98848225	10.4462875	11.6324187
10.3474547	10.8217125	12.0504738
10.9570713	11.4592681	12.7604225
12.2470013	12.8083212	14.262655
15.4074663	16.1136419	17.94328
21.93237	22.9376037	25.542075
37.64217	39.3674337	43.837445
53.9486238	56.4212663	62.8276719
42.7945862	44.7560056	49.837865
25.2689756	26.427135	29.4278288
16.5857219	17.3459	19.3154563
12.1105869	12.6656544	14.1037888
11.0176425	11.5226175	12.8309631
12.8213806	13.4090263	14.9315663
14.5741	15.24208	16.9727544
19.9995156	20.9161612	23.2911025
27.6647869	28.9327556	32.2179519
20.0077831	20.9248056	23.3007319
14.7351362	15.4104969	17.1602938
17.2115037	18.0003631	20.0442319
