#?RADIANCE
genskyvec -m 1
NROWS=146
NCOLS=1
NCOMP=3
FORMAT=ascii

22.1654162	23.1813312	25.8134744
29.0734575	30.4059912	33.8584662
27.519605	28.7809194	32.0488738
26.8251887	28.0546763	31.2401712
25.8881069	27.0746431	30.1488587
24.2249519	25.3352606	28.2119769
25.3299963	26.490955	29.4988925
26.9267994	28.1609444	31.358505
29.1520131	30.4881475	33.9499512
31.3422887	32.7788075	36.5007075
38.5856306	40.3541388	44.9361837
40.7676256	42.6361406	47.4772988
45.0911362	47.1578112	52.5123881
45.1252819	47.1935231	52.5521537
42.5369412	44.4865494	49.5378156
39.7318962	41.5529394	46.2711081
35.1530756	36.7642563	40.9386875
33.295635	34.821685	38.775545
28.5599481	29.8689444	33.2604406
25.5220781	26.6918387	29.7225875
25.9478169	27.1370919	30.2183975
23.816415	24.9080006	27.7362006
25.5061075	26.6751362	29.7039888
25.0717331	26.2208525	29.1981219
28.1150594	29.4036656	32.7423325
31.5011438	32.9449475	36.6857081
33.4012019	34.9320913	38.8984863
35.218815	36.8330094	41.0152475
32.7989994	34.3022869	38.1971713
32.4986919	33.988215	37.8474394
30.2138556	31.5986544	35.1865531
16.2631019	17.0084937	18.9397388
14.1797525	14.8296575	16.5135044
15.1699081	15.8651962	17.6666238
14.5925744	15.2614	16.9942687
15.3285012	16.0310569	17.8513181
16.0418056	16.777055	18.6820206
18.5774269	19.42889	21.6349625
21.5790138	22.5680506	25.13056
25.071865	26.2209919	29.1982806
27.9562762	29.2376012	32.5574125
34.1278244	35.692015	39.7446987
39.3961675	41.2018231	45.8801225
40.5531181	42.4118	47.2274869
37.6974631	39.4252631	43.90184
32.255455	33.7338288	37.5641669
26.4509187	27.6632506	30.8042994
24.1535531	25.2605894	28.1288269
19.5695387	20.4664769	22.79036
17.1683838	17.9552675	19.994015
15.1546581	15.849245	17.6488619
14.4729506	15.136295	16.8549588
14.4597731	15.1225112	16.8396106
13.7120812	14.3405512	15.9688619
15.7850863	16.5085687	18.3830487
16.8765444	17.6500513	19.6541444
17.9282338	18.749945	20.8789244
17.2300169	18.0197238	20.06579
17.8260594	18.6430856	20.7599325
16.8932456	17.66752	19.6735931
16.7301006	17.4968962	19.4835969
10.0748025	10.5365642	11.7329488
9.67309506	10.1164451	11.2651262
9.99791519	10.4561534	11.643405
11.3674512	11.88846	13.2383444
12.947655	13.5410887	15.078625
15.5137556	16.2248019	18.0670625
19.2775138	20.1610656	22.4502731
25.9413625	27.1303419	30.2108812
36.2506187	37.912105	42.2168694
50.0898588	52.3856419	58.3338181
50.7546275	53.08088	59.1079969
33.8065463	35.3560125	39.3705419
23.626415	24.70929	27.5149294
18.1054544	18.9352869	21.0853106
14.6718419	15.3443013	17.0865831
12.5588656	13.1344788	14.6258462
10.7867014	11.2810913	12.5620144
10.5762071	11.0609489	12.316875
10.0795759	10.5415576	11.7385094
9.77548369	10.2235259	11.3843662
10.4645371	10.9441609	12.186825
10.6965276	11.1867851	12.4569975
10.108069	10.5713563	11.7716894
10.4208536	10.8984768	12.1359544
8.03227731	8.400423	9.35425638
8.36284862	8.7461455	9.73923488
8.95648313	9.36698844	10.4305718
9.850482	10.3019623	11.4717081
11.8314756	12.3737525	13.7787406
13.6464794	14.2719438	15.8924631
18.4182781	19.2624475	21.4496219
27.8851725	29.1632425	32.4746088
51.6810325	54.0497444	60.1868712
3539.6834167929	3543.8485148929	3554.6399289929
3053.66919194381	3057.48161204381	3067.35924704381
41.1738612	43.060995	47.9503937
26.0237894	27.216545	30.3068719
17.1056531	17.8896625	19.9209594
13.4193425	14.0343956	15.6279425
11.3616588	11.8824031	13.2316013
9.80150563	10.2507397	11.4146688
8.87683056	9.283685	10.3378083
8.36296156	8.74626344	9.73936625
8.08496519	8.45552575	9.41561588
8.05680044	8.42607013	9.38281612
8.11598538	8.48796775	9.45174175
7.98759325	8.353691	9.30221888
8.09525138	8.4662835	9.42759575
7.57698375	7.92426187	8.82402925
8.23295819	8.61030162	9.587966
9.35378037	9.78249544	10.8932569
11.3060644	11.8242581	13.1668556
14.4183694	15.0792113	16.7913913
24.3684344	25.4853181	28.3790719
45.2638762	47.3384688	52.7135575
3753.30353941045	3757.23427001045	3767.41843881045
50.3521725	52.6599794	58.639305
24.1611619	25.2685481	28.1376856
15.7673875	16.4900581	18.3624356
11.9010169	12.4464819	13.8597275
9.72016787	10.1656754	11.3199469
8.30858537	8.68939525	9.67604062
7.67763012	8.02952137	8.9412405
7.31443625	7.64968088	8.51827087
7.23081231	7.56222431	8.42088375
7.30630713	7.64117931	8.50880406
8.02375963	8.39151494	9.34433706
9.2684035	9.69320531	10.7938292
11.7265046	12.2639694	13.6564931
17.469455	18.2701369	20.3446369
25.807965	26.9908287	30.0555262
29.1932556	30.5312806	33.9979819
19.4729356	20.3654425	22.677855
13.3199669	13.930465	15.5122131
9.93741594	10.3928814	11.57295
8.44373156	8.83073569	9.8334295
7.55034681	7.89640413	8.79300844
7.66692819	8.01832881	8.92877744
9.23380638	9.65702231	10.7535375
11.3816844	11.903345	13.25492
14.9299825	15.6142744	17.38721
15.1387325	15.8325919	17.6303156
10.4570348	10.9363145	12.1780881
8.93350219	9.34295431	10.4038089
11.1317099	11.6419131	12.9638038
