#?RADIANCE
genskyvec -m 1
NROWS=146
NCOLS=1
NCOMP=3
FORMAT=ascii

21.1904137	22.1616406	24.6780044
30.6466594	32.0512969	35.6905888
34.6265538	36.2136031	40.3255106
37.3794519	39.0926775	43.5314894
38.9564656	40.74197	45.3680525
36.7554437	38.4400662	42.8047788
35.9520356	37.5998369	41.869145
34.2865281	35.8579931	39.9295225
30.4594356	31.8554906	35.4725519
26.6702238	27.8926087	31.0596981
29.6336744	30.9918819	34.5108831
25.5291	26.699185	29.7307681
27.6841231	28.9529781	32.2404694
28.5666713	29.8759762	33.26827
29.777465	31.1422663	34.6783419
34.2383444	35.8075994	39.8734063
37.9981612	39.7397444	44.2520275
43.7775813	45.7840525	50.9826456
47.5527325	49.7322331	55.3791244
52.1896775	54.5817025	60.7792306
53.6030581	56.0598619	62.4252331
49.7650981	52.0459969	57.9556081
45.0534969	47.1184475	52.4685531
38.9663494	40.7523025	45.3795619
35.48492	37.1113094	41.3251475
31.7898919	33.2469275	37.0219788
29.1097375	30.4439325	33.900715
28.309065	29.60656	32.9682644
26.279205	27.4836687	30.6043269
27.2951656	28.5461944	31.7874944
28.5675344	29.8768781	33.269275
17.5229937	18.3261294	20.4069875
16.8452487	17.6173213	19.617695
19.6129025	20.5118275	22.8408612
19.4516087	20.34314	22.6530206
19.449795	20.3412444	22.6509106
17.8849656	18.7046937	20.8285356
18.9032044	19.7695994	22.0143569
18.4913375	19.338855	21.5347037
16.8024506	17.5725644	19.5678575
14.3349081	14.9919231	16.6941956
15.1008456	15.7929681	17.5861937
15.8536556	16.5802813	18.4629031
18.2296213	19.0651456	21.2299131
20.4916506	21.4308488	23.8642344
23.0770456	24.1347431	26.8751437
27.7589013	29.0311831	32.3275556
34.1556463	35.7211113	39.7770962
41.1206344	43.0053306	47.8884081
48.5244456	50.7484837	56.5107631
49.6133212	51.8872619	57.7788475
44.1688394	46.1932431	51.438295
36.0362862	37.6879488	41.9672606
28.4830131	29.7884838	33.1708431
24.9124956	26.0543162	29.0126788
21.5558162	22.5437906	25.1035456
19.4110037	20.3006738	22.6057319
16.7578538	17.5259219	19.5159181
16.1382469	16.8779156	18.7943344
15.5805575	16.294665	18.1448581
16.2839844	17.0303325	18.9640556
11.0181898	11.5231894	12.8316
10.7522881	11.2451025	12.5219363
11.0207564	11.5258738	12.8345906
12.0136361	12.5642587	13.9908813
11.7661666	12.3054475	13.7026806
11.4648169	11.9902869	13.3517356
11.1537619	11.6649744	12.9894844
11.2402483	11.755425	13.0902075
11.3175188	11.8362388	13.1801944
12.9787156	13.5735725	15.1147956
14.9177856	15.6015188	17.3730062
19.0543481	19.92767	22.1903756
25.1820269	26.3362	29.3265694
36.5038894	38.1769819	42.5118219
56.3432006	58.9255969	65.6163562
66.8665269	69.9312406	77.8716494
47.9194106	50.115715	55.8061506
32.7303813	34.2305225	38.1172587
22.3871587	23.4132375	26.0717138
17.5592206	18.3640175	20.4491763
14.659835	15.3317437	17.0725994
12.7531988	13.3377206	14.8521637
11.1605775	11.6721037	12.9974225
10.9773371	11.4804656	12.7840244
8.78962962	9.19248781	10.2362576
8.71978913	9.119446	10.1549206
8.56782194	8.9605135	9.97794306
8.66890094	9.06622525	10.0956586
8.83337569	9.2382385	10.2872023
8.77134569	9.1733655	10.2149636
8.882861	9.28999181	10.3448316
9.44882244	9.88189375	11.0039419
10.3357788	10.8095019	12.0368756
11.7223888	12.2596656	13.6517
14.0203706	14.6629713	16.3278913
17.8271769	18.6442544	20.7612331
23.27977	24.3467587	27.1112325
41.1879344	43.0757138	47.9667856
2276.97138987641	2280.66434487641	2290.23246117641
5202.1551432493	5207.8346422493	5222.5497002493
70.0316506	73.2414306	81.5576963
36.7203775	38.4033925	42.7639419
22.3573131	23.3820237	26.0369562
16.4722356	17.2272112	19.1832912
13.4181706	14.0331694	15.6265794
11.2835594	11.8007231	13.1406475
9.98794512	10.4457267	11.6317962
9.34731244	9.77573081	10.8857244
8.43003187	8.816408	9.81747444
7.99906531	8.36568888	9.31557856
7.83985531	8.19918169	9.13016538
7.911101	8.27369312	9.21313688
8.16192444	8.53601244	9.50524163
8.92745631	9.33663106	10.3967659
10.0162359	10.4753147	11.6647431
12.4838537	13.0560306	14.5384888
15.60677	16.32208	18.1753862
23.8660781	24.9599412	27.7940394
38.1660588	39.9153356	44.4475569
2512.88290591174	2516.45314281174	2525.70333091174
63.8415637	66.7676344	74.3488269
27.4439012	28.701745	31.9607094
17.4917525	18.2934563	20.3706037
12.9084575	13.500095	15.0329756
10.5194632	11.0016044	12.2507931
9.17663919	9.59723494	10.6869625
8.69432963	9.09281956	10.125271
8.33934656	8.72156656	9.71186456
8.27921519	8.65867888	9.6418365
8.87438012	9.28112219	10.3349559
10.3631194	10.8380965	12.0687175
13.78875	14.420735	16.05815
20.1293694	21.0519669	23.4423294
28.2469513	29.5416006	32.8959294
30.5562612	31.9567556	35.5853144
18.75361	19.6131513	21.8401431
12.4564994	13.0274225	14.5066331
10.1052547	10.5684117	11.7684106
10.0829868	10.5451231	11.7424794
9.8292785	10.2797882	11.4470156
11.2534656	11.76925	13.1055987
14.7251337	15.4000363	17.1486463
15.343545	16.0467894	17.8688356
12.6278725	13.2066494	14.70621
11.8068162	12.3479612	13.7500219
