#?RADIANCE
genskyvec -m 1
NROWS=146
NCOLS=1
NCOMP=3
FORMAT=ascii

6.37750956	6.669812	7.4271415
22.5958138	23.6314556	26.3147119
23.2444656	24.3098362	27.0701187
24.1670425	25.2746975	28.1445356
25.3991806	26.5633112	29.579465
26.3221756	27.5286081	30.65437
26.5436431	27.7602275	30.9122869
26.9032869	28.1363531	31.3311213
25.7694994	26.9506006	30.0107325
25.4970006	26.6656131	29.6933838
25.0553881	26.2037581	29.17909
23.9582562	25.0563394	27.9013856
23.052015	24.1085638	26.8459919
22.3336125	23.357235	26.009355
22.2055463	23.2232988	25.86021
23.6112763	24.6934594	27.4973006
27.1054219	28.347755	31.5665237
30.8506106	32.2645969	35.9281088
40.5420894	42.4002675	47.2146456
59.7715625	62.5110919	69.60897
81.231715	84.954835	94.6011044
119.874019	125.36825	139.603287
118.270105	123.69082	137.735401
103.497109	108.240723	120.531011
72.7668756	76.1020206	84.7430913
47.3822113	49.5538944	55.1805356
36.4083631	38.0770781	42.4005756
29.0933069	30.4267506	33.8815844
25.4619894	26.6289956	29.6526069
22.99372	24.0475975	26.7781044
22.274965	23.2958988	25.9410525
16.9648463	17.7424	19.7569787
16.0334312	16.7682956	18.6722662
17.8784494	18.6978775	20.8209438
18.1168562	18.9472106	21.09859
18.6962119	19.5531231	21.7732981
18.1445231	18.9761488	21.1308125
19.5852031	20.4828588	22.8086025
19.9535	20.8680344	23.2375137
18.9223863	19.7896619	22.0366969
16.1946069	16.9368587	18.8599706
16.3569375	17.10663	19.0490175
15.9635231	16.6951838	18.5908531
16.8726344	17.6459637	19.6495894
17.1213537	17.9060825	19.9392431
18.0287444	18.8550619	20.9959769
20.9482444	21.9083694	24.3959769
26.9095025	28.1428525	31.3383594
34.0996219	35.66252	39.7118506
51.3016475	53.6529719	59.7450475
76.9745356	80.5025319	89.6432694
123.176486	128.822069	143.4493
1907.44992189384	1914.37510289384	1932.31765889384
100.117406	104.706118	116.595058
63.9866556	66.919375	74.517795
42.9775312	44.9473331	50.0509169
32.1027444	33.57412	37.3863231
23.513595	24.5913006	27.3835425
19.9356444	20.84936	23.2167188
17.5240419	18.3272287	20.4082094
16.9450056	17.7216519	19.7338725
11.1837271	11.696315	13.0243825
10.6883511	11.1782326	12.4474756
10.9096424	11.4096669	12.7051863
12.1180123	12.6734219	14.1124375
12.2883287	12.8515412	14.3107831
12.3875236	12.9552856	14.426305
12.1703769	12.7281856	14.1734194
11.9446938	12.4921606	13.9105944
10.9650933	11.4676613	12.7697681
11.2565371	11.7724606	13.1091756
11.4590433	11.9842494	13.3450106
13.0233369	13.62024	15.1667619
15.5085837	16.2193937	18.0610387
19.9813419	20.8971519	23.2699381
31.0469256	32.4699094	36.156735
52.3420181	54.7410263	60.9566444
1163.92884371054	1168.14815241054	1179.07998931054
1428.56553549721	1433.74521549721	1447.16535849721
54.8545875	57.368755	63.8827431
31.8187931	33.2771537	37.0556394
21.8324087	22.8330581	25.42566
16.4331331	17.1863181	19.1377531
12.6747337	13.2556575	14.7607831
11.7817178	12.3217112	13.7207931
8.31642619	8.69759544	9.68517112
8.22640144	8.60344456	9.5803305
8.04871606	8.41761531	9.37340062
8.27776688	8.65716425	9.64015031
8.61431944	9.00914244	10.0320928
8.54102525	8.93248856	9.94673606
8.34104531	8.72334275	9.71384287
8.41546531	8.801174	9.800511
8.19202475	8.56749231	9.54029575
8.39675569	8.78160656	9.77872169
8.79825338	9.20150631	10.2462993
9.60218181	10.0422803	11.182542
11.2711451	11.7877412	13.12619
15.4315638	16.1388444	17.9713431
21.9140794	22.918475	25.5207737
29.2116356	30.5504994	34.0193831
41.2635919	43.1548381	48.0548937
43.97717	45.9927894	51.2150819
34.2370844	35.8062825	39.8719406
23.1541481	24.2153794	26.9649375
16.5190119	17.2761344	19.2377688
12.3220388	12.8867975	14.3500394
10.097473	10.560274	11.7593494
9.22973281	9.65276181	10.7487932
6.97495656	7.29464181	8.1229185
6.66053237	6.96580644	7.75674537
6.47219669	6.76883875	7.53741287
6.6365675	6.94074325	7.72883625
6.66981831	6.97551812	7.76755975
6.57501369	6.87636837	7.65715181
6.71435744	7.02209869	7.81942931
7.1606815	7.48887919	8.33921094
7.81680187	8.17507163	9.10331769
9.58832187	10.027785	11.1664008
11.5268294	12.0551419	13.4239544
16.6337362	17.3961169	19.3713756
21.7180419	22.71345	25.2924712
20.7026513	21.6515225	24.1099625
15.8644787	16.5916	18.4755062
11.6597853	12.1941906	13.5787919
9.23627531	9.659605	10.7564126
7.71820219	8.07195294	8.98849013
6.24649694	6.53279444	7.2745665
5.77332831	6.03793906	6.72352225
5.73493719	5.99778825	6.67881256
5.82700112	6.09407181	6.78602881
5.94252737	6.21489294	6.92056856
6.62220681	6.92572444	7.712112
7.97712956	8.34274775	9.29003237
9.71269063	10.1578539	11.3112377
12.2851125	12.8481812	14.3070375
11.3188269	11.8376093	13.1817206
9.09153275	9.50822769	10.5878491
7.06461656	7.38841125	8.22733494
6.05160606	6.32897119	7.04759987
5.63574075	5.89404544	6.56329
5.84064556	6.10834156	6.80191881
6.71505806	7.02283137	7.820245
7.52289856	7.86769769	8.76104269
7.241102	7.5729855	8.43286731
6.1738315	6.4567985	7.18994144
