#?RADIANCE
genskyvec -m 1
NROWS=146
NCOLS=1
NCOMP=3
FORMAT=ascii

25.69776	26.8755731	29.927185
33.3988687	34.9296512	38.8957688
32.3772806	33.8612381	37.7060425
31.6832981	33.1354494	36.8978444
30.2545062	31.6411706	35.233895
27.3063219	28.55786	31.8004888
27.297905	28.5490594	31.7906881
27.9749906	29.2571756	32.5792094
29.0943813	30.4278719	33.8828338
30.3146663	31.7040881	35.3039569
37.4381663	39.1540825	43.5998681
38.9227869	40.7067481	45.3288313
44.3263831	46.3580075	51.6217681
46.3985487	48.5251475	54.03498
46.2386125	48.3578781	53.8487194
45.75578	47.8529194	53.2864213
42.4239156	44.3683438	49.4061881
40.6336006	42.495975	47.3212181
35.5149538	37.1427206	41.3601256
31.4322644	32.87291	36.6054937
30.9014119	32.3177256	35.9872706
27.3605169	28.6145394	31.8636038
27.906215	29.18525	32.4991156
26.48223	27.6959975	30.8407625
28.6972838	30.0125737	33.4203812
31.8865331	33.3479981	37.1345263
33.9418713	35.4975394	39.5281406
36.5049	38.1780419	42.5130013
34.7981325	36.3930469	40.5253281
35.423335	37.0469037	41.2534269
33.9752	35.532395	39.5669519
18.4723	19.3189481	21.5125344
16.2226456	16.9661825	18.8926219
17.3842338	18.1810119	20.2453894
16.3503331	17.0997231	19.0413294
16.4847731	17.2403244	19.1978931
16.5430088	17.3012269	19.2657119
18.6326719	19.4866681	21.6992994
20.9897762	21.951805	24.4443425
23.6565931	24.7408544	27.5500756
25.3038356	26.4635944	29.4684256
30.0212125	31.397185	34.9622069
34.6346925	36.222115	40.3349881
38.8338181	40.6136987	45.2252188
40.7865238	42.655905	47.4993088
38.8259988	40.6055225	45.2161125
34.1986013	35.7660362	39.8271238
31.3815525	32.8198725	36.5464356
25.9028319	27.090045	30.1660088
22.4410744	23.4696219	26.1345019
19.4765175	20.3691894	22.6820288
17.8823444	18.7019525	20.8254825
16.890495	17.6646419	19.67039
15.3256825	16.0281069	17.8480337
16.685825	17.4505906	19.432035
17.4000131	18.1975125	20.2637662
18.3747744	19.2169513	21.3989575
17.8986938	18.71905	20.8445212
18.8817725	19.7471881	21.9893981
18.3426575	19.1833631	21.3615544
18.5905481	19.4426156	21.650245
11.3272512	11.8464156	13.1915287
10.8476783	11.3448631	12.6330256
11.0152556	11.5201206	12.8281844
12.1248794	12.6806037	14.1204344
13.2761044	13.8845931	15.4611306
15.2999875	16.0012375	17.8181106
18.1514494	18.98339	21.138875
22.53718	23.5701344	26.2464263
28.0406238	29.3258194	32.6556469
37.908315	39.6457787	44.1473944
47.0699169	49.2272875	54.8168438
43.9440225	45.9581237	51.1764806
34.2806819	35.8518769	39.9227112
26.3250881	27.5316525	30.65776
20.4537944	21.39126	23.8201488
16.9607862	17.738155	19.75225
13.9985906	14.6401925	16.3025275
12.9904275	13.5858213	15.1284369
11.6965656	12.23266	13.6216262
10.997015	11.5010437	12.80694
11.3587713	11.8793819	13.2282375
11.5417782	12.070775	13.4413631
11.0915376	11.5999	12.91702
11.5623472	12.0922881	13.4653187
9.0934605	9.51024394	10.5900938
9.36883094	9.79823556	10.9107844
9.82823369	10.2786944	11.4457988
10.5722644	11.0568269	12.3122819
12.2549831	12.8166687	14.2719487
13.764295	14.3951569	16.0296687
17.2880625	18.0804312	20.1333919
22.8858788	23.9348144	26.6525162
34.3946819	35.9711044	40.0554762
53.3424875	55.7873506	62.121775
2395.80720464011	2399.64701024011	2409.59559144011
77.1959231	80.7340656	89.9010894
48.5712813	50.7974637	56.5653081
27.8763037	29.1539681	32.4642825
19.9889306	20.9050894	23.2787769
16.1873337	16.9292519	18.8514994
13.3834456	13.9968544	15.58614
11.6443763	12.1780775	13.5608487
10.4195744	10.8971375	12.1344625
9.6751535	10.118598	11.2675219
9.33883656	9.76686612	10.8758531
9.227322	9.65024094	10.7459856
9.0721225	9.48792744	10.5652431
9.16083975	9.58071094	10.6685606
8.79079319	9.19370431	10.2376104
9.34200244	9.77017744	10.8795406
10.3849404	10.860915	12.0941281
12.1135725	12.6687794	14.1072681
14.777185	15.4544719	17.2092637
22.2790725	23.3001962	25.9458375
36.4768494	38.1487044	42.4803344
2660.3277185386	2664.5453379386	2675.4728484386
5891.789890809	5896.921292809	5910.216275809
51.7219169	54.0925031	60.2344863
27.9928031	29.2758056	32.5999538
18.1673419	19.0000119	21.1573825
13.6912525	14.3187675	15.9446056
11.0943263	11.6028162	12.9202681
9.87329381	10.3258187	11.4982744
9.03484256	9.44893919	10.5218275
8.64834987	9.0447325	10.0717241
8.60022231	8.99439894	10.0156757
9.53944319	9.97666694	11.1094775
10.8317254	11.3281819	12.6144488
13.2242563	13.8303675	15.4007475
18.6939931	19.5508	21.7707125
29.8296144	31.1968044	34.7390738
48.5525863	50.7779112	56.5435363
36.9471331	38.6405412	43.0280175
21.8404312	22.8414506	25.4350006
14.26107	14.9147019	16.608205
11.3375875	11.857225	13.203565
9.56135131	9.99957956	11.1349906
9.44297125	9.8757735	10.9971281
11.5263481	12.05464	13.4233931
14.1508994	14.7994831	16.4799031
19.9485112	20.8628163	23.231705
23.1469688	24.2078731	26.9565762
14.5974206	15.26647	16.9999144
11.7037875	12.2402125	13.6300387
14.8129419	15.4918694	17.2509075
