#?RADIANCE
genskyvec -m 1
NROWS=146
NCOLS=1
NCOMP=3
FORMAT=ascii

25.2258344	26.3820188	29.3775881
32.4448237	33.9318769	37.7847025
31.3517619	32.7887144	36.51174
30.6514656	32.0563219	35.6961881
29.2889125	30.6313206	34.1093819
26.533285	27.7493925	30.9002225
26.6590781	27.8809512	31.0467175
27.4488419	28.7069119	31.9664638
28.69284	30.0079281	33.415205
30.0089737	31.3843844	34.9479525
37.0238006	38.7207244	43.1173037
38.5489881	40.3158144	44.89351
43.74481	45.74978	50.9444794
45.5838794	47.6731388	53.0862281
45.1668663	47.2370125	52.6005806
44.3836437	46.4178931	51.6884538
40.9064625	42.7813425	47.6389875
39.1208206	40.9138562	45.5594575
34.1065775	35.6697969	39.7199556
30.2063219	31.5907775	35.17778
29.8037894	31.1697962	34.7089987
26.4895237	27.7036262	30.8492588
27.186945	28.4330125	31.6614644
25.9192363	27.1071994	30.1851119
28.22042	29.513855	32.8650338
31.4171669	32.8571187	36.5879094
33.444435	34.9773038	38.9488325
35.8922744	37.5373363	41.7995462
34.1336956	35.6981575	39.7515375
34.6359269	36.2234044	40.3364256
33.0925887	34.6093313	38.5390787
17.9803519	18.8044506	20.9396206
15.7716319	16.4944975	18.3673806
16.8901081	17.6642369	19.66994
15.9200456	16.6497138	18.5402206
16.1235631	16.8625594	18.7772356
16.2627969	17.008175	18.9393831
18.3775112	19.2198125	21.4021444
20.7762275	21.7284719	24.1956506
23.482935	24.5592369	27.3478363
25.1810806	26.3352113	29.3254669
29.92853	31.3002537	34.85427
34.5380425	36.121035	40.22243
38.4588656	40.2215638	44.7885556
39.9360956	41.7664975	46.5089131
37.5317819	39.2519875	43.7088887
32.7048256	34.2037962	38.087495
29.9720937	31.3458112	34.9050019
24.66667	25.7972256	28.7263963
21.405575	22.3866638	24.9285775
18.610775	19.4637694	21.6737994
17.1613144	17.9478737	19.9857812
16.3145631	17.062315	18.99967
14.8836913	15.5658594	17.3332994
16.3305312	17.0790144	19.0182662
17.0994813	17.8832069	19.9137712
18.0859631	18.9149038	21.0626119
17.5993275	18.4059631	20.4958856
18.5313	19.3806512	21.5812444
17.9519019	18.7746963	20.9064888
18.1456081	18.9772813	21.1320731
11.032075	11.5377125	12.8477719
10.5659299	11.0502019	12.3049063
10.7489219	11.24158	12.5180169
11.8749331	12.4192006	13.8293506
13.0621238	13.6608031	15.2119312
15.1159125	15.8087244	17.6037394
18.0001987	18.8252063	20.9627338
22.4771206	23.5073219	26.1764819
28.2230294	29.5165844	32.8680712
38.3615963	40.1198356	44.6752781
47.0716675	49.2291169	54.8188825
42.2290175	44.1645125	49.1792131
32.2706262	33.7496925	37.5818338
24.7005388	25.8326444	28.7658363
19.3105169	20.1955819	22.4887075
16.0920444	16.8295956	18.7405287
13.3468756	13.9586062	15.54355
12.4661356	13.0375006	14.5178556
11.3029731	11.821025	13.1632544
10.6730379	11.1622188	12.4296437
11.0857028	11.5937981	12.9102263
11.2833878	11.8005419	13.1404463
10.8276478	11.323915	12.6097
11.2782826	11.7952031	13.1345006
8.840667	9.24586381	10.2956949
9.1206385	9.5386675	10.6217438
9.59012913	10.029677	11.1685031
10.3427998	10.8168438	12.0450531
12.0358462	12.5874888	14.0167475
13.5518537	14.1729806	15.7822644
17.1211231	17.9058406	19.9389744
22.9328938	23.9839856	26.7072669
35.1868025	36.7995281	40.9779644
55.54072	58.0863369	64.6818025
2729.38123422333	2733.28090422333	2743.38459482333
71.5469719	74.8262031	83.3224081
44.2103019	46.2366056	51.4865831
25.6726737	26.8493387	29.8979713
18.6499944	19.5047856	21.719475
15.2166556	15.9140863	17.7210656
12.6663806	13.2469206	14.7510538
11.0803775	11.5882275	12.9040238
9.97911356	10.4364887	11.62151
9.31526994	9.74221962	10.8484081
9.032598	9.44659169	10.5192144
8.95416869	9.36456788	10.4278769
8.810228	9.21402987	10.2602449
8.90537156	9.31353394	10.3710469
8.51299269	8.90317131	9.91409088
9.07281506	9.488652	10.5660488
10.1108896	10.574305	11.7749737
11.8409575	12.3836688	13.7897837
14.5071081	15.1720163	16.8947363
22.1508125	23.1660575	25.7964669
36.9866969	38.6819181	43.0740925
3117.29044871691	3121.65715431691	3132.97092981692
5023.0105963101	5027.7708723101	5040.1043453101
45.9828338	48.0903787	53.550845
25.4114681	26.57616	29.593775
16.8697087	17.6429025	19.6461825
12.88872	13.4794513	15.0099881
10.5295356	11.0121394	12.2625225
9.41971481	9.85145181	10.9700419
8.66792494	9.06520475	10.0945209
8.33616256	8.71823638	9.70815663
8.31098344	8.69190331	9.67883325
9.20384212	9.62568456	10.7186412
10.4724659	10.9524523	12.1960594
12.8427113	13.4313363	14.9564081
18.2901981	19.1284994	21.3004625
29.12222	30.4569881	33.9152537
45.4977812	47.5830925	52.9859588
33.43875	34.9713569	38.9422119
20.0721656	20.9921394	23.3757106
13.3770625	13.9901769	15.5787038
10.7486888	11.2413356	12.5177444
9.14329619	9.56236306	10.6481319
9.06603231	9.48155819	10.558149
11.0432769	11.5494262	12.8608163
13.5727037	14.1947869	15.8065463
18.9971219	19.8678231	22.1237331
21.6192975	22.6101806	25.1774769
13.7588894	14.3895037	16.0233731
11.135369	11.6457406	12.9680669
14.0709825	14.7159037	16.3868331
