#?RADIANCE
genskyvec -m 1
NROWS=146
NCOLS=1
NCOMP=3
FORMAT=ascii

11.9746512	12.52349	13.94548
23.8793175	24.9737863	27.8094556
23.0720187	24.1294875	26.8692906
23.3759431	24.44734	27.2232338
24.2085756	25.3181338	28.1929044
25.5475306	26.7184581	29.7522281
29.3944281	30.7416694	34.2322625
34.3852656	35.9612562	40.0445094
43.5526962	45.54886	50.7207444
55.84667	58.4063094	65.0381025
68.5369044	71.6781788	79.8169437
78.329555	81.9196575	91.2212994
69.3078806	72.4844875	80.7148019
55.1373319	57.6644581	64.2120194
43.189355	45.1688644	50.297605
34.9404175	36.5418519	40.69103
28.9904237	30.3191512	33.7617669
26.5965431	27.8155525	30.9738925
23.5604106	24.6402625	27.4380631
22.4389212	23.4673694	26.1319937
24.0240612	25.1251631	27.9780231
23.8893275	24.9842525	27.8211125
25.6179587	26.7921137	29.8342469
25.6469706	26.8224575	29.8680375
28.2491425	29.5438937	32.8984806
29.5339075	30.8875438	34.3946994
30.3622056	31.7538063	35.35932
30.2013231	31.5855487	35.1719581
27.8500919	29.1265537	32.4337544
26.548765	27.7655825	30.9182513
24.6415544	25.77096	28.6971462
15.3066019	16.0081525	17.8258144
13.9830731	14.6239625	16.2844525
15.40942	16.115685	17.9455556
15.9540038	16.6852288	18.5797681
18.3425331	19.1832312	21.3614075
21.1687531	22.1389887	24.6527787
27.0708425	28.3115881	31.5262531
36.9361925	38.6291012	43.0152769
53.6180263	56.0755181	62.4426631
75.4380519	78.8956288	87.8539031
89.1236219	93.2084525	103.791893
75.5220031	78.9834281	87.9516737
53.9885825	56.4630581	62.8742062
37.1935813	38.8982844	43.3150256
27.5530013	28.8158469	32.0877681
21.045035	22.0095969	24.5086975
19.2693094	20.152485	22.4407194
15.7795775	16.5028087	18.3766344
14.7847194	15.4623512	17.2180388
13.9732175	14.6136569	16.2729788
14.4477681	15.1099569	16.82563
15.4222775	16.1291313	17.9605275
15.0728944	15.7637344	17.55364
17.30124	18.0942131	20.1487375
18.0755931	18.9040575	21.0505344
18.5653819	19.4162956	21.6209369
17.2693481	18.0608587	20.1115956
17.1710275	17.9580313	19.9970925
15.9881363	16.7209244	18.619515
15.6507262	16.3680531	18.2265781
10.238684	10.7079567	11.9238
10.0669908	10.5283941	11.7238487
10.8716381	11.36992	12.6609288
13.3348838	13.9460656	15.5295838
17.0332431	17.8139338	19.8366344
24.6695262	25.8002112	28.7297219
39.9849575	41.8175975	46.565815
1182.98871496169	1186.35044056169	1195.06037986169
3320.46696955843	3325.66028855843	3339.11575155844
73.3684737	76.7311919	85.4437081
41.3378487	43.2324988	48.1413712
23.9884131	25.08788	27.9365069
16.70937	17.475215	19.459455
13.0460806	13.644025	15.1932488
11.2990433	11.8169163	13.1586787
10.5738209	11.0584538	12.3140969
10.1136757	10.5772174	11.7782188
10.8507182	11.348043	12.6365669
10.8627324	11.3606064	12.6505581
10.5940483	11.0796077	12.3376519
11.2298778	11.7445788	13.0781287
11.2076035	11.7212846	13.0521887
10.3486694	10.8229831	12.0518881
10.4770117	10.9572079	12.2013544
8.18326775	8.558334	9.53009863
8.64580806	9.04207394	10.0687643
9.56300906	10.0013133	11.1369219
11.0598906	11.5668025	12.8801631
14.9728212	15.6590775	17.4371012
19.3920269	20.2808263	22.5836312
32.4221062	33.90812	37.7582469
53.8034887	56.2694794	62.6586481
2067.54543804253	2070.81448364253	2079.28428294253
52.3227563	54.7208831	60.9342138
31.0349731	32.4574081	36.1428144
19.3395044	20.2258994	22.5224662
14.8299312	15.5096362	17.2706913
11.3230412	11.8420144	13.1866275
9.60869363	10.049091	11.190125
8.6607335	9.05768337	10.0861469
8.19320475	8.5687265	9.54167006
8.10091612	8.47220744	9.43419219
8.28359219	8.66325656	9.64693431
8.31864081	8.69991163	9.68775056
8.40579412	8.79105931	9.78924731
8.4198975	8.80580912	9.80567175
8.18278794	8.557832	9.52953881
8.26306656	8.64179012	9.62302962
7.37550369	7.71354744	8.58938913
8.174677	8.5493495	9.520093
9.62466525	10.0657961	11.2087244
12.8081525	13.3951931	14.9161625
18.1499119	18.9817825	21.1370862
28.64088	29.9535869	33.3546937
34.7691044	36.3626875	40.4915206
26.7973363	28.0255469	31.2077319
18.669885	19.5255881	21.7426375
12.7765994	13.3621938	14.8794163
9.86357419	10.3156546	11.4869544
8.33464325	8.71664756	9.7063875
7.4985805	7.84226506	8.73272262
7.09102794	7.41603331	8.2580935
6.9370915	7.25504131	8.07882169
6.93321825	7.25099063	8.07431106
7.02687075	7.3489355	8.18337712
7.096684	7.42194856	8.26468044
7.35380169	7.69085069	8.56411519
8.58268381	8.97605669	9.99525069
11.5588998	12.0886831	13.4613025
16.7613012	17.5295262	19.5199319
18.1515994	18.9835462	21.1390506
14.8641406	15.5454144	17.3105325
11.1052881	11.6142787	12.9330319
8.73400637	9.13431456	10.171479
7.30701975	7.64192475	8.50963394
6.79169238	7.10297813	7.90949231
6.6307965	6.93470769	7.7221155
6.80056406	7.11225644	7.91982394
7.73203181	8.08641637	9.00459581
9.43772044	9.87028175	10.9910117
10.9605342	11.4628921	12.7644581
9.99700275	10.4551989	11.642344
7.71637487	8.07004194	8.98636225
7.12013963	7.44647919	8.2919965
8.526521	8.91731937	9.92984444
