#?RADIANCE
genskyvec -m 1
NROWS=146
NCOLS=1
NCOMP=3
FORMAT=ascii

0.507956587	0.531237912	0.591557787
6.53012213	6.82941912	7.60487175
6.77864288	7.08933031	7.89429494
7.26822275	7.60134931	8.46445144
8.38416356	8.76843713	9.76405719
10.8114264	11.3069496	12.5908072
14.52827	15.1941469	16.9193812
19.9572894	20.8719969	23.2419262
31.2947144	32.7290562	36.4453038
224.470464491398	226.553221991398	231.949465791398
89.4351090259332	91.0534671259332	95.2464927259332
25.1366813	26.2887781	29.2737631
15.8858681	16.61397	18.5004187
11.4411366	11.9655219	13.3241575
9.16064744	9.58050925	10.6683378
7.56232719	7.90893337	8.8069605
7.024038	7.34597287	8.18007813
6.22041475	6.50551688	7.24419162
6.39123344	6.68416469	7.44312406
6.38661094	6.67933038	7.437741
6.38224837	6.67476806	7.43266031
6.82182706	7.13449419	7.94458675
6.62604025	6.92973344	7.71657619
6.81195094	7.12416519	7.93308487
6.94557037	7.26390869	8.08869587
6.55447844	6.85489175	7.63323638
6.71286256	7.020535	7.817688
6.38801025	6.68079381	7.43937056
6.53557006	6.83511687	7.61121625
6.24802487	6.53439275	7.27634612
6.37210738	6.66416187	7.42085031
5.97292631	6.24668544	6.95597094
5.99426556	6.26900287	6.98082231
6.8608385	7.17529337	7.9900185
7.81466112	8.17283306	9.10082488
9.89791987	10.3515741	11.5269524
12.41582	12.9848781	14.4592581
17.1728456	17.9599319	19.99921
24.8219069	25.9595781	28.9071831
76.6268215092182	78.0948241092182	81.8982916092182
23.70572	24.7922306	27.6072856
18.7864494	19.6474944	21.8783863
13.7292281	14.3584844	15.98883
10.8310869	11.3275115	12.6137037
8.43346106	8.8199945	9.82146838
7.11450069	7.44058169	8.28542931
6.28209231	6.57002125	7.31602031
6.26014144	6.54706425	7.29045669
5.679757	5.94007888	6.6145505
5.67648481	5.93665694	6.61073994
5.59067581	5.84691481	6.51080806
5.74509625	6.00841287	6.69064356
5.97041662	6.24406056	6.95304806
5.79310256	6.05861956	6.746551
6.15704513	6.43924275	7.1703925
6.24100569	6.52705162	7.26817169
6.23453006	6.520279	7.26063013
5.90491506	6.17555681	6.87676606
5.86674837	6.135641	6.83231794
5.70407219	5.96550856	6.64286763
5.80298944	6.06895969	6.75806512
4.35396456	4.55352125	5.07055488
4.40938438	4.61148106	5.13509587
4.96392075	5.19143363	5.7808995
6.49241544	6.78998431	7.56095906
8.46015044	8.84790694	9.85255006
11.5495736	12.0789286	13.4504419
14.381865	15.0410337	16.7488806
14.7762025	15.4534456	17.2081212
11.0953483	11.6038854	12.9214575
8.57142025	8.96427687	9.98213356
6.68537756	6.9917905	7.78567969
5.42388856	5.67248331	6.31657062
4.69319863	4.90830338	5.46562113
4.26092781	4.45622031	4.96220569
4.21813469	4.41146556	4.91236956
4.26032138	4.45558588	4.96149937
4.20452162	4.39722862	4.896516
4.50374425	4.71016569	5.24498588
4.39523137	4.59667937	5.1186135
4.19516563	4.38744381	4.88562019
4.34191069	4.54091475	5.05651694
4.316729	4.51457906	5.02719106
4.06958412	4.25610662	4.73937012
4.21693144	4.41020738	4.91096838
3.24798431	3.39685019	3.78254869
3.47747588	3.63686006	4.0498105
3.80555813	3.97997956	4.43188981
4.38321606	4.58411331	5.10462069
5.59387775	5.85026369	6.51453725
6.42217931	6.716529	7.47916331
7.27266781	7.6059985	8.46962812
7.6012125	7.94960163	8.85224687
6.39308725	6.68610356	7.44528325
5.48599063	5.73743175	6.38889363
4.49517019	4.70119869	5.2350005
3.74052531	3.91196594	4.35615363
3.50593831	3.666627	4.08295744
3.3259495	3.47838869	3.8733455
3.23899788	3.38745181	3.77208312
3.13046606	3.27394569	3.64568875
3.14367556	3.28776062	3.66107244
3.19272413	3.33905725	3.71819331
3.28602381	3.43663325	3.826849
3.26469	3.41432144	3.80200375
3.2676835	3.41745212	3.80548987
3.26191719	3.41142156	3.79877469
3.17872506	3.32441656	3.70189025
3.26742931	3.41718644	3.80519388
2.62082225	2.74094312	3.052166
2.84265425	2.97294231	3.31050781
3.1148675	3.25763238	3.62752294
3.74779694	3.91957081	4.36462213
4.29044619	4.48709138	4.99658238
4.39012006	4.59133362	5.11266081
4.20776537	4.40062106	4.90029362
3.59310675	3.75779075	4.18447244
3.1449375	3.2890805	3.66254194
2.82638244	2.955925	3.29155831
2.567346	2.68501594	2.9898885
2.56760162	2.68528313	2.99018606
2.56730937	2.68497756	2.98984575
2.53973688	2.65614119	2.95773531
2.49180962	2.60601762	2.90192019
2.50304319	2.617766	2.91500275
2.54856875	2.66537794	2.96802075
2.55642269	2.67359181	2.97716756
2.29549375	2.40070394	2.67329388
2.41062219	2.52110906	2.80737056
2.80821063	2.93692012	3.27039544
3.12753713	3.27088269	3.64227787
2.9123235	3.04580494	3.3916435
2.57386075	2.69182931	2.99747562
2.3607795	2.46898181	2.74932462
2.21210619	2.31349431	2.57618206
2.16965806	2.26910069	2.52674769
2.13974594	2.2378175	2.49191262
2.1836585	2.28374288	2.5430525
2.15552837	2.25432363	2.51029269
2.06362475	2.15820769	2.40326313
2.18565369	2.28582938	2.54537619
2.22589963	2.32792006	2.59224588
2.13087956	2.22854475	2.48158694
1.97577369	2.06632994	2.30095319
1.98090194	2.07169306	2.30692538
2.01694462	2.10938787	2.34890013
