#?RADIANCE
genskyvec -m 1
NROWS=146
NCOLS=1
NCOMP=3
FORMAT=ascii

12.9311894	13.5238688	15.0594481
24.1510556	25.2579781	28.1259181
26.1958231	27.3964638	30.5072206
28.0179813	29.3021375	32.6292763
29.55319	30.9077106	34.4171556
29.3307937	30.6751219	34.158155
29.5179594	30.8708631	34.3761256
29.2186775	30.5578663	34.0275881
27.1216031	28.3646775	31.5853694
25.2146475	26.3703175	29.3645588
26.7996256	28.0279412	31.2103981
23.8162056	24.9077788	27.7359556
24.2831962	25.3961744	28.2798037
23.84741	24.9404156	27.7722969
23.9063175	25.0020225	27.8409
26.64732	27.868655	31.0330275
30.2404006	31.6264187	35.2174681
35.8644531	37.50824	41.7671475
44.1203281	46.1425088	51.3817994
59.263425	61.9796637	69.0172
70.1889019	73.4058919	81.74083
78.5878937	82.1898362	91.5221544
68.3555931	71.4885569	79.6057875
57.1100219	59.7275625	66.5093819
45.6326113	47.7241044	53.14298
35.343405	36.9633088	41.1603406
30.161325	31.5437194	35.1253775
26.8746281	28.1063819	31.2977469
24.0464775	25.1486069	28.0041269
23.2365256	24.3015325	27.0608731
23.1908506	24.2537656	27.0076813
15.7014019	16.4210488	18.2855931
15.040605	15.7299662	17.5160394
17.1351538	17.920515	19.9553175
17.310855	18.1042687	20.1599344
17.7672838	18.5816175	20.6914844
16.9604619	17.7378156	19.7518725
18.2015687	19.0358063	21.1972431
18.26012	19.09704	21.2654331
16.9610719	17.7384525	19.7525831
14.33254	14.9894469	16.6914387
14.5468869	15.2136194	16.941065
14.4167562	15.0775237	16.7895156
15.6421994	16.3591319	18.2166444
16.5795894	17.3394862	19.3083125
18.1310806	18.9620887	21.1151562
21.9620375	22.96863	25.5766244
28.5674156	29.8767537	33.2691369
37.4461062	39.1623856	43.6091125
55.0356175	57.5580813	64.0935669
75.3985787	78.8543456	87.8079313
87.6540625	91.6715369	102.080468
73.0998119	76.4502188	85.1308281
51.061875	53.4022094	59.4658119
36.6799669	38.3611319	42.7168806
27.6677437	28.9358488	32.2213956
22.7511131	23.7938719	26.4955706
18.2492644	19.0856887	21.2527894
16.5134681	17.270335	19.2313113
15.185485	15.8814875	17.6847644
15.1802825	15.8760456	17.6787044
10.5039342	10.9853643	12.2327081
10.2082156	10.6760921	11.8883181
10.4807532	10.9611212	12.20571
11.524084	12.0522713	13.4207569
11.5632597	12.0932425	13.4663806
11.4839071	12.0102524	13.3739687
11.1653197	11.6770619	13.0029456
10.9177748	11.4181727	12.7146594
10.2703656	10.7410897	11.9606969
10.8465401	11.3436736	12.6317
11.5996044	12.1312544	13.5087075
14.0739087	14.7189631	16.3902412
18.0627688	18.8906438	21.0356013
25.3572906	26.5194988	29.5306806
42.40754	44.3512181	49.3871181
1354.03036165284	1357.48468855284	1366.43454975284
3116.06398651893	3121.14186451893	3134.29817751893
70.2880831	73.5096194	81.8563338
36.7436831	38.4277681	42.7910837
23.594215	24.6756163	27.4774331
17.0853762	17.8684556	19.8973469
13.712595	14.3410887	15.9694613
11.3194131	11.8382188	13.1824006
10.7666791	11.2601529	12.5386969
8.39317406	8.77786119	9.77455131
8.31388056	8.694933	9.68220731
8.19221706	8.56769338	9.54051956
8.35424319	8.73714594	9.72921319
8.57525625	8.9682885	9.98660031
8.47976219	8.86841781	9.87539025
8.30951512	8.69036775	9.67712338
8.43114781	8.81757531	9.81877481
8.503952	8.89371612	9.90356106
9.02535631	9.43901856	10.5107797
10.0776008	10.5394899	11.7362056
11.9704163	12.51906	13.9405481
14.8136869	15.4926481	17.2517744
22.4580737	23.4874012	26.1543019
36.02263	37.6736669	41.9513563
54.742205	57.2512225	63.7518644
2531.72809843157	2535.29273723157	2544.52841153157
56.1057056	58.6772137	65.3397706
32.8143094	34.3182975	38.2149994
20.8748625	21.8316281	24.3105187
15.0480231	15.7377244	17.5246775
11.6223519	12.1550431	13.5351975
9.8546275	10.3062974	11.4765363
9.07565337	9.49162069	10.5693545
7.7068345	8.06006425	8.97525156
7.31865087	7.65408881	8.52317944
7.13110606	7.45794825	8.30476763
7.1978295	7.52772994	8.38247263
7.23998756	7.57182006	8.43156919
7.34338212	7.67995369	8.551981
7.72562238	8.07971325	8.99713169
8.815328	9.21936363	10.2661852
10.3247824	10.7980014	12.0240706
13.921705	14.5597825	16.2129869
18.5711869	19.4223656	21.6276962
29.8430419	31.2108456	34.75471
39.0622506	40.8526031	45.4912488
28.7559462	30.073925	33.4886956
18.9818406	19.8518394	22.1059356
13.043175	13.6409881	15.1898644
10.0625144	10.5237133	11.7186369
8.48606369	8.87500819	9.88272944
7.50301388	7.84690187	8.73788538
7.01446194	7.33595787	8.168926
6.868748	7.18356525	7.99922981
7.03579288	7.3582665	8.19376756
7.60530437	7.95388075	8.85701119
9.24846069	9.67234869	10.7706035
12.1303575	12.6863312	14.1268119
15.855205	16.5819019	18.4647081
20.154275	21.0780119	23.471335
16.1871825	16.9290931	18.8513231
11.3920606	11.9141962	13.2670056
8.76489919	9.16662312	10.2074551
8.06381387	8.43340519	9.39098375
7.54764725	7.89358069	8.78986456
8.14190806	8.51507862	9.4819315
10.0020562	10.4604831	11.6482281
11.2861337	11.8034156	13.1436456
10.1356629	10.6002143	11.8038244
8.80298612	9.20645569	10.2518106
