#?RADIANCE
genskyvec -m 1
NROWS=146
NCOLS=1
NCOMP=3
FORMAT=ascii

19.0343781	19.9067869	22.1671188
26.6991281	27.9228369	31.0933613
24.9745762	26.1192425	29.0849763
24.47304	25.5947206	28.5008963
24.0788675	25.1824794	28.04185
23.4089	24.4818087	27.2616188
25.4748325	26.6424262	29.667565
27.8121481	29.0868706	32.389565
31.0601406	32.4837313	36.1721275
34.3730837	35.948515	40.03032
42.6273944	44.5811481	49.6431556
45.9116763	48.0159594	53.4679769
48.6972031	50.9291581	56.711955
45.7075938	47.8025231	53.2303037
40.4721181	42.32709	47.1331575
36.2431444	37.9042869	42.2081625
31.0787281	32.5031688	36.1937694
29.4115662	30.759595	34.25222
25.0431788	26.1909906	29.1648719
22.8823438	23.9311181	26.6484
24.1613	25.2686906	28.1378475
23.0198088	24.0748813	26.8084862
25.5309787	26.7011475	29.7329519
25.6454875	26.8209044	29.8663081
29.2281019	30.5677238	34.0385625
32.5882031	34.0818275	37.9516794
34.1400169	35.7047662	39.7588981
35.2848	36.9020187	41.0920906
32.07365	33.54369	37.35244
31.0708456	32.4949262	36.1845913
28.1801331	29.4717219	32.8181156
15.0426987	15.7321562	17.5184769
13.1129863	13.7139975	15.2711638
14.1060025	14.7525275	16.4276169
13.92303	14.5611706	16.2145306
15.1761963	15.8717712	17.6739456
16.3965669	17.1480763	19.09517
19.4526081	20.344185	22.6541838
23.3114181	24.3798587	27.1480906
28.3751119	29.6756362	33.0451837
34.33615	35.90989	39.98731
43.4610556	45.4530194	50.6140231
47.8316444	50.0239275	55.7039394
42.6024231	44.5550337	49.6140762
34.3926769	35.9690069	40.0531406
27.4850006	28.7447281	32.0085725
21.9885106	22.996315	25.6074519
20.2244031	21.1513531	23.5530025
16.3268888	17.075205	19.0140237
14.6068381	15.2763162	17.0108794
13.230005	13.8363794	15.4074425
13.2038044	13.8089775	15.3769319
13.8752719	14.5112194	16.1589106
13.5854012	14.208065	15.8213338
16.1043125	16.8424275	18.7548156
17.314875	18.108475	20.1646156
18.2812769	19.1191669	21.2900694
17.2512706	18.041955	20.0905444
17.4622737	18.2626262	20.3362737
16.1834138	16.9251531	18.8469344
15.7155669	16.4358631	18.3020862
9.45235275	9.88558531	11.0080519
9.11241044	9.53006231	10.6121611
9.58055394	10.0196622	11.1573544
11.2117381	11.7256094	13.057005
13.1908181	13.7953956	15.3618069
16.4714413	17.2263825	19.1823669
22.0212019	23.0305069	25.645525
33.9859587	35.5436487	39.579485
55.051175	57.5743537	64.1116838
67.4887825	70.5820181	78.5963119
46.4642962	48.5939075	54.1115463
26.1048562	27.3013294	30.4012825
18.2834731	19.121465	21.2926281
14.3039319	14.9595287	16.6581225
11.9208463	12.4672194	13.8828219
10.5084971	10.9901362	12.2380212
9.44805425	9.88108925	11.0030464
9.77157162	10.2194349	11.3798102
9.72458819	10.170299	11.3250941
9.57871213	10.0177366	11.1552086
10.380174	10.8559308	12.0885769
10.5313227	11.0140091	12.2646044
9.74161181	10.1881023	11.3449186
9.88847738	10.3416988	11.5159569
7.530252	7.87538838	8.76960662
7.89104931	8.25272244	9.18978525
8.58518431	8.97867162	9.99816375
9.60813444	10.0485075	11.1894744
11.89966	12.4450606	13.8581462
14.1233137	14.7706306	16.4477756
20.8571912	21.8131475	24.2899412
36.43671	38.1067269	42.4335887
2433.48570268446	2437.14302198446	2446.61881578446
5674.06629828224	5678.86061228224	5691.28225628224
49.6004019	51.8737525	57.7638044
24.839475	25.9779481	28.9276394
17.5726844	18.3780988	20.4648569
12.8838631	13.4743725	15.0043319
10.5854278	11.0705925	12.3276125
9.18275156	9.60362675	10.6940799
8.19224306	8.56772056	9.54054987
7.70925506	8.06259569	8.97807056
7.60379225	7.95229913	8.85525038
7.56126056	7.90781806	8.80571825
7.65836275	8.00937081	8.918802
7.73707981	8.09169562	9.01047456
7.55252975	7.89868719	8.7955505
7.62293931	7.972324	8.87754863
6.98374094	7.30382881	8.13314856
7.68595669	8.03822956	8.95093738
8.85436587	9.26019075	10.3116471
10.9890669	11.4927312	12.7976844
14.5285912	15.1944838	16.9197544
25.70211	26.8801219	29.93225
44.2258725	46.2528881	51.5047131
1556.09960936415	1558.16428566415	1563.51368126415
26.4376219	27.649345	30.7888162
15.6034606	16.3186194	18.1715325
11.5112075	12.038805	13.40576
9.32140781	9.74863837	10.855557
7.92663388	8.28993763	9.23122625
7.05823875	7.38174106	8.21990744
6.711936	7.01956612	7.81660919
6.57196356	6.87317831	7.65359963
6.60859875	6.91149256	7.69626425
6.70079288	7.0079125	7.80363206
7.24311681	7.57509269	8.43521363
8.41902344	8.80489506	9.80465425
10.823969	11.3200666	12.6054131
16.048975	16.7845525	18.6903694
20.5641887	21.5067125	23.9487119
18.7871419	19.6482194	21.879195
13.3010075	13.9106375	15.4901331
10.0685919	10.5300691	11.725715
8.01575294	8.38314156	9.33501275
7.08436419	7.40906413	8.25033281
6.59468162	6.89693769	7.68005675
6.78297881	7.09386506	7.8993445
8.02051144	8.38811787	9.34055431
9.78059125	10.2288689	11.3903131
11.9447025	12.4921675	13.9106031
11.4145168	11.9376812	13.2931563
8.50716563	8.89707744	9.90730381
7.55640531	7.90274025	8.80006406
9.22150588	9.64415831	10.7392127
