#?RADIANCE
genskyvec -m 1
NROWS=146
NCOLS=1
NCOMP=3
FORMAT=ascii

7.06658413	7.39046906	8.22962662
22.5861237	23.62132	26.3034256
23.2966413	24.364405	27.1308831
24.2200675	25.3301506	28.2062863
25.3872769	26.5508606	29.5656019
26.1025462	27.2989131	30.3985919
26.237075	27.4396069	30.5552631
26.53945	27.7558406	30.9074019
25.31823	26.4786469	29.4851887
24.9309594	26.0736287	29.0341813
24.7995738	25.9362213	28.8811738
23.6173962	24.6998606	27.5044269
22.9551431	24.0072513	26.733175
22.3645381	23.3895781	26.0453687
22.3137581	23.33647	25.98623
23.9086831	25.0044969	27.8436556
27.4843994	28.7441006	32.0078738
31.4643288	32.9064425	36.6428344
41.1676637	43.054515	47.9431781
60.0993338	62.8538844	69.9906856
79.7725644	83.4288044	92.9017937
111.913467	117.042831	130.332562
105.924906	110.779784	123.358396
91.5276575	95.7226737	106.591584
65.8838506	68.903525	76.7272375
44.1629594	46.1870931	51.4314506
34.7225325	36.3139794	40.4372856
28.2859131	29.58235	32.9413031
24.9979144	26.1436531	29.1121569
22.811475	23.857	26.5658638
22.200105	23.2176088	25.8538738
16.4420138	17.1956062	19.1480962
15.4505613	16.15871	17.9934669
17.3115537	18.1049994	20.1607487
17.453875	18.2538437	20.3264937
17.9394231	18.761645	20.8919537
17.2970694	18.0898519	20.1438806
18.7296844	19.5881269	21.8122812
19.0892737	19.9641969	22.23105
18.0713837	18.8996581	21.0456344
15.36219	16.0662881	17.8905512
15.6252719	16.3414294	18.1969325
15.3319962	16.0347113	17.8553869
16.384855	17.1358269	19.0815281
16.7348	17.5018112	19.4890694
17.7182669	18.5303556	20.6344012
20.7509669	21.7020506	24.16623
26.9303925	28.1647012	31.3626881
34.2325063	35.8014944	39.8666062
51.6677613	54.035865	60.1714156
77.1091419	80.6433062	89.8000294
118.527162	123.95965	138.03475
1632.68345773538	1638.66182073538	1654.15126373538
86.8411456	90.8213556	101.133761
56.9766944	59.5881256	66.3541131
39.1114463	40.9040506	45.5485406
29.7385519	31.1015669	34.6330225
22.0815812	23.0936519	25.7158406
18.9839088	19.8540038	22.1083444
16.80247	17.5725831	19.5678775
16.3579238	17.1076619	19.050165
10.4354446	10.9137351	12.1529438
9.9221565	10.3769221	11.5551775
10.1042164	10.5673271	11.7672025
11.2606756	11.7767901	13.1139962
11.3741083	11.8954218	13.2460987
11.445932	11.9705363	13.3297419
11.2419231	11.7571787	13.0921575
11.0687779	11.5760944	12.8905144
10.1522656	10.6175773	11.82316
10.5419852	11.0251581	12.2770213
10.813488	11.3091048	12.5932088
12.4645644	13.0358556	14.5160237
15.0119306	15.6999781	17.4826463
19.5844356	20.4820556	22.8077081
31.02488	32.4468519	36.13106
53.2785569	55.7204881	62.0473213
1644.47508268388	1648.88089648388	1660.29595348388
1623.00934967864	1627.74184367864	1640.00329967864
49.0287075	51.2758556	57.0980181
28.558765	29.8677075	33.2590625
19.7978106	20.7052094	23.0562019
15.0665769	15.7571275	17.5462838
11.6847294	12.22028	13.607845
10.9677637	11.4704522	12.772875
7.47253869	7.81502963	8.70239431
7.3980115	7.73708681	8.61560131
7.19725981	7.52713412	8.38180925
7.403665	7.74299944	8.6221855
7.70909862	8.06243212	8.97788863
7.62723125	7.97681244	8.88254681
7.44262594	7.783746	8.66755887
7.54817887	7.89413706	8.790484
7.37423156	7.71221706	8.58790775
7.62347463	7.97288362	8.87817206
8.05651238	8.425769	9.38248106
8.86023169	9.26632506	10.3184776
10.5469894	11.0303924	12.2828469
14.7639094	15.4405875	17.1938025
21.4115769	22.3929419	24.9355681
28.9358181	30.2620425	33.6981737
41.2812506	43.1733075	48.0754594
42.3858825	44.3285656	49.3618919
31.2969775	32.73142	36.4479406
20.7394581	21.6900156	24.1528269
14.7448094	15.4206131	17.1715606
11.037964	11.5438703	12.8546287
9.05825725	9.47342731	10.5490961
8.32488862	8.70644575	9.69502712
6.06826813	6.34639669	7.06700419
5.79056469	6.05596531	6.74359525
5.60080475	5.85750825	6.52260431
5.75571744	6.019521	6.70301287
5.78755506	6.05281775	6.74009044
5.71444006	5.97635175	6.65494181
5.87631756	6.14564844	6.84346181
6.3443595	6.63514238	7.38853575
6.98905481	7.30938631	8.13933712
8.72891419	9.12898919	10.1655482
10.5900254	11.0754011	12.3329688
15.6838944	16.4027375	18.2652019
20.6059756	21.5504144	23.9973756
18.9850044	19.8551506	22.1096212
14.1205125	14.7677019	16.444515
10.2110069	10.6790106	11.8915685
8.06433631	8.43395175	9.39159219
6.72813488	7.03650744	7.83547406
5.31009812	5.5534775	6.184052
4.87511394	5.09855644	5.67747669
4.85387063	5.07633956	5.65273712
4.95515125	5.18226213	5.77068681
5.07085069	5.30326469	5.90542856
5.72300163	5.98530587	6.66491263
7.01646913	7.33805712	8.17126356
8.63376219	9.02947638	10.0547361
11.0058544	11.5102878	12.817235
9.92710519	10.3820951	11.5609399
7.82797269	8.18675437	9.11632675
6.00915225	6.28457162	6.99815869
5.0651475	5.29729994	5.89878662
4.7027495	4.91829219	5.47674406
4.90400338	5.12876994	5.71112081
5.71986494	5.98202519	6.66125969
6.40454462	6.69808606	7.45862625
6.12301506	6.40365294	7.1307615
5.17009406	5.4070565	6.02100556
