#?RADIANCE
genskyvec -m 1
NROWS=146
NCOLS=1
NCOMP=3
FORMAT=ascii

22.9897006	24.0433931	26.7734219
29.5373925	30.8911875	34.3987562
32.5836663	34.0770837	37.9463962
34.46519	36.0448438	40.1375875
35.1304619	36.7406063	40.9123513
32.4600694	33.9478219	37.8024562
31.2234544	32.6545287	36.3623175
29.68984	31.050625	34.5762969
26.5195306	27.7350081	30.8842056
23.5722725	24.6526687	27.4518781
26.811655	28.0405206	31.2244075
24.05878	25.1614737	28.0184556
26.8315025	28.0612806	31.2475244
28.3963469	29.6978456	33.0699138
29.9149875	31.2860906	34.8384975
34.0381738	35.598255	39.64029
37.2190881	38.9249619	43.3447312
41.4017869	43.2993663	48.2158325
43.178145	45.1571431	50.2845519
44.1931956	46.2187175	51.4666619
44.0201256	46.0377131	51.2651075
39.8868288	41.7149744	46.4515381
36.6885281	38.3700825	42.7268469
32.1220975	33.5943587	37.4088606
29.8970025	31.26728	34.8175519
27.7989875	29.0731056	32.3742394
26.32908	27.5358275	30.6624081
26.5405262	27.7569644	30.908655
25.2768744	26.4353969	29.4370275
26.6210238	27.8411531	31.0024038
27.7867469	29.0603044	32.3599837
16.7915069	17.5611175	19.55511
15.8783019	16.6060575	18.491605
18.1811025	19.0144031	21.1734106
17.6600913	18.46951	20.5666475
17.3316931	18.1260625	20.1842031
15.8137669	16.538565	18.4164494
16.6439694	17.4068169	19.3832919
16.4112131	17.1633944	19.1122256
15.3542013	16.0579363	17.8812494
13.7358038	14.3653612	15.99649
14.9645231	15.6503956	17.4274344
16.2109956	16.9539975	18.879055
18.9225969	19.7898844	22.0369444
21.4218994	22.4037369	24.9475875
24.0722981	25.1756119	28.0341988
28.5101581	29.8168725	33.2024562
33.697005	35.2414519	39.2429725
37.9662081	39.7063275	44.2148156
39.552095	41.3648963	46.0617119
36.8871194	38.5777781	42.9581281
32.3599862	33.8431512	37.6859006
27.6036194	28.8687837	32.1467169
22.6899963	23.7299544	26.4243912
20.6985194	21.6472012	24.1051513
18.46231	19.3084981	21.5008975
17.106085	17.8901113	19.92146
15.2601656	15.95959	17.7717381
15.1744331	15.8699269	17.6718931
14.911025	15.5944475	17.3651338
15.69855	16.4180669	18.2822706
10.3944366	10.8708487	12.1051894
10.0691331	10.5306354	11.7263456
10.1857299	10.6525744	11.8621306
10.9262626	11.4270489	12.724545
10.6659369	11.1547929	12.4213737
10.5136274	10.9955006	12.2439944
10.5301868	11.0128207	12.2632812
11.0556677	11.5623875	12.8752487
11.5952519	12.1267	13.5036381
13.6725831	14.2992431	15.9228644
15.9594544	16.6909288	18.5861162
20.6382962	21.5842163	24.0350162
27.6946219	28.9639594	32.2526969
38.9766913	40.7631244	45.3916075
49.05448	51.3028075	57.1280306
44.5509144	46.5928306	51.8832556
30.9250388	32.3424344	36.0147844
23.6721913	24.7571675	27.5682406
17.8642387	18.6830169	20.8043969
14.70333	15.3772337	17.123255
12.7622269	13.3471625	14.8626781
11.45274	11.9776556	13.3376681
10.3118221	10.7844475	12.0089787
10.3424494	10.8164781	12.0446438
8.25555069	8.63392988	9.61427788
8.20035881	8.57620831	9.55000281
8.04735681	8.416194	9.37181806
8.13099737	8.50366756	9.46922419
8.33388531	8.71585494	9.70550438
8.39871381	8.78365463	9.78100237
8.79918581	9.20248156	10.2473853
9.62985294	10.0712214	11.2147663
10.8645025	11.3624594	12.6526194
12.5620712	13.1378338	14.62958
15.4123175	16.1187137	17.9489288
20.7540438	21.7052719	24.169815
28.6410219	29.9537325	33.3548575
53.5211025	55.9741487	62.3297862
3294.30709871891	3298.29109741891	3308.61330171891
76.66261	80.1763156	89.28001
41.1848144	43.0724506	47.9631494
25.1088831	26.2597069	29.24139
17.4167262	18.2149906	20.2832275
13.7734869	14.40477	16.0403731
11.6558887	12.1901162	13.5742525
10.1087042	10.5720207	11.77243
9.14954512	9.56889919	10.6554081
8.69685119	9.09545637	10.1282079
7.94996025	8.31433294	9.25839156
7.62934706	7.97902531	8.88501087
7.567904	7.91476606	8.81345544
7.73130956	8.08566081	9.0037545
8.14409112	8.51736175	9.48447325
9.22914669	9.65214919	10.7481119
10.6013732	11.0872687	12.3461831
13.7330637	14.3624956	15.9932981
18.2138887	19.0486913	21.2115919
32.0527406	33.5218262	37.3280906
2676.7107692831	2679.3664354831	2686.2470392831
4246.20367233491	4250.54576103491	4261.79572703491
46.0742988	48.1860356	53.6573631
21.5171681	22.5033725	25.0585356
14.7734681	15.4505844	17.2049362
11.4080156	11.9308825	13.2855862
9.55653594	9.99454294	11.1293831
8.52388375	8.9145615	9.92677325
8.312904	8.69391181	9.68106944
8.15625875	8.53008712	9.49864362
8.27912119	8.65858075	9.6417265
9.11643331	9.53426925	10.6168467
10.9739916	11.4769656	12.7801281
15.595835	16.3106444	18.1626506
25.5186306	26.6882337	29.7185744
36.0062081	37.6564912	41.9322313
29.9726831	31.3464312	34.9056906
16.9309306	17.7069319	19.71748
11.3415456	11.8613669	13.2081769
9.48463738	9.91934975	11.0456512
9.84593819	10.2972104	11.4664169
9.89120394	10.3445507	11.5191313
11.7495763	12.2880981	13.6833619
16.1929325	16.9351081	18.8580206
15.5950825	16.3098581	18.1617744
12.183435	12.7418431	14.1886269
11.9622575	12.5105294	13.93105
