#?RADIANCE
genskyvec -m 1
NROWS=146
NCOLS=1
NCOMP=3
FORMAT=ascii

20.9844012	21.9461863	24.4380837
27.5310656	28.7929062	32.0622225
25.9633112	27.1532956	30.23644
25.3302019	26.49117	29.4991312
24.5596075	25.6852562	28.6017119
23.2178013	24.28195	27.0390631
24.531865	25.65624	28.5694013
26.2731744	27.47736	30.5973019
28.6549606	29.9683112	33.3710919
31.0015744	32.4224787	36.1039194
38.1344856	39.8823156	44.41079
40.4529125	42.3070019	47.1107887
44.3002831	46.3307138	51.5913737
43.6929213	45.6955119	50.8840506
40.5528369	42.4115062	47.2271581
37.435355	39.1511412	43.5965937
32.8487575	34.3543244	38.2551169
31.1148044	32.5409019	36.2357875
26.6419237	27.8630119	31.0267444
23.9417694	25.0390994	27.8821869
24.5861756	25.7130425	28.6326519
22.8032338	23.8483819	26.5562669
24.6711	25.8018581	28.7315519
24.4163238	25.5354037	28.4348469
27.5157537	28.77689	32.04439
30.7899425	32.2011481	35.8574556
32.5562612	34.048425	37.9144813
34.1302681	35.6945706	39.7475431
31.6034219	33.0519106	36.80482
31.1150925	32.5411994	36.23612
28.7329244	30.0498475	33.4618856
15.458415	16.1669262	18.0026131
13.4726694	14.0901656	15.6900469
14.4284656	15.08977	16.8031513
13.9714819	14.6118406	16.270955
14.8193281	15.4985469	17.2583425
15.63888	16.3556619	18.2127813
18.2175119	19.0524806	21.2158125
21.2991188	22.2753281	24.8046012
24.9506475	26.0942175	29.0571088
28.2459131	29.5405181	32.8947213
34.7982025	36.3931187	40.5254081
39.936125	41.76653	46.5089475
39.7972744	41.6213144	46.3472437
35.6438175	37.2774912	41.5101975
29.8505625	31.2187125	34.7634694
24.2779356	25.3906725	28.2736788
22.2373763	23.2565887	25.8972787
17.9977969	18.822695	20.9599338
15.8761394	16.6037956	18.4890887
14.1063319	14.7528706	16.4279988
13.6328863	14.2577275	15.8766337
13.8182763	14.4516131	16.0925363
13.2292694	13.8356094	15.4065869
15.3783769	16.0832194	17.9094025
16.4855994	17.2411881	19.198855
17.4945538	18.2963863	20.3738681
16.7337981	17.5007625	19.4879019
17.2133694	18.0023162	20.0464062
16.2141544	16.9573019	18.8827344
15.9724119	16.7044806	18.6012069
9.60249194	10.0426078	11.1829025
9.22655037	9.64943456	10.7450873
9.57749031	10.0164591	11.1537856
10.9724375	11.4753394	12.7783181
12.5963331	13.1736637	14.6694781
15.2241125	15.9218844	17.7297494
19.1876987	20.0671325	22.3456763
26.5773206	27.7954462	30.9515063
38.55571	40.322845	44.9013381
52.6271231	55.0391987	61.2886744
48.7724512	51.0078519	56.7995844
30.3987738	31.7920506	35.4019075
21.1437887	22.1128781	24.6237044
16.3157519	17.0635562	19.0010531
13.359485	13.9717944	15.5582337
11.5354119	12.0641187	13.4339506
10.0285904	10.4882349	11.67913
9.98312725	10.4406876	11.626185
9.63701031	10.0787054	11.2231023
9.39462212	9.82520887	10.9408219
10.1082244	10.5715169	11.7718706
10.3208882	10.7939289	12.0195338
9.69908994	10.1436314	11.2953991
9.96282231	10.4194501	11.6025357
7.63781456	7.98788094	8.89487181
7.96664031	8.33177781	9.27781713
8.56443394	8.95697012	9.97399844
9.46085462	9.89447763	11.0179544
11.4443925	11.9689269	13.32795
13.2787388	13.8873463	15.4641981
18.2896494	19.1279237	21.2998206
28.8027981	30.122925	33.5432594
56.5503987	59.1422906	65.8576556
4500.18319449391	4504.80294649391	4516.77231549391
2588.38170828314	2591.69126268314	2600.26604708314
34.0978956	35.6607138	39.7098431
22.1816931	23.1983544	25.8324306
15.1219769	15.8150663	17.6108031
12.0715944	12.6248769	14.0583794
10.3059421	10.7782972	12.0021294
8.97957681	9.39114037	10.457466
8.22043794	8.59720769	9.57338487
7.84804438	8.20774613	9.13970219
7.65364844	8.00444037	8.91331181
7.67056206	8.02212925	8.93300919
7.74293169	8.09781575	9.01728963
7.60800619	7.95670631	8.86015738
7.70748687	8.0607465	8.97601106
7.15510813	7.48305069	8.33272019
7.80215563	8.15975406	9.08626081
8.89182187	9.29936312	10.3552679
10.8168075	11.3125775	12.5970744
13.9161475	14.55397	16.2065138
23.9784431	25.0774531	27.9248969
44.7279281	46.777955	52.0894019
2960.95862075596	2964.15831385595	2972.44842635595
39.8376738	41.6635656	46.3942944
20.2207788	21.147565	23.5487838
13.7492862	14.3794619	16.0121913
10.6577481	11.1462281	12.4118375
8.83000494	9.23471319	10.2832776
7.63985244	7.99001194	8.897245
7.12002313	7.44635737	8.29186087
6.84227525	7.15587931	7.9684
6.80469144	7.116573	7.92463062
6.88781856	7.20351006	8.02143906
7.519043	7.8636655	8.75655263
8.69416156	9.09264363	10.1250757
11.0443255	11.5505233	12.8620362
16.4845762	17.2401194	19.1976638
23.4800663	24.5562331	27.3444937
24.6702362	25.8009531	28.7305469
16.5975412	17.3582619	19.3292206
11.7514406	12.2900494	13.6855331
8.98104806	9.39267913	10.4591791
7.7304665	8.08477944	9.002773
7.00159356	7.32249969	8.15393944
7.13932969	7.46654875	8.31434475
8.53920825	8.93058819	9.94461975
10.484001	10.9645176	12.2094919
13.4527306	14.0693137	15.6668263
13.3557875	13.9679294	15.55393
9.46364275	9.89739287	11.0212011
8.19401119	8.56957	9.54260906
10.1315571	10.5959187	11.7990425
