#?RADIANCE
genskyvec -m 1
NROWS=146
NCOLS=1
NCOMP=3
FORMAT=ascii

19.5662806	20.4630681	22.7865637
27.2508944	28.4998944	31.73594
29.3342825	30.6787706	34.1622181
30.8943519	32.3103413	35.9790475
31.8518744	33.3117512	37.0941631
30.633555	32.0375931	35.6753294
30.2090256	31.5936062	35.1809281
29.5655638	30.9206506	34.4315631
27.286065	28.5366744	31.7768962
25.2237712	26.3798613	29.375185
27.6728931	28.9412337	32.2273919
25.1372637	26.2893881	29.2744394
26.8269369	28.0565038	31.2422062
27.6054006	28.8706487	32.1487931
28.74417	30.0616113	33.474985
32.7584494	34.2598756	38.1499456
37.6199406	39.3441844	43.8115563
43.2483406	45.2305544	50.3663
50.5378831	52.8541988	58.8555781
58.3321506	61.005705	67.9326525
59.6616125	62.3961	69.48092
57.316995	59.9440237	66.7504219
49.4046	51.6689763	57.5357769
42.2675212	44.2047812	49.2240537
36.8767206	38.5669037	42.9460169
31.8028412	33.26047	37.0370625
29.0792712	30.4120694	33.8652362
27.6781156	28.946695	32.233475
25.7542538	26.9346569	29.992975
25.8278181	27.0115931	30.0786475
26.1359175	27.3338113	30.4374544
17.3020044	18.0950119	20.1496275
16.4271513	17.1800619	19.1307875
18.4612462	19.3073856	21.4996581
18.2473306	19.0836663	21.2505394
18.2881444	19.12635	21.2980687
17.1868156	17.9745431	20.0154794
18.2385188	19.0744487	21.2402744
18.2369237	19.0727825	21.23842
17.17426	17.9614138	20.0008581
15.0751825	15.7661288	17.5563075
15.881385	16.6092825	18.4951981
16.5504306	17.3089925	19.274355
18.7905813	19.6518163	21.8831994
21.0191344	21.9825087	24.4785337
23.9817637	25.0809275	27.9287631
29.9877369	31.3621738	34.9232194
38.0497019	39.793645	44.31205
48.4184462	50.637625	56.3873175
59.6390656	62.3725206	69.4546656
63.4174819	66.3241137	73.8549469
57.5808825	60.2200038	67.0577381
45.94451	48.0503	53.5062138
34.8669381	36.465005	40.6054556
28.4642825	29.7688931	33.1490306
23.7468219	24.8352175	27.6551556
21.011525	21.9745544	24.4696737
18.0340188	18.8605775	21.0021188
17.1684362	17.9553213	19.9940744
16.3251481	17.0733831	19.0119969
16.6341275	17.3965231	19.3718294
11.5249656	12.0531937	13.4217831
11.1552556	11.6665381	12.991225
11.2827656	11.7998925	13.1397225
12.1178488	12.6732488	14.1122437
11.9871019	12.5365113	13.9599813
11.8716619	12.4157787	13.8255394
11.7279862	12.2655175	13.6582175
11.8917913	12.4368319	13.8489812
11.8657225	12.4095675	13.8186225
13.4040137	14.0183631	15.6100894
15.3500019	16.0535431	17.8763563
20.1561431	21.0799669	23.47351
27.8833456	29.1613313	32.4724813
41.2096044	43.0983756	47.9920225
63.4164287	66.3230125	73.8537194
79.4162344	83.0561444	92.4868237
62.8538744	65.7346744	73.1985781
43.2631581	45.2460512	50.3835556
27.6295325	28.895885	32.1768938
20.3335538	21.2655081	23.6801188
16.1440462	16.8839806	18.8010875
13.8106819	14.4436719	16.0836894
12.0078469	12.5582081	13.9841394
11.7101538	12.2468688	13.6374506
9.34422806	9.77250444	10.8821325
9.22736981	9.65029031	10.7460406
9.03022744	9.44411306	10.5164542
9.119185	9.53714775	10.6200512
9.29024563	9.71604787	10.8192663
9.25216056	9.67621687	10.7749131
9.34910344	9.77760288	10.88781
9.85466506	10.3063378	11.47658
10.6177215	11.1043662	12.3652219
11.9693625	12.5179581	13.9393206
14.5085644	15.17354	16.8964325
19.0874625	19.962305	22.2289419
25.4428969	26.6090281	29.6303744
43.1389119	45.1161125	50.2388606
74.3557762	77.7637469	86.5935044
6087.81860105922	6092.92183705922	6106.14388505922
1872.96890116344	1876.64068746344	1886.15396176344
46.6947144	48.8348875	54.3798906
28.1664912	29.4574531	32.8022262
19.3960475	20.2850325	22.5883131
14.9248294	15.6088831	17.3812087
12.1659644	12.7235694	14.1682781
10.6711764	11.1602725	12.4274762
9.97963287	10.4370336	11.6221144
8.85921069	9.26525756	10.3172898
8.40678888	8.79209969	9.79040688
8.2186855	8.59537494	9.57134444
8.284115	8.66380313	9.6475425
8.49330181	8.88257781	9.89115806
9.14484087	9.56397925	10.6499306
10.191701	10.6588191	11.8690863
12.8644619	13.4540825	14.9817387
16.5574975	17.3163819	19.2825881
25.6387125	26.8138187	29.8584187
38.3527256	40.1105581	44.6649462
1736.64284832021	1739.71627392021	1747.67923522021
65.4483094	68.4480206	76.2200137
33.4154619	34.947	38.91509
20.9211581	21.880045	24.3644362
14.4333625	15.0948919	16.808855
11.2511331	11.7668112	13.102885
9.67357225	10.1169449	11.2656813
9.02792588	9.44170606	10.5137729
8.59276788	8.98660294	10.006995
8.49650731	8.88593019	9.89489069
9.039267	9.45356644	10.5269805
10.585408	11.0705737	12.3275912
14.564875	15.2324325	16.9620125
21.6654906	22.6584906	25.2312713
29.9266756	31.2983138	34.8521094
33.6494269	35.1916925	39.1875656
21.8430513	22.8441906	25.438055
13.7736763	14.40497	16.040595
10.6767034	11.1660519	12.43391
10.5369505	11.0198943	12.2711581
10.131775	10.5961476	11.7992975
11.7311963	12.268875	13.6619569
15.8865575	16.6146912	18.5012206
17.0180525	17.7980475	19.8189425
13.7911638	14.4232587	16.0609606
12.5470069	13.1220788	14.6120362
