#?RADIANCE
genskyvec -m 1
NROWS=146
NCOLS=1
NCOMP=3
FORMAT=ascii

26.2974188	27.5027169	30.6255362
27.5656869	28.8291138	32.1025413
29.0267481	30.3571387	33.8040663
29.6584925	31.01784	34.5397906
29.1621919	30.4987925	33.961805
26.0751025	27.2702094	30.3666312
24.8124831	25.94972	28.896205
23.8415788	24.9343175	27.7655075
22.1269925	23.1411444	25.7687275
20.5629956	21.5054656	23.9473238
24.7061863	25.8385519	28.7724144
23.6700363	24.7549137	27.5657331
27.2551719	28.5043669	31.7409213
29.3573325	30.7028781	34.1890619
30.8326562	32.2458175	35.9071987
33.8920744	35.4454613	39.4701469
35.242575	36.8578594	41.0429187
36.9229512	38.6152513	42.9998544
35.4954444	37.1223187	41.337405
33.3699763	34.8994338	38.8621225
32.5996844	34.0938363	37.9650513
28.7185806	30.0348475	33.4451806
27.2627488	28.51229	31.7497438
24.2760588	25.38871	28.2714931
23.5877662	24.6688712	27.4699206
23.8244538	24.9164056	27.7455619
23.880615	24.9751431	27.8109681
25.3809681	26.5442625	29.5582531
24.6390456	25.768335	28.6942237
26.13037	27.3280125	30.430995
26.6207656	27.8408831	31.0021012
15.3787019	16.0835581	17.90978
14.0861231	14.7317381	16.4044675
15.6367712	16.3534556	18.2103238
14.7381219	15.4136175	17.1637719
14.2165062	14.8680944	16.5563062
13.0974131	13.69771	15.2530294
13.91058	14.5481475	16.20003
14.2621613	14.9158431	16.6094763
14.393405	15.0531037	16.7623212
14.0241675	14.6669406	16.3323125
15.9477669	16.6787056	18.5725038
17.8252275	18.642215	20.7589637
20.8673994	21.8238212	24.3018269
23.5462862	24.62549	27.4216125
25.9119488	27.0995806	30.1766238
28.7082744	30.0240694	33.4331775
30.4863444	31.883635	35.5038919
29.4351831	30.7842956	34.2797262
26.775625	28.0028406	31.1824475
23.572515	24.6529206	27.4521606
21.0920294	22.0587494	24.5634306
18.8469481	19.7107662	21.9488431
16.0422069	16.7774725	18.6824875
15.4424625	16.1502412	17.9840344
14.55117	15.2180975	16.9460494
14.2681863	14.922145	16.6164931
13.4396669	14.0556506	15.6516131
14.0030187	14.6448213	16.3076806
13.9680937	14.6082975	16.26701
14.6892562	15.3625144	17.1068638
9.35915519	9.78811531	10.8995156
8.97885794	9.39038825	10.4566303
8.96389838	9.3747435	10.4392073
9.49158581	9.92661825	11.0537448
9.4628925	9.89660844	11.0203276
9.78227237	10.2306256	11.3922706
10.4676701	10.9474376	12.190475
11.750715	12.2892894	13.6846887
12.9777712	13.5725869	15.1136994
15.7827738	16.5061512	18.3803562
18.9876987	19.8579675	22.1127581
24.9646025	26.1088125	29.0733612
31.44723	32.8885606	36.6229213
34.3960819	35.9725688	40.057105
29.4312713	30.7802037	34.2751694
23.1125412	24.1718663	26.9164831
17.666225	18.4759262	20.5737931
15.3030137	16.0044019	17.8216344
12.6066025	13.1844037	14.6814387
10.9522794	11.4542581	12.7548425
10.1345783	10.5990779	11.8025613
9.62269512	10.0637351	11.2064306
9.05481569	9.46982731	10.5450886
9.34541413	9.77374575	10.8835156
7.420401	7.76050231	8.64167562
7.43911969	7.78007913	8.66347519
7.39708044	7.73611287	8.614517
7.56596875	7.91274219	8.81120175
8.01100631	8.37817738	9.32948506
8.38071194	8.76482762	9.76003813
9.34379038	9.77204756	10.8816225
10.6948269	11.1850063	12.4550187
12.6672581	13.2478413	14.7520794
15.3572819	16.0611556	17.8848356
20.83967	21.7948219	24.2695338
33.7144713	35.2597163	39.2633131
47.6752925	49.86041	55.5218569
2296.67352703984	2299.22555333984	2305.83762833984
40.9452013	42.8218556	47.6841025
28.0171275	29.3012438	32.6282813
18.939585	19.8076475	22.0567262
14.5680725	15.2357763	16.965735
11.8565094	12.3999312	13.8078938
10.1757374	10.6421255	11.8504944
9.09117737	9.50785594	10.5874345
8.322643	8.70409713	9.69241175
7.83784212	8.19707644	9.1278205
7.66662412	8.01801069	8.92842306
7.178792	7.50781975	8.36030206
7.11970763	7.44602731	8.29149313
7.31955925	7.65503887	8.52423713
7.77308544	8.12935138	9.05240594
8.55901437	8.95130225	9.967686
10.3522337	10.8267131	12.0560406
12.6298212	13.2086894	14.7084819
19.0497669	19.9228812	22.1850444
31.3593619	32.7966644	36.5205919
3410.2898390971	3413.7367471971	3422.6673853971
5576.33053313164	5580.46788063164	5591.18738923164
41.674185	43.5842494	48.5330631
21.1419012	22.1109044	24.6215063
13.5546744	14.1759294	15.7855475
10.7857129	11.2800562	12.5608625
9.02408462	9.43768844	10.5092995
7.97722613	8.34284856	9.29014481
7.43744681	7.77832962	8.66152694
7.66289538	8.01411112	8.9240805
7.91971038	8.28269719	9.22316312
8.50581	8.89565931	9.90572556
9.97351556	10.4306348	11.6149912
13.1145769	13.7156613	15.2730194
23.1117894	24.1710775	26.9156056
45.5708838	47.6595488	53.0710956
42.1835313	44.1169431	49.12624
20.5762312	21.5193069	23.9627369
12.7214113	13.3044781	14.8151444
9.31091038	9.73766025	10.8433325
8.32873312	8.71046656	9.69950412
9.31392931	9.74081794	10.8468478
10.0769089	10.5387663	11.7353994
13.1275231	13.7292006	15.288095
19.5501069	20.4461531	22.7677294
14.7320838	15.4073031	17.1567394
10.8866356	11.3856061	12.6783956
12.0467875	12.5989325	14.0294894
