#?RADIANCE
genskyvec -m 1
NROWS=146
NCOLS=1
NCOMP=3
FORMAT=ascii

3.86257325	4.03960781	4.49828856
15.8498075	16.5762575	18.4584244
15.4368731	16.1443944	17.977525
15.4059037	16.1120069	17.9414594
15.5654431	16.2788587	18.1272556
15.7686375	16.4913669	18.3638937
15.6095044	16.3249387	18.1785681
15.755245	16.4773594	18.3482975
15.4113806	16.117735	17.9478356
15.7171625	16.4375325	18.3039462
15.6640369	16.3819725	18.2420769
15.7655162	16.4881012	18.3602594
15.6242969	16.34041	18.1957956
15.5451019	16.2575856	18.1035681
15.5975931	16.3124819	18.1646988
16.2602187	17.0054781	18.9363794
18.0779963	18.9065719	21.0533344
19.8472206	20.7568831	23.1137438
25.3507587	26.5126675	29.5230731
37.2746494	38.98307	43.4094381
53.4794656	55.9306056	62.2812969
89.35269	93.4480225	104.058664
477.393939012936	482.254322012936	494.847112012936
98.9127925	103.446292	115.192191
64.5076988	67.4643006	75.124595
38.6144888	40.3843181	44.9697913
27.9078056	29.1869131	32.500965
21.5737437	22.56254	25.1244244
18.7037087	19.56096	21.7820256
16.7351163	17.5021413	19.4894375
15.9887356	16.7215525	18.6202162
12.8198156	13.4073912	14.9297463
11.9863812	12.5357556	13.9591387
12.6537462	13.2337087	14.7363425
12.4571262	13.0280787	14.5073625
12.4757544	13.04756	14.5290563
12.1045988	12.6593919	14.0968138
12.7529806	13.3374938	14.8519088
13.01347	13.6099212	15.1552712
12.75588	13.3405225	14.855285
11.6454881	12.1792381	13.56214
11.9835194	12.5327638	13.9558087
12.0019862	12.5520775	13.9773144
12.6851944	13.2665994	14.7729687
12.8389813	13.427435	14.952065
13.2363212	13.8429856	15.4148006
14.6380944	15.309005	17.0472819
17.7843419	18.5994569	20.7113494
21.6800744	22.6737437	25.2482556
31.6052906	33.0538681	36.8069988
46.901465	49.0511137	54.6206662
77.3779225	80.9244156	90.1130437
1984.95113901834	1990.63973301834	2005.37837601834
559.29533421871	563.53470861871	574.51857971871
56.6532419	59.2498481	65.9774256
35.9429525	37.590335	41.8585656
25.7482413	26.9283681	29.9859769
18.4862687	19.333555	21.5288006
15.5187913	16.2300675	18.0729275
13.6882675	14.3156463	15.9411294
13.0994787	13.6998725	15.2554381
9.45376363	9.88706225	11.009696
9.02572044	9.43939881	10.5112042
8.95220881	9.36251819	10.4255934
9.38421987	9.81432975	10.9287063
9.37165794	9.80119094	10.9140768
9.41743625	9.84906794	10.9673874
9.39582537	9.8264675	10.9422219
9.43751281	9.87006506	10.9907704
9.06318638	9.47858263	10.5548362
9.35975106	9.78873919	10.9002107
9.50150137	9.93698663	11.0652914
10.2985083	10.7705237	11.9934719
11.5401031	12.069025	13.439415
13.9207637	14.5587994	16.2118906
20.0361881	20.9545119	23.3338113
31.7130538	33.1665663	36.9324944
52.0497281	54.4353394	60.6162487
73.4128969	76.77765	85.4954438
45.39328	47.4738044	52.8642613
26.8618537	28.0930206	31.2828681
18.3347913	19.1751344	21.3523931
13.7397794	14.3695169	16.0011181
10.8174469	11.3132475	12.5978206
10.0372201	10.4972579	11.68918
7.80380781	8.16148219	9.08818513
7.64711869	7.99761144	8.90570756
7.43656406	7.77740631	8.66049906
7.49041275	7.83372325	8.72321025
7.60277037	7.95123044	8.85406019
7.56168712	7.90826412	8.80621513
7.50211681	7.84596375	8.73684088
7.59833231	7.94658913	8.84889163
7.549437	7.89545269	8.791949
7.70098988	8.0539515	8.96844481
7.91608206	8.27890231	9.21893781
8.32341744	8.70490719	9.69331356
9.21816181	9.64066094	10.7353178
11.5276716	12.0560237	13.4249363
15.2118825	15.9090956	17.7155069
19.4567938	20.3485631	22.6590594
26.590085	27.8087969	30.9663712
30.20434	31.5887044	35.1754719
26.8341269	28.0640231	31.2505775
19.5285287	20.4235856	22.7426019
14.3619594	15.0202144	16.7256981
10.9373645	11.438659	12.7374719
9.20042194	9.62210712	10.7146583
8.49201394	8.88123075	9.88965713
7.02887481	7.35103144	8.18571087
6.74681944	7.05604838	7.85723394
6.57766988	6.87914619	7.66024506
6.62310837	6.92666712	7.71316194
6.63431531	6.93838788	7.7262135
6.61192944	6.914976	7.70014319
6.7129605	7.02063775	7.81780238
6.9740375	7.29368069	8.12184806
7.33507206	7.67126262	8.54230306
8.33812913	8.72029331	9.71044662
9.53380081	9.97076662	11.1029053
12.634065	13.2131263	14.7134206
16.0237781	16.7582	18.6610262
16.3874569	17.1385481	19.0845613
13.6029144	14.2263806	15.8417281
10.6425218	11.1303021	12.3941044
8.77296956	9.17506338	10.2168543
7.60051775	7.94887456	8.85143662
6.58908587	6.89108563	7.67354006
6.23679963	6.52265263	7.26327325
6.16557056	6.448159	7.18032106
6.20796694	6.49249837	7.22969519
6.28395425	6.57196837	7.3181885
6.68551694	6.9919365	7.78584194
7.50122894	7.84503519	8.73580669
8.64888162	9.0452885	10.072345
10.4938231	10.9747896	12.2209319
10.1612318	10.6269549	11.8336019
8.7180425	9.1176195	10.1528874
7.21776794	7.548582	8.40569263
6.48423506	6.78142869	7.55143225
6.16632931	6.4489525	7.18120475
6.27330606	6.56083238	7.30578806
6.82245444	7.13515	7.945317
7.45590062	7.79762925	8.68301806
7.33222687	7.66828687	8.53898975
6.54101644	6.84081281	7.61755919
