#?RADIANCE
genskyvec -m 1
NROWS=146
NCOLS=1
NCOMP=3
FORMAT=ascii

25.2220169	26.3780256	29.3731419
27.7229038	28.9935356	32.2856331
29.8404931	31.2081819	34.7517419
30.9588431	32.3777888	36.0541544
30.9086519	32.3252981	35.995705
27.9876956	29.270465	32.5940081
26.68139	27.9042862	31.0727025
25.4551969	26.6218931	29.6447006
23.1207537	24.1804544	26.9260444
20.9642406	21.9251	24.4146044
24.6414725	25.7708725	28.6970494
22.9201106	23.9706131	26.6923794
26.1336619	27.3314537	30.4348269
28.0329425	29.3177838	32.6466994
29.5491419	30.9034769	34.4124394
33.0614156	34.5767281	38.5027737
35.2268994	36.841465	41.0246625
37.9352225	39.6739175	44.1787288
37.7710269	39.5021994	43.9875106
36.6699619	38.3506669	42.7052287
36.0445125	37.6965531	41.9768406
32.1043238	33.5757725	37.3881612
30.0692563	31.44743	35.0181575
26.5601919	27.7775331	30.9315581
25.2592425	26.4169575	29.416495
24.5852275	25.7120481	28.6315463
24.0275987	25.1288625	27.9821425
25.0307644	26.1780069	29.1504137
24.1564731	25.2636437	28.1322275
25.6319288	26.8067237	29.8505187
26.4371313	27.6488325	30.7882444
15.5799563	16.2940381	18.1441581
14.4777219	15.1412831	16.8605131
16.2963394	17.0432525	18.9784463
15.5436994	16.2561206	18.1019356
15.0612087	15.7515137	17.5400344
13.7548812	14.3853119	16.0187056
14.5062756	15.171145	16.8937681
14.5584	15.2256613	16.9544719
14.1653844	14.8146281	16.4967706
13.3021713	13.9118525	15.4914863
14.8844287	15.5666306	17.3341588
16.4576125	17.2119181	19.1662625
19.2946069	20.1789431	22.4701781
21.8298831	22.83042	25.4227213
24.3151719	25.4296163	28.317045
27.968835	29.2507381	32.5720406
31.3036988	32.7384506	36.4557681
32.4150569	33.900745	37.7500363
30.8406606	32.2541894	35.9165213
27.5551075	28.8180488	32.0902219
24.4313444	25.5511144	28.4523394
21.50993	22.4958031	25.0501081
18.0867888	18.915765	21.0635725
17.0069487	17.7864338	19.80601
15.6158788	16.3316056	18.1859925
14.9151419	15.5987525	17.3699275
13.7290163	14.3582619	15.9885837
14.0431362	14.6867787	16.3544025
13.9543819	14.5939575	16.2510419
14.715935	15.3904156	17.1379362
9.53390556	9.97087606	11.1030274
9.17988775	9.60063244	10.6907444
9.20096037	9.62267019	10.715286
9.76982394	10.2176081	11.3777742
9.60404525	10.0442305	11.1847124
9.67997156	10.1236373	11.2731337
10.0426782	10.5029657	11.6955344
10.9589024	11.461185	12.762555
11.8545625	12.3978956	13.8056256
14.2245419	14.8765013	16.5656662
16.8228263	17.5938713	19.5915837
22.0049325	23.0134919	25.6265788
29.2100238	30.548815	34.0175069
36.7990913	38.4857163	42.8556094
36.5737406	38.2500362	42.5931706
29.3125588	30.6560512	34.1369194
21.3631275	22.3422694	24.8791425
17.7703956	18.5848719	20.6951081
14.2224594	14.8743238	16.56324
12.0958062	12.6501975	14.0865756
10.8766621	11.3751756	12.6667806
10.069907	10.531444	11.7272462
9.30517013	9.73165681	10.8366475
9.49515031	9.93034444	11.0578937
7.5529605	7.89913769	8.79605225
7.53302263	7.87828581	8.77283275
7.42746169	7.76788669	8.64989837
7.53771225	7.88319037	8.77829444
7.83904631	8.19833556	9.12922325
8.0530455	8.422143	9.37844275
8.73069675	9.13085344	10.1676241
9.79338519	10.2422486	11.4052125
11.325815	11.8449144	13.189855
13.3589238	13.9712063	15.5575806
17.0794144	17.8622194	19.8904006
25.1687712	26.3223381	29.3111325
36.3437219	38.0094744	42.325295
59.8238819	62.5658087	69.6698975
1951.28674713105	1954.03342403105	1961.14982593105
41.287225	43.1795556	48.082415
24.9971675	26.1428706	29.111285
17.5890031	18.3951637	20.4838594
13.53717	14.1576231	15.7651638
11.2793081	11.7962762	13.1356962
9.85456675	10.3062334	11.476465
8.80823856	9.21194912	10.2579284
8.1518395	8.52546513	9.493497
7.87405931	8.23495356	9.16999894
7.28907294	7.62315519	8.48873325
7.11081131	7.43672331	8.28113281
7.17845087	7.50746294	8.35990463
7.4734335	7.81596575	8.70343675
8.05612044	8.425359	9.38202425
9.43889219	9.87150725	10.992375
11.1308081	11.6409687	12.9627531
15.3401344	16.0432225	17.8648662
22.4718112	23.50177	26.1703
47.3030025	49.4710562	55.0882906
6883.32262143841	6887.25302333841	6897.43634773841
2114.7819588035	2117.7109375035	2125.2996719035
28.7620375	30.0802963	33.49579
16.0406769	16.7758738	18.6807063
12.0207481	12.5716994	13.9991631
9.72984781	10.1757999	11.33122
8.3994715	8.78444713	9.78188494
7.67521944	8.02699994	8.93843325
7.70802856	8.06131306	8.97664206
7.76852125	8.12457813	9.04709075
8.11187775	8.48367169	9.44695788
9.21019281	9.63232587	10.7260378
11.5297919	12.0582394	13.4274037
18.13836	18.9697025	21.1236344
33.8866687	35.4398075	39.4638531
42.0843687	44.0132331	49.0107575
24.62211	25.7506219	28.6745012
14.1475713	14.7960019	16.4760263
9.88947856	10.3427465	11.5171225
8.57676087	8.96986231	9.98835338
9.26990831	9.69477913	10.7955822
9.66647319	10.1095197	11.2574138
12.0224631	12.5734919	14.0011619
17.4682281	18.2688544	20.3432081
14.8896737	15.5721181	17.3402687
11.1742904	11.6864438	13.0133925
11.6734744	12.2085088	13.5947344
