#?RADIANCE
genskyvec -m 1
NROWS=146
NCOLS=1
NCOMP=3
FORMAT=ascii

3.45265863	3.61090531	4.02090869
15.2615769	15.9610656	17.77338
14.8556712	15.5365563	17.3006675
14.83112	15.51088	17.2720762
14.9893425	15.6763531	17.4563388
15.185165	15.8811519	17.6843906
15.0357244	15.7248594	17.5103519
15.177435	15.8730663	17.6753881
14.8398337	15.5199937	17.2822244
15.1335613	15.8271825	17.6242956
15.0995069	15.7915681	17.5846356
15.1795394	15.87527	17.6778419
15.0451144	15.7346812	17.52129
14.9483494	15.6334819	17.4086006
14.9696606	15.65577	17.43342
15.5848119	16.2991131	18.1498125
17.2675375	18.0589656	20.1094881
18.9360931	19.8039963	22.0526594
24.0504613	25.1527738	28.0087675
35.24338	36.8587012	41.0438556
50.9352163	53.2697456	59.3183062
86.0387475	89.9821963	100.199306
529.384895779232	534.248803779232	546.850784779232
100.44118	105.044729	116.972136
64.8207644	67.7917119	75.4891869
38.3307481	40.0875731	44.6393538
27.414295	28.67078	31.9262294
21.0310181	21.9949394	24.492375
18.1151769	18.9454556	21.0966344
16.1566631	16.897175	18.8157806
15.4032781	16.1092625	17.9384025
12.2832713	12.8462544	14.3048931
11.4751825	12.0011275	13.3638069
12.1239344	12.6796144	14.1193331
11.9346894	12.4816944	13.8989412
11.95704	12.5050694	13.9249706
11.6003275	12.1320094	13.5095481
12.2310563	12.7916462	14.2440863
12.4846906	13.0569037	14.5394631
12.2341844	12.7949162	14.2477269
11.1549775	11.6662475	12.9909006
11.4769731	12.003	13.3658925
11.4851412	12.0115425	13.3754044
12.1306769	12.686665	14.1271844
12.2540162	12.8156581	14.2708237
12.5974781	13.1748606	14.6708125
13.8673487	14.5029356	16.1496831
16.7914544	17.5610612	19.5550481
20.2930706	21.22317	23.6329725
29.361555	30.70729	34.1939775
43.2482694	45.2304806	50.366215
71.1754275	74.4376294	82.889715
1605.46071825743	1610.80673125743	1624.65778125743
615.036472918593	619.162596018593	629.853019118593
55.5993112	58.1476137	64.7500338
35.0869012	36.6950506	40.8616231
25.0185906	26.165275	29.136235
17.8460813	18.664025	20.7832487
14.93091	15.6152425	17.3882906
13.1363806	13.738465	15.2984094
12.5574506	13.1330006	14.6242
9.03381369	9.44786344	10.5206293
8.62383675	9.01909556	10.0431771
8.55592019	8.948066	9.96408225
8.97417494	9.38549062	10.4511756
8.96501725	9.375914	10.4405112
9.01073231	9.42372356	10.4937489
8.98985181	9.40188681	10.4694316
9.026938	9.44067219	10.5126209
8.66123712	9.05821031	10.0867338
8.93344381	9.34289281	10.4037397
9.05046775	9.46528063	10.5400238
9.76994388	10.2177324	11.377915
10.8788239	11.3774356	12.6692962
13.0046981	13.6007456	15.1450569
18.504015	19.3521137	21.5494694
28.9462431	30.272945	33.7103144
46.9099825	49.0600206	54.6305862
66.6791456	69.7352706	77.6534231
42.98558	44.95575	50.0602925
25.6252325	26.7997212	29.8427206
17.5749862	18.3805063	20.4675387
13.1629031	13.7662044	15.3292994
10.3432427	10.8173087	12.0455694
9.59502325	10.0347956	11.1742034
7.44791756	7.78928038	8.67372119
7.30144975	7.63609931	8.50314706
7.10301006	7.42856456	8.27204763
7.15692069	7.48494606	8.334831
7.26706637	7.60014019	8.46310513
7.22839206	7.55969331	8.4180655
7.17019087	7.49882425	8.35028519
7.25901369	7.59171813	8.45372663
7.20454731	7.53475569	8.39029612
7.33878444	7.67514525	8.54662663
7.52335037	7.86817038	8.76156881
7.87521844	8.23616575	9.17134875
8.67948981	9.07729931	10.1079892
10.7458004	11.2383161	12.5143813
14.0256675	14.6685088	16.3340588
17.7807206	18.5956694	20.7071325
24.136565	25.2428256	28.1090437
27.5767119	28.8406419	32.1153819
24.9588512	26.1027963	29.0666625
18.4105631	19.25438	21.440635
13.63664	14.2616519	15.881005
10.4185176	10.8960327	12.1332313
8.77207194	9.17412494	10.2158087
8.10278406	8.47416156	9.43636738
6.69867494	7.00569744	7.80116563
6.43694806	6.73197463	7.49636281
6.27907075	6.56686131	7.31250156
6.32552812	6.615448	7.36660512
6.33626388	6.62667581	7.37910769
6.31024619	6.59946562	7.34880781
6.3993825	6.69268756	7.45261469
6.62878694	6.932606	7.71977494
6.94576144	7.26410881	8.08891844
7.83894919	8.19823406	9.12910962
8.89390144	9.30153831	10.35769
11.6589484	12.1933158	13.5778169
14.7003194	15.3740812	17.1197456
15.1412125	15.8351831	17.6332038
12.7067669	13.2891619	14.7980913
10.0412701	10.5014954	11.6938963
8.32694294	8.7085945	9.69741938
7.23329575	7.56482144	8.42377606
6.27138494	6.55882306	7.30355063
5.94272719	6.21510188	6.92080137
5.88002031	6.14952113	6.84777394
5.9189825	6.19026894	6.89314862
5.97987094	6.25394819	6.96405837
6.33345394	6.62373713	7.37583525
7.06020525	7.38379775	8.22219756
8.08383412	8.454343	9.414299
9.74896319	10.1957891	11.3534794
9.49192225	9.9269685	11.0541353
8.2227285	8.59960325	9.57605331
6.84566656	7.15942594	7.97234931
6.15357406	6.43561275	7.16635019
5.86067069	6.12928456	6.82523981
5.95279394	6.22563	6.93252488
6.44303519	6.73834075	7.50345162
7.01729231	7.33891794	8.17222194
6.9204765	7.23766481	8.05947194
6.1928925	6.47673319	7.21213969
