#?RADIANCE
genskyvec -m 1
NROWS=146
NCOLS=1
NCOMP=3
FORMAT=ascii

2.35282437	2.460662	2.74006013
13.1338656	13.7358363	15.2954825
13.4321675	14.0478069	15.6428781
14.154665	14.80342	16.4842894
15.7226475	16.4432687	18.3103369
19.1195319	19.9958419	22.2662894
25.5600344	26.731535	29.7667906
35.9408763	37.5881656	41.8561475
60.2490881	63.0105037	70.1650875
98.5247481	103.040467	114.74029
591.738440084057	596.139232984057	607.541315984057
71.7161531	75.0031413	83.5194356
40.9501906	42.8270738	47.6899125
26.7606119	27.9871387	31.1649631
19.9138137	20.8265281	23.191295
16.2101537	16.9531181	18.878075
14.5411631	15.2076338	16.9343975
13.4256	14.04094	15.6352319
13.1186412	13.7199106	15.2777506
12.8969575	13.4880663	15.0195825
13.1825731	13.7867744	15.3522056
13.3968637	14.0108869	15.601765
13.1870988	13.7915056	15.3574756
13.0733981	13.672595	15.2250625
13.5240169	14.1438675	15.7498456
13.0810575	13.6806063	15.2339831
13.4752381	14.0928519	15.6930369
13.1351756	13.7372025	15.2970069
13.1475025	13.7500975	15.3113637
12.757934	13.3426719	14.8576806
12.854345	13.4435	14.9699538
10.4438873	10.9225656	12.1627762
10.2112499	10.6792659	11.8918531
11.5233058	12.0514586	13.4198525
12.6865531	13.2680187	14.7745469
15.9470275	16.67793	18.57164
20.620295	21.5653906	24.0140525
30.2428331	31.62896	35.2203006
49.8658463	52.1513625	58.0729363
643.227336542697	647.337981542697	657.988294442697
810.85803201295	814.56328641295	824.16328831295
54.9214581	57.4386887	63.9606169
33.8890825	35.4423312	39.4666631
23.3916762	24.4637944	27.2415569
16.6587156	17.4222412	19.4004619
13.3183525	13.9287763	15.5103325
11.4119046	11.9349494	13.2901156
11.3586942	11.8793005	13.2281462
10.1485299	10.6136722	11.81881
10.0171606	10.4762788	11.6658179
9.69604569	10.1404468	11.2918548
9.87549681	10.3281249	11.5008413
10.1525901	10.6179167	11.8235387
9.72186506	10.1674505	11.3219219
10.4160257	10.8934259	12.1303306
10.5583972	11.0423233	12.2961344
10.650361	11.1385024	12.4032337
10.1541651	10.6195628	11.8253719
10.2464336	10.7160607	11.9328267
10.0071407	10.4658013	11.6541494
10.1904622	10.6575246	11.8676424
7.69412169	8.04676863	8.96044625
7.76177475	8.11752269	9.039234
8.57560863	8.96865706	9.98701025
11.0114657	11.5161569	12.8237713
15.1321287	15.825685	17.6226275
23.6456994	24.7294612	27.53739
36.5458875	38.220905	42.5607319
45.5905531	47.6801194	53.0940006
31.9648575	33.4299119	37.2257431
20.9078425	21.8661169	24.3489256
14.3721362	15.0308575	16.7375506
10.5235461	11.0058738	12.2555469
8.75177506	9.15289825	10.1921718
7.843706	8.20320888	9.13464937
7.61767925	7.96682263	8.87142275
7.56716338	7.91399156	8.81259287
7.39150175	7.73027862	8.60802025
7.74514006	8.10012556	9.01986144
7.56402725	7.91071169	8.80894044
7.30734838	7.64226825	8.51001631
7.54633206	7.89220538	8.78833319
7.56039463	7.9069125	8.80471
7.27529056	7.60874125	8.47268288
7.520764	7.8654655	8.75855688
6.27583156	6.56347369	7.30872906
6.63659362	6.94077063	7.72886675
7.2796385	7.61328819	8.47774594
8.40810488	8.79347638	9.79193962
11.282507	11.7996206	13.1394188
14.0497544	14.6937006	16.3621106
18.5671094	19.4181	21.6229463
21.054675	22.01968	24.519925
17.2266306	18.0161838	20.0618475
13.5830962	14.2056531	15.8186469
10.1680095	10.6340419	11.8414946
7.99275644	8.35909056	9.30823144
7.19818187	7.52809806	8.38288294
6.6009075	6.90344888	7.68730719
6.32361888	6.61345119	7.36438144
6.1034905	6.38323356	7.1080235
6.05159969	6.3289645	7.04759269
6.07173225	6.35001988	7.07103844
6.16315569	6.44563325	7.17750881
6.14000537	6.42142225	7.15054844
6.16099406	6.44337281	7.17499137
6.18617637	6.46970931	7.20431819
6.11539831	6.39568719	7.12189144
6.24959356	6.53603319	7.278173
5.56773719	5.82292506	6.48409413
6.00586656	6.28113513	6.99433244
6.70957906	7.01710112	7.81386425
8.33028731	8.71209213	9.70131394
10.2723638	10.7431796	11.9630233
11.4519462	11.9768256	13.3367463
11.0134201	11.5182023	12.8260469
8.78838038	9.19118006	10.2348011
7.32060606	7.65613369	8.52545637
6.2732795	6.56080475	7.30575681
5.6746095	5.93469563	6.60855612
5.49878838	5.750816	6.40379781
5.40457094	5.65228012	6.29407344
5.32864575	5.57287506	6.20565219
5.26847544	5.509947	6.135579
5.28854462	5.53093588	6.15895112
5.36420781	5.61006725	6.24706737
5.41586494	5.66409188	6.30722625
5.27590262	5.51771469	6.14422844
5.67958456	5.93989862	6.61434975
6.77053412	7.08085012	7.88485163
7.92883994	8.29224463	9.23379556
7.49892806	7.84262875	8.73312744
6.41701313	6.71112606	7.47314675
5.66531194	5.92497194	6.59772819
5.22079044	5.4600765	6.08004569
5.0114575	5.24114919	5.83626012
4.93330844	5.15941813	5.745249
4.97167306	5.19954131	5.78992787
5.00336656	5.23268725	5.8268375
5.09731337	5.33094	5.93624644
5.52350012	5.77666037	6.43257656
5.71367881	5.9755555	6.65405562
5.38076131	5.62737925	6.26634506
4.92271594	5.14834025	5.73291325
4.86730494	5.0903895	5.66838237
5.13124094	5.36642262	5.97575794
