#?RADIANCE
genskyvec -m 1
NROWS=146
NCOLS=1
NCOMP=3
FORMAT=ascii

10.6224081	11.1092681	12.37068
26.7414737	27.967125	31.1426775
27.6011663	28.8662206	32.1438587
28.5725988	29.882175	33.2751756
29.6436106	31.002275	34.5224562
29.9177369	31.288965	34.8417006
29.8214931	31.1883113	34.7296156
29.9712325	31.3449131	34.9039975
28.4564069	29.7606581	33.1398569
27.8209644	29.0960913	32.3998325
28.35482	29.654415	33.0215531
26.9952144	28.232495	31.4381794
26.9339594	28.1684325	31.3668413
26.7528331	27.979005	31.1559044
27.0976456	28.3396212	31.5574681
29.5693094	30.9245688	34.4359281
34.270785	35.8415281	39.9111887
39.4201544	41.2269119	45.9080594
51.03149	53.3704313	59.430425
71.2235425	74.4879506	82.9457531
86.4854175	90.4493275	100.719476
105.444494	110.277367	122.798925
92.1910169	96.416445	107.364138
78.5536744	82.1540519	91.4823062
60.1544644	62.9115413	70.0548894
43.6773963	45.6792756	50.8659719
36.4706769	38.1422469	42.473145
31.2639212	32.6968481	36.4094438
28.4104094	29.7125531	33.08629
26.611555	27.83125	30.9913756
26.1858306	27.386015	30.4955844
18.9674806	19.8368225	22.0892125
17.7641869	18.5783794	20.6878775
19.79868	20.7061181	23.0572137
19.7429844	20.6478694	22.9923519
20.0613019	20.9807769	23.3630594
19.1802438	20.0593369	22.3369944
20.6674769	21.6147356	24.069
21.0118444	21.9748862	24.470045
19.9538562	20.8684069	23.2379306
17.1378719	17.9233562	19.9584812
17.6689919	18.47882	20.5770131
17.65853	18.4678781	20.5648306
19.2559075	20.13847	22.4251106
20.1488281	21.0723163	23.4649913
21.7946656	22.7935862	25.381705
26.1538387	27.3525556	30.4583269
34.2493406	35.8191006	39.8862131
44.4448756	46.48193	51.7597637
66.1675475	69.2002263	77.0576275
93.4840881	97.7687719	108.870015
118.713806	124.15485	138.252119
106.196756	111.064114	123.674981
73.5534725	76.9246737	85.6591569
51.7395956	54.1109912	60.2550725
37.8725656	39.6083894	44.1057594
30.2867937	31.6749369	35.2714969
23.6224519	24.7051475	27.5103156
21.0308525	21.994765	24.4921831
19.0371813	19.9097187	22.1703844
18.7688625	19.6291006	21.857905
12.0797363	12.6333887	14.0678606
11.4796688	12.0058206	13.3690306
11.5975638	12.1291175	13.5063306
12.7421275	13.3261394	14.8392681
12.7567412	13.3414238	14.8562888
12.7760188	13.3615888	14.8787413
12.5802575	13.1568519	14.6507594
12.5105587	13.0839588	14.5695906
11.7114088	12.2481806	13.6389106
12.4616306	13.0327888	14.5126081
13.1415375	13.7438581	15.3044156
15.7160581	16.4363775	18.30266
19.7274844	20.6316613	22.9743013
26.9735375	28.2098238	31.4129325
44.3824956	46.4166931	51.6871194
77.6469213	81.2057362	90.4263131
3607.87201186442	3613.91359986442	3629.56678686442
1139.02043351262	1143.29260781262	1154.36142011262
47.6833469	49.8688319	55.5312344
29.3934675	30.7406663	34.2311438
21.0007894	21.963325	24.4571713
16.537845	17.2958288	19.2597006
13.2613606	13.8691738	15.4439606
12.6162956	13.1945419	14.6927269
8.81377325	9.21773756	10.2643743
8.69942425	9.09814763	10.1312039
8.425076	8.81122519	9.811703
8.60017194	8.99434631	10.0156159
8.87383275	9.28055006	10.3343186
8.77539913	9.17760413	10.2196847
8.62151569	9.01666819	10.0404737
8.82592369	9.23044456	10.2785231
8.82355894	9.22797194	10.2757709
9.32386319	9.75120737	10.8584163
10.1839564	10.6507204	11.8600656
11.6854887	12.2210737	13.6087275
14.3746719	15.0335106	16.7405031
21.3406919	22.3188081	24.8530162
32.8453237	34.3507356	38.2511194
46.7969669	48.9418263	54.4989719
1397.92656292573	1400.98819422573	1408.92062982573
56.79446	59.3975375	66.1418844
36.195765	37.8547375	42.1529863
23.2700337	24.3365756	27.0998956
16.6055231	17.3666075	19.3385162
12.638465	13.2177288	14.7185475
10.5386573	11.0216789	12.2731444
9.74488869	10.1915282	11.348735
7.35253688	7.689528	8.56264262
6.9837055	7.303792	8.1331075
6.73818287	7.04701587	7.84717575
6.868324	7.183122	7.998736
6.91580444	7.23277875	8.054031
6.94707594	7.26548331	8.09044931
7.27444831	7.60786044	8.47170181
8.14903831	8.52253556	9.49023512
9.31462144	9.74154175	10.8476538
12.2825575	12.8455075	14.3040631
15.7107675	16.4308444	18.2964987
24.5960706	25.7233894	28.6441756
32.27548	33.7547731	37.5874887
26.1688038	27.3682069	30.4757537
17.988435	18.812905	20.9490319
12.5120544	13.0855225	14.5713306
9.72994462	10.1758996	11.3313313
8.14346612	8.51670794	9.48374569
6.621246	6.92471975	7.71099337
6.09408319	6.37339513	7.09706794
6.02910369	6.30543763	7.02139419
6.19240944	6.47622788	7.21157706
6.52181794	6.82073431	7.59520081
7.71057594	8.06397713	8.97960894
9.93210625	10.3873264	11.5667671
12.7079769	13.2904244	14.7994975
16.2818769	17.02813	18.9616037
13.6654506	14.2917838	15.9145562
10.0324061	10.4922244	11.6835737
7.61110969	7.95995188	8.86377206
6.59236937	6.89451931	7.67736356
6.12658719	6.40738906	7.13492175
6.52659431	6.82572975	7.60076337
7.90917625	8.27167994	9.21089513
8.89858744	9.30643925	10.3631469
8.20327788	8.57926106	9.55340169
6.95340556	7.27210337	8.09782094
