#?RADIANCE
genskyvec -m 1
NROWS=146
NCOLS=1
NCOMP=3
FORMAT=ascii

5.39201319	5.639147	6.27944887
21.1788156	22.1495094	24.6644956
21.7636931	22.7611969	25.3456369
22.6558875	23.69428	26.38467
23.8886869	24.983585	27.8203681
24.9045294	26.0459856	29.0034019
25.1960275	26.3508444	29.3428737
25.599995	26.7733262	29.8133281
24.5784031	25.7049119	28.6235994
24.3845869	25.5022125	28.397885
23.8131444	24.9045781	27.7323919
22.779735	23.8238056	26.5289025
21.75162	22.7485688	25.3315744
20.9403488	21.9001125	24.3867813
20.7074087	21.6564981	24.1155044
21.8727131	22.8752119	25.4725981
25.0116375	26.1580056	29.1281388
28.3744706	29.6749656	33.044435
37.2581387	38.9658031	43.3902106
55.2024519	57.7325619	64.2878581
76.6941513	80.2092938	89.3167288
118.16765	123.58365	137.616075
122.504937	128.119734	142.667209
108.639403	113.618708	126.519631
74.7883406	78.2161375	87.0972575
47.4388469	49.6131269	55.2464912
35.6992244	37.3354369	41.5747225
28.0405219	29.3257137	32.6555263
24.268605	25.380915	28.2628144
21.70977	22.7048	25.2828387
20.9225175	21.8814669	24.3660181
16.0123094	16.7462063	18.6476688
15.1439012	15.8379944	17.6363356
16.9121481	17.6872887	19.6956069
17.1989925	17.9872781	20.02966
17.8212062	18.6380094	20.7542819
17.3524506	18.1477713	20.2083763
18.7662756	19.6263962	21.8548913
19.1477087	20.0253119	22.2991038
18.16001	18.9923437	21.1488462
15.5106912	16.2215975	18.0634931
15.6083269	16.3237081	18.1771981
15.1504	15.8447937	17.643905
15.907555	16.6366506	18.5256744
16.0133981	16.7473444	18.6489369
16.7395025	17.5067275	19.4945462
19.2840063	20.1678556	22.4578319
24.6503119	25.7801162	28.7073425
30.9213875	32.3386156	36.0105338
46.2461875	48.365805	53.8575431
69.1872837	72.358365	80.57436
1022.55934282736	1027.74747082736	1041.18946982736
2143.06435946308	2150.19929746308	2168.68530346308
103.305758	108.04061	120.308168
64.9688038	67.9465375	75.6615894
42.8558519	44.8200762	49.9092119
31.5598469	33.0063369	36.7540738
22.7651988	23.8086013	26.5119706
19.0930162	19.9681113	22.2354094
16.6553856	17.4187575	19.396585
16.0310519	16.7658056	18.6694962
10.5520896	11.0357271	12.2887888
10.0894028	10.5518334	11.7499512
10.3278724	10.8012324	12.0276681
11.5254588	12.0537072	13.4223575
11.7297252	12.2673381	13.6602444
11.8533524	12.3966302	13.8042162
11.64878	12.1826806	13.565975
11.4086357	11.9315309	13.2863081
10.4169422	10.8943839	12.1313981
10.6130658	11.0994984	12.3598006
10.7097596	11.2006242	12.4724081
12.0274956	12.5787556	14.0070212
14.14052	14.7886281	16.467815
17.9457844	18.7682981	20.8993644
27.4209425	28.6777344	31.9339738
45.4165206	47.4981119	52.8913262
77.7606569	81.3246875	90.5587587
1056.24961684649	1061.00605784649	1073.32955884649
53.211815	55.6506869	61.9695963
30.7323831	32.1409494	35.7904238
21.0655369	22.0310381	24.5325712
15.7389506	16.4603187	18.3293212
12.02846	12.5797631	14.0081438
11.1385738	11.6490923	12.9717975
7.81350206	8.1716205	9.09947425
7.73999456	8.09474419	9.01386912
7.59090681	7.93882306	8.840244
7.82962963	8.18848731	9.118256
8.17778306	8.55259781	9.52371044
8.11634038	8.48833913	9.45215606
7.919469	8.28244438	9.22288162
7.97201313	8.33739681	9.28407519
7.71053112	8.06393006	8.97955631
7.85017831	8.20997825	9.14218775
8.14331075	8.51654537	9.48356425
8.77890363	9.18126975	10.2237656
10.2046994	10.6724131	11.8842231
13.7292063	14.3584619	15.9888056
19.1367125	20.0138125	22.2862981
25.0959556	26.2461875	29.2263331
35.1163394	36.7258363	40.8959056
38.46718	40.2302575	44.7982375
31.4522988	32.8938613	36.6288262
21.7350175	22.731205	25.3122413
15.6105619	16.3260456	18.1798019
11.6389012	12.1723481	13.5544694
9.50990588	9.94577656	11.0750798
8.68382631	9.08183481	10.1130399
6.51042994	6.80882456	7.58193856
6.23306738	6.51874937	7.25892669
6.06954525	6.34773256	7.06849144
6.24511338	6.53134744	7.27295525
6.28018181	6.56802325	7.31379525
6.166143	6.44875769	7.18098769
6.26461169	6.55173944	7.29566269
6.60814481	6.911018	7.69573581
7.13749581	7.46463088	8.31220925
8.62218056	9.01736325	10.0412472
10.2134599	10.6815774	11.8944256
14.4799031	15.143565	16.8630544
18.7900481	19.6512587	21.8825787
18.360945	19.2024894	21.3828519
14.4146081	15.0752781	16.7870137
10.7724803	11.2662186	12.54545
8.60146575	8.99569919	10.0171248
7.19677444	7.52662625	8.38124387
5.79155112	6.05699694	6.74474419
5.359214	5.60484456	6.24125175
5.34111844	5.58591962	6.22017806
5.42282263	5.6713685	6.31532912
5.48750456	5.73901512	6.39065688
6.035092	6.31170019	7.02836787
7.16901506	7.49759469	8.34891575
8.62459431	9.01988831	10.0440586
10.8409662	11.3378458	12.62521
10.1502119	10.6154284	11.8207697
8.32379375	8.70530056	9.69375156
6.51046831	6.80886481	7.5819835
5.55199212	5.80645838	6.46575787
5.17859281	5.415945	6.03090344
5.33941556	5.58413856	6.21819481
6.07262469	6.35095306	7.07207769
6.77681012	7.08741381	7.89216056
6.57871481	6.88023887	7.66146175
5.62006706	5.87765344	6.54503687
