#?RADIANCE
genskyvec -m 1
NROWS=146
NCOLS=1
NCOMP=3
FORMAT=ascii

8.43011694	8.81649669	9.81757419
24.0881081	25.1921444	28.05261
23.6862994	24.7719212	27.5846719
24.2390706	25.3500269	28.2284175
25.7699663	26.9510906	30.0112763
28.8700837	30.1932956	33.6216212
34.3673725	35.9425431	40.0236706
42.4383362	44.3834238	49.4229806
58.1363794	60.8009619	67.7046613
80.2937694	83.9738956	93.508795
92.4466456	96.6837881	107.661836
104.879621	109.686591	122.141054
80.4620613	84.1499075	93.7047862
59.3932319	62.1154194	69.1683706
44.9561794	47.0166688	52.3552212
35.0706894	36.6780956	40.8427419
29.596075	30.95256	34.467095
26.3368262	27.5439287	30.67143
24.4587831	25.57981	28.4842931
23.4951206	24.5719806	27.3620269
24.5040519	25.6271544	28.5370112
25.0223394	26.1691963	29.1406
25.6800194	26.8570212	29.9065244
25.8287219	27.0125381	30.0797019
27.6024925	28.8676044	32.1454044
27.5668806	28.8303644	32.1039325
28.4281637	29.7311219	33.1069687
27.6905444	28.9596925	32.2479494
26.66342	27.8854937	31.0517775
25.3327544	26.4938387	29.5021038
24.3139906	25.42838	28.3156694
16.9571806	17.7343837	19.7480512
15.7743513	16.49734	18.3705475
17.78923	18.6045688	20.7170419
18.8630863	19.7276444	21.9676356
22.3509919	23.3754119	26.0295944
26.6697937	27.8921581	31.0591994
35.8483619	37.4914113	41.7484081
52.0021844	54.385615	60.5608788
79.9604225	83.6252712	93.1205781
113.104105	118.288056	131.719163
1330.08668602053	1335.53139302053	1349.63816802053
84.814545	88.7018738	98.7736175
58.0453131	60.70572	67.5986063
38.9843387	40.7711194	45.4005137
28.7900244	30.1095675	33.528385
22.2608319	23.2811188	25.9245925
20.9494687	21.9096525	24.3974031
17.2417219	18.0319669	20.0794244
16.46095	17.2154094	19.1701494
15.617	16.3327781	18.1872969
16.1353656	16.8749013	18.7909788
17.0960975	17.8796694	19.9098325
16.3899737	17.1411787	19.08749
18.5518644	19.4021581	21.605195
19.1917444	20.071365	22.3503888
19.5434919	20.4392344	22.7600262
18.1096081	18.9396312	21.0901487
18.0760175	18.9045013	21.0510288
17.0275088	17.8079344	19.8299531
16.9825594	17.760925	19.777605
10.6114724	11.097829	12.3579419
10.4123834	10.8896175	12.1260888
11.4275881	11.9513513	13.30838
14.7001525	15.3739088	17.1195537
19.4896181	20.3828925	22.6972856
29.711545	31.0733237	34.6015712
49.8910063	52.1776769	58.1022362
1467.556630648	1471.825861948	1482.887050448
2654.33021674201	2659.23720574201	2671.95074974201
60.6225875	63.40112	70.6000563
35.934	37.5809744	41.8481406
22.1018875	23.1148887	25.7394912
15.8173625	16.542325	18.4206375
12.5441912	13.1191344	14.6087562
11.3074618	11.825721	13.1684813
10.8586857	11.3563757	12.6458444
10.3797043	10.8554407	12.0880313
11.3041564	11.8222637	13.1646337
11.0585541	11.5654039	12.8786081
10.5335954	11.0163849	12.2672506
11.2152319	11.7292623	13.0610706
11.2044537	11.7179895	13.0485206
10.2927273	10.7644778	11.9867388
10.6509721	11.1391414	12.4039456
7.47474894	7.81734131	8.70496844
7.99130775	8.35757588	9.30654419
8.81904744	9.22325394	10.2705177
10.4234471	10.9011891	12.1389744
14.5909537	15.259705	16.9923838
19.0747781	19.9490387	22.2141713
30.8764938	32.291665	35.9582525
46.5579956	48.6919006	54.220665
47.747595	49.9360262	55.6060562
35.3561931	36.9766856	41.1752356
22.50083	23.5321187	26.2040925
14.7377344	15.4132113	17.1633213
11.8570088	12.4004544	13.808475
9.56193413	10.0001888	11.1356699
8.402888	8.78801994	9.78586369
7.63672744	7.98674406	8.89360625
7.359725	7.69704537	8.5710135
7.361938	7.69935956	8.5735905
7.60162313	7.95003069	8.85272425
7.58318575	7.93074813	8.83125206
7.65586644	8.00675988	8.91589506
7.69066144	8.04314975	8.95641669
7.43522681	7.77600794	8.65894138
7.629894	7.97959725	8.88564788
5.93076025	6.2025865	6.906865
6.60910338	6.91202056	7.69685219
7.70599025	8.05918106	8.97426769
10.4687647	10.9485843	12.1917506
14.6564919	15.3282469	17.0687056
20.6178044	21.5627881	24.0111519
22.70994	23.7508106	26.4476188
17.2673506	18.0587719	20.1092713
12.5493882	13.1245662	14.6148075
9.10734925	9.52476887	10.6062672
7.13317844	7.46011556	8.30718125
6.38589581	6.6785825	7.43690844
5.95146225	6.22423738	6.93097406
5.67636269	5.93652913	6.61059775
5.51350287	5.76620512	6.420934
5.543358	5.79742856	6.45570269
5.68557206	5.94616069	6.62132281
5.72966613	5.99227563	6.672674
5.30187331	5.54487569	6.17447363
6.00441169	6.27961381	6.99263813
8.11723213	8.48927188	9.453194
11.3191667	11.8379608	13.1821134
11.4066175	11.9294213	13.2839575
9.20303388	9.62483956	10.7177006
7.15787812	7.48594744	8.33594594
5.82031006	6.08707406	6.7782365
5.09819269	5.33185962	5.93727038
4.803978	5.02416012	5.59463294
4.81977106	5.04067681	5.61302525
4.83396938	5.05552631	5.6295605
5.01181331	5.24152112	5.83667444
5.94076606	6.21305106	6.91851731
6.67451519	6.98043031	7.7730295
6.11054488	6.39061131	7.11623919
4.85844375	5.08112244	5.65806288
4.62373388	4.83565488	5.38472369
5.24371962	5.48405669	6.10674875
