#?RADIANCE
genskyvec -m 1
NROWS=146
NCOLS=1
NCOMP=3
FORMAT=ascii

1.00610082	1.05221377	1.17168819
12.0726433	12.6259738	14.0596006
11.4129843	11.9360785	13.291371
11.092991	11.6014201	12.9187144
11.0284743	11.5339453	12.8435789
11.3135907	11.8321305	13.1756187
11.0379885	11.5438951	12.8546575
11.0809108	11.5887863	12.9046444
11.0134202	11.5182009	12.8260448
11.5991817	12.1308094	13.5082137
10.9126372	11.4127982	12.7086744
11.6381257	12.171539	13.553568
11.2783201	11.7952424	13.1345438
11.3404999	11.8602726	13.2069563
11.5282404	12.0566177	13.4255975
11.6284714	12.1614431	13.5423244
12.7671194	13.3522775	14.8683744
12.9258526	13.5182875	15.0532319
15.9129025	16.6422431	18.5319019
21.4932925	22.4783994	25.0307288
29.5106925	30.863265	34.3676631
50.6106213	52.930275	58.94029
232.190096908968	235.769640108968	245.043901908968
343.399315829067	347.835791929067	359.330359929067
59.6496044	62.38354	69.4669394
32.84299	34.3482944	38.2484038
22.4770031	23.5071994	26.1763438
16.6531256	17.4163925	19.3939519
14.51175	15.1768725	16.9001437
12.7851011	13.3710844	14.8893162
12.2855202	12.8486056	14.3075112
10.8822209	11.38099	12.6732556
10.1364349	10.6010196	11.8047244
10.4997894	10.9810287	12.22788
10.2543248	10.7243143	11.9420162
10.1119776	10.5754427	11.7762412
9.76758931	10.2152714	11.3751725
10.1824707	10.6491658	11.8583362
10.3820017	10.8578427	12.0907056
10.2761054	10.7470941	11.9673831
9.55322313	9.99107769	11.1255263
9.89551425	10.3490576	11.5241519
9.99384756	10.4518991	11.63867
10.5695791	11.0540169	12.3091563
10.5756043	11.06032	12.3161731
10.7244514	11.2159881	12.4895175
11.3238219	11.8428275	13.1875337
12.9583787	13.5523062	15.0911125
14.2523875	14.9056237	16.5980944
18.5129931	19.3615044	21.5599244
24.5838344	25.7105913	28.6299238
36.863545	38.5531212	42.9306712
58.54777	61.2312075	68.1837575
190.948176873419	193.626654973419	200.566354373419
46.2607481	48.3810306	53.8744994
30.3657744	31.7575381	35.363475
21.8967644	22.9003656	25.5006075
15.6423806	16.359325	18.2168581
13.1576669	13.7607281	15.3232019
11.6524918	12.1865631	13.5702981
11.1877211	11.7004913	13.029035
7.70488444	8.05802462	8.9729805
7.25248725	7.58489262	8.44612625
7.13003162	7.4568245	8.30351637
7.48465437	7.82770094	8.71650419
7.40006981	7.73923956	8.61799856
7.41816662	7.75816563	8.6390735
7.41223631	7.75196356	8.63216725
7.51187912	7.85617344	8.74820975
7.18050194	7.50960806	8.36229319
7.50506463	7.84904631	8.74027363
7.56152325	7.90809281	8.80602444
7.98853331	8.354674	9.30331306
8.38739087	8.77181294	9.76781588
9.10440869	9.52169363	10.6028432
11.4529374	11.9778636	13.3378994
15.6371363	16.3538375	18.2107488
21.9603056	22.96682	25.5746081
31.2324413	32.6639294	36.3727819
26.4197575	27.6306613	30.76801
17.7995825	18.6153962	20.7290975
13.6201819	14.2444406	15.8618381
10.7064504	11.1971627	12.468555
8.53676363	8.92803137	9.94177262
8.14443281	8.51771881	9.48487063
5.66338594	5.92295756	6.59548512
5.593427	5.84979213	6.514012
5.35971069	5.60536413	6.24183012
5.41444981	5.66261188	6.30557831
5.51224706	5.7648915	6.4194715
5.45146719	5.70132606	6.34868825
5.38728006	5.63419687	6.27393675
5.50687369	5.75927181	6.41321356
5.44482069	5.694375	6.34094794
5.57026325	5.82556681	6.487036
5.612709	5.86995794	6.53646775
5.61084212	5.86800544	6.53429337
5.99624981	6.27107787	6.98313312
6.83055956	7.14362675	7.95475631
7.99869825	8.365305	9.31515137
9.11628994	9.53412019	10.6166805
11.3504626	11.8706923	13.2185594
13.0742132	13.6734488	15.2260112
13.3667722	13.9794156	15.5667231
11.1595215	11.6709987	12.9961929
9.11566537	9.53346681	10.6159541
7.48861388	7.83184181	8.72111531
6.48805394	6.78542281	7.55587975
6.19945419	6.48359587	7.21978175
4.49206363	4.69794962	5.23138269
4.37606619	4.57663562	5.096294
4.231618	4.42556706	4.92807181
4.3160375	4.51385581	5.02638569
4.32246431	4.52057719	5.03387
4.27093513	4.46668612	4.97386013
4.34361644	4.54269888	5.05850388
4.45489312	4.65907556	5.18809444
4.52383425	4.7311765	5.26838219
4.83648406	5.05815619	5.63248887
5.00495513	5.23434875	5.82868756
6.0015665	6.27663819	6.98932463
7.03694512	7.35947144	8.19510925
7.37714387	7.71526269	8.59129906
6.68001069	6.98617756	7.77942969
5.84600444	6.11394619	6.80815975
5.27597494	5.51779019	6.14431269
4.77157994	4.99027731	5.55690275
3.80786325	3.98239	4.43457425
3.58469769	3.74899638	4.17467931
3.61542794	3.78113481	4.21046738
3.67114294	3.8394035	4.27535206
3.62482112	3.79095881	4.22140656
3.71368719	3.88389775	4.32489831
3.95409125	4.13532044	4.60486906
4.21406875	4.40721325	4.90763438
4.76241669	4.98069394	5.5462315
4.74584075	4.96335825	5.52692719
4.51362781	4.72050225	5.25649606
3.94043813	4.12104156	4.58896875
3.37666337	3.53142694	3.93240587
3.24975856	3.39870556	3.78461475
3.27191106	3.42187375	3.81041331
3.43677056	3.59428919	4.002406
3.56201888	3.725278	4.14826794
3.60566875	3.77092837	4.19910181
3.26652569	3.41624131	3.8041415
