#?RADIANCE
genskyvec -m 1
NROWS=146
NCOLS=1
NCOMP=3
FORMAT=ascii

4.292023	4.48874069	4.99841869
16.1156825	16.8543169	18.7680575
15.7076944	16.4276294	18.2929181
15.6712525	16.3895181	18.2504794
15.827935	16.5533825	18.4329506
16.0311088	16.7658675	18.6695631
15.8660912	16.5932862	18.4773856
16.0123106	16.7462075	18.6476694
15.6701888	16.388405	18.2492431
15.9781219	16.7104519	18.6078556
15.9115813	16.6408594	18.5303613
16.0305819	16.7653144	18.6689475
15.8897813	16.6180625	18.5049744
15.8341494	16.5598806	18.4401869
15.9219869	16.651745	18.5424825
16.6256638	17.3876737	19.3619725
18.5526956	19.4030275	21.6061625
20.3964056	21.33124	23.7533138
26.2046069	27.4056525	30.5174494
38.6430463	40.4141838	45.00305
54.9224781	57.439755	63.961805
90.407925	94.55162	105.287571
102.976466	107.696221	119.924684
94.7353156	99.0773406	110.32717
62.4960156	65.3604144	72.7818219
37.9400906	39.6790112	44.1843975
27.747635	29.0194025	32.3144362
21.63969	22.6315088	25.2012231
18.8937288	19.7596912	22.0033237
16.96839	17.7461069	19.7611044
16.2482113	16.9929187	18.9223963
13.1004156	13.7008506	15.2565269
12.2600244	12.8219394	14.2778206
12.9309837	13.5236544	15.0592088
12.7309481	13.31445	14.8262506
12.7446975	13.3288287	14.8422625
12.3667825	12.9335931	14.40215
13.0182206	13.61489	15.1608044
13.279795	13.88845	15.4654269
13.0212244	13.6180287	15.1642994
11.9050194	12.4506675	13.86439
12.2531531	12.8147562	14.26982
12.2839588	12.8469725	14.3056931
12.9938025	13.5893544	15.1323681
13.1811663	13.7853025	15.3505675
13.6337656	14.258645	15.8776562
15.1580063	15.8527494	17.6527631
18.4853556	19.3326006	21.52774
22.7530425	23.7958906	26.4978156
33.4327219	34.9650537	38.9351931
49.9879181	52.2790288	58.2150988
82.54126	86.3243994	96.1261706
2245.0527557336	2250.9539987336	2266.2436047336
538.30653142673	542.53305142673	553.48356342673
56.230115	58.8073263	65.4846575
35.9257194	37.5723138	41.8384969
25.885855	27.07229	30.1462381
18.7270406	19.5853625	21.8091981
15.7835231	16.506935	18.3812294
13.9623106	14.6022481	16.2602756
13.3786281	13.9918144	15.5805269
9.68993737	10.1340589	11.2847412
9.252518	9.67659144	10.7753275
9.17444662	9.5949425	10.6844081
9.61067625	10.051166	11.1924323
9.59452138	10.0342697	11.1736192
9.63925925	10.0810589	11.2257229
9.61764912	10.0584577	11.2005544
9.66401412	10.1069479	11.2545491
9.2904655	9.71627806	10.8195211
9.60862563	10.0490214	11.1900462
9.77732819	10.2254561	11.386515
10.6479754	11.1360075	12.4004562
12.0198937	12.5708056	13.9981687
14.6510594	15.3225656	17.0623806
21.3591181	22.3380775	24.8744737
34.2440063	35.8135206	39.8800012
57.0120944	59.6251463	66.3953369
453.826081573793	457.467068473793	466.900579073793
46.8203587	48.9662919	54.5262131
27.5316294	28.7934969	32.0628806
18.7094706	19.5669875	21.7887388
14.0368413	14.6801956	16.3470719
11.0784225	11.5861844	12.9017462
10.2831176	10.7544274	11.9755494
8.01045469	8.37760019	9.32884269
7.84605431	8.20566481	9.13738462
7.62707019	7.97664425	8.88235925
7.679351	8.03132075	8.94324444
7.79127819	8.14837806	9.07359313
7.74862225	8.10376738	9.02391675
7.68940987	8.04184094	8.95495919
7.79210356	8.14924131	9.07455438
7.75191144	8.10720731	9.0277475
7.92077281	8.28380788	9.22440038
8.168178	8.54255275	9.51252481
8.63401356	9.02973887	10.0550284
9.61668363	10.0574491	11.19943
12.166185	12.7238	14.1685369
16.2555594	17.0006056	18.9309544
21.0006213	21.9631487	24.4569725
28.9072275	30.2321419	33.6648781
32.5802763	34.0735369	37.9424469
28.3085013	29.6059738	32.9676094
20.2954225	21.2256269	23.6357119
14.81506	15.4940837	17.2533731
11.2468622	11.7623406	13.0979075
9.45306944	9.886335	11.0088876
8.71862275	9.11822613	10.1535631
7.22737256	7.55862694	8.41687794
6.92895344	7.24653013	8.069344
6.75118819	7.06061731	7.86232156
6.79417844	7.10557794	7.91238731
6.80585831	7.11779337	7.92598937
6.78903575	7.10019981	7.90639837
6.90215694	7.21850538	8.03813719
7.19564188	7.52544181	8.37992512
7.60199775	7.95042244	8.85316025
8.71501238	9.11445019	10.1493589
10.0547869	10.5156314	11.7096387
13.4897375	14.1080163	15.7099237
17.21704	18.0061544	20.0506794
17.4499681	18.2497569	20.3219406
14.301215	14.9566862	16.6549556
11.0639014	11.5709947	12.884835
9.06027988	9.47554281	10.5514522
7.82706725	8.18580744	9.1152725
6.78594313	7.09696525	7.90279681
6.41536031	6.70939744	7.47122219
6.33593288	6.62632962	7.37872231
6.38164794	6.67414	7.43196119
6.47476494	6.77152481	7.54040369
6.92543119	7.24284656	8.06524219
7.83002106	8.18889681	9.11871244
9.10087981	9.51800388	10.5987343
11.1160866	11.6255725	12.94561
10.6915732	11.1816057	12.4512306
9.07046919	9.4861985	10.5633181
7.46304738	7.8051035	8.69134119
6.70146331	7.00861337	7.80441281
6.36236881	6.65397731	7.40950906
6.48539269	6.78263981	7.55278075
7.09295119	7.41804469	8.26033313
7.78105669	8.13768806	9.06168925
7.62558606	7.97509187	8.88063075
6.77949469	7.09022119	7.89528681
