#?RADIANCE
genskyvec -m 1
NROWS=146
NCOLS=1
NCOMP=3
FORMAT=ascii

13.1627169	13.7660075	15.3290813
24.5107512	25.6341594	28.5448119
23.6717319	24.756685	27.5677062
23.9049925	25.0006381	27.8393581
24.5957913	25.7230981	28.6438494
25.66705	26.8434569	29.8914206
29.1760956	30.5133325	33.9779962
33.7066313	35.2515169	39.2541838
41.8284381	43.7455737	48.7127056
52.6275687	55.0396644	61.2891931
64.5581594	67.5170731	75.1833606
74.3524881	77.7603094	86.5896725
68.3336481	71.4656069	79.5802319
56.1503338	58.72389	65.3917462
44.7987069	46.8519788	52.1718288
36.4373263	38.1073675	42.4343044
30.2529338	31.6395256	35.2320631
27.6560512	28.9236188	32.2077769
24.3648819	25.4816037	28.3749369
22.9961094	24.0500994	26.7808881
24.4540812	25.5748913	28.4788169
24.1287912	25.2346925	28.0999888
25.8242456	27.0078569	30.0744894
25.7929369	26.9751125	30.0380256
28.3960344	29.6975169	33.0695475
29.8063363	31.1724587	34.711965
30.7113281	32.1189294	35.7659019
30.6928069	32.0995581	35.7443325
28.3829344	29.6838162	33.0542931
27.1737444	28.4192075	31.6460931
25.2751513	26.4335938	29.4350206
15.6384681	16.3552294	18.2123006
14.261365	14.9150112	16.6085488
15.6652806	16.3832719	18.2435269
16.11625	16.8549125	18.7687181
18.3471575	19.1880694	21.366795
20.9439325	21.9038619	24.3909563
26.4275238	27.6387856	30.7770556
35.3319594	36.9513387	41.1470119
49.9844856	52.2754375	58.2111013
68.8884294	72.0458138	80.2263212
83.4099244	87.2328769	97.13782
75.59664	79.0614856	88.0385931
56.1941263	58.7696888	65.442745
39.4704269	41.279485	45.9666019
29.3319912	30.6763731	34.1595494
22.2790187	23.3001406	25.9457756
20.2084469	21.1346675	23.5344219
16.4335556	17.1867594	19.1382444
15.2387725	15.9372156	17.7468219
14.2868844	14.9416988	16.6382675
14.6513844	15.3229069	17.0627606
15.5393112	16.2515294	18.0968244
15.1461056	15.8403006	17.6389038
17.3648519	18.16074	20.2228162
18.1652913	18.9978656	21.1549969
18.702475	19.5596725	21.7805919
17.4616287	18.2619525	20.3355225
17.4307469	18.2296544	20.2995575
16.2829269	17.0292275	18.9628269
15.9761513	16.7083912	18.6055588
10.45165	10.9306846	12.1718187
10.2670601	10.7376329	11.9568488
11.0457944	11.55206	12.8637494
13.4364363	14.0522725	15.6478513
16.9658325	17.7434319	19.7581256
24.1259544	25.231725	28.0966856
38.1551663	39.9039438	44.4348725
67.804475	70.9121781	78.963965
2739.05499341079	2743.98098741079	2756.74381341079
79.8933869	83.5551581	93.0425131
45.5685856	47.6571444	53.0684187
26.1363119	27.3342244	30.4379144
17.9598606	18.7830213	20.9157575
13.852015	14.4869006	16.1318275
11.8196575	12.3613906	13.7649762
10.9192971	11.419765	12.7164325
10.3234642	10.7966214	12.0225331
10.9846607	11.488125	12.7925544
10.9551757	11.4572865	12.7582144
10.6865904	11.1763933	12.4454256
11.3396519	11.8593844	13.2059681
11.3496071	11.8697975	13.2175637
10.5241645	11.006522	12.2562662
10.6833267	11.1729786	12.4416244
8.37486769	8.75871569	9.75323187
8.84351738	9.24884494	10.2990139
9.76293531	10.2104026	11.3697513
11.2491556	11.7647425	13.1005806
15.1190481	15.812005	17.6073931
19.4727925	20.365295	22.6776906
32.4258056	33.9119869	37.7625538
54.7150006	57.22277	63.7201806
2852.81749555605	2856.53789555605	2866.17712865605
1683.87741880378	1686.67093500378	1693.90869560378
35.4254644	37.0491312	41.2559081
21.5610881	22.5493031	25.1096825
16.2384025	16.9826625	18.9109737
12.1424075	12.6989338	14.1408456
10.1504798	10.6157107	11.8210812
9.05482169	9.46983425	10.5450954
8.46689481	8.85496075	9.86040537
8.29796706	8.67829037	9.66367431
8.426856	8.81308681	9.81377644
8.44374937	8.83075406	9.83344894
8.53181725	8.92285825	9.93601244
8.56270444	8.95516144	9.97198363
8.34529987	8.72779256	9.71879831
8.44058525	8.82744512	9.82976512
7.58912125	7.93695569	8.83816444
8.41462113	8.80029106	9.79952881
9.91730613	10.3718484	11.54953
13.1867038	13.7910944	15.3570162
18.7641737	19.6241969	21.8524437
30.64585	32.0504513	35.6896494
38.960005	40.7456694	45.372175
30.7459369	32.1551237	35.8062075
21.0538475	22.0188137	24.5189625
14.039075	14.6825313	16.3496719
10.6404172	11.1281013	12.3916531
8.83185456	9.23664744	10.2854311
7.83148437	8.19042719	9.12041675
7.32478081	7.66049981	8.53031794
7.13426538	7.46125244	8.30844687
7.11064031	7.43654444	8.28093338
7.20414406	7.53433363	8.38982631
7.29038981	7.62453237	8.49026688
7.62790762	7.97751975	8.88333431
8.95239812	9.362716	10.4258134
12.1339531	12.6900912	14.1309994
17.9629625	18.786265	20.9193681
19.9955094	20.91197	23.2864369
16.5318881	17.2896006	19.2527625
12.1509956	12.7079163	14.1508481
9.38077913	9.81073113	10.9246983
7.70444706	8.05756744	8.97247119
7.0850935	7.40982681	8.25118244
6.86269069	7.17723069	7.99217569
7.05353056	7.37681706	8.21442444
8.12547925	8.49789662	9.46279819
10.0276934	10.4872963	11.6780856
11.8451619	12.3880631	13.7946787
10.8319426	11.3284069	12.6147
8.19602956	8.57168069	9.54496025
7.48236687	7.82530844	8.71384019
9.08351581	9.49984381	10.5785106
