#?RADIANCE
genskyvec -m 1
NROWS=146
NCOLS=1
NCOMP=3
FORMAT=ascii

2.48926556	2.60335681	2.89895725
14.6557919	15.3275162	17.0678906
14.241165	14.893885	16.5850256
14.2351456	14.8875906	16.578015
14.4008094	15.0608475	16.7709438
14.5854812	15.2539819	16.9860087
14.4562075	15.1187838	16.8354581
14.5941731	15.2630719	16.99613
14.2511287	14.9043031	16.5966256
14.5275575	15.1934037	16.9185506
14.5586538	15.2259256	16.9547656
14.5756219	15.2436706	16.9745269
14.4606581	15.1234369	16.8406413
14.3073944	14.9631506	16.662155
14.2417425	14.8944887	16.5856963
14.7718106	15.4488506	17.2030044
16.1928806	16.9350537	18.85796
17.6915169	18.5023775	20.6032463
22.0474319	23.0579381	25.6760731
31.8480775	33.30778	37.0897406
46.7855694	48.9299063	54.4856969
80.623075	84.3182975	93.8922988
580.798777626256	585.974152626256	599.383087626256
113.926436	119.148063	132.676832
70.9994888	74.2536294	82.6848269
40.4777787	42.3330106	47.1397506
28.0387181	29.323825	32.6534244
21.0158963	21.9791237	24.474765
17.724495	18.5368663	20.6416506
15.651765	16.3691375	18.227785
14.8177025	15.4968469	17.2564512
11.6036694	12.1355044	13.5134413
10.812067	11.3076199	12.5915531
11.4521757	11.9770648	13.3370131
11.2706087	11.7871797	13.1255637
11.3053801	11.8235419	13.1660569
10.9658563	11.4684562	12.7706519
11.5900815	12.1212944	13.4976169
11.8424941	12.385275	13.7915706
11.5963169	12.1278156	13.5048806
10.5334242	11.0162047	12.26705
10.8336619	11.3302022	12.6167013
10.8155105	11.3112196	12.5955619
11.4015243	11.9240953	13.2780256
11.4532339	11.9781737	13.3382456
11.6763375	12.2115012	13.5980687
12.6777381	13.2588012	14.7642837
15.1905994	15.8868338	17.6907194
17.8644656	18.6832531	20.80466
25.1855606	26.3398987	29.330685
36.1101331	37.7651794	42.0532606
58.5001325	61.1813875	68.1282806
789.310790858056	793.907507858056	805.817201858056
608.024252123995	611.946221423995	622.107698923995
55.8150075	58.3731925	65.0012306
34.8822606	36.4810294	40.6233006
24.604365	25.7320656	28.6538363
17.2314675	18.0212431	20.0674794
14.2808613	14.9353994	16.6312537
12.4699175	13.0414537	14.5222587
11.880765	12.4252994	13.8361425
8.46453012	8.85248756	9.85765156
8.07846181	8.44872456	9.40804231
8.02197963	8.3896535	9.34226487
8.42951662	8.81586888	9.81687363
8.42994381	8.816316	9.81737312
8.47940094	8.86803994	9.87496969
8.46034275	8.84810831	9.852774
8.48845344	8.87750712	9.88551162
8.12455181	8.49692706	9.4617185
8.34973725	8.73243344	9.72396519
8.41039069	8.79586656	9.79460106
8.97342556	9.3847075	10.450302
9.80977869	10.2593927	11.4243056
11.413849	11.9369844	13.2923794
15.6658313	16.3838475	18.2441662
23.59044	24.6716688	27.4730356
36.7467069	38.4309306	42.7946044
52.8363412	55.2580044	61.5323244
38.3746025	40.1334387	44.690425
23.6362419	24.7195681	27.5263731
16.5418819	17.3000531	19.2644025
12.4027256	12.971185	14.4440094
9.70220587	10.1468904	11.2990275
8.99911413	9.41157387	10.4802194
6.95449681	7.27324431	8.09909144
6.827352	7.14027213	7.95102087
6.65020663	6.95500762	7.74472031
6.70807069	7.01552375	7.81210769
6.81987275	7.13245019	7.9423105
6.78605125	7.09707844	7.90292263
6.72912812	7.03754631	7.83663088
6.80454269	7.11641744	7.92445744
6.7333255	7.04193581	7.84151906
6.831244	7.14434231	7.95555306
6.94956863	7.26809031	8.09335219
7.18325331	7.51248563	8.36549775
7.80652025	8.16431881	9.09134381
9.38383488	9.81392637	10.928259
11.8471785	12.3901731	13.7970262
14.6097044	15.2793156	17.0142213
19.3867238	20.2752819	22.5774562
22.4190669	23.446605	26.1088719
21.3481662	22.3266244	24.86172
16.4293825	17.1823962	19.1333856
12.4752431	13.047025	14.5284612
9.65039275	10.0927021	11.2386852
8.15832113	8.53224388	9.50104475
7.55744963	7.9038325	8.8012805
6.23018188	6.51573169	7.25556638
6.00804287	6.28341137	6.99686706
5.87170431	6.14082381	6.83808925
5.92443112	6.19596744	6.89949419
5.93552531	6.20757006	6.91241419
5.899902	6.170314	6.87092769
5.96434538	6.23771081	6.94597731
6.12737387	6.40821169	7.13583806
6.35259856	6.64375925	7.39813087
7.02342869	7.3453355	8.17936831
7.79071588	8.14778988	9.07293794
9.88201869	10.3349464	11.5084361
12.2165238	12.7764487	14.2271625
12.8026794	13.3894687	14.9097881
11.0901564	11.5984535	12.9154125
9.03904375	9.45333306	10.52672
7.64009888	7.99026994	8.89753231
6.69618319	7.00309137	7.79826369
5.81307087	6.07950312	6.76980594
5.52889	5.78229738	6.43885356
5.485914	5.7373515	6.38880425
5.51947238	5.77244794	6.42788575
5.54671781	5.80094231	6.45961556
5.80092544	6.066801	6.75566162
6.34768325	6.6386185	7.3924065
7.119908	7.44623681	8.29172637
8.42144106	8.80742362	9.80747037
8.31804881	8.69929256	9.68706081
7.40986519	7.74948381	8.629406
6.2775405	6.56526087	7.31071937
5.65863119	5.91798494	6.58994806
5.41524681	5.66344544	6.30650656
5.47684775	5.72786956	6.37824569
5.84786619	6.11589325	6.81032775
6.30161369	6.59043763	7.33875481
6.26153831	6.54852519	7.2920835
5.65919306	5.91857275	6.59060225
