#?RADIANCE
genskyvec -m 1
NROWS=146
NCOLS=1
NCOMP=3
FORMAT=ascii

5.22078387	5.46006963	6.08003794
17.3278725	18.1220662	20.1797531
16.9087719	17.6837562	19.6916756
16.8596881	17.6324237	19.6345137
17.0176781	17.7976537	19.818505
17.23151	18.0212869	20.0675313
17.0482188	17.8295938	19.8540719
17.2008306	17.9892019	20.0318031
16.84807	17.6202725	19.6209825
17.1767756	17.9640438	20.0037863
17.0795656	17.8623781	19.8905763
17.2405363	18.0307244	20.07804
17.0949425	17.8784606	19.9084869
17.0832544	17.8662363	19.8948725
17.2457856	18.0362169	20.084155
18.0623138	18.8901694	21.0350713
20.2943731	21.2245325	23.6344906
22.3555912	23.3802219	26.0349506
29.00836	30.3379087	33.7826544
42.9121281	44.8789319	49.9747506
59.7929819	62.5334919	69.6339144
95.3218244	99.6907431	111.010206
101.612003	106.26922	118.335661
91.7391237	95.9438369	106.837855
61.7142275	64.5427938	71.8713631
38.4179512	40.1787725	44.7409081
28.6949544	30.01014	33.4176662
22.728045	23.7697437	26.4687031
20.0874681	21.0081431	23.3935331
18.1566744	18.988855	21.1449619
17.4543081	18.2542969	20.3269956
14.2123725	14.8637738	16.5514956
13.3224687	13.9330806	15.5151237
14.0288963	14.6718881	16.33782
13.81363	14.446755	16.0871263
13.8186419	14.451995	16.0929606
13.4118094	14.0265175	15.6191706
14.0973013	14.7434269	16.4174831
14.3727313	15.0314813	16.7382437
14.1021175	14.7484644	16.4230919
12.9280094	13.5205425	15.0557456
13.3119369	13.9220675	15.5028613
13.369905	13.9826919	15.5703694
14.1645538	14.8137613	16.4958044
14.43025	15.0916362	16.8052294
15.01705	15.70533	17.4886063
16.859535	17.6322619	19.6343331
20.6953	21.6438344	24.1014025
25.9042725	27.0915494	30.1676856
38.5370094	40.3032894	44.8795625
58.2397544	60.9090756	67.8250506
780.755816556708	785.143386356708	796.511192356708
2154.97416610781	2161.34528410781	2177.85232810781
94.3298156	98.6532625	109.85494
57.6509006	60.2932313	67.13928
37.3776512	39.0907925	43.5293906
27.2474525	28.4962938	31.7319294
19.9936756	20.9100519	23.2843019
16.976995	17.7551069	19.771125
15.0976937	15.78967	17.5825212
14.4996163	15.1641794	16.8860112
10.5700616	11.0545219	12.3097188
10.0959669	10.5586991	11.7575956
10.0057962	10.4643952	11.6525844
10.4688878	10.9487112	12.1918931
10.4453847	10.92413	12.1645194
10.4905428	10.9713581	12.2171125
10.4687901	10.9486086	12.1917781
10.5273715	11.0098752	12.2600031
10.140957	10.6057498	11.8099888
10.5176688	10.9997298	12.2487025
10.7507457	11.2434887	12.5201412
11.8136244	12.3550812	13.7579494
13.5202112	14.1398894	15.7454156
16.7947131	17.56447	19.5588431
25.0361969	26.1836888	29.1567388
41.0186437	42.8986631	47.7696313
70.0489775	73.2595531	81.5778738
787.139890287378	791.462002187378	802.660219887378
51.1193437	53.4623137	59.5327381
29.8793713	31.2488406	34.7970194
20.2004444	21.1262969	23.5251031
15.2066838	15.903655	17.7094513
12.0621862	12.6150356	14.0474212
11.2065587	11.7201919	13.0509713
8.76218375	9.16378394	10.2042933
8.57592	8.96898262	9.9873735
8.33139094	8.71324581	9.7025995
8.38293475	8.76715244	9.76262656
8.49912269	8.88866556	9.89793675
8.45200763	8.839391	9.8430675
8.39191331	8.77654244	9.77308369
8.51280519	8.90297487	9.91387163
8.49000875	8.87913388	9.88732344
8.70279938	9.10167756	10.1351363
9.03005719	9.44393437	10.5162545
9.64206494	10.083993	11.2289888
10.8548097	11.3523219	12.6413313
14.0288019	14.6717875	16.3377094
19.1677975	20.0463213	22.3224988
25.2047025	26.3599169	29.3529794
35.1022531	36.7111056	40.8795006
38.8636756	40.6449256	45.2599906
32.349265	33.83194	37.6734181
22.604765	23.6408163	26.325135
16.3100313	17.0575744	18.9943919
12.328085	12.8931194	14.3570819
10.3530509	10.8275655	12.0569919
9.53837987	9.97555519	11.10824
7.93156562	8.29509538	9.23696987
7.58832163	7.93611938	8.83723331
7.38635594	7.72489706	8.60202756
7.42657769	7.76696219	8.64886913
7.44038919	7.78140675	8.66495375
7.43558763	7.77638525	8.65936213
7.57951694	7.92691125	8.8269795
7.95511944	8.31972881	9.26439981
8.47665506	8.86516825	9.87177181
9.87465469	10.3272418	11.4998594
11.5845238	12.1154813	13.4911456
15.8897731	16.6180544	18.5049644
20.48781	21.4268331	23.8597619
20.3773687	21.3113313	23.7311456
16.3079588	17.0554069	18.9919781
12.3694813	12.9364162	14.4052925
10.0151017	10.4741261	11.66342
8.61153269	9.00622762	10.0288474
7.47067256	7.81307825	8.70022113
7.048509	7.37156556	8.20857688
6.949623	7.26814706	8.09341556
7.00510756	7.32617475	8.15803181
7.13963675	7.46686988	8.31470225
7.71554544	8.06917444	8.98539613
8.85053744	9.25618638	10.3071889
10.4400295	10.9185299	12.1582837
12.8965919	13.487685	15.0191575
12.2377963	12.7986944	14.2519362
10.166718	10.6326927	11.8399894
8.27478056	8.65404106	9.63667181
7.42834875	7.76881469	8.65093169
7.03257225	7.35489831	8.1900165
7.19647762	7.52631587	8.3808985
7.95543006	8.32005362	9.26476169
8.78507619	9.18772556	10.2309536
8.55047712	8.94237406	9.95774281
7.557602	7.90399194	8.80145794
