#?RADIANCE
genskyvec -m 1
NROWS=146
NCOLS=1
NCOMP=3
FORMAT=ascii

26.5951281	27.8140706	30.9722444
29.3911894	30.7382838	34.22849
29.9435719	31.3159856	34.8717881
29.9922369	31.3668787	34.9284606
28.9866613	30.3152144	33.7573856
25.7315294	26.9108894	29.9665112
24.6626606	25.7930306	28.7217238
24.1223206	25.2279262	28.0924544
23.2978231	24.3656394	27.1322575
22.6529675	23.6912262	26.3812669
27.6582981	28.9259694	32.2103956
27.5625106	28.8257931	32.0988444
31.779785	33.2363575	37.0102094
34.1311544	35.6954963	39.7485744
35.4584837	37.0836631	41.2943613
37.7439288	39.4738569	43.9559525
37.7703	39.5014356	43.9866625
38.0452512	39.78899	44.3068694
35.1044669	36.7134213	40.8820787
31.9515475	33.4159919	37.2102406
31.0572462	32.4807013	36.1687525
27.1573944	28.4021069	31.6270506
26.2863706	27.4911606	30.6126687
23.8297563	24.9219525	27.7517375
24.0562181	25.1587944	28.0154737
25.40326	26.567575	29.584215
26.3004631	27.5059019	30.6290837
28.3658838	29.6659856	33.0344363
27.58661	28.8509963	32.1269088
28.9523187	30.2792981	33.7173875
28.9219581	30.2475481	33.6820325
16.3343556	17.0830113	19.0227181
14.6842981	15.3573287	17.10109
16.0209537	16.7552487	18.6577375
14.96017	15.6458413	17.4223662
14.5101838	15.1752344	16.8983187
13.7014444	14.3294269	15.9564744
14.8125888	15.4914994	17.2504956
15.7426937	16.4642319	18.3336788
16.6813063	17.4458669	19.4267731
16.9347075	17.7108831	19.7218794
19.5566869	20.453035	22.7753919
22.0916456	23.1041781	25.7275625
25.6803469	26.8573612	29.906905
28.7268075	30.04345	33.4547613
30.6171725	32.0204594	35.6562519
31.4156469	32.8555288	36.5861406
31.0707538	32.4948294	36.1844831
27.7020312	28.9717075	32.2613269
24.4290888	25.5487544	28.4497106
21.3040475	22.2804806	24.8103381
19.2043719	20.0845713	22.3650913
17.4115056	18.2095331	20.2771512
15.0830369	15.774345	17.5654563
15.1058619	15.7982137	17.5920356
14.8163175	15.4953975	17.2548362
15.0477462	15.7374337	17.5243544
14.5128362	15.1780056	16.9014069
15.3529013	16.0565756	17.8797344
15.2648131	15.9644481	17.7771462
15.89587	16.6244294	18.512065
9.9219295	10.3766838	11.5549138
9.49220275	9.92726162	11.0544619
9.48442781	9.91913138	11.0454087
10.1052129	10.5683692	11.7683644
10.3849064	10.8608815	12.0940906
11.1832206	11.6957869	13.0237931
12.4649675	13.0362794	14.516495
14.4765087	15.140015	16.8591025
16.4628112	17.2173563	19.1723156
20.5917888	21.5355769	23.9808537
25.6505869	26.8262381	29.8722481
32.4571819	33.9448019	37.799095
34.8232794	36.419345	40.5546119
31.357535	32.7947556	36.518465
24.3709556	25.4879562	28.3820106
19.5327669	20.4280181	22.7475362
15.58611	16.3004731	18.1513244
13.90545	14.542785	16.1940594
11.8032875	12.3442719	13.7459119
10.5521803	11.0358219	12.2888944
10.184513	10.6513035	11.8607144
9.98791062	10.4456887	11.6317544
9.56347781	10.0018044	11.1374681
9.970328	10.4273004	11.6112762
7.89626513	8.25817687	9.195859
7.99090719	8.35715675	9.30607762
8.08517331	8.4557435	9.4158585
8.40500869	8.79023813	9.78833325
9.1830425	9.60393156	10.6944194
9.86435575	10.3164719	11.4878638
11.4333294	11.9573575	13.3150675
13.55226	14.1734056	15.7827369
16.9455606	17.7222306	19.7345175
22.0190181	23.0282213	25.6429825
33.4430881	34.9758975	38.9472669
57.5660594	60.2045031	67.0404762
63.2458731	66.14464	73.6550931
42.9411031	44.9092356	50.0084956
27.9420325	29.22271	32.5408275
20.5309263	21.4719256	23.9099756
15.5825081	16.296705	18.1471281
12.8773575	13.46757	14.9967575
10.9621337	11.464565	12.7663187
9.70217506	10.1468591	11.2989919
8.92556469	9.334653	10.3945646
8.43719856	8.8239035	9.82582156
8.11675725	8.48877513	9.45264112
8.06274506	8.43228719	9.38973887
7.65791025	8.00889756	8.91827506
7.79377544	8.15099	9.07650137
8.24785287	8.62587931	9.60531262
9.04810338	9.46280819	10.5372712
10.3012931	10.7734356	11.996715
13.2372	13.8439044	15.4158225
17.5153412	18.3181275	20.3980737
31.9840506	33.449985	37.2480925
1860.27240256197	1863.09427946197	1870.40550946197
7455.09381124167	7459.94549924167	7472.51578124167
55.1680444	57.6965769	64.2477881
26.7863944	28.0141019	31.1949888
16.5580731	17.3169844	19.2832569
12.12713	12.682955	14.1230538
10.2119496	10.6799975	11.8926675
8.87085787	9.27743844	10.3308541
8.09242825	8.46333075	9.42430737
7.75209694	8.10740125	9.0279635
8.26376306	8.64251869	9.62384169
8.86526131	9.27158569	10.3243369
9.96724487	10.4240764	11.6076875
12.4091969	12.97795	14.4515437
17.8879444	18.7078081	20.8320037
35.8864994	37.5312975	41.7928219
1720.62575586591	1723.16440516591	1729.74183206591
33.2597406	34.7841444	38.7337412
17.139005	17.9245431	19.9598
11.9437594	12.4911819	13.9095044
9.29982544	9.726067	10.8304206
8.669706	9.06706731	10.0965949
10.1215221	10.5854257	11.7873563
11.5740212	12.1044962	13.4789131
16.0185081	16.7526881	18.6548881
22.9164319	23.9667681	26.6880956
14.9836194	15.6703675	17.4496738
11.2202547	11.7345169	13.0669231
13.3530931	13.9651088	15.5507887
