#?RADIANCE
genskyvec -m 1
NROWS=146
NCOLS=1
NCOMP=3
FORMAT=ascii

10.676425	11.1657619	12.4335875
26.9290769	28.1633244	31.3611556
26.494895	27.709245	30.8555162
26.9747413	28.2110831	31.4143363
28.2826644	29.5789512	32.9375206
30.7914537	32.2027275	35.859215
35.4972044	37.1241581	41.3394556
42.3815575	44.3240444	49.3568594
55.153985	57.681875	64.2314162
73.1322812	76.4841738	85.1686381
85.3444694	89.2560894	99.390755
100.004716	104.588264	116.463831
84.26572	88.1278987	98.1344619
66.1970288	69.2310581	77.0919594
51.6248788	53.9910169	60.1214756
40.6760694	42.5403894	47.3706756
34.2470519	35.8167081	39.8835488
30.418985	31.8131881	35.4254456
27.86532	29.14248	32.4514888
26.3818431	27.59101	30.7238569
27.3061013	28.55763	31.8002313
27.4099994	28.6662906	31.9212306
28.0430081	29.3283119	32.6584206
27.9616706	29.2432456	32.5636969
29.8513125	31.2194981	34.7643431
30.003075	31.3782144	34.9410831
31.0069969	32.4281494	36.1102331
30.4710513	31.8676406	35.48608
29.3807275	30.727345	34.2163081
28.1560806	29.446565	32.7901025
27.1217644	28.3648425	31.585555
18.5879769	19.439925	21.6472487
17.2268487	18.0164125	20.0621019
19.3125238	20.1976787	22.4910437
20.1639169	21.088095	23.4825606
23.2928506	24.3604394	27.1264675
27.0058206	28.2435844	31.4505288
35.1764237	36.788675	40.9658788
48.8111369	51.0483138	56.8446394
71.234815	74.4997425	82.9588825
97.2451988	101.702256	113.250142
112.311281	117.458881	130.795862
92.8939363	97.1515838	108.182741
67.0295106	70.1016938	78.061455
45.9896812	48.0975381	53.5588175
33.9682406	35.525115	39.5588488
25.9321994	27.1207581	30.2002081
24.0371025	25.1388006	27.9932106
19.5247706	20.4196562	22.7382244
18.3429225	19.1836381	21.3618619
17.1767419	17.9640094	20.0037487
17.5290925	18.3325081	20.4140912
18.373445	19.2155606	21.3974087
17.4992606	18.30131	20.3793475
19.7515544	20.6568338	23.0023325
20.4358719	21.3725163	23.7992781
20.8774638	21.8343481	24.3135481
19.45327	20.3448775	22.6549556
19.5565731	20.4529162	22.7752619
18.5338044	19.3832687	21.58416
18.5698706	19.4209906	21.6261631
11.6242985	12.1570781	13.537465
11.3829694	11.9046887	13.2564162
12.3698006	12.9367481	14.4056644
15.5696631	16.2832725	18.1321731
20.0789138	20.9991969	23.38357
29.5348012	30.8884787	34.3957394
47.8042612	49.9952875	55.6720488
1122.9979439503	1126.9292877503	1137.1150577503
3471.75609702304	3477.27759102304	3491.58331002304
77.4191481	80.9675281	90.1610525
45.3764344	47.4561869	52.8446431
27.0780319	28.3191069	31.5346269
18.866215	19.7309156	21.9712794
14.6310981	15.3016913	17.0391331
12.8618312	13.4513319	14.9786756
12.1062969	12.6611675	14.0987919
11.3754004	11.8967731	13.2476031
12.2239131	12.784175	14.235765
11.8812161	12.42577	13.836665
11.3206564	11.83952	13.1838481
12.0565469	12.6091394	14.0408556
12.0984511	12.6529637	14.0896556
11.2073647	11.7210344	13.0519094
11.6465559	12.180355	13.5633844
8.27414844	8.65337988	9.63593619
8.82164325	9.22596813	10.2735386
9.67773169	10.1212934	11.2705237
11.3258202	11.8449187	13.1898612
15.6162675	16.3320125	18.1864462
20.2838469	21.2135225	23.6222306
33.3093844	34.836065	38.7915569
53.2916675	55.7342006	62.0625919
1616.64166960855	1619.61799080855	1627.32935900855
48.5967163	50.8240638	56.5949281
29.82523	31.1922181	34.7339681
18.7801281	19.6408825	21.8710256
14.6394812	15.3104569	17.0488963
11.3787906	11.9003156	13.2515494
9.74588556	10.1925712	11.3498983
8.71741381	9.11696144	10.1521542
8.25389581	8.632199	9.61234994
8.14859725	8.52207444	9.489721
8.32373269	8.70523681	9.69368069
8.27782256	8.65722256	9.64021456
8.35564837	8.73861513	9.73084962
8.41956569	8.80546194	9.80528663
8.18483881	8.55997681	9.53192787
8.41664363	8.80240644	9.80188294
6.66982569	6.97552581	7.76756813
7.42306994	7.76329375	8.64478369
8.66586413	9.06304938	10.0921213
11.759793	12.2987838	13.6952594
16.7102025	17.4760875	19.4604244
25.3239119	26.4845912	29.4918081
29.9298831	31.3016688	34.855845
23.2072194	24.2708825	27.0267425
16.3750038	17.1255244	19.0700563
11.3719472	11.8931619	13.2435825
8.64240988	9.03851981	10.0648058
7.49678425	7.84038644	8.73063019
6.82652319	7.13940519	7.95005537
6.40947456	6.70324181	7.46436756
6.19278787	6.47662375	7.21201781
6.203192	6.48750487	7.22413456
6.35740494	6.64878581	7.40372825
6.42913788	6.7238065	7.48726725
6.07949	6.35813325	7.08007325
6.96039919	7.27941737	8.10596525
9.52505212	9.96161556	11.0927166
13.8323918	14.4663769	16.1089737
14.5720713	15.2399587	16.9703931
11.8582064	12.4017069	13.8098694
8.94909456	9.35926163	10.4219681
7.05057925	7.37373044	8.21098744
5.98555344	6.25989094	6.97067613
5.55236875	5.80685219	6.46619625
5.50294338	5.75516144	6.40863638
5.54820706	5.80249975	6.46134988
5.90854994	6.17935806	6.88099906
7.14969488	7.47738881	8.32641575
8.265904	8.64475781	9.62633394
7.5734995	7.92061806	8.8199715
5.82313919	6.09003306	6.78153112
5.443771	5.693277	6.33972519
6.33693612	6.62737875	7.37989038
