#?RADIANCE
genskyvec -m 1
NROWS=146
NCOLS=1
NCOMP=3
FORMAT=ascii

24.2912069	25.4045531	28.289135
32.9688812	34.4799519	38.3950113
31.5051769	32.9491631	36.6904062
30.7063163	32.1136881	35.7600644
29.40199	30.7495794	34.2410694
26.9655156	28.2014337	31.4035906
27.5658125	28.829245	32.1026862
28.7956737	30.1154756	33.5349644
30.6542731	32.0592581	35.6994588
32.5487694	34.0405869	37.9057581
40.208165	42.0510369	46.8257588
42.2221981	44.1573819	49.1712719
47.56768	49.7478669	55.3965313
48.8654863	51.105155	56.907935
47.47767	49.6537287	55.2917056
45.5690669	47.6576469	53.0689781
41.14774	43.0336756	47.9199731
39.005675	40.7934325	45.42536
33.6604612	35.2032319	39.2004144
29.8006325	31.1664931	34.7053212
29.6910994	31.0519413	34.5777606
26.6960463	27.9196144	31.0897719
27.8925206	29.1709269	32.483165
26.9686844	28.2047488	31.4072825
29.8368181	31.2043375	34.7474625
33.4122106	34.9436044	38.9113075
35.5913619	37.2226312	41.4491094
37.9682763	39.7084863	44.2172225
35.7782069	37.41804	41.6667044
35.9360769	37.5831469	41.85056
33.92536	35.4802706	39.5089081
18.2930919	19.1315256	21.3038319
15.9865644	16.7192819	18.6176869
17.0912644	17.8746131	19.9042044
16.2319287	16.9758894	18.9034331
16.7024062	17.4679319	19.4513456
17.1496969	17.9357231	19.9722519
19.6075762	20.506255	22.8346575
22.4766275	23.5068062	26.1759069
25.7707825	26.9519419	30.0122238
28.1323475	29.4217463	32.7624637
33.8367581	35.3876094	39.4057256
39.2240794	41.0218487	45.6797113
42.5454363	44.4954338	49.5477081
42.4174887	44.3616219	49.3987025
38.2324662	39.9847863	44.524895
32.2193775	33.6960969	37.5221513
29.2943269	30.6369825	34.115685
23.8496437	24.9427494	27.7748975
20.7052225	21.6542112	24.1129588
18.0607731	18.88856	21.0332788
16.8468387	17.6189856	19.6195487
16.3200719	17.0680731	19.0060838
15.1374869	15.8312875	17.628865
16.9828844	17.761265	19.7779838
17.9838875	18.8081475	20.9437356
19.0966437	19.9719056	22.2396337
18.5129269	19.3614362	21.5598487
19.3691331	20.2568844	22.55697
18.5925381	19.4446944	21.6525612
18.6261706	19.4798694	21.6917294
11.2835224	11.8006844	13.1406025
10.8213816	11.3173612	12.6024019
11.0864037	11.5945281	12.9110412
12.4021469	12.9705775	14.4433338
13.88335	14.5196712	16.16832
16.3547756	17.1043694	19.0464981
19.8670325	20.7776044	23.1368163
25.5689656	26.740875	29.7771931
33.5085306	35.0443363	39.0234775
46.2363931	48.3555581	53.8461356
53.5758369	56.0313956	62.39353
42.2520544	44.1886044	49.2060394
30.6192431	32.0226256	35.6586625
23.2479181	24.3134469	27.07414
18.362735	19.20436	21.3849375
15.41762	16.1242612	17.9551031
12.9275862	13.5201	15.0552525
12.2805138	12.8433694	14.3016819
11.3670031	11.8879919	13.237825
10.8715791	11.3698594	12.6608612
11.4571813	11.9823006	13.3428425
11.7030519	12.2394406	13.6291806
11.174358	11.686515	13.0134719
11.5941206	12.1255187	13.5023206
9.05753325	9.47266975	10.5482519
9.38773794	9.81800912	10.9328044
9.9689645	10.4258776	11.6096919
10.8564606	11.3540488	12.6432525
12.8431	13.4317412	14.95686
14.6473788	15.3187156	17.0580931
19.0794169	19.9538912	22.2195719
26.8586706	28.0896919	31.2791625
44.3759169	46.4098094	51.6794531
73.3845069	76.7479625	85.4623812
3299.37598721553	3303.79825861553	3315.25595361553
62.3583112	65.2163987	72.6214538
38.1355981	39.8834787	44.412085
23.1888512	24.2516706	27.0053481
17.3756706	18.1720537	20.2354175
14.3877406	15.04718	16.7557263
12.1288031	12.6847063	14.1250044
10.736395	11.22848	12.5034269
9.8290875	10.2795872	11.4467931
9.30845175	9.73508869	10.8404687
9.13640194	9.55515356	10.6401013
9.131125	9.54963506	10.6339578
8.9987665	9.41120912	10.479814
9.11134669	9.52895019	10.6109225
8.687442	9.08561612	10.1172502
9.35432631	9.78306556	10.8938938
10.54748	11.0309063	12.2834206
12.5638581	13.1397019	14.6316619
15.7266619	16.4474662	18.3150088
25.2683106	26.4264394	29.4270531
44.5652281	46.6077994	51.899925
4163.58708572871	4168.69496372871	4181.92903472871
3159.58599488883	3163.50289178883	3173.65122498883
37.4430031	39.1591412	43.6055013
22.2458369	23.2654375	25.9071331
15.6207825	16.3367356	18.1917038
12.2683525	12.8306512	14.2875188
10.1942727	10.6615087	11.8720794
9.23718	9.66055037	10.7574669
8.61920312	9.01424988	10.0377808
8.38778369	8.7722235	9.76827362
8.42235044	8.80837456	9.80852931
9.36132894	9.79038894	10.9020481
10.7725873	11.2663315	12.5455769
13.468525	14.0858312	15.6852206
19.7523094	20.657625	23.0032131
30.908535	32.3251756	35.9955663
41.8982069	43.8185394	48.7939544
28.7448231	30.0622931	33.4757438
18.1850944	19.0185775	21.1780581
12.7118856	13.2945125	14.8040513
10.4475282	10.9263737	12.1670181
9.05761888	9.47275975	10.5483519
9.09145844	9.5081505	10.5877603
11.1079625	11.6170756	12.9361469
13.7679575	14.3989887	16.0339337
18.8934337	19.7593813	22.0029806
20.3413931	21.2737081	23.68925
13.2954144	13.9047881	15.48362
10.9811091	11.48441	12.7884181
13.9001012	14.5371869	16.1878256
