#?RADIANCE
genskyvec -m 1
NROWS=146
NCOLS=1
NCOMP=3
FORMAT=ascii

14.4252687	15.0864262	16.7994262
24.4724719	25.5941262	28.5002356
23.6549256	24.7391094	27.5481338
23.8259013	24.91792	27.7472487
24.351985	25.4681175	28.3599188
25.0766188	26.2259625	29.2038144
28.1637688	29.4546081	32.7990569
32.117715	33.5897775	37.4037581
39.0205319	40.8089706	45.4426638
48.06905	50.2722119	55.980415
59.0769781	61.7846719	68.8000688
68.1560963	71.2799144	79.3734575
65.0616969	68.0436881	75.7697687
55.3056131	57.8404537	64.408
45.0619375	47.127275	52.4783831
36.986195	38.6813944	43.0735087
30.7399912	32.1489075	35.7992838
28.0764275	29.3632612	32.6973394
24.5537188	25.6790975	28.5948525
22.9556856	24.0078213	26.7338106
24.2609275	25.3728863	28.2538725
23.6868919	24.7725419	27.5853606
25.3321637	26.4932181	29.5014169
25.2039944	26.3591769	29.3521512
27.73452	29.005685	32.2991619
29.2799012	30.6218969	34.0988863
30.2129325	31.5976925	35.1854806
30.3748075	31.7669856	35.3739975
28.1200781	29.4089138	32.7481763
27.0690681	28.3097337	31.5241875
25.2184	26.3742406	29.3689281
15.4400038	16.14767	17.9811725
14.0478244	14.6916831	16.3598637
15.3881581	16.0934475	17.9207944
15.7215812	16.4421537	18.3090925
17.7130806	18.5249294	20.6283612
19.9839	20.8998306	23.27292
24.8859681	26.0265731	28.9817844
32.5971287	34.0911594	37.9620738
44.9259431	46.9850475	52.3200081
60.5436775	63.3185931	70.5081594
74.6279294	78.0483756	86.9104494
71.9617338	75.2599762	83.8054413
56.0266288	58.5945156	65.2476812
40.4106244	42.2627775	47.0615425
30.22545	31.6107819	35.2000569
22.8655994	23.9136063	26.6288969
20.5546481	21.4967369	23.9376006
16.5939875	17.3545456	19.3250838
15.21953	15.9170919	17.7244131
14.1423487	14.7905406	16.4699462
14.3742094	15.0330294	16.7399669
15.1355194	15.8292319	17.626575
14.6995181	15.3732463	17.1188156
16.8337663	17.6053131	19.604325
17.6293519	18.4373644	20.5308513
18.1970725	19.0311037	21.1920087
17.05065	17.8321362	19.8569031
17.093395	17.87684	19.9066819
16.0195375	16.7537669	18.6560881
15.7565306	16.4787063	18.3497956
10.2895408	10.7611448	11.9830281
10.0960675	10.5588044	11.7577119
10.8169438	11.3127188	12.5972313
13.0432056	13.6410188	15.1899012
16.2633425	17.0087469	18.94002
22.6699581	23.7089969	26.4010569
34.8938537	36.493155	40.6368044
59.8953213	62.6405225	69.7530969
2181.76582086234	2186.07010456234	2197.22213786234
82.015965	85.7750237	95.51443
48.4046869	50.6232312	56.3712912
27.6029131	28.8680456	32.1458925
18.7354081	19.5941144	21.8189444
14.2709625	14.9250481	16.619725
11.9848894	12.5341963	13.9574025
10.9188201	11.419265	12.7158781
10.1908988	10.6579807	11.8681506
10.7433017	11.2357027	12.5114712
10.6640384	11.1528076	12.4191619
10.4002878	10.8769667	12.1120031
11.0444929	11.5506988	12.8622331
11.0851897	11.5932614	12.9096288
10.3220154	10.7951072	12.0208488
10.5073331	10.9889188	12.2366656
8.26294581	8.64166381	9.62288975
8.71854538	9.118145	10.1534725
9.60164244	10.0417173	11.1819137
11.0149763	11.5198287	12.8278575
14.672495	15.3449825	17.0873419
18.7566819	19.6163613	21.8437194
30.9328875	32.3506444	36.0239256
52.6321019	55.0444044	61.2944713
3482.81233441932	3486.76430631932	3497.00352231932
2191.95620427168	2195.12089427168	2203.32032807168
39.3953675	41.2009875	45.8791906
23.4145075	24.4876725	27.2681462
17.3030037	18.0960575	20.15079
12.6494319	13.2291962	14.7313169
10.4025473	10.879331	12.1146344
9.17512425	9.59565094	10.6851968
8.47001519	8.858224	9.86403856
8.2189805	8.59568362	9.57168781
8.28013544	8.65964163	9.64290862
8.27247788	8.65163288	9.63398994
8.35450012	8.73741456	9.729512
8.39863194	8.78356875	9.78090612
8.20768206	8.58386725	9.55853037
8.31342419	8.694456	9.68167625
7.53101494	7.87618619	8.77049487
8.34923919	8.73191231	9.72338469
9.84305388	10.2941937	11.4630588
13.0541894	13.652505	15.20269
18.6016294	19.4542031	21.6631475
31.3572975	32.794505	36.5181881
41.9995244	43.9245031	48.9119481
34.413895	35.9911975	40.07785
23.1683519	24.2302331	26.9814775
15.0255106	15.71418	17.4984594
11.1589174	11.6703675	12.9954906
9.08098763	9.49719944	10.5755673
7.92388856	8.28706638	9.22802887
7.31948163	7.65495762	8.52414663
7.09114187	7.41615219	8.25822594
7.04194275	7.36469831	8.20092956
7.12751769	7.4541955	8.30058875
7.2250275	7.55617444	8.41414719
7.63558844	7.98555269	8.89227956
9.00825281	9.42113094	10.4908623
12.2720969	12.8345663	14.2918794
18.5343975	19.3838894	21.5848512
21.3068044	22.2833638	24.8135494
17.8920356	18.7120869	20.8367694
12.93688	13.5298212	15.066075
9.78607537	10.2346038	11.3967012
7.873834	8.23471788	9.16973637
7.15290106	7.48074187	8.33014962
6.86329038	7.1778575	7.99287387
7.06556575	7.38940406	8.22844063
8.25269275	8.630941	9.61094894
10.2993372	10.7713908	11.9944381
12.4008556	12.9692281	14.44183
11.3936739	11.9158834	13.2688831
8.43552363	8.8221515	9.82387012
7.60760325	7.956285	8.85968838
9.36930825	9.79873338	10.9113402
