#?RADIANCE
genskyvec -m 1
NROWS=146
NCOLS=1
NCOMP=3
FORMAT=ascii

11.6071325	12.1391244	13.5174712
22.6474425	23.6854481	26.3748363
24.6019962	25.7295875	28.6510762
26.3991688	27.6091306	30.7440337
27.9602688	29.2417819	32.5620669
27.8630631	29.1401194	32.4488606
28.1767888	29.4682244	32.8142225
27.9491988	29.2302038	32.5491744
25.991055	27.1823113	30.2687519
24.1584094	25.2656706	28.1344831
25.6804387	26.8574575	29.9070119
22.6909662	23.7309681	26.4255225
23.020655	24.0757663	26.8094719
22.4086794	23.4357431	26.0967756
22.2743181	23.2952244	25.9403
24.7079456	25.8403931	28.7744625
27.8483437	29.124725	32.4317181
33.1765837	34.697175	38.6368969
40.8173769	42.6881706	47.5352381
55.9596256	58.52444	65.16965
68.6262431	71.7716106	79.9209837
79.8447344	83.5042844	92.9858537
70.4716587	73.7016056	82.0701219
58.6694281	61.3584412	68.32544
46.0220231	48.1313631	53.5964844
34.8974031	36.4968662	40.6409362
29.3087425	30.6520575	34.1324744
25.8038537	26.9865281	30.0507406
22.8373806	23.8840944	26.596035
21.9200256	22.9246931	25.5276969
21.7742375	22.7722219	25.3579137
14.6656806	15.3378575	17.0794087
14.0569444	14.7012194	16.3704831
16.0628588	16.7990738	18.7065375
16.2873763	17.0338813	18.9680087
16.7961225	17.5659462	19.5604869
16.0845625	16.8217694	18.7318138
17.3151775	18.1087894	20.1649662
17.4030819	18.2007219	20.2673394
16.1517006	16.8919862	18.8100012
13.5743419	14.1964987	15.8084531
13.7069256	14.3351594	15.9628594
13.4725456	14.0900362	15.6899031
14.4989256	15.1634594	16.8852081
15.2069306	15.9039119	17.7097375
16.4745144	17.2295963	19.1859456
19.7707338	20.6768919	23.0246675
25.6999631	26.8778769	29.9297487
33.4918644	35.0269075	39.0040688
49.9634506	52.25344	58.1866044
71.1677931	74.4296487	82.8808325
88.8551281	92.9276594	103.479206
76.6182275	80.1298931	89.2283194
52.6057812	55.0168775	61.2638188
36.8138825	38.5011856	42.872835
27.1740869	28.4195669	31.6464931
22.01538	23.0244188	25.6387475
17.4137187	18.2118469	20.2797281
15.6121413	16.3276969	18.18164
14.2592775	14.9128256	16.6061175
14.1992669	14.8500662	16.5362331
9.79396838	10.2428577	11.4058925
9.52567831	9.96227194	11.0934475
9.81106544	10.2607389	11.4258031
10.8419517	11.3388745	12.6263569
10.9190744	11.4195306	12.7161706
10.8669496	11.3650176	12.6554675
10.5564377	11.0402748	12.2938519
10.2774617	10.7485121	11.96896
9.58103894	10.0201701	11.1579188
10.0030094	10.4614796	11.6493388
10.5652034	11.049442	12.30406
12.6240238	13.2026225	14.7017281
15.94242	16.6731144	18.5662788
21.9948794	23.0029788	25.6148725
36.4503831	38.1210244	42.44951
65.6841444	68.6946662	76.494665
3638.40759624886	3643.55801024886	3656.90231024886
1164.14519870271	1167.48359300271	1176.13308300271
36.5812181	38.2578569	42.60188
22.8894475	23.938545	26.6566706
16.3403331	17.089265	19.0296819
12.9741169	13.5687631	15.1094413
10.6112861	11.0976362	12.3577263
10.0546001	10.5154359	11.7094206
7.79933056	8.1567995	9.08297081
7.736232	8.09080888	9.00948738
7.64086356	7.99106944	8.89842275
7.81314131	8.17124337	9.09905456
8.04409931	8.41278694	9.36802444
7.95564837	8.32028169	9.26501575
7.77087988	8.12704513	9.04983756
7.84421719	8.20374362	9.13524494
7.82886569	8.18768856	9.11736688
8.22380481	8.60072894	9.57730656
9.05368325	9.46864319	10.5437692
10.5714992	11.0560261	12.3113931
12.9046981	13.4961613	15.0285956
19.0900481	19.9650075	22.2319531
29.8847144	31.2544275	34.8032412
44.4330356	46.4695481	51.7459737
1697.46439642985	1700.43666462985	1708.13753892985
51.8084388	54.1829906	60.3352475
31.1909694	32.6205531	36.3244838
19.8015975	20.7091694	23.0606125
14.1830631	14.8331206	16.5173594
10.8819583	11.3807156	12.6729494
9.184944	9.60592056	10.6966344
8.44527656	8.8323515	9.83522894
7.11762369	7.44384794	8.28906631
6.77262894	7.08304113	7.88729144
6.60743569	6.91027631	7.69490981
6.68433731	6.9907025	7.78446806
6.71381675	7.02153306	7.81879938
6.75341406	7.06294544	7.864914
7.04151438	7.36425038	8.20043081
7.90306156	8.26528469	9.20377394
9.11613075	9.53395275	10.6164954
12.0132312	12.5638362	13.9904075
15.6864488	16.4054094	18.2681756
24.6101963	25.7381613	28.6606244
32.5159269	34.0062381	37.8675087
25.5514837	26.7225937	29.7568344
17.30983	18.1031975	20.1587406
12.0067775	12.5570875	13.982895
9.29651806	9.72260813	10.8265699
7.83463944	8.19372694	9.12409088
6.87642994	7.1915995	8.00817613
6.42544469	6.71994406	7.48296619
6.29909944	6.58780812	7.33582669
6.42496406	6.71944125	7.48240619
6.8590465	7.17341931	7.98793156
8.17808388	8.55291244	9.52405931
10.5039871	10.9854187	12.2327675
13.5259319	14.1458694	15.752075
17.2377281	18.0277887	20.0747706
14.3153175	14.9714356	16.6713812
10.3416001	10.8155911	12.0436575
7.98992619	8.356131	9.30493569
7.2881195	7.62215812	8.48762281
6.81351562	7.12580163	7.93490694
7.27750487	7.61105675	8.47526106
8.79461788	9.19770419	10.2420664
9.9356075	10.3909882	11.5708437
9.06146325	9.47678019	10.5528304
7.85336256	8.21330781	9.14589538
