#?RADIANCE
genskyvec -m 1
NROWS=146
NCOLS=1
NCOMP=3
FORMAT=ascii

0.567532575	0.593544469	0.660938988
2.37852975	2.48754544	2.769996
2.19282475	2.29332919	2.55372737
2.13145481	2.22914656	2.482257
2.12769575	2.22521525	2.47787912
2.23438756	2.33679675	2.60213044
2.234854	2.33728469	2.60267369
2.24132725	2.34405463	2.61021244
2.26641756	2.37029494	2.63943219
2.37883125	2.48786081	2.77034731
2.158302	2.25722431	2.51352269
2.284343	2.38904206	2.66030775
2.16206356	2.26115838	2.51790331
2.15713088	2.25599913	2.51215863
2.21374062	2.31520375	2.57808581
2.23717575	2.339713	2.60537769
2.48602544	2.59996813	2.89518425
2.4865325	2.6004985	2.89577456
2.96426656	3.10012869	3.4521355
3.49748712	3.65778837	4.07311519
3.88787962	4.06607406	4.52776
4.89110212	5.11527725	5.69609631
5.44585338	5.69545462	6.34215019
6.24039344	6.52641119	7.2674585
5.81822431	6.08489269	6.77580731
4.55647487	4.76531331	5.30639494
3.92263262	4.10241981	4.56823281
3.29728963	3.44841538	3.83996881
3.02443488	3.16305481	3.52220656
2.66573469	2.78791406	3.10447025
2.49477969	2.60912363	2.90537894
2.64731862	2.76865413	3.08302338
2.56726169	2.68492775	2.98979031
2.49916225	2.61370706	2.91048275
2.49788838	2.61237487	2.90899938
2.51508012	2.6303545	2.9290205
2.54468894	2.66132037	2.96350256
2.54473519	2.66136894	2.96355638
2.54621788	2.66291963	2.96528325
2.54682888	2.66355831	2.96599425
2.55400881	2.67106744	2.97435631
2.52556462	2.64131962	2.94123056
2.51022969	2.62528188	2.92337181
2.50031731	2.61491513	2.91182787
2.54437519	2.66099219	2.96313694
2.633024	2.75370419	3.06637581
2.80940037	2.93816438	3.271781
2.99615375	3.13347744	3.48927087
3.36618381	3.52046725	3.92020181
3.83881625	4.01476187	4.4706215
4.35546106	4.55508631	5.07229756
4.97416025	5.20214238	5.79282431
5.69630394	5.95738444	6.63382081
5.97369288	6.24748694	6.95686356
5.78050669	6.04544656	6.73188225
5.11394794	5.348337	5.95561869
4.49300237	4.69893144	5.23247581
3.86950625	4.04685862	4.50636288
3.39614219	3.55179869	3.95509075
3.0581445	3.19830937	3.56146431
2.819152	2.94836313	3.28313756
2.71146306	2.83573844	3.15772494
2.63394894	2.75467169	3.06745344
2.5800035	2.69825344	3.00462906
2.56676056	2.68440381	2.98920662
2.58453344	2.70299113	3.00990475
2.59910425	2.71822981	3.02687381
2.6008675	2.72007375	3.02892688
2.58785481	2.70646463	3.01377275
2.57722744	2.69535037	3.00139644
2.56669825	2.68433844	2.98913413
2.59310281	2.71195344	3.01988463
2.69563869	2.81918875	3.13929619
2.88586894	3.01813775	3.36083487
3.16699925	3.31215344	3.68823494
3.58861162	3.7530895	4.17923725
4.10394587	4.29204325	4.77938713
4.71210363	4.92807494	5.48763762
5.22011831	5.45937331	6.07926294
5.19343331	5.43146562	6.04818638
4.73014781	4.94694637	5.50865156
4.22476144	4.41839625	4.92008706
3.72518681	3.8959245	4.33829069
3.24750344	3.39634725	3.78198863
2.9430235	3.07791219	3.42739644
2.77747963	2.90478062	3.23460663
2.67308775	2.79560425	3.11303362
2.61933325	2.739386	3.05043194
2.60294019	2.72224175	3.03134094
2.60333925	2.72265888	3.03180563
2.60955413	2.72915875	3.03904356
2.61112825	2.73080494	3.0408765
2.60563213	2.72505694	3.034476
2.60153444	2.72077137	3.02970394
2.60875769	2.72832569	3.03811587
2.6552215	2.77691913	3.09222687
2.75982706	2.88631906	3.21404881
2.88380462	3.01597875	3.35843106
3.15390287	3.2984565	3.67298281
3.47820787	3.63762569	4.05066319
3.78024287	3.95350362	4.402408
4.15422181	4.3446235	4.83793769
4.41431244	4.61663506	5.14083487
4.50504069	4.71152169	5.24649569
4.2808905	4.47709781	4.98545394
3.94631212	4.12718456	4.59580956
3.53386956	3.6958385	4.11548562
3.2046335	3.35151256	3.732063
2.97266844	3.10891569	3.46192038
2.82861669	2.9582615	3.29415988
2.69849344	2.82217425	3.14262056
2.64493694	2.766163	3.08024956
2.62152425	2.74167744	3.05298356
2.61989419	2.7399725	3.05108513
2.62147631	2.74162719	3.05292769
2.628495	2.74896756	3.06110156
2.67082738	2.79324025	3.11040131
2.75075994	2.87683638	3.20348925
2.920751	3.05461856	3.40145812
3.12253031	3.265646	3.63644688
3.43590081	3.59337944	4.00139306
3.74411844	3.91572369	4.36033806
3.900104	4.07885869	4.54199644
3.79344537	3.96731163	4.4177835
3.56342894	3.72675269	4.14991019
3.28287331	3.43333825	3.82317975
3.01300812	3.15110419	3.508899
2.83033356	2.960057	3.29615937
2.72192256	2.84667731	3.16990575
2.66088106	2.78283806	3.09881794
2.64898613	2.77039781	3.08496519
2.67713287	2.79983462	3.11774425
2.76622031	2.89300537	3.22149419
2.91735413	3.05106606	3.39750219
3.11975263	3.26274113	3.63321206
3.38632731	3.541534	3.94366075
3.43097206	3.58822469	3.99565313
3.3035195	3.45493075	3.84722394
3.02903394	3.16786469	3.5275625
2.86714869	2.99855962	3.33903375
2.76570206	2.89246319	3.22089056
2.77389131	2.901028	3.23042775
2.88204237	3.01413606	3.35637875
3.049592	3.18936481	3.55150419
3.05904413	3.19925031	3.56251194
2.87661831	3.00846319	3.35006187
