#?RADIANCE
genskyvec -m 1
NROWS=146
NCOLS=1
NCOMP=3
FORMAT=ascii

22.8089294	23.8543388	26.5629
29.9651187	31.3385194	34.8968806
28.4313844	29.7344888	33.1107181
27.7079356	28.9778819	32.2682019
26.6777706	27.9005013	31.0684875
24.82453	25.9623206	28.9102356
25.8026638	26.9852856	30.0493544
27.3082562	28.559885	31.8027431
29.4364506	30.78562	34.2812013
31.537185	32.9826375	36.7276806
38.8535487	40.6343369	45.2481994
40.9665838	42.8442175	47.7090019
45.5432812	47.6306806	53.0389506
45.9200244	48.0246894	53.4776981
43.6504838	45.6511294	50.8346281
41.0587438	42.9405987	47.8163294
36.5108931	38.1843087	42.51998
34.5905112	36.1759087	40.283535
29.70967	31.0713625	34.5993888
26.4770475	27.6905762	30.8347275
26.7730769	28.0001762	31.1794813
24.4335313	25.5534012	28.4548838
26.0085512	27.2006081	30.2891269
25.4598306	26.6267387	29.6500963
28.4581006	29.7624288	33.14183
31.8960994	33.3580038	37.1456662
33.86541	35.417575	39.4390962
35.8219562	37.4637956	41.7176556
33.4663425	35.0002156	38.9743469
33.2805538	34.8059125	38.7579794
31.062125	32.4858038	36.1744312
16.7255881	17.4921769	19.4783419
14.58917	15.2578394	16.9903037
15.6021394	16.3172344	18.1699906
14.954805	15.6402325	17.4161181
15.6226969	16.3387362	18.1939338
16.2693944	17.0150744	18.9470675
18.7777206	19.638365	21.8682212
21.7334181	22.7295319	25.3103775
25.1488262	26.3014794	29.2879025
27.8441981	29.1203894	32.4268912
33.8331681	35.3838531	39.4015462
39.1283294	40.9217106	45.5682031
40.9237706	42.7994419	47.659145
38.8056825	40.5842725	45.1924525
33.6416019	35.1835063	39.17845
27.7527663	29.0247663	32.3204087
25.307645	26.4675788	29.4728619
20.5247319	21.4654488	23.9027625
17.9558756	18.7788519	20.9111138
15.7966675	16.5206819	18.3965362
14.9895275	15.6765469	17.4565562
14.8543994	15.5352231	17.2991856
14.0070525	14.6490412	16.31238
16.0257944	16.7603106	18.6633763
17.099475	17.8832025	19.9137656
18.1696481	19.0024225	21.1600712
17.5055381	18.3078731	20.3866588
18.1676212	19.0003025	21.1577094
17.2757819	18.0675869	20.1190875
17.1609538	17.9474975	19.9853613
10.3466337	10.8208544	12.0495175
9.93030644	10.3854447	11.5646687
10.2390838	10.7083744	11.9242663
11.5915525	12.1228325	13.4993294
13.1427162	13.7450888	15.3057894
15.6730087	16.3913538	18.2525256
19.3392525	20.2256338	22.5221719
25.6622006	26.8383856	29.8857731
35.1780438	36.79037	40.967765
48.7328137	50.9664012	56.7534256
51.5351519	53.8971781	60.0169819
35.7985056	37.43927	41.6903444
25.1687437	26.3223112	29.3110994
19.2241338	20.10524	22.3881069
15.4827769	16.1924044	18.0309844
13.1892631	13.7937712	15.3599963
11.2549388	11.7707881	13.107315
10.9429008	11.44445	12.7439206
10.3512266	10.8256561	12.0548656
10.0057669	10.4643639	11.6525513
10.673794	11.163008	12.4305219
10.9130345	11.4132148	12.7091394
10.3430487	10.8171066	12.0453437
10.6833444	11.1729974	12.441645
8.26084606	8.63946794	9.62044444
8.5911435	8.98490406	10.0051029
9.18034287	9.601108	10.691275
10.070652	10.5322244	11.7281131
12.0465381	12.5986706	14.0291988
13.8494931	14.48426	16.1288906
18.495205	19.3429	21.5392056
27.4192181	28.6759312	31.9319675
49.2227938	51.478835	57.3240456
3148.31569147254	3152.23067837254	3162.37405647254
3237.91256939143	3241.93761749143	3252.36615599143
45.8072856	47.9067844	53.3464056
28.5667806	29.87609	33.2683981
18.3875056	19.230265	21.4137838
14.2692688	14.9232756	16.6177537
12.0196731	12.5705756	13.9979113
10.3105997	10.7831681	12.007555
9.28256775	9.70801812	10.8103244
8.680108	9.07794613	10.1087097
8.34827	8.73089887	9.72225644
8.28928856	8.66921394	9.6535675
8.33673013	8.71882988	9.70881775
8.21010444	8.58640081	9.5613515
8.32077538	8.702144	9.690236
7.8239245	8.18252081	9.11161263
8.48228025	8.87105125	9.87832275
9.61816144	10.0589928	11.2011513
11.5810069	12.1118019	13.4870469
14.693445	15.3668938	17.1117413
24.5203188	25.6441644	28.5559531
45.1412413	47.2102131	52.57074
4118.15436405644	4122.50600025644	4133.78072205644
57.6114944	60.2520231	67.0933931
26.8508544	28.0815169	31.2700562
17.1010556	17.8848525	19.9156044
12.6917144	13.2734181	14.78056
10.2740074	10.7448981	11.9649388
8.72090519	9.12061306	10.1562212
8.01899556	8.38653275	9.33878888
7.60042387	7.94877638	8.8513275
7.48548288	7.82856719	8.71746925
7.55358781	7.89979337	8.79678281
8.3211365	8.70252162	9.69065775
9.60338088	10.0435363	11.1839376
12.1158481	12.6711581	14.1099156
17.9974625	18.8223456	20.959545
27.0759394	28.31692	31.5321875
32.0549387	33.5241206	37.3306488
21.3908831	22.3712975	24.9114663
14.337455	14.9945856	16.69716
10.5355769	11.0184563	12.2695569
8.88203138	9.28912406	10.3438662
7.88246987	8.24374944	9.17979331
7.98239738	8.34825725	9.29616763
9.649059	10.0913086	11.2371337
11.9145012	12.4605831	13.8754312
15.8209881	16.546115	18.4248606
16.2662644	17.0118006	18.94342
11.073074	11.5805899	12.8955175
9.38342175	9.81349475	10.9277781
11.7411044	12.2792381	13.6734956
