#?RADIANCE
genskyvec -m 1
NROWS=146
NCOLS=1
NCOMP=3
FORMAT=ascii

0.656486038	0.686574975	0.764532706
7.76791625	8.12394544	9.04638606
7.3241685	7.65985919	8.529605
7.21571969	7.54643981	8.40330712
7.334406	7.67056612	8.5415275
7.74452044	8.09947725	9.01913975
7.74909981	8.10426681	9.02447306
7.86576781	8.22628175	9.16034263
7.85973212	8.21996944	9.1533135
8.23068512	8.60792469	9.58531919
7.55876756	7.90521075	8.80281519
7.894727	8.2565685	9.19406769
7.41787844	7.75786419	8.63873806
7.29003163	7.62415787	8.48985
7.34131725	7.677794	8.54957619
7.41391644	7.7537205	8.63412362
8.30818706	8.68897862	9.67557644
8.58519119	8.9786785	9.99817106
10.8317013	11.3281537	12.6144177
14.5528787	15.2198863	16.9480419
19.1894775	20.0689944	22.3477469
30.1837125	31.56713	35.1514488
81.6398961945597	83.5959198945597	88.6638080945597
183.293037677169	185.787142677169	192.249152677169
39.9091112	41.7382775	46.4774881
23.7441769	24.8324513	27.6520756
16.7638144	17.532155	19.5228588
12.2981591	12.8618234	14.3222329
10.3075234	10.7799523	12.0039721
8.71046969	9.10969962	10.1440684
8.05290156	8.42199281	9.37827519
7.19329975	7.52299244	8.37719737
6.72451838	7.03272538	7.83126262
6.99430488	7.31487687	8.14545131
6.98750944	7.30777006	8.13753763
7.08192094	7.40650881	8.2474875
6.99097594	7.31139538	8.14157425
7.34495925	7.68160294	8.55381763
7.509607	7.85379713	8.74556344
7.3802235	7.71848344	8.59488556
6.79116994	7.10243175	7.9088835
6.86517969	7.17983337	7.99507425
6.77397212	7.08444563	7.88885544
6.98915306	7.30948887	8.13945144
6.93262575	7.25037119	8.07362094
7.06187625	7.3855455	8.22414375
7.59650237	7.94467481	8.84676062
8.81154462	9.21540675	10.2617776
9.93380456	10.3891042	11.568743
12.7513027	13.3357356	14.8499544
16.2175962	16.9609037	18.8867431
22.4513744	23.4803956	26.1464981
32.1389469	33.6119806	37.4284831
65.3430313161435	66.8664744161435	70.8135819161435
30.0501644	31.4274625	34.9959231
21.7150156	22.7102875	25.2889475
16.3479019	17.0971794	19.0384938
11.7391631	12.2772075	13.6712325
9.56519094	10.0035958	11.1394628
8.145887	8.51924	9.486565
7.5532305	7.89942019	8.79636688
5.31118313	5.55461206	6.18531569
5.01178156	5.24148787	5.83663725
4.98240419	5.21076425	5.80242531
5.32177737	5.56569187	6.19765356
5.37683406	5.623272	6.26177169
5.45399075	5.70396519	6.35162706
5.44378512	5.69329175	6.33974175
5.43645206	5.68562256	6.33120181
5.11743938	5.35198844	5.95968475
5.20355244	5.44204831	6.05997088
5.17582181	5.41304688	6.02767625
5.45753844	5.7076755	6.35575862
5.84234731	6.11012137	6.80390075
6.50654994	6.80476669	7.57741994
8.21559013	8.5921375	9.5677395
10.8434678	11.3404593	12.6281224
14.2814306	14.9359956	16.6319163
19.0994906	19.9748819	22.2429481
17.4227469	18.2212894	20.2902406
12.9198044	13.5119613	15.0461881
10.3605568	10.8354157	12.0657317
8.16502419	8.539254	9.50885144
6.301863	6.59069806	7.339045
5.767574	6.03192106	6.71682106
4.08981294	4.27726262	4.76292819
4.0068265	4.19047262	4.66628344
3.881235	4.05912462	4.52002175
3.95442131	4.1356655	4.60525344
4.08071194	4.26774462	4.75232925
4.06613144	4.25249569	4.735349
4.01870844	4.20289906	4.680121
4.06593806	4.25229375	4.73512406
3.96231769	4.14392375	4.61444944
3.99349431	4.17652956	4.65075737
4.00076644	4.18413494	4.65922619
4.038481	4.223578	4.70314788
4.35056725	4.54996825	5.06659837
5.045418	5.27666613	5.87581
5.95472669	6.2276515	6.93477575
6.75650488	7.06617787	7.86851319
8.18513275	8.56028413	9.53226894
9.29438462	9.72037594	10.8240863
9.67851756	10.1221152	11.2714411
8.44275281	8.829712	9.83229
7.095771	7.4209935	8.26361675
5.80971494	6.07599337	6.76589744
4.91438981	5.1396325	5.72321675
4.55428356	4.7630215	5.30384313
3.3885685	3.54387769	3.94627044
3.26612125	3.4158185	3.80367056
3.17845475	3.32413369	3.7015755
3.25701706	3.40629694	3.793068
3.27618637	3.42634506	3.8153925
3.22660462	3.37449044	3.75765019
3.25011206	3.3990755	3.78502663
3.30005112	3.45130337	3.84318456
3.36607525	3.52035388	3.92007556
3.64714937	3.81431038	4.24740975
3.86442719	4.04154675	4.50044769
4.65316544	4.8664355	5.41899906
5.43937269	5.68867706	6.334603
5.74365206	6.00690256	6.68896194
5.29830169	5.54114038	6.17031406
4.68512262	4.89985719	5.45621606
4.16309562	4.35390388	4.84827169
3.66916019	3.83732981	4.27304306
2.9621615	3.09792725	3.44968406
2.78161556	2.90910631	3.23942319
2.79492994	2.92303088	3.25492912
2.83092981	2.96068069	3.29685369
2.79688462	2.92507525	3.25720563
2.87407625	3.00580462	3.34710144
3.0930825	3.23484863	3.60215237
3.36014687	3.51415356	3.91317131
3.84378469	4.019958	4.47640787
3.86537175	4.04253437	4.50154756
3.66388506	3.83181319	4.26689988
3.14659256	3.29081131	3.66446937
2.70946581	2.83364956	3.15539894
2.58789762	2.70650944	3.01382244
2.60418812	2.72354675	3.03279419
2.75274575	2.87891319	3.205802
2.91276031	3.04626175	3.39215244
2.94682925	3.08189206	3.43182825
2.64384806	2.76502431	3.0789815
