#?RADIANCE
genskyvec -m 1
NROWS=146
NCOLS=1
NCOMP=3
FORMAT=ascii

7.82028788	8.17871762	9.10737731
23.4687031	24.5443512	27.3312606
23.0744906	24.1320719	26.8721694
23.6459925	24.7297656	27.5377287
25.2336481	26.3901888	29.3866875
28.4849875	29.79055	33.1731456
34.1884487	35.7554163	39.8153
42.5813438	44.5329875	49.589525
59.0971856	61.8058038	68.8236006
82.4607569	86.2402025	96.0324275
94.5091631	98.8408356	110.063824
106.008096	110.866793	123.455269
79.36853	83.0062519	92.4312744
57.7670562	60.4147119	67.2745556
43.4687844	45.4611025	50.6230244
33.852655	35.4042338	39.4242406
28.6043619	29.9153944	33.3121669
25.4562419	26.6229856	29.6459175
23.7357687	24.8236575	27.6422819
22.8858806	23.9348175	26.6525169
23.9076144	25.0033794	27.8424119
24.5248206	25.648875	28.5612012
25.1776587	26.331635	29.3214825
25.3794056	26.5426269	29.5564331
27.1236931	28.3668612	31.5878013
27.0340287	28.2730881	31.4833806
27.8637075	29.1407925	32.4496094
27.074635	28.315555	31.5306694
26.0673656	27.2621181	30.35762
24.7093494	25.8418606	28.7760987
23.6993169	24.7855344	27.5998306
16.6217306	17.38356	19.3573925
15.4806225	16.1901519	18.0284756
17.4824444	18.2837238	20.3597638
18.6111969	19.46421	21.6742913
22.1904513	23.2075113	25.8426313
26.66221	27.8842275	31.0503675
36.1109575	37.7660419	42.0542212
52.9509244	55.3778425	61.6657669
82.4953712	86.2764081	96.0727344
117.723087	123.118725	137.098344
1387.05685273964	1392.53995873964	1406.74616473964
82.4820531	86.2624806	96.0572331
55.9691044	58.5343512	65.1806881
37.5001906	39.2189481	43.6720994
27.7281962	28.99907	32.2917963
21.5187094	22.5049838	25.0603331
20.32316	21.2546362	23.6680138
16.7861919	17.5555612	19.5489219
16.0896763	16.8271181	18.73777
15.3154063	16.0173613	17.8360663
15.8695831	16.59694	18.4814531
16.85535	17.6278863	19.6294606
16.1850287	16.9268431	18.8488162
18.3243363	19.1642006	21.3402175
18.9517287	19.82035	22.0708694
19.2804794	20.1641675	22.453725
17.8419094	18.6596631	20.7783919
17.7751294	18.5898219	20.7006225
16.7197969	17.4861194	19.4715969
16.6562662	17.4196775	19.3976113
10.4146772	10.8920163	12.1287606
10.2255319	10.6942005	11.908485
11.248785	11.7643538	13.1001494
14.5419063	15.2084094	16.9352606
19.3991731	20.2883013	22.5919563
29.7960494	31.1617006	34.6999856
50.3591	52.6672238	58.6473706
1551.37282392968	1555.70356642968	1566.92417022968
2259.86854043063	2264.50073543063	2276.50241343063
57.0968181	59.7137538	66.4940069
34.0517706	35.612475	39.6561275
21.1290362	22.09745	24.6065256
15.226565	15.9244475	17.7326037
12.1431738	12.6997375	14.14174
11.0110796	11.5157531	12.8233181
10.625058	11.1120393	12.3737663
10.1991694	10.6666314	11.877782
11.1400502	11.6506352	12.9735169
10.9140423	11.4142686	12.7103137
10.3948462	10.8712756	12.1056662
11.0624458	11.5694731	12.8831387
11.0377883	11.5436868	12.8544262
10.1192723	10.5830718	11.7847362
10.4582434	10.9375801	12.1794968
7.32579744	7.66156281	8.53150181
7.83590794	8.19505344	9.12556825
8.65857112	9.05542212	10.0836271
10.2539151	10.7238857	11.9415394
14.3911312	15.0507256	16.7596738
18.8207437	19.6833588	21.918325
30.2543856	31.6410438	35.2337556
44.8142625	46.8682456	52.1899431
44.4469413	46.4840919	51.7621706
32.93821	34.4478781	38.3592931
21.1572562	22.1269631	24.6393906
13.9935938	14.6349669	16.2967069
11.3417432	11.8615731	13.2084075
9.22397963	9.64674456	10.7420919
8.15448544	8.52823237	9.49657837
7.43981162	7.78080281	8.66428131
7.20013456	7.53014056	8.38515712
7.22418081	7.55528888	8.413161
7.47678125	7.81946681	8.70733556
7.46295512	7.80500694	8.69123344
7.533048	7.87831238	8.77286231
7.55969188	7.9061775	8.80389169
7.29834737	7.63285462	8.49953394
7.48391662	7.82692919	8.71564494
5.796684	6.06236506	6.75072187
6.45954706	6.75560944	7.52268119
7.52659581	7.8715645	8.76534837
10.2171216	10.6854062	11.89869
14.2333256	14.8856869	16.575895
19.6604569	20.5615594	22.8962413
21.3456363	22.3239781	24.8587744
16.2034094	16.946065	18.8702213
11.8637864	12.4075421	13.8163694
8.698724	9.09741594	10.1303895
6.86151994	7.176006	7.99081225
6.18642181	6.46996594	7.20460413
5.79646938	6.06214081	6.75047181
5.54892875	5.80325456	6.46219012
5.39609425	5.64341519	6.28420194
5.42859131	5.67740181	6.32204725
5.56689294	5.82204213	6.48311112
5.60418775	5.86104612	6.52654406
5.16239469	5.39900431	6.01203919
5.83027037	6.097491	6.78983606
7.85238619	8.21228694	9.1447585
10.8393102	11.3361099	12.6232787
10.8247236	11.3208569	12.6062936
8.73036963	9.13051163	10.1672439
6.83999844	7.15349788	7.96574831
5.60244706	5.85922575	6.52451687
4.9424065	5.1689335	5.75584469
4.67380831	4.88802437	5.44303944
4.700752	4.91620287	5.47441775
4.70804737	4.92383275	5.48291369
4.852579	5.07498881	5.65123294
5.72332306	5.98564181	6.66528694
6.38973037	6.68259281	7.44137362
5.85197562	6.12019106	6.81511375
4.68937213	4.90430137	5.46116487
4.48015194	4.68549212	5.21751056
5.05039994	5.2818765	5.88161194
