#?RADIANCE
genskyvec -m 1
NROWS=146
NCOLS=1
NCOMP=3
FORMAT=ascii

19.6473694	20.5478737	22.881
27.1281662	28.3715381	31.5930112
25.4071263	26.5716181	29.5887175
24.86877	26.0085869	28.9617563
24.3909156	25.5088319	28.4052562
23.5790812	24.6597894	27.4598075
25.5240606	26.6939131	29.7248956
27.7704438	29.0432538	32.3409969
30.8778975	32.2931319	35.9598856
34.010425	35.5692331	39.6079725
42.1203262	44.05084	49.0526331
45.2272069	47.3001194	52.6708556
48.3500325	50.5660725	56.3076444
45.8699281	47.9722975	53.419355
40.9874438	42.8660344	47.7332962
36.8918937	38.5827737	42.9636875
31.7463644	33.2014044	36.97129
30.03789	31.414625	34.9816275
25.5798125	26.7522188	29.789825
23.2807094	24.3477419	27.1123269
24.4482994	25.5688456	28.4720819
23.1652388	24.2269788	26.9778525
25.5894137	26.7622619	29.8010069
25.6394394	26.8145794	29.8592656
29.1774513	30.5147494	33.9795756
32.5765344	34.069625	37.9380912
34.1932669	35.7604575	39.8209113
35.4441562	37.0686788	41.2776775
32.3239294	33.8054413	37.6439106
31.4114113	32.8510994	36.5812087
28.5788506	29.8887138	33.2824537
15.2605981	15.9600425	17.7722388
13.2983394	13.907845	15.4870238
14.289945	14.9449012	16.6418306
14.0517075	14.6957425	16.3643844
15.2410181	15.9395663	17.7494381
16.40011	17.1517819	19.0992925
19.3913575	20.2801262	22.5828519
23.1250187	24.184915	26.9310131
27.9176588	29.1972181	32.5124419
33.3026825	34.8290531	38.7837487
41.9686144	43.892175	48.8759513
46.7587781	48.9018875	54.4544956
42.6590869	44.6142938	49.6800656
35.1135581	36.7229288	40.8926681
28.2588225	29.5540181	32.9097569
22.6414594	23.6791913	26.3678669
20.7924194	21.7454056	24.2145069
16.7804613	17.5495656	19.5422456
14.9598131	15.64547	17.4219475
13.4914731	14.1098313	15.711945
13.3778281	13.9909788	15.5795969
13.9642294	14.6042588	16.2625113
13.6202462	14.2445062	15.8619113
16.0993325	16.8372194	18.7490169
17.3093525	18.1026988	20.1581844
18.2997781	19.1385175	21.3116169
17.3157019	18.10934	20.1655806
17.5830644	18.3889525	20.476945
16.34454	17.093665	19.0345794
15.9133444	16.6427031	18.5324144
9.56844431	10.0069983	11.1432528
9.21877519	9.64130181	10.7360326
9.66994831	10.1131539	11.2614619
11.2728044	11.7894731	13.1281194
13.2065938	13.8118956	15.3801794
16.3895044	17.14069	19.086945
21.64474	22.6367894	25.2071044
32.65044	34.1469181	38.02416
51.7729431	54.1458681	60.2939094
65.4246081	68.4232337	76.19241
47.8979606	50.0932812	55.7811687
27.2163706	28.4637862	31.6957331
18.9865606	19.8567781	22.1114325
14.8051531	15.4837219	17.2418356
12.2898812	12.8531669	14.3125919
10.7819411	11.2761131	12.5564694
9.62480488	10.0659414	11.2088881
9.88036562	10.3332161	11.5065106
9.78075088	10.2290348	11.3905001
9.62022619	10.0611517	11.2035546
10.4177279	10.8952066	12.1323131
10.5861017	11.0712968	12.3283987
9.82337269	10.2736109	11.4401369
9.99490375	10.4530038	11.6399
7.623242	7.97264031	8.87790125
7.98301019	8.34889781	9.29688119
8.66902169	9.06635163	10.0957979
9.68091131	10.1246204	11.2742294
11.9424875	12.4898506	13.9080237
14.1178644	14.7649306	16.4414294
20.5835263	21.5269362	23.9712319
35.320165	36.9390056	41.1332762
2084.53066323825	2088.02982763825	2097.09584703825
6202.59552565709	6207.67252465709	6220.82660065709
54.15217	56.6341412	63.0647175
26.5956431	27.8146106	30.9728463
18.5165337	19.3652075	21.5640462
13.402445	14.016725	15.6082656
10.952875	11.4548812	12.7555362
9.46964119	9.9036665	11.0281875
8.40476825	8.78998656	9.78805337
7.86407788	8.22451456	9.15837431
7.70773588	8.06100713	8.97630125
7.63874094	7.98884956	8.89595094
7.72475181	8.07880269	8.99611762
7.80653681	8.16433631	9.09136306
7.63223044	7.98204056	8.88836869
7.71034963	8.06374038	8.97934531
7.08668856	7.411495	8.25303994
7.78936019	8.14637244	9.07135938
8.96104356	9.37175775	10.4358824
11.0883225	11.596535	12.9132763
14.6028762	15.2721738	17.006265
25.8318794	27.0158394	30.0833769
45.5117825	47.5977381	53.0022669
1584.64030844371	1586.91174404371	1592.79683534371
28.7363631	30.0534456	33.4658931
16.5043675	17.2608181	19.2207131
12.0104144	12.5608919	13.98713
9.65172512	10.0940964	11.2402375
8.1644955	8.53870138	9.50823606
7.22701181	7.55824956	8.41645781
6.84616113	7.15994356	7.97292556
6.6809505	6.98716081	7.78052412
6.70652219	7.01390419	7.81030438
6.80089925	7.11260694	7.92021425
7.37285556	7.71077781	8.58630512
8.56866712	8.96139744	9.9789275
11.0055267	11.5099456	12.8168525
16.3874644	17.1385569	19.08457
21.4377325	22.4202956	24.9660288
19.988395	20.9045294	23.2781531
13.9885356	14.6296762	16.2908156
10.4674564	10.9472149	12.1902281
8.27151894	8.65063	9.63287356
7.27263737	7.60596631	8.46959281
6.73422975	7.04288181	7.84257206
6.91923825	7.23636975	8.05802988
8.20841031	8.58462881	9.559378
10.0323566	10.4921727	11.6835163
12.3698531	12.9368056	14.4057269
11.8856332	12.43039	13.8418087
8.77437475	9.17653338	10.2184921
7.755643	8.11110963	9.03209281
9.49619613	9.93143837	11.0591121
