#?RADIANCE
genskyvec -m 1
NROWS=146
NCOLS=1
NCOMP=3
FORMAT=ascii

26.2022756	27.4032119	30.5147331
28.9266625	30.2524675	33.6875106
29.7266419	31.0891125	34.6191531
29.923175	31.2946544	34.8480338
29.0381081	30.36902	33.8172981
25.8084175	26.9913031	30.0560544
24.6423038	25.7717431	28.6980181
23.9545844	25.0525006	27.8971094
22.8604206	23.9081887	26.622865
21.9676313	22.9744794	25.5831387
26.6920156	27.9153987	31.0850775
26.3724475	27.5811838	30.7129144
30.4146744	31.8086794	35.4204237
32.7315988	34.2317963	38.1186762
34.1506019	35.7158369	39.7712237
36.7093556	38.3918637	42.7511031
37.1864256	38.8908025	43.3066944
37.8146275	39.5477956	44.0382837
35.2963294	36.9140775	41.1055194
32.3717425	33.8554475	37.6995944
31.4675362	32.9097956	36.6465687
27.562985	28.8262881	32.099395
26.4825462	27.6963281	30.8411338
23.8713781	24.9654831	27.80021
23.8227544	24.9146294	27.7435844
24.8395238	25.9780006	28.9276975
25.5265031	26.6964687	29.7277406
27.4490956	28.7071788	31.9667606
26.7341019	27.9594144	31.1340925
28.153205	29.4435594	32.7867562
28.30648	29.6038606	32.9652563
16.11402	16.8525787	18.76612
14.55911	15.2264019	16.9552975
15.953515	16.6847169	18.5791994
14.9214231	15.6053206	17.37724
14.4286513	15.0899644	16.8033675
13.5140988	14.1334944	15.738295
14.5250675	15.1908006	16.9156531
15.2785863	15.9788538	17.7931887
15.9858831	16.7185688	18.6168944
16.0705588	16.8071263	18.715505
18.4912144	19.3387275	21.5345588
20.8343838	21.7892925	24.2633775
24.2832562	25.3962394	28.2798788
27.2654594	28.5151269	31.7529025
29.3972444	30.7446175	34.2355425
30.898735	32.3149262	35.9841544
31.1254975	32.5520813	36.2482369
28.2981362	29.5951325	32.95554
25.1029075	26.2534562	29.2344287
21.9328075	22.93806	25.5425819
19.731105	20.6354463	22.9785175
17.8101588	18.6264575	20.7414144
15.3429119	16.0461287	17.8681
15.1765069	15.8720944	17.6743069
14.7150038	15.3894413	17.1368506
14.8058113	15.4844094	17.2426
14.2046181	14.8556631	16.5424625
14.9834037	15.6701444	17.4494244
14.9264425	15.6105719	17.3830881
15.59629	16.31112	18.1631812
9.78996531	10.2386704	11.4012306
9.37100606	9.80050975	10.9133176
9.35411687	9.78284775	10.893649
9.93700919	10.3924561	11.5724763
10.1165742	10.5802521	11.7815956
10.7689541	11.2625313	12.5413456
11.8750312	12.4193031	13.8294644
13.6694863	14.2960044	15.9192594
15.4123769	16.1187762	17.9489975
19.1013169	19.9767938	22.2450763
23.5606481	24.6405112	27.4383394
30.4044488	31.7979856	35.4085162
34.4097044	35.9868144	40.0729688
32.5338825	34.0250194	37.8884194
25.6643225	26.8406019	29.8882419
20.4107738	21.3462681	23.7700488
16.1328813	16.8723038	18.7880844
14.2952219	14.95042	16.6479794
12.0331312	12.5846506	14.0135856
10.669554	11.158575	12.425585
10.1733173	10.6395941	11.8476756
9.89222812	10.3456212	11.5203256
9.43655444	9.86906237	10.9896531
9.81745081	10.267418	11.4332389
7.78415463	8.14092819	9.06529725
7.85522956	8.21526094	9.14807013
7.90583588	8.26818625	9.20700506
8.177562	8.55236669	9.52345312
8.85279219	9.25854506	10.3098152
9.44079356	9.87349631	10.9945912
10.825645	11.3218187	12.6073662
12.6925388	13.2742794	14.78152
15.5839269	16.2981894	18.1487812
19.7874919	20.6944162	23.0441844
29.1087706	30.4429225	33.8995925
50.1535981	52.4523044	58.4080494
60.9849488	63.78009	71.0220575
47.0160663	49.1709688	54.7541294
30.8247575	32.23756	35.8980019
22.1520294	23.16733	25.797885
16.3710406	17.1213775	19.0654425
13.3228512	13.9334831	15.5155719
11.2239513	11.7383825	13.0712275
9.85271113	10.3042947	11.4743025
8.98920612	9.40121112	10.4686796
8.42259269	8.80862813	9.80881169
8.05839406	8.42773675	9.38467194
7.97255175	8.33796044	9.2847015
7.54917269	7.89517619	8.791641
7.62649944	7.97604731	8.88169462
8.00491331	8.37180506	9.32238894
8.699235	9.09794975	10.1309845
9.80935181	10.2589473	11.4238075
12.3687319	12.9356306	14.4044194
15.9330031	16.6632675	18.5553119
27.4289575	28.6861156	31.9433069
50.8872619	53.2195931	59.2624588
7354.89418318374	7359.96258818374	7373.09436318374
1837.72541854119	1840.69092604119	1848.37429854119
30.0019631	31.3770519	34.9397869
17.6140206	18.4213294	20.512995
12.517875	13.09161	14.5781088
10.4008972	10.8776031	12.1127112
8.94525644	9.35524719	10.4174969
8.08863825	8.45936725	9.41989381
7.69123738	8.04375219	8.9570875
8.1288185	8.50138931	9.46668706
8.63133275	9.026935	10.051906
9.57658531	10.0155119	11.1527329
11.7073806	12.2439688	13.6342219
16.4350069	17.1882756	19.1399344
32.164385	33.6385838	37.4581081
1697.03408147074	1699.58114647074	1706.18037027074
36.3549087	38.0211744	42.3383231
18.0859887	18.9149313	21.0626425
12.2066313	12.7661013	14.2156394
9.34596394	9.7743205	10.8841544
8.61542694	9.01030037	10.0333828
9.95226062	10.4084051	11.5902369
11.2104377	11.7242494	13.0554869
15.2952413	15.9962731	17.8125837
22.3490762	23.3734087	26.0273644
15.0818444	15.7730956	17.5640662
11.2067296	11.72037	13.05117
13.1006113	13.7010531	15.2567531
