#?RADIANCE
genskyvec -m 1
NROWS=146
NCOLS=1
NCOMP=3
FORMAT=ascii

1.82543637	1.90910219	2.12587281
12.6945519	13.2763856	14.7838631
13.0227856	13.6196625	15.16612
13.7941275	14.4263575	16.0644119
15.4344669	16.14188	17.9747237
18.9442906	19.8125706	22.0622063
25.7481431	26.9282644	29.9858587
36.8013531	38.4880819	42.858245
62.7450762	65.6208894	73.0718725
525.513311347075	530.313195347075	542.749237347075
523.195872670048	527.661186170048	539.230386170048
66.6808044	69.7370056	77.6553569
38.0513844	39.7954056	44.3140119
24.9029119	26.0442944	29.0015163
18.637705	19.4919331	21.7051625
15.3601181	16.0641231	17.8881388
13.8605837	14.49586	16.1418038
12.8972561	13.4883794	15.0199288
12.6138325	13.1919669	14.6898606
12.4407675	13.0109687	14.4883094
12.7708819	13.3562131	14.8727575
12.9688844	13.56329	15.1033463
12.7810606	13.36686	14.88461
12.6475444	13.2272219	14.7291181
13.1121137	13.7130856	15.2701512
12.6792056	13.2603344	14.76599
13.0614694	13.6601194	15.2111694
12.7273296	13.3106662	14.8220381
12.7032044	13.285435	14.7939412
12.3180066	12.8825806	14.3453444
12.4096587	12.9784331	14.4520819
9.97274394	10.4298278	11.6140925
9.74913187	10.1959661	11.3536749
11.0473981	11.5537364	12.8656156
12.2050653	12.7644631	14.213815
15.4392094	16.1468394	17.9802487
20.0271844	20.9450962	23.3233244
29.64298	31.0016156	34.5217225
48.95852	51.2024512	57.0162794
85.40568	89.3201031	99.4620412
494.333288407312	497.433084607312	505.464382707312
47.133875	49.2941744	54.8913263
29.7093725	31.0710531	34.5990419
20.9509725	21.9112262	24.399155
15.1923062	15.8886187	17.6927062
12.3071425	12.87122	14.3326931
10.6791676	11.1686285	12.4367806
10.7285942	11.220322	12.4943433
9.62427438	10.0653873	11.2082715
9.5352945	9.97232812	11.1046455
9.24222394	9.66582687	10.7633405
9.43206756	9.86436988	10.9844287
9.70965006	10.1546749	11.3076974
9.291887	9.71776475	10.8211769
9.97019119	10.4271572	11.6111179
10.1023152	10.5653364	11.7649874
10.1881204	10.6550756	11.8649152
9.6982105	10.1427116	11.2943752
9.78392087	10.2323493	11.3941919
9.54666181	9.98421706	11.1178836
9.72208594	10.1676816	11.3221804
7.30771306	7.64264962	8.51044125
7.36969206	7.70746938	8.58262094
8.144331	8.5176125	9.48475287
10.4768856	10.9570773	12.2012081
14.3525894	15.0104144	16.7147856
22.1178387	23.1315712	25.7580656
32.8613413	34.3674837	38.2697731
38.535315	40.3015169	44.8775869
27.0021525	28.2397494	31.4462575
18.1304456	18.9614244	21.1144156
12.7784921	13.3641713	14.8816169
9.615882	10.0566101	11.1984959
8.13485662	8.50770381	9.47371969
7.36446744	7.70200531	8.57653644
7.20248606	7.53259994	8.3878955
7.18246106	7.511657	8.36457494
7.03213356	7.35443931	8.18950575
7.37853887	7.71672175	8.59292375
7.20776456	7.53812019	8.39404281
6.96052094	7.27954462	8.10610744
7.18543163	7.51476375	8.36803419
7.19341919	7.52311738	8.37733625
6.9147645	7.23169062	8.05281975
7.14515237	7.47263825	8.32112587
5.94873012	6.22138006	6.92779225
6.28284044	6.57080375	7.31689169
6.87147644	7.18641881	8.00240744
7.90814744	8.270604	9.20969719
10.4982093	10.9793769	12.2260406
12.8888688	13.4796081	15.0101625
16.458765	17.2131237	19.1676025
18.1937681	19.0276494	21.1881612
14.8377219	15.5177831	17.279765
11.8674175	12.4113406	13.8205988
9.08716788	9.50366175	10.5827641
7.29791888	7.63240669	8.49903531
6.65939938	6.9646215	7.75542581
6.18439781	6.46784912	7.20224706
5.96603212	6.239475	6.94794187
5.779317	6.044202	6.73049663
5.746256	6.00962569	6.69199425
5.77417431	6.03882356	6.72450725
5.865855	6.1347065	6.83127731
5.84391544	6.11176131	6.80572669
5.8615585	6.13021319	6.82627381
5.88099138	6.15053656	6.84890487
5.80858488	6.0748115	6.76458137
5.93155556	6.20341825	6.90779119
5.26940194	5.51091606	6.13665788
5.6631145	5.92267381	6.59516906
6.28219794	6.57013187	7.3161435
7.70140144	8.05438213	8.96892431
9.32111219	9.74832869	10.8552125
10.1539073	10.6192961	11.8250731
9.71150119	10.1566121	11.3098531
7.86574412	8.22625713	9.16031469
6.66487825	6.97035156	7.7618065
5.81483031	6.08134325	6.77185494
5.31572825	5.5593655	6.19060881
5.18996331	5.42783669	6.044145
5.123551	5.35838025	5.9668025
5.06297406	5.29502669	5.89625525
5.00826825	5.23781356	5.83254612
5.02661056	5.25699681	5.85390731
5.09443781	5.32793281	5.93289775
5.13631537	5.37172975	5.98166781
4.97881775	5.2070135	5.79824844
5.32072888	5.56459544	6.19643244
6.25542431	6.54213094	7.28496319
7.19584138	7.52565037	8.38015713
6.78890763	7.10006569	7.90624912
5.8780735	6.14748506	6.84550675
5.26421712	5.50549375	6.13061994
4.90141512	5.12606319	5.70810656
4.73921125	4.95642506	5.51920681
4.67689856	4.89125612	5.44663825
4.71720831	4.93341387	5.49358263
4.73688487	4.95399187	5.51649737
4.79217681	5.01181794	5.58088931
5.14541506	5.38124644	5.99226494
5.29013481	5.53259906	6.16080319
5.00958094	5.2391865	5.83407469
4.63313875	4.84549069	5.3956765
4.59496031	4.80556256	5.3512145
4.80393813	5.02411862	5.59458663
