#?RADIANCE
genskyvec -m 1
NROWS=146
NCOLS=1
NCOMP=3
FORMAT=ascii

21.0177269	21.9810387	24.476895
26.8524781	28.0832131	31.2719487
28.9313719	30.2573919	33.6929944
30.4544556	31.850285	35.4667544
31.3328644	32.7689531	36.4897325
29.9771113	31.3510619	34.9108469
29.5440994	30.8982025	34.4065662
28.8902237	30.21436	33.6450775
26.6573344	27.8791281	31.0446881
24.5481894	25.6733137	28.5884144
27.2032556	28.4500706	31.6804606
24.6551206	25.7851456	28.7129438
26.5138694	27.7290869	30.8776106
27.3855175	28.6406862	31.8927175
28.5624037	29.8715131	33.2633
32.6117188	34.1064219	37.9790663
37.3095044	39.0195225	43.4500306
42.8416512	44.8052256	49.8926763
49.5034388	51.772345	57.6508831
56.2822762	58.8618794	65.5454044
57.1416756	59.76067	66.5462469
54.2963544	56.7849369	63.2326337
47.0383738	49.1942988	54.7801081
40.2979013	42.1448875	46.9302675
35.4133025	37.03641	41.2417425
30.9073981	32.3239869	35.9942438
28.3698138	29.6700963	33.0390119
27.2086094	28.4556706	31.6866963
25.3043344	26.4641144	29.4690069
25.4970525	26.6656656	29.6934431
25.7729725	26.9542331	30.0147756
16.8470144	17.6191688	19.6197531
15.97199	16.704035	18.6007131
17.9429194	18.7653019	20.8960256
17.6969675	18.5080781	20.6095944
17.7046931	18.5161569	20.6185913
16.6151106	17.3766369	19.3496831
17.6286794	18.4366606	20.5300669
17.6333725	18.4415675	20.5355331
16.6353138	17.3977656	19.37321
14.6519719	15.32352	17.0634419
15.4988006	16.2091619	18.0496456
16.2277056	16.971475	18.8985181
18.5010206	19.3489819	21.54598
20.7852994	21.7379581	24.2062144
23.7781406	24.8679737	27.6916287
29.7494831	31.1129994	34.6457531
37.5673981	39.2892375	43.7503669
47.4015306	49.5740981	55.2030337
57.2049356	59.8268269	66.6199169
59.6457987	62.3795619	69.4625063
53.5831419	56.039035	62.4020375
42.84274	44.8063638	49.8939431
32.7165931	34.2161025	38.1012012
26.9816094	28.218265	31.4223331
22.6758019	23.7151081	26.4078619
20.1791213	21.1039962	23.5002694
17.4040306	18.201715	20.2684456
16.6417037	17.4044475	19.38065
15.8627038	16.5897438	18.4734406
16.187965	16.9299138	18.8522362
11.1902488	11.703135	13.0319775
10.8273586	11.3236137	12.6093631
10.940181	11.441605	12.7407531
11.7328881	12.270645	13.6639275
11.5983751	12.1299669	13.5072756
11.4928207	12.019575	13.3843481
11.3803137	11.9019106	13.2533231
11.5875288	12.1186231	13.4946425
11.6292669	12.1622756	13.5432513
13.2201075	13.8260281	15.3959175
15.2315394	15.9296519	17.7383981
20.1268637	21.0493431	23.4394113
27.9634394	29.2450969	32.5657575
41.2661069	43.1574694	48.0578244
62.1845138	65.034635	72.4190525
74.6065438	78.0260081	86.8855375
57.7269419	60.3727594	67.2278369
40.1014656	41.9394481	46.7015006
25.9959675	27.18745	30.2744712
19.3318525	20.2178981	22.5135556
15.4752563	16.1845381	18.0222262
13.3108512	13.9209319	15.5015963
11.622185	12.1548694	13.5350038
11.361235	11.8819588	13.231105
9.07714081	9.49317638	10.5710882
8.96453556	9.37541006	10.4399497
8.772272	9.174334	10.216042
8.8556735	9.26155831	10.313171
9.02399731	9.43759675	10.5091976
8.99880875	9.41125356	10.4798624
9.12777044	9.54612619	10.6300494
9.66226188	10.1051159	11.2525088
10.4782792	10.9585338	12.2028319
11.8803856	12.4249031	13.8357
14.5123019	15.17745	16.9007856
19.27338	20.1567425	22.4454581
25.8386794	27.0229512	30.0912963
44.0501062	46.0690675	51.3000219
1962.25779190177	1965.72041260177	1974.69175880177
5789.35890858138	5794.31262358138	5807.14726758138
74.03073	77.4238	86.2149587
43.5722956	45.5693587	50.7435725
26.5871375	27.8057144	30.9629406
18.4917188	19.3392556	21.5351481
14.3290125	14.9857587	16.6873306
11.7439425	12.2822062	13.6768
10.3350336	10.8087231	12.0360088
9.68158088	10.1253191	11.2750081
8.62710587	9.0225145	10.0469839
8.19256375	8.56805587	9.54092344
8.01855594	8.38607281	9.33827725
8.08974925	8.46052925	9.42118744
8.31644113	8.69761087	9.68518925
9.01321288	9.426318	10.4966369
10.1048733	10.568013	11.7679675
12.8830394	13.4735131	15.0033756
16.7333931	17.5003394	19.4874331
26.2381531	27.4407325	30.556515
39.5935444	41.4082469	46.1099838
2105.49727528789	2108.66447278789	2116.87039528789
63.6085737	66.5239644	74.0774862
32.0433431	33.5119962	37.317145
20.1361663	21.059075	23.450245
13.9542981	14.5938694	16.2509425
10.9115125	11.4116225	12.7073644
9.40663969	9.83777756	10.9548163
8.82773194	9.23233588	10.2806302
8.42584444	8.81202869	9.81259812
8.35055587	8.73328937	9.7249185
8.92597075	9.33507744	10.3950367
10.5384306	11.0214425	12.2728812
14.6771494	15.34985	17.0927637
22.08073	23.0927606	25.7148494
30.5206425	31.9195025	35.5438331
33.5331081	35.0700425	39.0521006
21.3887631	22.3690806	24.9089981
13.4200469	14.0351319	15.6287625
10.4355624	10.91386	12.1530856
10.3796032	10.8553329	12.0879125
10.0229531	10.4823371	11.6725631
11.6940569	12.2300344	13.6187044
15.9734469	16.7055631	18.6024125
16.9521587	17.7291325	19.7422044
13.603565	14.2270619	15.842485
12.4666525	13.0380387	14.518455
