#?RADIANCE
genskyvec -m 1
NROWS=146
NCOLS=1
NCOMP=3
FORMAT=ascii

0.386135306	0.403833169	0.449686756
5.62774975	5.88568806	6.553984
5.26888731	5.51037775	6.1360585
5.18109994	5.41856694	6.03382281
5.26659787	5.50798344	6.13339219
5.61503294	5.87238837	6.53917412
5.64217612	5.90077563	6.57078462
5.71961987	5.981769	6.66097444
5.76084856	6.02488744	6.70898863
6.06489688	6.34287094	7.06307831
5.46184912	5.71218363	6.36077875
5.75389762	6.01761787	6.70089362
5.35061431	5.59585062	6.23123656
5.24704625	5.48753569	6.11062288
5.29448356	5.53714712	6.16586762
5.30566538	5.54884163	6.17889
5.96059413	6.23378787	6.94160888
6.08652944	6.36549519	7.08827112
7.74275106	8.09762706	9.01707994
10.4130957	10.8903629	12.1269189
13.6246519	14.2491144	15.8670419
21.4472938	22.4302944	24.9771606
48.7928125902949	50.1728538902949	53.7484175902949
98.0735319958293	99.8830057958293	104.571199495829
47.4940361090942	48.9132055090942	52.5901543090942
18.347155	19.1880669	21.3667931
12.7509925	13.3354138	14.8495944
9.21837844	9.64088687	10.7355708
7.64877294	7.99934144	8.907634
6.39326613	6.68629069	7.44549175
5.87446481	6.14371094	6.84130394
5.51667788	5.7695255	6.42463156
5.18968294	5.42754313	6.04381844
5.34290288	5.58778581	6.22225613
5.36815438	5.61419462	6.2516635
5.4556215	5.70567062	6.35352631
5.42734687	5.67610006	6.320598
5.66629025	5.925995	6.59886756
5.78705888	6.05229888	6.73951275
5.70652144	5.96807006	6.64572
5.31736669	5.56107919	6.19251688
5.33782512	5.58247531	6.21634256
5.25099519	5.49166569	6.11522162
5.36169219	5.60743612	6.24413775
5.29593844	5.53866875	6.16756181
5.39550925	5.64280313	6.28352044
5.78666888	6.05189106	6.7390585
6.62731019	6.93106175	7.71805544
7.50253419	7.84640013	8.73732681
9.58503819	10.0243519	11.1625749
12.1635718	12.7210677	14.1654937
16.6498525	17.4129681	19.39014
23.5314144	24.6099356	27.4042944
24.9015719	26.0428938	28.9999588
23.4030988	24.4757412	27.2548619
17.2429125	18.0332119	20.0808094
12.9754231	13.5701306	15.1109619
9.28763881	9.71332125	10.8162295
7.48193869	7.82486056	8.7133415
6.33456613	6.62490012	7.37713056
5.83051587	6.09774756	6.79012194
4.14860394	4.33874831	4.83139531
3.90480237	4.08377231	4.547468
3.88573356	4.06382956	4.52526069
4.16990094	4.36102137	4.85619737
4.22632369	4.42003006	4.92190644
4.29970988	4.49677956	5.00737063
4.29409144	4.49090381	5.00082769
4.28593481	4.48237337	4.99132869
4.01730119	4.20142712	4.67848206
4.07198006	4.2586125	4.74216044
4.0333415	4.21820275	4.6971625
4.231851	4.42581063	4.92834319
4.50413881	4.71057825	5.24544512
4.98385556	5.21228213	5.80411544
6.25931375	6.54619862	7.28949269
8.20261331	8.57856631	9.55262788
10.6950139	11.1852035	12.4552364
14.3180913	14.9743376	16.6746106
13.3770846	13.9902025	15.5787319
10.0971758	10.5599629	11.759003
8.21310706	8.58954112	9.56484875
6.47717912	6.77404969	7.54321512
4.95336512	5.18039419	5.76860681
4.51884163	4.72595519	5.26256806
3.08089181	3.22209931	3.58795531
3.02481437	3.16345144	3.52264844
2.92140869	3.05530656	3.40222412
2.99260325	3.129764	3.48513594
3.10969837	3.25222619	3.62150306
3.09844481	3.240457	3.6083975
3.05759962	3.19773962	3.56082975
3.09988375	3.24196175	3.61007325
3.00265781	3.14027956	3.49684544
3.02357106	3.16215131	3.52120056
3.00885625	3.146762	3.50406381
3.00244525	3.14005713	3.49659794
3.23657288	3.38491544	3.76925869
3.74913981	3.9209755	4.36618625
4.40321956	4.60503375	5.12791637
4.94683575	5.17356544	5.76100256
5.97086012	6.24452438	6.95356469
6.80235144	7.11412594	7.92190569
7.19195238	7.52158331	8.37562819
6.35111588	6.64220869	7.39640413
5.39159388	5.63870844	6.27896075
4.4302845	4.633339	5.15943581
3.72667969	3.89748581	4.34002938
3.46292056	3.62163744	4.03285987
2.41073187	2.52122388	2.80749844
2.33053663	2.43735275	2.71410419
2.26081387	2.36443425	2.63290625
2.34231863	2.44967481	2.72782538
2.36162563	2.46986675	2.75030988
2.31422056	2.42028894	2.69510275
2.33232769	2.43922581	2.71619006
2.36021619	2.46839281	2.74866875
2.38938356	2.498897	2.78263638
2.58122975	2.69953594	3.00605706
2.69091106	2.8142445	3.13379037
3.25706956	3.40635181	3.79312906
3.80444788	3.97881825	4.43059688
4.01886006	4.20305763	4.68029762
3.71511706	3.88539306	4.32656356
3.31604062	3.46802581	3.86180594
2.97646625	3.11288762	3.46634338
2.61778663	2.7377685	3.04863088
1.995092	2.0865335	2.32345106
1.85398087	1.938955	2.15911525
1.88529	1.97169906	2.19557731
1.92348006	2.01163962	2.24005306
1.87867719	1.964783	2.18787619
1.9161245	2.003947	2.23148694
2.06035131	2.15478412	2.39945106
2.22067275	2.3224535	2.58615856
2.54458206	2.66120863	2.96337794
2.55914775	2.676442	2.98034106
2.46236537	2.57522356	2.86762963
2.09524775	2.19127975	2.44009056
1.726276	1.80539694	2.0103925
1.64402019	1.71937113	1.9145985
1.65364844	1.72944063	1.92581169
1.75092275	1.83117319	2.03909562
1.83469675	1.91878706	2.13665719
1.87213413	1.95794031	2.18025638
1.65226775	1.7279965	1.9242035
