#?RADIANCE
genskyvec -m 1
NROWS=146
NCOLS=1
NCOMP=3
FORMAT=ascii

0.413081731	0.432014644	0.481068119
5.82160025	6.0884235	6.77973888
6.05834294	6.33601694	7.05544569
6.51101975	6.80944125	7.5826255
7.53235144	7.87758425	8.77205188
9.73570919	10.1819289	11.3380461
13.101665	13.7021594	15.2579831
18.00059	18.8256169	20.9631888
54.7968248269694	56.0797205269694	59.4035842269694
154.968072848227	156.773696548227	161.451905948227
63.8044126707537	65.1991951707537	68.8129507707537
21.6865356	22.6805013	25.2557794
13.8423025	14.47674	16.1205162
10.0272144	10.4867936	11.6775279
8.06270363	8.432244	9.38969106
6.6825115	6.988793	7.78234187
6.22473131	6.51003119	7.24921856
5.52167775	5.77475444	6.43045425
5.68340925	5.94389856	6.61880387
5.68728625	5.94795319	6.62331913
5.68658988	5.947225	6.62250819
6.08269081	6.36148062	7.08380075
5.90613519	6.17683281	6.87818681
6.0714645	6.34973969	7.07072656
6.18841881	6.47205437	7.20692988
5.83435369	6.10176119	6.7945915
5.97385575	6.24765731	6.95705331
5.68125556	5.94164606	6.61629569
5.81385175	6.08031975	6.77071531
5.55795956	5.81269912	6.47270731
5.67404156	5.93410175	6.60789469
5.31990244	5.563731	6.19546981
5.34317669	5.58807219	6.22257481
6.12766269	6.40851362	7.13617431
6.9876795	7.30794806	8.13773563
8.84928575	9.254878	10.3057311
11.0648207	11.5719574	12.8859062
15.2613519	15.9608288	17.7731156
21.8032337	22.8025456	25.3916806
27.2318725	28.48	31.7137881
20.0640663	20.9836669	23.3662769
16.0446838	16.7800638	18.6853719
11.8447252	12.3876088	13.7941725
9.43041544	9.86264219	10.9825059
7.391806	7.73059675	8.60837456
6.26358725	6.55066806	7.29446975
5.55332237	5.80784944	6.46730675
5.5506255	5.80502906	6.46416631
5.04440375	5.27560544	5.87462875
5.04957088	5.28100931	5.88064619
4.97690856	5.20501669	5.79602519
5.11763325	5.35219125	5.95991063
5.32003994	5.56387488	6.19563019
5.16017375	5.39668163	6.00945294
5.48395488	5.73530256	6.38652275
5.55656081	5.81123625	6.47107837
5.54855669	5.80286519	6.46175694
5.25195181	5.49266606	6.11633587
5.21708838	5.45620481	6.07573456
5.07245431	5.30494169	5.907296
5.16322944	5.39987725	6.01301125
3.8660655	4.04326	4.50235588
3.91485044	4.09428087	4.55916963
4.40754244	4.60955475	5.13295088
5.76350275	6.02766312	6.71207962
7.47342906	7.81596069	8.70343112
10.0941063	10.5567529	11.7554272
12.3716394	12.9386718	14.407805
12.5666474	13.142619	14.6349104
9.475916	9.910229	11.0354929
7.39277137	7.73160619	8.60949894
5.81347419	6.079925	6.77027569
4.75586769	4.97384462	5.53860444
4.13614519	4.3257185	4.81688613
3.76730931	3.93997756	4.38734588
3.74004044	3.91145894	4.35558888
3.78387981	3.95730762	4.4066435
3.73718019	3.9084675	4.352258
4.00590669	4.18951075	4.66521256
3.90776994	4.08687606	4.550924
3.72722456	3.89805563	4.34066387
3.85660275	4.03336363	4.49133538
3.83258788	4.008248	4.46336825
3.61081606	3.77631163	4.20509631
3.74254306	3.91407619	4.35850344
2.8733935	3.00509075	3.34630638
3.07579294	3.21676669	3.58201738
3.36072344	3.51475644	3.91384256
3.86397512	4.04107406	4.49992125
4.90518675	5.13000756	5.71249906
5.59578412	5.85225731	6.51675725
6.26906125	6.556393	7.30084438
6.51694112	6.81563406	7.58952131
5.49191475	5.74362744	6.39579275
4.73745531	4.95458838	5.51716188
3.90776625	4.08687219	4.55091975
3.27035181	3.42024269	3.80859731
3.07769475	3.21875556	3.58423213
2.9323175	3.06671512	3.41492806
2.86322344	2.99445437	3.3344625
2.77061525	2.89760181	3.22661269
2.78553062	2.91320069	3.2439825
2.83070575	2.96044638	3.29659287
2.91433556	3.04790912	3.39398681
2.89446219	3.02712488	3.37084238
2.89603619	3.02877106	3.37267563
2.88958444	3.02202337	3.36516175
2.81415525	2.94313719	3.2773185
2.89268525	3.0252665	3.36877312
2.31061512	2.41651819	2.690904
2.502937	2.61765475	2.914879
2.73454681	2.85988019	3.18460787
3.27566137	3.4257955	3.81478075
3.72683181	3.89764481	4.34020631
3.79099294	3.96474644	4.41492725
3.63242594	3.798912	4.23026287
3.11736994	3.26024938	3.63043737
2.74136388	2.86700956	3.19254675
2.47677769	2.59029656	2.88441419
2.25626956	2.35968194	2.62761406
2.26377056	2.36752663	2.63634975
2.26771019	2.37164694	2.64093775
2.24471344	2.34759613	2.614156
2.20172756	2.30264	2.56409531
2.21108219	2.31242344	2.57498962
2.25061431	2.35376737	2.62102794
2.25589488	2.35928987	2.62717756
2.0171545	2.10960731	2.34914456
2.11187244	2.20866656	2.4594515
2.44978138	2.56206294	2.85297469
2.71502956	2.83946825	3.16187831
2.52711556	2.64294169	2.94303675
2.241519	2.34425512	2.61043581
2.06503525	2.15968256	2.40490569
1.94123575	2.03020894	2.260731
1.909365	1.9968775	2.22361456
1.88428156	1.97064431	2.19440281
1.92365713	2.01182469	2.24025913
1.89599494	1.98289463	2.20804431
1.80770463	1.89055775	2.10522275
1.90854756	1.99602244	2.22266269
1.940498	2.02943756	2.25987181
1.861517	1.94683644	2.16789175
1.73164094	1.81100787	2.01664025
1.73817244	1.81783875	2.02424694
1.76356075	1.84439075	2.05381356
