#?RADIANCE
genskyvec -m 1
NROWS=146
NCOLS=1
NCOMP=3
FORMAT=ascii

9.42743875	9.85952975	10.9790375
25.5251825	26.6950844	29.7262031
26.3349444	27.5419644	30.6692406
27.2926294	28.5435419	31.7845438
28.4081881	29.7102294	33.0837037
28.8622956	30.1851488	33.6125475
28.8439787	30.1659925	33.5912194
29.045335	30.3765819	33.8257162
27.6259325	28.8921206	32.1727025
27.084085	28.3254381	31.5416756
27.3298856	28.5825031	31.8279325
26.0437781	27.23745	30.3301506
25.7384038	26.9180806	29.9745187
25.4079125	26.5724406	29.5896287
25.6228044	26.7971813	29.8398919
27.7884069	29.0620394	32.361915
32.150645	33.6242162	37.4421063
36.9198188	38.6119756	42.9962075
48.0926319	50.2968763	56.0078812
68.4024975	71.5376106	79.6604119
85.6302525	89.5549794	99.7235788
109.376582	114.389675	127.378169
97.5430906	102.013812	113.597069
83.3938619	87.2160756	97.1191006
62.5219294	65.3875169	72.8120025
44.1835669	46.2086431	51.4554462
36.1663163	37.8239387	42.1186925
30.4778375	31.8747356	35.4939825
27.4695269	28.7285463	31.9905544
25.5106637	26.6799019	29.709295
25.0250538	26.1720344	29.1437637
18.3750169	19.2172056	21.39924
17.2507244	18.0413825	20.0899075
19.2318944	20.1133563	22.3971462
19.2546419	20.1371462	22.4236356
19.6370881	20.53712	22.8690263
18.8386119	19.7020469	21.939135
20.30536	21.2360231	23.6472856
20.6472575	21.59359	24.0454538
19.5886512	20.4864625	22.8126169
16.7961031	17.565925	19.5604631
17.2223281	18.0116831	20.0568362
17.1056137	17.88962	19.9209125
18.5093437	19.3576887	21.555675
19.2194812	20.100375	22.3826887
20.6520488	21.5986	24.0510338
24.5922269	25.7193713	28.6397012
32.0913731	33.5622269	37.3730794
41.4884087	43.3899587	48.3167106
62.3317456	65.1886156	72.5905144
90.51592	94.6645594	105.413331
123.179213	128.824931	143.452481
116.023675	121.341412	135.119237
79.353805	82.9908519	92.414125
54.4074469	56.9011206	63.3620106
38.9432563	40.7281531	45.3526688
30.5934344	31.9956319	35.6286062
23.4861294	24.5625769	27.3515575
20.65364	21.6002675	24.0528863
18.5636538	19.4144875	21.6189225
18.2193062	19.0543569	21.2179019
11.7937106	12.3342569	13.73476
11.2213682	11.7356794	13.0682187
11.3641081	11.8849631	13.23445
12.5204313	13.0942825	14.581085
12.5699081	13.1460287	14.6387063
12.6033913	13.1810462	14.6776994
12.3959112	12.964055	14.4360712
12.2795597	12.8423719	14.3005706
11.4307325	11.9546406	13.3120419
12.0523731	12.6047719	14.0359944
12.59547	13.1727619	14.6684737
14.8698488	15.5513837	17.3171781
18.4128156	19.2567344	21.4432587
24.8070375	25.9440256	28.8898644
40.3732569	42.2236975	47.0180238
70.6264531	73.8634994	82.2503944
3092.7342918524	3098.6010918524	3113.8014918524
1359.39998334812	1363.99611434812	1375.90431634812
49.7615888	52.0423256	57.9515194
30.04127	31.4181587	34.9855625
21.1618631	22.1317819	24.644755
16.4501137	17.2040775	19.1575294
13.05313	13.6513962	15.2014569
12.3441519	12.9099244	14.3757931
8.63429081	9.03002825	10.0553518
8.525111	8.915845	9.92820275
8.27320462	8.65239288	9.63483681
8.45932244	8.847041	9.85158613
8.74404025	9.14480869	10.1831639
8.64865569	9.045052	10.0720813
8.47800987	8.86658525	9.87334925
8.64407938	9.04026619	10.0667509
8.57921181	8.97242531	9.99120706
8.99449225	9.40673906	10.4748375
9.71739037	10.162771	11.3167131
10.9992888	11.5034244	12.8095894
13.3649794	13.97754	15.5646331
19.4287469	20.3192294	22.6263938
29.304775	30.64791	34.127855
41.0479044	42.9292644	47.8037081
1215.94602573385	1218.64557633385	1225.63988323385
54.1595681	56.6418806	63.0733319
36.0532306	37.70567	41.9869944
23.30526	24.3734175	27.1409194
16.560845	17.3198831	19.2864844
12.5101094	13.0834894	14.5690663
10.374284	10.8497733	12.08172
9.56090444	9.99911263	11.1344706
7.20284506	7.53297525	8.38831363
6.84682344	7.160636	7.97369681
6.61330325	6.91641294	7.70174344
6.748316	7.05761388	7.85897688
6.78792731	7.09904044	7.9051075
6.78059144	7.09136838	7.89656419
7.05245062	7.37568781	8.21316687
7.79792581	8.1553305	9.08133519
8.80258756	9.2060395	10.2513467
11.3819404	11.9036113	13.2552175
14.3152612	14.971375	16.6713137
21.961135	22.9676837	25.5755725
28.9159312	30.2412444	33.6750131
24.6616106	25.7919337	28.7205013
17.4150494	18.2132375	20.2812763
12.2477631	12.8091194	14.2635419
9.55205537	9.98985781	11.1241656
7.98162225	8.34744638	9.29526481
6.46828594	6.76474875	7.53285831
5.9532315	6.22608775	6.9330345
5.89182906	6.16187106	6.86152625
6.03089388	6.30730956	7.02347875
6.29469444	6.58320106	7.33069637
7.32308037	7.65872144	8.52833775
9.2634065	9.68797862	10.7880084
11.7032936	12.239695	13.6294619
14.9941819	15.681415	17.4619756
12.9367676	13.5297025	15.0659431
9.72350862	10.1691704	11.3238379
7.40926619	7.74885731	8.62870838
6.38483037	6.677468	7.43566719
5.93055488	6.20237188	6.90662569
6.26748869	6.55474837	7.29901306
7.48797531	7.831174	8.720372
8.42851494	8.81482138	9.81570831
7.86938969	8.23006994	9.16456031
6.66777644	6.97338263	7.76518175
