#?RADIANCE
genskyvec -m 1
NROWS=146
NCOLS=1
NCOMP=3
FORMAT=ascii

22.9068794	23.9567775	26.6769719
32.7848094	34.2874431	38.1806438
36.6824381	38.3637138	42.7197569
39.2492131	41.0481331	45.7089787
40.4762631	42.3314244	47.137985
37.7409437	39.4707363	43.9524763
36.5922194	38.2693613	42.61469
34.7502606	36.34298	40.4695787
30.8684225	32.2832244	35.9488519
27.1351031	28.378795	31.6010919
30.5212812	31.9201725	35.5445769
26.7654194	27.9921662	31.1705631
29.5313169	30.8848356	34.3916819
30.9506388	32.3692087	36.0445987
32.5469044	34.0386375	37.9035844
37.4161056	39.1310087	43.574175
41.4279962	43.3267775	48.2463563
47.0621044	49.2191156	54.807745
50.2650269	52.56884	58.5378156
53.2773425	55.7192188	62.0459081
53.7122425	56.1740519	62.5523844
49.0350231	51.2824588	57.1053719
44.6119875	46.6567019	51.9543788
38.6942556	40.4677406	45.0626869
35.5300881	37.1585494	41.3777494
32.3042838	33.784895	37.6210313
30.0055912	31.3808462	34.9440131
29.6956975	31.0567494	34.5831163
27.9124656	29.191785	32.5063931
29.2447806	30.5851656	34.0579844
30.6528106	32.0577294	35.6977538
18.5995763	19.4520556	21.6607569
17.7499588	18.5634981	20.6713069
20.5106912	21.4507619	23.8864081
20.1297925	21.0524081	23.4428219
19.9290019	20.8424156	23.2089856
18.2293513	19.0648637	21.2295988
19.2042406	20.0844331	22.3649387
18.8224056	19.6850981	21.9202612
17.3137819	18.1073288	20.1633425
15.1234487	15.8166088	17.6125175
16.2215881	16.9650775	18.8913931
17.3532475	18.1486037	20.2093044
20.1746694	21.0993394	23.4950837
22.8809125	23.9296194	26.6467312
25.8740562	27.0599481	30.132495
31.1009594	32.5264175	36.21966
37.6684444	39.3949119	43.8680419
44.2447925	46.2726775	51.5267506
48.9731937	51.2177962	57.0333669
47.4958038	49.6726944	55.3128231
41.66466	43.5742881	48.5219725
34.63234	36.219655	40.3322475
27.8734737	29.1510069	32.4609831
24.7975431	25.9340981	28.8788069
21.701845	22.6965106	25.2736081
19.7608988	20.6666056	23.0132144
17.3099069	18.1032775	20.1588306
16.9205925	17.6961194	19.7054406
16.4898887	17.2456738	19.20385
17.3124806	18.10597	20.1618275
11.6309825	12.1640669	13.5452488
11.3152537	11.8338694	13.1775563
11.5197688	12.0477575	13.4157319
12.4423794	13.012655	14.4901888
12.1490113	12.7058425	14.1485388
11.8850113	12.4297394	13.8410869
11.7193694	12.2565069	13.6481813
12.0613344	12.6141456	14.04643
12.443685	13.0140213	14.4917094
14.5353869	15.2015919	16.9276706
16.92901	17.7049225	19.715245
21.910735	22.9149756	25.5168788
29.4403706	30.7897181	34.2857656
42.5800475	44.5316325	49.5880156
59.8759938	62.6203044	69.7305856
61.1464606	63.949005	71.2101519
42.542785	44.4926631	49.5446231
30.7220531	32.1301444	35.7783919
22.053495	23.0642806	25.6831344
17.680525	18.4908831	20.5904475
14.9632412	15.6490556	17.4259406
13.1709894	13.7746581	15.338715
11.6762375	12.2114	13.5979531
11.5781019	12.108765	13.483665
9.31048269	9.73721294	10.8428325
9.2323895	9.65554	10.7518887
9.06217913	9.47752881	10.5536638
9.15249087	9.57197925	10.6588388
9.33975069	9.76782269	10.8769188
9.34044856	9.76855181	10.87773
9.63119175	10.0726208	11.2163263
10.4117667	10.8889731	12.1253706
11.6204544	12.1530581	13.5329887
13.3594744	13.9717831	15.5582213
16.2690019	17.0146631	18.9466094
21.3853881	22.3655494	24.9050687
28.7792106	30.0982563	33.5157906
52.8027125	55.2228363	61.4931644
3068.7110719336	3073.1907853336	3084.7973523336
3563.27588327523	3568.49663427523	3582.02312927523
59.9342238	62.6812056	69.7984006
33.9772394	35.5345275	39.5693287
22.0039194	23.0124325	25.6253994
16.7145306	17.4806119	19.4654631
13.8066794	14.4394844	16.0790294
11.7346856	12.2725244	13.6660194
10.4788026	10.9590806	12.2034375
9.8576125	10.3094192	11.4800119
9.01299144	9.42608644	10.49638
8.58167381	8.97500025	9.99407456
8.45622838	8.84380525	9.84798313
8.57295794	8.96588488	9.98392463
8.94267106	9.35254306	10.4144856
9.99456081	10.4526459	11.6394994
11.3864919	11.9083731	13.26052
14.5474369	15.2141956	16.9417037
18.7854437	19.6464425	21.8772156
30.7599156	32.1697444	35.82249
52.194935	54.5872013	60.7853563
3766.85586398638	3771.38042848638	3783.10320748638
62.4975619	65.36203	72.7836219
27.5893131	28.8538219	32.1300556
18.0918494	18.9210575	21.0694669
13.5356544	14.1560369	15.7633975
11.1043762	11.6133281	12.9319725
9.75920825	10.2065058	11.3654131
9.41993844	9.85168531	10.9703038
9.13316431	9.55176763	10.6363337
9.15489244	9.57449175	10.6616352
9.96005669	10.4165593	11.5993169
11.8727069	12.4168706	13.8267556
16.4140538	17.1663644	19.115535
25.3801737	26.54343	29.5573269
36.02261	37.6736462	41.951335
34.8363012	36.4329669	40.56978
20.2757981	21.2051075	23.6128587
13.327235	13.938065	15.5206744
10.9117381	11.4118588	12.7076275
11.1438498	11.6546088	12.9779431
11.0167806	11.5217156	12.8299594
12.8937131	13.4846738	15.0158031
17.4119838	18.2100338	20.2777081
17.5479713	18.3522537	20.4360762
13.9870537	14.6281275	16.2890913
13.3745494	13.9875506	15.57578
