#?RADIANCE
genskyvec -m 1
NROWS=146
NCOLS=1
NCOMP=3
FORMAT=ascii

26.28257	27.4871869	30.6082444
32.5362044	34.0274456	37.8911231
33.5504306	35.0881588	39.0722725
33.84931	35.4007356	39.4203437
32.9002556	34.4081831	38.3150913
29.2584681	30.5994806	34.0739256
27.8335081	29.1092088	32.4144406
26.9007975	28.13375	31.3282219
25.4924675	26.6608725	29.6881044
24.4398131	25.5599706	28.4622012
29.5464644	30.9006769	34.4093213
29.2093431	30.5481019	34.0167138
33.7749269	35.3229425	39.3337175
36.502105	38.1751169	42.5097456
38.2995769	40.0549738	44.6030525
41.478195	43.3792769	48.3048144
42.4609706	44.4070975	49.44934
43.2355769	45.2172063	50.3514344
40.6827906	42.5474163	47.3785025
37.37607	39.0891369	43.5275494
36.1763375	37.8344212	42.1303631
31.6778919	33.1297944	36.8915469
30.1188719	31.4993194	35.0759375
27.0196781	28.2580781	31.4666681
26.7922137	28.0201913	31.20177
27.6237537	28.8898406	32.1701638
28.3471369	29.6463806	33.0126044
30.4293731	31.8240537	35.4375444
29.72088	31.0830875	34.6124444
31.3407562	32.7772069	36.4989244
31.7116162	33.1650638	36.9308206
18.1167387	18.9470881	21.0984537
16.414445	17.1667719	19.11599
18.0312694	18.8577025	20.9989162
16.8742031	17.6476044	19.6514163
16.2881244	17.0346619	18.9688787
15.1908475	15.8870944	17.69101
16.2748263	17.0207556	18.9533912
17.03191	17.8125394	19.8350794
17.7282706	18.5408163	20.64605
17.7963862	18.612055	20.725375
20.49691	21.4363506	23.8703613
23.1612481	24.2228031	26.973205
27.1184425	28.3613706	31.5816881
30.6630575	32.0684494	35.7096888
33.3679537	34.8973181	38.8597669
35.5931106	37.2244606	41.451145
36.1560137	37.8131644	42.1066937
33.27627	34.8014313	38.7529913
29.5064244	30.8588012	34.3626925
25.7176519	26.8963769	29.9503494
22.9916944	24.0454781	26.7757456
20.6009213	21.54513	23.9914925
17.6473594	18.4561956	20.5518206
17.2755819	18.0673781	20.118855
16.6115794	17.3729456	19.3455706
16.6110144	17.3723531	19.3449125
15.8875244	16.6157006	18.502345
16.7318062	17.4986819	19.4855844
16.6908725	17.45587	19.4379125
17.476255	18.2772488	20.3525556
11.0320161	11.53765	12.8477025
10.5701777	11.0546425	12.3098531
10.5484511	11.0319231	12.2845512
11.1836774	11.6962613	13.0243244
11.3387256	11.8584187	13.2048938
12.0127069	12.5632887	13.9897987
13.20517	13.8104056	15.3785213
15.1877313	15.8838356	17.6873788
17.16337	17.9500206	19.9881737
21.3119444	22.2887406	24.8195375
26.3248037	27.5313556	30.6574294
34.3728331	35.9482537	40.0300306
40.0319594	41.8667569	46.620555
39.004855	40.7925788	45.4244075
31.057205	32.4806581	36.1687044
24.4530562	25.5738194	28.4776231
19.0671306	19.94104	22.2052644
16.697945	17.4632669	19.4461481
13.92639	14.5646819	16.2184431
12.2669419	12.8291781	14.2858781
11.5749094	12.1054281	13.4799506
11.1823181	11.6948419	13.0227425
10.6442019	11.1320612	12.3960619
11.0507201	11.5572119	12.8694844
8.8243965	9.22884744	10.2767454
8.88950431	9.29693956	10.3525693
8.93247	9.34187456	10.4026062
9.21741819	9.63988325	10.7344519
9.9427595	10.3984688	11.5791719
10.5843281	11.0694431	12.3263344
12.1257844	12.6815494	14.1214875
14.2109644	14.8622994	16.549855
17.4351062	18.2342156	20.3046375
22.0234306	23.0328369	25.6481225
31.9574688	33.422185	37.2171375
54.3404469	56.8310469	63.2839806
68.8665569	72.0229375	80.2008431
57.9031637	60.5570575	67.4330613
38.6281869	40.3986456	44.9857481
27.4385925	28.6961937	31.9545287
19.8184112	20.726755	23.0801919
15.8439469	16.5701256	18.4515975
13.1589331	13.7620488	15.3246737
11.4435969	11.9680963	13.327025
10.3564317	10.8311012	12.0609294
9.63008931	10.0714683	11.2150419
9.17805931	9.59872013	10.688615
9.04586731	9.46046944	10.5346669
8.63026162	9.02581494	10.0506591
8.68284544	9.08080875	10.1118978
9.09172025	9.50842381	10.5880656
9.8445475	10.2957551	11.4647969
11.0865869	11.5947231	12.9112562
13.9708288	14.6111575	16.270195
17.8904963	18.7104762	20.834975
30.0182562	31.3940912	34.9587619
53.9199994	56.3913306	62.7943369
6267.30870691183	6272.93585991183	6287.51528591183
2458.61955607927	2462.39501917927	2472.17691107927
38.0662894	39.8109919	44.33137
21.6825563	22.6763394	25.2511444
14.9806663	15.66728	17.4462344
12.2653369	12.8274969	14.2840069
10.4239717	10.9017375	12.139585
9.33701694	9.76496263	10.8737344
8.82763944	9.23223919	10.280522
9.36045931	9.78948038	10.901035
9.91307256	10.3674206	11.5445988
10.9493063	11.4511494	12.7513812
13.34447	13.9560906	15.5407488
18.6430025	19.4974731	21.7113312
35.801035	37.441915	41.6932919
1971.75394456673	1974.69186766673	1982.30375516673
45.0213444	47.0848225	52.43111
22.2224025	23.2409288	25.8798413
14.6031531	15.2724638	17.0065894
10.9501206	11.4520013	12.7523294
10.0094258	10.4681912	11.6568113
11.5964694	12.1279725	13.5050562
13.0088256	13.6050631	15.1498631
17.7330912	18.5458575	20.6516638
26.1760681	27.3758013	30.4842119
18.0126594	18.83824	20.9772444
13.2320381	13.8385063	15.40981
15.39002	16.0953944	17.9229606
