#?RADIANCE
genskyvec -m 1
NROWS=146
NCOLS=1
NCOMP=3
FORMAT=ascii

24.5970887	25.724455	28.6453612
31.7774331	33.2338975	37.0074712
33.02859	34.5424006	38.4645475
33.49111	35.0261175	39.0031913
32.7126238	34.2119519	38.0965787
29.20498	30.5435419	34.0116363
27.7048962	28.9747031	32.2646613
26.6359294	27.8567406	31.0197606
24.95624	26.1000669	29.0636231
23.7000544	24.786305	27.6006894
28.3630169	29.6629875	33.0310994
27.8343456	29.1100856	32.4154162
32.0959975	33.5670619	37.3784663
34.7202963	36.3116413	40.4346806
36.5688012	38.2448719	42.5874187
39.9410281	41.7716563	46.5146588
41.4280519	43.3268375	48.2464225
42.555545	44.5060063	49.5594806
40.6301431	42.4923569	47.3171887
37.68935	39.4167769	43.8923925
36.4861512	38.1584313	42.491165
32.088945	33.5596862	37.3702506
30.2565106	31.6432675	35.2362306
27.0301081	28.2689875	31.4788163
26.5119356	27.7270669	30.8753613
26.8912013	28.123715	31.3170475
27.3863506	28.6415563	31.8936887
29.2257406	30.5652544	34.0358119
28.6074975	29.9186744	33.3158181
30.2132231	31.5979956	35.1858175
30.7906675	32.2019056	35.8583006
17.8118794	18.6282575	20.74342
16.2277956	16.9715688	18.8986219
17.9095144	18.7303675	20.8571237
16.8103163	17.5807875	19.5770137
16.2052381	16.9479775	18.8723506
15.0139925	15.7021331	17.4850469
16.0029569	16.736425	18.6367781
16.5762331	17.3359762	19.3044056
17.0146394	17.7944769	19.8149656
16.8820931	17.6558569	19.6606056
19.3531494	20.2401669	22.5383562
21.8001537	22.7993269	25.3880975
25.5674844	26.7393269	29.7754681
28.9713831	30.299235	33.73959
31.8023475	33.2599544	37.0364856
34.6599162	36.2484944	40.364365
35.9388556	37.5860531	41.8537969
33.8574706	35.4092688	39.4298494
30.30596	31.6949813	35.2938169
26.4929125	27.7071712	30.8532062
23.6341962	24.7174331	27.5239931
21.0902194	22.0568556	24.56132
17.9814569	18.8056069	20.9409069
17.4055038	18.2032569	20.2701606
16.5480094	17.3064588	19.2715356
16.3792775	17.1299925	19.0750331
15.5591775	16.2723062	18.1199594
16.30928	17.0567875	18.9935169
16.2827706	17.0290625	18.9626438
17.0943294	17.8778187	19.9077719
10.8591	11.3568094	12.6463294
10.4130559	10.8903191	12.1268719
10.390397	10.8666208	12.1004831
10.9989294	11.5030456	12.8091694
11.0573195	11.5641125	12.87717
11.5789619	12.1096662	13.4846687
12.5791606	13.1557056	14.64948
14.3258163	14.9824138	16.6836069
16.0549525	16.7908056	18.6973312
19.7821219	20.6888038	23.0379325
24.2030262	25.3123331	28.1864438
31.8975069	33.3594756	37.1473038
38.8048544	40.58341	45.1914906
39.9660413	41.7978169	46.5437869
32.7683063	34.2701863	38.161425
25.6786513	26.8555875	29.9049313
19.7829425	20.6896606	23.0388869
17.1787544	17.9661156	20.0060919
14.2068244	14.8579713	16.5450325
12.413395	12.98234	14.4564306
11.5748519	12.1053656	13.47988
11.0788119	11.5865894	12.9022019
10.4911375	10.97198	12.2178031
10.858901	11.3566009	12.6460944
8.67596063	9.07360856	10.1038792
8.71685725	9.11637938	10.1515074
8.71621812	9.11571113	10.1507628
8.95351888	9.36388838	10.4271187
9.57251912	10.0112586	11.1479963
10.113073	10.5765875	11.7775162
11.4570156	11.9821288	13.3426506
13.296075	13.9054781	15.48439
16.0754675	16.8122588	18.7212212
19.9394069	20.8532944	23.2211012
28.0854631	29.3727138	32.7078656
46.8229425	48.9689944	54.5292244
63.1523906	66.0468738	73.546225
62.0396462	64.8831281	72.2503419
42.9583906	44.927315	50.0286281
29.9653031	31.3387125	34.8970956
20.9701519	21.9312838	24.4214913
16.4279875	17.1809362	19.1317619
13.4687087	14.0860244	15.6854344
11.6102656	12.1424	13.5211225
10.4205793	10.8981862	12.1356325
9.60179394	10.041875	11.1820906
9.09490163	9.51175112	10.5917713
8.92428469	9.33331413	10.3930732
8.4769225	8.86544794	9.87208231
8.46619994	8.854234	9.85959631
8.79180881	9.1947665	10.238794
9.43220219	9.86451075	10.9845869
10.521056	11.0032706	12.2526456
13.0353456	13.6327981	15.1807475
16.3347856	17.0834631	19.0232194
26.0759281	27.2710731	30.36759
44.9132169	46.9717394	52.3051881
4413.21280394027	4418.12692794027	4430.85899194027
3516.14680680634	3520.47963370634	3531.70561640634
43.0165244	44.9881131	50.09633
23.2456238	24.3110469	27.0714669
15.47472	16.1839769	18.0216019
12.4650644	13.03638	14.5166062
10.4801983	10.9605406	12.2050656
9.30373125	9.7301515	10.83497
8.72834063	9.12838931	10.1648814
9.16268094	9.58263725	10.6707063
9.59973337	10.0397212	11.1796894
10.465506	10.9451754	12.187955
12.5415663	13.1163881	14.6057019
17.08397	17.8669844	19.8957075
31.6269256	33.0764919	36.8321912
2038.77730532129	2041.52912962129	2048.65887902129
47.9647962	50.1631819	55.8590062
23.3830938	24.4548188	27.2315644
14.869085	15.550585	17.3162912
10.9562081	11.4583663	12.7594175
9.89664525	10.3502424	11.5254706
11.3204244	11.8392744	13.1835775
12.4971744	13.0699612	14.5540012
16.7396425	17.5068744	19.4947094
24.9556256	26.0994275	29.0629087
17.8991613	18.7195375	20.8450644
13.1120544	13.7130225	15.2700806
14.9276694	15.6118538	17.384515
