#?RADIANCE
genskyvec -m 1
NROWS=146
NCOLS=1
NCOMP=3
FORMAT=ascii

10.3086937	10.7811731	12.0053325
26.8541338	28.0849463	31.2738763
27.6771481	28.9456825	32.2323462
28.6349181	29.9473506	33.3477488
29.74019	31.1032806	34.6349294
30.1596406	31.5419569	35.1234162
30.09528	31.474645	35.0484619
30.2700825	31.6574619	35.252035
28.8051113	30.1253444	33.545955
28.2526625	29.5475763	32.9025825
28.5185619	29.8256619	33.2122419
27.2554263	28.5046325	31.7412175
27.0125694	28.250645	31.4583913
26.7720394	27.9990906	31.1782719
27.1052656	28.3475887	31.5663413
29.4587569	30.8089481	34.3071781
34.1830856	35.7498087	39.8090531
39.1717488	40.9671213	45.6187694
51.0399475	53.3792769	59.4402769
71.9624044	75.26068	83.8062187
88.4023188	92.45409	102.951872
110.393448	115.453149	128.562375
97.2056225	101.660889	113.204056
83.1292125	86.9393006	96.8108975
62.9159019	65.7995469	73.2708131
45.0513187	47.11617	52.4660175
37.2529281	38.9603538	43.3841406
31.6552631	33.1061275	36.8651931
28.7119962	30.0279619	33.4375137
26.774755	28.0019281	31.1814337
26.3255281	27.5321162	30.6582744
19.5261175	20.4210644	22.7397919
18.3711537	19.2131656	21.3947406
20.3895313	21.3240525	23.74531
20.3927363	21.3274037	23.7490444
20.7562406	21.7075669	24.1723738
19.92052	20.8335425	23.1991075
21.3945562	22.3751381	24.9157456
21.7272575	22.72309	25.3032031
20.6505781	21.5970644	24.0493225
17.8318281	18.64912	20.76665
18.2997806	19.1385225	21.3116225
18.2397919	19.0757812	21.2417588
19.7607825	20.666485	23.0130788
20.6245825	21.5698762	24.0190469
22.2699213	23.2906269	25.9351794
26.6421575	27.8632562	31.027015
34.6974156	36.2877106	40.4080319
45.1521819	47.2216544	52.5834813
67.5485081	70.6444769	78.6658688
96.9425025	101.385703	112.897633
127.077112	132.901481	147.991913
116.041506	121.360075	135.14
80.1372738	83.8102281	93.3265319
55.4730219	58.0155338	64.6029613
40.1447625	41.9847306	46.751925
31.8028231	33.2604519	37.03704
24.6760575	25.8070425	28.737325
21.8145231	22.814355	25.4048319
19.7008469	20.6038019	22.9432781
19.3595031	20.2468131	22.5457556
12.7911744	13.3774363	14.8963887
12.1985663	12.7576663	14.2062469
12.3344569	12.899785	14.3645031
13.5031719	14.1220662	15.7255675
13.5400144	14.1605987	15.7684769
13.5633894	14.1850425	15.7956969
13.3505338	13.9624325	15.5478106
13.2464538	13.8535812	15.4265988
12.4183156	12.9874888	14.462165
13.1288819	13.7306219	15.2896781
13.7997437	14.4322306	16.0709506
16.3855419	17.1365456	19.0823319
20.4640462	21.40198	23.8320862
27.8449212	29.1211431	32.4277306
45.5185738	47.6048412	53.0101756
79.6144431	83.2634325	92.717655
3435.28488559479	3441.74582959479	3458.48562359479
1204.27469355575	1209.00408355575	1221.25752355575
52.1711106	54.5622838	60.7576081
31.9541425	33.4187069	37.2132638
22.5934513	23.6289838	26.3119581
17.6664369	18.4761488	20.5740394
14.1404931	14.7885981	16.4677838
13.3721925	13.9850844	15.5730344
9.58671744	10.026108	11.1645312
9.45230994	9.8855415	11.0080039
9.18201044	9.60285288	10.6932167
9.36359144	9.79275588	10.9046834
9.64639437	10.0885215	11.2340311
9.54760775	9.98520519	11.1189852
9.38149544	9.811481	10.925533
9.57133688	10.0100228	11.1466208
9.55456762	9.99248388	11.12709
10.050127	10.5107567	11.7042094
10.9337618	11.4348919	12.7332781
12.505525	13.0786937	14.5637256
15.2618787	15.9613819	17.7737306
22.3898263	23.4160263	26.0748194
34.1102288	35.6736131	39.7242056
48.31466	50.5290806	56.2664512
1266.88199828404	1270.05018388404	1278.25866828404
61.0827094	63.8823344	71.1359062
39.6536281	41.4710838	46.179955
25.5517225	26.7228413	29.7571112
18.1827825	19.0161594	21.1753662
13.7784744	14.4099856	16.0461794
11.4764213	12.0024238	13.3652506
10.5713983	11.0559194	12.311275
8.18051238	8.55545219	9.52688888
7.76616813	8.12211719	9.04435038
7.509055	7.85322	8.74492088
7.63421494	7.98411619	8.89067975
7.67971137	8.03169787	8.94366431
7.70708431	8.06032525	8.97554244
8.03831619	8.40673894	9.36128962
8.94622944	9.35626463	10.41863
10.1787006	10.645224	11.8539456
13.2865094	13.895475	15.47325
16.9250419	17.7007719	19.7106231
26.1369356	27.3348769	30.4386419
34.3384787	35.9123244	39.9900219
28.5877087	29.8979788	33.29277
19.9368194	20.8505881	23.2180875
13.933265	14.5718731	16.22645
10.8216604	11.3176528	12.6027256
9.05554044	9.47058562	10.5459319
7.4847305	7.82778044	8.71659287
6.91175531	7.22854375	8.04931513
6.81921981	7.13176719	7.94155013
6.97881987	7.29868225	8.12741769
7.33935475	7.67574162	8.54729081
8.61830562	9.01331088	10.0367351
10.9905189	11.4942501	12.799375
13.9957575	14.6372288	16.2992275
17.9118612	18.7328206	20.8598581
15.25249	15.9515625	17.7627956
11.2953446	11.8130488	13.1543719
8.615393	9.01026481	10.0333438
7.53418062	7.87949713	8.77418169
7.0073015	7.32846931	8.16058713
7.43524263	7.77602431	8.65896019
8.93693331	9.346542	10.4078036
10.0796438	10.5416281	11.7385856
9.33288987	9.76064619	10.8689288
7.94549519	8.30966337	9.25319206
