#?RADIANCE
genskyvec -m 1
NROWS=146
NCOLS=1
NCOMP=3
FORMAT=ascii

5.45302837	5.70295875	6.35050606
20.4444663	21.3815037	23.8092869
20.1432475	21.0664806	23.4584913
20.8367369	21.7917519	24.2661156
22.7162044	23.757365	26.4549156
26.7023575	27.9262125	31.0971194
33.5213381	35.0577331	39.0383956
43.71892	45.7227025	50.9143275
65.0665013	68.0487137	75.7753656
95.8801406	100.274651	111.660422
106.220007	111.088426	123.702069
108.872795	113.862781	126.791438
71.6719156	74.9568756	83.4679225
49.0449694	51.29286	57.1169569
36.1391219	37.7954969	42.0870219
28.0623575	29.3485494	32.6809556
23.9372244	25.0343444	27.8768919
21.3584813	22.3374106	24.8737319
20.3517538	21.2845425	23.7013144
20.0286369	20.9466156	23.3250169
21.099575	22.0666369	24.5722131
22.1334925	23.1479444	25.7762994
22.7586031	23.801705	26.5042931
23.1785388	24.2408894	26.9933431
24.7336475	25.8672731	28.804395
24.3909237	25.5088406	28.4052644
25.0242662	26.17121	29.1428438
24.0120125	25.1125619	27.9639894
23.0826981	24.140655	26.8817288
21.6360231	22.6276737	25.1969544
20.6831075	21.6310819	24.0872031
14.9946831	15.68194	17.4625594
14.0838231	14.7293319	16.4017869
16.0158188	16.7498756	18.6517556
17.4246025	18.22323	20.2924037
21.4649731	22.4487844	24.9977519
26.7144206	27.9388319	31.1111719
37.5823369	39.3048612	43.7677675
58.1837694	60.8505231	67.7598512
97.2744056	101.732804	113.284161
2029.81948328976	2036.40852728976	2053.48019028976
1180.75246323657	1185.91634923657	1199.29551223657
68.3192956	71.4505956	79.5635175
45.50826	47.5940538	52.9981644
30.5597331	31.9603869	35.5893594
22.8889756	23.9380538	26.6561212
18.1532669	18.9852919	21.1409931
17.4414031	18.2408006	20.3119688
14.7203425	15.395025	17.1430663
14.4084606	15.0688475	16.7798538
13.9666119	14.6067475	16.2652825
14.6772225	15.3499281	17.0928513
15.7602531	16.4825981	18.3541306
15.2626975	15.9622369	17.7746838
17.2444431	18.0348125	20.0825913
17.7848875	18.600025	20.7119844
17.9824812	18.8066769	20.9420981
16.5321287	17.2898519	19.2530444
16.2948744	17.0417212	18.9767394
15.2187481	15.9162719	17.7235006
15.0653656	15.7558587	17.5448725
9.56252938	10.0008127	11.1363633
9.43342163	9.8657865	10.9860049
10.5005814	10.9818565	12.2288025
13.8824319	14.51871	16.1672506
19.0425625	19.9153463	22.1766512
30.1045506	31.4843425	35.0592606
51.4105419	53.766855	59.8718625
1245.97234524679	1250.16797524679	1261.03850664679
71.0674194	74.3246681	82.7639319
41.8659206	43.7847756	48.7563569
26.0746512	27.26974	30.3661075
17.0189531	17.7989881	19.81999
12.7363819	13.3201312	14.8325775
10.4695258	10.9493801	12.192635
9.78138437	10.2296977	11.3912364
9.67417194	10.1175711	11.2663811
9.49732106	9.93261512	11.0604223
10.4986722	10.9798608	12.2265786
10.3619894	10.8369143	12.0674012
9.86912619	10.3214609	11.4934199
10.4446531	10.9233664	12.1636694
10.340038	10.8139554	12.0418368
9.39185469	9.82231544	10.9375986
9.62381106	10.0649024	11.2077306
6.76797188	7.07817038	7.88186781
7.24846131	7.58068231	8.44143769
8.05926094	8.42864375	9.38568181
9.61102912	10.0515339	11.1928448
13.5726956	14.1947763	15.8065344
17.6494006	18.4583319	20.5541994
26.8263806	28.05592	31.2415556
35.8484988	37.4915519	41.7485644
31.4230888	32.8633119	36.5948063
23.6517744	24.7358131	27.5444644
15.9767075	16.7089719	18.6062088
11.1268946	11.6368766	12.9581969
9.34629194	9.77466338	10.8845373
7.91578856	8.27859519	9.21859606
7.21053287	7.54101537	8.39726675
6.720697	7.02872869	7.82681206
6.64492744	6.9494865	7.73857219
6.76486206	7.074918	7.878246
7.069291	7.39329994	8.23277881
7.07046187	7.39452469	8.23414269
7.11825444	7.44450756	8.28980106
7.09411762	7.41926444	8.26169138
6.80064975	7.11234606	7.919924
6.93388263	7.25168556	8.07508475
5.35236925	5.59768606	6.2332805
5.95071025	6.22345075	6.93009812
6.90014619	7.21640269	8.03579569
9.26565344	9.69032862	10.7906266
12.4889054	13.0613121	14.5443706
15.7528294	16.4748337	18.3454844
16.1014475	16.8394313	18.7514794
12.2764159	12.8390847	14.2969094
9.34980062	9.77833375	10.888623
7.2096245	7.54006538	8.39620894
5.90186569	6.17236787	6.87321494
5.49981369	5.75188831	6.40499169
5.2903815	5.53285706	6.16109037
5.16126969	5.39782781	6.01072887
5.05035206	5.28182637	5.88155606
5.08618881	5.31930575	5.92329106
5.19614187	5.43429812	6.0513405
5.1976255	5.43584975	6.05306825
4.72839275	4.94511062	5.50660756
5.26772556	5.509163	6.13470575
6.92328937	7.24060644	8.06274775
9.05732519	9.47245175	10.5480099
8.72087944	9.12058631	10.1561905
7.0766085	7.40095256	8.24130056
5.75150206	6.01511237	6.69810375
4.88460975	5.10848738	5.68853525
4.45987519	4.66428594	5.19389644
4.29326587	4.49004044	4.999866
4.35695337	4.55664694	5.0740355
4.3349125	4.533596	5.04836731
4.36958125	4.56985356	5.08874181
5.02530613	5.25563256	5.85238806
5.44801537	5.69771606	6.34466819
5.00860225	5.23816313	5.83293512
4.17672919	4.36816269	4.8641495
4.05892219	4.24495581	4.72695331
4.45120612	4.65521956	5.18380062
