#?RADIANCE
genskyvec -m 1
NROWS=146
NCOLS=1
NCOMP=3
FORMAT=ascii

21.5211781	22.5075656	25.0632062
27.9966062	29.2797825	32.6043812
26.4560213	27.6685875	30.8102419
25.8012269	26.9837819	30.0476788
24.95846	26.1023875	29.0662069
23.4722425	24.5480513	27.3353838
24.66743	25.7980181	28.7272781
26.31863	27.5249	30.6502381
28.5881244	29.8984119	33.293255
30.8170075	32.2294519	35.888975
37.9054144	39.6427444	44.1440156
40.1105481	41.9489494	46.71208
44.13855	46.1615662	51.4030244
43.86235	45.8727056	51.0813625
41.0381537	42.9190706	47.7923531
38.1165306	39.8635375	44.3898806
33.5933894	35.1330856	39.122305
31.835005	33.2941081	37.0745175
27.28817	28.5388781	31.7793481
24.45861	25.5796294	28.4840913
24.9946281	26.1402169	29.10833
23.0608006	24.1177531	26.8562244
24.8264562	25.9643356	28.9124788
24.486235	25.6085206	28.5162638
27.5214844	28.7828875	32.051065
30.8141238	32.2264375	35.8856162
32.624395	34.11968	37.9938306
34.2981331	35.8701288	39.9430363
31.8548656	33.3148781	37.0976469
31.4644225	32.9065419	36.6429456
29.1546187	30.4908706	33.952985
15.6954575	16.4148325	18.2786687
13.6822063	14.309305	15.93407
14.6452031	15.3164406	17.05556
14.1336944	14.7814875	16.459865
14.91634	15.6000056	17.3713231
15.6720719	16.390375	18.251435
18.1991375	19.0332638	21.1944125
21.1998069	22.171465	24.6889431
24.7137356	25.8464469	28.7812075
27.7332594	29.0043663	32.2976931
33.9953881	35.5535081	39.5904631
39.1397962	40.9337025	45.581555
39.67152	41.4897981	46.2007944
36.2114912	37.8711831	42.1713012
30.6519825	32.0568625	35.6967881
25.0375556	26.1851094	29.1583194
22.9104156	23.9604775	26.6810894
18.55707	19.4076019	21.611255
16.3302638	17.0787325	19.0179525
14.4640719	15.127005	16.8446144
13.8975219	14.5344912	16.1848213
13.9869963	14.6280675	16.2890237
13.3275881	13.9384356	15.5210869
15.4194294	16.1261544	17.9572113
16.508635	17.2652788	19.22568
17.5285462	18.3319375	20.4134531
16.8060525	17.5763287	19.57205
17.3378206	18.1324712	20.1913387
16.3814275	17.1322412	19.0775375
16.1810156	16.922645	18.8441412
9.73346881	10.1795845	11.3354356
9.34803337	9.77648519	10.8865655
9.68162906	10.1253709	11.2750644
11.0484	11.554785	12.8667838
12.6291875	13.2080263	14.7077425
15.1886906	15.8848394	17.6884975
18.9885413	19.8588487	22.1137406
25.889115	27.0756994	30.1500325
36.83005	38.5180931	42.8916669
50.6633575	52.985425	59.0017025
49.1977831	51.45268	57.2949213
31.6473712	33.0978744	36.8560031
22.0558281	23.0667194	25.6858512
16.969095	17.746845	19.7619262
13.8343456	14.4684188	16.1112475
11.8992506	12.4446319	13.8576694
10.2844641	10.7558359	11.9771169
10.1629121	10.6287104	11.8355569
9.74877975	10.1956001	11.3532679
9.47943487	9.91390875	11.0395915
10.1754484	10.6418232	11.8501581
10.3962109	10.8727051	12.1072563
9.79710638	10.2461407	11.4095469
10.082928	10.5450633	11.7424123
7.74620125	8.10123525	9.02109731
8.07192713	8.44189025	9.40043231
8.65905225	9.05592519	10.0841881
9.54263663	9.98000756	11.1131956
11.4971919	12.024145	13.3894375
13.2933675	13.9026456	15.4812356
18.1040187	18.9337856	21.08364
27.9366775	29.2171069	32.5345912
53.3222237	55.7661569	62.0981744
3976.67877301806	3981.01905181806	3992.26434151806
2842.34207669507	2845.87427669507	2855.02589479507
36.9374031	38.6303662	43.0166862
23.6671256	24.7518687	27.5623419
15.8587431	16.5856006	18.4688288
12.5632063	13.1390188	14.6309006
10.6866908	11.1764975	12.4455419
9.2691515	9.69398781	10.7946994
8.44218994	8.82912319	9.83163506
8.00836344	8.37541331	9.32640719
7.77713412	8.13358581	9.05712119
7.773317	8.12959363	9.05267556
7.83964156	8.19895813	9.12991625
7.7095785	8.062934	8.97844694
7.81273975	8.17082306	9.09858663
7.27674219	7.61025925	8.47437269
7.91956794	8.28254781	9.22299731
9.00822231	9.42109869	10.4908266
10.9184269	11.418855	12.7154169
13.9759056	14.6164681	16.2761081
23.8460113	24.93895	27.7706669
44.5063387	46.5462138	51.8313438
3369.54447458255	3373.05613768255	3382.15452958255
44.1285894	46.15115	51.3914231
21.7527787	22.7497806	25.3329262
14.5027969	15.1675094	16.8897169
11.1092692	11.6184431	12.9376694
9.14676531	9.56599181	10.6521695
7.86932338	8.2300005	9.16448338
7.30402794	7.63879556	8.50614956
6.99031344	7.31070256	8.14080294
6.93249231	7.25023144	8.07346556
7.01130506	7.33265606	8.16524913
7.6709525	8.02253781	8.93346425
8.86126837	9.26740975	10.319685
11.2281207	11.7427425	13.0760825
16.7379519	17.5051088	19.4927394
24.2889869	25.4022306	28.28655
26.4480956	27.6602981	30.8010106
17.6939544	18.5049275	20.606085
12.3259087	12.8908444	14.3545488
9.31997719	9.74714194	10.8538908
7.9752215	8.34075244	9.28781056
7.18065856	7.50977175	8.36247563
7.30638387	7.64125962	8.50889344
8.761899	9.16348569	10.2039623
10.7724106	11.2661456	12.54537
13.9670875	14.6072462	16.2658381
14.0064381	14.6484013	16.3116656
9.80893287	10.2585092	11.4233201
8.44203225	8.82895869	9.83145081
10.4705189	10.9504172	12.1937925
