#?RADIANCE
genskyvec -m 1
NROWS=146
NCOLS=1
NCOMP=3
FORMAT=ascii

12.5200031	13.0938369	14.5805862
23.9120194	25.0079869	27.84754
23.1040556	24.1629906	26.9065987
23.3745594	24.4458913	27.2216231
24.1276962	25.2335494	28.0987156
25.3035375	26.4632819	29.4680794
28.9430387	30.2695937	33.7065825
33.6375831	35.1793062	39.1737706
42.1507062	44.0826125	49.0880119
53.4925369	55.9442744	62.2965169
65.7309331	68.7436012	76.5491538
75.3674837	78.8218238	87.77172
68.058945	71.1783125	79.2603188
55.0275413	57.5496331	64.0841581
43.4852494	45.4783219	50.6421988
35.286785	36.904095	41.0944038
29.2673587	30.6087787	34.0842794
26.8271181	28.0566944	31.2424169
23.673875	24.7589294	27.5702037
22.4440162	23.4727006	26.1379288
23.9635437	25.0618712	27.907545
23.7185994	24.8057019	27.6222875
25.4323206	26.5979681	29.6180581
25.42261	26.5878119	29.6067481
28.0055856	29.2891737	32.61484
29.361465	30.7071975	34.1938744
30.2102775	31.5949144	35.1823875
30.1331969	31.5143019	35.09262
27.8005588	29.07475	32.3760669
26.5652738	27.7828487	30.937475
24.6715456	25.802325	28.7320731
15.24747	15.9463125	17.7569506
13.9122988	14.549945	16.2020319
15.3100725	16.0117831	17.8298556
15.7996475	16.5237969	18.4000069
18.0774888	18.9060381	21.0527419
20.7479094	21.698855	24.1626694
26.3591644	27.5672938	30.6974463
35.5973388	37.2288825	41.4560719
50.9985894	53.3360244	59.39211
70.9903631	74.2440838	82.6741981
85.00657	88.9027019	98.9972425
74.5724713	77.9903762	86.8458638
54.3360012	56.8264006	63.2788044
37.7738025	39.5051006	43.9907425
28.0159394	29.3000019	32.6268969
21.3339344	22.3117381	24.845145
19.4450856	20.3363188	22.6454237
15.8625144	16.5895444	18.4732194
14.7849056	15.4625481	17.2182556
13.9159056	14.5537188	16.2062325
14.3326662	14.9895787	16.6915837
15.2543481	15.9535031	17.76496
14.8885381	15.5709288	17.338945
17.0878394	17.8710325	19.900215
17.8660075	18.6848638	20.8064556
18.3742387	19.2163912	21.3983344
17.1202306	17.9049069	19.9379362
17.0565681	17.8383275	19.8637956
15.9041212	16.63306	18.5216744
15.5848125	16.2991144	18.1498137
10.1855823	10.652421	11.86196
10.0096743	10.4684502	11.6571013
10.7901566	11.2847056	12.5660375
13.18274	13.78695	15.3523994
16.7439406	17.5113719	19.499715
24.03112	25.1325475	27.9862431
38.4783387	40.2419281	44.8112356
69.4870525	72.6718744	80.9234669
3031.45894031239	3036.49209431239	3049.53259631239
1318.66552120613	1322.12981120613	1331.10548870613
42.7625163	44.722465	49.8005187
24.656655	25.7867519	28.7147325
17.0552669	17.836965	19.8622806
13.2329994	13.8395094	15.4109306
11.37498	11.8963306	13.2471112
10.5761427	11.0608822	12.3168
10.0577633	10.5187432	11.713105
10.7488443	11.2414992	12.5179269
10.7419871	11.2343299	12.5099406
10.4779689	10.9582086	12.2024675
11.1144318	11.6238431	12.9436825
11.1083554	11.6174896	12.9366081
10.2770418	10.7480729	11.9684719
10.4182804	10.8957856	12.1329562
8.14922356	8.52272931	9.49045056
8.60812713	9.00266594	10.0248811
9.51350312	9.94953844	11.0792662
10.9837263	11.4871481	12.7914663
14.8191513	15.4983619	17.2581369
19.1429194	20.0203038	22.2935269
31.9593513	33.4241531	37.2193281
53.5354344	55.9891406	62.3464787
2460.69862340341	2464.13760280341	2473.04769590341
55.5883794	58.1361756	64.7373025
32.63035	34.1259081	38.0007656
20.0940625	21.0150388	23.4012119
15.271085	15.9710087	17.7844512
11.5392538	12.0681356	13.4384225
9.7185095	10.1639411	11.3180138
8.71395306	9.11334237	10.1481246
8.19569812	8.571334	9.54457419
8.06831363	8.43811119	9.39622387
8.223153	8.60004719	9.57654794
8.24964356	8.62775187	9.60739781
8.33656763	8.71866006	9.7086285
8.358951	8.74206931	9.73469562
8.13478481	8.50762881	9.473636
8.22108206	8.59788131	9.57413563
7.36420944	7.70173544	8.576236
8.16495156	8.53917831	9.50876687
9.61996325	10.0608788	11.2032506
12.7997337	13.3863894	14.9063581
18.1812675	19.0145744	21.1736019
29.1994563	30.5377625	34.0052
36.2577413	37.9195512	42.2251638
28.2417894	29.5362044	32.8899187
19.5052781	20.3992706	22.7155244
13.177525	13.7814963	15.3463263
10.0804227	10.5424409	11.7394919
8.44210306	8.82903287	9.83153294
7.54015512	7.88574519	8.78113912
7.09145762	7.41648263	8.25859375
6.92270294	7.23999325	8.06206475
6.90988494	7.22658775	8.04713706
7.00249987	7.32344744	8.15499488
7.07951206	7.40398925	8.24468194
7.37233444	7.71023306	8.58569838
8.62990844	9.02544588	10.0502491
11.6623136	12.1968363	13.5817369
17.0895913	17.8728638	19.9022544
18.7564669	19.6161369	21.8434681
15.4250412	16.1320213	17.963745
11.4299525	11.9538256	13.3111331
8.90673237	9.31495719	10.3726333
7.38292119	7.72130475	8.59802756
6.82592294	7.13877763	7.94935669
6.63840856	6.94266875	7.73098031
6.816428	7.1288475	7.93829894
7.80211406	8.15971081	9.08621275
9.5768775	10.0158182	11.1530734
11.2155841	11.7296319	13.0614831
10.2408032	10.710172	11.9262681
7.826342	8.18504906	9.11442769
7.18340594	7.51264519	8.36567531
8.66217225	9.059188	10.0878217
