#?RADIANCE
genskyvec -m 1
NROWS=146
NCOLS=1
NCOMP=3
FORMAT=ascii

26.0352163	27.2284956	30.32018
28.5752362	29.8849325	33.278245
30.3555906	31.7468894	35.3516175
31.2045644	32.6347713	36.3403163
30.8614675	32.2759506	35.9407519
27.7187944	28.9892375	32.2808456
26.3613319	27.5695581	30.69997
25.2188069	26.3746675	29.3694044
23.1703212	24.2322944	26.9837731
21.3216625	22.298905	24.8308537
25.3825362	26.5459031	29.5600819
24.0696225	25.1728125	28.0310844
27.6464088	28.9135356	32.1965475
29.77993	31.1448419	34.6812125
31.3742244	32.8122087	36.5378987
34.7866338	36.3810181	40.511935
36.6120738	38.2901256	42.6378125
38.7545062	40.5307531	45.1328556
37.8136219	39.5467463	44.0371162
35.9602569	37.6084356	41.8787194
35.1588306	36.7702763	40.9453906
31.0857781	32.5105437	36.2019812
29.2834175	30.6255731	34.1029812
25.9618256	27.1517406	30.23471
24.9816975	26.1266913	29.0932706
24.8172431	25.9546994	28.9017506
24.6420331	25.7714594	28.6977025
25.9970056	27.1885356	30.2756831
25.213595	26.3692163	29.3633344
26.7615631	27.9881331	31.1660725
27.4387712	28.6963806	31.9547362
15.9799819	16.7123963	18.61002
14.7228894	15.3976906	17.146035
16.4353513	17.1886375	19.1403375
15.5564137	16.2694156	18.1167406
15.0185862	15.7069381	17.4903975
13.7722106	14.4034369	16.0388881
14.5739581	15.24193	16.9725875
14.8030925	15.4815694	17.2394338
14.7223944	15.3971694	17.145455
14.155675	14.8044763	16.485465
16.0148525	16.7488656	18.6506306
17.8520206	18.6702369	20.7901663
20.9408369	21.9006237	24.3873506
23.7009406	24.7872337	27.6017231
26.2691662	27.4731687	30.5926356
29.6406463	30.9991731	34.5190031
32.1605412	33.6345631	37.4536306
31.9435437	33.4076225	37.2009219
29.477345	30.8283887	34.3288269
26.0476869	27.2415375	30.3347038
23.19234	24.25532	27.0094131
20.5810144	21.5243106	23.9683069
17.4180756	18.2164031	20.2848031
16.5787231	17.3385806	19.3073044
15.4399394	16.1476037	17.9810975
14.9711125	15.6572881	17.4351075
13.9759531	14.6165175	16.2761631
14.4633037	15.126205	16.8437237
14.4165094	15.0772662	16.7892262
15.1874337	15.8835237	17.6870337
9.74870906	10.1955239	11.3531862
9.36663362	9.79593675	10.908226
9.36189075	9.79097706	10.9027025
9.91463519	10.3690562	11.54642
9.82027256	10.2703666	11.4365263
10.0443167	10.50468	11.6974437
10.6209291	11.1077213	12.3689563
11.8037544	12.3447587	13.7464556
12.9537425	13.547455	15.0857131
15.6906981	16.4098563	18.2731269
18.7714994	19.6318594	21.8609756
24.7226044	25.8557225	28.7915331
32.0495819	33.5185194	37.3244087
37.2369231	38.9436144	43.3655012
33.5755019	35.1143781	39.1014725
26.3980844	27.607995	30.7427694
19.77607	20.6824725	23.0308831
16.8525212	17.6249287	19.6261675
13.7153056	14.3439238	15.9726169
11.8055219	12.3466075	13.7485138
10.7808161	11.2749363	12.55516
10.1259362	10.5900419	11.7924975
9.4624275	9.89612169	11.0197856
9.72189888	10.1674867	11.3219639
7.74003506	8.09478662	9.01391631
7.74079412	8.09558031	9.01480031
7.66910156	8.02060156	8.93130806
7.81563244	8.17384856	9.10195537
8.21228119	8.58867731	9.56388625
8.53116306	8.92217431	9.93525088
9.41602569	9.847593	10.9657469
10.7006631	11.19111	12.4618144
12.5675563	13.14357	14.6359681
15.0702606	15.7609819	17.5505731
19.9549181	20.8695169	23.239165
31.1225456	32.5489937	36.2447994
44.8202406	46.8744988	52.1969062
1732.59348581864	1735.40589711864	1742.69261021864
49.9247856	52.2130037	58.141575
33.9481988	35.5041562	39.5355075
21.9718706	22.9789125	25.5880744
16.3335619	17.0821837	19.0217969
12.9993162	13.5951162	15.1387863
11.0156881	11.520575	12.8286887
9.74209569	10.1886077	11.3454844
8.82378106	9.22820413	10.2760284
8.24949781	8.6275995	9.60722831
8.02458231	8.39237519	9.34529519
7.50018788	7.84394638	8.73459419
7.38534563	7.72384075	8.60085119
7.53746437	7.88293131	8.77800562
7.93867981	8.30253544	9.24525438
8.67204375	9.06951219	10.0993179
10.3696185	10.8448919	12.0762844
12.4802119	13.0522187	14.5342456
18.1156287	18.9459269	21.0971594
28.3909169	29.6921656	33.06359
1915.73105551298	1918.69910051298	1926.38904491298
7483.94791465439	7488.39851265439	7499.92961465439
51.7972038	54.17124	60.3221619
24.93729	26.0802487	29.0415538
15.137325	15.83112	17.6286775
11.75211	12.2907481	13.6863106
9.68595913	10.1298993	11.2801069
8.46694013	8.85500812	9.86045788
7.82471144	8.18334375	9.11252894
7.99668631	8.363201	9.31280825
8.18399937	8.55909913	9.53095025
8.68918294	9.08743694	10.1192773
10.0621721	10.5233554	11.7182387
12.9841944	13.579305	15.1211781
21.8706913	22.8730975	25.470245
42.6733319	44.6291937	49.6966556
45.4339125	47.5163	52.9115794
23.322075	24.3910025	27.1605012
13.9206338	14.5586613	16.2117394
9.95879812	10.4152419	11.5978506
8.78844888	9.19125275	10.234882
9.71809	10.1635025	11.3175275
10.3619543	10.8368767	12.0673606
13.2744094	13.8828187	15.4591562
19.680965	20.5830088	22.9201262
15.5904875	16.3050506	18.1564225
11.5347137	12.0633875	13.433135
12.4834987	13.0556581	14.5380756
