#?RADIANCE
genskyvec -m 1
NROWS=146
NCOLS=1
NCOMP=3
FORMAT=ascii

26.13256	27.3303025	30.4335469
31.9007106	33.3628237	37.1510375
31.2116475	32.6421806	36.3485662
30.6539619	32.0589356	35.6990944
29.2929563	30.63555	34.1140906
26.2768631	27.4812187	30.6015969
25.9991744	27.1908019	30.2782069
26.3883506	27.5978162	30.7314344
27.0585406	28.2987225	31.5119275
27.8286787	29.1041569	32.4088169
34.3202319	35.8932419	39.9687719
35.4021606	37.0247594	41.2287694
40.4261306	42.2789944	47.0795988
42.5963731	44.548705	49.6070288
42.8926619	44.8585769	49.9520844
43.1179206	45.0941575	50.214415
40.5741119	42.4337575	47.2519369
39.2280475	41.0259969	45.6843319
34.59354	36.1790769	40.2870613
30.7293538	32.1377819	35.7868938
30.1061956	31.4860619	35.0611738
26.5162787	27.7316062	30.8804162
26.7632144	27.9898619	31.1679937
25.1521244	26.3049288	29.2917469
26.8989762	28.131845	31.3261006
29.69419	31.0551725	34.5813606
31.5049694	32.9489456	36.6901631
33.9689056	35.5258125	39.5596225
32.5506037	34.0425037	37.9078931
33.35971	34.8886956	38.8501644
32.2477069	33.725725	37.555145
17.65206	18.4611131	20.5572969
15.5571594	16.2701956	18.1176106
16.7103844	17.4762769	19.4606375
15.6623588	16.3802144	18.2401219
15.6382506	16.3550031	18.2120469
15.4950913	16.2052831	18.0453275
17.3078344	18.1011119	20.1564181
19.2889181	20.172995	22.463555
21.4984375	22.4837825	25.0367238
22.7255531	23.7671406	26.4657994
26.7617581	27.9883369	31.1662975
30.70947	32.1169869	35.7637394
34.8156531	36.4113706	40.5457319
37.2766675	38.98518	43.4117875
36.4404844	38.1106725	42.4379825
32.9989762	34.5114287	38.4300619
30.6009706	32.0035131	35.6373806
25.5348288	26.7051737	29.7374375
22.1820363	23.1987125	25.8328312
19.257725	20.1403694	22.4272262
17.6005513	18.407245	20.4973112
16.4627369	17.2172781	19.17223
14.7850625	15.4627106	17.2184388
15.8436462	16.5698131	18.4512481
16.3605975	17.1104575	19.0532806
17.1919706	17.9799356	20.0214838
16.7566525	17.5246638	19.5145181
17.72575	18.5381781	20.6431131
17.3156069	18.1092375	20.1654688
17.6521462	18.4612	20.5573962
10.7856707	11.2800141	12.5608131
10.3204792	10.7935021	12.0190613
10.4347832	10.913045	12.1521769
11.3966062	11.9189481	13.2722963
12.3184987	12.8830956	14.3459169
14.0084712	14.6505262	16.3140331
16.3968469	17.1483681	19.095495
20.0056631	20.9225881	23.2982625
24.2739775	25.3865344	28.2690694
32.3013869	33.7818662	37.6176581
40.7778287	42.6468087	47.4891806
41.22569	43.1151981	48.0107519
33.8203125	35.3704088	39.3865731
26.365445	27.5738587	30.7047594
20.4091394	21.3445575	23.768145
16.8676456	17.640745	19.6437775
13.8579144	14.4930694	16.1386956
12.75769	13.3424175	14.8573925
11.3451438	11.8651294	13.2123663
10.5673653	11.0517025	12.3065788
10.7924947	11.2871506	12.5687613
10.9185396	11.4189706	12.7155481
10.5086038	10.9902484	12.2381463
10.9729825	11.4759114	12.7789537
8.63176419	9.02738669	10.0524091
8.86235087	9.26854169	10.3209461
9.22699494	9.64989869	10.7456044
9.85584475	10.3075707	11.4779531
11.2859569	11.8032294	13.1434369
12.5560412	13.1315256	14.6225575
15.4604419	16.1690444	18.0049719
19.8743869	20.7852969	23.1453819
28.5498144	29.8583463	33.2486394
42.8036381	44.76547	49.848405
69.7235344	72.9191944	81.1988656
1472.65956861809	1476.21086981809	1485.41198671809
51.3423644	53.6955544	59.7924637
28.8884331	30.2124856	33.64299
20.2681619	21.1971194	23.6039631
16.2238387	16.9674294	18.8940125
13.2996956	13.9092644	15.4886025
11.4981375	12.0251356	13.3905394
10.1995952	10.6670762	11.8782787
9.38651125	9.81672556	10.9313756
8.98376594	9.39552175	10.4623457
8.81649744	9.2205865	10.2675473
8.64586975	9.04213844	10.0688361
8.71388388	9.11326987	10.1480433
8.34205819	8.72440244	9.71502237
8.79384575	9.19689656	10.2411664
9.68074913	10.124449	11.2740394
11.1485112	11.6594837	12.98337
13.3869613	14.0005306	15.5902325
19.4485775	20.3399719	22.64949
30.5077994	31.9060713	35.5288762
1468.13967756566	1471.52760136566	1480.30540816566
8143.56964687439	8148.73424187439	8162.1152848744
58.0076725	60.6663562	67.5547713
29.8350619	31.2025019	34.7454181
18.5050062	19.3531525	21.5506231
13.6337612	14.2586406	15.87765
10.9224794	11.4230919	12.7201369
9.64173219	10.0836441	11.2285994
8.74617337	9.14703931	10.1856482
8.30474988	8.68538413	9.67157394
8.20931381	8.58557369	9.56043069
9.0398085	9.45413231	10.527612
10.1557809	10.6212526	11.8272531
12.19845	12.7575431	14.2061106
16.8055881	17.5758444	19.57151
26.6710069	27.8934275	31.0606125
47.2818419	49.4489256	55.0636475
39.3122481	41.1140575	45.78239
22.5384063	23.5714156	26.2478538
14.1832937	14.8333606	16.5176269
11.0902601	11.5985638	12.9155319
9.243363	9.66701763	10.7646663
9.04070825	9.45507369	10.5286579
10.9520356	11.4540031	12.7545581
13.2959813	13.9053806	15.4842794
18.8355394	19.6988338	21.9355556
22.8012825	23.84634	26.5539944
14.2524837	14.9057225	16.5982069
11.2881875	11.8055619	13.1460356
14.1806775	14.8306256	16.5145825
