#?RADIANCE
genskyvec -m 1
NROWS=146
NCOLS=1
NCOMP=3
FORMAT=ascii

4.20425206	4.39694656	4.89620194
19.0155538	19.8870969	22.1451969
18.7928194	19.654155	21.8858044
19.5817744	20.47927	22.8046081
21.6571206	22.6497381	25.2215225
26.1094306	27.30611	30.4066075
33.7088175	35.2538025	39.2567281
45.2125087	47.2847456	52.653735
70.17476	73.3910987	81.7243525
106.982176	111.885518	124.589669
114.814139	120.076453	133.71064
108.401448	113.369849	126.242523
66.6983525	69.75536	77.6757981
44.5048794	46.5446869	51.829645
32.6129031	34.1076606	37.9804469
25.3618512	26.5242687	29.5359906
21.7956256	22.7945894	25.3828238
19.478335	20.3710912	22.6841469
18.8225825	19.685285	21.9204694
18.7576263	19.6173494	21.8448206
19.8455006	20.7550875	23.1117419
21.081165	22.0473838	24.5507762
21.6704225	22.6636475	25.2370137
22.1860138	23.2028719	25.8374631
23.6275425	24.7104687	27.5162419
23.1336369	24.1939269	26.9410488
23.6539575	24.7380944	27.5470044
22.5244175	23.5567862	26.2315637
21.63331	22.6248356	25.1937938
20.1486687	21.0721488	23.4648056
19.242245	20.1241794	22.4091981
14.30042	14.955855	16.6540331
13.5308506	14.1510163	15.7578031
15.4426362	16.1504225	17.9842363
17.0329456	17.8136212	19.8362863
21.3874662	22.367725	24.9074881
27.1433375	28.3874062	31.61068
38.9501156	40.7353288	45.3606594
62.004515	64.8463856	72.2094275
679.924346600706	684.866684600706	697.671846600706
2408.95238900302	2415.70630700302	2433.20517000302
101.122561	105.757348	117.765662
60.3833638	63.1509319	70.3214637
40.4660994	42.320795	47.1261469
27.4593244	28.717875	31.9786725
20.8018825	21.7553012	24.2255275
16.7298344	17.4966194	19.4832875
16.208765	16.9516669	18.8764594
13.8901419	14.5267719	16.1762281
13.7633019	14.3941206	16.0285125
13.4919675	14.1103506	15.7125219
14.2781912	14.9326075	16.628145
15.4016744	16.107585	17.9365356
14.994175	15.6814088	17.4619681
16.8676012	17.6406975	19.6437281
17.3447425	18.1397094	20.1993975
17.4596606	18.2598962	20.33323
16.0033725	16.7368594	18.6372631
15.667455	16.3855463	18.2460581
14.5830431	15.2514331	16.9831694
14.3817669	15.04093	16.7487663
9.32845138	9.75600469	10.8637604
9.24591738	9.66968894	10.7676419
10.3612145	10.8361038	12.0664975
13.8304181	14.4643112	16.1066762
19.2074525	20.0877919	22.36868
30.5746981	31.9760406	35.6067881
51.30436	53.6558081	59.748205
630.37329528387	634.10202398387	643.76285588387
58.3512294	61.0256594	67.954875
35.7712681	37.4107831	41.6586256
22.9686587	24.02139	26.7489181
15.4607787	16.1693962	18.0053656
11.8344234	12.3768337	13.7821719
9.91384481	10.3682278	11.5454989
9.41555419	9.84710125	10.9651975
9.44135756	9.874086	10.9952478
9.39544644	9.82607188	10.9417809
10.4214866	10.8991372	12.1366893
10.3309119	10.8044131	12.0312079
9.85011287	10.3015766	11.4712793
10.3592436	10.8340397	12.0642025
10.1996463	10.6671295	11.878338
9.23148037	9.65458969	10.7508294
9.39555	9.8261785	10.9419011
6.73001713	7.03847581	7.837666
7.205626	7.53588363	8.39155237
8.04260188	8.41122094	9.36628056
9.60318331	10.0433286	11.1837076
13.5284937	14.1485487	15.7550594
17.4324475	18.2314344	20.3015388
25.3401738	26.5015981	29.5107463
31.8861125	33.3475575	37.1340369
26.8638625	28.0951225	31.2852087
20.5126681	21.4528306	23.8887112
14.2831212	14.9377625	16.633885
10.2556648	10.7257154	11.9435769
8.77164194	9.17367487	10.2153097
7.58487119	7.93251087	8.83321487
7.02513225	7.34711731	8.18135256
6.63967413	6.94399225	7.73245425
6.6436935	6.94819575	7.73713488
6.81215944	7.12438331	7.93332794
7.14058594	7.46786275	8.31580794
7.14520475	7.47269331	8.32118706
7.17295562	7.50171606	8.35350488
7.11049406	7.43639144	8.28076331
6.79387875	7.10526456	7.91203837
6.89232138	7.20821925	8.02668294
5.40396175	5.65164319	6.29336413
5.99013812	6.26468606	6.97601563
6.92377712	7.2411165	8.06331562
9.19023263	9.61145088	10.7027926
12.098927	12.6534608	14.09021
14.5582644	15.2255181	16.9543144
14.5027706	15.1674806	16.8896831
11.1613414	11.6729014	12.9983125
8.69923631	9.09794981	10.1309851
6.88849694	7.20421969	8.02222919
5.77009787	6.03456037	6.71976
5.46250919	5.71287394	6.3615475
5.3287575	5.57299225	6.20578231
5.25640375	5.49732213	6.12152031
5.16436125	5.40106106	6.01432944
5.1951715	5.43328344	6.05021056
5.28217756	5.52427713	6.15153619
5.26197338	5.50314681	6.12800669
4.81341937	5.03403438	5.60562844
5.32880562	5.57304225	6.20583856
6.87837994	7.19363881	8.01044706
8.72056781	9.12026031	10.1558296
8.28486469	8.66458806	9.64841587
6.77810338	7.08876638	7.89366675
5.61845544	5.87596788	6.54315975
4.86952063	5.09270681	5.67096287
4.52694137	4.73442606	5.27200075
4.40209056	4.60385275	5.12660137
4.47507775	4.68018544	5.21160125
4.44144394	4.64501	5.17243181
4.46050769	4.66494756	5.19463306
5.06062287	5.29256788	5.89351731
5.40643469	5.65422956	6.29624419
4.98441931	5.21287175	5.804772
4.25409369	4.449073	4.95424706
4.16434375	4.35520931	4.84972538
4.51194481	4.71874213	5.254536
