#?RADIANCE
genskyvec -m 1
NROWS=146
NCOLS=1
NCOMP=3
FORMAT=ascii

20.2310169	21.1582731	23.5607062
27.7158275	28.986135	32.2773919
26.0197556	27.2123269	30.3021744
25.4093794	26.5739744	29.59134
24.76536	25.9004381	28.8413256
23.6813794	24.7667769	27.5789425
25.33486	26.49604	29.5045575
27.3599244	28.6139194	31.8629131
30.1495844	31.5314394	35.111705
32.9335544	34.4430075	38.3538687
40.6350888	42.4975306	47.3229488
43.39768	45.3867394	50.5402175
47.0278337	49.1832762	54.7678369
45.5468669	47.63443	53.0431238
41.4846019	43.3859781	48.3122788
37.7674981	39.4985062	43.9834
32.7917669	34.2947219	38.1887463
30.9925731	32.4130625	36.093435
26.4508794	27.6632119	30.8042544
23.896505	24.9917625	27.8294744
24.7987844	25.9353944	28.8802525
23.2550619	24.3209175	27.08246
25.4245912	26.5898825	29.6090562
25.3375188	26.4988188	29.5076537
28.7242025	30.0407281	33.4517325
32.1180731	33.5901512	37.404175
33.8588	35.41066	39.4313969
35.2973825	36.9151775	41.1067456
32.4395538	33.9263644	37.7785656
31.71927	33.1730694	36.9397344
29.0702625	30.40265	33.8547469
15.5805625	16.2946713	18.1448644
13.5738881	14.196025	15.8079244
14.5560344	15.2231862	16.9517175
14.2023194	14.8532581	16.5397862
15.238245	15.9366644	17.7462088
16.2487212	16.993455	18.9229931
19.0734313	19.9476294	22.2126019
22.5233856	23.5557069	26.2303606
26.7708181	27.9978131	31.17685
31.0718862	32.4960138	36.1858025
38.7429656	40.5186831	45.119415
43.9901162	46.0063288	51.2301581
42.0671387	43.9952162	48.9906912
36.1200931	37.7755969	42.0648612
29.5925462	30.9488706	34.4629875
23.8385319	24.9311312	27.7619581
21.8367519	22.8376019	25.4307169
17.6311762	18.4392706	20.5329744
15.6180937	16.3339231	18.1885738
13.96957	14.6098406	16.2687281
13.6673637	14.2937856	15.9167856
14.0588975	14.7032638	16.37276
13.5924669	14.2154525	15.8295587
15.9469763	16.6778781	18.5715838
17.1318369	17.9170438	19.9514531
18.1540944	18.9861556	21.1419563
17.2749356	18.0667013	20.1181019
17.6574794	18.4667806	20.5636075
16.5215081	17.2787425	19.2406737
16.177555	16.919025	18.8401094
9.72632256	10.1721117	11.3271131
9.3587985	9.78774337	10.8991016
9.7671755	10.2148376	11.37469
11.2901769	11.8076431	13.1483525
13.1018344	13.7023362	15.2581806
16.0509394	16.7866075	18.6926581
20.6936681	21.6421275	24.0995
29.8514706	31.2196625	34.7645275
45.258495	47.3328425	52.7072925
59.9844487	62.7337344	69.8568931
49.7467938	52.0268531	57.9342888
29.3480663	30.693185	34.1782719
20.3749131	21.3087619	23.728285
15.7875856	16.5111825	18.3859606
13.0035713	13.5995663	15.1437431
11.3049381	11.8230806	13.1655431
9.94921269	10.4052183	11.5866875
10.0533608	10.5141396	11.7079775
9.83217456	10.2828169	11.4503874
9.63363737	10.0751789	11.2191746
10.4059856	10.8829255	12.1186381
10.6039998	11.0900163	12.3492437
9.90455788	10.3585166	11.5346844
10.1263744	10.5905009	11.7930084
7.74793081	8.10304406	9.02311169
8.09948862	8.47071494	9.43252994
8.75613125	9.15745331	10.1972456
9.729257	10.1751819	11.3305312
11.8940794	12.4392238	13.8516462
13.9376194	14.5764256	16.2315181
19.7647475	20.6706319	23.0176962
32.5376025	34.0289088	37.8927512
67.3551525	70.4422625	78.4406938
5819.99260754759	5825.23069354759	5838.80211154759
1959.05636611899	1962.00041671899	1969.62819981899
30.5753731	31.9767444	35.6075706
20.5700456	21.5128375	23.9555325
14.4590644	15.12177	16.8387863
11.6773231	12.2125331	13.5992162
10.0277458	10.4873505	11.6781469
8.810585	9.21440313	10.2606604
8.14871813	8.52220088	9.48986187
7.88020862	8.24138463	9.17716
7.74925519	8.10442913	9.02465425
7.8048615	8.16258412	9.08941213
7.88693306	8.24841725	9.18499144
7.73300094	8.08742994	9.00572475
7.82468787	8.18331913	9.11250156
7.23619613	7.56785494	8.42715375
7.92691744	8.29023431	9.23155631
9.08474894	9.50113313	10.5799469
11.1580825	11.6694937	12.994515
14.5474069	15.2141613	16.9416669
25.5330156	26.7032769	29.7353238
46.7199462	48.861275	54.4092737
2105.13596094804	2107.88525974803	2115.00845214804
34.2452069	35.8147763	39.8813981
18.5182663	19.3670181	21.566065
13.0500788	13.6482056	15.1979037
10.3046268	10.7769222	12.0005981
8.62199687	9.01717131	10.0410346
7.54039181	7.88599288	8.78141525
7.08437706	7.4090775	8.25034762
6.8613765	7.17585606	7.99064512
6.85787838	7.17219744	7.98657125
6.9515045	7.27011506	8.09560663
7.57381756	7.92095037	8.82034206
8.79014594	9.19302706	10.2368583
11.2470642	11.7625531	13.0981437
16.8279712	17.5992538	19.5975769
22.9991181	24.0532425	26.7843906
22.6106131	23.6469319	26.3319444
15.4740487	16.1832762	18.0208213
11.2741011	11.7908312	13.1296306
8.76186075	9.16344594	10.2039176
7.61980294	7.96904375	8.87389612
6.97619744	7.29593937	8.12436362
7.14558806	7.47309388	8.32163306
8.52531844	8.91606194	9.92844425
10.4580081	10.9373328	12.1792231
13.16214	13.7654062	15.3284106
12.8288181	13.4168069	14.9402287
9.27509444	9.70020237	10.8016206
8.11179881	8.48358938	9.44686612
9.99398731	10.4520449	11.6388312
