#?RADIANCE
genskyvec -m 1
NROWS=146
NCOLS=1
NCOMP=3
FORMAT=ascii

28.0465062	29.3319706	32.6624956
34.4213212	35.9989638	40.0864988
34.5483463	36.13181	40.2344281
34.3284012	35.901785	39.9782837
32.9574425	34.4679913	38.3816894
29.2210431	30.5603413	34.0303412
28.2032994	29.4959487	32.845095
27.8379225	29.113825	32.4195819
27.4447669	28.7026531	31.9617206
27.2916231	28.5424888	31.7833719
33.5822925	35.12148	39.1093788
34.0343956	35.594305	39.6358912
39.3627744	41.1668988	45.8412338
42.2259594	44.1613137	49.1756512
43.627775	45.6273787	50.8081806
45.7206906	47.8162219	53.2455575
44.8887906	46.9461925	52.27674
44.3740256	46.4078338	51.6772531
40.1916994	42.0338163	46.8065869
36.0566719	37.7092687	41.9910006
34.9373894	36.5386862	40.6875044
30.4404231	31.8356081	35.45041
29.7072144	31.068795	34.5965294
27.166195	28.4113106	31.6373013
27.9802781	29.2627056	32.5853656
30.0691144	31.44728	35.0179906
31.5332563	32.9785312	36.7231075
34.149735	35.7149312	39.7702137
33.1022731	34.6194594	38.5503556
34.5220681	36.1043288	40.2038262
34.1699606	35.7360819	39.7937688
18.9705238	19.8400044	22.0927575
16.9201219	17.6956269	19.7048931
18.3426487	19.1833531	21.361545
17.0977006	17.8813444	19.9116975
16.6971494	17.462435	19.445225
16.0072194	16.7408825	18.6417412
17.4904731	18.2921194	20.369115
18.926765	19.7942413	22.0417975
20.5048525	21.4446581	23.8796106
21.2388188	22.2122619	24.734375
24.7726094	25.9080206	28.8497694
28.2600912	29.555345	32.9112325
32.7789769	34.2813456	38.1738512
36.5226619	38.1966169	42.5336875
38.1341119	39.8819238	44.410355
37.557845	39.2792444	43.7392419
36.0300956	37.6814731	41.9600519
31.2256981	32.6568756	36.3649306
27.1807156	28.4264969	31.6542106
23.5460131	24.6252031	27.4212956
21.1891375	22.1603044	24.6765175
19.2755675	20.1590306	22.4480063
16.8276787	17.5989469	19.597235
17.1650656	17.9517969	19.99015
17.1250575	17.9099563	19.9435581
17.6289119	18.4369019	20.5303362
17.1190956	17.9037175	19.9366131
18.1686181	19.0013456	21.1588713
17.9926862	18.81735	20.9539837
18.6240044	19.4776031	21.6892044
11.5565156	12.0861887	13.4585256
11.0589831	11.5658531	12.8791081
11.0824538	11.5903981	12.9064412
11.8786712	12.42311	13.8337038
12.4271931	12.9967706	14.4725037
13.6718963	14.2985244	15.9220637
15.5636344	16.2769675	18.1251525
18.4488406	19.2944112	21.4852125
21.5143994	22.5004756	25.0553125
27.5863769	28.8507519	32.1266362
35.0142138	36.6190331	40.7769744
42.209265	44.1438531	49.1562081
41.36316	43.25897	48.1708494
34.9067494	36.5066406	40.6518212
26.6726725	27.8951681	31.0625519
21.4487844	22.4318531	24.9788987
17.1830281	17.9705825	20.0110688
15.3712775	16.0757937	17.901135
13.1787987	13.7828262	15.3478106
11.92358	12.4700763	13.8860025
11.6976375	12.23378	13.6228762
11.6029325	12.1347325	13.5125831
11.1630625	11.6747019	13.0003163
11.6557506	12.1899713	13.5740931
9.28120275	9.70659087	10.808735
9.43737837	9.86992512	10.9906119
9.65385562	10.0963247	11.2427206
10.1299231	10.59421	11.7971388
11.2659138	11.7822694	13.1200969
12.2840069	12.8470213	14.3057494
14.6004513	15.2696388	17.0034437
17.7988369	18.6146144	20.7282306
23.288885	24.3562919	27.1218494
31.709945	33.1633163	36.9288744
50.1916025	52.4920494	58.4523037
80.7885238	84.4913244	94.08497
73.5953069	76.9684212	85.7078719
44.1839156	46.20901	51.4558531
29.1222931	30.457065	33.9153394
22.0239681	23.0334013	25.6487494
17.1343131	17.919635	19.9543363
14.3170987	14.9732981	16.6734569
12.2764281	12.8390969	14.296925
10.9608825	11.4632569	12.7648619
10.1872844	10.6542025	11.8639431
9.74054487	10.1869868	11.3436769
9.44203719	9.87479663	10.99604
9.42207394	9.853919	10.9727906
9.08331306	9.499631	10.5782763
9.36147331	9.79054037	10.9022163
10.0715344	10.5331462	11.7291425
11.2542219	11.7700412	13.10648
13.0983162	13.698655	15.2540812
17.6358281	18.4441369	20.5383925
24.6924925	25.8242331	28.7564681
49.4711913	51.7386206	57.6133275
4026.57782756698	4030.98380136698	4042.39928336698
5053.17280448541	5058.06888848541	5070.75419548541
51.8215944	54.1967481	60.3505656
27.5193362	28.7806381	32.0485637
18.1263338	18.9571244	21.1096287
13.6510112	14.2766819	15.8977387
11.6387181	12.1721587	13.5542587
10.207465	10.6753081	11.8874444
9.40333	9.83431563	10.9509631
9.101674	9.51883363	10.5996588
9.92542419	10.3803416	11.5589844
10.8718406	11.3701331	12.661165
12.5505681	13.1258025	14.616185
16.2700494	17.0157594	18.9478306
24.6244287	25.7530469	28.6772013
49.3933762	51.6572369	57.5227038
2333.92783160259	2336.72036910259	2343.95559970259
34.6012725	36.1871638	40.2960669
19.019895	19.89164	22.1502531
13.7286062	14.3578331	15.9881062
10.8403213	11.3371694	12.6244581
10.2705467	10.74128	11.9609081
12.3111013	12.8753594	14.3373025
14.4943569	15.1586794	16.8798862
20.5741556	21.517135	23.9603188
28.1121025	29.4005719	32.7388863
17.7155712	18.5275337	20.6312606
13.3555806	13.9677125	15.5536887
16.4134912	17.1657775	19.11488
