#?RADIANCE
genskyvec -m 1
NROWS=146
NCOLS=1
NCOMP=3
FORMAT=ascii

0.886371144	0.926996344	1.03225311
9.70601756	10.1508761	11.3034673
9.21159662	9.63379456	10.7276736
9.10346475	9.52070738	10.6017447
9.27135244	9.69628825	10.7972625
9.77066219	10.218483	11.3787506
9.77141194	10.2192684	11.3796233
9.92259569	10.3773835	11.5556919
9.88279525	10.3357558	11.5093381
10.3190281	10.7919823	12.0173675
9.53155038	9.96841356	11.1002869
9.90973806	10.3639351	11.5407167
9.3350885	9.76294581	10.8714895
9.17452337	9.59502212	10.6844978
9.23407781	9.657307	10.7538544
9.36100337	9.79004806	10.9016688
10.5107783	10.9925226	12.2406794
10.9362896	11.4375375	12.7362212
13.8502988	14.4851056	16.1298294
18.7882481	19.6493769	21.8804825
25.0004094	26.1462613	29.1150619
39.8329469	41.6586206	46.3887881
171.445434490534	174.049668290534	180.797006390534
301.299036836637	304.501369936637	312.798337436637
47.8362456	50.0287394	55.7092975
28.4711806	29.77611	33.1570656
20.2426806	21.17047	23.57429
14.9669883	15.6529756	17.4303056
12.6430011	13.2224722	14.7238287
10.7609704	11.2541811	12.5320482
10.0108947	10.4697284	11.6585219
8.80996631	9.21375656	10.2599407
8.22869512	8.60584344	9.58300138
8.61403575	9.00884644	10.0317629
8.60322919	8.99754369	10.019178
8.7215205	9.12125719	10.1569378
8.58515019	8.978636	9.99812381
9.05052562	9.46534106	10.5400922
9.25905388	9.683426	10.7829413
9.07803269	9.49410869	10.5721268
8.29295356	8.67304675	9.65783606
8.40118813	8.78624269	9.78388356
8.29221713	8.67227662	9.65697913
8.59283019	8.986668	10.0070679
8.53570988	8.92692987	9.94054631
8.7096235	9.10881369	10.1430831
9.41602975	9.84759831	10.9657527
11.0277886	11.5332281	12.8427781
12.5068962	13.0801288	14.5653244
16.2659281	17.0114487	18.9430306
20.9710931	21.9322675	24.4225862
29.5909475	30.9471987	34.4611244
43.3334381	45.3195519	50.4654025
139.972956083137	141.975395983137	147.163542883137
37.2567869	38.9643894	43.3886362
26.3052319	27.5108869	30.6346356
19.6754238	20.5772125	22.9136719
14.1201044	14.7672756	16.4440394
11.5548541	12.0844504	13.4565913
9.87733919	10.3300504	11.5029847
9.20615731	9.62810519	10.7213379
6.37737269	6.66966875	7.42698219
6.01426994	6.28992375	7.00411869
5.98650756	6.260889	6.97178725
6.41951344	6.713741	7.47605881
6.48187663	6.77896244	7.548686
6.5714055	6.87259487	7.65294975
6.55330794	6.85366763	7.63187369
6.54351925	6.84343044	7.620474
6.14215831	6.42367356	7.15305556
6.26318631	6.55024881	7.29400288
6.24023813	6.52624869	7.26727744
6.61848044	6.92182719	7.70777231
7.13000588	7.45679744	8.30348638
8.0079775	8.37500944	9.32595806
10.2666533	10.7372081	11.9563729
13.7959406	14.4282544	16.0665237
18.4978869	19.3457056	21.5423331
25.00463	26.1506737	29.1199769
22.0188394	23.0280344	25.6427737
15.8152969	16.5401656	18.4182337
12.4574124	13.0283775	14.5076981
9.75663613	10.2038152	11.3624166
7.5203375	7.8650195	8.75806044
6.90567581	7.22218588	8.04223531
4.84270944	5.06466694	5.63973906
4.74943881	4.9671215	5.53111781
4.59657894	4.80725531	5.3530995
4.68718894	4.90201837	5.45862231
4.841191	5.06307875	5.63797069
4.81948775	5.04038056	5.61269519
4.75741919	4.97546744	5.54041144
4.81757513	5.0383805	5.61046806
4.69324819	4.90835494	5.46567863
4.73960037	4.95683187	5.51965987
4.76067494	4.97887256	5.54420294
4.82254731	5.04358063	5.61625856
5.22900719	5.46866981	6.08961488
6.13474637	6.41592219	7.14442369
7.32986125	7.66581313	8.53623487
8.39476894	8.77952925	9.77640863
10.2862288	10.7576799	11.9791721
11.6975074	12.2336435	13.6227231
12.0274775	12.5787374	14.0070025
10.2886219	10.760184	11.9819582
8.51592156	8.90623438	9.91750175
6.90892381	7.22558287	8.04601806
5.82406	6.09099594	6.78260363
5.39809831	5.64551106	6.2865355
3.9750795	4.15727044	4.62931156
3.82936687	4.0048795	4.45961706
3.72150312	3.89207206	4.33400075
3.81654594	3.99147088	4.44468594
3.83836675	4.01429188	4.47009838
3.77788375	3.95103681	4.39966081
3.81101062	3.985682	4.43823981
3.88342313	4.06141325	4.52257006
3.97600763	4.15824125	4.63039269
4.34328856	4.54235581	5.05812181
4.62998644	4.842194	5.39200544
5.65092094	5.90992125	6.58096875
6.6641315	6.96957087	7.76093681
7.01074362	7.33206919	8.16459563
6.38994644	6.682819	7.4416255
5.57513838	5.83066538	6.4927135
4.91468931	5.13994575	5.72356537
4.31256925	4.51022862	5.02234644
3.45298725	3.611249	4.02129156
3.23284856	3.3810205	3.76492162
3.24835225	3.39723506	3.78297706
3.29265237	3.44356556	3.83456838
3.25542731	3.4046345	3.79121675
3.3610595	3.515108	3.91423406
3.64489288	3.81195031	4.24478175
3.98714681	4.16989081	4.64336487
4.59805488	4.80879887	5.35481844
4.60269962	4.81365669	5.3602275
4.32236169	4.52046981	5.03375081
3.67931781	3.84795319	4.28487244
3.147499	3.29175944	3.66552513
2.99847369	3.13590375	3.49197275
3.02214456	3.16065963	3.51953944
3.21324962	3.36052363	3.74209725
3.41160781	3.567973	3.97310181
3.44535175	3.60326362	4.01239944
3.07212013	3.21292538	3.57773994
