#?RADIANCE
genskyvec -m 1
NROWS=146
NCOLS=1
NCOMP=3
FORMAT=ascii

21.7853419	22.7838369	25.3708487
31.4759494	32.9185969	36.6563675
35.44457	37.0691119	41.2781581
38.1434244	39.8916638	44.4211975
39.6043912	41.4195912	46.1226162
37.20916	38.9145788	43.3331687
36.2769981	37.9396937	42.2475894
34.5384263	36.1214369	40.2228781
30.6727312	32.078565	35.7209544
26.8876587	28.1200081	31.3129219
29.9966844	31.3715319	34.93364
26.0022744	27.1940463	30.2818181
28.3741569	29.6746381	33.0440737
29.4502525	30.8000556	34.2972738
30.8052331	32.2171375	35.8752619
35.4291188	37.0529513	41.2601637
39.3044919	41.1059462	45.7733581
45.0636837	47.1290975	52.4804156
48.6769719	50.9079981	56.6883956
52.7517194	55.1695037	61.433775
53.7887462	56.2540613	62.6414788
49.61389	51.8878581	57.7795119
44.993325	47.0555181	52.3984794
38.9562206	40.7417119	45.3677669
35.5818188	37.2126487	41.4379938
32.0356637	33.5039631	37.3082025
29.4801431	30.8313163	34.3320856
28.8462356	30.1683556	33.5938475
26.9030081	28.1360625	31.3307969
28.0348169	29.3197444	32.6488825
29.3667556	30.71273	34.200035
17.9484712	18.7711087	20.9024894
17.2107619	17.9995888	20.0433681
19.9854425	20.90144	23.2747138
19.7465875	20.6516375	22.9965475
19.6727763	20.574445	22.9105888
18.0525231	18.87993	21.0236681
19.0551031	19.9284606	22.1912569
18.64754	19.5022181	21.7166163
17.0116256	17.791325	19.8114562
14.6323187	15.3029669	17.0405562
15.5145456	16.2256281	18.0679837
16.4019025	17.153655	19.1013831
18.9408994	19.8090244	22.0582562
21.36649	22.3457869	24.8830588
24.1047325	25.2095313	28.0719712
29.0014037	30.3306331	33.7745538
35.5046969	37.1319931	41.3481788
42.4150762	44.3590981	49.3958944
48.9040894	51.145525	56.9528906
48.982345	51.2273681	57.0440263
43.3155813	45.3008762	50.4446062
35.5837475	37.2146687	41.4402425
28.3247931	29.6230119	32.9865825
24.9352938	26.0781606	29.0392294
21.66359	22.6565044	25.2290575
19.5827344	20.4802769	22.8057275
16.99253	17.7713531	19.7892175
16.4509412	17.2049431	19.1584938
15.9376681	16.6681456	18.5607456
16.6864981	17.451295	19.4328181
11.2637684	11.7800231	13.1175975
10.9797509	11.4829875	12.7868337
11.2259831	11.7405069	13.0735925
12.1955537	12.754515	14.2027387
11.9281922	12.4749013	13.8913744
11.6351998	12.1684819	13.5501606
11.3705219	11.8916694	13.2419213
11.5436925	12.0727775	13.4435912
11.7271456	12.2646387	13.6572369
13.5423394	14.16303	15.7711837
15.6433456	16.3603313	18.2179775
20.0793138	20.9996144	23.384035
26.7092531	27.9334262	31.1051519
38.7720381	40.54909	45.1532713
58.0530556	60.7138212	67.6076262
65.0515819	68.0331119	75.7579937
45.9273106	48.0323125	53.4861837
32.0329562	33.5011325	37.3050494
22.3234869	23.3466469	25.9975619
17.6551494	18.4643431	20.5608925
14.8107769	15.4896025	17.2483844
12.9366487	13.5295781	15.0658075
11.3729125	11.8941706	13.2447044
11.2181019	11.732265	13.0644144
8.99747631	9.40986038	10.4783127
8.9235865	9.33258394	10.3922602
8.76337644	9.16503106	10.2056822
8.85948219	9.26554106	10.3176054
9.02967931	9.44353944	10.5158153
8.98741875	9.39934144	10.466598
9.15926231	9.57906188	10.6667237
9.79982931	10.2489887	11.4127181
10.7999406	11.2949381	12.5774331
12.3104262	12.8746544	14.3365187
14.81776	15.4969063	17.2565175
19.0574475	19.9309137	22.1939875
25.1570769	26.3101075	29.2975131
45.2080931	47.2801306	52.6485931
2607.79045057192	2611.79616937192	2622.17467147192
4529.67943122423	4535.31294722423	4549.90889322423
66.4122638	69.4561575	77.3426175
35.8079906	37.4491894	41.7013906
22.2984369	23.3204494	25.9683912
16.6139069	17.3753769	19.3482787
13.6006131	14.2239744	15.8390475
11.4785631	12.0046631	13.3677437
10.1911657	10.6582602	11.8684631
9.55395875	9.99184862	11.12638
8.65981944	9.05672781	10.0850816
8.22529769	8.60229038	9.57904506
8.07537388	8.44549506	9.40444638
8.16018506	8.53419337	9.50321619
8.45103469	8.83837375	9.84193475
9.31594319	9.74292381	10.8491925
10.5102064	10.9919212	12.2400094
13.2135375	13.8191556	15.3882631
16.7018244	17.4673219	19.450665
26.1560237	27.3548394	30.4608687
42.7645931	44.7246356	49.8029331
2982.19074582405	2986.14135582405	2996.37702142405
64.1105362	67.0489331	74.6620669
27.6452356	28.9123075	32.1951813
17.7798044	18.5947106	20.706065
13.1787581	13.7827837	15.3477625
10.7614025	11.2546344	12.5325519
9.41061875	9.84193806	10.9594494
8.97525675	9.3866225	10.4524342
8.64023294	9.03624337	10.0622716
8.60513238	8.99953419	10.0213954
9.27188412	9.69684575	10.7978825
10.90682	11.4067156	12.7019025
14.7045788	15.3785381	17.1247075
21.90269	22.9065631	25.5075087
30.9246463	32.3420263	36.0143275
32.2673681	33.7462894	37.5780412
19.3870881	20.2756625	22.5778794
12.8116737	13.398875	14.9202612
10.4230192	10.9007406	12.1384756
10.4856469	10.9662375	12.2114087
10.2701738	10.7408897	11.9604737
11.8487394	12.3918063	13.7988456
15.6789519	16.3975687	18.2594462
16.1635006	16.9043262	18.8237431
13.1495744	13.7522637	15.313775
12.3868125	12.95454	14.425475
