#?RADIANCE
genskyvec -m 1
NROWS=146
NCOLS=1
NCOMP=3
FORMAT=ascii

1.17101212	1.2246835	1.36374119
12.4189794	12.9881837	14.4629381
11.7592453	12.2982122	13.6946234
11.4448438	11.9693979	13.3284743
11.3932432	11.9154324	13.2683813
11.6973857	12.2335148	13.6225794
11.4293414	11.9531863	13.3104231
11.481425	12.0076556	13.3710758
11.4129886	11.9360831	13.2913774
12.0075819	12.5579294	13.9838294
11.3024961	11.8205275	13.1627006
12.0293272	12.5806733	14.0091556
11.6513584	12.1853792	13.5689769
11.7064761	12.2430235	13.6331685
11.8979167	12.4432372	13.8561144
12.0178305	12.5686483	13.9957669
13.2281263	13.834415	15.4052562
13.4529612	14.0695544	15.6670944
16.6766537	17.4409994	19.4213544
22.7634631	23.8067881	26.5099506
31.40049	32.8396769	36.5684875
54.1941475	56.678045	63.1136025
308.463040482979	312.265449882979	322.117168582979
389.827406772335	394.370400872335	406.140915872335
59.8007075	62.5415737	69.6429119
33.1894381	34.7106181	38.6518663
22.8728062	23.9211437	26.6372913
17.0321844	17.812825	19.8353981
14.8879181	15.5702831	17.3382225
13.1374503	13.7395834	15.2996563
12.6322548	13.2112337	14.7113156
11.1931885	11.7062087	13.0353994
10.4355211	10.9138169	12.1530338
10.8166365	11.3123992	12.596875
10.5768434	11.0616143	12.3176169
10.44527	10.9240109	12.1643875
10.1005103	10.5634496	11.7628875
10.5347583	11.0176007	12.2686044
10.74337	11.2357748	12.5115513
10.6305271	11.1177602	12.3801338
9.877984	10.330725	11.5037344
10.2217235	10.6902183	11.9040494
10.3142657	10.7870003	12.0118219
10.8999678	11.3995484	12.6939213
10.9107524	11.4108279	12.7064812
11.0804198	11.5882731	12.9040738
11.7452456	12.2835687	13.6783175
13.5026906	14.1215644	15.7250081
15.0057813	15.6935444	17.4754831
19.7361475	20.6407194	22.9843912
26.552475	27.7694606	30.9225706
40.3000544	42.1471388	46.932775
64.8662369	67.8392738	75.542145
265.169803621164	268.071294821164	275.588801121164
48.0159269	50.2166556	55.9185512
31.2570788	32.6896937	36.4014731
22.4914737	23.5223313	26.1931969
16.0880506	16.8254187	18.7358762
13.5311925	14.1513719	15.7582006
11.985155	12.5344738	13.9577125
11.5048034	12.0321062	13.3983019
7.95192981	8.31639288	9.26068512
7.49058819	7.83390669	8.72341444
7.37005962	7.70785381	8.58304906
7.74178913	8.09662112	9.01595887
7.66299344	8.01421356	8.92419494
7.68644544	8.03874063	8.95150669
7.68072531	8.03275844	8.94484488
7.77926825	8.13581794	9.05960681
7.43405163	7.7747785	8.65757312
7.76220688	8.11797456	9.03973712
7.82196194	8.18046825	9.10932769
8.27874894	8.65819138	9.64129394
8.7357945	9.13618487	10.1735613
9.567799	10.0063229	11.1424995
12.1990973	12.7582229	14.2068675
16.9207375	17.6962706	19.7056106
24.1450319	25.2516794	28.1189044
34.4696862	36.0495456	40.1428212
28.4011112	29.7028294	33.0754637
18.7941281	19.6555263	21.8873294
14.1955581	14.8461869	16.5319106
11.1005314	11.6093056	12.927495
8.83360794	9.23848138	10.2874746
8.40911706	8.79453488	9.79311894
5.87484119	6.14410444	6.84174256
5.7996665	6.06548444	6.75419537
5.56223437	5.81716981	6.47768575
5.62050431	5.87811075	6.54554625
5.72473756	5.98712125	6.66693437
5.664409	5.92402769	6.59667687
5.59909887	5.85572406	6.52061756
5.72076788	5.98296975	6.66231137
5.65539325	5.91459862	6.586177
5.78393981	6.04903681	6.73588031
5.83369419	6.10107162	6.79382356
5.84950887	6.11761112	6.81224088
6.27142525	6.5588655	7.30359763
7.20501312	7.53524269	8.39083869
8.5334645	8.92458206	9.93793106
9.83140906	10.2820152	11.4494968
12.3703204	12.9372937	14.40627
14.2659781	14.9198338	16.6139194
14.4294056	15.0907525	16.8042456
11.8814074	12.4259719	13.8368906
9.59649481	10.0363345	11.1759188
7.82046537	8.17890294	9.10758419
6.75166438	7.06111537	7.86287594
6.43363475	6.72850956	7.49250425
4.68667294	4.90147881	5.45802156
4.56072344	4.76975644	5.31134269
4.41211581	4.61433769	5.13827681
4.49918969	4.70540256	5.23968169
4.50701756	4.71358919	5.2487975
4.45487544	4.65905719	5.188074
4.5300935	4.73772269	5.27567156
4.64933556	4.86243	5.414539
4.7317505	4.94862244	5.510518
5.083679	5.31668094	5.92036819
5.30069825	5.5436465	6.17310506
6.42238519	6.71674431	7.47940306
7.59549631	7.943623	8.845589
7.95602112	8.32067181	9.26544994
7.14632275	7.47386269	8.32248962
6.18754394	6.47113956	7.20591087
5.5391785	5.79305725	6.45083531
4.987688	5.21629031	5.80857863
3.9914905	4.17443375	4.64842381
3.75665106	3.92883081	4.3749335
3.78534994	3.958845	4.40835556
3.84276006	4.01888638	4.47521444
3.79898794	3.97310781	4.42423806
3.90167788	4.08050475	4.54382925
4.17202019	4.36323781	4.85866544
4.47526387	4.68037994	5.21181806
5.09483275	5.32834581	5.93335763
5.06737312	5.29962756	5.90137856
4.7795975	4.99866231	5.56623994
4.14834956	4.33848212	4.83109888
3.55900356	3.72212444	4.14475638
3.42100638	3.57780244	3.98404731
3.44682944	3.60480913	4.01412025
3.6308725	3.79728738	4.22845394
3.77938637	3.95260806	4.40141062
3.81896538	3.994001	4.44750375
3.4511085	3.60928413	4.0191035
