#?RADIANCE
genskyvec -m 1
NROWS=146
NCOLS=1
NCOMP=3
FORMAT=ascii

3.39515312	3.55076431	3.95393894
14.5164187	15.1817525	16.9055775
14.7882737	15.4660662	17.2221769
15.4743538	16.1835937	18.0211756
17.0077875	17.7873106	19.8069869
20.3775756	21.3115469	23.7313862
26.5596194	27.7769338	30.9308906
36.3758888	38.0431144	42.3627569
59.1003856	61.8091519	68.8273275
93.5119013	97.7978669	108.902421
534.724850729157	539.111667729157	550.477546729157
81.3571312	85.086	94.7471625
47.4470375	49.6216912	55.2560312
31.1775931	32.6065663	36.3089069
23.0873275	24.145495	26.8871169
18.4834525	19.3306113	21.5255237
16.4326037	17.1857625	19.1371375
15.0068362	15.6946494	17.4767131
14.6275144	15.2979419	17.0349594
14.3075188	14.96328	16.6622988
14.5366525	15.2029144	16.9291444
14.77298	15.4500725	17.2043669
14.5234938	15.1891544	16.9138194
14.4287787	15.0900975	16.8035169
14.8797263	15.5617162	17.3286844
14.4073981	15.0677381	16.7786187
14.8342637	15.5141681	17.2757375
14.4744331	15.137845	16.856685
14.5347781	15.2009556	16.9269619
14.1247744	14.7721594	16.4494781
14.2319856	14.8842844	16.574335
11.7297244	12.2673356	13.6602431
11.4703825	11.9961075	13.3582169
12.8639594	13.4535581	14.9811512
14.0815488	14.7269512	16.3991375
17.5039931	18.3062606	20.3848612
22.4508375	23.4798331	26.1458725
32.3530113	33.8358575	37.6777794
52.6407113	55.0534069	61.3044956
639.117172725331	643.451629625331	654.681829225331
1652.8663136391	1657.8460206391	1670.7479576391
71.5045488	74.78184	83.2730106
43.0227906	44.9946681	50.1036288
28.8949712	30.2193231	33.6506031
20.0887962	21.0095331	23.3950794
15.7610225	16.4834	18.3550238
13.2471225	13.8542825	15.42738
12.9934563	13.5889888	15.1319631
11.5345319	12.0631963	13.4329231
11.3165084	11.8351812	13.1790181
10.9286209	11.4295169	12.7272925
11.095483	11.6040269	12.9216156
11.381645	11.9033031	13.2548737
10.9074611	11.4073862	12.7026487
11.6584923	12.1928406	13.5772863
11.8231865	12.3650825	13.7690863
11.9291802	12.4759325	13.892525
11.3996399	11.9221256	13.2758331
11.5074134	12.0348375	13.4013431
11.2542243	11.7700438	13.1064825
11.4595292	11.9847581	13.3455787
8.71235744	9.11167369	10.1462671
8.7916095	9.19455831	10.2385614
9.70307719	10.1478017	11.3000425
12.4013138	12.9697056	14.4423619
17.0504075	17.8318831	19.8566206
26.9874	28.2243206	31.4290787
43.8632125	45.8736081	51.0823694
61.0102781	63.80658	71.0515544
43.2850269	45.2689231	50.4090219
27.2462469	28.4950325	31.7305263
18.0640944	18.8920313	21.0371444
12.6937913	13.27559	14.7829794
10.2774931	10.7485456	11.9689969
9.06347625	9.47888525	10.555174
8.70145381	9.10026988	10.1335694
8.58891675	8.982575	10.0025103
8.35756831	8.74062319	9.73308519
8.73678025	9.13721562	10.174709
8.52805875	8.91892787	9.93163488
8.24293244	8.62073294	9.59958175
8.51540787	8.90569719	9.916902
8.53995431	8.93136881	9.94548937
8.23129319	8.60856044	9.5860275
8.51326288	8.903454	9.91440375
7.13189544	7.45877388	8.30568706
7.55341344	7.89961131	8.79657969
8.31518994	8.69630256	9.6837325
9.64323	10.0852113	11.2303459
13.11075	13.7116581	15.2685606
16.6359469	17.398425	19.3739469
23.151595	24.21271	26.9619631
27.4336937	28.69107	31.9488256
22.7325825	23.7744913	26.4739875
17.5784025	18.3840787	20.4715137
12.7230706	13.3062119	14.8170769
9.67414119	10.1175389	11.2663446
8.52935738	8.92028619	9.93314825
7.660345	8.01144369	8.92111013
7.25396962	7.58644288	8.4478525
6.95973019	7.27871756	8.10518606
6.86834775	7.18314662	7.99876362
6.87320019	7.18822169	8.00441475
6.96608688	7.28536581	8.11258912
6.93859106	7.25660956	8.08056781
6.9653575	7.28460294	8.11173963
7.00089506	7.32176906	8.153126
6.92970875	7.24732019	8.07022362
7.08879319	7.41369613	8.25549081
6.34636906	6.63724431	7.39087606
6.88106756	7.19644969	8.01357725
7.76519569	8.12110037	9.04321788
9.8143745	10.2641991	11.4296581
12.4444164	13.014785	14.4925613
14.4261931	15.0873931	16.800505
14.0429381	14.6865725	16.3541719
10.981177	11.4844804	12.7884962
8.90907194	9.31740437	10.3753564
7.41613256	7.75603831	8.63670469
6.59261362	6.89477469	7.67764819
6.30762437	6.59672375	7.34575462
6.15356781	6.43560613	7.16634287
6.04379494	6.32080212	7.03850319
5.96987906	6.24349838	6.95242206
5.99241056	6.26706269	6.97866194
6.08409606	6.36295025	7.08543731
6.15492581	6.4370265	7.16792437
6.04463225	6.32167781	7.03947831
6.58069806	6.88231313	7.66377156
8.01076063	8.37792031	9.32919881
9.65440944	10.0969029	11.2433663
9.18995269	9.61115844	10.7024659
7.73326431	8.08770525	9.00603144
6.67252519	6.97834894	7.77071206
6.04473306	6.32178306	7.03959563
5.73157281	5.99426969	6.67489456
5.61778275	5.87526425	6.54237637
5.6513025	5.91032019	6.58141294
5.70605506	5.96758238	6.645177
5.88063631	6.15016538	6.84849131
6.46692394	6.76332469	7.53127231
6.76165519	7.071564	7.87451112
6.31541344	6.60486962	7.35482562
5.67476588	5.93485906	6.608738
5.58070088	5.83648287	6.49919137
5.96436694	6.23773362	6.94600269
