#?RADIANCE
genskyvec -m 1
NROWS=146
NCOLS=1
NCOMP=3
FORMAT=ascii

15.3182506	16.0203375	17.8393813
24.5477606	25.6728675	28.5879144
26.6399844	27.8609819	31.0244837
28.3842869	29.6852325	33.05587
29.7146681	31.0765906	34.6052106
29.1094725	30.4436563	33.9004087
29.0902069	30.423505	33.87797
28.6445275	29.9574006	33.3589413
26.4769862	27.690515	30.8346588
24.4533231	25.5741012	28.4779369
26.3670588	27.5755494	30.70664
23.4739681	24.5498569	27.3373931
24.3771625	25.4944494	28.3892413
24.3422806	25.4579675	28.348615
24.7387537	25.8726131	28.8103412
27.8949869	29.173505	32.4860369
31.8249206	33.2835619	37.0627725
37.5888331	39.3116519	43.7753281
45.5415475	47.6288669	53.0369294
58.1927475	60.8599125	67.7703075
64.9448063	67.9214413	75.6336444
67.8046469	70.9123588	78.9641644
58.3307031	61.0041913	67.9309675
49.0254781	51.27248	57.0942594
40.6119925	42.4733719	47.2960506
32.8738244	34.3805381	38.2843075
28.8061219	30.1264019	33.5471319
26.34629	27.5538281	30.6824538
23.8804931	24.975015	27.8108275
23.443015	24.5174869	27.3013481
23.5342094	24.6128612	27.4075506
15.6943419	16.4136656	18.27737
14.9920675	15.6792025	17.4595113
17.0263806	17.8067556	19.8286387
17.0689556	17.8512819	19.8782212
17.3692631	18.1653537	20.2279556
16.4663769	17.2210856	19.17647
17.5995906	18.4062381	20.4961912
17.6091906	18.4162781	20.50737
16.3845488	17.1355056	19.0811725
13.9731544	14.6135894	16.2729038
14.3514	15.0091712	16.7134013
14.46464	15.1276012	16.8452788
15.9672356	16.6990656	18.5951756
17.2746494	18.0664031	20.1177687
19.2158719	20.0965994	22.3784844
23.6459431	24.729715	27.5376725
30.7140888	32.1218156	35.7691175
40.2902838	42.1369206	46.9213944
56.5048644	59.0946694	65.8046262
70.700135	73.9405537	82.3362012
73.1242731	76.4758006	85.1593131
58.89886	61.5983906	68.5926356
42.4447875	44.3901725	49.4304944
32.0673544	33.5371056	37.3451069
25.1650713	26.3184681	29.3068244
21.2802019	22.2555431	24.7825694
17.4982556	18.3002594	20.3781781
16.1259238	16.8650275	18.7799825
15.0119412	15.6999887	17.4826594
15.1218037	15.8148875	17.6106025
10.4574592	10.9367595	12.1785831
10.1476057	10.6127038	11.8177325
10.3626083	10.8375619	12.0681231
11.300838	11.8187939	13.1607687
11.267066	11.7834739	13.1214381
11.1553521	11.6666399	12.9913387
10.8776474	11.3762056	12.6679269
10.7440628	11.2364989	12.5123569
10.2972738	10.7692317	11.9920331
11.1353011	11.6456675	12.9679862
12.2072037	12.7667006	14.2163075
15.2635438	15.9631219	17.7756706
20.1933731	21.1189006	23.5168669
29.1708819	30.5078794	33.9719238
48.7693844	51.0046456	56.7960144
80.5027144	84.1924219	93.7521269
2016.04431396722	2020.05867016722	2030.45952306722
56.6662938	59.2634981	65.9926263
32.0021969	33.4689631	37.2692263
21.62761	22.6188762	25.1871562
16.1627175	16.9035081	18.8228306
13.2593275	13.867045	15.4415913
11.1408875	11.6515106	12.9744919
10.6842134	11.1739052	12.4426569
8.39391063	8.77863144	9.77540881
8.29871625	8.67907375	9.66454787
8.14799887	8.52144856	9.48902406
8.27298169	8.65215981	9.63457681
8.4546535	8.84215819	9.846149
8.36694637	8.75043106	9.74400663
8.26538775	8.64421775	9.62573356
8.48473563	8.87361919	9.881183
8.74902794	9.15002463	10.1889728
9.483496	9.91815525	11.0443206
10.8983945	11.3979031	12.69209
13.40812	14.02266	15.6148756
17.0510131	17.8325162	19.8573275
27.066905	28.3074706	31.5216681
45.2602894	47.3347194	52.7093831
2539.73310331655	2543.00781081655	2551.49228891655
3675.83688158297	3679.79138538297	3690.03713698297
53.3045556	55.7476819	62.0776019
30.58966	31.991685	35.6242113
19.814905	20.7230881	23.0761094
14.5543256	15.2213994	16.9497269
11.4240956	11.9477	13.3043112
9.78483925	10.2333114	11.3952613
9.04696613	9.46161869	10.5359464
7.79814637	8.155561	9.08159156
7.38654794	7.72509788	8.60225119
7.19030825	7.51986375	8.37371344
7.23782356	7.56955706	8.42904887
7.31360225	7.64880862	8.5172995
7.55742487	7.90380675	8.80125156
8.10452106	8.47597819	9.43839069
9.57105044	10.0097229	11.1462862
11.5716119	12.10198	13.4761094
16.3577737	17.1075062	19.0499937
22.7553038	23.798255	26.5004494
38.1394906	39.8875494	44.4166175
47.7639619	49.95314	55.625115
30.4462406	31.8416919	35.4571856
19.3452137	20.2318681	22.5291138
13.1732369	13.7770094	15.3413325
10.1398138	10.6045559	11.80866
8.58137375	8.97468631	9.99372556
7.713413	8.06694431	8.98291262
7.23378225	7.56533031	8.42434263
7.08410844	7.40879669	8.25003494
7.33432669	7.67048306	8.54143494
8.14155594	8.51471044	9.48152075
10.3190008	10.7919545	12.0173362
14.1313162	14.7790006	16.4570944
18.9628144	19.8319425	22.0837788
23.6437575	24.72743	27.5351275
17.6623006	18.4718213	20.5692219
11.8549337	12.3982837	13.8060581
9.08712644	9.50361956	10.5827168
8.53345819	8.92457444	9.93792363
8.02920538	8.39721038	9.35067931
8.85536675	9.26123756	10.3128143
11.2527161	11.7684656	13.1047262
12.5883331	13.1652988	14.6601644
10.9326209	11.4336995	12.7319494
9.58309675	10.0223219	11.160315
