#?RADIANCE
genskyvec -m 1
NROWS=146
NCOLS=1
NCOMP=3
FORMAT=ascii

2.11412944	2.21102706	2.46208012
13.2517525	13.8591238	15.4327706
13.5705488	14.1925313	15.8040375
14.3343575	14.9913488	16.693555
15.9776537	16.7099631	18.6073088
19.5196944	20.414345	22.7323125
26.3024031	27.50793	30.6313431
37.2794206	38.9880575	43.4149931
63.0321562	65.9211281	73.4062019
104.137452	108.910401	121.276732
568.506093454888	573.063221354888	584.870332354888
71.2120463	74.47593	82.9323656
40.5930606	42.4535731	47.274005
26.5303838	27.7463587	30.8968431
19.7903619	20.69742	23.0475275
16.2002313	16.9427419	18.86652
14.5743544	15.2423444	16.9730506
13.5019762	14.1208169	15.7241788
13.202475	13.8075888	15.3753825
12.9996544	13.5954712	15.1391825
13.3130556	13.9232381	15.5041644
13.5281069	14.1481431	15.7546088
13.32123	13.9317837	15.5136819
13.1964906	13.8013287	15.3684163
13.6655238	14.2918594	15.9146437
13.2133987	13.8190131	15.3881056
13.6134156	14.2373638	15.85396
13.2658538	13.8738719	15.4491937
13.2634231	13.8713294	15.4463619
12.864475	13.4540987	14.9817563
12.9621575	13.5562556	15.0955125
10.4820538	10.9624824	12.2072262
10.2479704	10.7176678	11.9346162
11.587294	12.1183775	13.4943706
12.7786275	13.364315	14.8817775
16.1129525	16.8514606	18.7648756
20.8713631	21.8279663	24.3064425
30.75288	32.1623856	35.8142931
50.7890112	53.1168394	59.1480381
586.876650033098	591.020905633098	601.758341633098
642.156741163187	645.652331863187	654.709104963187
52.44322	54.846865	61.0745025
32.6761694	34.1738256	38.0541225
22.7777537	23.8217337	26.5265937
16.3575831	17.1073056	19.04977
13.1587206	13.7618275	15.3244275
11.3428511	11.8627312	13.2096963
11.3400917	11.8598461	13.2064831
10.1515555	10.6168357	11.8223325
10.0381629	10.4982451	11.6902784
9.72284781	10.1684787	11.3230686
9.9122235	10.3665332	11.543613
10.1968961	10.6642538	11.8751369
9.76155175	10.2089555	11.3681413
10.4659125	10.9456008	12.1884287
10.6070418	11.093198	12.3527863
10.6983596	11.1887016	12.4591344
10.1924388	10.6595926	11.8699456
10.2838154	10.7551561	11.9763606
10.0393137	10.4994489	11.6916184
10.2234837	10.69206	11.9060984
7.70275119	8.05579362	8.97049594
7.76943044	8.12552887	9.04814975
8.58544338	8.97894263	9.99846387
11.0351317	11.5409087	12.85133
15.1466375	15.8408581	17.6395237
23.5257412	24.6040037	27.3976869
35.7044275	37.3408787	41.5807819
43.2089312	45.1893381	50.3204044
30.268755	31.6560738	35.2504894
20.0437894	20.9624625	23.3426644
13.941	14.5799613	16.2354569
10.3409192	10.8148767	12.0428632
8.67043075	9.06782544	10.0974398
7.8083795	8.16626306	9.09350894
7.60899831	7.95774369	8.861313
7.57264412	7.91972337	8.81897563
7.40517113	7.74457456	8.62393919
7.76459188	8.12046888	9.04251488
7.5839765	7.93157531	8.83217325
7.32532356	7.66106744	8.53095
7.56365275	7.91032	8.80850456
7.57511319	7.92230575	8.82185113
7.2857575	7.61968781	8.48487212
7.530185	7.87531819	8.76952812
6.2766595	6.56433962	7.3096935
6.63370237	6.93774713	7.72549969
7.2667805	7.59984094	8.46277181
8.379718	8.76378781	9.75887938
11.1895787	11.7024344	13.0311981
13.8429131	14.4773812	16.1212275
17.9982719	18.8231906	20.9604887
20.1573794	21.0812575	23.4749487
16.45949	17.2138806	19.1684462
13.0644988	13.6632881	15.2146969
9.885026	10.3380888	11.5119356
7.85012637	8.20992363	9.142127
7.11454831	7.44063156	8.28548469
6.56407288	6.86492619	7.64441056
6.30953344	6.59872025	7.34797775
6.10056275	6.38017175	7.10461406
6.05689181	6.33449919	7.0537555
6.08155256	6.36029	7.08247494
6.1756075	6.45865594	7.19200988
6.1525235	6.43451394	7.16512662
6.172458	6.45536237	7.18834212
6.19549213	6.47945213	7.21516731
6.12206744	6.40266194	7.12965813
6.25423075	6.54088275	7.28357337
5.56412862	5.81915081	6.47989169
5.99165538	6.26627275	6.97778231
6.67160744	6.97738919	7.76964313
8.23419769	8.61159831	9.58940975
10.0645224	10.5258112	11.7209734
11.0949627	11.6034816	12.9210088
10.6398388	11.1274963	12.3909775
8.54927969	8.94112113	9.95634919
7.17959681	7.50866144	8.36123931
6.20577125	6.49020231	7.22713812
5.64219681	5.90079719	6.57080869
5.48737119	5.73887556	6.39050131
5.404871	5.65259425	6.29442287
5.33477881	5.57928919	6.21279469
5.27583525	5.51764425	6.14415012
5.295653	5.53837006	6.16722937
5.36945981	5.61555994	6.25318387
5.41762262	5.66593019	6.30927344
5.26500562	5.50631819	6.131538
5.6481755	5.90705	6.57777138
6.68898312	6.99556119	7.7898785
7.76640362	8.12236369	9.04462431
7.33549144	7.67170131	8.54279144
6.31187031	6.60116425	7.35069931
5.61085463	5.86801862	6.53430806
5.19640344	5.43457169	6.05164512
5.00564869	5.235074	5.82949538
4.9335615	5.15968275	5.74554356
4.97406375	5.20204156	5.79271219
5.00058288	5.22977619	5.82359581
5.07729787	5.31000731	5.91293687
5.47763237	5.72869044	6.37915975
5.64932312	5.90825038	6.57910787
5.33412019	5.57860062	6.21202775
4.90568638	5.13053006	5.71308088
4.857708	5.08035275	5.65720619
5.10059631	5.33437369	5.94006981
