#?RADIANCE
genskyvec -m 1
NROWS=146
NCOLS=1
NCOMP=3
FORMAT=ascii

19.1579888	20.0360638	22.311075
24.9163219	26.0583188	29.0171362
26.9997025	28.2371869	31.4434025
28.5919087	29.90237	33.2976625
29.6141425	30.9714556	34.4881375
28.506805	29.8133675	33.1985537
28.2558894	29.5509519	32.9063412
27.6772694	28.9458112	32.2324881
25.5140669	26.6834606	29.7132594
23.3988856	24.4713337	27.2499537
25.8183988	27.0017413	30.0676775
23.0971763	24.1557956	26.8985881
24.6068363	25.7346506	28.6567156
25.1043375	26.2549525	29.2360956
25.9200262	27.1080256	30.18603
29.5386944	30.8925513	34.4002725
33.7137381	35.25895	39.2624575
39.3470581	41.1504612	45.8229306
46.2139531	48.33209	53.8200019
54.8803256	57.3956712	63.912715
57.5208175	60.1571875	66.9877894
56.1127881	58.6846219	65.3480213
48.4395225	50.659665	56.4118625
41.1424306	43.0281262	47.9137937
35.4674612	37.0930519	41.3048163
30.2493831	31.6358125	35.2279281
27.2882619	28.5389731	31.7794581
25.7871381	26.9690475	30.0312725
23.6939481	24.77992	27.5935794
23.7111562	24.7979169	27.6136187
23.895485	24.9906925	27.8282844
15.5730775	16.2868437	18.1361475
14.8047575	15.4833075	17.2413756
16.7251869	17.4917581	19.4778763
16.5933881	17.3539194	19.324385
16.7037475	17.4693356	19.4529062
15.7161281	16.4364513	18.3027412
16.7229369	17.4894056	19.4752538
16.7122456	17.4782225	19.4628038
15.6501106	16.3674069	18.2258575
13.5772969	14.1995894	15.8118931
14.1987931	14.8495706	16.5356781
14.6524594	15.3240306	17.0640125
16.5252688	17.2826769	19.2450525
18.32509	19.1649906	21.3410962
20.7710431	21.7230512	24.1896144
25.9016056	27.0887619	30.1645781
33.2125	34.7347381	38.678725
42.7818531	44.7426862	49.8230356
54.9293944	57.4469894	63.9698588
60.9994487	63.7952556	71.0389444
56.9746994	59.5860362	66.3517881
45.4059331	47.4870356	52.8789937
33.95735	35.5137262	39.5461638
27.1839719	28.4299019	31.6580031
22.3073588	23.3297775	25.9787787
19.4935606	20.3870156	22.7018769
16.5158144	17.2727894	19.2340438
15.5805856	16.294695	18.1448913
14.7235744	15.3984044	17.1468313
14.9628169	15.6486131	17.4254488
10.325618	10.7988741	12.0250425
10.0004507	10.4588046	11.6463588
10.1443549	10.6093036	11.8139463
10.9491817	11.4510185	12.751235
10.8476835	11.3448691	12.6330313
10.7303686	11.2221771	12.4964113
10.546367	11.0297419	12.2821231
10.6007641	11.0866334	12.3454762
10.4461234	10.924905	12.1653825
11.6589325	12.1933006	13.5778013
13.191725	13.7963462	15.3628631
17.1003163	17.8840806	19.914745
23.3944519	24.4666969	27.2447919
34.5124056	36.0942213	40.1925731
55.0771056	57.6014719	64.1418825
75.523175	78.9846494	87.9530344
63.5874087	66.5018294	74.05284
42.9826663	44.952705	50.0569
26.5642638	27.7817925	30.9363006
19.0986719	19.9740281	22.2419956
14.8995269	15.5824194	17.3517412
12.5860894	13.1629519	14.6575519
10.8276144	11.3238806	12.6096631
10.5064272	10.9879709	12.2356106
8.33606925	8.71813881	9.70804769
8.23196806	8.60926663	9.5868135
8.05948663	8.42887931	9.385944
8.14898494	8.52247994	9.49017256
8.30384262	8.68443519	9.670517
8.24823369	8.62627712	9.60575612
8.27112519	8.65021831	9.63241475
8.6478025	9.04415988	10.0710878
9.19860675	9.62020956	10.7125444
10.2553528	10.7253889	11.9432131
12.2416463	12.8027212	14.2564169
15.7880687	16.5116881	18.3865219
20.7719275	21.723975	24.1906425
34.6731038	36.2622881	40.37972
59.8215375	62.5633569	69.6671694
5516.21359928261	5520.58609548261	5531.91484288261
2369.48767975861	2373.09101165861	2382.42693605861
45.2459131	47.3196812	52.69264
26.7228913	27.9476887	31.1210356
18.0420356	18.8689637	21.0114556
13.6827894	14.3099187	15.9347512
11.0197562	11.5248281	12.8334244
9.59000081	10.0295422	11.1683556
8.93213656	9.341526	10.4022184
7.85731262	8.21743944	9.15049606
7.44402988	7.78521413	8.66919344
7.26163219	7.59445656	8.45677606
7.31001975	7.64506206	8.51312756
7.45751	7.79931219	8.68489206
7.92941156	8.29284263	9.23446088
8.73763794	9.13811262	10.1757083
10.8153824	11.3110861	12.5954144
13.66066	14.2867744	15.9089775
20.5870869	21.5306587	23.9753787
30.1757656	31.5588213	35.1421963
1523.23448688309	1525.64130688309	1531.87716818309
56.8793931	59.4863613	66.2407962
30.4040788	31.7975981	35.4080863
18.9794606	19.8493519	22.1031644
12.9998944	13.5957244	15.1394625
10.0740689	10.5357963	11.7320919
8.60892587	9.00350131	10.025812
7.93872644	8.30258462	9.24530906
7.51340212	7.85776613	8.74998331
7.39826181	7.73734844	8.61589262
7.80215044	8.15974881	9.08625488
8.99243538	9.404588	10.4724414
12.0718412	12.6251337	14.0586644
17.5228281	18.3259575	20.4067937
24.0834587	25.1872838	28.0471962
28.2148706	29.5080506	32.8585694
19.062485	19.9361806	22.1998519
12.1928006	12.7516375	14.1995344
9.39641781	9.82708656	10.9429125
9.12603094	9.54430706	10.6280237
8.70470544	9.10367075	10.1373546
9.92756894	10.3825817	11.5614819
13.1972681	13.8021431	15.3693188
14.3762244	15.0351338	16.7423125
11.8966888	12.4419544	13.8546875
10.6759951	11.1653125	12.4330869
