#?RADIANCE
genskyvec -m 1
NROWS=146
NCOLS=1
NCOMP=3
FORMAT=ascii

17.8390294	18.65665	20.7750363
23.915185	25.0112975	27.8512262
23.241075	24.3062913	27.0661713
23.33876	24.4084525	27.1799331
23.5701631	24.65046	27.4494187
23.6021987	24.6839644	27.4867294
25.9296069	27.1180469	30.1971894
28.8729544	30.1962975	33.6249625
33.7496575	35.2965156	39.3042913
39.8802637	41.7081075	46.4438919
49.280385	51.5390687	57.3911175
56.3621837	58.9454487	65.638465
57.2845319	59.91007	66.7126131
51.8140506	54.18886	60.3417831
44.1286862	46.1512519	51.3915375
37.1488275	38.8514787	43.2629088
31.0460644	32.4690094	36.1557313
28.4815631	29.7869675	33.169155
24.5509825	25.6762362	28.5916681
22.558015	23.5919231	26.2706888
23.5785419	24.6592244	27.4591775
22.4612631	23.4907369	26.1580137
24.0156637	25.1163812	27.9682444
23.6471913	24.7310219	27.5391281
25.9392412	27.1281231	30.20841
27.7362688	29.0075131	32.3011994
28.6339769	29.9463662	33.3466531
29.1608856	30.4974263	33.9602838
27.0041025	28.2417912	31.44853
26.326435	27.5330644	30.6593294
24.5975081	25.7248931	28.6458475
14.6719331	15.3443944	17.0866888
13.2925875	13.9018319	15.4803275
14.4970094	15.1614537	16.8829756
14.6113244	15.2810094	17.016105
16.1340475	16.8735263	18.7894437
17.7925888	18.6080819	20.7209537
21.6437269	22.6357312	25.2059269
27.3410231	28.5941519	31.8409013
35.9683962	37.6169469	41.8881969
46.432975	48.5611512	54.0750719
58.25067	60.9204894	67.8377631
61.5486206	64.3695963	71.6785012
52.6809987	55.0955406	61.3514119
40.6011469	42.4620319	47.2834219
31.0642987	32.4880775	36.176965
23.4822706	24.5585425	27.3470619
20.7965319	21.7497063	24.2192975
16.5926944	17.3531931	19.3235763
14.9070431	15.5902794	17.3604937
13.6115156	14.2353762	15.851745
13.5804513	14.2028894	15.8155687
14.071025	14.7159463	16.3868813
13.5440131	14.1647794	15.7731325
15.4466313	16.1546012	17.9888906
16.1904456	16.9325075	18.8551244
16.7846794	17.5539781	19.5471613
15.8321881	16.5578294	18.4379031
16.006025	16.7396337	18.6403512
15.0991963	15.7912425	17.5842725
14.9297025	15.6139806	17.386885
9.71223675	10.1573803	11.3107087
9.50609338	9.94179013	11.0706388
10.0982226	10.5610591	11.7602225
11.96617	12.5146187	13.9356038
14.5505663	15.2174675	16.9453475
19.5093013	20.4034775	22.7202088
28.4876656	29.7933494	33.1762644
45.8006669	47.8998619	53.3386956
69.5743262	72.7631481	81.0251019
1645.6441807886	1649.1148319886	1658.1069769886
51.5588244	53.9219369	60.0445488
29.8185219	31.1852025	34.7261563
19.9294813	20.842915	23.2095419
14.8599344	15.5410144	17.3056325
12.1058938	12.6607469	14.0983212
10.7331936	11.2251312	12.4996975
9.75797694	10.2052171	11.3639781
10.0805907	10.542618	11.73969
9.89025706	10.3435592	11.5180278
9.62662694	10.0678467	11.2110106
10.2206176	10.6890617	11.9027625
10.3059588	10.7783161	12.0021488
9.67270019	10.1160327	11.2646663
9.89812825	10.3517933	11.5271953
7.82953419	8.18838775	9.11814569
8.24219206	8.61995906	9.59872031
9.02133163	9.43480881	10.5060925
10.2473226	10.7169915	11.9338619
13.3718475	13.984725	15.5726331
16.7878175	17.5572587	19.5508144
26.8421219	28.0723856	31.2598906
45.1929081	47.2642481	52.6309094
3196.65009478788	3200.36103548788	3209.97576358788
4084.20273998632	4088.06218618632	4098.06166738632
47.3690925	49.5401744	55.1652581
27.0564138	28.2964981	31.5094494
19.2996944	20.1842619	22.4761031
13.4975381	14.1161769	15.71901
10.7450005	11.2374794	12.5134487
9.26629987	9.69100488	10.7913789
8.33540819	8.71744756	9.70727719
7.92135731	8.28441925	9.22508125
7.838968	8.19825375	9.12913187
7.77173681	8.12794131	9.05083575
7.82786362	8.18664063	9.11620006
7.88381825	8.24515969	9.18136344
7.73975769	8.09449637	9.01359344
7.85636969	8.21645331	9.14939788
7.21763162	7.5484395	8.40553419
7.98414413	8.35008381	9.29820163
9.39113269	9.8215585	10.9367569
12.33007	12.8951987	14.3593944
17.4676431	18.2682419	20.3425262
30.7215087	32.1295762	35.7777594
45.5285456	47.61527	53.0217869
42.0895694	44.0186719	49.0168112
27.5887088	28.8531906	32.1293519
16.9540431	17.7311025	19.7443969
12.0822962	12.63607	14.0708413
9.44401075	9.8768615	10.998338
7.97454175	8.3400415	9.28701919
7.17596737	7.50486575	8.35701256
6.86670462	7.1814285	7.99685006
6.75566712	7.06530162	7.86753769
6.81110675	7.12328219	7.93210169
6.91671025	7.23372581	8.05508587
7.44196337	7.78305306	8.666787
8.84301425	9.2483185	10.2984274
12.0968754	12.6513169	14.0878212
18.8385762	19.7020106	21.9390938
23.2237525	24.2881712	27.0459956
20.4834081	21.4222325	23.8546394
14.41534	15.0760431	16.7878656
10.4670434	10.9467817	12.1897437
8.07406544	8.4441265	9.40292225
7.1454405	7.47293969	8.32146125
6.71169644	7.01931587	7.81633025
6.9147705	7.23169725	8.05282694
8.28451525	8.66422206	9.64800931
10.5393719	11.0224251	12.2739775
13.2032231	13.8083694	15.3762538
12.3275533	12.8925656	14.3564637
8.74189281	9.1425625	10.1806631
7.68193575	8.03402419	8.946255
9.71404013	10.159266	11.31281
