#?RADIANCE
genskyvec -m 1
NROWS=146
NCOLS=1
NCOMP=3
FORMAT=ascii

27.5159419	28.7770894	32.0446075
33.1060475	34.6234087	38.5547544
33.3755638	34.9052763	38.86863
33.2404037	34.7639206	38.7112219
31.9727537	33.43817	37.2349381
28.3559806	29.6556275	33.0229037
27.2892906	28.5400487	31.780655
26.8453837	28.0757956	31.2636875
26.28784	27.4926994	30.6143806
25.974255	27.1647406	30.2491863
31.8601456	33.3204019	37.1037981
32.1511581	33.6247513	37.4427037
37.1497069	38.8524038	43.263935
39.8854962	41.71358	46.4499869
41.3072275	43.2004756	48.1057125
43.5214256	45.5161563	50.6843306
43.0249388	44.9969131	50.1061281
42.7545594	44.7141419	49.79125
38.9709831	40.7571531	45.3849606
35.1094463	36.7186281	40.8878775
34.0291375	35.5888063	39.62977
29.6828425	31.0433044	34.5681462
28.8571119	30.1797275	33.6065131
26.3099181	27.5157881	30.6400931
26.9216356	28.1555431	31.3524894
28.7547756	30.0727025	33.4873375
30.0545669	31.4320681	35.0010506
32.5098994	33.9999375	37.86049
31.5708669	33.0178644	36.7669081
32.989845	34.50188	38.4194275
32.7662269	34.2680087	38.1590006
18.3044688	19.1434231	21.3170806
16.3664694	17.1165994	19.0601187
17.7767531	18.5915206	20.7025106
16.5751137	17.3348056	19.3031019
16.1450594	16.88504	18.8022687
15.3987069	16.10448	17.9330781
16.7650469	17.5334456	19.5242956
18.0370575	18.8637569	21.0056594
19.4079562	20.2974869	22.6021825
19.98112	20.8969225	23.2696812
23.2343944	24.2993031	27.0583888
26.4273419	27.6385931	30.7768425
30.689825	32.09644	35.7408581
34.2714225	35.8421944	39.9119288
36.0575931	37.7102325	41.9920731
36.0029338	37.653065	41.9284175
34.8590981	36.4568069	40.5963275
30.4740887	31.8708194	35.4896194
26.6225906	27.84279	31.004225
23.104385	24.1633363	26.9069838
20.7938425	21.7468938	24.216165
18.8847906	19.7503419	21.9929137
16.438805	17.1922487	19.1443606
16.6607762	17.4243962	19.402865
16.5293081	17.2869006	19.2497569
16.9439331	17.7205294	19.7326231
16.4230756	17.1758	19.1260425
17.4173162	18.2156075	20.283915
17.2748213	18.0665856	20.1179706
17.9183569	18.7396125	20.8674206
11.1401183	11.6507063	12.9735969
10.6592611	11.1478094	12.4135981
10.6700276	11.1590694	12.4261356
11.4112219	11.9342369	13.2893213
11.86823	12.4121913	13.8215437
12.9680262	13.5623925	15.1023475
14.665245	15.3374012	17.0788988
17.2714275	18.063035	20.1140187
19.9783106	20.8939831	23.2664087
25.4174456	26.5824112	29.6007331
32.1083094	33.5799388	37.3928044
39.435055	41.2424944	45.9254106
39.8083	41.6328463	46.360085
34.2451481	35.814715	39.88133
26.2715825	27.4756956	30.5954494
21.0973725	22.0643344	24.5696512
16.8762081	17.6496994	19.6537519
15.0762344	15.7672288	17.5575325
12.8779525	13.4681913	14.9974506
11.6040219	12.1358719	13.5138494
11.3212813	11.8401725	13.1845763
11.1892694	11.7021113	13.0308381
10.7513814	11.2441519	12.5208812
11.2218138	11.7361469	13.0687369
8.92380956	9.33281744	10.3925206
9.05953075	9.47475869	10.5505787
9.23446125	9.65770787	10.7543
9.65991575	10.1026626	11.2497788
10.6815425	11.1711112	12.4395456
11.5919881	12.12329	13.4998394
13.6677762	14.2942156	15.9172656
16.5080006	17.2646162	19.2249425
21.2802637	22.2556075	24.78264
28.5466194	29.855005	33.2449181
44.6850925	46.7331556	52.0395144
74.0893731	77.485135	86.2832519
71.7246419	75.0120187	83.5293231
44.4073012	46.4426356	51.7160063
29.1028869	30.43677	33.8927413
21.8177369	22.8177163	25.4085731
16.8487338	17.6209669	19.6217563
14.0283275	14.6712937	16.3371575
11.9960113	12.5458269	13.9703562
10.6766512	11.1659987	12.4338519
9.88774531	10.3409332	11.5151044
9.418294	9.84996562	10.9683888
9.10802175	9.52547269	10.60705
9.07527375	9.49122344	10.5689131
8.71344169	9.11280775	10.1475304
8.94355444	9.35346731	10.4155156
9.57168775	10.0103901	11.1470288
10.63187	11.1191644	12.3817006
12.2870019	12.8501562	14.3092394
16.2958781	17.0427744	18.9779112
22.4039931	23.4308419	26.0913181
43.6148019	45.6138113	50.7930738
3248.82884300581	3252.72306920581	3262.81267240581
5741.80673504723	5746.78373504723	5759.67872904723
53.45573	55.9057844	62.2536581
27.6191619	28.8850381	32.1648169
17.8524525	18.6706894	20.7906694
13.3298806	13.9408319	15.5237556
11.3177806	11.8365112	13.1804994
9.89173194	10.3451044	11.5197462
9.08101169	9.49722444	10.575595
8.75990762	9.16140312	10.2016419
9.48946363	9.92439706	11.0512725
10.3269047	10.8002222	12.0265438
11.8207544	12.3625375	13.7662544
15.1274119	15.8207519	17.617135
22.5723069	23.6068694	26.2873325
45.5100563	47.5959312	53.0002556
2243.77886761755	2246.54619821755	2253.71611131755
34.6674731	36.2563975	40.3731631
18.6686869	19.524335	21.7412444
13.3255481	13.936305	15.5187144
10.4683456	10.948145	12.1912637
9.86576131	10.3179416	11.4895012
11.7358975	12.2737925	13.6674306
13.6945794	14.3222488	15.9484806
19.3112969	20.1963994	22.4896169
26.8228825	28.0522637	31.2374825
17.0672425	17.84949	19.8762263
12.8256281	13.41347	14.9365144
15.6153919	16.3310975	18.1854269
