#?RADIANCE
genskyvec -m 1
NROWS=146
NCOLS=1
NCOMP=3
FORMAT=ascii

24.7523975	25.8868819	28.82623
33.6435637	35.1855587	39.1807338
32.2452363	33.7231413	37.552265
31.4448569	32.88608	36.62016
30.0722475	31.4505581	35.0216406
27.4587275	28.7172506	31.9779775
27.9183	29.1978875	32.5131887
29.0320081	30.3626425	33.8101956
30.7572181	32.1669244	35.8193481
32.5378356	34.0291525	37.8930237
40.2235763	42.067155	46.8437081
42.1639419	44.096455	49.1034262
47.6756281	49.8607612	55.522245
49.2367562	51.4934387	57.3403075
48.1562038	50.3633606	56.081915
46.5495275	48.6830462	54.2108062
42.2719763	44.20944	49.22924
40.1245838	41.963625	46.7284244
34.6999844	36.2904	40.4110244
30.6834175	32.0897394	35.7333987
30.4462294	31.8416813	35.4571725
27.252465	28.5015363	31.7377681
28.30294	29.6001562	32.9611331
27.244955	28.49368	31.7290212
30.0163694	31.3921175	34.9565638
33.5797419	35.1188131	39.10641
35.78574	37.4259181	41.6754775
38.2700756	40.0241194	44.5686944
36.1596256	37.8169419	42.1109006
36.4394294	38.1095681	42.436755
34.5304712	36.1131175	40.2136137
18.6345825	19.4886675	21.7015256
16.2996981	17.0467669	18.9823562
17.4304725	18.2293687	20.2992388
16.5097219	17.2664162	19.2269462
16.9048437	17.6796494	19.6871006
17.2701419	18.0616888	20.11252
19.6799975	20.581995	22.9189962
22.4796237	23.5099388	26.1793962
25.6896144	26.8670544	29.9176987
27.9258175	29.2057494	32.5219437
33.4881512	35.0230231	38.9997431
38.8128269	40.5917456	45.2007712
42.503145	44.4512038	49.4984556
42.9854481	44.9556113	50.0601381
39.2572281	41.0565169	45.718315
33.3815244	34.9115106	38.8755694
30.3645506	31.7562581	35.3620487
24.7751769	25.9107056	28.8527587
21.4720913	22.4562281	25.0060406
18.6905188	19.547165	21.7666663
17.3505431	18.1457769	20.2061569
16.6923125	17.457375	19.43959
15.3984531	16.1042163	17.9327837
17.1553719	17.9416594	19.9788619
18.1090325	18.9390275	21.089475
19.2142619	20.094915	22.37661
18.6567331	19.5118344	21.7273237
19.5650925	20.4618237	22.7851806
18.8367362	19.7000856	21.9369506
18.9233737	19.7906944	22.0378469
11.4819269	12.0081831	13.3716631
11.0088138	11.5133838	12.8206806
11.2548287	11.7706738	13.1071862
12.5415781	13.1164	14.6057125
13.9741437	14.614625	16.2740569
16.388575	17.1397181	19.0858619
19.8087756	20.7166769	23.0689706
25.2762744	26.4347675	29.4363281
32.7064344	34.2054794	38.0893712
44.970135	47.031265	52.3714744
53.2474731	55.6879806	62.0111231
43.7823794	45.7890719	50.9882331
32.1910144	33.6664356	37.4891213
24.4498919	25.5705106	28.4739369
19.2045756	20.084785	22.3653306
16.0574681	16.7934338	18.7002594
13.3978175	14.0118825	15.6028744
12.6409169	13.2202931	14.7214019
11.6186881	12.1512106	13.53093
11.0692019	11.5765394	12.8910081
11.6121656	12.1443894	13.523335
11.8512744	12.3944588	13.8017975
11.3384887	11.8581712	13.2046156
11.7792425	12.319125	13.7179119
9.22785612	9.65079931	10.7466069
9.55209919	9.98990269	11.1242163
10.1190434	10.5828319	11.78447
10.9909106	11.4946588	12.7998331
12.9484431	13.5419125	15.0795413
14.7236987	15.3985325	17.1469738
19.0272219	19.8993037	22.1587887
26.3825125	27.59171	30.7246369
42.5490825	44.4992488	49.5519556
69.2424375	72.4160488	80.6385913
3188.23942303764	3192.66039053764	3204.11471153764
67.5939544	70.6920081	78.7188056
41.3539988	43.24939	48.1601812
24.7449462	25.87909	28.8175544
18.331775	19.1719781	21.3488794
15.0922706	15.784	17.5762063
12.6534394	13.2333881	14.7359844
11.14461	11.6554025	12.978825
10.1376264	10.6022675	11.8061119
9.55233112	9.99014637	11.124485
9.33792887	9.76591619	10.8747981
9.30904137	9.73570544	10.8411538
9.17226325	9.59265825	10.6818644
9.28193687	9.70735919	10.8095887
8.88076069	9.28779531	10.342385
9.53692294	9.97403213	11.1065412
10.7264488	11.2180769	12.4918437
12.7238256	13.307	14.8179544
15.846315	16.5726031	18.4543537
25.1161537	26.2673112	29.2498587
43.55536	45.5516456	50.7238488
3903.03615574483	3908.13370974483	3921.34103774483
3635.06799242454	3639.44195242454	3650.77452152454
41.2911825	43.1836931	48.0870256
23.9976225	25.0975131	27.9472319
16.5358487	17.2937394	19.2573737
12.8529063	13.4419975	14.9682819
10.6075973	11.0937788	12.3534325
9.566387	10.0048459	11.1408556
8.88106556	9.288114	10.3427406
8.60719231	9.00168869	10.0237938
8.62510112	9.02041806	10.0446489
9.60180813	10.0418909	11.1821069
11.0281861	11.5336437	12.8432412
13.7300494	14.3593438	15.9897881
20.0049187	20.92181	23.297395
31.5677425	33.0145969	36.76327
44.7441388	46.7949112	52.10828
31.25188	32.6842587	36.3954219
19.4287319	20.319215	22.6263781
13.3539	13.9659531	15.5517294
10.881712	11.3804575	12.6726613
9.363455	9.79261256	10.9045244
9.36618188	9.79546525	10.9077
11.4672512	11.9928331	13.35457
14.2086987	14.8599306	16.547215
19.6714544	20.57306	22.9090475
21.5402088	22.5274675	25.0853688
13.9222844	14.5603906	16.2136613
11.4049744	11.9277019	13.2820431
14.4687256	15.1318756	16.8500387
