#?RADIANCE
genskyvec -m 1
NROWS=146
NCOLS=1
NCOMP=3
FORMAT=ascii

0.738014319	0.771839938	0.859479206
8.81831938	9.22249225	10.2696683
8.35219681	8.73500556	9.726829
8.248218	8.62626094	9.60573744
8.39888206	8.78383044	9.78119825
8.85587419	9.26176806	10.3134041
8.85944069	9.26549831	10.3175566
9.00080769	9.41334475	10.4821921
8.96945125	9.38055081	10.4456734
9.37269531	9.80227644	10.9152836
8.65350938	9.05012831	10.0777339
9.00083056	9.41336837	10.4822178
8.47195469	8.86025244	9.86629706
8.31875444	8.7000305	9.687883
8.36341063	8.74673306	9.73988906
8.464417	8.85236906	9.85752094
9.48470706	9.91942356	11.0457331
9.84745237	10.2987937	11.4681799
12.4227674	12.9921449	14.4673487
16.7496775	17.5173706	19.5063962
22.2084637	23.2263494	25.8636075
35.1031256	36.7120175	40.8805162
119.956263382308	122.243630282308	128.169995882308
244.964275863921	247.825277763921	255.237883963921
44.1487669	46.1722506	51.41492
26.2810094	27.4855556	30.6064256
18.6477412	19.5024269	21.7168487
13.7490758	14.3792408	16.011945
11.571616	12.1019811	13.4761131
9.82036881	10.2704669	11.4366378
9.10988225	9.527418	10.6092168
7.9939475	8.36033687	9.30961894
7.45697744	7.79875531	8.684272
7.80536269	8.16310831	9.08999575
7.79447438	8.15172075	9.07731538
7.90407169	8.26634144	9.20495
7.78282269	8.139535	9.06374619
8.20988981	8.58617625	9.5611015
8.40366875	8.78883687	9.78677269
8.24193012	8.61968494	9.59841519
7.526286	7.87124037	8.76498756
7.62394837	7.97337919	8.87872325
7.52059087	7.86528437	8.75835488
7.78766431	8.14459863	9.06938444
7.72320506	8.07718506	8.99431694
7.864886	8.22535969	9.15931625
8.47667481	8.8651885	9.87179506
9.90305769	10.3569466	11.5329354
11.1627213	11.674347	12.9999206
14.4138937	15.0745294	16.7861794
18.4230669	19.2674581	21.4551981
25.7548531	26.935285	29.9936744
37.3052894	39.0151131	43.4451212
96.0921346216756	97.8354139216756	102.352092121676
33.4682644	35.0022237	38.976585
23.8974844	24.9927844	27.8306138
17.9497075	18.7724031	20.9039319
12.8783919	13.4686506	14.9979613
10.532449	11.0151858	12.2659152
8.98689263	9.39879131	10.4659849
8.36475956	8.74814412	9.74146138
5.76881288	6.03321669	6.71826363
5.43669319	5.68587475	6.33148262
5.41143406	5.65945781	6.30206581
5.80725075	6.07341612	6.76302787
5.86669056	6.13558031	6.83225019
5.95127606	6.22404275	6.93075731
5.93706494	6.20918025	6.91420719
5.92893163	6.20067406	6.90473506
5.56092469	5.81580019	6.47616044
5.66582356	5.925507	6.59832406
5.63592175	5.89423475	6.56350081
5.96077888	6.23398106	6.94182394
6.39568075	6.68881588	7.44830363
7.14331938	7.47072131	8.318991
9.08932306	9.50591669	10.5852751
12.1006784	12.6552919	14.0922494
16.0536212	16.7894131	18.6957819
21.6161737	22.6069138	25.1738362
19.3539831	20.2410406	22.5393287
14.1038756	14.7503031	16.4251406
11.2294149	11.7440959	13.0775894
8.8302595	9.23497887	10.2835736
6.8065265	7.118492	7.92676756
6.25237456	6.53894138	7.28141156
4.36554606	4.56563331	5.08404238
4.28274413	4.47903644	4.98761275
4.14506131	4.33504313	4.82726963
4.22908331	4.42291612	4.92512012
4.37158888	4.57195344	5.09107994
4.35313494	4.5526535	5.06958875
4.29764612	4.4946215	5.00496725
4.35218425	4.55165919	5.06848144
4.23609438	4.43024831	4.933285
4.2737725	4.46965362	4.97716444
4.28377919	4.48011919	4.98881831
4.32551106	4.5237635	5.03741831
4.67737888	4.89175856	5.44719769
5.45767744	5.70782069	6.35592044
6.47899144	6.77594488	7.54532563
7.37525706	7.71328944	8.58910219
8.98161875	9.39327644	10.4598438
10.2057744	10.6735393	11.885475
10.5667413	11.0510501	12.3058515
9.12776869	9.54612437	10.6300484
7.61718569	7.96630663	8.87084837
6.21318569	6.4979565	7.23577281
5.24601169	5.48645363	6.10941812
4.86780631	5.090914	5.66896644
3.57033456	3.73397462	4.15795219
3.44278219	3.60057619	4.00940681
3.34715956	3.50057081	3.89804644
3.43606256	3.59354875	4.0015815
3.45699312	3.61543869	4.025957
3.40111606	3.55700038	3.96088313
3.42879406	3.585947	3.99311662
3.486911	3.64672769	4.06079863
3.56085294	3.72405862	4.14691025
3.87375506	4.05130213	4.51131088
4.10977287	4.29813744	4.78617344
4.98630606	5.214845	5.80696931
5.85328881	6.12156438	6.81664288
6.16466819	6.44721531	7.17927013
5.64968231	5.90862587	6.57952613
4.96468494	5.19223312	5.78178969
4.39920019	4.60083006	5.1232355
3.86951194	4.04686438	4.5063695
3.09255588	3.23429769	3.60153894
2.89719494	3.02998306	3.37402512
2.91490269	3.04850225	3.39464737
2.95578488	3.09125819	3.44225787
2.91791312	3.05165062	3.39815312
3.003665	3.14133281	3.49801838
3.24530519	3.39404819	3.77942838
3.53525013	3.69728219	4.1170935
4.060605	4.24671606	4.72891312
4.07219481	4.25883688	4.74241062
3.84592937	4.02220106	4.4789055
3.2857575	3.43635475	3.82653869
2.80911188	2.93786269	3.27144488
2.67915656	2.80195106	3.12010119
2.69825056	2.82192025	3.14233775
2.86125525	2.992396	3.33217012
3.02974531	3.16860844	3.528391
3.06419488	3.20463681	3.56851019
2.73708181	2.86253131	3.18755981
