#?RADIANCE
genskyvec -m 1
NROWS=146
NCOLS=1
NCOMP=3
FORMAT=ascii

15.8148237	16.5396712	18.4176806
24.75643	25.8910994	28.8309281
26.8483156	28.0788613	31.2671019
28.5642287	29.87342	33.2654244
29.83769	31.2052494	34.7484787
29.1423619	30.4780531	33.9387119
29.0621544	30.3941719	33.8453038
28.5820256	29.8920338	33.28615
26.3989975	27.6089519	30.7438331
24.3662444	25.48303	28.3765238
26.3450831	27.5525631	30.681045
23.5037819	24.5810375	27.372115
24.51414	25.6377038	28.5487606
24.5926706	25.7198338	28.6402144
25.0902906	26.2402619	29.2197356
28.3593587	29.6591606	33.0268375
32.4083875	33.8937719	37.7422694
38.1708675	39.920365	44.4531581
46.0447269	48.1551081	53.6229231
57.9751075	60.6322994	67.5168469
63.7274194	66.6482569	74.2158931
65.4911381	68.4928131	76.2698913
56.2663906	58.845265	65.5269038
47.3998019	49.5722919	55.2010225
39.6122131	41.4277731	46.1317275
32.403185	33.8883312	37.7362119
28.5896413	29.8999981	33.29502
26.31637	27.5225387	30.6476106
23.9502312	25.0479475	27.8920419
23.5977431	24.6793056	27.4815388
23.727825	24.81535	27.6330306
15.7939256	16.5178131	18.3933444
15.0748975	15.76583	17.5559769
17.0986781	17.8823675	19.9128362
17.1047444	17.8887094	19.9199006
17.3641931	18.1600519	20.2220512
16.43433	17.1875688	19.1391475
17.5447225	18.3488525	20.4322906
17.54569	18.3498681	20.43342
16.3431381	17.0921994	19.0329488
13.9860762	14.6271044	16.2879512
14.41589	15.0766181	16.7885075
14.601185	15.2704062	17.0042975
16.1917763	16.9339	18.8566744
17.6128537	18.4201088	20.5116362
19.6778881	20.5797912	22.9165431
24.3012025	25.4150062	28.3007756
31.5091169	32.9532837	36.6949937
41.2573963	43.1483587	48.0476781
56.9146544	59.5232413	66.2818612
69.3854319	72.5655956	80.8051225
69.9054519	73.1094512	81.4107275
56.0378825	58.6062825	65.2607881
40.717815	42.5840481	47.4192906
31.1605406	32.5887313	36.2890488
24.7016281	25.8337844	28.7671069
21.0406819	22.0050462	24.50363
17.4174519	18.2157519	20.2840756
16.1318006	16.8711738	18.7868269
15.0678275	15.7584356	17.5477419
15.2078306	15.9048544	17.7107856
10.5184872	11.0005832	12.2496538
10.2026167	10.6702357	11.8817981
10.4031113	10.8799212	12.1152906
11.3184166	11.8371766	13.1812394
11.2671076	11.7835182	13.1214894
11.1499871	11.661029	12.9850881
10.8868036	11.3857806	12.67859
10.7891691	11.283672	12.5648881
10.3992217	10.8758512	12.1107606
11.3204161	11.8392688	13.1835681
12.4943225	13.0669781	14.55068
15.74678	16.4685087	18.3384394
20.9955881	21.9578831	24.4511112
30.5211981	31.920085	35.54448
50.7670763	53.0938994	59.1224925
81.1550944	84.8747019	94.5118794
1812.20101781613	1815.97961101613	1825.76961411613
53.807035	56.2731894	62.6627813
31.00908	32.4303319	36.1126619
21.2458875	22.2196575	24.7426081
16.0216706	16.7559969	18.65857
13.2257031	13.8318781	15.4024338
11.1690919	11.6810094	13.0073394
10.7371406	11.2292593	12.504295
8.454666	8.84217144	9.84616362
8.35558781	8.73855206	9.730779
8.197328	8.57303844	9.54647244
8.31423563	8.69530456	9.68262069
8.48898525	8.87806337	9.88613112
8.405427	8.79067538	9.78881987
8.32655294	8.70818612	9.6969655
8.57839056	8.97156656	9.99025163
8.90237944	9.3104045	10.3675632
9.70670356	10.1515933	11.3042669
11.2441119	11.7594662	13.0947044
13.9705138	14.6108275	16.2698269
17.89843	18.7187744	20.8442144
28.7511744	30.068935	33.4831406
48.5331575	50.7575912	56.5209081
2954.78205429407	2958.32258679407	2967.49577489407
3614.20427586733	3618.19354396733	3628.52939346733
52.2802525	54.6764281	60.8847131
30.0642525	31.4421956	35.0123275
19.62038	20.5196462	22.8495675
14.501435	15.166085	16.8881319
11.4410719	11.9654556	13.3240831
9.83080056	10.2813787	11.4487881
9.10217556	9.5193585	10.6002431
7.87963406	8.24078369	9.17649069
7.46169631	7.80369031	8.68976756
7.26440494	7.5973565	8.46000525
7.30985313	7.64488788	8.512934
7.39882056	7.73793306	8.6165435
7.68884194	8.04124694	8.95429762
8.29117231	8.67118431	9.65576131
9.8868645	10.3400117	11.5140781
12.0617788	12.6146094	14.0469469
17.2806875	18.0727175	20.1248012
24.3161663	25.4306563	28.3182025
41.1672269	43.0540563	47.9426681
50.5104944	52.8255575	58.8236831
30.9030331	32.3194212	35.9891594
19.4992256	20.3929388	22.7084737
13.2731306	13.8814812	15.4576681
10.2224734	10.6910034	11.9049231
8.66557794	9.06274981	10.0917886
7.8289435	8.18776956	9.11745756
7.35301362	7.6900265	8.56319737
7.20556169	7.53581644	8.39147731
7.4859765	7.82908319	8.71804381
8.37373356	8.75752938	9.75191037
10.7393775	11.2315986	12.5069006
14.887735	15.57009	17.3380094
20.1038437	21.0252694	23.4126019
24.8352594	25.9735419	28.9227306
18.1638181	18.9963275	21.1532819
12.0490431	12.6012925	14.0321181
9.23768537	9.66108	10.7580554
8.73168113	9.13188262	10.1687707
8.23415669	8.61155531	9.58936194
9.14198644	9.56099375	10.6466058
11.7278919	12.2654194	13.6581081
13.0666244	13.6655106	15.2171725
11.2363767	11.7513769	13.0856975
9.88752781	10.3407059	11.5148519
