#?RADIANCE
genskyvec -m 1
NROWS=146
NCOLS=1
NCOMP=3
FORMAT=ascii

23.0829819	24.14095	26.8820569
30.6737181	32.0795969	35.7221031
33.9903638	35.548255	39.584615
36.0841169	37.7379713	42.0229638
36.9154619	38.6074188	42.9911325
34.2071213	35.7749475	39.8370456
32.97956	34.4911225	38.4074475
31.3418988	32.7784044	36.5002563
27.9365994	29.2170275	32.5344994
24.7413394	25.8753175	28.8133531
28.0352306	29.3201788	32.6493644
24.9768325	26.1216038	29.087605
27.766085	29.0386963	32.33592
29.3046956	30.6478294	34.1277631
30.8619175	32.2764219	35.9412756
35.2364375	36.8514406	41.0357681
38.6919912	40.4653738	45.0600513
43.3228681	45.3084975	50.4530925
45.5281275	47.6148325	53.0213013
47.091325	49.2496756	54.8417738
47.059075	49.2159488	54.8042187
42.7293981	44.6878294	49.7619481
39.1653319	40.9604081	45.6112963
34.1937244	35.760935	39.8214425
31.6943356	33.1469925	36.9106969
29.2570225	30.5979687	34.0722437
27.5434256	28.8058319	32.0766175
27.6069119	28.8722275	32.1505512
26.1920925	27.3925625	30.5028756
27.5449556	28.8074331	32.0783988
28.795875	30.115685	33.5351969
17.4252212	18.2238744	20.2931219
16.5255087	17.2829275	19.2453331
18.9782644	19.8481006	22.1017719
18.4934769	19.3410938	21.5371956
18.1973025	19.0313444	21.192275
16.6125813	17.3739919	19.3467375
17.4875475	18.28906	20.3657069
17.20568	17.9942725	20.0374481
16.0060869	16.7396975	18.6404225
14.2094506	14.8607156	16.54809
15.4075331	16.1137088	17.9433563
16.6298563	17.3920588	19.3668531
19.3934975	20.2823644	22.5853444
21.9729888	22.9800831	25.5893788
24.74507	25.8792181	28.817695
29.4536956	30.803655	34.3012838
35.0964719	36.7050606	40.8727694
40.0912044	41.9287156	46.6895512
42.543785	44.4937063	49.5457838
40.11301	41.9515213	46.7149456
35.1513306	36.7624319	40.9366562
29.7436812	31.1069331	34.6389962
24.2974531	25.4110831	28.2964075
22.0008731	23.0092456	25.6218525
19.50918	20.4033494	22.7200669
17.977105	18.8010531	20.9358362
15.9456569	16.6764981	18.5700481
15.7725369	16.495445	18.3684356
15.4610156	16.1696444	18.0056425
16.2660494	17.0115769	18.9431719
10.8184229	11.3142687	12.5989556
10.4936218	10.9745783	12.2206969
10.635653	11.1231202	12.3861031
11.4322855	11.956265	13.3138481
11.1576798	11.6690721	12.9940481
10.9686405	11.4713707	12.7738987
10.9296824	11.430625	12.7285262
11.4035131	11.9261756	13.2803431
11.9012856	12.4467625	13.8600419
13.9966444	14.6381575	16.3002606
16.3286856	17.0770825	19.0161163
21.1219956	22.0900862	24.5983256
28.3660388	29.6661488	33.0346187
40.352195	42.2016681	46.9934937
52.7127162	55.1287106	61.3883525
49.5150337	51.7844719	57.6643869
34.2872044	35.8586988	39.9303063
25.7693906	26.9504875	30.0106037
19.1600131	20.0381819	22.3134344
15.6473006	16.3644675	18.2225869
13.476385	14.0940512	15.6943731
12.0205981	12.5715413	13.9989881
10.7709925	11.2646619	12.5437187
10.7650608	11.2584593	12.53681
8.6126095	9.00735387	10.0301026
8.54982944	8.94169625	9.95699019
8.38955856	8.7740795	9.77034044
8.47432506	8.86273137	9.86905844
8.67168781	9.06914	10.0989033
8.71682119	9.11634156	10.1514648
9.08642969	9.50289125	10.5819056
9.90696569	10.3610341	11.5374875
11.1416456	11.6523031	12.9753744
12.8603413	13.4497756	14.97694
15.7366262	16.4578869	18.3266125
21.0081381	21.97101	24.4657275
28.7505288	30.0682625	33.48239
53.5784369	56.0341144	62.3965588
3310.93179392981	3315.14410642981	3326.05787492981
2849.1808692924	2853.1996186924	2863.6118502924
46.5917675	48.7272225	54.2599975
27.7295456	29.0004838	32.2933687
18.8202481	19.6828425	21.9177488
14.701145	15.3749475	17.12071
12.3490063	12.9150012	14.3814456
10.6425467	11.13033	12.3941331
9.59197244	10.0316035	11.1706519
9.08761125	9.50412638	10.5832819
8.30777875	8.68855181	9.67510131
7.95189425	8.316356	9.26064419
7.87014588	8.23086069	9.16544138
8.01921706	8.38676419	9.33904694
8.42078688	8.8067395	9.80670863
9.502009	9.93751725	11.0658812
10.8867344	11.38571	12.67851
14.0351381	14.6784144	16.3450881
18.4366531	19.2816656	21.4710206
31.645605	33.0960288	36.8539462
56.0860206	58.6566294	65.3168488
4274.14772037763	4278.59618327763	4290.12178327763
51.241165	53.5897169	59.6746088
23.4077162	24.48057	27.2602375
15.8242506	16.5495275	18.4286588
12.0958719	12.650265	14.0866525
10.0655906	10.5269301	11.7222187
8.93586519	9.34542525	10.4065591
8.68636931	9.08449425	10.1160023
8.48987856	8.87899781	9.88717131
8.58228706	8.97564162	9.9947895
9.41383906	9.84530656	10.9632012
11.2956275	11.813345	13.1547019
15.8979819	16.6266394	18.5145256
25.5137144	26.6830925	29.7128494
36.1558588	37.813	42.1065125
31.7048238	33.1579612	36.9229112
18.0303187	18.85671	20.9978112
11.9918381	12.5414631	13.9654962
9.95996587	10.4164629	11.59921
10.2863329	10.7577883	11.9792906
10.2796919	10.7508444	11.97156
12.1514481	12.70839	14.1513763
16.6345131	17.3969262	19.3722756
16.2722912	17.0181056	18.9504425
12.7905956	13.37683	14.8957138
12.4496044	13.0202112	14.4986031
