#?RADIANCE
genskyvec -m 1
NROWS=146
NCOLS=1
NCOMP=3
FORMAT=ascii

1.30163175	1.36128981	1.51585869
12.0575755	12.6102131	14.0420531
11.4357524	11.9598934	13.3178886
11.1443091	11.6550918	12.9784785
11.1068735	11.6159382	12.9348815
11.4087844	11.9316866	13.2864806
11.1619979	11.6735889	12.9990781
11.2188976	11.7330969	13.065342
11.1522006	11.6633417	12.9876671
11.7190081	12.2561281	13.6477613
11.0406086	11.5466362	12.8577088
11.7255439	12.2629649	13.655375
11.3550683	11.8755093	13.2239244
11.4019796	11.9245723	13.2785586
11.5869067	12.1179726	13.49392
11.7205376	12.2577279	13.6495419
12.9290844	13.5216656	15.0569962
13.2051868	13.810425	15.3785419
16.4651606	17.2198144	19.1750531
22.6748062	23.7140675	26.4067019
31.3774125	32.8155425	36.5416125
54.3598306	56.8513212	63.3065575
381.103977376951	384.864156776951	394.606455476951
426.308978236633	430.652480036633	441.906150336633
56.5897156	59.1834094	65.9034419
31.6739463	33.1256688	36.8869525
21.9771981	22.984485	25.5942781
16.446745	17.2005537	19.1536062
14.4162281	15.0769731	16.7888994
12.7425316	13.3265641	14.8397419
12.2594011	12.82129	14.2770938
10.8617536	11.3595819	12.6494162
10.1347571	10.599267	11.8027713
10.5111783	10.9929403	12.2411437
10.2891288	10.7607126	11.9825463
10.1738024	10.6401024	11.8482406
9.84682756	10.2981393	11.4674531
10.2743389	10.7452444	11.9653231
10.4791709	10.9594651	12.2038694
10.3658125	10.8409127	12.0718538
9.62772175	10.0689913	11.2122844
9.95430756	10.4105464	11.5926219
10.0372382	10.4972783	11.6892019
10.6009526	11.0868296	12.3456937
10.616912	11.1035208	12.36428
10.7976764	11.2925694	12.5747937
11.4877869	12.0143113	13.3784862
13.2627919	13.87067	15.4456288
14.8779887	15.5598962	17.3266587
19.7837575	20.6905113	23.0398331
26.9205044	28.1543613	31.3511725
41.27909	43.1710469	48.0729419
67.227345	70.3085987	78.2918506
344.782298044288	347.718764244288	355.326893644288
46.7931856	48.9378725	54.494565
30.293485	31.6819362	35.2792894
21.7753281	22.7733638	25.3591863
15.6018769	16.3169606	18.1696869
13.1248387	13.7263925	15.2849694
11.6284647	12.1614344	13.5423156
11.1612874	11.6728456	12.9982494
7.73946925	8.09419463	9.01325713
7.29526194	7.62962794	8.49594081
7.18285269	7.51206656	8.365031
7.54927919	7.89528769	8.79176513
7.47947231	7.82228125	8.71046919
7.50596169	7.84998481	8.74131825
7.50043881	7.8442085	8.73488631
7.59256431	7.94055656	8.84217431
7.25416775	7.58665019	8.44808331
7.568374	7.91525762	8.81400306
7.62894075	7.97860031	8.88453781
8.08972969	8.46050888	9.42116531
8.57734944	8.97047762	9.98903894
9.47268519	9.90685044	11.0317325
12.2262334	12.7866027	14.2384681
17.1976106	17.985835	20.0280519
24.8883363	26.0290519	28.9845444
35.6223325	37.2550219	41.4851775
28.6088537	29.9200919	33.3173956
18.6409281	19.4953031	21.7089144
13.9253762	14.5636231	16.2172625
10.8434892	11.3404836	12.6281494
8.61640237	9.01132075	10.034519
8.18712356	8.56236631	9.534589
5.74377363	6.00702987	6.68910344
5.66792162	5.92770125	6.6007675
5.43990188	5.6892305	6.33521925
5.49794875	5.74993794	6.40281969
5.60193075	5.85868569	6.52391544
5.5451095	5.79926031	6.4577425
5.48222569	5.73349431	6.384509
5.59915631	5.85578406	6.52068444
5.534761	5.78843737	6.44569075
5.65965375	5.91905419	6.59113869
5.71436919	5.97627762	6.6548595
5.74694381	6.01034519	6.69279544
6.18075494	6.46403944	7.19800481
7.15790762	7.48597806	8.33598037
8.56646194	8.95909106	9.97635981
9.96601475	10.4227906	11.6062547
12.6557775	13.2358325	14.7387081
14.6018437	15.2710931	17.0050644
14.6139806	15.2837894	17.0192006
11.8823727	12.426982	13.8380131
9.50241819	9.93794575	11.0663573
7.69034663	8.04282081	8.95605013
6.61929238	6.9226765	7.70871794
6.29237631	6.58077675	7.32799706
4.60560769	4.81669763	5.36361419
4.47728494	4.68249375	5.21417187
4.33282144	4.53140881	5.04593169
4.41726725	4.61972494	5.144276
4.42579669	4.6286455	5.15420919
4.37606212	4.57663163	5.09628938
4.44976481	4.65371219	5.18212225
4.570613	4.78009913	5.32286
4.6618995	4.87556981	5.42917069
5.03257688	5.26323663	5.86085563
5.28462387	5.52683563	6.15438513
6.46448781	6.76077663	7.52843506
7.70403119	8.05713238	8.97198694
8.05913456	8.42851162	9.38553456
7.18391394	7.51317688	8.36626694
6.15961956	6.44193531	7.17339069
5.47409006	5.7249855	6.37503419
4.90982375	5.13485731	5.71789938
3.9387945	4.11932256	4.58705469
3.70594044	3.875796	4.31587687
3.73093388	3.90193494	4.3449835
3.78670481	3.960262	4.40993356
3.74810669	3.91989481	4.364983
3.85889819	4.03576431	4.49400894
4.14349206	4.333402	4.82544206
4.47176656	4.67672263	5.20774531
5.12492844	5.35982094	5.96840663
5.08682562	5.31997144	5.92403231
4.76073987	4.97894019	5.54427856
4.10988562	4.29825538	4.78630444
3.52945381	3.69122038	4.11034331
3.38856025	3.54386913	3.94626112
3.4166455	3.5732415	3.97896856
3.60923981	3.77466306	4.2032605
3.77173331	3.94460419	4.39249806
3.80468225	3.9790635	4.43086988
3.430032	3.5872415	3.99455813
