#?RADIANCE
genskyvec -m 1
NROWS=146
NCOLS=1
NCOMP=3
FORMAT=ascii

20.4565081	21.3940975	23.8233081
28.8322444	30.1537213	33.5775512
27.0126663	28.2507463	31.4585037
26.3956394	27.6054375	30.7399231
25.7937319	26.975945	30.0389525
24.7923312	25.9286462	28.8727406
26.7125325	27.9368569	31.1089719
28.9746288	30.3026319	33.7433737
32.1394869	33.6125469	37.4291131
35.3062894	36.9244944	41.1171181
43.7706712	45.7768256	50.9745962
46.9169731	49.0673313	54.6387287
50.6145206	52.9343506	58.9448294
48.5291244	50.7533744	56.5162119
43.744395	45.7493444	50.9439944
39.5275188	41.339195	46.0330925
34.0831863	35.6453312	39.6927125
32.1632231	33.63737	37.4567556
27.3593331	28.6133025	31.8622263
24.7658856	25.9009869	28.8419381
25.837055	27.0212519	30.0894044
24.332285	25.447515	28.3369763
26.7594163	27.9858894	31.1635725
26.7461	27.9719625	31.1480638
30.4199194	31.8141656	35.4265331
34.0458294	35.6062638	39.6492094
35.8224313	37.4642912	41.7182063
37.2706731	38.9789125	43.4048075
34.0830931	35.6452344	39.6926037
33.2287013	34.75168	38.6975944
30.326475	31.7164363	35.3177075
16.1678381	16.9088619	18.828795
14.0816069	14.7270144	16.3992056
15.1108237	15.8034031	17.5978144
14.80148	15.47988	17.2375556
15.9826206	16.7151575	18.6130938
17.1479394	17.9338863	19.9702044
20.2243212	21.1512681	23.5529081
24.046195	25.1483094	28.0037975
28.87846	30.2020569	33.6313762
34.0633031	35.6245362	39.669555
42.7350969	44.6937881	49.7685869
48.1609338	50.3683094	56.0874256
45.0538912	47.11886	52.4690144
37.8871212	39.6236112	44.1227106
30.7077331	32.1151725	35.7617162
24.5851094	25.711925	28.6314088
22.4724475	23.5024338	26.1710394
18.1054531	18.9352875	21.08531
16.0524806	16.78822	18.6944538
14.3981875	15.0581031	16.7678913
14.1650806	14.8143138	16.4964188
14.6698713	15.34224	17.0842881
14.2500675	14.9031956	16.5953925
16.78848	17.5579519	19.5515875
18.052115	18.8795013	21.0231925
19.1162187	19.9923781	22.2624313
18.1456331	18.9773056	21.1321019
18.489895	19.33735	21.5330263
17.2421438	18.0324063	20.0799119
16.83019	17.6015725	19.6001588
10.1298927	10.5941792	11.7971056
9.75762319	10.2048474	11.3635663
10.2153248	10.6835268	11.8965981
11.8665119	12.4103925	13.8195413
13.8668831	14.5024494	16.1491406
17.1473494	17.9332681	19.9695163
22.4408612	23.4694006	26.134255
33.1315106	34.6500381	38.5844075
51.2820263	53.6324513	59.7221956
66.5024594	69.5504856	77.4476606
52.1685106	54.559565	60.7545781
30.1788781	31.5620787	35.1458225
20.9169694	21.8756638	24.3595556
16.1995669	16.9420481	18.8657462
13.342625	13.95416	15.5385981
11.6206813	12.1532956	13.5332525
10.2815949	10.7528332	11.973775
10.4559908	10.9352204	12.1768713
10.2888895	10.7604632	11.9822687
10.1061373	10.5693355	11.76944
10.9309171	11.4319157	12.7299638
11.1256849	11.6356119	12.9567894
10.3616376	10.8365472	12.0669906
10.5655269	11.0497784	12.3044369
8.09555056	8.46659631	9.42794356
8.47424575	8.86264837	9.86896575
9.19632825	9.61782612	10.7098909
10.2558955	10.7259563	11.9438462
12.6281281	13.2069169	14.7065094
14.9014812	15.5844662	17.3540194
21.5089438	22.4947712	25.04896
36.13841	37.7947531	42.0861919
1938.72417243045	1942.21102243045	1951.24512183045
6330.03976872539	6335.58188072539	6349.94101972539
63.1358688	66.0295938	73.526985
30.5788412	31.9803694	35.6116094
20.8775131	21.8343981	24.3136031
14.81424	15.493225	17.2524181
11.9895794	12.5391006	13.9628644
10.3097778	10.7823074	12.0065944
9.08366038	9.49999419	10.5786819
8.43618144	8.82283944	9.82463625
8.20266031	8.57861525	9.552682
8.09555669	8.46660269	9.42795075
8.16962869	8.54406994	9.51421413
8.25645044	8.63487081	9.61532463
8.08658756	8.45722262	9.41750563
8.17496444	8.54965006	9.52042775
7.569826	7.91677588	8.81569344
8.31672819	8.69791131	9.68552338
9.57298719	10.0117496	11.1485419
11.8355675	12.3780319	13.7835081
15.5684863	16.28204	18.1308
27.5446756	28.8071375	32.0780706
49.4537519	51.7203813	57.5930188
1793.01696898896	1795.69541398896	1802.63501968896
33.6836606	35.2274944	39.2274306
18.7400594	19.5989775	21.8243613
13.3725225	13.9854287	15.5734181
10.6034241	11.0894146	12.3485731
8.8912695	9.29878594	10.3546251
7.80706063	8.16488406	9.09197331
7.36006612	7.69740219	8.57141056
7.150415	7.47814225	8.32725463
7.15975181	7.48790688	8.33812825
7.26217069	7.59502	8.45740325
7.92817375	8.291548	9.2330195
9.23532944	9.658615	10.7553106
11.8844981	12.4292037	13.8404881
17.8279369	18.6450475	20.7621175
23.9011975	24.9966669	27.8349369
22.8784744	23.9270713	26.6438919
15.7897056	16.5133994	18.3884275
11.60865	12.1407112	13.5192406
9.05619637	9.47127162	10.5466962
7.90175175	8.26391506	9.20224912
7.26148	7.59429769	8.45659919
7.45643931	7.79819269	8.68364556
8.91317244	9.3216925	10.3801336
10.9552904	11.4574075	12.7583487
13.6969394	14.3247163	15.9512294
13.2461831	13.8532994	15.4262838
9.6291935	10.0705306	11.2139989
8.44427494	8.83130381	9.83406194
10.4163451	10.8937609	12.1307019
