#?RADIANCE
genskyvec -m 1
NROWS=146
NCOLS=1
NCOMP=3
FORMAT=ascii

0.599721212	0.627208419	0.698425362
8.56680675	8.95945194	9.97676025
8.69454994	9.09304988	10.1255287
9.02761244	9.4413775	10.5134066
10.0047633	10.463316	11.6513826
12.4858215	13.0580894	14.5407812
16.8092069	17.5796294	19.5757231
24.02324	25.124305	27.9770675
41.3463112	43.2413481	48.1512269
261.440642678779	264.484632078779	272.371346478779
125.375469143256	127.691642943256	133.692647943256
33.2317831	34.7549056	38.7011825
19.3794556	20.2676806	22.5689925
13.5819612	14.2044681	15.8173275
10.9834042	11.4868087	12.7910883
9.36316356	9.792308	10.9041842
9.00928538	9.42221144	10.4920643
8.1345055	8.50733663	9.47330969
8.40106131	8.78610956	9.78373563
8.26290062	8.6416165	9.62283638
8.05644325	8.42569675	9.38239912
8.35413756	8.73703544	9.72909019
7.89971825	8.2617885	9.19988056
7.978106	8.34376881	9.29116969
8.04218619	8.41078619	9.36579656
7.61065944	7.95948113	8.86324756
7.93779369	8.301609	9.24422281
7.73800294	8.09266106	9.01155013
8.17876663	8.55362625	9.5248555
8.01101131	8.37818244	9.329491
8.33209425	8.71398181	9.70341831
7.78284563	8.13955925	9.06377312
7.654155	8.00497025	8.91390144
8.50519962	8.89502119	9.90501513
9.29970944	9.7259465	10.8302884
11.4110044	11.9340089	13.2890656
14.379945	15.0390256	16.746645
20.6496581	21.5961025	24.0482506
32.22189	33.6987256	37.5250781
108.037364314191	110.146152414191	115.609838014191
32.5977387	34.0918	37.9627837
24.3435344	25.4592788	28.3500762
16.7448319	17.5123019	19.5007519
12.86236	13.4518838	14.97929
10.0816824	10.5437584	11.74096
8.73442869	9.134757	10.1719711
7.992614	8.35894194	9.30806544
8.14699312	8.52039663	9.48785362
7.42188969	7.76205925	8.64340931
7.33802594	7.674352	8.54574325
7.07961088	7.404093	8.2447975
7.09494744	7.42013231	8.26265806
7.1823935	7.51158631	8.364496
6.83923662	7.15270138	7.96486138
7.19950919	7.52948656	8.38442881
7.32576281	7.66152669	8.5314615
7.41437581	7.75420125	8.63465906
7.20230294	7.53240831	8.3876825
7.3569225	7.69411456	8.56774987
7.32273519	7.65836013	8.52793562
7.55897012	7.90542269	8.803051
5.53039231	5.78386844	6.44060312
5.47935413	5.73049113	6.38116481
5.92807112	6.19977406	6.90373319
7.46144263	7.80342525	8.68947256
9.65696013	10.0995702	11.2463354
13.7200825	14.34892	15.9781813
18.0595981	18.8873287	21.0319075
18.9531694	19.8218556	22.0725463
13.5483325	14.1692981	15.7781631
10.0733624	10.5350593	11.7312708
7.79949162	8.15696806	9.083158
6.53077688	6.830104	7.60563431
5.85601775	6.1244185	6.819821
5.42560344	5.67427681	6.31856769
5.392801	5.63997088	6.2803665
5.36358769	5.60941862	6.24634525
5.14060794	5.37621887	5.98666656
5.39650637	5.64384606	6.28468175
5.18160031	5.41909019	6.03440575
4.94917575	5.17601269	5.76372775
5.19191588	5.42987863	6.04641906
5.27571962	5.51752312	6.14401544
5.10100781	5.33480375	5.94054881
5.37731194	5.62377181	6.26232812
3.9982015	4.18145219	4.65623894
4.20082225	4.39335963	4.89220763
4.41905875	4.62159881	5.14636256
4.96443481	5.19197125	5.78149831
6.23434488	6.5200855	7.2604145
7.2090605	7.53947587	8.395552
8.34459325	8.72705294	9.71797388
8.84561544	9.25104006	10.3014582
7.30551194	7.6403475	8.50787731
6.218136	6.50313369	7.24153806
5.14245381	5.37814969	5.9888165
4.38570075	4.58671194	5.10751412
4.22475444	4.41838881	4.92007863
4.11882356	4.30760294	4.79671362
4.03482562	4.21975512	4.698891
3.86040038	4.03733519	4.49575806
3.81423975	3.98905888	4.44200006
3.81559512	3.99047644	4.44357888
3.88461719	4.06266194	4.52396062
3.85792181	4.03474313	4.49287169
3.89691431	4.07552256	4.53828131
3.96170919	4.14328756	4.61374081
3.91413431	4.09353194	4.558336
4.0654525	4.25178587	4.73455863
3.11998612	3.26298544	3.63348394
3.30061269	3.45189056	3.84383881
3.49424375	3.6543965	4.06933825
4.10571969	4.29389844	4.78145294
4.68003013	4.89453131	5.45028525
4.79838075	5.01830625	5.58811463
4.62151462	4.83333387	5.382139
3.99997544	4.18330756	4.65830494
3.57609725	3.74000163	4.16466344
3.32428162	3.47664456	3.87140319
3.05782375	3.19797381	3.56109075
3.09230156	3.23403206	3.60124306
3.07312394	3.21397519	3.578909
2.99838494	3.13581088	3.49186938
2.92798238	3.0621815	3.40987963
2.95858562	3.09418744	3.44551962
3.04697031	3.186623	3.54845106
3.072837	3.21367519	3.57857488
2.64739069	2.76872925	3.08310719
2.69437938	2.81787156	3.13782925
3.049707	3.18948513	3.55163819
3.36386656	3.51804356	3.91750312
3.14792225	3.29220194	3.66601812
2.85131738	2.98200269	3.32059681
2.69590687	2.81946938	3.13960856
2.56784081	2.68553344	2.99046475
2.53408412	2.6502295	2.95115225
2.48590913	2.59984663	2.89504856
2.54819394	2.66498619	2.96758444
2.50538975	2.62022006	2.91773531
2.31526894	2.42138513	2.69632362
2.39526181	2.50504456	2.78948219
2.43032937	2.54171938	2.83032131
2.37404825	2.48285875	2.76477712
2.23547337	2.33793262	2.60339512
2.25277544	2.35602756	2.62354481
2.23824962	2.340836	2.60662844
