#?RADIANCE
genskyvec -m 1
NROWS=146
NCOLS=1
NCOMP=3
FORMAT=ascii

0.378995044	0.396365631	0.441371325
6.83680275	7.15015606	7.96202694
6.41429375	6.708282	7.46997987
6.32108344	6.61079956	7.36142894
6.44821837	6.74376156	7.50948806
6.88546888	7.20105275	8.01870263
6.9284305	7.24598319	8.06873512
7.03936531	7.36200256	8.19792787
7.07476013	7.3990195	8.23914787
7.437187	7.77805775	8.66122425
6.71055806	7.018125	7.81500444
7.03957306	7.36221994	8.19816994
6.53381094	6.83327713	7.60916787
6.391768	6.68472381	7.44374687
6.43902325	6.734145	7.49877931
6.47323425	6.76992394	7.53862106
7.30798669	7.642936	8.51075987
7.517851	7.86241894	8.75516425
9.61947419	10.0603656	11.2026794
13.0114185	13.6077744	15.1528806
17.0750425	17.8576475	19.8853119
26.8500281	28.0806544	31.2690969
68.9173971437974	70.6416133437974	75.1089040437974
157.045018100113	159.275137500113	165.053181800113
62.095551495275	63.789348995275	68.177830295275
22.0139569	23.0229288	25.63709
15.4377775	16.1453425	17.9785781
11.2075199	11.7211972	13.0520922
9.31116537	9.73792794	10.8436287
7.77390544	8.13020931	9.05336188
7.13277119	7.45968981	8.30670706
6.52007825	6.818915	7.59317475
6.09115181	6.37032944	7.09365425
6.33053875	6.62068813	7.37244006
6.36202869	6.65362131	7.40911275
6.47970694	6.77669344	7.54615938
6.42690844	6.72147512	7.484671
6.76411487	7.0741365	7.87737581
6.92935275	7.24694788	8.06980913
6.80994231	7.12206456	7.93074581
6.25536694	6.54207131	7.28489656
6.29435094	6.58284187	7.3302965
6.17995781	6.46320575	7.19707612
6.34365769	6.63440837	7.38771838
6.25524419	6.54194262	7.2847535
6.37607637	6.66831294	7.42547269
6.87764981	7.19287506	8.00959663
7.99445288	8.36086519	9.31020688
9.0495735	9.46434612	10.5389834
11.6526701	12.1867486	13.5705056
14.80424	15.4827669	17.2407706
20.3649494	21.2983419	23.7166825
28.910835	30.2359144	33.6690775
30.14944	31.5312881	35.1115375
27.94617	29.2270356	32.5456444
20.4781069	21.4166863	23.8484638
15.4293506	16.1365269	17.9687644
11.0059541	11.5103936	12.8173525
8.87306163	9.27974375	10.3334197
7.48082738	7.82369838	8.71204756
6.88868681	7.20441813	8.02245031
4.65990719	4.87348625	5.4268505
4.35551381	4.55514138	5.072359
4.33939575	4.53828456	5.05358831
4.71573856	4.93187631	5.49187062
4.78497944	5.00429094	5.57250756
4.87646431	5.09996863	5.67904925
4.86682919	5.08989187	5.66782844
4.856897	5.07950463	5.65626156
4.50434313	4.71079206	5.24568319
4.58194038	4.791946	5.33605181
4.53226931	4.73999812	5.2782055
4.78698331	5.0063865	5.57484112
5.119474	5.35411619	5.96205438
5.69254475	5.95345288	6.62944294
7.24845469	7.58067538	8.44142988
9.59145875	10.0310679	11.1700531
12.5075151	13.0807775	14.566045
16.8813231	17.65505	19.6597094
15.5089038	16.2197269	18.0614112
11.51469	12.0424481	13.4098163
9.36541212	9.79466063	10.9068039
7.36623787	7.70385681	8.57859837
5.5686435	5.82387263	6.4851495
5.092311	5.3257085	5.93042075
3.27026644	3.42015356	3.80849806
3.21474675	3.36208931	3.74384081
3.08847113	3.23002612	3.59678219
3.17953269	3.32526112	3.70283106
3.326844	3.47932413	3.87438713
3.30994825	3.46165387	3.85471056
3.25605987	3.40529587	3.79195331
3.31188981	3.46368469	3.85697169
3.19008669	3.33629875	3.71512181
3.219005	3.36654275	3.74879988
3.19970269	3.34635569	3.72632075
3.18260481	3.328474	3.70640869
3.466654	3.62554219	4.03720744
4.075362	4.26214919	4.746099
4.83565175	5.05728569	5.63151981
5.43226737	5.68124619	6.3263285
6.59103987	6.89312925	7.67581569
7.51982456	7.86448306	8.75746406
7.94287388	8.30692219	9.25013894
6.95658381	7.27542706	8.10152175
5.87385325	6.14307119	6.84059175
4.80158725	5.02165981	5.59184881
4.001006	4.18438544	4.65950519
3.71980831	3.89029931	4.33202681
2.41258763	2.5231645	2.8096595
2.33090113	2.437734	2.71452881
2.24818481	2.35122656	2.61819869
2.35071087	2.45845162	2.73759888
2.373814	2.48261388	2.76450438
2.31432606	2.42039938	2.69522575
2.33847275	2.44565281	2.72334656
2.37310956	2.48187669	2.76368394
2.40244925	2.51256137	2.79785237
2.62084638	2.7409685	3.05219431
2.71968931	2.84434163	3.16730506
3.35967331	3.51365825	3.91261969
3.95523125	4.13651256	4.60619662
4.15828269	4.34887044	4.84266688
3.80410337	3.97845806	4.43019563
3.3749365	3.52962106	3.93039506
3.02685706	3.16558812	3.52502756
2.63889375	2.759843	3.07321175
1.89046225	1.97710844	2.20160094
1.73012088	1.80941781	2.01486988
1.77522688	1.8565915	2.06739981
1.82354569	1.90712469	2.123671
1.76599044	1.84693163	2.05664319
1.80336919	1.88602344	2.10017369
1.96091037	2.05078531	2.28364369
2.12044163	2.21762844	2.46943119
2.45873075	2.57142256	2.86339694
2.46023088	2.5729915	2.86514412
2.37288356	2.48164069	2.76342081
1.9779825	2.06864006	2.30352581
1.54778675	1.618727	1.80252681
1.46212194	1.52913588	1.70276312
1.47318075	1.54070144	1.71564181
1.57711063	1.64939463	1.83667656
1.64747638	1.72298575	1.91862369
1.69169931	1.76923562	1.970125
1.45420325	1.52085413	1.69354075
