#?RADIANCE
genskyvec -m 1
NROWS=146
NCOLS=1
NCOMP=3
FORMAT=ascii

24.9595937	26.1035737	29.0675275
32.8220181	34.3263606	38.2239788
31.5822556	33.0297744	36.7801688
30.835805	32.2491119	35.910865
29.4777069	30.8287681	34.3292481
26.8134562	28.0424056	31.2265056
27.1050188	28.3473306	31.5660538
28.0539644	29.3397694	32.6711775
29.5267425	30.8800494	34.3863537
31.0597494	32.4833194	36.1716681
38.344375	40.1018225	44.65522
40.0544956	41.890325	46.6468012
45.3537975	47.4325125	52.8182806
47.0415225	49.1975931	54.7837769
46.3023763	48.4245663	53.9229781
45.1151462	47.1829225	52.5403494
41.2656562	43.1569969	48.0572969
39.3213294	41.1235556	45.7929681
34.1425231	35.7073887	39.7618156
30.2182931	31.6032969	35.1917206
29.9074862	31.2782444	34.8297613
26.6810581	27.9039381	31.0723169
27.5569681	28.819995	32.0923894
26.4064525	27.6167475	30.7525156
28.9280525	30.2539187	33.6891275
32.2872919	33.7671244	37.6012425
34.3910069	35.9672612	40.0511962
36.8375	38.525885	42.9003406
34.9192406	36.5197062	40.6663681
35.3046469	36.9227744	41.1152056
33.58611	35.1254725	39.1138256
18.1910506	19.0248069	21.1849938
15.9325712	16.6628131	18.5548094
17.0490744	17.8304888	19.85507
16.1098906	16.84826	18.7613113
16.4075431	17.1595544	19.1079519
16.6580619	17.4215556	19.3997031
18.9051244	19.7716081	22.0165937
21.4840606	22.4687481	25.0199806
24.4127306	25.5316475	28.4306612
26.3442763	27.5517206	30.6801031
31.4431506	32.8842938	36.6181681
36.3617444	38.0283256	42.3462844
40.153975	41.9943644	46.7626525
41.1407875	43.0264069	47.9118775
38.090015	39.8358063	44.3589981
32.7656137	34.2673713	38.1582894
29.9196237	31.2909406	34.8438987
24.5150219	25.6386281	28.5497881
21.26707	22.24181	24.7672775
18.5045325	19.3526581	21.5500725
17.12572	17.9106475	19.9443275
16.3846169	17.1355775	19.0812531
15.0355269	15.7246563	17.5101244
16.6330731	17.3954213	19.3705994
17.4929975	18.2947594	20.3720556
18.5346712	19.3841756	21.5851706
18.0162681	18.8420119	20.9814456
18.930795	19.7984544	22.0464888
18.2799487	19.1177794	21.288525
18.4182619	19.2624325	21.4496038
11.1827018	11.6952388	13.0231863
10.7153541	11.206475	12.4789237
10.9280369	11.4289044	12.72661
12.1265244	12.6823225	14.1223475
13.4258856	14.0412394	15.6355638
15.6398369	16.3566612	18.2138944
18.7574844	19.6172006	21.8446531
23.6669669	24.7517031	27.5621569
30.1615137	31.5439162	35.1256
41.2656781	43.1570187	48.0573244
49.7829762	52.0646931	57.9764275
42.6566806	44.6117775	49.6772631
31.9090069	33.3715013	37.1606988
24.3221212	25.4368856	28.3251381
19.0764312	19.9507663	22.2160963
15.9345531	16.6648875	18.5571169
13.2617694	13.8695994	15.4444375
12.4556419	13.0265244	14.5056338
11.3755431	11.8969219	13.2477687
10.7926024	11.2872644	12.5688869
11.2714575	11.7880656	13.1265512
11.4904991	12.0171462	13.3816438
11.0094526	11.5140512	12.8214244
11.4530844	11.9780181	13.3380725
8.96975256	9.38086606	10.446025
9.2698225	9.6946895	10.7954819
9.783249	10.2316474	11.39341
10.5890406	11.0743713	12.33182
12.3979656	12.966205	14.4384656
14.0261512	14.6690162	16.3346231
17.9146544	18.7357425	20.8631094
24.4146144	25.5336188	28.432855
38.4463581	40.2084825	44.7739919
61.7405694	64.5703419	71.9020406
3015.21480090059	3019.36389960059	3030.11380250059
68.9027281	72.0607719	80.2429694
42.1997469	44.1339025	49.1451244
24.8891888	26.0299419	28.9855356
18.2863025	19.1244244	21.2959225
15.0014325	15.6889975	17.4704187
12.5425537	13.11742	14.60685
11.0154131	11.5202856	12.8283669
9.97552188	10.4327338	11.6173294
9.35939025	9.78836287	10.89979
9.11572794	9.53353187	10.616025
9.06494913	9.48042562	10.5568896
8.92639712	9.33552313	10.3955339
9.02930056	9.4431435	10.5153738
8.62907269	9.02457163	10.0492739
9.23236719	9.65551681	10.7518619
10.3353834	10.80909	12.0364175
12.1810962	12.7393937	14.1859019
15.0435031	15.7329969	17.5194144
23.4101181	24.4830819	27.263035
39.9185894	41.74819	46.4885275
3569.86421299203	3574.60086399203	3586.87311399203
4222.75309414929	4227.31575204929	4239.13720804929
42.8875381	44.8532144	49.9461138
24.34083	25.4564513	28.3469256
16.5046038	17.2610631	19.2209856
12.7404206	13.3243563	14.8372819
10.4708154	10.9507275	12.1941369
9.40939638	9.84065963	10.9580262
8.70105713	9.09985563	10.1331068
8.4038665	8.7890435	9.78700356
8.40159306	8.78666588	9.78435569
9.32356044	9.75089037	10.858065
10.6571259	11.1455768	12.4111113
13.1678262	13.7713513	15.3350312
18.9728075	19.8423925	22.095415
30.09781	31.4772925	35.0514088
44.6953975	46.743935	52.0515181
31.8673837	33.3279719	37.1122269
19.48788	20.3810731	22.6952613
13.2203606	13.8262944	15.3962137
10.7104024	11.2012956	12.4731563
9.17142681	9.59178388	10.6808913
9.13613275	9.55487175	10.6397875
11.1504475	11.66151	12.9856263
13.7578231	14.3883887	16.0221319
19.142005	20.0193456	22.2924594
21.3341462	22.3119606	24.8453925
13.6928494	14.3204394	15.9464669
11.1607921	11.6723288	12.9976731
14.1249	14.77229	16.4496244
