#?RADIANCE
genskyvec -m 1
NROWS=146
NCOLS=1
NCOMP=3
FORMAT=ascii

10.8124706	11.3080412	12.5920237
22.2897337	23.3113444	25.9582525
21.5868213	22.576215	25.1396544
21.97512	22.9823125	25.5918581
22.9215231	23.9720913	26.694025
24.4187863	25.5379812	28.4377138
28.48993	29.7957156	33.1788994
33.7682613	35.3159725	39.3259562
43.7067444	45.7099706	50.90015
57.0722775	59.6880906	66.4654269
70.3548713	73.57947	81.9341163
79.0592494	82.6827956	92.0710881
67.1364969	70.2135844	78.1860481
51.6272119	53.9934562	60.1241919
39.7290019	41.5499113	46.2677363
32.0947538	33.5657606	37.3770169
26.5936631	27.8125387	30.9705369
24.597605	25.7249931	28.6459619
21.8488075	22.8502106	25.4447581
21.0105731	21.9735587	24.4685663
22.6999513	23.7403644	26.4359869
22.677885	23.7172869	26.4102875
24.4289912	25.5486525	28.4495969
24.4686569	25.5901363	28.4957906
26.9767612	28.2131944	31.4166862
28.1577475	29.4483088	32.7920437
28.8369131	30.1586031	33.58299
28.5854819	29.8956488	33.2901781
26.1974381	27.3981544	30.5091038
24.8921938	26.033085	28.9890363
23.0245919	24.0798837	26.8140563
14.2107744	14.8621006	16.5496313
12.9955019	13.5911275	15.134345
14.3848581	15.044165	16.7523681
14.9890737	15.6760713	17.4560262
17.4165625	18.2148206	20.2830394
20.3270763	21.2587331	23.6725762
26.3969719	27.6068331	30.741475
36.8419288	38.5305162	42.9054994
55.0278988	57.5500087	64.084575
79.0742106	82.6984444	92.08852
90.0333687	94.1598906	104.851364
70.4899256	73.7207144	82.0913981
48.6795025	50.9106444	56.6913394
33.0563106	34.5713906	38.4968306
24.4731356	25.5948212	28.5010075
18.8326694	19.6958338	21.9322137
17.4361038	18.2352594	20.3057981
14.3809556	15.0400825	16.7478238
13.623515	14.2479244	15.8657181
12.9801413	13.575065	15.1164556
13.5386081	14.1591269	15.7668387
14.5485956	15.2154056	16.9430525
14.2485356	14.9015925	16.5936063
16.3853044	17.1362969	19.0820538
17.0919712	17.8753525	19.9050262
17.5117744	18.3143956	20.3939206
16.2153506	16.9585538	18.8841294
16.0574981	16.7934675	18.7002944
14.8930531	15.5756494	17.3442006
14.5419656	15.2084706	16.9353331
9.48624956	9.92103694	11.0475294
9.33369588	9.76148931	10.8698673
10.119338	10.5831408	11.7848137
12.52363	13.0976306	14.5848131
16.1866406	16.9285288	18.8506937
23.8809663	24.9755106	27.8113781
39.6532031	41.4706406	46.1794625
1136.41901060697	1139.85598810697	1148.76089690696
3635.47800209024	3640.40515109024	3653.17095609024
62.3408931	65.1981806	72.6011669
35.174985	36.7871706	40.9642025
20.7759425	21.7281744	24.1953181
14.7045781	15.3785375	17.1247081
11.6332369	12.1664256	13.5478731
10.234293	10.7033639	11.9186881
9.70743075	10.1523531	11.3051131
9.39583612	9.82647819	10.9422336
10.1663474	10.6323045	11.8395604
10.212812	10.6808987	11.8936712
9.95348738	10.4096884	11.5916638
10.5372881	11.0202471	12.2715487
10.4816773	10.962087	12.2067875
9.63045556	10.0718518	11.2154679
9.721142	10.1666933	11.3210796
7.55585156	7.90216138	8.79941919
7.98587881	8.35189794	9.3002215
8.84795738	9.25348869	10.3041833
10.2689856	10.7396463	11.9590887
13.9900931	14.6313031	16.2926269
18.19316	19.0270119	21.1874506
30.3635369	31.7551981	35.3608713
49.0732481	51.3224394	57.14989
1409.28863357512	1411.95974177512	1418.88035107512
42.2118525	44.1465637	49.1592238
25.6329912	26.8078369	29.8517569
16.3917625	17.14305	19.0895737
12.8110975	13.3982719	14.9195925
9.99450506	10.4525874	11.6394338
8.61320837	9.00798012	10.0307983
7.846558	8.20619163	9.13797112
7.51208431	7.856388	8.74844856
7.49384106	7.83730863	8.72720275
7.71478344	8.06837725	8.98450844
7.76191638	8.11767063	9.03939906
7.84041969	8.19977194	9.13082287
7.83428925	8.19336063	9.12368294
7.58793256	7.93571263	8.83678025
7.64730769	7.99780906	8.90592737
6.77123294	7.081581	7.8856655
7.49852625	7.84220825	8.73265894
8.81269831	9.216614	10.2631225
11.718195	12.2552781	13.646815
16.4837912	17.2392969	19.1967488
24.9951175	26.1407269	29.1088987
29.0234269	30.3536656	33.8002013
22.0303094	23.04003	25.6561325
15.6480494	16.3652525	18.2234581
11.0023556	11.5066313	12.8131625
8.65413119	9.05077881	10.0784579
7.44655981	7.78786025	8.67214013
6.79903131	7.11065344	7.91803919
6.50054513	6.79848625	7.57042675
6.38547694	6.6781445	7.43642038
6.39642262	6.68959187	7.44916762
6.48149881	6.77856731	7.54824581
6.528958	6.8282015	7.60351594
6.6954825	7.00235869	7.79744788
7.76398369	8.11983288	9.04180656
10.3707881	10.8461174	12.0776475
14.6915563	15.3649187	17.1095425
15.5004575	16.2108944	18.051575
12.6218556	13.2003569	14.6992025
9.60031756	10.0403329	11.1803706
7.69446638	8.04712925	8.96084775
6.55857394	6.85917512	7.63800625
6.16030513	6.44265231	7.17418906
6.05926444	6.33698063	7.0565185
6.19656	6.48056906	7.21641106
6.94857725	7.26705344	8.09219769
8.38078306	8.76490194	9.76012062
9.57040456	10.0090471	11.1455328
8.71935338	9.11898944	10.1544144
6.86861006	7.183421	7.999069
6.40468175	6.69822944	7.458786
7.55997781	7.90647663	8.8042245
