#?RADIANCE
genskyvec -m 1
NROWS=146
NCOLS=1
NCOMP=3
FORMAT=ascii

1.26468787	1.32265275	1.47283444
11.3315829	11.8509477	13.1965744
11.4801341	12.0063063	13.3695748
11.8960611	12.4412979	13.8539572
13.1092936	13.7101362	15.2668662
16.1808775	16.9225025	18.8439819
21.4222469	22.4040994	24.9479931
30.0209212	31.3968794	34.9618675
51.2822437	53.6326794	59.72245
452.8882975724	456.8354975724	467.0623205724
403.466645972002	406.795404772002	415.419941572002
51.1961444	53.5426319	59.62218
29.0291987	30.359705	33.8069237
19.8089012	20.7168081	23.0691175
15.579665	16.2937313	18.1438169
12.9342008	13.5270165	15.0629544
12.2054164	12.764832	14.2142244
10.9527001	11.4546996	12.7553333
11.2323116	11.7471251	13.0809644
11.0475333	11.5538792	12.8657744
10.8194409	11.3153321	12.6001416
11.2363725	11.7513731	13.0856937
10.6933212	11.1834311	12.4532643
10.8127291	11.3083128	12.5923241
10.9159533	11.4162669	12.7125381
10.349954	10.8243256	12.0533841
10.7428611	11.2352419	12.5109594
10.4451156	10.9238477	12.1642064
10.9503353	11.4522239	12.7525765
10.6923888	11.1824571	12.4521766
11.0546746	11.5613464	12.8740912
10.2799125	10.7510764	11.9718156
10.1162359	10.5798966	11.7812
11.2283251	11.7429554	13.07632
12.283335	12.8463194	14.3049644
15.0946231	15.7864594	17.5789469
19.1540813	20.0319762	22.3065262
27.4902675	28.7502375	32.0147081
44.06265	46.0821856	51.3146294
383.787714376494	387.144909376494	395.843114976494
56.785615	59.3882869	66.1315831
40.51891	42.3760244	47.18765
26.484865	27.6987513	30.8438313
19.32936	20.2152875	22.5106506
14.5104537	15.175515	16.8986331
12.1892275	12.7479	14.1953719
10.8772498	11.3757905	12.6674656
10.9387923	11.4401526	12.739135
9.91718262	10.3717196	11.5493856
9.79344094	10.2423078	11.4052778
9.46967331	9.90369944	11.0282234
9.51870687	9.95498156	11.0853282
9.66773456	10.1108389	11.2588827
9.23503831	9.65831113	10.7549718
9.72743256	10.1732727	11.3284057
9.88552094	10.3386053	11.5125131
9.98076588	10.4382162	11.6234335
9.65755419	10.1001909	11.2470256
9.81711319	10.2670643	11.4328473
9.73118556	10.1771991	11.332779
10.0079335	10.4666316	11.6550753
7.39683094	7.735852	8.6142265
7.3562525	7.69341381	8.56696919
8.00495219	8.37184556	9.3224345
10.1432196	10.6081167	11.8126242
13.4081994	14.0227406	15.6149644
19.8986406	20.8106619	23.1736269
28.3804287	29.6811988	33.0513769
32.3107988	33.7917081	37.6286187
22.7578288	23.800895	26.5033894
15.9766637	16.7089269	18.6061569
11.7259646	12.2634043	13.6558631
9.28707169	9.71272775	10.8155669
8.07440356	8.44448019	9.40331575
7.37314637	7.71108206	8.58664381
7.27280569	7.60614256	8.46978881
7.228672	7.55998606	8.41839131
6.95505631	7.27382963	8.09974319
7.30842475	7.64339381	8.51126994
7.03824763	7.36083394	8.19662631
6.72820975	7.03658588	7.8355615
7.03207181	7.35437494	8.189434
7.117086	7.44328581	8.28844044
6.86032031	7.1747515	7.989415
7.199999	7.52999875	8.38499931
5.44878106	5.69851662	6.34555969
5.74322537	6.00645638	6.68846494
6.1160705	6.39639012	7.12267394
6.9538545	7.27257288	8.09834381
8.9901055	9.40215219	10.4697279
10.7396979	11.2319324	12.5072725
13.2103894	13.8158662	15.3846
14.4940156	15.1583256	16.8794913
11.8687666	12.4127517	13.8221706
9.76255544	10.2100057	11.3693087
7.71184131	8.0653005	8.98108237
6.33001663	6.62014219	7.37183225
5.95169656	6.22448263	6.931247
5.68468056	5.94522844	6.62028481
5.52478044	5.77799931	6.43406744
5.28519875	5.52743663	6.15505431
5.22481694	5.46428769	6.084735
5.23177	5.47155938	6.09283231
5.32676738	5.57091075	6.20346475
5.28971431	5.5321595	6.16031356
5.33253019	5.57693775	6.210176
5.40250912	5.65012388	6.2916725
5.330383	5.57469206	6.20767556
5.52023187	5.77324244	6.42877044
4.33747188	4.53627269	5.05134781
4.62502394	4.83700406	5.38622606
4.9856295	5.21413737	5.80618119
6.01578013	6.291503	7.00587762
7.105964	7.43165388	8.27548775
7.54340694	7.88914606	8.78492619
7.27170556	7.60499169	8.46850769
6.075306	6.3537575	7.07520069
5.26276637	5.50397613	6.12893
4.740503	4.95777581	5.52071094
4.30816925	4.505627	5.01722244
4.30792912	4.50537575	5.01694294
4.26739119	4.46297988	4.96973306
4.16857556	4.35963519	4.85465388
4.07609475	4.26291544	4.74695212
4.11138006	4.29981819	4.788045
4.22144825	4.41493119	4.91622863
4.25697144	4.4520825	4.95759825
3.75216963	3.92414387	4.36971431
3.88361494	4.06161387	4.52279362
4.50678163	4.71334244	5.248523
5.11540437	5.34986019	5.95731506
4.78866713	5.0081475	5.57680219
4.23079556	4.42470688	4.92711431
3.89836787	4.07704319	4.53997469
3.66214119	3.82998919	4.26486887
3.58209788	3.74627719	4.17165169
3.51154256	3.67248831	4.0894845
3.58698887	3.75139225	4.17734756
3.54193713	3.70427575	4.12488119
3.34422194	3.49749856	3.89462519
3.51707531	3.67827456	4.09592756
3.59760013	3.76248994	4.18970544
3.47115744	3.63025213	4.04245244
3.22390731	3.37166969	3.75450887
3.231903	3.38003175	3.76382044
3.26472862	3.41436181	3.80204869
