#?RADIANCE
genskyvec -m 1
NROWS=146
NCOLS=1
NCOMP=3
FORMAT=ascii

4.99584931	5.2248255	5.81808306
19.9488619	20.8631844	23.2321131
19.6689794	20.5704744	22.9061669
20.3896669	21.3241919	23.7454656
22.3289125	23.3523206	26.0038806
26.4622212	27.6750712	30.8174625
33.5172731	35.0534813	39.03366
44.1087194	46.1303675	51.3682819
66.5432331	69.5931294	77.4951438
99.1219719	103.665051	115.435791
108.819799	113.807366	126.729733
108.920574	113.912771	126.847086
70.0688488	73.2803338	81.6010169
47.5126219	49.6902825	55.33241
34.9291306	36.5300481	40.6778844
27.1267881	28.3700981	31.5914075
23.1932587	24.2562831	27.0104831
20.70053	21.6493044	24.1074937
19.8158056	20.7240306	23.0771581
19.5799931	20.4774075	22.8025331
20.6551219	21.6018131	24.0546125
21.760245	22.7575894	25.3416206
22.3725581	23.397965	26.0547088
22.8275519	23.8738144	26.5845875
24.3457194	25.4615662	28.3526212
23.9517919	25.0495831	27.8938606
24.5497175	25.6749119	28.5901931
23.4971531	24.5741062	27.3643969
22.5836787	23.6187638	26.3005775
21.1224681	22.0905787	24.5988719
20.1848869	21.1100275	23.5069837
14.7490944	15.4250925	17.1765481
13.8830919	14.5194013	16.1680194
15.8061344	16.5305825	18.4075619
17.2712675	18.0628681	20.1138319
21.4074969	22.3886725	24.930815
26.814295	28.0432825	31.2274819
37.9740219	39.7144975	44.2239144
59.3488394	62.0689925	69.1166706
100.540839	105.148961	117.088179
2132.08456196004	2138.79097496004	2156.16663696004
1017.93361805875	1022.94390305875	1035.92512505875
65.6840544	68.6945725	76.49456
43.7878056	45.7947444	50.9945494
29.4852975	30.8367063	34.3380887
22.1597612	23.1754163	25.8068894
17.6528994	18.46199	20.5582738
17.0087081	17.7882719	19.8080581
14.4227663	15.08381	16.7965144
14.1732	14.8228038	16.5058737
13.787995	14.4199437	16.0572681
14.5239662	15.1896475	16.9143694
15.6212425	16.3372144	18.1922381
15.1535412	15.8480781	17.6475637
17.1015487	17.8853694	19.9161806
17.6227219	18.4304287	20.5231306
17.7940969	18.6096594	20.7227094
16.3418119	17.09081	19.0314031
16.0726012	16.8092594	18.7178819
14.9935238	15.6807269	17.46121
14.8243031	15.5037481	17.2641356
9.46436369	9.89814756	11.0220413
9.348981	9.77747563	10.887667
10.4291654	10.9071681	12.1456338
13.8350431	14.4691488	16.1120613
19.0598925	19.9334694	22.1968344
30.226405	31.6117812	35.2011669
51.4368469	53.7943694	59.9024962
1040.36334220254	1044.42744970254	1054.95720230254
66.527695	69.5768812	77.4770494
39.696795	41.5162287	46.2302269
24.9610863	26.1051356	29.0692675
16.4548144	17.2089931	19.1630038
12.4038819	12.9723925	14.4453544
10.2573807	10.7275104	11.9455756
9.63490563	10.0765059	11.2206513
9.57232419	10.0110546	11.1477691
9.43825725	9.87084406	10.9916382
10.4483814	10.9272639	12.168012
10.3267839	10.8000952	12.0264004
9.83790425	10.2888079	11.4570594
10.3932906	10.8696496	12.1038531
10.2717757	10.7425666	11.9623402
9.31735038	9.74439506	10.8508321
9.52801906	9.964721	11.0961736
6.73029106	7.0387625	7.83798525
7.20798075	7.53834631	8.39429469
8.02386269	8.39162275	9.34445744
9.57490106	10.0137497	11.1507696
13.5176781	14.1372381	15.7424625
17.5341763	18.337825	20.4200094
26.2901813	27.4951469	30.6171087
34.4463944	36.0251881	40.1157
29.74551	31.1088438	34.641125
22.48647	23.5171006	26.1873706
15.3381987	16.0412	17.8626125
10.7876014	11.2820336	12.5630625
9.1164655	9.53430338	10.6168851
7.77477569	8.13111937	9.05437437
7.12060531	7.44696606	8.29253837
6.66582719	6.97134406	7.76291163
6.61648056	6.91973581	7.70544337
6.75231	7.0617905	7.86362812
7.06480531	7.38860887	8.227555
7.0674535	7.39137831	8.23063881
7.1094415	7.43529075	8.2795375
7.07383438	7.39805144	8.23807
6.77335356	7.08379881	7.88813512
6.89585175	7.21191125	8.03079425
5.34125375	5.58606106	6.22033556
5.93336819	6.20531431	6.90990219
6.87297894	7.1879905	8.00415719
9.19846369	9.62005975	10.7123785
12.3079763	12.8720909	14.333665
15.2819025	15.9823225	17.7970512
15.4809319	16.1904731	18.0288356
11.8342034	12.3766044	13.7819169
9.08054594	9.4967365	10.5750519
7.06386763	7.38762806	8.22646287
5.82467844	6.09164256	6.78332381
5.45710081	5.70721781	6.355249
5.2736595	5.51536869	6.14161619
5.16331019	5.39996169	6.01310506
5.05874494	5.290604	5.89133044
5.09352456	5.32697775	5.931834
5.19673713	5.43492081	6.05203369
5.19140412	5.42934319	6.045823
4.72576969	4.94236713	5.50355288
5.25328187	5.49405706	6.11788494
6.86618481	7.18088469	7.99624462
8.89194237	9.29948931	10.3554078
8.51967406	8.91015912	9.92187162
6.9295865	7.24719219	8.07008094
5.66876444	5.92858269	6.60174888
4.84616688	5.06828262	5.6437655
4.45123544	4.65525025	5.18383487
4.29901194	4.49605006	5.00655794
4.36647706	4.56660712	5.08512663
4.34034569	4.53927794	5.05469431
4.36641431	4.56654137	5.0850535
4.99920806	5.22833819	5.82199469
5.39316431	5.640351	6.28078956
4.962587	5.190039	5.77934644
4.16936213	4.36045775	4.85556994
4.06214113	4.2483225	4.73070212
4.43595663	4.63927125	5.16604119
