#?RADIANCE
genskyvec -m 1
NROWS=146
NCOLS=1
NCOMP=3
FORMAT=ascii

7.22820894	7.55950163	8.41785181
23.2199063	24.2841531	27.0415181
22.5443031	23.5775838	26.2547219
22.3799731	23.4057206	26.063345
22.5380144	23.5710062	26.2473975
22.8875481	23.9365606	26.6544587
22.6191937	23.6559069	26.3419381
22.8147069	23.8603806	26.5696287
22.4341763	23.46241	26.1264694
22.9799038	24.03315	26.762015
22.6012962	23.6371894	26.321095
23.0399669	24.095965	26.8319644
22.7458512	23.7883675	26.4894425
22.8052331	23.8504706	26.5585925
23.1461519	24.2070144	26.9556231
24.1582325	25.2654825	28.1342762
27.2355569	28.4838531	31.7180763
29.4717925	30.8225806	34.3223594
38.0750269	39.8201325	44.3415437
54.4408888	56.9360937	63.4009544
70.9988956	74.2530106	82.6841331
105.450103	110.283229	122.805444
107.553623	112.483169	125.25518
102.202439	106.886703	119.023248
74.1176706	77.5147281	86.3162094
48.6256931	50.8543687	56.6286731
37.483465	39.2014544	43.65262
30.0799731	31.4586381	35.0306369
26.946745	28.1818025	31.3817312
24.3564919	25.4728306	28.3651644
23.4510806	24.5259206	27.3107387
19.6899481	20.592405	22.9305875
18.4710612	19.3176513	21.51109
19.3015494	20.1862025	22.4782625
18.9947588	19.8653519	22.1209825
18.9613125	19.8303719	22.0820294
18.4283425	19.2729738	21.46134
19.2960431	20.1804431	22.4718513
19.6574319	20.5583981	22.89272
19.3379581	20.22428	22.5206656
17.8668731	18.6857725	20.8074625
18.4006925	19.2440556	21.42914
18.5348544	19.3843662	21.5853825
19.6353581	20.5353094	22.8670094
20.0901388	21.0109388	23.3966419
21.0250175	21.9886619	24.4853862
23.7252575	24.8126631	27.63004
28.9167694	30.2421212	33.6759906
36.4060831	38.0746956	42.3979206
53.4693894	55.9200681	62.2695656
79.5756919	83.2229119	92.6725312
123.144319	128.788419	143.4118
1200.64484599985	1207.95201399985	1226.88429499985
122.640113	128.261112	142.824625
77.4824506	81.0337287	90.2347694
51.65861	54.0262956	60.1607606
38.0265481	39.7694281	44.2850837
28.1845362	29.4763256	32.8232419
23.81834	24.9100144	27.7384438
21.1272544	22.0955888	24.6044512
20.1860781	21.1112725	23.5083719
14.9180112	15.6017531	17.3732669
14.2059969	14.8571037	16.5440675
14.0135556	14.6558425	16.3199531
14.5866981	15.2552537	16.987425
14.5325419	15.1986188	16.9243575
14.5894913	15.2581756	16.9906806
14.5732094	15.2411469	16.9717175
14.6842656	15.3572925	17.10105
14.210085	14.8613788	16.5488281
14.7992362	15.4775337	17.2349456
15.2277188	15.925655	17.7339494
16.9036837	17.6784356	19.6857481
19.6378788	20.5379475	22.8699481
24.8760912	26.0162444	28.9702831
37.6813619	39.4084225	43.8830894
62.8523213	65.7330506	73.1967706
866.541864390979	871.933777390979	885.903752390979
1682.50456689401	1689.89980489401	1709.06021089401
79.9427744	83.6068144	93.1000294
46.1039538	48.21705	53.6918981
30.143145	31.5247031	35.1042056
22.2755581	23.2965206	25.9417444
17.43453	18.2336131	20.3039644
15.961415	16.6929794	18.5883994
12.52538	13.0994612	14.58685
12.160635	12.7179962	14.1620744
11.7537038	12.2924137	13.6881669
11.7858169	12.3260019	13.7255669
11.9143813	12.4604563	13.8752913
11.8466756	12.3896481	13.7964419
11.7798506	12.3197613	13.7186181
11.9760713	12.524975	13.9471337
12.0059813	12.5562569	13.9819675
12.3763906	12.94364	14.4133394
12.9778881	13.5727088	15.1138338
14.1033319	14.7497344	16.4245063
16.1239437	16.8629562	18.7776756
21.4956131	22.4808256	25.0334325
30.4720369	31.8686712	35.4872269
42.08509	44.0139875	49.0115962
62.76146	65.6380237	73.0909519
71.3890713	74.6610669	83.1385213
55.8829988	58.4443006	65.0804125
36.7964531	38.4829563	42.8525369
25.430675	26.5962469	29.6161425
18.5452494	19.3952394	21.5974888
15.2302	15.9282513	17.7368394
13.7893512	14.4213625	16.0588494
11.4946219	12.0214594	13.3864462
10.8455462	11.3426325	12.6305437
10.4896375	10.9704119	12.2160581
10.4957313	10.976785	12.223155
10.5109525	10.9927031	12.2408794
10.5457419	11.0290887	12.2813969
10.8084175	11.3038025	12.5873025
11.4965181	12.0234406	13.3886525
12.4624319	13.0336256	14.5135425
14.9693963	15.6554931	17.4331094
18.2580175	19.0948413	21.2629831
26.3886975	27.59818	30.7318394
35.8110119	37.4523487	41.7049088
35.8346337	37.4770531	41.7324194
27.4671888	28.7261	31.9878319
19.7027806	20.6058225	22.9455319
15.2364144	15.9347506	17.7440756
12.71137	13.2939756	14.8034513
10.9286337	11.4295294	12.7273063
10.1801158	10.6467056	11.8555944
9.94339288	10.3991306	11.5799106
10.0200568	10.47931	11.6691919
10.321855	10.7949388	12.0206606
11.4218406	11.9453425	13.3016844
13.5416212	14.1622781	15.7703462
16.656235	17.4196444	19.3975738
21.5816506	22.57081	25.1336325
20.2859006	21.2156706	23.6246231
16.0473556	16.7828594	18.6884844
12.4943725	13.0670294	14.5507381
11.07841	11.5861681	12.9017306
10.3289945	10.8024062	12.0289756
10.6431656	11.1309769	12.3948537
12.09124	12.6454194	14.0812556
13.7662169	14.3971681	16.0319069
13.2647537	13.8727212	15.4479119
11.3990644	11.9215219	13.27516
