#?RADIANCE
genskyvec -m 1
NROWS=146
NCOLS=1
NCOMP=3
FORMAT=ascii

1.90260925	1.98981206	2.21574713
14.9238956	15.6079069	17.3801194
14.1623388	14.8114462	16.4932237
13.9886781	14.629825	16.2909813
14.2240156	14.8759488	16.5650512
14.9438519	15.6287781	17.4033612
14.9384731	15.6231525	17.3970963
15.1601394	15.8549762	17.655245
15.1032056	15.795435	17.5889425
15.7438925	16.4654869	18.3350763
14.60833	15.2778775	17.0126169
15.1684975	15.86372	17.66498
14.3362969	14.9933763	16.6958131
14.1047981	14.7512694	16.4262144
14.1954669	14.8460919	16.5318044
14.3744119	15.0332375	16.7402
16.0789688	16.8159219	18.7253
16.6566556	17.4200856	19.398065
21.0510675	22.015905	24.5157225
28.5703763	29.8798494	33.272585
37.6637838	39.3900388	43.8626162
60.4133325	63.1822756	70.3563619
83.3783962	87.1999056	97.101095
424.243682851584	429.015221851584	441.377832851584
73.1793912	76.5334456	85.2234987
43.8818713	45.8931225	51.1040981
31.1640975	32.5924513	36.2931913
22.9989231	24.0530406	26.7841644
19.44409	20.3352756	22.6442631
16.5524275	17.3110775	19.2766819
15.4041819	16.110205	17.9394531
13.6363137	14.2613113	15.8806244
12.7266956	13.3100031	14.8212994
13.258675	13.8663625	15.4408325
13.2151581	13.8208525	15.3901531
13.3661294	13.9787444	15.5659731
13.15084	13.7535856	15.3152494
13.8378269	14.4720575	16.1153037
14.1491656	14.7976694	16.477885
13.8889825	14.5255625	16.1748794
12.734075	13.3177212	14.8298919
12.9137969	13.5056775	15.03919
12.7730838	13.3585162	14.8753206
13.2422256	13.84916	15.4216762
13.184545	13.7888363	15.3545013
13.4772994	14.0950069	15.6954381
14.597435	15.2664844	16.9999319
17.059185	17.841065	19.8668437
19.5697887	20.4667369	22.7906519
25.8144163	26.9975762	30.0630406
34.2290044	35.7978306	39.8625269
49.990215	52.2814319	58.2177744
342.55751364581	346.18649484581	355.58889864581
506.793000851821	510.740647751821	520.968681751821
65.6446325	68.6533419	76.4486463
44.0255456	46.0433813	51.27142
31.930495	33.393975	37.185725
22.5379625	23.5709506	26.2473381
18.1692325	19.0019875	21.1595844
15.4312219	16.1384856	17.9709444
14.3020881	14.9576006	16.6559744
10.0318938	10.4916882	11.6829769
9.43659581	9.86910606	10.9897038
9.34370444	9.77195706	10.8815226
9.95209931	10.4082362	11.5900498
10.0259999	10.4855246	11.6761144
10.1518791	10.6171726	11.8227094
10.1284152	10.5926323	11.7953844
10.1271457	10.5913058	11.7939063
9.548064	9.98568325	11.1195162
9.75989988	10.2072274	11.3662163
9.76359619	10.2110944	11.3705225
10.4004774	10.8771657	12.1122231
11.2911775	11.8086906	13.1495175
12.8539475	13.4430862	14.9694938
16.8163031	17.58705	19.5839869
23.4043144	24.4770112	27.2562775
33.7067406	35.2516319	39.2543087
48.5634125	50.789235	56.5561463
42.3837225	44.3263081	49.3593806
28.6210963	29.9328956	33.3316519
21.2547463	22.2289206	24.7529231
16.0669075	16.8033056	18.7112544
12.1362056	12.6924462	14.1336238
10.9642468	11.4667738	12.7687794
7.772134	8.12835669	9.0512985
7.55923362	7.90569831	8.80335794
7.27990506	7.61356706	8.47805644
7.38803138	7.72664931	8.60397881
7.59405625	7.94211706	8.84391175
7.55604019	7.90235837	8.79963869
7.46612569	7.80832275	8.69492575
7.56622112	7.913006	8.81149525
7.40364194	7.74297525	8.62215856
7.50070381	7.84448581	8.73519494
7.58146388	7.92894731	8.82924669
7.75645356	8.11195756	9.03303719
8.46357788	8.85149181	9.856542
10.0881367	10.5505089	11.748475
12.3503575	12.9164162	14.3830206
14.6242631	15.2945406	17.0311738
18.7613544	19.6212487	21.84916
22.0804987	23.0925206	25.7145806
22.7334662	23.7754181	26.4750188
18.7799713	19.64072	21.8708438
14.8992244	15.5821037	17.3513894
11.6253722	12.1582026	13.5387163
9.59239919	10.0320501	11.1711493
8.74449556	9.14528456	10.1836936
6.50736162	6.80561556	7.57836531
6.19178388	6.47557363	7.21084844
5.98268156	6.2568875	6.96733131
6.09327338	6.37254838	7.09612519
6.11744838	6.39783106	7.1242785
6.03744631	6.3141625	7.03110969
6.10693463	6.38683575	7.11203475
6.26749587	6.55475594	7.29902163
6.47460881	6.77136156	7.540222
7.17112194	7.49979819	8.35136944
7.81030506	8.16827738	9.09575181
9.80347631	10.2528023	11.4169661
11.9637963	12.5121362	13.9328362
12.8655381	13.45521	14.9829938
11.5767222	12.1073212	13.4820588
9.77889987	10.2270994	11.3883433
8.35113588	8.7338955	9.72559406
7.16084681	7.48905213	8.33940344
5.72613969	5.98858731	6.66856694
5.31314681	5.55666594	6.1876025
5.28511288	5.52734719	6.15495462
5.34177237	5.58660337	6.22093925
5.31757844	5.56130056	6.19276356
5.55619313	5.81085169	6.47065025
6.11489744	6.39516356	7.121308
6.83664744	7.14999363	7.96184612
8.11598306	8.48796563	9.45173881
8.17152287	8.54605056	9.51641988
7.51866894	7.86327431	8.756117
6.23596344	6.52177825	7.2622995
5.30181356	5.544813	6.17440406
4.99826169	5.2273485	5.8208925
5.04468331	5.27589769	5.87495431
5.42676625	5.675493	6.319922
5.87785019	6.14725156	6.84524681
5.928308	6.20002181	6.904009
5.20142594	5.4398245	6.05749431
