#?RADIANCE
genskyvec -m 1
NROWS=146
NCOLS=1
NCOMP=3
FORMAT=ascii

5.0595455	5.29144112	5.8922625
22.6220425	23.6588863	26.345255
21.8939669	22.89744	25.4973506
21.6756931	22.6691613	25.2431525
21.9080331	22.9121512	25.5137312
22.6394944	23.6771388	26.3655812
22.4068269	23.4338044	26.0946181
22.5861987	23.6213981	26.3035119
22.3503213	23.37471	26.0288119
23.1404363	24.2010375	26.9489687
21.8915181	22.8948762	25.4944981
22.7402831	23.7825444	26.482955
21.9793606	22.9867469	25.5967994
22.0402206	23.0503981	25.6676762
22.5793169	23.6142019	26.2954987
23.4305669	24.5044675	27.2868488
26.9304263	28.1647356	31.3627275
28.5619913	29.8710819	33.2628206
37.7827312	39.51444	44.0011406
53.7439613	56.207225	62.5893238
67.7272825	70.831445	78.87407
98.9604594	103.496143	115.247701
97.700235	102.178157	113.780072
93.3164344	97.59343	108.674766
68.2325663	71.3598913	79.4625144
45.4251794	47.5071662	52.90141
35.5602088	37.1900481	41.4128275
28.627495	29.9395869	33.3391038
26.1142619	27.3111644	30.4122344
23.5347219	24.6133962	27.4081462
22.8486344	23.8958638	26.6091406
20.4421575	21.37909	23.8065987
19.2833975	20.1672181	22.4571238
20.1037556	21.0251775	23.4125013
19.9139137	20.826635	23.1914119
19.9336775	20.847305	23.2144312
19.4454931	20.3367438	22.6458969
20.31441	21.245485	23.6578237
20.6718519	21.6193125	24.074095
20.3146981	21.2457875	23.6581606
18.8013306	19.6630562	21.8957162
19.2749506	20.1583844	22.4472869
19.38248	20.2708419	22.5725137
20.4792319	21.4178637	23.8497744
20.9754794	21.9368556	24.4276963
22.1121394	23.1256138	25.75143
25.1568206	26.30984	29.297215
30.6135144	32.0166337	35.6519913
38.7219406	40.4966944	45.0949281
56.4406331	59.0274925	65.7298225
82.9371719	86.7384556	96.5872619
124.259556	129.954788	144.710619
642.698803059727	649.647315059727	667.650372059727
116.992233	122.354362	136.247194
75.5964038	79.0612381	88.038315
51.6816756	54.0504169	60.18762
38.6447406	40.4159563	45.0050231
29.0760669	30.4087194	33.861505
24.6542681	25.784255	28.7119519
21.9294906	22.9345906	25.5387194
20.9673681	21.9283706	24.4182494
15.3533213	16.0570131	17.8802219
14.5665494	15.2341831	16.9639625
14.3967375	15.0565875	16.7662013
15.1282506	15.8216281	17.6181094
15.09626	15.7881713	17.5808531
15.1746825	15.87019	17.6721844
15.134505	15.82817	17.6253931
15.2295119	15.92753	17.7360356
14.6318125	15.3024375	17.0399662
15.2871238	15.9877844	17.8031306
15.7670319	16.4896862	18.3620231
17.676025	18.4861756	20.5852056
20.7000144	21.6487656	24.1068938
26.3353119	27.5423463	30.6696656
39.9652637	41.7970013	46.5428819
66.2087625	69.2433288	77.1056225
559.603812830848	565.230993830848	579.810499830848
978.163753329057	985.305096329057	1003.80769632906
78.2272469	81.8126631	91.1021544
45.8797344	47.9825544	53.4307762
30.5957412	31.9980456	35.6312919
22.8752419	23.9236875	26.6401269
17.8921369	18.7121913	20.8368862
16.4277681	17.1807069	19.1315044
12.3535656	12.91977	14.3867569
12.0082844	12.5586631	13.9846487
11.561565	12.0914706	13.4644081
11.6411806	12.174735	13.557125
11.8337681	12.3761475	13.7814088
11.7511344	12.2897269	13.685175
11.6536269	12.1877525	13.5716206
11.8797769	12.4242663	13.8349894
11.8744437	12.4186881	13.8287813
12.2933775	12.8568238	14.3166638
12.9371206	13.5300725	15.066355
14.0981562	14.74432	16.4184788
16.3072538	17.0546681	18.9911569
22.0255238	23.0350275	25.65056
31.3533594	32.7903881	36.5136019
43.0868731	45.0616863	50.1782575
64.0627494	66.9989575	74.6064144
71.5529031	74.8324112	83.32932
54.775425	57.2859631	63.79055
36.0477988	37.6999881	41.9806681
25.1128437	26.2638481	29.246
18.4400538	19.2852212	21.4749794
15.1102275	15.8027787	17.5971206
13.7169988	14.3456944	15.97459
10.8737319	11.3721106	12.6633688
10.2468677	10.7165156	11.9333331
9.86859306	10.3209031	11.4928006
9.93327375	10.3885488	11.5681263
9.95909338	10.4155523	11.5981944
9.97082494	10.4278196	11.6118569
10.2591969	10.7294106	11.9476919
10.9932644	11.4971188	12.8025706
11.9821081	12.5312894	13.9541675
14.583015	15.2514025	16.9831363
17.7763437	18.5910925	20.702035
25.9956381	27.1871037	30.2740888
35.2044563	36.81799	40.9985231
34.5846894	36.1698212	40.2767531
26.1893544	27.3896988	30.4996881
18.7522288	19.6117056	21.8385331
14.5429412	15.2094931	16.93647
12.0844987	12.63837	14.0734056
10.0227768	10.482155	11.67236
9.25051819	9.67449975	10.773
9.06834106	9.48397287	10.5608381
9.18049575	9.60126831	10.6914531
9.45019838	9.8833315	11.0055425
10.5451938	11.0285144	12.2807569
12.6696056	13.2502962	14.7548119
15.65072	16.3680444	18.2265694
20.3319419	21.2638231	23.6782431
18.9018706	19.7682069	22.0128044
14.8912719	15.5737894	17.3421294
11.4662969	11.991835	13.3534581
9.93397512	10.389282	11.5689431
9.21823744	9.64073956	10.7354056
9.53690506	9.97401263	11.1065206
10.9590294	11.4613169	12.7627013
12.4673837	13.0388062	14.5193087
11.9922656	12.5419119	13.965995
10.1846929	10.6514906	11.8609244
