#?RADIANCE
genskyvec -m 1
NROWS=146
NCOLS=1
NCOMP=3
FORMAT=ascii

4.87508106	5.09852219	5.67743838
20.9542894	21.9146925	24.4030175
20.2763737	21.2057075	23.61353
20.1498331	21.0733675	23.46616
20.320935	21.25231	23.6654225
20.6515431	21.5980731	24.0504438
20.4221594	21.358175	23.7833075
20.6192437	21.5642913	24.0128287
20.2303425	21.1575669	23.5599231
20.7321206	21.6823419	24.1442819
20.4547119	21.3922169	23.8212181
20.7603994	21.7119169	24.1772169
20.4657188	21.4037306	23.8340356
20.3779125	21.3118994	23.7317775
20.4852663	21.424175	23.8568019
21.2241775	22.1969513	24.7173244
23.5544506	24.6340312	27.4311244
25.4042644	26.5686256	29.5853844
32.1682537	33.6426319	37.4626156
46.0095706	48.1183413	53.5819819
63.2903475	66.1911537	73.7068881
101.867996	106.536946	118.633779
119.016953	124.471908	138.605181
119.778681	125.268536	139.492266
83.9505156	87.7982419	97.7673681
51.6553462	54.0228819	60.1569581
37.6477294	39.37325	43.8439213
28.9575556	30.2847763	33.7234888
25.105985	26.2566763	29.238015
22.2884038	23.3099538	25.9567062
21.2241419	22.1969144	24.7172825
17.3820469	18.1787225	20.2428431
16.2297856	16.9736487	18.9009375
17.0272456	17.8076606	19.8296481
16.7486787	17.5163275	19.5052331
16.7470906	17.5146644	19.5033837
16.2646031	17.0100619	18.9414844
17.0958212	17.87938	19.9095088
17.4398994	18.239225	20.3102169
17.1261069	17.9110519	19.9447788
15.7104494	16.4305113	18.29613
16.1617788	16.9025269	18.8217394
16.2026944	16.9453163	18.8693881
17.0997963	17.8835356	19.9141394
17.306455	18.0996694	20.1548125
17.8402762	18.6579531	20.7764881
19.6681662	20.5696231	22.9052187
23.6497431	24.7336906	27.5420975
28.6720556	29.9861906	33.3909987
41.2264356	43.1159812	48.0116231
60.7174894	63.5003712	70.7105813
98.3697306	102.878351	114.559767
1343.2428212196	1350.6869462196	1369.9740402196
812.262757841513	818.461389841513	834.521482841513
81.7566238	85.5037937	95.2124044
51.9034244	54.28233	60.4458656
36.7944156	38.4808238	42.850165
26.1412069	27.3393438	30.443615
21.5863981	22.5757744	25.1391619
18.84553	19.7092813	21.9471912
17.8791856	18.6986469	20.8218019
12.9699794	13.564435	15.1046219
12.3350269	12.9003819	14.3651681
12.1805125	12.7387869	14.1852225
12.719075	13.3020337	14.8124244
12.6882281	13.2697731	14.7765
12.7476	13.3318669	14.8456431
12.7261306	13.3094119	14.8206406
12.7964519	13.3829556	14.9025362
12.3142156	12.8786169	14.3409306
12.7320387	13.3155887	14.8275187
12.9457069	13.5390512	15.0763569
14.044775	14.6884938	16.3563112
15.7617425	16.4841556	18.3558638
19.063635	19.9373838	22.2011937
27.4691019	28.7281019	31.9900594
43.8444656	45.8540044	51.0605381
76.6642669	80.1780425	89.2819363
735.645063922883	741.118107922883	755.298287922883
72.5928494	75.9200163	84.5404263
41.592835	43.4991725	48.4383244
27.2863363	28.5369587	31.7772125
19.8603525	20.7706169	23.1290356
15.2723037	15.9722856	17.7858725
13.9253569	14.5636031	16.21724
10.7920546	11.2866906	12.56825
10.4969544	10.9780663	12.22458
10.1589364	10.6245538	11.8309275
10.2045268	10.6722331	11.8840225
10.3345867	10.8082556	12.0354875
10.2760352	10.74702	11.9673
10.2011209	10.6686706	11.880055
10.341675	10.8156694	12.0437437
10.2959259	10.7678206	11.9904637
10.5221605	11.004425	12.2539319
10.8498744	11.3471619	12.6355844
11.4693175	11.9949944	13.3569769
12.7535794	13.3381188	14.8526062
16.1031369	16.8411956	18.7534469
21.5813825	22.5705294	25.1333181
28.4010856	29.7028006	33.0754319
40.7492481	42.6169212	47.4558981
48.5390262	50.7637281	56.5277438
43.3872525	45.3758325	50.5280719
30.6337181	32.0377619	35.6755206
21.7354719	22.7316819	25.3127688
15.9602738	16.691785	18.5870694
13.1037256	13.7043119	15.2603806
11.8876419	12.4324919	13.8441519
9.79498619	10.2439226	11.4070781
9.29475556	9.72076525	10.8245169
9.01229087	9.425354	10.4955637
9.04099525	9.45537406	10.5289931
9.0491585	9.46391131	10.5385
9.03038862	9.44428125	10.5166394
9.18657538	9.60762638	10.6985331
9.5889825	10.0284766	11.1671719
10.1476615	10.6127619	11.8177981
11.6665306	12.2012456	13.5866463
13.5836213	14.2062025	15.8192581
18.5048319	19.3529694	21.5504188
24.375115	25.4923075	28.3868531
25.7056081	26.8837812	29.9363244
21.1017538	22.0689169	24.5747537
15.9844219	16.7170419	18.6151938
12.7463525	13.3305619	14.84419
10.7599619	11.2531262	12.5308725
9.2125345	9.63477487	10.7287656
8.62813488	9.02359106	10.0481816
8.46924969	8.85742337	9.86314756
8.51589444	8.90620594	9.91746994
8.65530756	9.05200894	10.0798268
9.29668425	9.72278225	10.8267656
10.5798122	11.06472	12.3210744
12.4762725	13.0481019	14.5296619
15.6574706	16.3751056	18.2344306
15.2956244	15.9966719	17.8130294
12.8591494	13.4485269	14.9755525
10.3155975	10.7883956	12.0133744
9.13643631	9.55518887	10.6401425
8.588833	8.98248762	10.002412
8.74892625	9.14991869	10.1888547
9.63363425	10.0751763	11.2191713
10.7547844	11.2477131	12.5248444
10.5776544	11.0624644	12.3185612
9.23908806	9.66254637	10.7596881
