#?RADIANCE
genskyvec -m 1
NROWS=146
NCOLS=1
NCOMP=3
FORMAT=ascii

0.235145981	0.2459235	0.273847094
6.92602463	7.24346738	8.06593319
7.37502175	7.71304363	8.58882794
8.1089795	8.48064094	9.44358244
9.67450544	10.1179198	11.2667674
13.0206536	13.617433	15.1636344
18.1036756	18.9334256	21.0832387
25.3036788	26.46343	29.4682431
68.090320967584	69.899271567584	74.586105967584
128.015803376185	130.306874676185	136.242845876185
32.7868537	34.2895831	38.1830244
23.8752681	24.9695506	27.80474
15.4033056	16.10929	17.938435
11.3139043	11.8324557	13.1759828
9.20333212	9.62515106	10.7180476
7.63742088	7.98746912	8.89441381
7.18957863	7.5191005	8.37286363
6.34785213	6.63879531	7.39260325
6.65315656	6.95809275	7.74815562
6.74408113	7.05318456	7.85404469
6.747915	7.05719437	7.85850975
7.32232813	7.65793462	8.52746181
7.10156275	7.42705094	8.27036194
7.35340938	7.69044012	8.56365831
7.45945612	7.80134769	8.68715887
6.97019331	7.28966019	8.11737138
7.08786619	7.41272656	8.25441144
6.68129331	6.98751894	7.78092325
6.84012519	7.15363081	7.96589619
6.51793906	6.81667762	7.59068356
6.70164569	7.00880431	7.80462537
6.50943975	6.80778887	7.58078525
6.64677288	6.95141656	7.74072131
7.81372306	8.17185181	9.09973225
9.19782662	9.61939369	10.7116366
12.0409886	12.5928674	14.0227369
15.3558062	16.059615	17.88312
21.4969269	22.4822025	25.0349656
30.4048175	31.7983713	35.408945
55.8696977580197	57.4323508580197	61.4810495580197
23.5761069	24.6566769	27.4563394
18.452985	19.2987456	21.4900406
13.6684869	14.2949587	15.9180925
10.9782289	11.4813962	12.7850625
8.63688738	9.03274406	10.0583759
7.36206231	7.69949	8.5737355
6.56706338	6.8680535	7.64789281
6.60933737	6.912265	7.69712431
6.03354756	6.31008494	7.02656912
6.10304444	6.382767	7.10750419
6.05811425	6.33577781	7.05517931
6.26952331	6.55687638	7.30138306
6.5594035	6.86004263	7.63897244
6.35247488	6.64362962	7.39798669
6.75262106	7.06211594	7.86399019
6.83391894	7.14714006	7.9586685
6.78668344	7.09773963	7.90365875
6.36739063	6.65922919	7.41535756
6.29019881	6.5784995	7.32546112
6.10579525	6.38564394	7.11070775
6.25164781	6.53818162	7.28056544
4.47624975	4.68141094	5.21296594
4.54543569	4.75376813	5.29353894
5.26288938	5.50410506	6.1290735
7.26033313	7.59309838	8.45526338
9.62040144	10.0613353	11.2037593
13.0054468	13.6015296	15.14593
15.3093812	16.0110619	17.8290512
14.6005255	15.2697156	17.0035288
10.5669898	11.0513104	12.3061412
8.21861406	8.59530044	9.57126244
6.45842881	6.75444	7.52137919
5.32879769	5.57303406	6.20582931
4.637271	4.8498125	5.40048856
4.21325719	4.40636456	4.90668925
4.24821712	4.44292712	4.94740325
4.35145194	4.55089337	5.06762869
4.29229819	4.4890285	4.99873925
4.69992975	4.91534312	5.47346025
4.53581956	4.74371112	5.28234019
4.24574269	4.44033894	4.94452131
4.43040225	4.63346194	5.15957275
4.39177444	4.59306419	5.11458775
4.06373756	4.24999219	4.73256138
4.26874569	4.46439631	4.97131044
2.89286637	3.02545594	3.368984
3.16694931	3.31210112	3.68817656
3.49445538	3.65461775	4.06958463
4.13909512	4.3288035	4.8203215
5.41917112	5.66754969	6.31107663
6.14804406	6.42982937	7.15990994
6.65549669	6.96053969	7.75088056
6.79890031	7.11051625	7.91788644
5.50581569	5.75816525	6.41198138
4.71556325	4.931693	5.49166675
3.84454444	4.02075256	4.47729262
3.15410862	3.29867181	3.67322244
3.01010531	3.14806831	3.50551856
2.922521	3.05646981	3.4035195
2.87944525	3.01141975	3.35335406
2.755644	2.88194431	3.20917744
2.78767119	2.91543931	3.2464755
2.85578637	2.98667631	3.32580144
2.980766	3.11738437	3.47135069
2.94269969	3.07757313	3.427019
2.94408181	3.07901888	3.42862894
2.93782344	3.07247362	3.42134013
2.82243856	2.95180013	3.28696513
2.949986	3.08519344	3.43550469
1.9455095	2.03467875	2.26570819
2.15759206	2.2564815	2.51269569
2.35545281	2.46341094	2.74312125
2.93938737	3.07410912	3.42316169
3.35634812	3.51018069	3.90874731
3.2830445	3.43351719	3.82337919
3.115865	3.2586755	3.62868481
2.63933863	2.76030825	3.07372994
2.28611531	2.39089562	2.66237212
2.07677187	2.17195713	2.41857394
1.82498587	1.908631	2.12534819
1.90286506	1.9900795	2.21604506
1.93241531	2.02098437	2.25045875
1.89307262	1.97983837	2.20464106
1.81851181	1.90186025	2.11780856
1.83458562	1.91867056	2.13652781
1.90014362	1.98723356	2.21287581
1.89799287	1.98498431	2.21037112
1.41504038	1.47989644	1.64793244
1.4359155	1.50172844	1.67224331
1.74898156	1.829143	2.03683487
1.97562537	2.06617487	2.3007805
1.75450213	1.83491675	2.04326394
1.51962713	1.58927656	1.76973231
1.41120294	1.475883	1.64346356
1.31146313	1.37157188	1.52730813
1.31464656	1.37490125	1.53101569
1.28045338	1.33914094	1.49119469
1.347977	1.40975919	1.56983156
1.27581813	1.33429306	1.48579656
1.0333615	1.08072394	1.20343575
1.07709469	1.1264615	1.25436662
1.09352471	1.1436445	1.27350081
1.06450536	1.11329516	1.23970531
0.958196512	1.0021138	1.11589981
0.98891135	1.03423639	1.15166969
0.933196731	0.97596825	1.0867855
