#?RADIANCE
genskyvec -m 1
NROWS=146
NCOLS=1
NCOMP=3
FORMAT=ascii

26.8612375	28.0923756	31.2821494
37.986955	39.7280219	44.2389781
38.102525	39.84889	44.3735694
38.2184113	39.9700881	44.5085263
37.7552838	39.485735	43.9691787
35.70712	37.3436956	41.5839181
35.4140069	37.0371481	41.2425631
35.8066144	37.4477506	41.6997881
35.9501356	37.59785	41.8669325
36.8987363	38.5899281	42.9716562
42.4546244	44.4004594	49.4419494
44.4966588	46.5360888	51.82007
49.48366	51.7516581	57.6278481
52.9345912	55.36076	61.6467456
55.1141131	57.6401756	64.1849819
56.4125062	58.9980781	65.6970681
56.211085	58.7874238	65.4624956
53.3201625	55.7640019	62.0957756
49.8954925	52.1823662	58.1074606
44.9567344	47.0172506	52.3558669
43.1684519	45.147005	50.2732619
39.2974106	41.0985413	45.7651113
37.8619138	39.5972487	44.0933544
35.3880669	37.0100206	41.2123569
35.9832644	37.6324975	41.9055131
36.6065056	38.2843019	42.6313294
37.5733463	39.2954581	43.7572944
38.6975413	40.4711763	45.066515
37.6437944	39.3691331	43.8393375
38.0563138	39.8005594	44.31975
37.6604763	39.3865787	43.858765
24.6866188	25.8180869	28.7496269
22.8047919	23.8500094	26.5580813
24.5581131	25.6836919	28.59997
23.7646987	24.8539119	27.6759719
23.8913237	24.9863425	27.8234413
23.524485	24.6026925	27.3962256
25.6083837	26.7820994	29.8230969
27.6298619	28.8962294	32.1772794
29.8093963	31.1756606	34.71553
31.31638	32.7517138	36.4705356
36.4304037	38.1001294	42.4262431
41.8316175	43.7489006	48.7164081
47.8352525	50.0277006	55.7081419
53.0590106	55.4908806	61.7916437
54.9442613	57.4625406	63.9871737
53.4839044	55.9352469	62.286465
50.1999344	52.5007613	58.4620087
43.9398663	45.953775	51.1716375
37.9286162	39.66701	44.1710356
32.9827375	34.4944444	38.4111487
29.735265	31.09813	34.6291944
27.3466419	28.6000281	31.8474444
24.3799044	25.4973144	28.3924306
24.7853431	25.9213381	28.8645981
24.52622	25.6503375	28.56283
24.7327431	25.8663256	28.8033406
23.6531856	24.7372888	27.5461056
24.3155113	25.4299738	28.3174406
23.8340869	24.9264831	27.7567825
24.3420856	25.4577631	28.3483881
16.9851144	17.7635994	19.7805837
16.5404625	17.2985663	19.2627475
16.7936925	17.5634019	19.5576556
18.0613138	18.8891219	21.033905
19.0428381	19.9156337	22.1769738
20.9388144	21.8985088	24.3849963
23.8733912	24.9675894	27.8025563
28.6288838	29.9410387	33.3407206
34.543065	36.1262869	40.2282794
44.4903925	46.5295331	51.8127725
55.0900475	57.615005	64.1569531
62.3631875	65.2214975	72.6271331
60.1651762	62.9227456	70.0673663
51.8372337	54.2131044	60.3687831
40.1299506	41.9692394	46.7346738
31.8726312	33.3334575	37.118335
25.3049713	26.4647806	29.4697481
22.5386244	23.5716431	26.2481062
19.65631	20.5572231	22.8914125
18.0061869	18.83147	20.9697063
17.6221238	18.4298044	20.5224338
17.3279969	18.1221987	20.1798987
16.6131575	17.3745919	19.3474075
17.0621562	17.8441731	19.8703044
14.4675237	15.1306188	16.8486369
14.7419463	15.4176175	17.1682237
15.19317	15.8895231	17.6937131
15.9544744	16.68572	18.5803125
17.7867887	18.6020175	20.7141988
19.5251738	20.4200775	22.7386913
23.8792719	24.9737387	27.8094044
30.2195544	31.6046175	35.1931919
41.0646163	42.9467425	47.82317
54.8583231	57.3726638	63.887095
77.3047213	80.8478525	90.0278019
101.046624	105.677931	117.677222
91.915485	96.1282781	107.043265
64.4698944	67.4247637	75.0805675
46.0898019	48.20225	53.6754194
35.4825956	37.10888	41.3224437
27.04796	28.2876563	31.499605
22.0959406	23.1086712	25.7325656
18.7504656	19.6098606	21.8364812
16.8158219	17.5865456	19.5834275
15.7248919	16.4456156	18.3129475
15.0735369	15.7644069	17.5543912
14.6477675	15.3191237	17.0585469
14.5833613	15.2517631	16.9835381
14.4913081	15.1554944	16.8763369
14.9988744	15.686325	17.46744
16.3077031	17.0551388	18.9916806
18.4712525	19.3178513	21.5113131
22.2081906	23.2260656	25.8632906
32.3248706	33.8064262	37.6450069
46.6593294	48.7978794	54.3386794
84.8175619	88.7050275	98.777125
3772.64100623887	3778.89915023887	3795.11343823887
3450.98223822242	3456.69466022242	3471.49509322242
79.3551056	82.9922062	92.4156413
46.7894144	48.9339262	54.490175
30.6145362	32.0177006	35.65318
22.2026275	23.2202469	25.8568119
18.6046425	19.4573537	21.6666563
16.1629606	16.9037637	18.8231169
14.8767431	15.558595	17.3252094
14.4594806	15.1222044	16.8392694
16.3096719	17.0571981	18.9939731
18.3979381	19.2411763	21.4259337
22.0741475	23.0858781	25.7071844
30.6375606	32.0417825	35.6799944
49.1552856	51.408235	57.24543
92.8543694	97.1101938	108.136647
2611.43687987757	2616.16443687757	2628.41316887757
61.8461181	64.6807275	72.0249625
34.5354875	36.1183638	40.2194556
23.7627587	24.8518831	27.673715
17.7916375	18.6070875	20.7198444
16.9355919	17.711805	19.7229069
21.9023556	22.9062131	25.5071181
27.3690763	28.6234906	31.8735712
41.6197831	43.5273556	48.4697094
56.1313487	58.7040338	65.3696362
34.0974744	35.6602738	39.7093512
24.07038	25.1736056	28.0319656
31.905825	33.3681738	37.156995
