#?RADIANCE
genskyvec -m 1
NROWS=146
NCOLS=1
NCOMP=3
FORMAT=ascii

14.3562944	15.01429	16.7191013
32.47065	33.9588881	37.8147794
32.0569625	33.5262388	37.3330056
32.5114356	34.0015431	37.8622781
33.9251237	35.4800263	39.5086362
37.0024169	38.6983594	43.0923994
41.8408925	43.7585994	48.7272081
48.5836563	50.8104062	56.5797194
61.1318312	63.9337063	71.193115
78.0973088	81.6767662	90.9508262
83.7513763	87.5899831	97.5354669
98.2179312	102.719575	114.382978
84.7428394	88.6268787	98.6900956
70.7732781	74.0170506	82.4213812
58.5510544	61.2346438	68.1875844
47.2572394	49.423195	55.0349975
41.15061	43.03668	47.9233187
36.2559212	37.9176512	42.223045
34.0920231	35.6545744	39.7030031
32.3125081	33.7934969	37.6306088
32.6687088	34.1660231	38.0454363
32.97908	34.4906188	38.4068888
33.1624363	34.68238	38.6204225
33.2543894	34.7785494	38.7275131
34.8515037	36.4488625	40.5874812
34.6809475	36.27049	40.3888556
35.7262456	37.3636987	41.6061944
35.08152	36.6894225	40.855355
34.4968425	36.0779456	40.1744506
33.28418	34.809705	38.7622044
32.5574956	34.0497144	37.91592
25.5000275	26.6687775	29.6969081
24.4290713	25.5487356	28.4496906
26.7216744	27.9464163	31.1196162
28.1087656	29.3970838	32.7350019
32.2633469	33.7420819	37.5733587
37.4722263	39.1897006	43.6395306
46.5791094	48.7139844	54.2452581
61.5391406	64.3596813	71.6674588
84.6432075	88.5226844	98.5740663
112.123742	117.262744	130.577444
123.544919	129.207406	143.878381
109.2615	114.269331	127.244138
83.26795	87.0843931	96.97247
60.9715744	63.7661031	71.0064819
46.8865763	49.0355431	54.6033275
36.5348669	38.2093812	42.5478994
32.9901119	34.5021562	38.4197356
27.74521	29.016865	32.3116119
25.8905463	27.0771956	30.1517012
24.4177319	25.5368769	28.4364856
24.4933775	25.6159894	28.5245788
25.1532519	26.3061088	29.29306
24.2624488	25.3744763	28.255645
26.3550519	27.5629919	30.6926556
27.0248231	28.2634594	31.4726587
27.4398963	28.6975581	31.9560488
26.1074212	27.3040125	30.4042681
26.2099863	27.4112781	30.5237156
25.2761306	26.43462	29.4361625
25.3794537	26.5426787	29.5564906
18.9110225	19.7777769	22.0234625
19.0264275	19.8984725	22.1578625
20.7878769	21.7406556	24.2092175
25.3809462	26.54424	29.5582288
32.54067	34.0321169	37.8963225
46.7956525	48.9404525	54.4974394
73.0632875	76.4120187	85.0882906
120.345804	125.861655	140.152725
1670.81848891424	1678.36643891425	1697.92252691425
118.286925	123.708407	137.754994
73.2673212	76.6254044	85.32591
44.3077725	46.3385462	51.6000975
31.3031537	32.73788	36.4551319
24.6619544	25.7922944	28.7209031
21.29682	22.2729219	24.8019219
19.7514925	20.6567681	23.0022612
18.5669488	19.4179331	21.62276
19.2168856	20.0976594	22.379665
18.7830188	19.6439056	21.8743906
18.2012081	19.0354281	21.1968244
18.9262406	19.7936913	22.0411862
18.9810406	19.8510038	22.105005
18.1427794	18.9743231	21.1287806
18.6745938	19.5305119	21.7481219
15.8446344	16.5708456	18.4523969
16.9363431	17.7125919	19.7237837
18.9990925	19.8698844	22.1260294
22.1258288	23.1399275	25.7673731
30.4176119	31.8117513	35.423845
39.85524	41.6819381	46.4147494
67.0884281	70.1633138	78.1300681
1394.02097613821	1399.11854913821	1412.32593813821
3451.49664122285	3458.27072922285	3475.82179722285
104.697554	109.496186	121.929031
62.4700812	65.3332912	72.7516194
39.1177394	40.9106344	45.5558694
29.6388263	30.9972725	34.5168844
22.287455	23.3089638	25.9556006
18.7926519	19.6539813	21.88561
16.8977869	17.6722694	19.6788819
15.8032775	16.5275944	18.4042344
15.362605	16.0667244	17.8910344
15.3412656	16.0444044	17.8661825
15.2239263	15.9216875	17.72953
15.2829688	15.9834363	17.79829
15.3708556	16.0753525	17.9006438
15.2298394	15.9278737	17.7364187
15.5808675	16.2949906	18.1452206
14.7050006	15.37898	17.1251994
16.5282906	17.2858363	19.2485725
19.8657344	20.7762462	23.1353037
27.1258037	28.3690694	31.59026
39.5748088	41.3886538	46.0881675
65.2575925	68.2485631	75.9979113
80.0827925	83.7532475	93.2630894
58.9113812	61.6114844	68.607215
39.9706194	41.8026044	46.5491187
26.5229481	27.7385819	30.8881838
20.189525	21.1148794	23.5123862
16.7319562	17.4988375	19.4857581
14.869875	15.5514112	17.31721
13.8872256	14.5237244	16.1728325
13.5018644	14.1206962	15.7240444
13.4202369	14.0353294	15.6289844
13.6197737	14.2440131	15.8613631
13.9407756	14.5797281	16.2351963
15.0205413	15.7089812	17.4926719
17.9955269	18.8203206	20.9572906
25.1461988	26.2987306	29.2848456
38.0674837	39.8122412	44.3327588
41.7492906	43.6627988	48.6205294
33.1345969	34.6532638	38.588
23.7425488	24.8307487	27.6501775
18.1431	18.9746575	21.1291531
14.8494625	15.5300631	17.2934375
13.6783088	14.30523	15.9295313
13.2382038	13.8449538	15.4169931
13.7497163	14.3799112	16.0126894
16.1881131	16.9300688	18.8524081
20.4110481	21.3465525	23.7703681
24.21753	25.3274994	28.2033344
21.6543219	22.6468106	25.2182631
16.1356981	16.8752506	18.7913656
14.7028563	15.3767356	17.1227044
18.20241	19.0366863	21.1982231
