#?RADIANCE
genskyvec -m 1
NROWS=146
NCOLS=1
NCOMP=3
FORMAT=ascii

16.9948294	17.7737587	19.7918963
33.7674656	35.3151406	39.3250294
33.4660344	34.9998925	38.9739894
33.8365256	35.387365	39.4054556
34.7722762	36.366005	40.495215
36.3984675	38.0667294	42.3890513
39.4922881	41.3023519	45.9920644
44.0023788	46.0191519	51.2444394
51.5791187	53.94316	60.0681831
62.2187125	65.0704031	72.4588787
68.9385963	72.0982806	80.284745
80.563765	84.2562675	93.8232219
76.7959994	80.3158131	89.435345
69.5671	72.75559	81.0166894
60.7217425	63.5048225	70.7155344
50.9354606	53.2699987	59.3185906
44.6873	46.7354644	52.0420856
39.7961669	41.6201569	46.3459569
36.7142931	38.3970312	42.7568563
34.2347275	35.8038181	39.8691956
34.5137681	36.0956475	40.1941606
33.9297619	35.4848731	39.514035
34.0490019	35.6095794	39.6529025
33.5520112	35.0898119	39.0741144
35.1487425	36.7597269	40.9336419
35.2577119	36.87369	41.0605456
36.3496362	38.0156588	42.3321831
36.0920475	37.746265	42.0321981
35.3163287	36.9349906	41.1288094
34.4328044	36.0109738	40.0998712
33.7355825	35.2817962	39.2878988
24.7453375	25.8794975	28.8180087
23.3664156	24.4373744	27.2121369
25.5762131	26.7484544	29.7856319
26.2496312	27.4527394	30.5698844
28.9797769	30.3080144	33.7493663
31.9961281	33.4626169	37.2621606
38.3574819	40.1155319	44.6704875
47.7903444	49.9807337	55.6558419
61.4743806	64.2919556	71.5920431
76.9217844	80.4473644	89.5818313
90.0679781	94.1960869	104.891676
90.9628725	95.1320013	105.933856
78.2423844	81.8284888	91.1197781
62.0945844	64.9405831	72.3143206
49.1742	51.428015	57.2674556
38.4559206	40.2184806	44.785125
34.5680444	36.1524112	40.2573681
28.4808131	29.7861806	33.16828
26.0835244	27.2790194	30.37644
24.1082919	25.2132544	28.0761162
23.8502138	24.9433475	27.7755625
24.1915675	25.3003456	28.1730969
22.9367075	23.9879725	26.7117069
24.9783113	26.1231506	29.0893262
25.5816881	26.7541813	29.7920088
26.0614837	27.2559687	30.3507725
24.7744256	25.9099194	28.8518844
25.1006825	26.25113	29.2318388
24.2798125	25.3926363	28.2758669
24.5371188	25.6617375	28.5755213
17.3744069	18.1707338	20.233945
17.2721894	18.0638319	20.1149063
18.5248637	19.3739187	21.5737488
21.9896438	22.9975013	25.608775
26.7371037	27.962555	31.1375888
35.8285888	37.4707319	41.7253794
51.5682719	53.9318169	60.0555513
78.2970425	81.88565	91.183435
107.814051	112.75553	125.558463
105.789081	110.637738	123.200206
76.0562025	79.54211	88.5737906
47.3951775	49.5674556	55.1956369
33.039185	34.5534787	38.4768838
25.3333525	26.4944656	29.5028019
21.1920756	22.1633781	24.6799394
19.14486	20.0223319	22.295785
17.5035213	18.305765	20.3843094
17.9036506	18.7242337	20.850295
17.2152475	18.00428	20.0485931
16.5330162	17.2907781	19.2540756
17.2345819	18.0244981	20.0711069
17.3398031	18.1345425	20.1936463
16.5814687	17.3414531	19.3105031
17.19642	17.9845875	20.026665
14.0736438	14.7186856	16.3899313
14.933935	15.6184069	17.3918112
16.4122575	17.1644856	19.1134431
18.7237388	19.5819069	21.8053544
24.6993931	25.8314469	28.7645031
31.2645744	32.6975319	36.4102056
50.0939706	52.3899444	58.3386062
82.3455325	86.1197019	95.8982331
3453.35330942691	3459.62323442691	3475.8680844269
2713.84786367721	2719.54309467721	2734.29893267721
73.0512887	76.3994706	85.07432
44.0265019	46.0443825	51.2725306
32.1135362	33.585405	37.3988912
22.9314888	23.9825156	26.7056312
18.5815669	19.4332225	21.6397844
16.2245181	16.9681413	18.8948056
14.7634719	15.4401319	17.1932925
14.0759887	14.7211375	16.3926631
13.8543425	14.4893331	16.1345381
13.6275775	14.252175	15.8704512
13.6372487	14.2622894	15.8817137
13.7255712	14.3546606	15.9845737
13.5944712	14.2175519	15.8318956
13.9376712	14.5764787	16.23158
12.8599313	13.4493444	14.9764612
14.315695	14.9718306	16.6718194
16.9718175	17.74969	19.7650956
22.7104956	23.7513913	26.4482644
32.78003	34.2824462	38.1750787
58.2767963	60.9478131	67.8681888
1627.57573835489	1631.46221145489	1641.53172585489
71.376815	74.648245	83.1242481
46.2702975	48.3910175	53.88562
28.6961025	30.0113387	33.4190019
20.63163	21.5772456	24.0272537
16.2609737	17.0062669	18.9372606
13.8958169	14.5327106	16.18284
12.5942244	13.1714575	14.667025
12.05698	12.6095906	14.0413588
11.867665	12.4116013	13.8208875
11.9981019	12.5480138	13.97279
12.2522919	12.8138544	14.2688156
13.14651	13.7490575	15.310205
15.7750069	16.4980281	18.3713119
22.1452781	23.1602675	25.7900206
35.3225225	36.94147	41.1360212
43.0616863	45.0353444	50.1489244
36.3450806	38.0108975	42.3268787
24.9748175	26.1194988	29.0852606
17.9986912	18.8236313	20.9609781
13.9228175	14.560945	16.2142825
12.4018881	12.9703088	14.4430338
11.7294994	12.2671013	13.6599819
12.1166875	12.6720363	14.1108925
14.5509463	15.2178631	16.9457888
18.8417844	19.705365	21.9428281
23.7433706	24.8316056	27.6511344
21.7080681	22.7030219	25.2808556
15.1609662	15.8558437	17.6562106
13.3449481	13.9565913	15.5413031
17.0882537	17.8714656	19.9006975
