#?RADIANCE
genskyvec -m 1
NROWS=146
NCOLS=1
NCOMP=3
FORMAT=ascii

3.71074819	3.88082419	4.32147575
18.2415419	19.0776113	21.2437975
18.7121288	19.5697681	21.7918325
19.7415962	20.6464169	22.990735
22.0164162	23.0255013	25.6399525
27.0736887	28.3145663	31.5295681
36.2213531	37.8814969	42.1827856
50.4200225	52.7309394	58.7183206
82.6175212	86.4041519	96.2150019
126.394625	132.187686	147.197053
109.689508	114.716931	127.742579
88.5022994	92.5586562	103.068309
52.44359	54.8472538	61.074935
35.4496731	37.0744488	41.2841
26.9894156	28.2264275	31.4314237
22.1091344	23.1224681	25.7479294
20.051655	20.9706906	23.3518262
18.4345269	19.2794431	21.4685444
18.1672156	18.9998788	21.1572375
17.8631219	18.6818475	20.8030938
18.1367575	18.9680256	21.1217656
18.5103869	19.35878	21.5568888
18.1475406	18.9793012	21.134325
18.0593831	18.8871038	21.0316562
18.5925137	19.44467	21.6525331
17.9362756	18.7583531	20.8882875
18.4740644	19.3207925	21.5145881
17.9912312	18.8158275	20.9522888
18.13328	18.9643881	21.1177169
17.6191431	18.4266856	20.51896
17.8255494	18.6425519	20.7593381
14.9405794	15.625355	17.3995512
14.7418363	15.4175037	17.1680988
16.6993988	17.4647881	19.4478438
18.6237394	19.4773281	21.6888994
23.85149	24.9446819	27.7770494
31.5118131	32.9561044	36.6981344
46.3473969	48.4716506	53.97541
76.8690356	80.3922012	89.5204112
978.567685068407	984.866297068407	1001.18539206841
1063.54291230228	1069.50296230228	1084.94501830228
79.276775	82.9102912	92.3244137
48.3405344	50.5561406	56.2965831
33.1890737	34.7102381	38.6514444
23.7220525	24.8093119	27.6263081
19.0430881	19.9158956	22.1772656
16.3240306	17.0722131	19.0106931
16.1662844	16.9072381	18.8269856
14.4821825	15.1459475	16.8657094
14.2716319	14.9257462	16.6205037
13.8167025	14.4499675	16.0907025
14.0369619	14.6803212	16.3472125
14.3974656	15.0573469	16.7670487
13.7995437	14.4320225	16.0707206
14.7242688	15.39913	17.1476381
14.9210494	15.60493	17.3768075
15.04389	15.7334019	17.519865
14.3835725	15.04282	16.75087
14.5241775	15.18987	16.9146181
14.233675	14.8860531	16.5763031
14.5306006	15.1965837	16.922095
11.1743838	11.6865413	13.0135
11.376665	11.8980963	13.2490756
12.7826881	13.36856	14.8865069
16.8214225	17.5924037	19.58995
23.9618344	25.0600838	27.9055537
39.1454088	40.9395719	45.5880919
63.9644231	66.8961244	74.4919038
479.932944447272	483.611817547272	493.143439447272
52.1777575	54.5692381	60.7653519
31.9759181	33.44148	37.2386237
21.4313463	22.4136162	24.95859
15.4146406	16.1211438	17.951635
12.7199019	13.3028969	14.8133856
11.3531575	11.8735106	13.2217
10.9761246	11.4791969	12.7826125
10.8702416	11.3684594	12.6593031
10.5933099	11.0788344	12.33679
11.0740373	11.5815956	12.89664
10.8046772	11.29989	12.5829462
10.4394212	10.9178931	12.157575
10.7791473	11.2731919	12.5532163
10.8133997	11.3090144	12.593105
10.4441853	10.9228762	12.163125
10.8337324	11.3302762	12.6167844
9.16608231	9.58619438	10.6746671
9.80494038	10.2543318	11.4186694
10.9929192	11.4967594	12.8021687
12.9940456	13.5896044	15.1326494
18.198355	19.032445	21.1935012
23.42554	24.4992094	27.2809944
32.27551	33.7548025	37.5875237
36.6177337	38.2960456	42.644405
28.4783231	29.7835781	33.1653819
21.4727306	22.4568969	25.0067856
15.5460944	16.2586231	18.1047225
11.9420469	12.48939	13.9075094
10.6095703	11.0958412	12.3557288
9.61492581	10.0556096	11.1973813
9.15474294	9.57433519	10.6614606
8.80688125	9.21052913	10.2563482
8.70446344	9.10341769	10.1370735
8.71450094	9.11391556	10.1487629
8.83143519	9.23620912	10.2849419
8.795367	9.1984875	10.2429379
8.83006487	9.23477581	10.2833473
8.88243813	9.28954969	10.3443394
8.81171969	9.21558975	10.261983
9.04244181	9.45688663	10.5306776
8.16521169	8.53945044	9.50907031
8.96958969	9.38069556	10.445835
10.2923055	10.7640352	11.9862481
13.2828306	13.8916262	15.4689631
16.9667931	17.7444369	19.759245
19.1412094	20.0185156	22.2915363
18.0424281	18.86937	21.0119125
13.7300694	14.3593625	15.9898087
11.1182159	11.6277994	12.9480887
9.29678244	9.7228845	10.8268794
8.31258875	8.69358213	9.68070275
7.97801512	8.34367388	9.29106356
7.79800162	8.15540969	9.08142319
7.66548969	8.01682469	8.92710231
7.57557563	7.92278938	8.82238981
7.61003225	7.95882525	8.86251731
7.74082219	8.09560962	9.01483281
7.86174931	8.22207937	9.15566269
7.79098744	8.14807419	9.07325456
8.57815325	8.97131819	9.98997456
10.6016403	11.0875475	12.3464944
12.7412684	13.3252444	14.8382694
11.8806833	12.4252131	13.8360463
9.81573212	10.2656196	11.4312381
8.43832275	8.82507906	9.82713125
7.65614425	8.00705069	8.9162185
7.271301	7.60456881	8.46803656
7.13701981	7.46413281	8.31165469
7.19161994	7.52123562	8.375241
7.29427769	7.6285985	8.49479463
7.56647212	7.91326844	8.81178769
8.37149481	8.75518831	9.7493045
8.70241556	9.10127638	10.1346895
8.05402769	8.42317044	9.37958681
7.232819	7.56432294	8.42322075
7.12480794	7.45136131	8.29743281
7.64978706	8.000402	8.90881488
