#?RADIANCE
genskyvec -m 1
NROWS=146
NCOLS=1
NCOMP=3
FORMAT=ascii

26.6966625	27.9202581	31.0904875
35.7705544	37.4100369	41.6577931
36.567145	38.2431406	42.58549
37.0478306	38.745855	43.1452888
36.7938963	38.4802825	42.84956
34.541255	36.124395	40.2261713
33.8070706	35.3565606	39.3711544
33.5578381	35.0959062	39.0809013
32.5399231	34.0313356	37.8954556
32.10784	33.5794494	37.3922569
36.7097275	38.3922538	42.7515375
36.9180294	38.610105	42.9941238
41.1320181	43.0172356	47.9016675
44.2148294	46.2413406	51.4918569
46.8683256	49.0164569	54.5820763
50.45678	52.76938	58.7611287
53.1963294	55.6344937	61.9515619
52.9078844	55.3328287	61.6156437
51.9534281	54.3346262	60.5041006
48.1936225	50.4024969	56.1254925
45.9309081	48.0360731	53.4903725
41.5792531	43.4849662	48.4225075
38.8964237	40.6791756	45.2981294
35.5668687	37.1970156	41.4205856
34.9555662	36.5576938	40.7086713
34.5062381	36.0877713	40.1853925
34.696295	36.2865387	40.4067262
35.4668287	37.0923919	41.3040806
34.4351337	36.0134106	40.1025856
35.0607094	36.6676581	40.8311188
35.0876125	36.6957931	40.86245
23.0357263	24.09153	26.8270244
21.3855956	22.3657687	24.9053094
23.1756975	24.2379156	26.9900325
22.350715	23.3751231	26.0292719
22.1521712	23.1674794	25.7980519
21.2633569	22.2379244	24.7629513
22.7623656	23.8056394	26.5086731
23.8153594	24.9068956	27.7349706
24.59435	25.7215906	28.6421706
24.5527425	25.6780763	28.5937169
27.8699319	29.1473025	32.4568588
31.41886	32.85889	36.5898825
36.5765863	38.2530113	42.5964838
41.9034094	43.82398	48.800015
46.2295137	48.3483669	53.8381231
50.1204675	52.4176562	58.369465
50.9465862	53.281635	59.3315469
48.6663625	50.8969019	56.6760375
43.4627094	45.4547481	50.6159475
38.0741262	39.8191906	44.3404944
33.58708	35.1264881	39.1149569
29.7740175	31.1386606	34.6743269
25.7343856	26.9138781	29.9698388
24.9363931	26.0793087	29.0405094
23.8174844	24.9091194	27.7374469
23.4105412	24.4835206	27.263525
22.0382112	23.0482944	25.6653337
22.4220038	23.4496787	26.1122944
21.9786481	22.9860006	25.5959663
22.5299406	23.5625612	26.237995
15.7630512	16.4855238	18.3573881
15.2734838	15.9735181	17.7872469
15.3408581	16.0439813	17.8657094
16.2422775	16.9867137	18.9154875
16.5816756	17.3416694	19.310745
17.473255	18.2741119	20.3490631
18.9564487	19.8252856	22.076365
21.5406919	22.5279731	25.0859306
24.5652663	25.6911744	28.6083006
30.7615675	32.1714719	35.82441
38.3464444	40.1039913	44.657635
49.262005	51.5198463	57.3697131
57.3764412	60.0061931	66.8196494
58.5278481	61.2103719	68.1605588
49.74102	52.0208137	57.9275644
39.7316706	41.5527031	46.2708425
30.3783131	31.77065	35.3780781
25.6071669	26.7808269	29.8216813
21.146325	22.1155306	24.6266594
18.6342806	19.4883512	21.7011738
17.3912431	18.1883431	20.2535544
16.6085194	17.3697419	19.3420069
15.6673094	16.385395	18.24589
15.9006506	16.6294294	18.5176344
13.4105444	14.0251944	15.6176994
13.4542744	14.0709275	15.6686238
13.5419525	14.1626237	15.7707325
13.9159988	14.5538156	16.2063431
14.8804375	15.5624562	17.32951
15.7540625	16.4761237	18.3469194
18.0048456	18.8300675	20.9681438
21.3058825	22.2824006	24.8124762
26.8064987	28.0351275	31.2184019
34.1249419	35.689	39.7413387
47.7019369	49.888275	55.5528844
70.7292731	73.9710281	82.3701337
83.8668931	87.7107881	97.6699894
81.0833262	84.7996444	94.428295
64.07052	67.0070838	74.6154619
49.1122256	51.3632013	57.1952825
35.2611863	36.8773225	41.0645919
26.8788606	28.1108062	31.3026731
21.2048119	22.1766981	24.6947712
17.9864575	18.8108338	20.9467287
16.0826562	16.8197788	18.7295956
14.8293131	15.5089881	17.2699712
14.0705475	14.7154469	16.386325
13.7462988	14.3763369	16.0087106
13.4951363	14.1136625	15.7162119
13.4836681	14.1016681	15.702855
14.0789356	14.7242169	16.3960912
15.1446256	15.8387531	17.6371788
17.1444475	17.9302325	19.9661375
22.4061175	23.4330644	26.0937925
29.4930137	30.8447775	34.3470731
47.9945063	50.1942556	55.8936069
75.2660463	78.7157363	87.6535869
3936.99805701724	3942.98956001724	3958.51294501724
3172.49086182292	3178.24532382292	3193.15466782292
70.0820231	73.2941131	81.6163594
41.6787531	43.5890294	48.5383825
27.0720038	28.3128038	31.5276069
20.9512519	21.9115169	24.3994806
16.9890512	17.7677156	19.7851656
14.8220063	15.5013475	17.2614612
13.8867725	14.5232488	16.1723056
15.1032556	15.7954881	17.5890006
16.10784	16.8461156	18.7589231
17.8708788	18.6899606	20.8121313
22.4392069	23.4676694	26.1323269
33.1632856	34.6832694	38.6214113
61.8401475	64.674485	72.0180087
2797.64076165023	2802.51089965023	2815.12899065023
85.1836456	89.087895	99.2034581
45.0817638	47.1480094	52.5014731
27.6332194	28.8997406	32.1811881
18.6673787	19.5229656	21.7397188
16.6365488	17.3990563	19.3746481
20.4301206	21.3664994	23.79258
23.4290288	24.5028581	27.2850575
33.8086631	35.3582281	39.3730087
51.3905019	53.7458981	59.8485237
36.268935	37.9312625	42.2381981
24.7037737	25.8360281	28.7696025
29.6579387	31.0172594	34.5391406
