#?RADIANCE
genskyvec -m 1
NROWS=146
NCOLS=1
NCOMP=3
FORMAT=ascii

26.3429194	27.5503025	30.6785269
36.7840762	38.4700131	42.838125
38.0487087	39.7926069	44.3108925
38.8653656	40.646695	45.26196
38.9196781	40.7034969	45.3252119
36.7583194	38.4430744	42.8081294
35.8604325	37.5040362	41.7624663
35.3377725	36.9574206	41.153785
33.6349581	35.1765588	39.1707137
32.5478081	34.0395819	37.9046369
36.5650994	38.2409981	42.5831081
35.8514406	37.4946306	41.7519913
39.4769688	41.2863287	45.9742231
42.1418238	44.0733219	49.0776663
44.7835538	46.8361325	52.1541838
49.3524706	51.6144581	57.4750681
53.9773744	56.451335	62.8611531
55.6419363	58.1921881	64.7996738
57.4217169	60.0535444	66.8723762
55.5141838	58.0585819	64.6508962
53.0305725	55.4611394	61.7585238
48.51032	50.7337069	56.4943125
44.2982169	46.3285513	51.5889687
40.0243194	41.858765	46.6116575
38.2570994	40.0105494	44.5535825
36.4961906	38.1689331	42.5028587
35.9831431	37.6323719	41.9053731
36.1753244	37.8333581	42.1291825
35.019445	36.6245019	40.7830644
35.5616619	37.1915694	41.4145219
35.8302994	37.4725206	41.7273713
23.9849544	25.0842625	27.9324781
22.4095794	23.436685	26.0978231
24.4169762	25.5360875	28.4356044
23.6361775	24.7195025	27.5263013
23.362955	24.4337562	27.20811
22.1808181	23.1974394	25.8314112
23.5509462	24.6303631	27.4270394
24.1921313	25.3009375	28.173755
24.2443269	25.355525	28.2345419
23.3281656	24.3973725	27.1675937
25.9154581	27.1032481	30.18071
28.6289519	29.9411131	33.3408031
33.2694525	34.7943037	38.7450531
38.2268469	39.9789088	44.5183506
43.2311625	45.2125888	50.3462938
49.8946775	52.1815156	58.1065131
54.2482875	56.7346644	63.1766544
56.3248206	58.9063719	65.5949506
53.216845	55.6559481	61.9754544
47.8119425	50.0033219	55.6809938
41.8914869	43.8115119	48.78613
36.2023394	37.8616138	42.1606444
30.5763369	31.9777538	35.6086944
28.4767206	29.7819044	33.1635181
26.37873	27.587755	30.7202319
25.2916681	26.4508675	29.4542556
23.3665575	24.4375244	27.2123062
23.4049794	24.4777056	27.2570506
22.8228737	23.8689225	26.57914
23.3667844	24.43776	27.2125675
16.4669319	17.221665	19.1771156
15.9191019	16.6487275	18.5391237
15.9255413	16.6554613	18.5466219
16.7763206	17.5452331	19.5374225
16.842245	17.6141806	19.6141975
17.3047738	18.0979069	20.1528506
18.1748594	19.0078738	21.1661412
19.9106019	20.82317	23.187555
21.8187662	22.8187919	25.4097725
26.5351119	27.7513056	30.9023519
32.4900669	33.9791956	37.837395
43.2905538	45.2747025	50.4154594
55.6695206	58.2210406	64.8318
65.4684069	68.4690412	76.24342
63.6200194	66.535935	74.09082
53.2667306	55.7081213	62.0335506
40.1586275	41.9992281	46.7680694
32.3490744	33.8317394	37.6731956
25.4533088	26.6199181	29.6425
21.642615	22.6345656	25.20463
19.3789669	20.2671681	22.5684219
17.9977669	18.8226637	20.9598994
16.6597062	17.4232756	19.401615
16.6872663	17.4520994	19.433715
13.9802275	14.6209875	16.28114
13.8843494	14.5207138	16.1694825
13.7746731	14.4060131	16.0417569
13.9878638	14.6289744	16.2900344
14.6024344	15.2717125	17.0057531
15.1117075	15.8043269	17.598845
16.5482881	17.3067525	19.27186
18.7975969	19.6591525	21.8913694
22.4793937	23.5096994	26.17913
27.5337806	28.7957463	32.065385
37.1585513	38.8616488	43.2742319
54.8512169	57.3652313	63.8788156
71.7116587	74.9984394	83.5142069
92.8305313	97.0852694	108.108906
89.7613781	93.8754456	104.534603
72.1096931	75.4147169	83.97775
49.8986931	52.1857156	58.1111906
35.8086675	37.4498981	41.7021794
26.4287475	27.6400631	30.7784806
21.289165	22.2649181	24.7930094
18.2899644	19.128255	21.3001894
16.2911913	17.0378719	18.9724519
15.1159694	15.8087831	17.6038056
14.533915	15.2000544	16.92596
14.0155556	14.6579363	16.3222844
13.6695275	14.2960481	15.9193044
13.8897338	14.5263463	16.1757544
14.4893262	15.1534194	16.8740281
15.7977775	16.5218419	18.39783
19.2867244	20.1706981	22.4609969
23.9413988	25.0387131	27.8817562
35.9265894	37.5732237	41.83951
53.6501675	56.1091338	62.4800969
96.1975512	100.606621	112.030086
5983.24653296919	5990.10326396919	6007.86846996919
1959.29937516122	1964.21886416122	1976.96484916122
60.0626694	62.81554	69.9479875
35.356035	36.9765187	41.1750481
25.4310244	26.5966113	29.6165494
19.4467681	20.3380787	22.6473837
16.2457075	16.9903031	18.9194819
14.7658912	15.4426606	17.1961125
15.4504813	16.1586281	17.9933737
15.7942131	16.5181131	18.3936762
16.6657356	17.42958	19.4086375
19.6374	20.5374456	22.86939
27.0247869	28.2634225	31.4726169
46.6894694	48.8294012	54.3737806
82.9988631	86.8029775	96.6590975
1952.42283666706	1956.91888536706	1968.56775436706
58.6284919	61.3156312	68.2777694
33.362135	34.8912325	38.8529894
20.9918281	21.9539525	24.4467338
17.7099469	18.5216519	20.6247094
20.527555	21.4683994	23.9060481
21.9998294	23.0081544	25.6206362
29.8198081	31.1865488	34.727655
46.1533619	48.2687225	53.7494381
38.2418544	39.9946044	44.5358288
26.3606731	27.5688694	30.6992025
28.7427869	30.0601631	33.4733738
