#?RADIANCE
genskyvec -m 1
NROWS=146
NCOLS=1
NCOMP=3
FORMAT=ascii

27.1208438	28.3638819	31.5844831
38.5288737	40.2947794	44.8700869
39.5539294	41.3668163	46.0638494
40.1993263	42.0417931	46.8154694
40.08538	41.9226244	46.6827675
37.8219962	39.5555031	44.0468675
36.9308213	38.6234819	43.0090194
36.5271425	38.2013025	42.5389044
35.0998944	36.7086375	40.8767538
34.3820612	35.9579056	40.0407788
38.7789719	40.5563388	45.161345
38.6289375	40.3994275	44.9866162
42.6966963	44.653625	49.7238619
45.7698194	47.8676025	53.3027706
48.6626263	50.8929963	56.6716888
53.0200513	55.4501344	61.7462694
57.1084687	59.7259362	66.5075731
57.6478719	60.2900625	67.1357537
58.1563988	60.8218975	67.7279781
54.9682481	57.4876275	64.0151112
52.29986	54.6969344	60.9075494
47.65842	49.8427619	55.502205
43.9580975	45.9728419	51.1928706
40.0162137	41.8502869	46.6022181
38.79197	40.5699344	45.1764838
37.5784437	39.30079	43.7632338
37.4742469	39.1918162	43.6418856
37.94587	39.6850556	44.1911312
36.8876388	38.5783194	42.9587306
37.4630725	39.1801281	43.6288744
37.6575144	39.3834838	43.8553169
25.2079625	26.3633256	29.3567744
23.49726	24.5742169	27.3645206
25.4978225	26.6664725	29.6943419
24.6425288	25.7719756	28.6982794
24.3808294	25.4982825	28.3935087
23.2769019	24.34376	27.1078919
24.7866431	25.9226963	28.8661138
25.6752775	26.8520606	29.9010006
26.1075331	27.3041275	30.4044006
25.5924994	26.7654856	29.8045975
28.7150344	30.03114	33.4410519
32.0419975	33.5105894	37.3155775
37.2807631	38.9894637	43.4165581
42.8523644	44.8164281	49.9051513
47.99164	50.1912562	55.8902675
53.83949	56.3071312	62.7005756
56.5511225	59.1430487	65.8584981
56.3135894	58.8946263	65.5818712
51.5295412	53.89131	60.0104469
45.6099606	47.7004162	53.1166025
40.0363688	41.8713688	46.6256894
35.0373356	36.6432125	40.8038969
29.9733444	31.3471213	34.9064594
28.4864913	29.7921231	33.1748962
26.8218394	28.0511713	31.2362694
26.0545169	27.2486806	30.3426569
24.32947	25.44457	28.3336975
24.5654362	25.6913512	28.6084975
24.0305094	25.1319063	27.9855306
24.615235	25.7434325	28.6664937
17.358755	18.1543625	20.2157169
16.8040969	17.5742837	19.5697713
16.8368925	17.6085844	19.6079656
17.75858	18.572515	20.6813481
17.96221	18.7854781	20.9184906
18.6677662	19.5233725	21.7401712
19.9012169	20.8133544	23.1766256
22.1747244	23.1910656	25.8243163
24.7724013	25.9078013	28.8495256
30.5676769	31.9686937	35.5986081
37.8336519	39.5676938	44.0604413
49.7788387	52.0603662	57.9716069
61.3289575	64.1398656	71.4226838
67.2640862	70.34702	78.3346344
60.70007	63.4821537	70.6902944
49.3131881	51.573375	57.4293188
37.344905	39.0565444	43.4912569
30.7746931	32.1851963	35.8396956
24.8528644	25.991955	28.9432337
21.5521212	22.5399269	25.0992431
19.7272731	20.6314388	22.9740519
18.5994531	19.4519281	21.6606156
17.4021444	18.1997412	20.2662462
17.5479806	18.3522619	20.436085
14.7824194	15.4599456	17.21536
14.75206	15.4281938	17.1800025
14.7343206	15.4096431	17.159345
15.03982	15.7291425	17.5151244
15.8668269	16.594055	18.4782431
16.5917756	17.35223	19.3225037
18.53041	19.3797206	21.5802069
21.4511744	22.4343531	24.9816812
26.2875094	27.4923531	30.6139969
32.8255831	34.3300875	38.2281288
45.19718	47.268715	52.6358856
67.3457969	70.4324794	78.4297975
84.8093319	88.6964206	98.7675431
95.5195962	99.89758	111.240541
82.1653031	85.9312088	95.688345
63.9241081	66.8539594	74.4449537
44.9566725	47.0171837	52.3557931
33.2598281	34.7842369	38.733845
25.4080775	26.5726144	29.5898256
21.0352887	21.999405	24.4973463
18.4614037	19.3075519	21.4998456
16.7518981	17.5196937	19.5089831
15.7330669	16.4541669	18.32247
15.2543381	15.9534969	17.7649506
14.8598494	15.5409238	17.3055325
14.6632544	15.3353194	17.0765813
15.0915588	15.783255	17.5753781
15.9629825	16.6946188	18.5902231
17.7087169	18.520365	20.6232762
22.3276569	23.3510087	26.0024181
28.5104575	29.8171844	33.202805
44.5634956	46.6059881	51.8979075
68.3575225	71.4905737	79.6080356
2778.76695415741	2784.39248015741	2798.96768215741
4949.68992913431	4956.98419813431	4975.88305413431
93.7058375	98.0006969	109.128275
53.85748	56.3259456	62.7215269
33.3290156	34.8565931	38.8144169
24.8913413	26.0321931	28.9880419
19.6131612	20.5120969	22.8411612
16.753925	17.5218144	19.5113456
15.4700525	16.1790956	18.0161656
16.5186087	17.2757119	19.2372956
17.2402375	18.0304163	20.0776962
18.6243063	19.4779194	21.6895581
22.614425	23.6509194	26.3363844
32.2723406	33.7514881	37.5838312
58.1501669	60.8153806	67.720715
2257.20720100608	2261.96877500608	2274.30557300608
103.280483	108.014173	120.278757
55.9979431	58.5645137	65.2142738
32.9246344	34.4336781	38.3434819
21.4139913	22.395465	24.9383781
18.5750487	19.4264037	21.6321925
22.202805	23.2204337	25.8570188
24.6035394	25.7311994	28.6528731
34.4716538	36.0516031	40.145115
53.3087781	55.7520938	62.0825181
40.6990706	42.5644419	47.3974619
27.73659	29.00785	32.3015719
31.7760987	33.2325006	37.0059163
