#?RADIANCE
genskyvec -m 1
NROWS=146
NCOLS=1
NCOMP=3
FORMAT=ascii

0.915528431	0.95749015	1.06620894
3.33677462	3.48971006	3.88595238
3.07508975	3.21603106	3.58119831
2.96113125	3.09684969	3.448484
2.90799325	3.04127606	3.38660056
2.994597	3.13184937	3.48745787
2.94360875	3.07852412	3.42807787
2.91622281	3.04988306	3.39618469
2.93445481	3.0689505	3.41741744
3.08104388	3.22225838	3.58813256
2.83139725	2.96116937	3.29739794
3.03799137	3.17723263	3.53799437
2.93263206	3.06704444	3.41529475
2.97157994	3.10777762	3.46065263
3.07482337	3.21575269	3.58088825
3.098563	3.24058044	3.60853512
3.3837255	3.53881288	3.94063056
3.30340775	3.45481381	3.84709362
3.78035794	3.95362419	4.40254206
4.19273756	4.38490444	4.88279244
4.38992606	4.59113075	5.11243475
5.13481075	5.370156	5.97991538
5.35071294	5.595954	6.23135144
5.97460369	6.24843956	6.95792431
5.85582837	6.12422025	6.81960025
4.97251413	5.20042119	5.79090763
4.59589469	4.80653981	5.35230269
4.09482556	4.28250481	4.76876569
3.95099256	4.1320795	4.60126012
3.60800769	3.77337469	4.20182575
3.46621938	3.62508763	4.03670137
3.81183625	3.98654544	4.43920119
3.71904031	3.88949619	4.33113256
3.5633355	3.72665512	4.14980144
3.51283519	3.67383994	4.0909895
3.46565162	3.62449369	4.03604006
3.4683305	3.62729544	4.03916006
3.41058287	3.566901	3.97190806
3.38156969	3.53655831	3.93811994
3.39999406	3.555827	3.95957681
3.48606462	3.64584269	4.05981312
3.48291381	3.64254744	4.05614356
3.51574787	3.67688638	4.09438163
3.52791363	3.68960944	4.10854963
3.625016	3.79116237	4.22163344
3.75011637	3.92199669	4.3673235
3.94003544	4.12062019	4.58849969
4.07204069	4.25867575	4.74223112
4.43670975	4.64005875	5.16691838
4.805888	5.02615769	5.59685738
5.21332831	5.45227244	6.07135556
5.63592225	5.89423506	6.56350138
6.11605819	6.3963775	7.12265994
6.43366506	6.72854119	7.4925395
6.31237931	6.60169644	7.351292
5.87112969	6.14022294	6.83742
5.42182531	5.67032562	6.31416763
4.97951144	5.207739	5.7990565
4.57145444	4.78097937	5.32383987
4.27293875	4.4687815	4.97619338
4.01829675	4.2024685	4.67964144
4.04664738	4.2321185	4.71265819
3.94117081	4.12180762	4.58982219
3.81825775	3.99326112	4.44667944
3.70448237	3.874271	4.3141785
3.66752212	3.83561669	4.27113525
3.64393338	3.81094681	4.24366431
3.64055413	3.80741281	4.239729
3.64681544	3.81396106	4.24702075
3.69978844	3.86936175	4.30871187
3.73376744	3.90489825	4.3482835
3.81447413	3.98930406	4.44227325
3.959621	4.14110331	4.61130881
4.17823544	4.36973775	4.8659035
4.46449094	4.66911338	5.19927194
4.8262295	5.04743162	5.62054669
5.24221981	5.482488	6.10500219
5.74545462	6.00878775	6.69106094
6.10544281	6.38527556	7.11029744
6.18143444	6.46474994	7.19879569
5.899432	6.1698225	6.87038062
5.48988244	5.741502	6.393426
5.07156094	5.30400725	5.90625556
4.65590575	4.8693015	5.42219056
4.32563644	4.52389444	5.03756419
4.23095681	4.42487563	4.92730219
4.07237656	4.259027	4.74262194
3.96280519	4.14443363	4.61501712
3.89270625	4.07112213	4.53338119
3.82770069	4.00313663	4.45767662
3.81524	3.99010506	4.44316525
3.81549463	3.99037125	4.44346169
3.81904206	3.99408137	4.447593
3.8612925	4.03826813	4.496797
3.90496262	4.08393987	4.5476545
4.00306281	4.18653638	4.66190044
4.15973081	4.35038525	4.84435356
4.29797425	4.49496462	5.00534919
4.56777806	4.77713438	5.31955838
4.87132056	5.09458931	5.67305919
5.15646281	5.3928005	6.00513106
5.48502631	5.73642331	6.38777069
5.71799044	5.98006481	6.65907663
5.81576088	6.0823165	6.77293875
5.66186256	5.92136419	6.593711
5.39021263	5.63726381	6.277352
5.02401956	5.25428713	5.85089
4.71169281	4.92764525	5.48715919
4.4572115	4.66150025	5.19079456
4.35110212	4.55052737	5.06722113
4.15952675	4.35017156	4.84411581
4.05488138	4.24073	4.72224769
3.97024	4.15220906	4.62367544
3.94325556	4.12398794	4.59224975
3.95711863	4.13848656	4.60839462
3.98656775	4.16928519	4.6426905
4.07941481	4.26638788	4.75081894
4.20130269	4.39386231	4.8927675
4.40526075	4.60716837	5.13029356
4.63489981	4.84733244	5.39772731
4.93451844	5.16068356	5.74665831
5.22760719	5.46720556	6.08798444
5.39655887	5.64390113	6.284743
5.32739944	5.57157181	6.20420119
5.12981556	5.36493213	5.97409813
4.85626588	5.07884462	5.65552656
4.57311769	4.78271856	5.32577681
4.38145588	4.58227244	5.10257063
4.22775994	4.42153206	4.92357894
4.10493225	4.293075	4.78053594
4.06828937	4.25475269	4.73786244
4.12807038	4.31727362	4.80748225
4.26658713	4.46213894	4.96879656
4.45327631	4.65738469	5.1862115
4.68254119	4.89715731	5.45320962
4.95976494	5.18708719	5.77605981
5.02307869	5.25330306	5.84979406
4.90865056	5.13363038	5.71653281
4.6264075	4.83845094	5.38783737
4.44302738	4.64666619	5.17427594
4.30367663	4.50092831	5.01199038
4.3084255	4.50589488	5.01752075
4.443323	4.64697538	5.17462031
4.65015969	4.86329175	5.41549875
4.6676385	4.88157169	5.43585419
4.45454513	4.65871169	5.18768925
