#?RADIANCE
genskyvec -m 1
NROWS=146
NCOLS=1
NCOMP=3
FORMAT=ascii

16.0060106	16.7396194	18.6403337
33.0589613	34.5741619	38.4999175
32.7194231	34.2190625	38.1044987
33.1110688	34.6286594	38.5606013
34.1845169	35.7513062	39.8107194
36.2288344	37.88932	42.1914981
39.8145381	41.63937	46.3673506
44.9498525	47.0100512	52.3478512
53.87375	56.3429613	62.7404737
66.2211219	69.256255	77.12002
72.7787613	76.1144513	84.7569363
85.3243369	89.2350344	99.3673088
78.9385875	82.5566044	91.9305656
69.6330069	72.8245181	81.093445
59.6190875	62.3516269	69.4313987
49.319435	51.5799069	57.4365938
43.0938469	45.0689781	50.1863769
38.2652888	40.0191131	44.5631188
35.4772837	37.103325	41.3162563
33.2526469	34.7767256	38.7254812
33.5868875	35.1262869	39.1147306
33.2870931	34.81275	38.7655956
33.4505894	34.98374	38.9560006
33.1383931	34.6572363	38.5924225
34.7467912	36.3393494	40.4655337
34.7857719	36.3801181	40.5109325
35.86499	37.5088	41.7677706
35.4929656	37.119725	41.3345175
34.7669681	36.3604531	40.4890325
33.7829825	35.3313675	39.3431013
33.0676806	34.5832825	38.51007
24.6468887	25.776535	28.7033562
23.3549119	24.4253431	27.1987431
25.5799456	26.75236	29.7899813
26.450075	27.6623712	30.8033187
29.5640862	30.919105	34.4298412
33.1651544	34.6852237	38.6235888
40.2565531	42.1016456	46.8821138
51.1350987	53.4787875	59.5510844
67.2395569	70.3213687	78.3060712
85.7136237	89.6421612	99.82066
98.8998319	103.432745	115.177094
96.0995619	100.504129	111.915944
79.3238119	82.9594831	92.3791925
61.0436919	63.8415263	71.0904706
47.72122	49.90844	55.5753406
37.2012338	38.90629	43.3239406
33.5209156	35.0572887	39.0379
27.7601819	29.0325225	32.3290469
25.5885681	26.7613756	29.8000212
23.7988225	24.8896006	27.7157119
23.6657575	24.7504369	27.5607494
24.1200725	25.2255762	28.0898369
22.9846662	24.0381294	26.7675606
25.0516406	26.1998394	29.1747231
25.6808487	26.8578856	29.9074888
26.1460894	27.3444513	30.4493006
24.8478444	25.9867031	28.9373869
25.110215	26.2610994	29.24294
24.2563269	25.3680744	28.2485156
24.4672819	25.5886987	28.49419
17.50627	18.3086412	20.3875119
17.4594588	18.2596838	20.3329969
18.8405438	19.7040681	21.9413837
22.59542	23.6310419	26.3142512
27.9653787	29.2471219	32.5680131
38.3862619	40.14563	44.7040031
56.7939906	59.3970481	66.1413388
88.5660187	92.6253025	103.142522
1192.18857027639	1197.79759627639	1212.33009627639
109.948364	114.987678	128.04405
74.1275344	77.5250431	86.3276969
45.4070019	47.4881544	52.8802394
31.7054719	33.1586394	36.9236675
24.5018825	25.6248838	28.5344844
20.7311794	21.6813588	24.1431881
18.9053094	19.7718025	22.0168088
17.4436469	18.2431456	20.3145806
17.9369931	18.7591044	20.8891256
17.3380012	18.1326594	20.1915481
16.692905	17.4579963	19.4402806
17.4077319	18.2055862	20.2727556
17.5026113	18.3048131	20.3832506
16.7242456	17.4907725	19.47678
17.3152613	18.1088762	20.1650656
14.264135	14.9179069	16.611775
15.1781694	15.873835	17.6762456
16.79416	17.5638913	19.5582006
19.3052206	20.1900438	22.48254
25.8593344	27.0445531	30.1153519
33.15638	34.6760481	38.6133719
54.2277762	56.713215	63.1527675
90.2950263	94.43355	105.15609
4308.17857259676	4314.70499659676	4331.61439759676
1878.34236447821	1883.62667147821	1897.31783147821
67.48711	70.5802688	78.5943681
41.0341587	42.9148894	47.7877
30.3042919	31.6932381	35.2918769
22.0335769	23.0434469	25.6599362
18.1074794	18.9374044	21.08767
15.9679037	16.699765	18.5959556
14.6729581	15.3454694	17.0878837
14.0896681	14.7354444	16.4085938
13.9473056	14.5865569	16.2428006
13.7635975	14.39443	16.0288575
13.7946694	14.4269244	16.0650425
13.8878388	14.5243644	16.1735462
13.7550544	14.3854937	16.0189075
14.100575	14.7468506	16.4212956
13.0497437	13.6478575	15.1975156
14.5831294	15.2515212	16.98327
17.3789556	18.1754912	20.2392438
23.4667875	24.5423487	27.3290319
34.1075644	35.6708256	39.7211012
59.5631556	62.2931325	69.3662637
81.855295	85.6070013	95.3273206
64.6173881	67.5790138	75.2523369
42.485745	44.4330075	49.4781931
26.9547394	28.1901631	31.3910419
19.75335	20.6587125	23.0044244
15.8626556	16.5896944	18.4733856
13.7525919	14.3829194	16.01604
12.5978225	13.1752225	14.6712137
12.1255375	12.6812906	14.1211994
11.9824763	12.5316725	13.9545925
12.1397181	12.6961219	14.1377144
12.4099325	12.9787237	14.4524037
13.3012894	13.9109312	15.49046
15.9581137	16.6895281	18.5845544
22.422075	23.4497519	26.1123763
35.2591081	36.8751494	41.0621712
41.3312381	43.2255856	48.133675
33.9248762	35.4797644	39.5083481
23.6152387	24.6976025	27.501915
17.3696712	18.1657806	20.2284312
13.7159238	14.3445706	15.9733363
12.3676512	12.9345012	14.4031606
11.804535	12.3455763	13.747365
12.2173837	12.7773481	14.2281625
14.5521094	15.2190813	16.9471456
18.6846906	19.5410713	21.75988
23.0462962	24.102585	26.8393344
20.8647006	21.8209994	24.2986837
14.9007469	15.5836969	17.3531638
13.2868987	13.8958825	15.4737025
16.8127463	17.58333	19.5798463
