#?RADIANCE
genskyvec -m 1
NROWS=146
NCOLS=1
NCOMP=3
FORMAT=ascii

1.96444319	2.05448006	2.28775762
14.98685	15.6737463	17.4534362
15.2763787	15.9765463	17.7906175
15.9598031	16.6912925	18.5865206
17.8041825	18.6202081	20.7344544
22.3952287	23.4216756	26.0811119
30.2390238	31.6249788	35.2158656
42.6715037	44.6272794	49.6945225
72.9566956	76.3005481	84.9641594
487.788342802346	493.116265802346	506.920423802346
84.4423987	88.31267	98.3402162
62.672605	65.5450994	72.9874787
36.3895281	38.0573812	42.3786406
25.3549013	26.5170006	29.5278969
20.1979494	21.1236894	23.5221969
16.88206	17.6558181	19.660565
15.9789856	16.7113544	18.6088594
14.3867912	15.0461837	16.7546169
14.7613681	15.4379319	17.1908444
14.5609787	15.2283544	16.9574731
14.3160663	14.9722187	16.6722512
14.9024063	15.5854331	17.3550956
14.2459719	14.8989113	16.59062
14.428075	15.0893606	16.8026956
14.5914213	15.260195	16.9929269
13.8555125	14.4905556	16.1359012
14.3481788	15.0058038	16.7096519
13.92823	14.5666075	16.2205863
14.5357875	15.2020106	16.9281344
14.1694731	14.818905	16.5015313
14.6167931	15.2867275	17.0224731
13.6193831	14.2436044	15.8609069
13.4997469	14.1184863	15.7215819
15.128085	15.8214563	17.6179156
16.8540894	17.6265681	19.6279925
21.3534263	22.3321238	24.8678462
27.9594287	29.2409	32.5610844
40.9213687	42.79693	47.6563469
67.3469925	70.4337269	78.4311919
698.844347511266	704.241451511266	718.224844511266
455.563881835112	459.346991835112	469.148701835112
54.2939731	56.782445	63.2298594
34.9150994	36.515375	40.6615456
25.3453744	26.5070375	29.5168038
19.0678694	19.9418137	22.206125
16.0393906	16.7745294	18.6792088
14.3043575	14.9599737	16.6586187
14.35895	15.0170662	16.7221919
13.0461025	13.6440469	15.1932725
12.9032294	13.4946281	15.0268881
12.5098894	13.0832606	14.56881
12.6089619	13.1868712	14.6841869
12.8423119	13.4309175	14.9559444
12.3017937	12.8656244	14.326465
12.9706213	13.5651081	15.1053694
13.1782181	13.78222	15.3471344
13.2905162	13.899665	15.4779144
12.8348488	13.4231119	14.9472513
13.0133875	13.6098356	15.1551756
12.878105	13.4683525	14.9976281
13.2339619	13.8405188	15.4120519
9.91490213	10.3693344	11.5467294
9.95651737	10.4128584	11.5951962
11.0454009	11.5516488	12.8632906
14.4339806	15.0955375	16.8095731
19.9176894	20.8305831	23.1958106
30.9507769	32.3693525	36.0447594
45.5724056	47.6611394	53.0728669
49.8010644	52.0836138	57.9974937
33.0201019	34.5335225	38.4546625
22.0601725	23.0712644	25.6909106
15.8965212	16.6251113	18.5128238
12.4270444	12.9966175	14.47233
10.7484069	11.241041	12.5174175
9.79942656	10.2485668	11.41225
9.65217937	10.0945704	11.2407673
9.60416988	10.0443609	11.1848588
9.27403894	9.69909781	10.800391
9.75500962	10.2021136	11.360522
9.42082781	9.85261606	10.9713393
9.01789281	9.43121275	10.5020884
9.40813344	9.83933887	10.9565568
9.50397325	9.93957206	11.0681706
9.15690581	9.57659737	10.6639799
9.601996	10.0420884	11.1823253
7.40750137	7.7470115	8.62665319
7.88570238	8.24713006	9.18355813
8.59284469	8.98668331	10.0070831
9.99848681	10.4567505	11.6440708
13.4634125	14.0804837	15.6792662
16.5368494	17.2947869	19.2585394
20.7468244	21.69772	24.1614062
22.4112975	23.4384812	26.0998225
17.5145206	18.3172713	20.3971206
13.9108762	14.5484575	16.2003756
10.7304566	11.2222697	12.4965112
8.68073719	9.07860431	10.1094422
8.0801805	8.45052188	9.41004406
7.65489875	8.00574819	8.91476806
7.42041887	7.76052125	8.6416965
7.10744594	7.43320356	8.27721356
7.03379588	7.35617794	8.19144175
7.05085144	7.37401525	8.21130463
7.18254481	7.5117445	8.3646725
7.13705138	7.46416612	8.31169162
7.19065244	7.52022369	8.37411431
7.27639863	7.60990006	8.47397306
7.18563037	7.5149715	8.36826581
7.44390931	7.7850885	8.66905319
5.98292544	6.25714287	6.96761575
6.47739281	6.77427312	7.54346406
7.15486475	7.482796	8.33243688
8.91203094	9.32049925	10.3788031
10.7947084	11.2894648	12.5713379
11.4460023	11.9706097	13.3298244
10.7933427	11.2880374	12.5697469
8.68136738	9.07926306	10.1101766
7.37476294	7.71277263	8.58852663
6.53133125	6.83068369	7.60627994
5.90933381	6.18017806	6.88191194
5.87021288	6.13926412	6.8363525
5.80601688	6.07212594	6.76159087
5.68044463	5.94079831	6.61535137
5.56426725	5.819296	6.48005338
5.61192737	5.86914044	6.53555737
5.76018706	6.02419575	6.70821837
5.82613138	6.09316225	6.78501587
5.25079056	5.49145181	6.11498363
5.54147	5.79545381	6.453504
6.60438444	6.90708519	7.69135663
7.60805475	7.956757	8.86021456
7.02399787	7.34593075	8.18003112
6.03828538	6.31503994	7.03208681
5.45808013	5.70824181	6.35638931
5.08263575	5.31558969	5.91915325
4.94347156	5.17004712	5.75708494
4.84860087	5.07082825	5.64659975
4.94840675	5.1752085	5.76283213
4.91824231	5.14366175	5.7277035
4.73447319	4.9514695	5.51368875
5.05566769	5.28738556	5.8877465
5.17819956	5.41553356	6.03044537
4.92501812	5.15074788	5.73559431
4.52875319	4.73632075	5.27411062
4.52867506	4.73623937	5.27401975
4.64246881	4.85524837	5.40654181
