#?RADIANCE
genskyvec -m 1
NROWS=146
NCOLS=1
NCOMP=3
FORMAT=ascii

23.8619306	24.9556012	27.7892069
36.644185	38.3237112	42.6752075
37.0570494	38.7554988	43.1560262
37.4373925	39.1532712	43.5989631
37.7771944	39.5086475	43.9946931
37.2887512	38.9978169	43.4258606
36.7741169	38.4595969	42.8265256
36.8287475	38.51673	42.8901456
35.7172481	37.3542856	41.5957125
35.5178338	37.1457344	41.3634794
36.9689563	38.6633662	43.0534306
36.892765	38.5836819	42.9647
38.2498294	40.0029444	44.5451156
39.7836287	41.6070437	46.3313544
41.8997988	43.8202056	48.7958112
45.6508213	47.74315	53.1641875
52.1901894	54.5822388	60.7798275
54.7480481	57.2573325	63.75867
63.2891675	66.18992	73.705515
68.0489906	71.1679006	79.2487231
65.6547487	68.6639225	76.4604312
64.6295406	67.5917269	75.2664913
56.4205675	59.0065094	65.7064556
51.5106163	53.871515	59.9884081
46.5761769	48.7109175	54.2418419
41.4228256	43.3213719	48.240335
39.6310187	41.4474375	46.1536269
37.8816375	39.6178788	44.1163256
36.8983012	38.5894712	42.9711481
36.1848919	37.8433656	42.140325
36.129595	37.7855319	42.075925
28.4477931	29.7516481	33.1298256
26.9723312	28.20856	31.4115269
28.6890469	30.0039606	33.4107875
28.2028	29.49543	32.8445131
28.1071844	29.3954281	32.7331588
27.11398	28.3567031	31.5764925
28.4556625	29.7598787	33.1389919
28.9903944	30.3191212	33.7617325
28.6350181	29.9474569	33.3478669
26.9075769	28.1408394	31.3361162
28.5770656	29.8868475	33.2803762
30.1290931	31.51001	35.0878406
33.6238056	35.164895	39.1577256
37.31739	39.0277706	43.4592138
42.0703506	43.9985738	48.9944325
50.6976513	53.0212919	59.0416437
59.5587412	62.2885163	69.3611231
70.89729	74.1467475	82.565805
77.9515731	81.5243513	90.7811075
77.7921362	81.3576063	90.59543
70.2129744	73.4310644	81.7688625
58.9591756	61.6614694	68.6628762
48.4514062	50.6720956	56.4257056
41.6937825	43.6047475	48.5558856
36.786975	38.4730425	42.8414981
33.8511269	35.4026344	39.4224581
30.4818044	31.8788856	35.4986
29.4129931	30.7610869	34.2538825
28.1717725	29.4629775	32.8083787
28.2287463	29.5225644	32.8747281
21.2664919	22.2412063	24.766605
20.5404531	21.4818894	23.9210706
20.4467694	21.3839125	23.8119669
21.3384212	22.3164337	24.8503719
21.2900663	22.2658606	24.7940575
21.4855531	22.4703063	25.0217175
21.8042063	22.8035656	25.3928169
22.6744044	23.7136487	26.4062363
23.2611056	24.3272406	27.0895
26.3214175	27.5278162	30.6534875
30.2482706	31.6346488	35.2266325
39.1343687	40.9280275	45.5752363
52.5826225	54.9926587	61.2368488
71.9075938	75.2033569	83.7423931
92.1466681	96.3700525	107.312485
95.9178475	100.314085	111.704341
77.4559044	81.0059644	90.2038612
58.4208306	61.09845	68.0359281
42.0498469	43.9771294	48.9705525
33.4343656	34.9667725	38.9371075
27.9472781	29.228195	32.5469363
24.8964406	26.0375269	28.99398
22.3984344	23.4250275	26.0848425
21.8644631	22.8665831	25.4629894
18.3266331	19.1666025	21.3428925
18.0099881	18.8354463	20.9741356
17.6288038	18.43679	20.5302125
17.7182494	18.5303356	20.6343781
18.0524581	18.8798619	21.0235912
18.1978625	19.0319312	21.1929287
18.7891119	19.6502788	21.8814869
20.0444944	20.9632006	23.3434862
21.9815925	22.9890806	25.5993969
24.9917413	26.137195	29.1049669
30.8128044	32.2250581	35.88408
41.6431075	43.5517475	48.4968706
54.8987125	57.4149	63.9341275
86.6938594	90.66732	100.962219
1918.72673335385	1924.53649835385	1939.58906135385
2303.54074779884	2310.18137279884	2327.38674779884
104.618676	109.413718	121.83718
69.1185263	72.2864563	80.4942856
45.6774288	47.770975	53.1951744
33.5152281	35.0513419	39.0312794
26.9187406	28.1525162	31.3491181
22.7875794	23.8320081	26.5380369
20.5199544	21.4604512	23.8971969
19.38722	20.2757981	22.5780337
17.9388844	18.7610831	20.8913269
17.1115275	17.8958069	19.9278019
16.853325	17.6257675	19.6271019
17.0215531	17.801705	19.8230169
17.6324637	18.4406187	20.534475
19.41434	20.3041631	22.6096175
22.0048863	23.0134444	25.626525
28.6915794	30.0066075	33.4137363
38.28654	40.0413381	44.5878687
61.2325588	64.0390481	71.3104206
95.1419763	99.5026444	110.800748
5106.46658873675	5113.56803873675	5131.96722673675
116.365568	121.698997	135.517413
60.7726331	63.5580462	70.7748025
39.4888963	41.2988031	45.9881125
27.8696562	29.1470144	32.4565394
22.0745138	23.0862625	25.7076138
19.3606069	20.2479663	22.5470406
18.8107106	19.6728662	21.9066406
18.1988981	19.0330138	21.1941356
18.1493988	18.9812456	21.1364887
19.6162406	20.5153169	22.8447469
23.83528	24.9277287	27.7581712
34.8445031	36.4415413	40.57933
54.6268225	57.1305494	63.6174894
76.8561088	80.3786812	89.5053537
77.4177562	80.9660612	90.1594294
46.3123219	48.4349669	53.9345588
28.1960163	29.4883325	32.8366113
22.2166956	23.2349625	25.8731987
23.0327319	24.0883981	26.8235375
22.5768188	23.6115875	26.2925881
27.2028013	28.4495962	31.67993
38.7788406	40.5562031	45.1611931
40.1081344	41.9464231	46.7092662
30.6467356	32.0513787	35.6906819
28.9219887	30.2475788	33.6820675
