#?RADIANCE
genskyvec -m 1
NROWS=146
NCOLS=1
NCOMP=3
FORMAT=ascii

24.5181431	25.6418913	28.5534225
37.1481063	38.8507281	43.2620687
37.4907394	39.2090637	43.6610931
37.8162106	39.5494525	44.0401306
38.0308969	39.7739762	44.2901488
37.3072038	39.0171163	43.4473494
36.8104819	38.4976281	42.8688775
36.9365513	38.6294744	43.0156925
35.9852463	37.6345694	41.90782
35.9469606	37.5945269	41.863235
38.0872362	39.8328987	44.3557625
38.3115125	40.0674537	44.6169519
40.3216794	42.1697544	46.9579588
42.3585163	44.2999487	49.3300244
44.8378925	46.8929606	52.2174631
48.6882219	50.9197638	56.7014925
54.6243744	57.1279894	63.6146388
55.8166837	58.3749475	65.0031856
61.1718962	63.975605	71.2397738
61.5405256	64.3611312	71.6690744
58.2950919	60.9669475	67.8894944
55.6301381	58.1798519	64.7859363
49.7141381	51.9927012	57.8962588
45.81855	47.9185644	53.3595225
43.0273631	44.9994494	50.1089525
39.7979006	41.6219694	46.3479737
38.9781475	40.7646431	45.3933025
37.9723881	39.7127869	44.2220125
37.1648569	38.8682438	43.2815737
36.6995437	38.3816031	42.7396756
36.6372225	38.3164294	42.6671013
28.0581813	29.3441806	32.6760919
26.4932531	27.7075263	30.8536025
28.2288925	29.5227156	32.8748994
27.6582287	28.925895	32.2103131
27.5580769	28.8211531	32.0936763
26.6110938	27.8307681	30.9908375
28.0682981	29.3547613	32.6878738
28.8094275	30.12986	33.5509812
28.7858375	30.1051863	33.5235088
27.4218762	28.6787112	31.9350606
29.6071681	30.9641631	34.4800163
31.7763406	33.2327544	37.0062
35.966765	37.6152425	41.8862987
40.4782594	42.3335137	47.1403125
45.6814244	47.7751563	53.1998306
53.7871187	56.2523606	62.6395869
60.2670625	63.0293	70.18602
66.3964406	69.43961	77.3241913
66.2729856	69.310495	77.1804194
61.799305	64.6317706	71.9704431
54.5802969	57.0818931	63.5633087
46.7910756	48.9356656	54.4921113
39.5238356	41.3353425	46.0288013
36.0322731	37.6837506	41.9625863
33.1418613	34.6608637	38.5964625
31.4748225	32.9174175	36.6550563
28.9798388	30.30808	33.7494394
28.5182275	29.8253112	33.2118531
27.555235	28.8181825	32.0903694
27.7793775	29.0525981	32.3514012
20.6412244	21.5872806	24.0384281
19.9612556	20.8761456	23.2465456
19.9104237	20.8229838	23.1873475
20.8354863	21.7904475	24.2646619
20.8913206	21.8488412	24.329685
21.2799631	22.2552944	24.7822919
21.9083231	22.9124531	25.51407
23.2475444	24.313055	27.073705
24.4632238	25.5844538	28.4894637
28.5243063	29.8316687	33.2189344
33.7550437	35.3021487	39.3105625
44.3684031	46.4019531	51.6707031
58.4184119	61.0959231	68.033115
73.6780506	77.0549569	85.8042325
79.9747525	83.6402575	93.1372712
71.9570325	75.2550619	83.7999681
55.39323	57.932085	64.5100356
43.7277938	45.73198	50.9246619
33.6583288	35.2010012	39.1979306
28.22714	29.5208831	32.8728581
24.9842112	26.1293206	29.0961975
23.0692644	24.1266063	26.8660844
21.23877	22.2122119	24.7343194
21.0689037	22.0345594	24.5364956
17.6574119	18.4667087	20.5635287
17.4751825	18.2761275	20.3513075
17.2163475	18.0054313	20.049875
17.3890369	18.1860331	20.2509837
17.8939325	18.7140687	20.8389769
18.2208544	19.0559756	21.219705
19.2361656	20.1178237	22.4021194
21.0435356	22.00803	24.5069531
23.9414025	25.0387175	27.8817587
28.1810669	29.4726975	32.8192019
36.3365025	38.0019237	42.3168863
51.3179194	53.6699875	59.763995
67.5625625	70.6591756	78.6822363
97.6969419	102.174713	113.776243
113.357313	118.552869	132.01405
100.522998	105.130309	117.067411
70.5847587	73.8198906	82.2018375
49.5867956	51.8595225	57.7479581
35.4241569	37.0477619	41.2543831
27.8094187	29.0840156	32.3863875
23.5451062	24.6242575	27.4202394
20.812805	21.7667256	24.2382475
19.2207006	20.1016469	22.3841062
18.4644531	19.31074	21.5033963
17.2777681	18.0696656	20.1214013
16.7285506	17.4952781	19.4817931
16.7128875	17.4788956	19.4635512
17.1270675	17.91206	19.9458994
18.1107687	18.9408444	21.0915012
20.8286456	21.7832913	24.2566944
24.6187706	25.74713	28.6706106
34.3726388	35.94805	40.029805
48.4013013	50.6196931	56.3673525
81.4518625	85.1850738	94.8574763
3535.00342290771	3540.91372290771	3556.22671690771
3496.26672362466	3502.75203562466	3519.55487362466
82.9337362	86.7348638	96.5832431
47.249565	49.4151687	55.0260575
32.866355	34.3727281	38.2756119
24.5521825	25.6774906	28.5930644
20.28801	21.2178744	23.6270794
18.3129556	19.1522987	21.3269625
18.3859894	19.22868	21.4120175
18.2909219	19.129255	21.3013044
18.7511181	19.6105437	21.8372419
21.081965	22.0482212	24.5517069
27.1870206	28.4330906	31.6615525
43.1037988	45.0793881	50.1979669
71.5229425	74.8010731	83.2944331
1909.61522335566	1913.92469965566	1925.09013375566
71.4934337	74.7702137	83.2600681
41.2871631	43.1794925	48.0823438
25.7473963	26.9274831	29.9849912
21.2139538	22.1862594	24.7054194
23.2909213	24.3584206	27.1242181
23.9052025	25.0008575	27.8396006
30.5546606	31.9550838	35.5834506
45.4366838	47.519195	52.9148056
41.9920706	43.9167056	48.9032694
30.3302406	31.7203756	35.3220937
30.9300375	32.3476637	36.0206087
