#?RADIANCE
genskyvec -m 1
NROWS=146
NCOLS=1
NCOMP=3
FORMAT=ascii

20.5927988	21.5366363	23.9820313
32.6233431	34.1185788	37.992605
31.80392	33.2615994	37.0383188
31.7907938	33.2478712	37.02303
31.8888481	33.3504194	37.1372225
31.7747	33.2310406	37.0042869
33.7577594	35.3049881	39.313725
36.5364619	38.2110462	42.5497544
40.7712381	42.6399156	47.4815038
46.3902138	48.51643	54.0252706
53.9434275	56.4158325	62.82162
60.7026944	63.4849	70.6933506
63.04926	65.939015	73.4261212
60.956285	63.7501125	70.9886762
55.9197169	58.4827012	65.1231725
49.3946263	51.6585463	57.5241631
43.4495662	45.441005	50.6006444
39.4480644	41.2560994	45.9405594
35.0699125	36.6772819	40.8418394
31.9746719	33.4401756	37.23717
32.4241894	33.9102944	37.7606687
30.8875944	32.3032725	35.9711762
31.8605406	33.3208169	37.1042581
31.2034106	32.6335656	36.3389725
33.5926488	35.1323119	39.1214412
35.2157219	36.8297763	41.0116462
36.5851219	38.2619375	42.6064219
37.2034837	38.9086413	43.3265588
35.38706	37.0089663	41.2111825
34.6953019	36.2855	40.4055713
33.1384494	34.6572944	38.5924894
21.3229519	22.3002525	24.8323538
19.6046969	20.5032462	22.831305
21.2623606	22.2368862	24.7617931
21.3065794	22.2831287	24.8132881
22.9847787	24.0382475	26.7676925
24.67726	25.8083006	28.7387275
28.8340588	30.1556181	33.579665
34.4432244	36.0218713	40.1120075
42.0934675	44.02275	49.0213544
50.4719062	52.7852006	58.7787431
60.6414794	63.4208788	70.6220594
66.4993831	69.5472706	77.4440794
63.5533988	66.4662631	74.0132325
55.6319419	58.1817381	64.7880369
46.1715294	48.2877238	53.7705956
36.6552425	38.3352719	42.6880856
32.4156506	33.9013675	37.75073
26.2970569	27.5023381	30.6251169
23.3078706	24.3761463	27.1439594
21.0226825	21.9862212	24.4826663
20.4107231	21.3462131	23.7699875
20.5067487	21.4466406	23.8818188
19.4212856	20.3114269	22.6177069
21.5103931	22.496285	25.0506469
22.3050588	23.3273719	25.9761
23.0280563	24.0835075	26.8180919
21.9343125	22.939635	25.5443363
22.3450744	23.3692225	26.0227025
21.4155925	22.3971413	24.9402444
21.4399863	22.4226525	24.9686506
14.63042	15.30098	17.038345
14.4409556	15.1028319	16.8176981
15.2949994	15.9960194	17.8123019
17.7117525	18.5235394	20.6268131
20.8362419	21.7912344	24.2655406
26.4309181	27.6423344	30.7810069
35.6084763	37.2405313	41.4690413
50.94792	53.2830325	59.3331025
70.2601069	73.4803581	81.8237531
81.9649113	85.721635	95.45498
72.1109831	75.4160688	83.9792556
48.3906337	50.6085356	56.3549281
33.921145	35.475865	39.5040019
25.51042	26.6796475	29.7090119
20.2893131	21.2192387	23.628595
17.5007025	18.3028169	20.3810275
15.4229125	16.1297956	17.9612694
15.3522413	16.055885	17.8789656
14.6782356	15.3509862	17.0940294
14.1481081	14.7965631	16.47665
14.7898412	15.4677081	17.2240031
14.9182619	15.6020162	17.3735606
14.2358381	14.8883144	16.5788231
14.6871475	15.3603063	17.1044056
12.1991644	12.7582906	14.2069444
12.8690813	13.4589144	14.9871194
14.078785	14.7240637	16.3959206
15.8039594	16.5283088	18.4050306
20.0783738	20.9986325	23.3829406
24.6019469	25.7295356	28.6510206
37.2911781	39.0003569	43.428685
58.9143294	61.61457	68.6106506
98.9441775	103.479106	115.228746
3430.48548072092	3436.27076172092	3451.25991772092
90.4881081	94.6354794	105.380957
53.9112544	56.3821863	62.7841512
37.3973113	39.1113531	43.5522887
24.9169712	26.0589975	29.0178906
19.12175	19.99816	22.26887
16.0904912	16.8279713	18.7387194
13.9857919	14.6268069	16.2876206
12.8694719	13.4593225	14.9875725
12.3083481	12.87248	14.3340981
11.9731144	12.5218831	13.9436906
11.9133112	12.4593375	13.874045
11.9562506	12.5042456	13.92405
11.8422519	12.3850219	13.79129
12.0632175	12.6161144	14.0486231
11.6909725	12.2268088	13.6151138
12.95798	13.5518887	15.0906481
15.3130925	16.0149444	17.8333719
19.90499	20.8173019	23.1810213
28.0276356	29.312235	32.6405194
51.7095594	54.0795781	60.2200919
2153.90732238279	2157.92667988279	2168.34047748279
3278.18371170244	3282.91453370244	3295.17165970244
63.4750406	66.3843088	73.9219738
35.6660931	37.3007875	41.5361394
24.0627769	25.1656537	28.0231119
17.5306688	18.3341575	20.4159263
14.0477844	14.69164	16.3598156
12.1417862	12.6982856	14.1401219
11.3729106	11.8941681	13.2447019
10.9595837	11.4618987	12.76335
10.9233231	11.4239738	12.7211206
11.1343313	11.644655	12.9668581
12.59434	13.1715813	14.6671594
15.3104875	16.0122175	17.8303394
21.3124563	22.2892763	24.8201331
35.1306706	36.740825	40.912595
49.5889406	51.8617644	57.7504562
47.900575	50.0960162	55.7842144
31.3687056	32.8064369	36.5314731
20.9697819	21.9308963	24.4210606
14.9347175	15.6192256	17.3927256
12.63378	13.2128281	14.7130888
11.3852837	11.9071081	13.2591113
11.773065	12.3126625	13.7107156
14.9973813	15.6847587	17.4656988
20.00161	20.9183494	23.2935425
27.2146681	28.462005	31.69375
26.0037631	27.1956006	30.2835506
16.8001344	17.5701387	19.5651569
14.0030275	14.6448325	16.3076931
18.8527819	19.7168669	21.9556381
