#?RADIANCE
genskyvec -m 1
NROWS=146
NCOLS=1
NCOMP=3
FORMAT=ascii

15.45947	16.1680288	18.0038425
32.878225	34.3851419	38.2894331
32.512945	34.0031206	37.8640369
32.9134144	34.421945	38.3304162
34.0617444	35.6229044	39.6677412
36.3419612	38.0076319	42.3232444
40.1973062	42.0396794	46.8131125
45.681055	47.77477	53.1993994
55.3722387	57.9101312	64.4855894
68.7060544	71.8550794	80.0139294
75.1104287	78.552985	87.4723575
88.1659381	92.2068737	102.676584
80.2929231	83.9730125	93.5078087
69.9140663	73.11846	81.4207606
59.3401881	62.0599437	69.1065963
48.7702831	51.005585	56.7970606
42.5630662	44.5138713	49.5682394
37.7139656	39.44252	43.9210588
35.0808925	36.6887663	40.8546238
32.9663775	34.477335	38.392095
33.3083463	34.8349775	38.7903456
33.1610687	34.6809475	38.6188294
33.327295	34.8547944	38.8124144
33.1139637	34.6316869	38.5639725
34.7255181	36.3171044	40.4407613
34.7123694	36.3033531	40.4254488
35.79155	37.4319925	41.6822406
35.3525387	36.9728606	41.1709787
34.6653744	36.2542031	40.37072
33.6227594	35.1638025	39.15651
32.9054394	34.4136013	38.3211269
24.7948444	25.931275	28.8756656
23.5480056	24.6272869	27.4236175
25.7878244	26.9697656	30.0320725
26.7688288	27.9957319	31.1745338
30.1044219	31.4842069	35.05911
34.0438281	35.6041694	39.6468763
41.5604244	43.4652744	48.4005781
53.2844812	55.7266838	62.0542206
70.8171269	74.0629119	82.4724512
91.1093881	95.2852331	106.104477
104.196362	108.972031	121.345356
99.1909394	103.737181	115.516125
80.2787706	83.9582137	93.4913225
60.9579694	63.7518738	70.9906406
47.4165462	49.5898031	55.2205225
36.9361025	38.6290056	43.0151706
33.3061219	34.8326531	38.7877575
27.6708119	28.9390569	32.2249687
25.5828825	26.7554313	29.7934
23.8702188	24.9642687	27.79886
23.7898337	24.8802012	27.7052456
24.2955869	25.4091356	28.2942381
23.2158462	24.2799063	27.0367906
25.2952131	26.4545769	29.4583838
25.9371169	27.1258994	30.2059356
26.3937275	27.6034387	30.7376969
25.0866487	26.2364531	29.2154944
25.3148844	26.4751487	29.4812919
24.4420281	25.5622881	28.4647812
24.6293588	25.7582056	28.6829437
17.7617088	18.575785	20.68499
17.7474381	18.5608625	20.6683712
19.2077394	20.0880956	22.3690156
23.1400075	24.20059	26.9484675
28.8833425	30.2071594	33.63706
40.0986944	41.9365513	46.698275
60.1085775	62.8635525	70.0014513
94.9524737	99.3044544	110.580073
1158.09170013534	1164.10761913534	1179.69436913534
112.346093	117.495293	130.8364
73.7993513	77.18182	85.9454987
44.9602637	47.0209431	52.3599769
31.4540625	32.8957069	36.6308794
24.4117456	25.5306188	28.429515
20.7613619	21.7129213	24.1783356
19.01326	19.8846981	22.1425244
17.6214419	18.4290906	20.5216388
18.1554569	18.9875812	21.1435438
17.5954475	18.401905	20.4913656
16.9650944	17.7426625	19.7572688
17.6859463	18.4965506	20.59676
17.7739387	18.5885763	20.699235
16.9819925	17.7603331	19.776945
17.5616906	18.3666013	20.4520537
14.5474931	15.2142531	16.9417687
15.498035	16.2083612	18.0487544
17.2047288	17.9932781	20.03634
19.8434131	20.7529025	23.1093106
26.7604131	27.9869312	31.1647344
34.5081044	36.0897244	40.1875631
56.9212394	59.5301287	66.2895281
95.05643	99.4131856	110.701147
4443.40890776903	4450.02432676903	4467.16425776903
1531.38553103894	1536.52945903894	1549.85689903894
65.8463975	68.8643563	76.6836212
40.2745419	42.1204575	46.9030619
29.9244981	31.296035	34.8495725
21.9398806	22.9454588	25.5508206
18.1470238	18.9787619	21.1337231
16.0785744	16.8155087	18.7248413
14.8402825	15.5204638	17.2827475
14.2952712	14.9504731	16.6480369
14.1844894	14.8346106	16.5190213
14.0179344	14.6604231	16.3250525
14.057305	14.7015981	16.3709025
14.1512512	14.7998469	16.48031
14.0169444	14.6593875	16.3239006
14.36461	15.0229894	16.7287875
13.3403213	13.9517531	15.5359175
14.9316494	15.6160162	17.3891506
17.834865	18.6522981	20.77019
24.1656456	25.2732369	28.1429106
35.1973294	36.8105394	40.9902263
60.77302	63.5584475	70.7752494
81.2198288	84.9423919	94.5872619
62.6628212	65.5348644	72.9760806
41.4997138	43.4017819	48.3298775
26.6164681	27.83639	30.9970981
19.6858312	20.5880962	22.9257913
15.9382856	16.66879	18.5614625
13.9064837	14.5438644	16.1952619
12.8008588	13.3875637	14.9076669
12.3519563	12.9180875	14.3848838
12.2260094	12.7863675	14.2382081
12.3947644	12.96286	14.43474
12.67582	13.2567925	14.7620487
13.5946937	14.2177825	15.8321525
16.3070875	17.0544944	18.9909637
22.9001275	23.9497144	26.6691081
35.7191369	37.3562637	41.5979144
41.1497687	43.0357969	47.922335
33.4254075	34.957405	38.9266756
23.4228894	24.4964369	27.2779081
17.3922863	18.1894331	20.2547681
13.8604769	14.4957463	16.1416819
12.5664431	13.1424056	14.6346719
12.0397969	12.59162	14.0213487
12.47226	13.043905	14.5249881
14.8081294	15.4868362	17.2453012
18.9331844	19.8009556	22.0492713
23.1252975	24.1852063	26.9313362
20.8574894	21.8134563	24.2902863
15.0525075	15.7424125	17.5298994
13.4982631	14.116935	15.7198544
16.9876613	17.7662631	19.7835487
