#?RADIANCE
genskyvec -m 1
NROWS=146
NCOLS=1
NCOMP=3
FORMAT=ascii

10.7796906	11.2737594	12.5538481
24.6180156	25.7463413	28.6697325
24.0605894	25.1633656	28.0205638
23.7849487	24.8750906	27.6995556
23.83664	24.9291531	27.7597556
24.2995825	25.4133131	28.2988912
24.0389738	25.14076	27.99539
24.1916594	25.300445	28.173205
24.1988994	25.308015	28.1816369
25.123635	26.275135	29.2585681
24.4319425	25.5517394	28.4530331
25.9135381	27.1012394	30.1784756
26.0594131	27.2538031	30.3483606
27.3822913	28.6373125	31.8889619
29.548155	30.9024425	34.4112875
31.8651688	33.3256563	37.1096469
37.9764031	39.71699	44.22669
38.321015	40.0773937	44.6280169
47.3180694	49.4868119	55.1058375
52.1806612	54.5722738	60.7687306
48.74391	50.9780044	56.7663481
49.803375	52.0860287	58.0001837
41.9028494	43.8233962	48.7993638
38.9732644	40.7595375	45.3876163
34.0422588	35.6025275	39.6450475
29.0820363	30.4149625	33.8684575
27.57374	28.8375363	32.1119194
25.7003875	26.8783206	29.9302444
25.6159881	26.7900538	29.8319537
24.5974894	25.7248738	28.6458275
24.6087869	25.7366912	28.6589869
22.8678775	23.9159875	26.6315519
21.9480275	22.9539769	25.5603069
22.5786137	23.6134656	26.2946794
22.3310931	23.3546006	26.00642
22.2596419	23.2798762	25.9232106
21.8642575	22.8663687	25.4627525
22.609955	23.6462444	26.3311788
23.0825469	24.1404962	26.8815506
23.2117744	24.2756456	27.0320475
22.6523581	23.6905913	26.38056
23.9137869	25.0098363	27.8495988
25.3100163	26.4700569	29.475625
27.9348944	29.2152444	32.5325156
31.2606656	32.6934456	36.4056506
35.7894925	37.4298444	41.6798494
43.8734244	45.8842869	51.0942581
51.1565944	53.5012675	59.5761181
63.51109	66.4220131	73.9639588
71.2340231	74.4989137	82.95796
72.7171806	76.0500469	84.6852206
65.4888069	68.4903744	76.2671769
54.0602044	56.5379613	62.9576156
44.4085769	46.4439687	51.7174919
36.5520419	38.2273412	42.5679
31.6123569	33.0612575	36.8152269
28.573865	29.8834975	33.2766462
25.7588181	26.9394294	29.9982919
24.4381862	25.55827	28.4603081
23.3364644	24.4060506	27.1772581
23.0674731	24.1247312	26.863995
18.6482419	19.5029506	21.71743
18.0157513	18.8414719	20.9808437
17.8391825	18.65681	20.7752156
18.40257	19.2460206	21.4313275
18.4246644	19.2691275	21.4570588
18.6852425	19.5416506	21.760525
19.0691725	19.9431762	22.2076413
19.90742	20.8198431	23.18385
20.5890981	21.532765	23.9777206
23.3027181	24.3707587	27.1379587
26.9688525	28.2049238	31.4074769
35.2880231	36.90539	41.095845
48.2548125	50.4664906	56.1967519
67.3459781	70.4326656	78.4300069
88.5150944	92.5720331	103.083193
94.7857812	99.1301212	110.385926
77.70057	81.261845	90.4887925
57.5753562	60.214225	67.0513044
40.52704	42.3845275	47.1971175
31.6171675	33.0662844	36.8208269
25.6677281	26.844165	29.8922094
22.4991794	23.53039	26.20217
20.0913788	21.0122344	23.3980869
19.3399806	20.2263956	22.5230212
16.4924137	17.2483144	19.2067912
16.1254394	16.8645225	18.7794194
15.7487481	16.470565	18.3407306
15.7979131	16.5219844	18.3979875
16.0769069	16.8137644	18.7228994
16.2349181	16.9790188	18.9069175
16.8047138	17.5749275	19.5704894
17.94364	18.7660556	20.8968669
19.7321875	20.63658	22.9797775
22.5138463	23.54573	26.2192519
27.9699137	29.2518681	32.5732975
38.1509506	39.8995331	44.4299644
50.6426163	52.9637344	58.9775494
80.782665	84.4852038	94.0781475
120.395963	125.914126	140.211156
884.615471834798	891.228114834798	908.360977834798
106.565381	111.449643	124.104285
69.8744438	73.0770194	81.3746163
45.2191875	47.2917325	52.661515
32.33985	33.8220912	37.6624513
25.3631538	26.5256287	29.5375056
21.0384494	22.0027113	24.5010288
18.7308381	19.5893363	21.8136231
17.5439581	18.3480563	20.4314031
16.2449031	16.9894606	18.9185437
15.4007944	16.1066631	17.93551
15.1230294	15.8161687	17.6120294
15.2516263	15.9506581	17.7617894
15.7978119	16.5218781	18.39787
17.4167206	18.2149881	20.2832256
19.7964431	20.7037812	23.0546112
26.002345	27.1941194	30.2818988
34.908945	36.5089362	40.6543769
55.9891862	58.555355	65.2040756
86.3002956	90.2557175	100.503893
1424.52567504902	1431.09875604902	1448.12908104902
642.396524953472	647.694071953472	661.419543953472
60.1352	62.891395	70.032455
38.372545	40.131285	44.6880281
26.4053631	27.6156075	30.7512469
20.450125	21.3874213	23.8158763
17.6812175	18.4916069	20.5912538
17.0471694	17.8284988	19.85285
16.3803794	17.1311469	19.07632
16.276325	17.0223206	18.9551369
17.5961112	18.4025988	20.49214
21.4744819	22.4587294	25.0088256
31.6400838	33.0902525	36.8475163
49.721095	51.9999775	57.9043619
70.2422906	73.461725	81.8030069
73.34275	76.7042912	85.4137475
44.3313969	46.3632494	51.6276056
26.5077594	27.7226988	30.8704975
20.4311981	21.3676281	23.7938331
20.9980613	21.9604725	24.4539919
20.4182894	21.3541256	23.7788013
24.6618944	25.7922313	28.7208338
35.4216606	37.0451506	41.2514756
37.19501	38.89978	43.31669
28.4414825	29.7450506	33.1224775
26.442695	27.6546519	30.794725
