#?RADIANCE
genskyvec -m 1
NROWS=146
NCOLS=1
NCOMP=3
FORMAT=ascii

5.29051488	5.53299625	6.1612455
19.8678275	20.7784381	23.1377431
20.268315	21.1972775	23.6041425
21.1797356	22.1504744	24.66557
23.265395	24.3317262	27.0944944
27.9632231	29.2448713	32.5655062
36.049135	37.7013862	41.9822238
48.2465094	50.4578044	56.1870837
75.18169	78.6275138	87.5553519
111.009498	116.097429	129.279826
103.857863	108.618006	120.951143
95.6768687	100.062047	111.423677
59.4196025	62.1429975	69.1990813
40.8718269	42.7451194	47.59865
31.1142256	32.540295	36.2351106
25.0469319	26.1949156	29.1692425
22.4856894	23.5162831	26.18646
20.4024913	21.337605	23.7604031
20.03394	20.9521606	23.3311931
19.5709969	20.4680006	22.7920569
19.72353	20.627525	22.9696962
20.1135819	21.0354525	23.4239425
19.6919781	20.5945244	22.93295
19.6403631	20.5405475	22.8728406
20.1465169	21.0698988	23.4623006
19.46874	20.3610569	22.6729719
20.0344144	20.9526587	23.3317462
19.5428994	20.4386131	22.7593362
19.7606131	20.666305	23.01288
19.2390031	20.1207906	22.405425
19.4623112	20.3543325	22.6654838
16.5933538	17.3538825	19.3243438
16.3683931	17.1186125	19.0623606
18.36916	19.2110788	21.39242
20.2862794	21.2160663	23.6250631
25.4791656	26.6469594	29.6726144
33.0803456	34.5965275	38.5248206
47.1415763	49.3022294	54.9002963
75.3928788	78.8483844	87.8012875
893.055598246645	898.937436246645	914.176748246645
1524.71948931037	1532.11517131037	1551.27670231037
101.348332	105.993469	118.028599
61.4978719	64.3165225	71.6193988
41.2581031	43.1490988	48.0485025
28.8056675	30.1259281	33.5466044
22.6460981	23.6840438	26.3732694
18.9601287	19.8291337	22.0806512
18.4181537	19.2623175	21.449475
16.3681812	17.11839	19.0621131
15.9986106	16.7318775	18.6317156
15.4407319	16.14843	17.9820194
15.6185138	16.3343619	18.1890619
15.969535	16.7014719	18.5978569
15.3225856	16.0248706	17.8444281
16.29378	17.0405794	18.9754656
16.5182587	17.275345	19.2368906
16.6583275	17.4218338	19.4000106
15.9760287	16.7082625	18.6054181
16.1384862	16.8781644	18.7946119
15.8438025	16.5699775	18.4514306
16.169375	16.9104694	18.8305844
12.5605131	13.1362006	14.6277625
12.7886388	13.3747838	14.893435
14.3261194	14.9827325	16.6839606
18.6560456	19.5111144	21.7265206
26.4022975	27.6124025	30.7476769
43.3432881	45.3298525	50.4768712
74.9933481	78.4305412	87.3360094
924.129321561119	929.340298561119	942.841465561119
74.31244	77.718425	86.5430381
43.0947844	45.0699619	50.1874712
27.6423425	28.9092812	32.1918125
18.8829062	19.7483719	21.9907181
15.051595	15.7414613	17.5288381
13.1492431	13.7519181	15.3133919
12.5094838	13.0828325	14.5683356
12.2784413	12.8412012	14.2992669
11.9028469	12.4483944	13.8618581
12.3984087	12.9666675	14.4389806
12.0881356	12.642175	14.0776438
11.68837	12.2240869	13.6120838
12.0700569	12.6232669	14.0565875
12.1228956	12.6785269	14.1181231
11.735275	12.2731419	13.6667075
12.1772294	12.7353525	14.1814
10.3737087	10.8491694	12.0810494
11.1150931	11.6245344	12.9444531
12.5128531	13.0863569	14.57226
14.8449831	15.52538	17.2882213
21.0873012	22.0538019	24.5579231
27.78449	29.057945	32.357355
41.3295025	43.2237694	48.13165
50.3248256	52.6313794	58.6074556
39.8562988	41.6830437	46.4159831
29.1593869	30.4958562	33.9585375
20.1714019	21.0959237	23.4912788
14.8128888	15.4918138	17.2508469
12.7708531	13.3561844	14.872725
11.2318313	11.7466237	13.0804044
10.5168416	10.9988631	12.2477387
10.0318177	10.4916086	11.6828894
9.84777231	10.2991271	11.4685513
9.82079481	10.2709145	11.4371338
9.92843156	10.3834843	11.5624869
9.88384163	10.3368493	11.5105575
9.92685206	10.3818343	11.5606469
9.99748031	10.4556984	11.6429
9.93542688	10.3907999	11.5706331
10.2066345	10.6744375	11.8864756
9.29935875	9.72557912	10.8298794
10.2887487	10.760315	11.9821056
11.9773212	12.52628	13.9485894
15.8373444	16.5632219	18.4439081
21.0592187	22.0244331	24.5252169
25.2600456	26.4177969	29.41743
24.259705	25.3716081	28.2524494
17.9142525	18.7353225	20.8626412
13.9664588	14.6065869	16.2651037
11.19232	11.7052988	13.0343888
9.75718006	10.2043838	11.3630506
9.18366819	9.60458556	10.6951481
8.87548875	9.28228194	10.3362458
8.67456919	9.0721535	10.102259
8.5605385	8.95289625	9.96946075
8.59658731	8.99059719	10.0114429
8.753871	9.15508956	10.1946123
8.91548431	9.32411025	10.3828246
8.95776625	9.36833006	10.4320647
10.0372332	10.4972725	11.6891963
12.7964069	13.3829069	14.9024819
16.0634244	16.799665	18.7071975
15.1505719	15.8449744	17.644105
12.2101575	12.7697887	14.2197469
10.134197	10.5986798	11.8021175
8.956311	9.36680825	10.4303714
8.34475887	8.727227	9.71816762
8.13573719	8.50862506	9.47474431
8.17161906	8.54615137	9.51653181
8.33085631	8.712687	9.70197656
8.80944619	9.21321225	10.2593336
9.97683319	10.4341031	11.6188525
10.5496051	11.0331305	12.2858969
9.63822237	10.0799743	11.2245138
8.41470631	8.80038013	9.799627
8.21622031	8.59279681	9.56847363
9.01928856	9.43267212	10.503713
