#?RADIANCE
genskyvec -m 1
NROWS=146
NCOLS=1
NCOMP=3
FORMAT=ascii

12.5613412	13.1370681	14.6287281
30.95999	32.3789887	36.0554894
31.4818737	32.9247925	36.6632688
32.2564513	33.7348713	37.5653269
33.2612194	34.7856906	38.7354631
33.7835288	35.3319394	39.3437387
33.6754956	35.218955	39.2179238
33.8800375	35.4328725	39.4561281
32.554525	34.046605	37.9124575
32.2587481	33.7372744	37.5680031
32.2529256	33.7311819	37.5612206
31.3702787	32.8080831	36.533305
31.0447919	32.4676769	36.1542481
30.9232256	32.34054	36.0126781
31.4420275	32.8831181	36.6168625
33.7677094	35.3153931	39.3253112
38.8547813	40.635625	45.2496338
43.16795	45.1464787	50.2726781
55.16185	57.6900975	64.2405725
74.1665788	77.5658794	86.3731681
86.6511381	90.6226431	100.91248
105.878697	110.731462	123.304569
94.9497056	99.3015719	110.576857
85.3747987	89.287805	99.4260762
67.459145	70.55102	78.5618019
50.0089913	52.3010681	58.2396406
42.2618631	44.1988638	49.2174644
36.2978188	37.961465	42.2718363
33.3818381	34.9118369	38.8759331
31.1263137	32.5529363	36.24919
30.5697306	31.9708406	35.6010006
24.1400438	25.24646	28.1130919
22.8626313	23.9105006	26.62544
24.7590931	25.8938844	28.8340281
24.7186856	25.8516244	28.7869687
25.0479587	26.1959894	29.1704362
24.2291756	25.3396806	28.2168963
25.6871056	26.8644325	29.9147781
26.0460925	27.23987	30.3328469
25.0398869	26.1875469	29.1610369
22.3071425	23.3295525	25.9785288
22.8603562	23.9081219	26.6227925
22.932555	23.9836294	26.7068719
24.6269144	25.7556469	28.6800963
25.7983938	26.9808175	30.0443819
27.8659606	29.1431488	32.4522356
33.002395	34.5150037	38.4340394
41.5140431	43.4167694	48.3465663
53.6186819	56.0762006	62.443425
76.6815281	80.1960969	89.3020369
104.79922	109.602523	122.047438
129.420063	135.351825	150.720475
121.638969	127.214087	141.658712
92.5290794	96.7699931	107.757821
65.9126831	68.9336781	76.7608175
48.9341869	51.1770037	56.9879413
39.2130719	41.0103356	45.6668912
31.0708063	32.494885	36.1845462
27.4163725	28.6729544	31.9286512
24.8376831	25.9760769	28.9255556
24.189995	25.2987013	28.171265
17.4394356	18.2387419	20.3096762
16.7075919	17.4733562	19.4573825
16.7305019	17.4973163	19.4840638
17.8498619	18.66798	20.7876531
17.8765031	18.6958425	20.8186787
17.9130412	18.7340544	20.8612294
17.7326763	18.5454225	20.65118
17.6979544	18.50911	20.6107431
16.9764856	17.754575	19.7705337
17.9296412	18.7514169	20.8805631
18.9851306	19.8552813	22.1097694
22.4307587	23.458835	26.1224887
28.04073	29.3259294	32.65577
38.1726794	39.92226	44.4552669
60.6243531	63.4029662	70.6021138
101.367212	106.013204	118.050566
2209.78929199552	2217.75353499552	2238.38818599552
129.722031	135.667644	151.072137
71.4487625	74.723495	83.2080394
45.4002944	47.48114	52.8724287
31.5852181	33.0328725	36.7836188
24.5805912	25.7072006	28.6261481
19.8528044	20.7627256	23.1202475
18.415575	19.2596219	21.4464731
14.4195544	15.0804494	16.7927731
14.033165	14.67635	16.3427881
13.6228837	14.2472663	15.8649844
13.7384669	14.3681456	15.9995906
13.9876669	14.6287681	16.289805
13.8964913	14.5334131	16.1836219
13.7822094	14.4138913	16.0505312
14.0722825	14.7172619	16.3883444
14.2598106	14.9133838	16.6067387
15.0467881	15.7364313	17.5232387
16.54613	17.3044937	19.2693494
19.2976075	20.1820806	22.4736731
23.4672256	24.5428062	27.3295425
34.4455619	36.0243169	40.1147306
53.0482219	55.4795962	61.7790781
79.1102244	82.73611	92.1304556
2242.36396505451	2248.03372705451	2262.72361405451
1530.58615591095	1535.46161291095	1548.09349991095
64.5477819	67.5062206	75.171275
40.5438725	42.4021344	47.2167225
28.3315781	29.6301069	32.9944856
21.1316156	22.1001463	24.6095287
17.5261044	18.3293831	20.4106075
15.8625012	16.5895306	18.4732063
13.3988719	14.0129862	15.6041044
12.52944	13.1037056	14.5915769
12.0943556	12.6486806	14.0848856
12.1115206	12.6666313	14.1048763
12.179315	12.7375331	14.1838287
12.38183	12.9493306	14.4196738
12.9756688	13.5703869	15.1112513
14.5973713	15.2664169	16.999855
16.8727631	17.6460956	19.64974
22.3614469	23.3863444	26.0417688
29.6701744	31.030055	34.5533906
47.104645	49.2636069	54.8572887
65.015655	67.9955406	75.716155
53.6967669	56.1578675	62.5343631
36.071785	37.7250744	42.0086025
24.259425	25.3713144	28.2521238
18.1811681	19.0144706	21.1734869
14.9860212	15.6728813	17.4524719
13.0376038	13.6351606	15.1833775
12.0423644	12.5943056	14.0243375
11.6834319	12.2189219	13.6063312
11.903925	12.4495213	13.8631119
12.7717012	13.3570706	14.87371
15.3396962	16.0427669	17.8643569
19.9600269	20.8748606	23.2451169
26.37792	27.5869062	30.719285
34.9548006	36.556895	40.7077819
29.3983525	30.7457763	34.2368325
20.7027138	21.6515881	24.1100387
15.494765	16.2049419	18.0449456
13.9619513	14.601875	16.2598562
12.8849375	13.4754975	15.0055837
13.7669331	14.3979162	16.0327419
16.8605744	17.6333513	19.6355456
19.5689106	20.4658187	22.78963
17.8259862	18.64301	20.7598481
15.0920175	15.783735	17.5759125
