#?RADIANCE
genskyvec -m 1
NROWS=146
NCOLS=1
NCOMP=3
FORMAT=ascii

25.6793781	26.8563494	29.905775
37.3085794	39.018555	43.4489531
36.9121425	38.6039494	42.9872687
36.8474619	38.5363031	42.9119431
36.4421788	38.112445	42.4399563
34.9623456	36.5647862	40.7165681
35.4074288	37.03027	41.2349038
36.61956	38.2979544	42.64653
38.1508769	39.8994569	44.4298775
40.6571075	42.5205588	47.3485938
47.0099469	49.1645681	54.7470038
50.9244331	53.2584675	59.3057487
55.900475	58.4625794	65.1007663
58.5032106	61.1846069	68.1318663
58.7891981	61.4837012	68.4649237
56.8315156	59.4362894	66.1850388
53.6150044	56.072355	62.4391419
49.4399425	51.7059375	57.576935
44.8901106	46.9475725	52.2782775
40.2117419	42.05478	46.8299288
39.2703737	41.0702656	45.7336263
36.2265512	37.8869338	42.18884
35.8945113	37.5396756	41.8021506
34.2110087	35.7790125	39.8415719
35.7105863	37.34732	41.587955
37.0088319	38.7050694	43.0998719
38.3581831	40.1162637	44.6713031
39.4821769	41.2917781	45.9802881
38.2037269	39.9547288	44.4914231
38.2421719	39.9949363	44.5361975
37.3559162	39.0680625	43.5040812
24.3515406	25.4676519	28.3594
22.4263056	23.4541763	26.1173019
24.1297906	25.2357394	28.1011537
23.5699169	24.650205	27.449135
24.2186175	25.3286362	28.2045994
24.5679706	25.6940025	28.6114513
27.3450562	28.5983706	31.8455988
30.5236288	31.9226287	35.5473131
34.39647	35.9729719	40.0575569
37.94135	39.6803269	44.1858644
45.0129419	47.076035	52.4213263
51.8795281	54.2573388	60.4180369
56.8627862	59.4689944	66.221455
59.036295	61.7421238	68.7526881
56.2425513	58.8203331	65.4991388
49.5783544	51.8506938	57.7381288
44.478205	46.5167875	51.7985794
37.0639944	38.7627587	43.1641119
31.9458456	33.4100281	37.2036012
28.0162787	29.3003563	32.6272912
25.9329819	27.1215775	30.20112
24.6843575	25.8157225	28.7469925
22.5790625	23.6139344	26.2952
23.8488169	24.9418887	27.7739381
24.1784569	25.2866363	28.15783
24.7462594	25.8804625	28.8190831
23.7683181	24.8576994	27.6801894
24.4632225	25.5844525	28.4894631
23.8428125	24.9356094	27.7669456
24.1989663	25.3080863	28.1817144
16.775945	17.5448431	19.5369881
16.4212981	17.1739406	19.1239694
16.9122388	17.6873819	19.6957119
18.6204862	19.4739262	21.6851094
20.3855444	21.3198812	23.7406675
23.5200012	24.598	27.3910006
28.3378844	29.6367025	33.00183
36.0551075	37.70763	41.9891794
45.9410094	48.0466381	53.5021369
59.338685	62.0583744	69.1048494
68.9433919	72.1032937	80.2903287
64.2756019	67.221565	74.8543
52.3300369	54.7284969	60.9426919
40.9832713	42.8616687	47.7284375
31.2287306	32.6600456	36.3684606
25.4198112	26.5848869	29.6034906
21.013015	21.97611	24.4714056
19.5883269	20.4861256	22.8122406
17.7940413	18.6096013	20.7226431
16.7258694	17.49247	19.4786681
16.9190494	17.6945056	19.7036431
16.9154975	17.6907881	19.6995075
16.2909131	17.03758	18.9721269
16.8226881	17.5937262	19.5914231
14.2196219	14.8713556	16.5599362
14.7006262	15.3744063	17.1201069
15.5133556	16.2243844	18.0665969
16.6931225	17.4582225	19.440535
19.5083362	20.4024681	22.719085
22.2773719	23.2984169	25.9438569
29.3864112	30.7332887	34.2229281
40.1487119	41.9888606	46.7565256
58.9445006	61.6461213	68.6457856
81.0476056	84.7622869	94.3866975
104.047331	108.81616	121.171797
97.739995	102.219736	113.826366
71.8235056	75.1154131	83.6444569
45.76566	47.8632513	53.2979287
32.796645	34.2998244	38.1944294
26.0268806	27.2197787	30.3104744
20.9659594	21.9269006	24.4166081
18.0531531	18.8805881	21.0244019
16.159595	16.9002431	18.8191962
15.0622056	15.7525556	17.5411937
14.5251175	15.1908519	16.9157106
14.2772537	14.9316275	16.6270519
14.0597806	14.7041881	16.3737887
14.1762406	14.8259844	16.509415
14.0615037	14.7059887	16.3757944
15.0075975	15.6954444	17.4775981
16.9297725	17.7057194	19.7161325
20.2531025	21.1813688	23.5864269
25.9345462	27.1232138	30.2029419
42.0371838	43.9638869	48.9558056
66.4634831	69.509725	77.4022694
2762.32252964238	2768.35732164238	2783.99294964238
4885.2338662051	4891.7570912051	4908.6581722051
80.3686475	84.0522112	93.5959962
49.7628513	52.0436463	57.9529881
31.7316069	33.1859713	36.9541025
22.6332019	23.6705569	26.3582506
17.7963	18.6119631	20.7252763
15.7404144	16.4618513	18.3310269
14.3700469	15.0286744	16.7351181
13.7517869	14.3820763	16.0151006
13.7081519	14.3364412	15.9642856
15.68474	16.4036231	18.2661894
18.4441625	19.2895187	21.4797662
23.7615475	24.8506175	27.6723031
36.1640156	37.8215338	42.1160144
59.2606575	61.9767694	69.0139756
2059.66611375833	2063.83474625833	2074.63531385833
68.6317881	71.7774081	79.9274344
41.2448669	43.1352544	48.0330875
25.2710494	26.4293038	29.4302425
19.1130819	19.9890994	22.2587794
15.5749581	16.2888088	18.1383375
15.5005013	16.2109413	18.0516263
20.3393031	21.2715194	23.6868144
26.7795137	28.0069075	31.186975
40.3855331	42.2365337	47.0323194
46.4814031	48.6117988	54.1314712
27.4481819	28.7062213	31.9656956
20.63031	21.5758656	24.0257169
28.430455	29.7335169	33.1096369
