#?RADIANCE
genskyvec -m 1
NROWS=146
NCOLS=1
NCOMP=3
FORMAT=ascii

16.7685613	17.5371194	19.5283875
33.0001519	34.5126581	38.4314275
33.6260188	35.1672119	39.1603031
34.35568	35.9303137	40.0100537
35.1010737	36.7098712	40.8781256
34.9450619	36.5467106	40.6964381
34.6112013	36.1975463	40.3076269
34.6824675	36.2720781	40.3906262
33.212095	34.734315	38.6782537
32.6735119	34.1710456	38.0510262
33.7820856	35.3304306	39.3420556
32.7807694	34.2832194	38.1759394
33.3992744	34.9300731	38.8962406
33.8585606	35.4104088	39.4311175
34.8167837	36.4125512	40.5470475
37.965695	39.7057894	44.2142194
43.6144469	45.6134394	50.7926587
48.2921438	50.5055294	56.2402269
59.414365	62.1375206	69.1929813
73.501775	76.870605	85.5989469
78.8515319	82.4655588	91.8291856
85.397595	89.3116487	99.452625
74.1929062	77.5934112	86.4038231
66.0125275	69.0380975	76.8770925
55.4835006	58.0264938	64.6151619
44.7736481	46.8257725	52.1426469
40.1964319	42.0387669	46.8120963
36.4214469	38.0907631	42.4158137
34.270705	35.8414444	39.9110931
32.8070256	34.3106794	38.2065175
32.4713375	33.9596063	37.8155806
24.4201488	25.5394038	28.4392994
22.9549481	24.0070488	26.73295
24.8983956	26.03957	28.9962569
24.5836925	25.7104444	28.6297594
24.6772281	25.8082663	28.7386912
23.6573775	24.7416712	27.5509869
25.1190863	26.2703781	29.2532694
25.5226538	26.6924419	29.7232587
24.6709125	25.8016606	28.7313337
22.1114038	23.1248431	25.7505731
23.0783231	24.1360787	26.8766306
23.6051162	24.6870169	27.4901256
25.9506019	27.1400031	30.22164
27.7996487	29.0737975	32.3750063
30.5704963	31.9716437	35.6018919
36.8193719	38.5069256	42.8792313
46.22633	48.3450362	53.834415
58.8020631	61.4971562	68.4799056
77.8870294	81.4568481	90.7059431
93.4405056	97.72319	108.81925
97.1300325	101.581816	113.116031
83.4839725	87.3103188	97.2240481
64.6399438	67.602605	75.2786056
50.2192869	52.5210019	58.4845462
40.2552856	42.1003181	46.8806375
34.3635256	35.9385194	40.01919
28.7178219	30.0340537	33.4442994
26.4614863	27.6743044	30.8166069
24.5457887	25.6708044	28.5856175
24.2894781	25.4027462	28.2871231
17.08007	17.862905	19.891165
16.3267919	17.0751038	19.0139119
16.2790231	17.0251444	18.9582819
17.2915631	18.0840931	20.1374681
17.2206781	18.0099594	20.0549163
17.2512125	18.0418919	20.090475
17.1900856	17.9779644	20.0192887
17.4098087	18.2077594	20.2751738
17.0081625	17.7877038	19.8074256
18.5008419	19.3487962	21.5457731
20.1708575	21.0953544	23.4906444
24.8190762	25.9566156	28.9038844
32.2551119	33.7334694	37.5637675
45.2422	47.3158006	52.6883156
70.5589381	73.7928862	82.171765
104.685052	109.483114	121.914469
116.3488	121.68145	135.497869
84.2873381	88.1505012	98.1596375
52.0272956	54.4118775	60.5901244
36.1483225	37.8051188	42.0977363
27.0864362	28.3278981	31.544415
22.2913256	23.31301	25.9601075
18.7527675	19.6122675	21.8391613
17.8454037	18.6633181	20.7824613
13.8819344	14.5181869	16.1666681
13.5531369	14.1743219	15.7837587
13.1260488	13.7276594	15.2863794
13.2117825	13.8173206	15.3862213
13.437535	14.0534219	15.64913
13.3767388	13.98984	15.5783287
13.406195	14.020645	15.6126325
13.9038981	14.54116	16.1922506
14.4460981	15.10821	16.823685
15.6613269	16.3791375	18.2389213
17.9042294	18.72484	20.8509681
21.9615056	22.9680731	25.5760056
27.8128025	29.0875569	32.3903275
43.3612031	45.3485906	50.4977381
69.8655687	73.0677356	81.3642794
2082.29916119685	2087.34771119685	2100.42815719685
4471.11481977828	4477.46640777828	4493.92284477828
88.1859294	92.2277844	102.699872
51.8800081	54.25784	60.4185981
33.8087494	35.3583156	39.3731062
24.6820325	25.8132919	28.744285
19.2473144	20.1294825	22.4151025
16.4166281	17.1690569	19.1185331
15.12243	15.8155419	17.6113306
12.868755	13.4585725	14.9867381
12.0812938	12.6350194	14.069675
11.6831456	12.2186212	13.6059975
11.7188906	12.2560063	13.6476256
11.87404	12.4182644	13.8283075
12.3514138	12.91752	14.3842519
13.2809	13.8896075	15.4667144
15.6971	16.41655	18.280585
19.0548425	19.9281881	22.1909531
27.1890106	28.4351731	31.66387
38.4381144	40.1998606	44.7643912
65.4328181	68.4318188	76.2019731
1373.03396757081	1376.98261007081	1387.21319847081
54.3310012	56.8211713	63.2729788
33.9180819	35.4726606	39.5004338
22.5605425	23.5945656	26.2736331
17.0317975	17.8124219	19.83495
14.271065	14.925155	16.6198438
12.6850631	13.2664612	14.7728119
11.8097	12.3509775	13.7533806
11.5225263	12.0506431	13.4189431
11.9439656	12.4913956	13.9097412
13.3032562	13.9129888	15.4927506
17.0677337	17.8500044	19.8768
23.8614675	24.9551181	27.7886713
32.9655681	34.4764888	38.3911525
42.4673213	44.4137394	49.4567387
31.3003756	32.734975	36.4518987
20.2640587	21.1928275	23.5991862
15.1533163	15.8478419	17.6473012
14.1185081	14.7656056	16.44218
13.1674825	13.7709912	15.3346319
14.6001431	15.2693144	17.0030844
18.9545531	19.8233025	22.0741581
21.6489	22.6411419	25.2119506
18.5768075	19.4282431	21.6342419
15.9951263	16.7282356	18.6276587
