#?RADIANCE
genskyvec -m 1
NROWS=146
NCOLS=1
NCOMP=3
FORMAT=ascii

25.8300937	27.0139738	30.0813
37.5354131	39.2557837	43.7131181
38.860295	40.6413894	45.2560519
39.7336444	41.5547675	46.2731425
39.858065	41.6848925	46.4180394
37.7575262	39.48808	43.9717881
36.8256806	38.5135225	42.8865756
36.2689356	37.9312612	42.2382012
34.4455081	36.0242594	40.1146656
33.3040075	34.8304406	38.7852956
37.1712375	38.8749175	43.289005
36.3698175	38.0367662	42.3556863
39.8715737	41.6990175	46.4337706
42.4754863	44.4222781	49.4662463
45.1361456	47.2048825	52.5648038
49.8606888	52.14597	58.0669319
54.9007187	57.4170006	63.9364644
56.867955	59.4744019	66.2274769
59.34129	62.0610956	69.1078806
57.9111	60.5653594	67.4423081
55.3594331	57.8967387	64.4706756
50.8579519	53.1889406	59.2283269
46.1897119	48.3067394	53.7917737
41.6826325	43.593085	48.5429012
39.6337675	41.4503144	46.1568294
37.5011275	39.2199269	43.67319
36.8560988	38.5453344	42.9219994
36.8795394	38.5698494	42.9493006
35.7163963	37.3533981	41.5947225
36.1964769	37.8554794	42.153815
36.5212481	38.19514	42.5320381
24.6577469	25.7878925	28.7160044
23.0721225	24.1295937	26.86941
25.1524069	26.3052256	29.2920769
24.3795587	25.4969531	28.39203
24.10356	25.2083062	28.0706063
22.8635531	23.9114637	26.6265131
24.2469406	25.3582581	28.2375837
24.8401081	25.9786137	28.9283781
24.7756419	25.9111894	28.8533006
23.6946506	24.7806556	27.5943994
26.2082925	27.409505	30.5217425
28.8294725	30.1508244	33.5743262
33.4455581	34.9784794	38.9501412
38.3881169	40.1475712	44.7061631
43.5240719	45.5189225	50.68741
50.6824944	53.0054413	59.0239919
55.7463175	58.3013569	64.9212363
58.8052638	61.5005025	68.4836344
56.3003788	58.8808113	65.5664869
50.9370806	53.2716944	59.320475
44.6286475	46.6741244	51.9737787
38.3977581	40.1576538	44.7173894
32.298945	33.7793125	37.6148144
29.8524269	31.2206644	34.7656412
27.4968656	28.7571388	32.0223925
26.2381325	27.4407131	30.5564944
24.1518688	25.2588294	28.1268669
24.1072975	25.212215	28.0749594
23.4750438	24.5509831	27.3386463
24.0168112	25.1175813	27.96958
16.968195	17.7459056	19.7608794
16.4001581	17.1518325	19.0993537
16.4010644	17.1527781	19.1004075
17.2700319	18.0615719	20.1123913
17.3003437	18.0932756	20.1476931
17.7083531	18.5199844	20.6228537
18.4994394	19.3473306	21.5441419
20.1364662	21.0593844	23.4505919
21.909055	22.9132181	25.5149212
26.4874031	27.7014088	30.84679
32.2856919	33.76545	37.59938
43.1204719	45.0968275	50.2173856
56.1543906	58.7281337	65.3964713
67.6428356	70.74313	78.7757212
67.6855219	70.787775	78.8254356
57.4750969	60.10937	66.9345425
43.3204856	45.3060075	50.4503194
34.5937294	36.1792738	40.2872825
26.9591188	28.1947456	31.3961425
22.7618769	23.8051294	26.5081025
20.2225619	21.1494275	23.5508588
18.6824638	19.5387444	21.7572894
17.2288825	18.0185381	20.0644706
17.2117312	18.0006012	20.0444956
14.4038494	15.0640231	16.7744819
14.2827219	14.9373456	16.6334194
14.1397112	14.7877819	16.4668738
14.3346031	14.9916062	16.6938412
14.9107556	15.5941656	17.36482
15.3741688	16.0788187	17.9045025
16.7159269	17.4820731	19.4670906
18.8588775	19.7232406	21.9627338
22.3569519	23.3816444	26.0365356
27.1943462	28.4407531	31.6700825
36.4258844	38.0954044	42.4209794
53.5026819	55.9548856	62.3083325
70.58636	73.8215669	82.2037056
95.4152556	99.7884481	111.119032
96.8946694	101.335664	112.841921
79.2014163	82.8314775	92.2366513
54.5298744	57.0291588	63.5045875
38.6756594	40.4482919	45.04103
28.1668044	29.4577787	32.80259
22.4563344	23.4855812	26.1522738
19.1450594	20.0225419	22.2960169
16.9433644	17.7199338	19.7319594
15.6561862	16.3737612	18.2329356
15.0112462	15.69926	17.4818488
14.4212306	15.0822012	16.794725
14.0115988	14.653795	16.3176738
14.17516	14.8248544	16.5081569
14.7177512	15.3923162	17.1400494
15.9490063	16.6800031	18.5739488
19.2534669	20.1359169	22.4222688
23.6709275	24.7558438	27.5667688
35.0261475	36.6315094	40.7908675
51.7968956	54.1709181	60.321805
92.4473994	96.6845688	107.662703
5501.01725254201	5507.83694054201	5525.50617754201
2208.91579833912	2214.33420133912	2228.37281033912
65.6991825	68.710395	76.5121788
37.9417731	39.6807687	44.1863587
26.9063631	28.13957	31.3347038
20.3521463	21.2849519	23.7017713
16.8715238	17.6448037	19.6482981
15.2532206	15.952325	17.7636469
15.8404381	16.5664581	18.4475119
16.0771619	16.8140331	18.7231975
16.8310638	17.6024869	19.6011769
19.6307325	20.5304756	22.8616256
26.6771356	27.8998356	31.0677481
45.3886181	47.4689275	52.8588287
80.1630469	83.8371775	93.3565556
1952.08997497442	1956.62959387442	1968.39135287442
62.3363544	65.193435	72.5958837
35.1384487	36.7489594	40.9216544
21.8662075	22.8684075	25.4650219
18.2693987	19.1067463	21.2762394
20.9370744	21.8966906	24.38297
22.1835225	23.2002656	25.8345619
29.7134069	31.07527	34.6037406
45.8785781	47.9813456	53.42943
39.1190694	40.9120237	45.5574181
27.1234275	28.3665869	31.587495
29.0608694	30.3928244	33.8438063
