#?RADIANCE
genskyvec -m 1
NROWS=146
NCOLS=1
NCOMP=3
FORMAT=ascii

26.3506369	27.558375	30.687515
37.7437238	39.4736438	43.9557138
37.7365444	39.4661344	43.9473519
37.895775	39.6326631	44.1327919
38.0790744	39.8243631	44.3462569
37.75495	39.4853825	43.9687863
38.1890175	39.9393462	44.4742956
39.4517269	41.25993	45.9448269
40.8041731	42.6743613	47.5198612
43.5210406	45.5157531	50.6838787
47.5548412	49.7344369	55.3815781
52.1900956	54.5821394	60.7797194
55.6270556	58.1766287	64.7823456
58.3910031	61.0672556	68.0011931
59.5896719	62.3208644	69.3971437
57.5166181	60.1527956	66.9828994
55.7036206	58.2567031	64.8715119
50.7154119	53.0398669	59.0623262
47.8682481	50.0622081	55.7465656
43.5834519	45.5810262	50.756565
42.1258325	44.0565981	49.0590469
40.0189288	41.8531281	46.60538
38.8735687	40.6552731	45.2715125
37.40708	39.12157	43.5636638
37.9450537	39.6842	44.1901781
37.75268	39.4830106	43.9661444
38.4714437	40.2347169	44.8032031
38.5459694	40.3126575	44.8899969
38.0146519	39.7569881	44.2712312
37.7482656	39.4783944	43.9610012
37.4581612	39.1749912	43.6231519
28.3036062	29.6008544	32.96191
26.7720469	27.9990994	31.1782806
28.5888944	29.8992175	33.2941506
28.332695	29.6312762	32.9957869
29.0518556	30.3833969	33.8333075
29.3200944	30.66393	34.1456937
32.0064575	33.4734188	37.2741887
34.9662262	36.5688419	40.7210844
38.5177038	40.283095	44.8570775
41.9423056	43.8646587	48.8453125
48.9400056	51.1830869	56.9947194
55.9828056	58.5486831	65.1966469
61.2933169	64.1025913	71.3811787
64.2958744	67.2427669	74.877905
62.3541319	65.2120294	72.6165875
56.1266544	58.6991219	65.3641681
50.6133344	52.9331119	58.9434475
43.1615644	45.1398	50.2652412
37.7046025	39.4327275	43.9101525
33.5979319	35.1378356	39.1275931
31.3674481	32.8051219	36.5300094
30.0182194	31.3940556	34.9587206
27.6951	28.9644581	32.2532544
28.6731694	29.9873525	33.3922969
28.6943175	30.0094738	33.4169269
28.8961106	30.220515	33.6519319
27.701065	28.9706944	32.2602
28.1329675	29.4223944	32.7631869
27.5588612	28.8219744	32.0945906
27.9892313	29.2720719	32.5957944
20.8858212	21.8430875	24.3232812
20.5324069	21.4734744	23.9117006
21.0606956	22.0259769	24.5269375
22.8703694	23.9185956	26.6344519
24.5201644	25.6440037	28.5557775
27.5201344	28.7814712	32.04949
32.2250444	33.7020238	37.5287512
39.9197769	41.7494325	46.4899087
49.8098006	52.0927475	58.0076656
63.5465388	66.4590862	74.0052431
74.1976569	77.5983813	86.4093619
71.6957594	74.9818131	83.49569
60.3863881	63.1540969	70.3249856
48.3979944	50.6162344	56.3635012
37.4288381	39.1443244	43.5890025
30.8371394	32.2505063	35.91242
25.8907119	27.0773688	30.1518925
24.3858425	25.5035256	28.3993475
22.3420038	23.3660119	26.0191269
21.0489519	22.0136956	24.5132581
21.1444962	22.11362	24.62453
21.025885	21.9895719	24.4863963
20.2897437	21.2196894	23.6290981
20.8389662	21.7940831	24.2687138
17.8743	18.6935381	20.8161131
18.3622131	19.2038144	21.3843269
19.0965038	19.9717588	22.2394706
20.2651469	21.193965	23.6004525
23.0689725	24.1262981	26.8657419
25.8123269	26.9953906	30.060605
32.98987	34.5019044	38.4194544
43.78097	45.787595	50.9865881
62.1445644	64.9928569	72.3725281
83.4576331	87.2827744	97.1933706
107.423654	112.347243	125.103794
107.052287	111.958866	124.671324
82.4021562	86.1789194	95.9641825
54.4134769	56.9074263	63.3690319
39.571465	41.3851563	46.0842713
31.6324031	33.0822206	36.8385713
25.6945844	26.8722506	29.9234856
22.3411725	23.3651419	26.0181556
20.2273212	21.1544056	23.5564031
18.9872925	19.8575431	22.1122856
18.3709675	19.2129688	21.3945219
18.0574381	18.8850706	21.0293925
17.7680137	18.5823819	20.692335
17.9022075	18.7227244	20.8486131
17.3898119	18.1868456	20.2518869
18.3098844	19.1490875	21.3233887
20.214735	21.1412437	23.5417456
23.6199512	24.7025313	27.5074031
29.4729263	30.8237656	34.3236806
45.8003788	47.8995613	53.3383613
69.3715069	72.5510319	80.7889056
2246.4516629227	2252.3557079227	2267.6525829227
5403.16639490923	5410.07612590923	5427.97864490923
92.83584	97.0908156	108.115068
59.3265812	62.0457162	69.0907513
38.4154931	40.1762019	44.738045
27.5839238	28.8481863	32.1237806
21.8569725	22.8587481	25.454265
19.4463506	20.3376412	22.6468969
17.8848544	18.7045775	20.8284056
17.1882825	17.9760775	20.0171875
17.085585	17.8686719	19.8975862
18.9498306	19.8183631	22.0686581
21.8133287	22.8131044	25.4034394
27.3951469	28.6507563	31.9039313
40.2548231	42.0998331	46.8800981
64.0019069	66.9353263	74.5355594
1947.41545559313	1951.95134949313	1963.70348149313
79.4634275	83.1054938	92.5417919
49.2129213	51.4685125	57.3125506
30.5642525	31.965115	35.5946213
23.2027519	24.2662106	27.0215387
19.0540569	19.9273681	22.1900369
18.8471281	19.7109556	21.9490531
24.0952288	25.1995938	28.060905
31.0701113	32.4941569	36.183735
46.003305	48.1117869	53.5746819
53.6463	56.1050888	62.4755913
32.6379506	34.1338556	38.0096144
24.6797244	25.8108775	28.7415962
33.3116762	34.8384612	38.7942269
