#?RADIANCE
genskyvec -m 1
NROWS=146
NCOLS=1
NCOMP=3
FORMAT=ascii

1.63254412	1.70736925	1.90123381
14.0263225	14.6691931	16.3348219
13.2813367	13.890065	15.4672244
13.1087356	13.7095525	15.2662163
13.3279944	13.93886	15.52156
14.0133381	14.655615	16.3197006
14.01288	14.6551363	16.3191669
14.2278863	14.8799981	16.56956
14.1822256	14.8322444	16.516385
14.7978425	15.4760763	17.2333219
13.7184225	14.3471838	15.9762475
14.2534819	14.9067669	16.5993687
13.4568469	14.0736194	15.6716212
13.2267634	13.8329906	15.4036706
13.2975088	13.9069775	15.4860587
13.4429625	14.0590969	15.6554512
15.0123363	15.7004025	17.4831169
15.5207875	16.2321562	18.0752525
19.5562969	20.4526269	22.7749388
26.4194006	27.6302881	30.7675956
34.791285	36.385885	40.5173537
55.6445138	58.1948862	64.8026756
77.7800194	81.3449312	90.5813162
398.353904258154	402.959456258154	414.892069258154
70.9046594	74.1544556	82.5743888
42.2302	44.1657488	49.1805887
29.8320056	31.1993031	34.7418569
21.9082225	22.9123487	25.5139531
18.4330375	19.277885	21.4668088
15.632895	16.3494025	18.2058112
14.5026944	15.1673994	16.8895963
12.8060394	13.3929837	14.9137012
11.9359544	12.4830188	13.900415
12.4332044	13.0030587	14.4795025
12.3911519	12.9590788	14.4305306
12.5370187	13.1116325	14.6004031
12.339075	12.9046156	14.3698825
12.9919931	13.5874575	15.1302575
13.2914912	13.9006844	15.4790512
13.05048	13.6486244	15.1983713
11.9598031	12.5079594	13.9281869
12.1268463	12.68266	14.1227238
11.98675	12.5361438	13.9595713
12.4176231	12.9867631	14.4613575
12.3429169	12.908635	14.374355
12.59225	13.1693956	14.664725
13.598305	14.2215606	15.83636
15.8558037	16.5825281	18.4654075
18.0819831	18.91074	21.0579763
23.6935781	24.7795325	27.5931487
31.1608481	32.5890525	36.2894069
45.1413519	47.21033	52.5708694
263.731343527414	266.971152927414	275.365208627414
387.12944980729	390.69750170729	399.94200610729
61.8038625	64.6365381	71.9757513
41.7001569	43.6114119	48.5633081
30.2896694	31.677945	35.2748469
21.329715	22.3073244	24.8402294
17.1636569	17.9503244	19.9885087
14.5400812	15.2065031	16.9331363
13.4523188	14.0688831	15.6663456
9.39269019	9.82318775	10.9385703
8.82866475	9.23331125	10.281716
8.74114325	9.14177894	10.1797898
9.31743263	9.74448131	10.8509286
9.391516	9.82195988	10.9372031
9.5149885	9.951091	11.080998
9.49605162	9.93128844	11.058945
9.49533363	9.93053613	11.0581091
8.94453862	9.35449563	10.41666
9.13465906	9.55333019	10.6380711
9.12266144	9.54078319	10.6240993
9.68998787	10.134111	11.2847981
10.4765875	10.9567645	12.2008619
11.8579437	12.4014312	13.8095638
15.3929412	16.0984513	17.9263663
21.2145969	22.1869325	24.7061681
30.1632581	31.5457394	35.1276294
43.1905013	45.1700662	50.2989412
38.5529725	40.3199819	44.8981512
26.4745669	27.6879844	30.8318413
19.8797525	20.7909081	23.15163
15.0754662	15.7664244	17.5566381
11.37743	11.898895	13.2499656
10.2779324	10.7490051	11.9695106
7.251831	7.5842065	8.44536187
7.05471869	7.37805975	8.21580825
6.79394194	7.10533081	7.91211188
6.8985165	7.21469825	8.03389769
7.0965295	7.42178675	8.26450019
7.06268306	7.38638906	8.22508319
6.97912219	7.29899819	8.12776969
7.072497	7.39665256	8.23651237
6.91365794	7.23053381	8.05153156
6.996877	7.31756694	8.14844687
7.05656063	7.37998588	8.21795319
7.19485363	7.52461781	8.37900719
7.82816225	8.1869525	9.11654725
9.27555406	9.70068375	10.8021571
11.2743632	11.7911049	13.1299375
13.2548606	13.8623731	15.4363906
16.8751681	17.6486144	19.6525406
19.8339631	20.7430181	23.0983025
20.6065925	21.5510625	23.9980962
17.2318156	18.0216056	20.0678856
13.7994931	14.4319687	16.07066
10.8269063	11.3231394	12.6088356
8.94617325	9.35620637	10.4185656
8.16334006	8.53749319	9.5068905
6.04882819	6.32606612	7.04436494
5.76090869	6.02495006	6.7090585
5.56842969	5.82364919	6.48490075
5.67683969	5.93702806	6.61115331
5.70117844	5.96248206	6.6394975
5.62368675	5.88143881	6.54925206
5.68424625	5.94477381	6.61977869
5.82086487	6.08765419	6.77888256
5.99646756	6.27130537	6.98338669
6.6113745	6.91439575	7.69949688
7.16178094	7.490029	8.34049106
8.92678244	9.33592669	10.3959816
10.8322941	11.3287737	12.6151087
11.6635399	12.1981175	13.583165
10.5673372	11.0516734	12.306545
9.00386475	9.41654125	10.4857519
7.73501956	8.08954094	9.008075
6.64947644	6.95424394	7.74386994
5.30664475	5.54986581	6.18003012
4.92704863	5.15287144	5.73795888
4.90737113	5.13229231	5.715043
4.96143588	5.188835	5.77800594
4.93060469	5.15659056	5.74210037
5.13487563	5.37022381	5.97999056
5.62763019	5.88556312	6.55384475
6.26136431	6.54834344	7.29188081
7.39695113	7.73597769	8.6143665
7.46454494	7.80666969	8.693085
6.91580825	7.23278263	8.05403556
5.76068437	6.0247155	6.70879731
4.89463194	5.118969	5.70020706
4.62012138	4.83187694	5.38051656
4.65863856	4.87215938	5.42537331
4.99599131	5.22497406	5.81824869
5.39476562	5.64202556	6.28265444
5.45071431	5.70053837	6.34781112
4.79241012	5.012062	5.58116119
