#?RADIANCE
genskyvec -m 1
NROWS=146
NCOLS=1
NCOMP=3
FORMAT=ascii

26.5847763	27.8032462	30.9601888
38.7371519	40.5126019	45.1126412
38.5976094	40.366665	44.9501331
38.6093156	40.3789075	44.9637675
38.1394512	39.8875081	44.4165713
36.2955394	37.9590831	42.2691819
36.2755194	37.9381475	42.2458675
37.0093356	38.7055962	43.1004569
37.7250081	39.4540706	43.9339187
39.36704	41.1713625	45.8462038
45.3063238	47.382865	52.7629944
48.2363656	50.4471987	56.1752687
53.383575	55.8303225	62.1696269
56.7154631	59.3149187	66.0498875
58.3270994	61.0004225	67.9267725
58.3036081	60.975855	67.8994144
56.7924413	59.3954262	66.1395344
53.0713925	55.5038288	61.8060606
49.0070638	51.2532194	57.0728119
43.9650769	45.9801413	51.2009988
42.4576731	44.4036463	49.4455
38.8822981	40.6644019	45.2816781
37.873115	39.6089656	44.1064012
35.7165238	37.3535281	41.5948694
36.7357206	38.4194394	42.7818087
37.6584938	39.3845069	43.8564581
38.8599187	40.6409956	45.2556144
40.0123631	41.8462619	46.5977331
38.8973019	40.6800931	45.2991506
39.1510075	40.9454269	45.5946125
38.5594106	40.3267156	44.9056481
25.3254394	26.4861875	29.4935869
23.3716425	24.4428419	27.218225
25.1377887	26.2899375	29.2750513
24.411845	25.5307213	28.4296287
24.7454713	25.8796363	28.8181638
24.6585431	25.7887263	28.7169306
27.06465	28.3051131	31.5190444
29.59295	30.9492925	34.4634569
32.4948325	33.9841769	37.84294
34.8385981	36.4353656	40.5724519
40.8777963	42.75136	47.6056025
47.1101275	49.2693406	54.8636712
53.0992481	55.5329612	61.8385013
57.5485906	60.1862331	67.0201344
57.6686669	60.3118125	67.1599712
53.7571981	56.2210694	62.6047412
49.3076519	51.5675862	57.4228744
42.1343231	44.0654794	49.0689344
36.2532087	37.9148125	42.219885
31.6065794	33.0552125	36.8084969
28.8025456	30.12266	33.542965
26.8791706	28.111135	31.3030363
24.2400606	25.3510631	28.2295719
25.0547781	26.2031212	29.1783794
25.0696006	26.2186231	29.1956394
25.4587569	26.6256162	29.6488456
24.4194706	25.538695	28.43851
25.1314575	26.2833144	29.2676775
24.5907581	25.7178337	28.6379887
25.0543519	26.2026763	29.1778819
17.4698213	18.2705194	20.3450637
17.0508575	17.8323544	19.857145
17.4078538	18.2057125	20.2728969
18.8847	19.7502506	21.9928094
20.2070675	21.1332262	23.5328162
22.6420469	23.6798056	26.3685519
26.3818731	27.5910412	30.7238888
32.3891906	33.8736937	37.7199119
39.9895769	41.8224306	46.5711981
51.7652819	54.1378569	60.2849894
62.9478231	65.8329281	73.3079913
66.159225	69.19152	77.0479344
59.1744581	61.8866188	68.9135925
48.6008562	50.8283937	56.5997488
37.1324988	38.834405	43.2438913
29.7341763	31.0969919	34.6279275
24.01272	25.1133012	27.9648144
21.81674	22.8166719	25.4074131
19.3806394	20.2689175	22.57037
17.9699931	18.7936169	20.9275556
17.85442	18.6727444	20.7929581
17.6995831	18.5108144	20.6126406
17.0223763	17.8025675	19.8239769
17.5310294	18.3345344	20.4163456
14.86741	15.5488331	17.3143381
15.2416756	15.9402519	17.7502038
15.8616875	16.5886819	18.4722581
16.8184663	17.5893125	19.5865075
19.1031887	19.9787512	22.2472562
21.3036269	22.2800431	24.80985
26.8532463	28.0840188	31.2728444
35.0381137	36.6440256	40.8048044
49.1689037	51.42248	57.2612906
66.6752925	69.7312425	77.6489375
91.9721431	96.18753	107.109235
106.942557	111.844081	124.543513
87.4465269	91.454485	101.838767
57.7303275	60.3762994	67.2317819
41.0173719	42.8973338	47.7681513
31.928305	33.3916831	37.1831713
24.9213069	26.0635312	29.0229406
20.84248	21.7977594	24.2728056
18.1175031	18.9478894	21.0993437
16.5393194	17.2973713	19.2614188
15.6882988	16.4073438	18.2703306
15.2178656	15.9153519	17.7224744
14.8866356	15.5689394	17.3367294
14.9089031	15.5922281	17.3626625
14.8249231	15.5043975	17.2648575
15.548145	16.2607669	18.10711
17.1716481	17.9586819	19.9978162
19.8888106	20.8003819	23.16218
24.5398325	25.6645731	28.5786806
37.3760531	39.0891213	43.52753
56.0667538	58.6364769	65.2944081
106.140456	111.005225	123.60941
5477.90660561486	5485.27065561486	5504.35032361486
2208.0042975163	2212.9759435163	2225.8570585163
67.0223137	70.0941681	78.0530731
40.7587806	42.6268906	47.4669975
27.66782	28.9359275	32.2214844
20.8082681	21.7619787	24.2329631
17.8764513	18.6957894	20.8186194
15.8864456	16.6145719	18.5010875
14.885035	15.5672669	17.3348656
14.6383837	15.3093087	17.0476181
16.6461275	17.409075	19.3858044
19.13831	20.0154813	22.2881575
23.6817762	24.7671906	27.5794025
34.2185594	35.78691	39.8503675
55.9216675	58.4847419	65.1254456
2087.72320242004	2092.28680842004	2104.11071342004
90.9548519	95.1236069	105.924506
53.8601369	56.3287231	62.7246194
31.2020331	32.6321256	36.3373694
22.3855956	23.4116	26.0698925
17.4004962	18.1980187	20.2643287
16.9118088	17.6869325	19.6952125
22.0898925	23.1023456	25.7255225
28.3341856	29.6328356	32.9975219
43.2519819	45.234365	50.3705406
54.622805	57.1263481	63.6128106
32.3832337	33.8674637	37.712975
23.4248231	24.4984594	27.2801606
31.7672181	33.2232156	36.9955738
