#?RADIANCE
genskyvec -m 1
NROWS=146
NCOLS=1
NCOMP=3
FORMAT=ascii

0.4804808	0.502502825	0.559559981
1.86282319	1.9482025	2.16941288
1.71510162	1.79371044	1.99737881
1.65032837	1.72596856	1.92194506
1.61995175	1.69419944	1.88656894
1.66844025	1.74491044	1.94303781
1.63892737	1.71404481	1.90866769
1.62323344	1.6976315	1.8903905
1.63110625	1.70586544	1.89955919
1.713191	1.79171225	1.99515394
1.57339569	1.64550969	1.8323505
1.6900635	1.76752488	1.96822013
1.62978075	1.70447881	1.89801556
1.64963638	1.72524481	1.92113919
1.70461294	1.78274094	1.98516394
1.71424606	1.79281556	1.9963825
1.86834744	1.95397994	2.17584625
1.81945281	1.90284431	2.11890456
2.07679325	2.17197944	2.41859888
2.29449469	2.39965881	2.67213031
2.39653294	2.50637387	2.79096237
2.78967506	2.91753525	3.24880937
2.89396687	3.02660681	3.37026563
3.21270456	3.35995338	3.74146238
3.21054713	3.35769719	3.73894981
2.75417925	2.8804125	3.20747163
2.55539181	2.672514	2.975967
2.28059544	2.38512275	2.65594369
2.20354256	2.30453819	2.56620906
2.01295937	2.10522006	2.34425912
1.9347415	2.023417	2.25316769
2.12318375	2.22049619	2.47262444
2.07045187	2.16534756	2.41121394
1.98471781	2.07568394	2.31136931
1.95583275	2.04547506	2.27773044
1.928948	2.01735806	2.24642062
1.92942369	2.01785537	2.24697481
1.89727375	1.98423206	2.20953338
1.88011887	1.96629094	2.18955519
1.88937981	1.97597625	2.20034037
1.93635856	2.02510837	2.255051
1.934644	2.02331525	2.25305431
1.95170212	2.04115494	2.27291975
1.957002	2.04669787	2.27909206
2.00696919	2.09895506	2.33728288
2.07169988	2.16665275	2.41266738
2.17010919	2.26957238	2.52727312
2.23846163	2.34105781	2.60687531
2.4283625	2.53966225	2.82803044
2.620137	2.7402265	3.05136812
2.83036944	2.96009444	3.29620119
3.04690094	3.1865505	3.54837025
3.29009719	3.44089331	3.83159275
3.45726337	3.61572119	4.02627156
3.42586931	3.58288813	3.98971037
3.22049044	3.36809606	3.75052962
2.99176288	3.12888525	3.48415744
2.7568985	2.88325625	3.21063837
2.53834675	2.65468775	2.95611681
2.37586531	2.48475894	2.76689325
2.23697	2.33949769	2.60513806
2.24576744	2.34869838	2.61538363
2.18749794	2.28775812	2.54752375
2.119978	2.21714362	2.46889125
2.05768444	2.15199494	2.396345
2.036783	2.1301355	2.37200369
2.02303637	2.11575894	2.3559945
2.02034025	2.11293906	2.35285469
2.02323919	2.11597081	2.35623056
2.05120037	2.14521375	2.38879387
2.06789031	2.16266869	2.40823075
2.10879731	2.20545037	2.45587025
2.18250056	2.28253181	2.541704
2.29475988	2.39993638	2.67243938
2.44235706	2.55429844	2.84432862
2.62892212	2.74941431	3.06159906
2.84292187	2.9732225	3.31081956
3.10051425	3.24262112	3.61080731
3.28572262	3.43631825	3.826498
3.33936694	3.49242112	3.88897137
3.21033525	3.35747563	3.73870306
3.01032425	3.14829725	3.50577344
2.79482737	2.92292356	3.25480956
2.57368369	2.69164412	2.99726938
2.39733775	2.50721569	2.79189981
2.34075912	2.44804375	2.72600919
2.25550369	2.35888088	2.62672231
2.195842	2.29648469	2.55724087
2.15790656	2.25681069	2.51306212
2.122433	2.21971119	2.47175019
2.1152235	2.21217119	2.46335425
2.11454281	2.21145919	2.46256131
2.1155855	2.21254994	2.46377569
2.13686106	2.23480037	2.48855294
2.15845194	2.257381	2.51369725
2.20787556	2.30906981	2.57125519
2.28748806	2.39233119	2.66397069
2.35778406	2.46584906	2.745836
2.49588169	2.61027625	2.90666244
2.65178056	2.77332031	3.08821944
2.79840419	2.92666431	3.25897487
2.96781156	3.10383594	3.45626388
3.09038344	3.232026	3.59900931
3.14894656	3.29327319	3.66721081
3.07990462	3.22106656	3.58680569
2.94726081	3.08234344	3.43233081
2.76064056	2.88716981	3.21499612
2.59680637	2.7158265	3.02419756
2.46257063	2.57543837	2.86786881
2.40075337	2.51078788	2.79587769
2.29903506	2.40440731	2.67741812
2.24287013	2.34566825	2.61200937
2.197575	2.29829712	2.5592595
2.18254175	2.28257487	2.54175175
2.18851919	2.28882606	2.54871287
2.20264581	2.30360037	2.56516481
2.24877875	2.35184794	2.61889063
2.31027394	2.41616138	2.69050663
2.413793	2.52442519	2.81106325
2.53147888	2.64750494	2.94811825
2.68523294	2.80830612	3.12717769
2.83703156	2.96706219	3.30396
2.92879963	3.06303625	3.41083144
2.89918619	3.0320655	3.37634431
2.80364469	2.93214506	3.26507825
2.66542981	2.78759519	3.10411525
2.51799013	2.63339813	2.93240963
2.41358462	2.52420731	2.81082081
2.33201612	2.43890006	2.71582737
2.26698156	2.37088475	2.64008913
2.24665356	2.34962525	2.61641556
2.27600062	2.38031744	2.65059269
2.34534144	2.45283606	2.73134556
2.43991463	2.55174388	2.84148381
2.5575675	2.67478925	2.97850075
2.70143544	2.82525113	3.14604669
2.73838931	2.86389888	3.18908287
2.68538225	2.80846213	3.12735156
2.54036362	2.65679675	2.95846519
2.44187456	2.553794	2.84376669
2.36855181	2.47711031	2.758376
2.36914525	2.477731	2.75906706
2.43695387	2.54864763	2.83803612
2.54471756	2.6613505	2.96353581
2.55662138	2.67379975	2.97739856
2.44514844	2.55721775	2.84757925
