#?RADIANCE
genskyvec -m 1
NROWS=146
NCOLS=1
NCOMP=3
FORMAT=ascii

24.1364213	25.2426731	28.1088744
36.9629412	38.657075	43.0464256
37.2504481	38.95776	43.3812544
37.5008269	39.2196131	43.6728394
37.7869294	39.5188294	44.0060313
37.4798194	39.1976425	43.6483738
36.95348	38.6471812	43.0354112
37.0080225	38.7042225	43.0989275
36.0768956	37.7304194	42.0145537
36.1118163	37.76694	42.0552213
37.0676063	38.7665362	43.1683194
37.4371338	39.1530006	43.5986637
38.5886981	40.3573444	44.939755
40.2635325	42.1089431	46.89024
42.6479206	44.6026163	49.6670619
46.2350744	48.3541806	53.8446006
53.0010013	55.4302131	61.724085
54.7323644	57.2409294	63.7404012
63.3376281	66.2406012	73.76195
67.3165294	70.4018675	78.3957088
64.0456381	66.9810613	74.5864869
63.1203012	66.0133137	73.5088538
55.0422256	57.5649919	64.1012619
50.7140381	53.0384288	59.0607263
45.9651638	48.0718994	53.5302669
41.0692588	42.9515987	47.8285775
39.4690056	41.278	45.9649487
37.7988987	39.5313469	44.0199688
37.1293037	38.8310637	43.2401688
36.4365169	38.1065225	42.4333625
36.4861762	38.15846	42.4911956
29.9568644	31.329885	34.8872656
28.5876269	29.8978906	33.2926737
30.1607313	31.5430994	35.1246869
29.71618	31.0781719	34.6069719
29.6114406	30.9686294	34.4849931
28.6950756	30.0102656	33.4178081
29.9365244	31.3086144	34.8635794
30.4624156	31.8586081	35.4760225
30.2176875	31.602665	35.1910169
28.7852019	30.1045231	33.5227687
30.5278494	31.9270419	35.5522269
32.2823131	33.7619175	37.5954462
35.8957856	37.5410081	41.8036369
40.003675	41.8371769	46.5876156
45.2278206	47.3007619	52.6715694
54.3684194	56.8603044	63.31656
62.8578019	65.7387806	73.2031519
74.4999281	77.9145081	86.7613794
80.3428419	84.0252206	93.5659413
79.2842863	82.9181475	92.3331625
70.9837219	74.2371406	82.6664656
59.5992831	62.330915	69.408335
49.5169237	51.7864481	57.6665875
42.748175	44.707465	49.783815
37.9914531	39.7327262	44.2442144
35.1311094	36.7412869	40.9131081
31.9470106	33.4112456	37.2049575
30.8863619	32.3019869	35.969745
29.7149269	31.0768594	34.6055075
29.7635612	31.1277213	34.6621475
23.1891231	24.2519581	27.0056681
22.4820012	23.512425	26.182165
22.3842788	23.4102225	26.0683581
23.2419956	24.3072537	27.0672425
23.2152756	24.27931	27.0361244
23.4527569	24.5276719	27.3126888
23.85628	24.9496919	27.7826288
24.869185	26.0090225	28.9622406
25.72992	26.9092081	29.9646363
29.1730637	30.5101613	33.9744662
33.7246925	35.2704075	39.2752181
43.7184425	45.7222019	50.91377
58.7276606	61.4193425	68.3932581
79.5809894	83.2284494	92.6786981
98.9334169	103.467871	115.216206
99.7329225	104.304009	116.147292
79.6482788	83.2988212	92.7570581
60.2599919	63.0219063	70.1777869
44.0739737	46.0940294	51.3278169
35.5614888	37.1913894	41.4143206
29.9540238	31.3269187	34.88396
26.8623875	28.0935806	31.2834919
24.3794106	25.4967988	28.3918556
23.7957869	24.8864256	27.7121781
20.44278	21.3797412	23.8073238
20.0986281	21.019815	23.4065287
19.7288419	20.6330794	22.9758819
19.8175163	20.7258175	23.0791494
20.1838388	21.1089325	23.5057644
20.3900238	21.3245644	23.74588
21.1425256	22.1115575	24.622235
22.6154356	23.651975	26.3375619
24.97586	26.1205862	29.0864719
28.5272181	29.8347144	33.2223238
35.4667681	37.0923275	41.3040113
48.4482594	50.6688044	56.4220375
63.8526	66.779175	74.3616769
99.7790531	104.352265	116.201041
1733.04513570409	1739.51886670409	1756.29176070409
1863.79654773036	1870.80107273036	1888.94915473036
108.999333	113.995133	126.938819
72.80652	76.1434819	84.7892637
48.7450762	50.9792231	56.767705
36.2372112	37.8980812	42.2012544
29.3925244	30.7396806	34.2300469
25.0837487	26.23342	29.2121163
22.7355	23.7775431	26.477385
21.5147663	22.5008587	25.0557394
20.3231275	21.2546038	23.6679756
19.42837	20.3188381	22.6259581
19.199055	20.0790094	22.3589
19.3976706	20.2867294	22.5902044
20.1513375	21.0749394	23.4679131
22.3569456	23.3816387	26.0365281
25.4920081	26.66039	29.6875687
33.5959794	35.135795	39.1253175
45.2839737	47.3594881	52.7369637
73.0900456	76.440005	85.11945
114.506743	119.754963	133.35265
5324.86942256249	5333.07064756249	5354.31931056249
124.923302	130.648952	145.483606
66.2381187	69.2740331	77.1398112
43.5905562	45.5884556	50.7648375
31.0657681	32.4896162	36.1786787
24.7636662	25.8986669	28.8393537
21.8482206	22.8495975	25.4440738
21.5701913	22.5588256	25.1202875
21.0009475	21.96349	24.4573537
21.0037831	21.9664569	24.4606575
22.814155	23.8598019	26.5689856
28.0252806	29.3097706	32.6377769
41.54554	43.4497087	48.3832462
65.7600456	68.774045	76.58306
92.0001437	96.2168169	107.14184
88.6330162	92.6953644	103.220541
52.4214262	54.8240738	61.0491219
31.9438269	33.4079188	37.2012519
25.4123862	26.5771206	29.5948419
26.761295	27.9878544	31.16576
26.4362944	27.6479581	30.7872706
32.1595775	33.6335575	37.45251
46.1882637	48.3052238	53.7900844
47.0035556	49.1578831	54.7395606
35.5072844	37.1346981	41.3511913
34.0018431	35.5602594	39.5979831
