#?RADIANCE
genskyvec -m 1
NROWS=146
NCOLS=1
NCOMP=3
FORMAT=ascii

26.227455	27.4295481	30.54406
37.8712862	39.6070531	44.1042706
37.6683206	39.3947837	43.8679006
37.6574838	39.38345	43.8552781
37.1980975	38.9030106	43.3202888
35.4423456	37.0667862	41.2755681
35.5394075	37.1682962	41.3886031
36.3806113	38.0480531	42.3682538
37.2896388	38.9987462	43.4268944
39.1059162	40.89827	45.5421019
45.11824	47.1861588	52.5439531
48.2300119	50.4405531	56.1678719
53.3188694	55.7626494	62.09427
56.457955	59.04561	65.7499963
57.732815	60.3789006	67.2346775
57.2291725	59.8521744	66.6481444
55.2483006	57.7805137	64.3412538
51.4569213	53.8153612	59.9258775
47.2509581	49.4166269	55.0276819
42.3456169	44.286455	49.3150013
41.01753	42.8974994	47.7683337
37.6001894	39.3235319	43.7885562
36.8085119	38.4955669	42.8665819
34.79804	36.3929481	40.5252162
35.9431875	37.5905813	41.8588369
36.9908663	38.6862781	43.0789481
38.2212106	39.9730181	44.5117887
39.3789019	41.1837669	45.8600163
38.2207231	39.972505	44.5112194
38.4307581	40.1921662	44.7558219
37.7597469	39.4904025	43.9743762
24.6884325	25.819985	28.75174
22.7621894	23.8054562	26.5084681
24.4861319	25.6084112	28.5161413
23.8060044	24.8971113	27.7240775
24.2111938	25.3208737	28.195955
24.2340925	25.3448212	28.2226213
26.6981125	27.921775	31.0921787
29.3517394	30.6970256	34.18255
32.450615	33.9379331	37.7914481
35.0455387	36.6517925	40.8134538
41.2531631	43.1439319	48.0427481
47.5732419	49.7536806	55.4030075
53.2891312	55.7315475	62.0596381
57.1699094	59.7901956	66.5791275
56.5547563	59.1468469	65.8627281
51.9196613	54.2993113	60.4647756
47.3100175	49.4783925	55.0964594
40.1144875	41.9530656	46.7166644
34.5079219	36.0895331	40.1873531
30.1170556	31.4974194	35.0738244
27.5521362	28.8149425	32.0867606
25.8428413	27.0273025	30.0961425
23.3883919	24.4603594	27.2377313
24.321355	25.4360813	28.3242462
24.4275231	25.5471175	28.4478881
24.8676037	26.0073681	28.9603981
23.8663975	24.9602744	27.7944106
24.5727262	25.6989762	28.6169894
24.0214344	25.1224163	27.9749625
24.4524937	25.5732325	28.4769669
17.0052744	17.7846831	19.8040612
16.6084956	17.3697181	19.3419781
16.9939531	17.7728419	19.7908756
18.5065413	19.3547575	21.55241
19.9209031	20.8339425	23.1995525
22.4924388	23.5233431	26.1943237
26.4352538	27.6468681	30.7860556
32.753295	34.2544881	38.1439444
40.7713869	42.6400737	47.48168
52.80529	55.2255313	61.4961625
63.5959544	66.5107644	74.0627906
64.8735881	67.8469612	75.5507056
56.5241913	59.1148825	65.8271344
45.7547837	47.8518763	53.2852606
34.8859381	36.4848756	40.6275831
28.0432456	29.3285612	32.6586987
22.7821656	23.8263481	26.5317319
20.83939	21.7945269	24.2692069
18.6210287	19.4744937	21.6857431
17.3294938	18.1237606	20.1816406
17.30504	18.0981875	20.1531619
17.1986619	17.9869362	20.0292781
16.5501775	17.3087275	19.2740619
17.0612287	17.8432	19.8692231
14.4529619	15.1153881	16.83168
14.8508669	15.5315306	17.2950738
15.5131506	16.2241688	18.0663563
16.51333	17.2701912	19.23115
18.897765	19.7639119	22.0080219
21.2053894	22.1773031	24.695445
27.0424069	28.2818494	31.4931394
35.6972675	37.3333919	41.5724444
50.6774725	53.0001875	59.0181419
69.0231831	72.1867431	80.3832519
93.9396794	98.2452462	109.400593
103.70984	108.463217	120.778778
82.0279306	85.787545	95.5283706
53.4151138	55.8633038	62.2063531
37.984075	39.7250119	44.235625
29.7093419	31.0710187	34.5990044
23.3867294	24.4586175	27.2357944
19.7145069	20.6180869	22.959185
17.2729856	18.0646631	20.1158331
15.8574956	16.5842969	18.4673769
15.10971	15.8022375	17.5965163
14.7113475	15.3856163	17.1325906
14.4193931	15.0802812	16.7925869
14.46895	15.13211	16.8503
14.3829881	15.042205	16.750185
15.1576056	15.8523287	17.6522956
16.8381725	17.6099206	19.6094556
19.6702956	20.5718519	22.9077
24.5073006	25.6305494	28.5407944
37.9408044	39.6797562	44.1852313
57.7039081	60.3486694	67.2010138
110.736257	115.811665	128.961614
5898.32570063292	5905.44233863292	5923.88090663292
1853.98784875397	1858.51230475397	1870.23476975397
60.823835	63.611595	70.8344288
37.4495944	39.1660331	43.613175
25.7659944	26.9469369	30.00665
19.6175213	20.5166569	22.8462381
16.99016	17.7688756	19.7864587
15.210605	15.9077581	17.7140188
14.334735	14.9917419	16.693995
14.1510438	14.7996344	16.4800713
16.1292781	16.868535	18.78389
18.66422	19.5196644	21.7360419
23.350455	24.4206831	27.1935519
34.2189031	35.7872687	39.8507681
56.1038063	58.6752287	65.33756
1972.67185012827	1977.10290472827	1988.58338272827
83.1752144	86.9874119	96.8644731
49.3222462	51.5828494	57.43987
28.9951325	30.3240762	33.7672525
21.1076237	22.0750569	24.5815881
16.62036	17.3821275	19.3557956
16.2627119	17.0080837	18.9392831
21.2877062	22.2633912	24.7913087
27.5225656	28.7840162	32.0523231
41.9487081	43.8713556	48.85277
51.6809581	54.0496656	60.1867862
30.5211306	31.9200156	35.5444025
22.2972563	23.3192131	25.9670144
30.4110081	31.8048425	35.4161519
