#?RADIANCE
genskyvec -m 1
NROWS=146
NCOLS=1
NCOMP=3
FORMAT=ascii

26.9972912	28.2346681	31.4405969
36.6072275	38.2850556	42.6321681
37.49259	39.2109994	43.6632456
38.0333331	39.7765269	44.2929894
37.8248175	39.5584525	44.0501531
35.55398	37.1835369	41.4055769
34.7650063	36.3584013	40.4867481
34.4564331	36.0356844	40.12739
33.2915213	34.81738	38.7707525
32.7387975	34.2393256	38.1270612
37.2838644	38.9927075	43.4201706
37.3417056	39.0532006	43.48753
41.5120631	43.4146975	48.3442569
44.5902781	46.6339981	51.9290963
47.325655	49.4947462	55.1146713
51.1951662	53.5416106	59.62104
54.3887013	56.8815156	63.3401769
54.4053925	56.8989725	63.3596187
53.9103525	56.3812425	62.7831006
50.3221263	52.6285569	58.6043131
47.9304744	50.127285	55.8190338
43.4650181	45.4571631	50.6186387
40.4678369	42.3226113	47.1281706
36.9339081	38.6267112	43.0126156
36.1212106	37.776765	42.0661619
35.4358231	37.0599638	41.2679725
35.5210587	37.1491038	41.367235
36.2036069	37.8629375	42.1621206
35.1565019	36.7678413	40.94268
35.778045	37.4178706	41.6665163
35.8604137	37.5040137	41.7624406
23.6745975	24.7596825	27.5710425
22.0087331	23.0174656	25.631005
23.8651231	24.9589387	27.792925
23.0289813	24.084475	26.8191694
22.8050037	23.8502306	26.5583275
21.8407794	22.8418144	25.4354094
23.3340863	24.4035631	27.17449
24.3217125	25.4364569	28.3246637
24.9735313	26.1181512	29.0837594
24.7651144	25.9001825	28.84104
27.9979887	29.2812294	32.6059937
31.4534931	32.8951125	36.6302188
36.6252375	38.303895	42.6531419
42.0311925	43.95762	48.9488262
46.6481794	48.7862187	54.3256944
51.2287862	53.5767706	59.6601931
52.6903125	55.1052844	61.3622631
51.0695856	53.4102731	59.4747912
45.9731212	48.0802213	53.5395344
40.4014063	42.253135	47.0508069
35.5689431	37.1991856	41.4230012
31.3847263	32.8231919	36.5501313
27.02496	28.2636031	31.47282
26.007295	27.1992944	30.2876631
24.7131456	25.8458312	28.7805206
24.1898419	25.2985438	28.1710906
22.70751	23.7482694	26.4447881
23.044225	24.1004175	26.8369212
22.5748669	23.6095494	26.2903156
23.1384131	24.1989244	26.9466131
16.2291988	16.973035	18.9002537
15.7190813	16.4395369	18.30618
15.7728238	16.4957431	18.3687681
16.6743444	17.4385819	19.4186644
16.9619469	17.7393706	19.753605
17.7813925	18.5963738	20.7079156
19.1672975	20.0457981	22.3219162
21.6261219	22.6173181	25.1854219
24.4805031	25.6025238	28.5095856
30.5007456	31.8986956	35.5206619
37.941945	39.6809487	44.18656
49.2299988	51.4863719	57.3324375
58.5859538	61.27114	68.2282262
61.3348906	64.1460706	71.4295944
53.1782162	55.6155488	61.9304669
42.6854131	44.6418269	49.7107225
32.5117675	34.0018887	37.8626638
27.1879375	28.4340513	31.66262
22.2766631	23.2976781	25.9430338
19.5198419	20.4145006	22.7324831
18.09204	18.9212569	21.0696894
17.1993681	17.9876731	20.0300988
16.1784756	16.91999	18.8411869
16.3828669	17.1337488	19.0792156
13.8110787	14.4440875	16.084155
13.8287431	14.4625619	16.1047256
13.8786675	14.5147725	16.1628669
14.2257106	14.8777238	16.5670275
15.1349994	15.8286875	17.6259694
15.9505981	16.6816669	18.5758019
18.0762256	18.9047169	21.0512706
21.2185125	22.1910275	24.7107294
26.4417119	27.6536231	30.7935788
33.4294256	34.9616069	38.9313544
46.4992431	48.6304556	54.1522444
69.1855131	72.3565125	80.5723006
84.07266	87.925985	97.9096163
85.8920269	89.8287412	100.028427
69.7238694	72.9195431	81.1992575
53.6503669	56.10934	62.4803238
38.2245456	39.9765037	44.5156713
28.8333725	30.1549	33.5788663
22.4932369	23.5241769	26.1952512
18.9185256	19.7856244	22.0321994
16.805055	17.5752881	19.5708881
15.4071681	16.11333	17.9429319
14.5657444	15.2333425	16.963025
14.1911544	14.8415831	16.5267837
13.8954706	14.5323469	16.182435
13.8198125	14.4532194	16.094325
14.3535481	15.01142	16.7159031
15.3434512	16.0466912	17.8687275
17.2405319	18.0307225	20.0780363
22.2366431	23.2558225	25.8964269
28.9445919	30.2712194	33.7083919
46.4185969	48.5461131	54.0583244
72.2463106	75.5575987	84.136855
3559.16879071323	3565.02424071323	3580.19523271323
3770.9405923923	3777.2852993923	3793.7238743923
77.3415056	80.88632	90.07063
45.417555	47.4991913	52.8925287
29.003345	30.332665	33.7768144
22.1682281	23.1842712	25.81675
17.7941087	18.6096706	20.7227225
15.4072069	16.1133706	17.9429763
14.359555	15.0177	16.7228975
15.5177725	16.2290038	18.0717406
16.4205075	17.1731137	19.12305
18.0390675	18.8658556	21.0079988
22.3719494	23.3973294	26.054
32.6523094	34.1488738	38.0263362
60.1924838	62.9513037	70.0991656
2677.98743240431	2682.82941140431	2695.37461140431
91.4180369	95.6080219	106.463924
48.5311063	50.7554469	56.5185212
29.2908675	30.6333644	34.1116569
19.5145988	20.4090169	22.7263775
17.2240875	18.0135256	20.0588863
20.9549125	21.9153462	24.4037444
23.7348675	24.8227163	27.6412331
33.9014894	35.4553056	39.4811094
51.9472237	54.3281356	60.4968738
37.6859825	39.413255	43.8884687
25.6477531	26.8232719	29.8689456
30.2875281	31.6757056	35.2723531
