#?RADIANCE
genskyvec -m 1
NROWS=146
NCOLS=1
NCOMP=3
FORMAT=ascii

0.63035685	0.659248206	0.73410315
9.35084212	9.77942175	10.8898337
8.67909963	9.07689212	10.1075361
8.51344231	8.90364163	9.91461362
8.65236138	9.04892744	10.0763962
9.22455975	9.64735188	10.7427687
9.28676837	9.71241106	10.8152157
9.43900844	9.87162794	10.9925118
9.51432787	9.95040169	11.0802279
10.0164713	10.475559	11.6650154
9.05467069	9.46967656	10.5449194
9.51338269	9.94941206	11.079127
8.83944994	9.24459056	10.2942761
8.64236181	9.03847025	10.0647507
8.69053906	9.08885544	10.1208573
8.69123881	9.08958669	10.1216732
9.73842087	10.1847657	11.3412035
9.91849519	10.3730916	11.5509141
12.5668091	13.1427875	14.6350988
16.7661944	17.5346444	19.5256294
21.6488587	22.641095	25.2118988
33.8306156	35.3811862	39.3985737
47.2562519	49.4221606	55.0338456
201.952152194091	205.053647194091	213.089351594091
79.4306463278569	81.9521581278569	88.4851694278569
32.3470231	33.8295931	37.6708056
22.4038294	23.4306725	26.0911281
16.05377	16.7895681	18.6959544
13.1655735	13.7689941	15.332405
10.8588207	11.3565148	12.646001
9.84346387	10.2946228	11.4635343
9.04419669	9.45872206	10.5327208
8.40998581	8.79544319	9.79412975
8.64815506	9.04452875	10.0714978
8.66342044	9.06049362	10.0892767
8.80464925	9.208195	10.2537484
8.74946625	9.15048344	10.1894829
9.18359587	9.60451069	10.6950628
9.40989619	9.84118281	10.9586091
9.27889644	9.70417913	10.806048
8.58931744	8.982994	10.0029766
8.640477	9.03649906	10.0625556
8.49217644	8.88140088	9.88984769
8.68826975	9.08648175	10.118214
8.56203012	8.95445613	9.971197
8.709179	9.10834906	10.142565
9.34309694	9.77132194	10.880816
10.7381356	11.2302992	12.5054538
12.1335994	12.6897225	14.1305875
15.5183769	16.2296356	18.0724431
19.7597119	20.6653644	23.0118313
27.2876544	28.5383388	31.7787494
39.9037069	41.7326275	46.4711956
69.9177819245484	71.9908369245484	77.3619444245484
43.1956331	45.1754313	50.3049169
31.1794956	32.6085531	36.3111225
23.0802819	24.1381275	26.8789131
16.201965	16.944555	18.8685381
12.8146188	13.401955	14.9236919
10.6513919	11.1395804	12.4044344
9.67000556	10.1132146	11.2615275
6.64477025	6.94932187	7.73838894
6.18473381	6.46820069	7.20263819
6.11279819	6.39296806	7.11886312
6.57351406	6.87479994	7.65540512
6.66268406	6.96805688	7.75925131
6.79069381	7.10193381	7.90832925
6.79030075	7.10152269	7.90787163
6.78805938	7.09917862	7.90526131
6.33531906	6.62568781	7.37800744
6.43687169	6.73189475	7.49627369
6.3724025	6.66447062	7.42119413
6.70534812	7.01267625	7.808937
7.15647756	7.48448244	8.33431463
7.95175594	8.316211	9.26048244
10.0774579	10.5393411	11.7360407
13.3620716	13.9745	15.5612475
17.8891481	18.7090669	20.833405
24.8359712	25.9742844	28.9235587
24.0521762	25.1545675	28.0107656
17.9754644	18.7993387	20.9339269
14.3802738	15.03937	16.7470269
11.0916456	11.6000133	12.9171463
8.23664706	8.61416	9.59226213
7.37980056	7.71804131	8.59439344
4.83097213	5.05239156	5.62606987
4.69667419	4.91193825	5.46966869
4.49126475	4.69711412	5.23045237
4.59487019	4.80546825	5.35110956
4.779582	4.99864612	5.56622187
4.75972237	4.97787644	5.54309381
4.69549494	4.91070487	5.46829544
4.77348913	4.992274	5.55912637
4.61857819	4.83026281	5.37871938
4.660233	4.87382669	5.42722994
4.64227044	4.85504088	5.40631087
4.63831637	4.85090575	5.40170612
5.03395344	5.26467613	5.86245863
5.89921706	6.1695975	6.87013013
7.01325213	7.3346925	8.16751687
7.9768755	8.34248181	9.28973594
9.84728656	10.2986196	11.4679848
11.4960422	12.0229446	13.3880993
12.4225884	12.9919567	14.4671394
10.9580009	11.4602432	12.7615071
9.18343087	9.60433713	10.6948694
7.37913063	7.71734069	8.59361312
6.06486819	6.342841	7.06304463
5.54648131	5.80069463	6.45933981
3.69886531	3.8683965	4.30763731
3.52826619	3.68997813	4.10896
3.39044281	3.545838	3.94845344
3.51152963	3.67247462	4.08946894
3.54018144	3.70243956	4.12283637
3.46560044	3.62444031	4.03598069
3.50182894	3.66232938	4.07817187
3.55855281	3.72165306	4.1442315
3.61508331	3.7807745	4.21006612
3.94511144	4.12592881	4.59441113
4.14169044	4.33151769	4.82334381
5.11980625	5.354464	5.96244119
6.10674181	6.38663394	7.11181012
6.57713781	6.87858969	7.65962569
6.08600244	6.36494387	7.08765738
5.38229613	5.62898444	6.2681325
4.75891931	4.97703625	5.5421585
4.09151306	4.27904069	4.76490812
2.99142	3.12852663	3.48375806
2.73179188	2.85699894	3.18139944
2.76672181	2.89352981	3.22207825
2.82564631	2.95515506	3.29070088
2.75737963	2.88375944	3.21119844
2.82987544	2.95957794	3.29562606
3.08034138	3.22152369	3.58731469
3.36299256	3.51712962	3.91648531
3.94110569	4.12173969	4.58974625
3.99860006	4.18186906	4.65670319
3.84564638	4.02190519	4.47857587
3.18776638	3.33387237	3.71241987
2.53565012	2.65186737	2.95297613
2.38344319	2.49268412	2.77571819
2.39728569	2.50716144	2.79183938
2.56625881	2.68387894	2.98862225
2.72347175	2.84829731	3.17171
2.79683725	2.92502544	3.25715006
2.40647719	2.51677369	2.80254325
