#?RADIANCE
genskyvec -m 1
NROWS=146
NCOLS=1
NCOMP=3
FORMAT=ascii

12.9181206	13.5102	15.04423
31.3291969	32.7651162	36.4854619
30.9667369	32.386045	36.0633481
31.5319425	32.9771544	36.7215744
33.1301594	34.6486256	38.5828362
36.521855	38.1957719	42.5327463
41.9520813	43.8748856	48.8566975
49.5100062	51.7792119	57.6585275
63.6418438	66.5587588	74.1162325
82.58238	86.3674	96.1740731
88.6476856	92.7106888	103.237612
102.371404	107.06343	119.220038
85.4472787	89.3636094	99.5104825
69.2135019	72.385785	80.6048963
56.11188	58.6836725	65.3469644
45.0421875	47.1066206	52.4553844
39.063205	40.8536006	45.4923619
34.5949044	36.1805044	40.2886519
32.5315338	34.0225619	37.8856831
31.0121612	32.4335519	36.1162475
31.608515	33.0572394	36.8107531
32.027595	33.4955256	37.2988063
32.3442381	33.8266819	37.6675637
32.4550506	33.9425719	37.7966119
34.1451238	35.7101062	39.7648425
33.9615394	35.5181088	39.551045
34.9712638	36.5741138	40.7269544
34.2493431	35.8191044	39.8862175
33.5232131	35.0596906	39.0405756
32.23035	33.7075737	37.5349306
31.4269612	32.8673625	36.5993163
24.1662206	25.2738381	28.1435787
23.0988281	24.1575237	26.9005119
25.4698687	26.6372362	29.6617875
26.9620562	28.1978169	31.3995625
31.3652256	32.8027969	36.5274206
36.9191412	38.6112662	42.9954181
46.8170775	48.9628606	54.5223919
63.3394088	66.2424619	73.7640219
89.09314	93.1765719	103.756384
118.779819	124.223887	138.329
126.899669	132.715894	147.785244
105.989644	110.847481	123.433763
78.2938831	81.8823506	91.1797437
56.1326175	58.7053594	65.3711125
42.8713044	44.8362387	49.9272088
33.484445	35.0191475	38.9954269
30.5887756	31.9907606	35.6231819
25.7304188	26.9097288	29.9652188
24.1996369	25.3087869	28.1824962
22.9070844	23.9569913	26.6772075
23.1468787	24.2077769	26.9564687
23.93678	25.0338813	27.8763762
23.0830987	24.1410731	26.882195
25.2558231	26.4133806	29.4125125
25.9251863	27.1134212	30.19204
26.3199744	27.5263044	30.6518025
24.9087575	26.0504063	29.0083244
24.9638906	26.1080669	29.0725313
23.9741637	25.07298	27.9199137
24.0497	25.1519775	28.0078806
17.51068	18.3132513	20.3926462
17.6064544	18.4134163	20.504185
19.3546456	20.2417344	22.5401012
24.01264	25.11322	27.9647231
31.3169256	32.7522813	36.4711681
46.120345	48.2341925	53.7109881
73.9770006	77.3676094	86.152385
125.700659	131.461949	146.388894
2092.8707322896	2100.4813192896	2120.1996572896
105.671376	110.514637	123.063135
64.0831556	67.0202981	74.6301775
38.9374144	40.7220444	45.3458669
27.7389125	29.0102794	32.3042763
22.0238956	23.0333225	25.6486638
19.2746106	20.1580288	22.44689
18.06066	18.8884406	21.0331456
17.0917225	17.8750925	19.9047356
17.8649606	18.6837694	20.8052356
17.4895363	18.2911394	20.3680237
16.911145	17.6862394	19.6944381
17.6401812	18.44869	20.5434631
17.6711394	18.4810662	20.579515
16.7902375	17.55979	19.5536325
17.2970625	18.0898438	20.1438719
14.3641619	15.0225194	16.7282631
15.3995975	16.1054119	17.934115
17.3384487	18.1331287	20.19207
20.3527831	21.2856169	23.7025106
28.3588956	29.6586781	33.0262987
37.4659313	39.1831194	43.6322019
63.4790175	66.3884719	73.92661
1528.31796492271	1533.06128492271	1545.35085492271
2542.33312204217	2547.98153904217	2562.61609804217
85.3527837	89.2647931	99.4004463
51.6408919	54.0077638	60.1401244
32.8290856	34.3337519	38.2322081
25.2784894	26.4370856	29.4389075
19.3952169	20.2841625	22.5873469
16.5754156	17.3351231	19.3034531
15.0049187	15.6926419	17.4744775
14.1575981	14.8064856	16.4877
13.8603231	14.4955875	16.1415013
13.9350519	14.57374	16.2285287
13.8534431	14.4883894	16.1334881
13.9223475	14.5604556	16.2137363
13.9992644	14.6408975	16.3033106
13.8300087	14.463885	16.1061981
14.161655	14.8107312	16.4924294
13.0893112	13.6892369	15.243595
14.750245	15.4262962	17.1778894
17.7425931	18.5557938	20.6627294
24.3657981	25.4825638	28.3760031
35.4824481	37.1087262	41.32227
56.2489619	58.8270369	65.5066081
65.6334706	68.6416687	76.4356444
47.4500194	49.6248113	55.2595044
32.699575	34.198305	38.0813806
22.2151938	23.23339	25.8714444
17.1577031	17.9440981	19.9815744
14.49071	15.1548662	16.8756388
13.0475063	13.6455156	15.1949075
12.2798919	12.84272	14.3009594
11.9675694	12.5160825	13.937235
11.9317519	12.4786219	13.8955206
12.1363356	12.6925838	14.1337756
12.4119994	12.9808825	14.45481
13.1558944	13.7588719	15.3211369
15.6759456	16.394425	18.2559463
21.8361963	22.8370219	25.4300719
32.3867525	33.871145	37.7170756
34.4179331	35.9954213	40.0825525
27.0444713	28.2840094	31.4955419
19.705985	20.6091756	22.9492638
15.3333988	16.0361781	17.8570212
12.7804212	13.3661919	14.8838663
11.8752213	12.4195025	13.8296862
11.5902544	12.1214744	13.4978175
12.0084231	12.5588081	13.9848112
13.8976937	14.5346694	16.1850225
17.3257531	18.1198506	20.1772856
20.1905475	21.1159475	23.5135762
18.0157075	18.8414275	20.9807963
13.6846013	14.3118125	15.93686
12.61108	13.1890875	14.686655
15.373625	16.07825	17.9038681
