#?RADIANCE
genskyvec -m 1
NROWS=146
NCOLS=1
NCOMP=3
FORMAT=ascii

2.26645413	2.37033325	2.63947463
15.7699006	16.4926869	18.3653663
16.0640881	16.8003581	18.7079712
16.7680537	17.53659	19.5277981
18.6660963	19.5216263	21.7382269
23.382755	24.4544631	27.2311669
31.3754063	32.8134444	36.5392775
43.94159	45.9555781	51.1736462
74.3546037	77.7625206	86.5921338
495.157078051345	500.531506051346	514.456162051345
88.3602831	92.4101237	102.902922
67.446485	70.53778	78.5470531
39.20943	41.0065275	45.6626519
27.2460419	28.4948181	31.7302887
21.6018819	22.5919687	25.1571963
17.9556319	18.7785988	20.9108319
16.9184381	17.6938662	19.7029331
15.2105312	15.9076788	17.71393
15.574	16.2878088	18.1372225
15.35681	16.0606637	17.8842863
15.1125563	15.8052144	17.5998319
15.7310806	16.4520881	18.3201538
15.0619769	15.7523181	17.5409294
15.2568794	15.9561531	17.7679088
15.43608	16.1435662	17.9766031
14.6693119	15.3416556	17.0836356
15.1754869	15.8710275	17.6731194
14.7267406	15.4017156	17.1505181
15.339265	16.0423144	17.8638525
14.94452	15.6294775	17.4041394
15.3931113	16.0986262	17.9265612
14.3222944	14.9787338	16.6795094
14.1968881	14.8475762	16.5334594
15.8989844	16.6276888	18.5156931
17.70171	18.5130381	20.6151175
22.3982787	23.424865	26.0846637
29.3093656	30.6527094	34.1332012
42.7447338	44.7038675	49.7798075
70.2788725	73.4999863	81.84561
813.644000267558	819.336726267558	834.086116267558
565.496012674243	569.743422674243	580.748091174243
60.0452056	62.797275	69.9276512
38.2514394	40.00463	44.5469912
27.4854544	28.7452013	32.0091019
20.4924537	21.43169	23.8651694
17.1172919	17.9018356	19.9345162
15.169535	15.864805	17.6661894
15.170225	15.8655281	17.6669931
13.7614762	14.3922094	16.026385
13.6004137	14.2237669	15.8388169
13.1885363	13.7930106	15.3591506
13.2989988	13.9085363	15.487795
13.553275	14.1744656	15.7839194
12.9915819	13.5870269	15.1297787
13.70082	14.328775	15.9557481
13.917825	14.5557256	16.2084688
14.0308869	14.67397	16.3401388
13.5402088	14.1608025	15.7687037
13.715685	14.3443188	15.9730563
13.5616894	14.1832644	15.7937163
13.92515	14.5633862	16.2169969
10.4600448	10.9394626	12.1815938
10.5139319	10.9958195	12.2443513
11.6772781	12.2124863	13.5991644
15.2673381	15.9670919	17.7800875
21.1366094	22.10537	24.6153444
33.1186406	34.6365769	38.5694181
49.8419506	52.1263706	58.0451069
55.9778888	58.5435394	65.1909206
36.9425219	38.6357175	43.0226469
24.3184638	25.4330606	28.3208806
17.3026069	18.0956412	20.1503275
13.3398369	13.9512463	15.5353519
11.4431134	11.9675881	13.3264587
10.3878907	10.8640028	12.0975656
10.2042405	10.6719352	11.8836894
10.1457628	10.6107767	11.8155863
9.8016345	10.2508751	11.4148212
10.3100374	10.7825808	12.0068981
9.96327806	10.4199276	11.6030688
9.53998919	9.97723769	11.1101131
9.94612844	10.4019931	11.5830963
10.0403881	10.5005727	11.6928694
9.66950725	10.1126938	11.2609494
10.1310716	10.5954124	11.7984787
7.8520575	8.21194294	9.14437556
8.36727944	8.75077937	9.74439506
9.146113	9.56531044	10.6514116
10.6718844	11.1610121	12.4282994
14.4676156	15.1307138	16.8487431
17.9157119	18.7368494	20.8643419
22.8803262	23.9290075	26.6460487
24.98393	26.1290269	29.09587
19.4937144	20.387175	22.702055
15.3445031	16.0477894	17.8699512
11.6966197	12.2327159	13.6216894
9.36393356	9.793113	10.9050806
8.65563037	9.0523465	10.0802043
8.14830931	8.52177344	9.4893855
7.87615187	8.23714194	9.17243562
7.53919956	7.884746	8.78002669
7.45808919	7.799918	8.68556662
7.47562781	7.81826056	8.705992
7.61426169	7.96324856	8.86744294
7.566232	7.9130175	8.81150794
7.62067406	7.96995463	8.87491031
7.70734019	8.06059319	8.97584044
7.61094444	7.95977931	8.86357975
7.88099456	8.24220662	9.17807563
6.37356419	6.66568556	7.42254694
6.91773731	7.23480019	8.05628206
7.68059787	8.03262488	8.94469669
9.63701563	10.0787117	11.2231074
11.7903651	12.3307573	13.730865
12.6383931	13.2176519	14.7184625
11.9274919	12.4741687	13.8905594
9.50210506	9.93761875	11.0659949
7.99952456	8.36616919	9.31611319
7.01795831	7.3396145	8.17299775
6.32269769	6.61248813	7.36330875
6.25639925	6.54315062	7.2860985
6.17824837	6.46141794	7.19508556
6.04367775	6.32067969	7.03836675
5.92156656	6.19297156	6.89615819
5.97050525	6.24415331	6.95315119
6.12565606	6.40641481	7.13383719
6.19827106	6.48235813	7.21840338
5.62164413	5.87930244	6.54687312
5.963775	6.23711431	6.94531325
7.16241425	7.4906915	8.34122856
8.32366406	8.70516512	9.69360131
7.68869506	8.04109325	8.9541265
6.56170569	6.86245006	7.64165325
5.8836525	6.15331975	6.85200388
5.45217975	5.702071	6.349518
5.28495619	5.52718325	6.15477225
5.180327	5.41775838	6.03292269
5.28236756	5.52447587	6.15175763
5.25843494	5.49944631	6.12388581
5.09386281	5.32733137	5.932228
5.46884506	5.71950006	6.36892606
5.61686181	5.87430131	6.541304
5.32174025	5.56565306	6.19761031
4.86871156	5.09186062	5.67002056
4.86027331	5.08303563	5.6601935
5.009342	5.23893675	5.83379656
