#?RADIANCE
genskyvec -m 1
NROWS=146
NCOLS=1
NCOMP=3
FORMAT=ascii

23.0764862	24.1341563	26.87449
34.4693781	36.0492237	40.1424656
33.7943425	35.34325	39.3563306
33.7143681	35.2596069	39.2631919
33.5316469	35.0685113	39.0503969
32.7445838	34.2453775	38.1337994
33.9768494	35.5341206	39.5688744
35.9729006	37.6216569	41.8934438
38.8411944	40.6214144	45.23381
42.8281044	44.7910587	49.8768987
49.7581325	52.0387125	57.9474944
55.1492037	57.6768738	64.2258475
59.1643875	61.8760856	68.9018625
59.7315537	62.4692488	69.562375
57.351765	59.9803863	66.7909138
52.6973413	55.1126356	61.37045
47.6497594	49.8337044	55.4921162
43.4279244	45.41837	50.5754394
38.7981156	40.5763619	45.1836406
34.9682525	36.5709638	40.7234469
34.8303244	36.426715	40.5628175
32.626375	34.1217494	37.9961331
33.1034388	34.6206762	38.5517137
32.0378519	33.5062513	37.3107481
34.0837563	35.6459269	39.6933737
35.6710662	37.3059869	41.54193
37.0797169	38.7792031	43.1824231
37.9885269	39.7296675	44.2408062
36.4264981	38.0960456	42.421695
36.0843481	37.7382119	42.0232319
34.80428	36.399475	40.5324844
22.4577131	23.4870244	26.15388
20.6417175	21.5877975	24.0390025
22.2812975	23.3025237	25.9484294
22.0332656	23.0431225	25.6595744
23.2098262	24.2736094	27.0297781
24.2577231	25.3695344	28.2501412
27.6785775	28.9471775	32.2340106
31.9910344	33.4572881	37.2562269
37.5972494	39.3204569	43.7851325
43.3506331	45.3375356	50.4854275
52.0197712	54.4040088	60.5813613
59.026175	61.7315394	68.7409025
60.7359119	63.5196387	70.732035
57.8731256	60.5256425	67.3980812
50.9599531	53.2956138	59.3471137
41.9874669	43.9118925	48.8979075
37.1018119	38.8023113	43.2081544
30.2630975	31.6501544	35.2439
26.3969925	27.6068531	30.7415
23.46139	24.5367037	27.322745
22.2723362	23.2931513	25.9379931
21.8392994	22.8402669	25.4336844
20.3766175	21.3105456	23.73027
22.1473925	23.16248	25.7924862
22.7904975	23.8350594	26.5414338
23.4906281	24.5672813	27.3567956
22.5007481	23.5320313	26.2039962
23.06844	24.1257437	26.8651225
22.2945163	23.3163475	25.9638237
22.4672125	23.4969581	26.16494
15.42495	16.1319244	17.9636387
15.1666994	15.8618387	17.6628837
15.8538019	16.5804331	18.463075
17.9204756	18.7418306	20.8698888
20.3798631	21.3139406	23.7340494
24.6993044	25.8313556	28.7644006
31.505145	32.94913	36.69037
42.5687863	44.5198544	49.5749019
56.7544669	59.3557119	66.0953113
70.9564437	74.2086106	82.6346931
72.9435013	76.2867419	84.9487888
56.1381313	58.7111262	65.3775363
41.2264137	43.1159563	48.0115963
31.1554575	32.5834162	36.2831281
24.1556163	25.2627494	28.1312281
20.2635775	21.1923244	23.5986275
17.341805	18.1366381	20.1959787
16.7664169	17.5348775	19.5258906
15.6888038	16.4078725	18.2709194
14.982615	15.6693169	17.4485031
15.4777919	16.1871894	18.0251794
15.5885594	16.3030344	18.1541775
14.9674506	15.6534569	17.4308456
15.4705337	16.1795994	18.016725
12.9643612	13.5585613	15.0980806
13.5618919	14.18348	15.7939544
14.6084425	15.2779944	17.01275
16.089035	16.8264481	18.7370231
19.6765769	20.5784188	22.915015
23.3386044	24.40829	27.17975
33.1557719	34.6754088	38.6126594
48.9035806	51.1449937	56.9522975
77.0678606	80.60014	89.7519431
1807.47398667177	1812.30792867177	1824.83224367177
105.414847	110.246368	122.764384
72.3230694	75.6378756	84.2262444
49.9538662	52.2434175	58.175445
32.1136506	33.5855275	37.3990263
23.7864287	24.8766394	27.7012781
19.4893869	20.3826494	22.6970162
16.3925181	17.1438419	19.0904531
14.6622919	15.3343125	17.0754619
13.6347025	14.2596256	15.8787481
13.0384381	13.6360325	15.1843487
12.8212494	13.4088894	14.9314144
12.7812069	13.3670119	14.8847813
12.653015	13.2329444	14.73549
12.8488181	13.43772	14.9635194
12.6170775	13.1953581	14.6936394
13.7783094	14.409815	16.0459906
15.9874619	16.7202188	18.6187319
20.060105	20.9795256	23.3616656
27.1325031	28.376075	31.5980638
47.8194138	50.0111362	55.6896962
80.7111894	84.4104444	93.9949038
5766.64216616495	5773.03183516495	5789.58691016495
1773.51521556577	1777.80431926577	1788.91706216577
50.3479962	52.6556094	58.6344381
32.4443869	33.9314225	37.7841937
22.2752988	23.2962506	25.9414444
16.9950131	17.77395	19.7921094
14.128225	14.7757687	16.4534981
12.93613	13.5290344	15.0652019
12.2026025	12.7618875	14.2109481
11.9757469	12.5246344	13.9467556
12.1164156	12.6717525	14.1105788
13.8435256	14.47802	16.1219394
16.6688569	17.4328444	19.4122744
22.5723744	23.6069419	26.2874137
36.4476069	38.1181225	42.4462781
56.4661106	59.0541369	65.7594931
65.9246412	68.9461869	76.7747437
43.8317694	45.8407225	51.0457494
27.7583288	29.0305862	32.3268881
18.5110406	19.3594612	21.55765
14.9654987	15.6514181	17.4285719
12.9481669	13.5416256	15.0792206
13.2182738	13.8241106	15.3937819
17.176795	17.964065	20.0038081
23.0017975	24.0560469	26.7875113
33.0681225	34.5837444	38.5105863
33.8167738	35.3667075	39.3824519
20.7423956	21.6930888	24.15625
16.5295288	17.2871331	19.2500163
22.7077337	23.7485019	26.4450488
