#?RADIANCE
genskyvec -m 1
NROWS=146
NCOLS=1
NCOMP=3
FORMAT=ascii

0.707859144	0.740302775	0.824361081
10.4446828	10.9233962	12.1637032
9.7095965	10.1546188	11.3076336
9.53401694	9.97099194	11.1031572
9.70074575	10.1453631	11.2973267
10.3432534	10.8173203	12.0455818
10.4150881	10.8924455	12.12924
10.5896812	11.0750416	12.3325688
10.6624245	11.1511184	12.4172824
11.2136777	11.7276381	13.0592638
10.1462932	10.6113322	11.8162053
10.6424066	11.1301815	12.3939698
9.88886381	10.3421022	11.5164051
9.66855212	10.1116933	11.2598351
9.7279135	10.1737773	11.3289661
9.75446844	10.2015477	11.3598924
10.9688461	11.4715846	12.7741344
11.2183914	11.7325661	13.0647499
14.2776381	14.9320306	16.6275025
19.1402419	20.0175012	22.2904075
24.7518431	25.8863013	28.8255831
38.73403	40.50934	45.10901
53.9640188	56.4373662	62.8456
268.298721353316	271.799636953316	280.870208853316
101.190208985607	103.933665885607	111.041723985607
35.4428581	37.06732	41.2761625
24.7264744	25.85977	28.7960419
17.801745	18.6176575	20.7316163
14.6523106	15.323875	17.0638375
12.1038483	12.658608	14.095942
10.9848046	11.4882748	12.7927223
10.0290139	10.4886764	11.6796244
9.31074694	9.73748844	10.8431396
9.59923194	10.0391979	11.1791092
9.61618644	10.0569267	11.1988499
9.77653425	10.2246246	11.3855889
9.70413244	10.1489032	11.3012717
10.2059565	10.6737293	11.8856869
10.462727	10.9422684	12.1847188
10.3037463	10.7760025	11.9995719
9.49866675	9.93402275	11.0619881
9.5626305	10.0009169	11.1364794
9.39750819	9.82822631	10.9441815
9.63645931	10.0781288	11.2224628
9.50660312	9.9423225	11.0712321
9.68992956	10.1340518	11.2847319
10.442874	10.9215059	12.1615981
12.0810987	12.6348163	14.0694487
13.7087012	14.3370181	15.9649275
17.6415619	18.4501319	20.5450681
22.5598862	23.59388	26.2728694
31.3074613	32.7423869	36.4601506
46.0630856	48.1743088	53.6443038
100.173848760092	102.553534360092	108.719104360092
48.2762181	50.4888775	56.2216812
34.5253337	36.1077431	40.2076306
25.5298931	26.7000125	29.73169
17.9328144	18.7547356	20.8842587
14.1982769	14.84903	16.5350788
11.79929	12.3400894	13.741255
10.7180184	11.2092594	12.482025
7.27634806	7.60984712	8.47391431
6.75866287	7.0684345	7.87102644
6.67910031	6.9852255	7.77836919
7.20305187	7.53319138	8.3885545
7.29973812	7.63430919	8.50115381
7.44012256	7.78112813	8.66464319
7.43594431	7.77675806	8.65977675
7.43224563	7.77288994	8.65546963
6.91887775	7.23599281	8.05761019
7.04251488	7.36529644	8.20159569
6.97974081	7.29964531	8.12849025
7.37912525	7.717335	8.59360638
7.91576231	8.278568	9.21856544
8.84727731	9.25277637	10.3033916
11.3124872	11.8309769	13.1743356
15.1165325	15.8093737	17.6044638
20.3515069	21.284285	23.7010275
28.3867837	29.6878438	33.0587763
27.1254731	28.3687219	31.5898738
19.9859725	20.9019956	23.2753325
15.8762181	16.6038756	18.4891781
12.2083237	12.7678694	14.2176094
9.03457	9.44865431	10.5215101
8.09199213	8.46287456	9.42379931
5.22004969	5.45930187	6.07918312
5.07172625	5.30418019	5.90644812
4.83950706	5.06131763	5.63600975
4.95470856	5.18179925	5.77017138
5.15981938	5.39631106	6.00904
5.1348255	5.37017137	5.97993256
5.06016031	5.29208412	5.89297875
5.14890563	5.38489706	5.99633
4.97757869	5.20571756	5.79680556
5.03019156	5.26074175	5.85807731
5.01941169	5.24946794	5.8455235
5.02605081	5.25641137	5.85325544
5.48520725	5.73661263	6.3879815
6.48472012	6.78193638	7.55199738
7.76745094	8.12345887	9.0458445
8.86945638	9.27597238	10.3292213
11.0062012	11.5106517	12.8176371
12.8634072	13.4529788	14.9805094
13.8400314	14.4743644	16.1178694
12.1051473	12.6599669	14.0974531
10.0745351	10.5362838	11.7326362
8.05251831	8.42159181	9.37782931
6.58998356	6.89202419	7.67458537
6.01805756	6.29388512	7.00853025
3.94275837	4.12346781	4.59167081
3.75360881	3.92564931	4.37139056
3.59779069	3.76268925	4.18992719
3.73153269	3.90256119	4.34568081
3.76198031	3.93440431	4.38113994
3.67857025	3.84717106	4.28400175
3.72202319	3.89261594	4.33460637
3.79300662	3.9668525	4.41727237
3.8631645	4.04022613	4.49897725
4.24437481	4.43890837	4.94292825
4.46882194	4.67364288	5.20431581
5.58128519	5.83709381	6.499872
6.69391869	7.00072306	7.79562656
7.19776812	7.5276655	8.38240144
6.61852687	6.92187575	7.70782675
5.81415706	6.08063906	6.77107087
5.11843969	5.35303469	5.96084988
4.37805962	4.57872069	5.09861562
3.14720994	3.291457	3.66518838
2.85778331	2.98876506	3.328127
2.89646	3.02921431	3.37316925
2.96220313	3.09797075	3.4497325
2.88797738	3.02034281	3.36329044
2.97392531	3.11023044	3.46338419
3.25935019	3.40873675	3.795785
3.57556569	3.73944563	4.16404437
4.21914175	4.412519	4.91354231
4.27072881	4.46647056	4.97361994
4.09311631	4.28071725	4.76677531
3.361509	3.51557794	3.91475744
2.63459531	2.75534762	3.06820606
2.46666456	2.57972006	2.87263669
2.48353675	2.5973655	2.89228569
2.67398962	2.79654731	3.11408387
2.84397894	2.97432781	3.31205069
2.92299194	3.05696219	3.40406781
2.49085575	2.60501981	2.90080912
