#?RADIANCE
genskyvec -m 1
NROWS=146
NCOLS=1
NCOMP=3
FORMAT=ascii

13.4426	14.0587194	15.6550288
34.7079913	36.2987706	40.4203469
35.0557188	36.6624375	40.8253075
35.5534906	37.1830238	41.4050044
36.0578494	37.7105	41.9923738
35.77141	37.4109313	41.65879
35.20897	36.8227137	41.0037819
35.2192856	36.8335013	41.0157931
33.8496375	35.4010781	39.4207244
33.71932	35.2647888	39.2689606
34.9080919	36.5080437	40.6533844
34.6132863	36.1997294	40.3100594
35.652195	37.2862519	41.5199537
36.7193506	38.40232	42.7627462
38.328825	40.0855631	44.6371144
41.9755956	43.8994762	48.8840813
48.4820494	50.7041431	56.4613894
52.0948081	54.482485	60.6687487
61.9588987	64.7986806	72.156305
70.1053675	73.31853	81.6435494
70.1426044	73.3574706	81.68691
70.6806475	73.9201738	82.3135069
61.0237181	63.8206369	71.0672088
54.7802938	57.2910556	63.7962206
48.4981119	50.7209425	56.4800969
41.4071819	43.3050094	48.222115
39.0118831	40.7999281	45.4325913
36.4678938	38.1393375	42.4699031
35.2321544	36.8469612	41.0307819
34.0953662	35.6580681	39.706895
34.0826856	35.6448081	39.69213
25.8175694	27.0008763	30.0667144
24.241425	25.3524906	28.2311625
26.1502969	27.3488525	30.4542031
25.6640781	26.8403475	29.88796
25.6117369	26.7856069	29.8270019
24.5259388	25.6500438	28.5625025
25.9851075	27.17609	30.2618244
26.4831331	27.6969425	30.8418175
25.8821669	27.0684319	30.1419425
23.6464475	24.7302437	27.5382619
25.0480844	26.1961213	29.170585
26.1190262	27.3161481	30.4177831
29.175655	30.5128706	33.9774831
31.9468581	33.4110863	37.20478
35.70266	37.3390281	41.578725
43.2367325	45.2184156	50.3527806
52.7820219	55.2011981	61.4690669
64.4677331	67.4225025	75.07805
76.1380894	79.62775	88.6691562
80.2940794	83.9742231	93.5091537
75.1316475	78.5751794	87.4970681
63.1324719	66.02604	73.5230238
50.4156644	52.7263812	58.7132456
42.1831944	44.1165906	49.1258494
36.0920394	37.7462569	42.0321894
32.4531813	33.94062	37.7944375
28.3985044	29.7001019	33.0724269
27.0549294	28.2949469	31.5077219
25.5942612	26.7673319	29.8066525
25.5928062	26.7658106	29.8049575
18.1611006	18.9934838	21.1501156
17.4048119	18.2025325	20.2693556
17.3222	18.1161331	20.1731456
18.2748662	19.1124644	21.2826069
18.1890744	19.02274	21.1826944
18.2910738	19.1294138	21.3014812
18.4185262	19.2627081	21.4499113
18.9688081	19.8382106	22.0907581
19.0108419	19.8821725	22.1397119
21.2564325	22.2306844	24.7548875
23.9293363	25.0260963	27.8677069
30.5304463	31.9297575	35.5552512
40.7874212	42.6568431	47.5003531
57.0628369	59.6782156	66.4544331
80.5198019	84.2102931	93.7720225
95.4075388	99.7803731	111.11003
82.4170175	86.1944644	95.9814887
61.2107038	64.016195	71.2849688
41.6877269	43.5984131	48.5488338
31.54	32.9855837	36.7309619
25.4602106	26.6271337	29.6505363
22.0879275	23.10029	25.723235
19.3464475	20.2331575	22.5305506
18.7867744	19.6478338	21.8787656
14.9330525	15.6174812	17.3907837
14.6430994	15.3142406	17.05311
14.2340075	14.8863981	16.5766875
14.320515	14.9768706	16.6774344
14.588565	15.2572069	16.9895988
14.6141381	15.2839519	17.0193819
14.8889181	15.5713262	17.3393863
15.7190463	16.4395012	18.3061394
16.8484506	17.6206694	19.6214256
18.8190137	19.6815519	21.9163106
22.5225331	23.5548156	26.2293675
29.3088294	30.6521506	34.1325744
38.3427237	40.1000962	44.6532988
61.4921562	64.3105463	71.6127438
97.0144106	101.460911	112.981384
2077.34757461491	2083.57397361491	2099.70603061491
109.08175	114.081331	127.034803
69.0805056	72.2466912	80.4500069
43.5056469	45.4996519	50.6659538
30.4693994	31.8659144	35.4841569
23.6090225	24.6911019	27.494675
19.3950894	20.2840313	22.5872006
17.0928669	17.8762888	19.9060681
16.0241956	16.7586363	18.6615131
14.0915012	14.7373613	16.4107275
13.3470156	13.9587525	15.5437113
13.0207425	13.6175275	15.1637419
13.1212456	13.7226369	15.2807862
13.4631156	14.0801756	15.6789206
14.4624206	15.12528	16.8426931
16.0503956	16.7860381	18.6920225
20.1363819	21.0592994	23.4504975
25.9072406	27.0946537	30.1711413
39.8709369	41.698355	46.4330331
59.9594888	62.7076294	69.8278231
1643.55674432702	1648.40966532702	1660.98314632702
1258.23454242333	1263.05014642333	1275.52695942333
53.7339762	56.1967819	62.5776969
33.7102306	35.2552825	39.2583744
23.0788612	24.1366406	26.8772594
17.8957044	18.7159237	20.8410406
15.3945181	16.1000994	17.9282
14.2922056	14.947265	16.6444669
13.5686163	14.1905119	15.8017869
13.4035269	14.0178544	15.6095231
14.2399656	14.89263	16.5836281
16.6793281	17.4437962	19.4244688
23.1786	24.2409525	26.9934125
34.9358225	36.5370469	40.6856781
49.4376281	51.7035169	57.5742419
56.7051112	59.3040931	66.0378319
36.1198631	37.7753563	42.0645912
22.1789319	23.1954656	25.8292156
16.9953637	17.7743156	19.7925162
16.7744338	17.5432606	19.5352269
16.0543888	16.7902144	18.6966738
18.7042887	19.5615681	21.7827056
25.8288781	27.0127006	30.0798825
28.0559169	29.3418125	32.6734575
22.3911563	23.41742	26.07637
20.2063519	21.1324756	23.5319813
