#?RADIANCE
genskyvec -m 1
NROWS=146
NCOLS=1
NCOMP=3
FORMAT=ascii

12.9437713	13.5370269	15.0741
31.4397137	32.8807	36.6141681
31.9528837	33.4173913	37.2117987
32.6994425	34.1981656	38.0812275
33.6629194	35.2058006	39.2032769
34.1332338	35.6976719	39.7509956
33.9768213	35.5340931	39.5688419
34.15586	35.7213356	39.7773481
32.8218369	34.32617	38.2237656
32.5367469	34.0280144	37.8917544
32.564175	34.0566994	37.9236988
31.7439812	33.1989125	36.9685138
31.4941356	32.9376175	36.6775481
31.46874	32.9110581	36.6479738
32.0901581	33.5609556	37.3716631
34.522585	36.10487	40.2044306
39.7971619	41.6211963	46.3471138
44.1150156	46.1369519	51.375615
56.2625469	58.841245	65.5224256
74.8512956	78.2819769	87.1705725
86.0921169	90.0380025	100.261446
103.232501	107.96397	120.222844
91.7316225	95.9359744	106.829101
82.3634194	86.1384106	95.9190669
65.624835	68.6326387	76.4255938
49.2514587	51.5088169	57.3574319
42.0418319	43.9687475	48.9612213
36.3990375	38.0673263	42.3897156
33.6716056	35.2148888	39.2133956
31.5184856	32.9630838	36.705905
31.0260162	32.4480419	36.1323831
24.5686537	25.6947156	28.6122462
23.278185	24.3451	27.1093863
25.1677437	26.3212637	29.3099356
25.0954587	26.2456669	29.2257544
25.3877387	26.5513431	29.5661375
24.5426725	25.6675431	28.5819881
25.983435	27.1743425	30.2598769
26.3362625	27.5433406	30.6707738
25.3482206	26.5100131	29.5201169
22.65665	23.6950788	26.3855569
23.2616981	24.3278581	27.0901856
23.4058781	24.4786463	27.2580962
25.1963281	26.3511594	29.3432238
26.4974888	27.7119569	30.8585356
28.720485	30.0368406	33.4473994
34.12617	35.6902844	39.7427719
42.8840737	44.8495919	49.9420794
55.4660694	58.0082625	64.5948631
78.6654219	82.2709181	91.6124381
105.742746	110.589279	123.14625
126.720506	132.528525	147.576606
116.6075	121.952006	135.799156
88.9740594	93.0520356	103.617719
64.12829	67.0675031	74.6827431
48.1730469	50.3809769	56.10153
38.9757388	40.7621269	45.3905
31.1840944	32.6133656	36.3164788
27.6943237	28.9636456	32.2523488
25.2005744	26.3555994	29.3481706
24.5980156	25.725425	28.6464413
17.8220787	18.6389237	20.7552969
17.0833537	17.8663394	19.89499
17.0918731	17.8752506	19.9049113
18.1917663	19.025555	21.1858287
18.2002081	19.034385	21.1956606
18.2298025	19.0653344	21.2301262
18.0606888	18.88847	21.0331775
18.05933	18.8870475	21.0315938
17.3912594	18.1883588	20.2535719
18.4367838	19.2818019	21.4711713
19.6135194	20.5124725	22.8415794
23.30891	24.3772356	27.1451687
29.332825	30.677245	34.16052
40.1917231	42.0338438	46.8066137
63.8845206	66.8125569	74.3988494
105.801896	110.651146	123.215128
1986.50972710282	1994.29098310282	2014.45154610282
124.460538	130.164981	144.944694
69.8735269	73.0760606	81.3735469
45.0567369	47.1218362	52.4723281
31.6386638	33.0887675	36.8458625
24.8213025	25.9589444	28.9064788
20.1945694	21.120155	23.51826
18.7874394	19.64853	21.8795406
14.8020919	15.4805206	17.23827
14.4059325	15.0662037	16.77691
13.9838881	14.624815	16.2854037
14.0893981	14.7351625	16.4082781
14.3296319	14.9864044	16.6880494
14.2403425	14.8930244	16.5840662
14.145855	14.7942063	16.4740275
14.4695819	15.1327719	16.8510356
14.7223706	15.3971456	17.1454294
15.5925956	16.3072581	18.1588794
17.2474306	18.0379369	20.0860712
20.27716	21.2065281	23.6144437
24.7977237	25.934285	28.8790156
36.743465	38.42754	42.7908281
57.076845	59.6928656	66.4707444
85.9831525	89.9240338	100.134548
2553.06640340106	2559.21837040106	2575.15757040106
1474.88956639731	1479.87075639731	1492.77656339731
64.8943912	67.8687163	75.5749319
40.8395862	42.7114	47.5611038
28.6762606	29.9905881	33.3958962
21.5107131	22.49662	25.0510194
17.9173025	18.7385125	20.8661931
16.247295	16.9919631	18.9213312
13.82216	14.4556744	16.0970575
12.9261181	13.5185656	15.0535412
12.4807969	13.0528325	14.5349275
12.4891456	13.061565	14.5446512
12.5684206	13.1444719	14.6369719
12.8213162	13.4089606	14.9314931
13.4822413	14.1001763	15.7011925
15.2717213	15.9716756	17.7851938
17.7790963	18.5939712	20.7052406
23.8110431	24.9023813	27.7299456
31.921145	33.3841969	37.1748356
51.204625	53.5515025	59.6320556
70.5429056	73.7761188	82.1530981
56.3183331	58.8995894	65.5873944
37.2929081	39.0021663	43.4307012
24.97135	26.11587	29.0812225
18.6985894	19.5556075	21.7760662
15.4427444	16.1505369	17.984365
13.5203419	14.1400225	15.7455662
12.5043694	13.0774844	14.5623794
12.12949	12.685425	14.1258019
12.3801925	12.9476169	14.4177656
13.3578544	13.97009	15.5563344
16.1939694	16.9361919	18.8592256
21.2837538	22.2592594	24.7867075
28.3402406	29.6391669	33.0045737
37.5162438	39.2357387	43.6907944
31.0077631	32.4289513	36.1111262
21.5291481	22.5159	25.0724875
16.1003775	16.8383112	18.7502331
14.5979619	15.267035	17.0005456
13.4855969	14.1036863	15.7051044
14.4789394	15.1425556	16.86193
17.8763406	18.6956731	20.8184894
20.7393512	21.6899031	24.1527031
18.7348062	19.5934837	21.8182437
15.8919863	16.6203688	18.5075431
