#?RADIANCE
genskyvec -m 1
NROWS=146
NCOLS=1
NCOMP=3
FORMAT=ascii

1.66888269	1.74537306	1.943553
14.1194431	14.7665831	16.4432687
14.4024656	15.0625775	16.7728725
15.0609669	15.7512594	17.5397506
16.8400769	17.611915	19.6116744
21.2757931	22.2509313	24.7774325
28.9216369	30.2472112	33.6816594
41.1463794	43.0322544	47.91839
71.0919731	74.3503556	82.7925319
482.717331337475	487.963095337475	501.554478337475
79.5431006	83.1888256	92.6345756
57.3699519	59.9994075	66.8120944
33.337575	34.8655456	38.8243856
23.323145	24.39212	27.1617469
18.68772	19.54424	21.7634087
15.7196881	16.440175	18.3068887
14.9535037	15.6388719	17.4146
13.485149	14.1032163	15.7045806
13.8658688	14.5013869	16.14796
13.6812544	14.3083119	15.9329631
13.4365159	14.0523563	15.6479431
13.9851563	14.6261412	16.2868806
13.3460233	13.9577156	15.5425575
13.5137133	14.1330919	15.7378456
13.6606981	14.2868156	15.9090244
12.9620344	13.556125	15.0953687
13.4387519	14.054695	15.6505481
13.0515479	13.6497438	15.1996169
13.6503556	14.275995	15.8969781
13.315525	13.9258189	15.5070387
13.7585719	14.3891719	16.0230038
12.8376919	13.426085	14.9505631
12.7237781	13.3069519	14.8179019
14.26774	14.9216762	16.6159719
15.9043475	16.6332963	18.5219388
20.1721094	21.096665	23.492105
26.4153581	27.6260625	30.7628875
38.7866275	40.5643456	45.1702606
63.7653569	66.6879325	74.260075
565.55873592897	570.49918492897	583.29944792897
358.031034053121	361.341851553121	369.919894753121
48.311965	50.5262625	56.2633125
31.4257256	32.8660706	36.5978769
23.0885294	24.1467525	26.8885169
17.5521444	18.3566175	20.440935
14.8814662	15.5635331	17.3307081
13.3636888	13.9761913	15.5631306
13.4686037	14.0859144	15.6853125
12.2566094	12.81837	14.2738437
12.1306588	12.6866437	14.1271625
11.7568456	12.2957031	13.6918306
11.8429637	12.3857669	13.7921194
12.0534075	12.605855	14.0371975
11.5372544	12.0660456	13.4360938
12.1620244	12.71945	14.1636906
12.3596294	12.9261125	14.39382
12.4712781	13.0428781	14.5238431
12.0541394	12.6066194	14.0380481
12.2354638	12.7962556	14.2492181
12.1200781	12.6755806	14.1148412
12.4664306	13.0378081	14.5181962
9.31205531	9.73885756	10.8446653
9.34074094	9.76885888	10.8780717
10.3473712	10.8216244	12.0503769
13.50952	14.1287069	15.7329625
18.5610788	19.411795	21.6159231
28.5411025	29.8492356	33.2384931
40.9850356	42.8635181	47.7304938
43.57292	45.5700125	50.7443006
29.0609737	30.3929338	33.8439263
19.7427325	20.6476087	22.9920581
14.4329544	15.094465	16.8083781
11.458183	11.983348	13.3440094
9.99943825	10.4577456	11.6451797
9.15803863	9.57778237	10.6653006
9.04515906	9.459728	10.5338419
9.00611969	9.41889931	10.4883789
8.69077962	9.08910687	10.1211377
9.14090081	9.55985744	10.6453416
8.82134094	9.2256515	10.2731876
8.44154587	8.82844913	9.8308835
8.81410431	9.21808363	10.2647608
8.91154294	9.31998819	10.3782343
8.59084	8.98458631	10.0047494
9.01716788	9.43045288	10.5012437
6.92003956	7.237208	8.05896312
7.358361	7.69561913	8.56942481
7.98929956	8.35547563	9.30420556
9.26554294	9.69021256	10.7904977
12.3774706	12.9447713	14.4145975
15.0607594	15.7510444	17.5395106
18.5307175	19.3800425	21.5805662
19.7966913	20.7040406	23.0549
15.5124625	16.22345	18.0655562
12.4476381	13.0181537	14.4963131
9.729999	10.1759569	11.3313955
7.96188975	8.32680956	9.27228463
7.46684875	7.80907913	8.69576794
7.121289	7.44768113	8.29333475
6.92330719	7.24062531	8.06276869
6.63479881	6.93889362	7.7267765
6.56800325	6.86903656	7.6489875
6.58393669	6.8857005	7.66754356
6.70768275	7.01511806	7.81165569
6.665128	6.97061288	7.7620975
6.71785256	7.025754	7.82349975
6.80258137	7.11436619	7.92217338
6.71831363	7.02623613	7.82403662
6.96353044	7.282692	8.10961194
5.55815063	5.81289913	6.47293
6.00059356	6.27562038	6.98819156
6.59009725	6.89214331	7.67471763
8.14112	8.51425438	9.48101356
9.75211737	10.1990888	11.3571534
10.2233376	10.6919052	11.9059281
9.63661313	10.0782911	11.2226401
7.83596262	8.19511075	9.12563238
6.72267281	7.03079513	7.82911313
6.01460575	6.290275	7.00451
5.46574419	5.71625719	6.36531475
5.45157475	5.70143831	6.34881331
5.40029087	5.64780406	6.28908906
5.28379494	5.52596869	6.15341975
5.17416206	5.41131113	6.02574325
5.22036313	5.45962963	6.07954825
5.361112	5.60682931	6.24346188
5.42036538	5.6687985	6.31246731
4.85096519	5.07330119	5.64935388
5.09041681	5.32372744	5.92821513
6.01594269	6.29167319	7.006067
6.86514212	7.17979425	7.9950305
6.33671081	6.627143	7.37962813
5.49202869	5.74374644	6.39592519
5.00752037	5.23703144	5.83167481
4.686922	4.90173906	5.45831144
4.57445513	4.78411762	5.32733444
4.48920687	4.69496212	5.22805569
4.58595487	4.79614425	5.34072694
4.55031025	4.758866	5.29921581
4.35034581	4.54973669	5.06634056
4.61866869	4.83035769	5.37882506
4.71723294	4.93343931	5.49361106
4.50561844	4.71212581	5.24716837
4.16508919	4.35598875	4.8505935
4.17248562	4.36372438	4.8592075
4.25272562	4.447642	4.95265369
