#?RADIANCE
genskyvec -m 1
NROWS=146
NCOLS=1
NCOMP=3
FORMAT=ascii

13.7139069	14.3424613	15.9709894
31.9697281	33.435005	37.2314125
31.5793987	33.0267869	36.7768437
32.0897406	33.5605219	37.3711812
33.603285	35.1434325	39.1338281
36.8659119	38.5555981	42.9334294
42.0326687	43.9591663	48.9505488
49.2193944	51.4752819	57.3200887
62.651995	65.5235444	72.9634719
80.7218394	84.4215856	94.007315
86.5343231	90.500485	100.776439
100.776814	105.395754	117.363009
85.4294856	89.3450044	99.4897469
70.2118306	73.42987	81.7675313
57.4746219	60.1088725	66.9339887
46.2314969	48.3504381	53.8404319
40.1746881	42.0160256	46.7867738
35.4744338	37.1003438	41.3129362
33.3705688	34.9000525	38.8628106
31.7245775	33.1786194	36.9459181
32.1950906	33.6706981	37.4938681
32.5737331	34.0666956	37.9348275
32.823025	34.3274125	38.2251519
32.936655	34.4462513	38.3574819
34.5779431	36.1627637	40.2688969
34.3972719	35.9738125	40.05849
35.4241831	37.0477906	41.254415
34.7356369	36.3276875	40.4525475
34.0868181	35.6491275	39.6969406
32.8296106	34.3342981	38.2328181
32.064805	33.5344413	37.3421394
24.9507837	26.0943625	29.05727
23.8901631	24.9851287	27.8220869
26.2251269	27.4271112	30.5413487
27.6848744	28.9537631	32.2413444
32.0054381	33.4723531	37.2730025
37.4518456	39.1683881	43.6157975
47.0193937	49.1744475	54.7580062
62.889155	65.7715725	73.2396637
87.5350519	91.5470744	101.941869
116.480069	121.81875	135.650775
126.363269	132.154938	147.160575
108.488237	113.4606	126.343594
81.247055	84.970875	94.6189706
58.8053931	61.5006381	68.4837844
45.0513038	47.1161538	52.4660006
35.1407	36.7513156	40.924275
31.89886	33.3608888	37.1488806
26.8470744	28.0775625	31.2656575
25.1531106	26.3059594	29.2928938
23.7749631	24.8646487	27.6879275
23.9352687	25.0323019	27.8746175
24.6642775	25.7947237	28.72361
23.8002462	24.8910894	27.7173719
25.9326706	27.1212494	30.2007581
26.6043594	27.8237237	30.9829963
27.0084725	28.2463594	31.4536181
25.6373419	26.8123844	29.8568219
25.7116113	26.8900594	29.9433169
24.747865	25.8821425	28.8209531
24.8339806	25.9722031	28.9212412
18.3500819	19.1911288	21.3702019
18.4648112	19.3111144	21.5038112
20.2407769	21.1684788	23.5720744
24.9090038	26.0506669	29.0086119
32.2303831	33.70761	37.5349719
46.9400288	49.0914438	54.6655794
74.3508206	77.7585663	86.5877319
124.474064	130.179141	144.960431
1918.20169718656	1925.89469018656	1945.82660318656
112.910998	118.086086	131.494281
69.0413931	72.2057875	80.4044606
41.8202731	43.737035	48.703195
29.6713231	31.0312575	34.55473
23.4770819	24.5531131	27.3410187
20.4118406	21.3473831	23.7712906
19.0308287	19.903075	22.1629863
17.9574956	18.7805475	20.9130012
18.6718937	19.5276875	21.7449769
18.2724175	19.1099006	21.2797519
17.6949269	18.5059444	20.6072194
18.4226544	19.2670256	21.4547156
18.4646244	19.3109162	21.5035931
17.6035044	18.4103313	20.5007481
18.1214744	18.9520425	21.1039694
15.2537275	15.9528575	17.7642381
16.3296113	17.0780519	19.017195
18.360235	19.2017462	21.3820262
21.4697475	22.4537781	25.0033112
29.7271787	31.0896744	34.6197794
39.1323675	40.9259331	45.5729062
66.1520462	69.1840125	77.0395738
1493.99456311084	1498.98191511084	1511.90369511084
2949.54391018701	2955.79697918701	2971.99812218701
95.2815394	99.6486106	110.963304
57.2645112	59.8891337	66.6892994
36.1496231	37.8064794	42.0992513
27.6174637	28.8832631	32.1628381
20.9841888	21.9459631	24.4378375
17.8193319	18.6360512	20.7520994
16.0845519	16.8217613	18.7318031
15.1131975	15.805885	17.6005787
14.74549	15.4213231	17.1723519
14.7744706	15.4516331	17.2061025
14.676865	15.3495525	17.0924319
14.7418706	15.4175394	17.1681394
14.8244806	15.5039337	17.2643419
14.6700087	15.3423837	17.0844487
15.0126725	15.7007544	17.4835106
14.0547981	14.6989737	16.3679838
15.81977	16.5448412	18.4234412
19.0288063	19.9009594	22.1606331
26.0617369	27.2562331	30.3510669
37.9971338	39.7386656	44.2508287
61.4034856	64.2178112	71.5094769
73.302555	76.6622494	85.3669413
53.3658644	55.8117987	62.149
36.5103894	38.1837806	42.5193919
24.5293869	25.6536494	28.5665156
18.8247606	19.6875619	21.9230025
15.7530131	16.4750262	18.3456962
14.0961494	14.7422231	16.4161406
13.2210844	13.82705	15.3970563
12.8737162	13.46376	14.992515
12.8164425	13.4038631	14.9258162
13.0206631	13.6174425	15.1636481
13.3236019	13.9342662	15.5164462
14.2582444	14.9117494	16.6049163
17.0409119	17.8219525	19.8455644
23.7726144	24.8621906	27.6851912
35.5999569	37.2316206	41.4591187
38.3894787	40.148995	44.7077475
30.2917019	31.6800694	35.2772131
21.8952831	22.8988162	25.4988837
16.8946056	17.6689413	19.6751775
13.9611294	14.6010137	16.2588988
12.9217712	13.5140181	15.04848
12.5599537	13.1356169	14.6271125
13.0336675	13.6310419	15.1787944
15.2234331	15.9211744	17.7289581
19.0835312	19.9581925	22.2243637
22.4242038	23.4519781	26.1148538
20.0213419	20.9389881	23.3165237
15.0747475	15.7656744	17.5558038
13.8178212	14.4511381	16.0920069
16.9747662	17.7527756	19.7685319
