#?RADIANCE
genskyvec -m 1
NROWS=146
NCOLS=1
NCOMP=3
FORMAT=ascii

11.4161594	11.9394	13.2950706
26.2557706	27.45916	30.5770344
25.6259519	26.8004737	29.8435556
25.4272944	26.5927094	29.6122031
25.5568856	26.7282406	29.7631225
25.87961	27.0657581	30.1389637
25.5821387	26.7546525	29.7925344
25.7662913	26.9472456	30.006995
25.4195663	26.5846281	29.6032025
25.9797775	27.1705175	30.2556175
25.58699	26.759725	29.7981825
26.1764862	27.3762419	30.4847025
25.996825	27.188345	30.2754694
26.3479919	27.5556075	30.6844344
27.12429	28.3674856	31.5884975
28.6624462	29.9761438	33.3798113
32.9754437	34.4868175	38.402655
35.6779444	37.3131812	41.5499412
46.6586294	48.7971469	54.3378637
64.4361313	67.3894519	75.0412475
75.9607925	79.4423275	88.4626738
98.3670037	102.875486	114.55658
88.870455	92.9436775	103.497053
81.5680887	85.3066163	94.992835
62.258405	65.1119156	72.5051062
44.6576788	46.7044875	52.0075906
37.0395131	38.7371556	43.1356025
31.4647894	32.9069237	36.64337
29.2779319	30.6198356	34.0965938
27.11385	28.3565687	31.57634
26.4318019	27.6432588	30.7820381
22.7972606	23.8421344	26.5493113
21.5236975	22.5102019	25.0661413
22.3737037	23.3991669	26.0560444
22.0329069	23.0427481	25.6591569
21.9537456	22.9599581	25.5669675
21.3691194	22.3485375	24.8861237
22.267675	23.2882775	25.932565
22.6573569	23.6958188	26.3863806
22.36727	23.392435	26.0485506
20.9030406	21.8610956	24.3433337
21.5933319	22.5830256	25.147235
21.94066	22.9462731	25.5517281
23.4187506	24.49211	27.2730881
24.4293769	25.5490538	28.450045
26.2067394	27.40788	30.5199337
30.6173144	32.0206069	35.6564162
37.8017944	39.5343731	44.0233406
49.5322719	51.8025006	57.6844619
72.2351656	75.5459425	84.1238762
102.581814	107.283465	119.465056
133.546881	139.667775	155.526494
130.677613	136.666994	152.184981
99.8518594	104.428399	116.285825
68.0945338	71.2155325	79.3017644
49.0711794	51.3202737	57.14748
38.4184312	40.1792744	44.7414675
30.3191456	31.70877	35.3091737
26.548735	27.7655531	30.9182169
24.0968256	25.2012619	28.0627625
23.2606569	24.3267694	27.0889738
17.648355	18.4572369	20.5529819
16.8503825	17.6226913	19.6236756
16.60897	17.370215	19.34253
17.2157862	18.004845	20.04922
17.1351006	17.9204594	19.9552538
17.2013844	17.9897794	20.0324462
17.2194106	18.0086331	20.0534406
17.4322663	18.2312438	20.3013262
17.0516275	17.8331594	19.8580412
18.0074156	18.8327531	20.971135
18.9461994	19.8145644	22.0644287
21.8997169	22.9034537	25.5040475
26.9015669	28.1345569	31.3291181
36.3424819	38.0081769	42.3238512
57.7884194	60.4370544	67.2994325
98.0071469	102.499134	114.137484
2124.69892374	2133.06748574	2154.74968574
1475.644027695	1482.332402695	1499.661377695
78.0380669	81.6148081	90.8818412
48.2841319	50.4971538	56.2308969
32.653155	34.1497556	38.0273212
25.0717644	26.2208856	29.1981594
20.2863513	21.2161412	23.6251475
18.7583475	19.618105	21.8456587
15.0312494	15.7201812	17.5051431
14.5752231	15.2432537	16.9740631
14.0804369	14.7257912	16.3978444
14.0914594	14.7373175	16.4106794
14.2222006	14.8740513	16.5629406
14.1566744	14.80552	16.4866294
14.1410619	14.7891944	16.468445
14.4677844	15.1308894	16.84894
14.7092906	15.3834669	17.1301944
15.4227263	16.1296019	17.9610506
16.7031363	17.4686969	19.4521938
19.1024313	19.9779587	22.2463725
22.8709313	23.91918	26.6351056
33.0578613	34.5730125	38.4986369
50.4566681	52.7692656	58.761
74.3995319	77.80951	86.6444644
1603.25958653117	1608.55262153117	1622.26644553117
109.140627	114.142905	127.103373
68.875015	72.0317831	80.2107031
43.0215894	44.99341	50.1022288
29.6349	30.9931669	34.5123131
21.877915	22.8806519	25.4786556
18.16007	18.9924056	21.1489144
16.4780919	17.2333369	19.1901113
14.0530894	14.69719	16.3659962
13.1827431	13.7869519	15.3524037
12.72851	13.3118994	14.8234106
12.7022925	13.28448	14.7928787
12.7563375	13.3410025	14.8558175
12.9576075	13.5514962	15.0902144
13.4883306	14.106545	15.7082869
14.8926519	15.5752319	17.3437362
16.8927131	17.6669631	19.6729744
21.8878219	22.8910125	25.4901937
28.709855	30.0257194	33.4350162
44.9751612	47.03652	52.377325
62.2998206	65.1552269	72.5533338
54.2958231	56.7843781	63.232015
37.3224638	39.0330769	43.4651231
25.1604687	26.3136575	29.3014644
18.866715	19.7314381	21.9718613
15.622945	16.3389956	18.1942213
13.6434387	14.2687625	15.8889244
12.6604737	13.240745	14.7441781
12.3034781	12.8673862	14.3284256
12.4847713	13.0569894	14.5395563
13.2232294	13.8292938	15.3995525
15.4934294	16.2035463	18.0433919
19.728415	20.6326325	22.9753856
25.822945	27.0064981	30.0729737
34.3715244	35.9468825	40.0285062
29.6828844	31.0433481	34.5681931
21.2887831	22.2645194	24.7925644
16.0330025	16.7678481	18.6717687
14.4215256	15.0825138	16.7950694
13.3483	13.9600969	15.5452075
14.1045806	14.7510387	16.4259587
16.9458006	17.7224819	19.7347981
19.6728687	20.5745412	22.9106963
18.1520106	18.9839781	21.1395306
15.3901163	16.0954975	17.9230738
