#?RADIANCE
genskyvec -m 1
NROWS=146
NCOLS=1
NCOMP=3
FORMAT=ascii

26.8193563	28.0485756	31.2333762
36.7453313	38.4294925	42.7930025
36.9643675	38.6585669	43.0480888
37.1255906	38.8271788	43.235845
36.6772169	38.3582556	42.7136781
34.5823594	36.1673831	40.2740419
34.2289513	35.7977775	39.8624681
34.5103575	36.0920831	40.1901912
34.4791094	36.0594006	40.1537981
35.1586319	36.7700681	40.9451581
40.546835	42.4052287	47.2201694
42.2154288	44.1502987	49.1633863
47.0565694	49.2133281	54.8013012
50.4161381	52.726875	58.7137969
52.6428137	55.0556087	61.3069469
54.2977638	56.7864087	63.2342731
54.4481644	56.9437037	63.4094281
51.9966825	54.3798619	60.5544731
48.8248019	51.062605	56.860555
44.0782619	46.0985144	51.3328125
42.2892619	44.2275175	49.2493706
38.3813206	40.140465	44.69825
36.8899675	38.5807563	42.9614438
34.3547231	35.9293131	40.0089406
34.8027594	36.3978844	40.5307162
35.3588956	36.9795106	41.1783819
36.2046544	37.8640331	42.1633387
37.3175019	39.0278856	43.4593425
36.2619162	37.9239194	42.2300262
36.7352037	38.4189006	42.78121
36.3872306	38.0549769	42.3759638
23.7240125	24.8113625	27.6285912
21.9124994	22.9168206	25.5189325
23.6199019	24.7024819	27.5073462
22.8277263	23.8739956	26.58479
22.8935988	23.9428875	26.6615044
22.4564487	23.4857013	26.1524063
24.3960956	25.5142487	28.4112875
26.222445	27.4243081	30.5382244
28.1421813	29.43203	32.7739169
29.3742281	30.7205469	34.2087406
34.0852769	35.6475175	39.6951481
39.0777106	40.8687713	45.5092531
44.8596112	46.9156769	52.2427588
50.0533687	52.3474806	58.2913244
52.3230894	54.7212294	60.9346019
51.6424569	54.0094025	60.1419506
48.8990606	51.1402656	56.9470325
43.1651019	45.1435019	50.2693625
37.3358594	39.0470863	43.4807219
32.449545	33.9368144	37.7902006
29.1575288	30.4939162	33.9563756
26.6858219	27.90892	31.0778625
23.6902862	24.7760887	27.5893131
23.9552863	25.053235	27.8979294
23.6129731	24.6952344	27.4992756
23.7546456	24.8434012	27.6642656
22.686125	23.7259056	26.4198838
23.3133619	24.38189	27.1503537
22.859545	23.9072725	26.6218462
23.3657856	24.4367169	27.2114056
16.2748756	17.0208062	18.95345
15.8353744	16.5611637	18.441615
16.0521944	16.7879181	18.6941188
17.2258963	18.015415	20.0609931
18.0849962	18.9138906	21.0614838
19.77921	20.6857575	23.03454
22.4117412	23.4389469	26.1003444
26.6935925	27.9170481	31.0869131
31.9750056	33.4405256	37.2375612
41.081795	42.96471	47.8431756
51.0422525	53.3816869	59.44296
58.9900462	61.6937538	68.6988269
58.3204031	60.99342	67.9189725
51.1351563	53.4788488	59.5511525
39.8559256	41.682655	46.4155487
31.6060756	33.0546856	36.8079081
24.9580875	26.1019987	29.0657744
22.0833188	23.09547	25.7178669
19.1322325	20.009125	22.2810806
17.4467975	18.2464413	20.31825
16.9842981	17.7627456	19.7796325
16.6506556	17.4138094	19.3910769
15.9400513	16.6706356	18.5635188
16.3557606	17.1054	19.0476463
13.8540575	14.4890344	16.1342044
14.0904306	14.7362438	16.4094819
14.4791681	15.1427962	16.8621994
15.1628031	15.8577644	17.6583494
16.8147088	17.5853806	19.5821281
18.3737462	19.2158756	21.3977594
22.2724088	23.2932263	25.9380769
27.9299437	29.2100644	32.5267481
37.5690425	39.2909544	43.7522819
49.9129388	52.2006137	58.1277788
70.5339669	73.7667719	82.1426856
94.83167	99.1781275	110.439397
89.4672775	93.5678675	104.192119
64.4727937	67.4277937	75.0839437
46.326855	48.4501687	53.9514869
35.5719181	37.2022956	41.4264631
26.9159013	28.1495437	31.3458094
21.8162669	22.8161769	25.4068594
18.3604694	19.2019906	21.3822981
16.3617956	17.11171	19.0546737
15.2218425	15.91951	17.7271044
14.5281475	15.1940212	16.9192406
14.0818969	14.7273187	16.3995444
13.9908181	14.6320644	16.293475
13.8922163	14.5289438	16.1786456
14.3186012	14.97487	16.6752056
15.4929506	16.2030431	18.0428344
17.432465	18.2314525	20.3015594
20.7960225	21.7491725	24.2187012
29.8413781	31.2091081	34.7527731
42.5506556	44.5008919	49.5537869
76.3011075	79.7982394	88.8590037
3279.85447269139	3285.49495069139	3300.10888169139
3836.78053072237	3842.50037872237	3857.32000372237
81.0074181	84.7202544	94.33989
47.3480431	49.5181606	55.1407462
30.6283225	32.0321194	35.669235
21.9441606	22.9499363	25.5558056
18.2290138	19.0645106	21.2292063
15.7121313	16.4322694	18.2980881
14.3718525	15.0305612	16.7372188
13.9107844	14.5483606	16.2002662
15.6407619	16.3576306	18.2149738
17.5310394	18.3345456	20.4163575
20.8287988	21.7834519	24.2568744
28.5381356	29.8461325	33.2350394
45.4063981	47.4875231	52.8795369
86.5646175	90.5321625	100.811719
2764.02883473787	2768.74518973787	2780.96486273787
62.38663	65.2460156	72.6544344
34.4833169	36.0638012	40.1586994
23.4068219	24.4796344	27.2591956
17.3111606	18.1045881	20.1602894
16.3579531	17.1076919	19.0502006
21.0607438	22.0260269	24.5269931
26.0690906	27.2639238	30.3596306
39.4983637	41.3087037	45.9991381
54.3077075	56.79681	63.2458538
33.3911788	34.9216056	38.8868112
23.4174681	24.4907675	27.2715944
30.7482888	32.1575825	35.8089456
