#?RADIANCE
genskyvec -m 1
NROWS=146
NCOLS=1
NCOMP=3
FORMAT=ascii

19.9410375	20.8550013	23.223
32.2279494	33.7050625	37.5321337
31.3861275	32.82466	36.5517631
31.3955	32.8344606	36.5626788
31.5656856	33.0124475	36.7608763
31.6136275	33.0625844	36.816705
33.7737131	35.3216731	39.332305
36.7440175	38.4281169	42.7914725
41.3242881	43.2183169	48.1255794
47.3711381	49.5423131	55.1676419
55.0690756	57.5930737	64.1325294
62.1364763	64.9843975	72.36311
63.9515931	66.8827056	74.4769619
61.1374787	63.93961	71.1996925
55.4894294	58.0326931	64.6220687
48.6212187	50.84969	56.6234631
42.5576894	44.5082487	49.5619781
38.6247819	40.3950837	44.9817806
34.3370756	35.9108588	39.9883869
31.4068819	32.846365	36.5759344
31.9754737	33.4410156	37.238105
30.5874819	31.9894081	35.6216738
31.6478956	33.0984238	36.8566163
31.0721869	32.4963288	36.1861525
33.5222281	35.0586606	39.0394287
35.1272181	36.7372162	40.9085762
36.4791569	38.151115	42.4830181
37.0206062	38.7173838	43.1135831
35.1532737	36.764465	40.9389194
34.3819338	35.9577719	40.0406287
32.7745262	34.2766919	38.16867
21.0954162	22.0622894	24.56737
19.4016869	20.2909294	22.5948819
21.0688813	22.0345369	24.5364694
21.1810469	22.1518438	24.6670944
22.9759369	24.0290013	26.7573956
24.8196894	25.9572581	28.9045981
29.1648763	30.5015975	33.9649294
35.1146431	36.7240638	40.8939313
43.3159188	45.3012319	50.445
52.4027287	54.8045194	61.0273462
62.8832756	65.7654237	73.2328181
68.2025875	71.3285394	79.4276025
63.9668581	66.8986713	74.4947394
54.9205438	57.4377344	63.9595531
45.0605544	47.1258275	52.4767737
35.5680394	37.19824	41.4219487
31.5012194	32.945025	36.6857981
25.5565163	26.7278556	29.7626938
22.7448581	23.7873288	26.4882838
20.5891294	21.5327963	23.9777581
20.090885	21.0117169	23.3975106
20.2904369	21.2204119	23.6299038
19.2746038	20.1580219	22.4468825
21.4216587	22.4034844	24.9473075
22.2380306	23.2572738	25.8980406
22.9566419	24.0088181	26.7349231
21.8327662	22.8334344	25.4260762
22.204055	23.2217419	25.858475
21.2396038	22.2130844	24.7352881
21.2325587	22.2057181	24.7270869
14.4737906	15.1371731	16.8559356
14.2984369	14.9537806	16.6517219
15.1883919	15.8845263	17.6881475
17.68527	18.4958444	20.5959712
20.9652131	21.9261181	24.41574
26.8794213	28.1113956	31.3033275
36.6884775	38.3700312	42.7267919
53.2147813	55.6537888	61.9730481
73.8728769	77.2587156	86.0311275
84.2432875	88.104435	98.1083231
71.2144631	74.4784556	82.9351819
46.6419187	48.7796719	54.3184044
32.5082325	33.9981937	37.8585481
24.4773231	25.5992006	28.5058837
19.5935075	20.4915406	22.8182725
17.0088056	17.788375	19.8081713
15.0877544	15.779275	17.5709481
15.112615	15.8052762	17.5999006
14.511435	15.1765431	16.8997769
14.0092156	14.6513062	16.3149019
14.6727513	15.3452512	17.0876406
14.7976981	15.4759256	17.2331538
14.0967862	14.7428887	16.4168831
14.5338138	15.1999462	16.9258388
12.0465594	12.5986919	14.0292219
12.7289219	13.3123294	14.82389
13.969215	14.6094713	16.2683175
15.7447869	16.4664206	18.3361181
20.1684787	21.0928675	23.4878769
24.88896	26.0297025	28.9852688
38.2670475	40.0209525	44.5651669
61.3762962	64.1893731	71.4778144
104.573684	109.366639	121.784753
3714.34980420039	3720.23976620039	3735.50017920039
85.7722988	89.7035175	99.88899
50.4598462	52.7725881	58.7647
35.166045	36.7778213	40.95379
23.6594206	24.7438106	27.5533694
18.30616	19.1451912	21.31905
15.4937113	16.2038394	18.0437194
13.5614331	14.1829987	15.7934188
12.553695	13.1290719	14.6198244
12.0760556	12.6295388	14.0635725
11.7856312	12.3258056	13.72535
11.7509625	12.2895469	13.6849769
11.8039519	12.344965	13.7466862
11.6877163	12.2234019	13.61132
11.9101412	12.4560213	13.8703519
11.5037238	12.0309756	13.3970444
12.7847387	13.370705	14.8888931
15.1578919	15.8526294	17.6526312
19.8400537	20.7493881	23.1053969
28.1513281	29.4415962	32.7845687
52.20589	54.5986562	60.79811
2188.54812896196	2192.56120716196	2202.95872936196
2795.85599453636	2800.22798333636	2811.55543293636
58.3871019	61.0631737	67.99665
33.2210087	34.7436381	38.6886375
22.6556062	23.6939887	26.3843425
16.7142306	17.4802981	19.465115
13.5290331	14.1491144	15.7556881
11.7862675	12.3264706	13.7260919
11.0886769	11.5969088	12.9136906
10.7290569	11.2208037	12.4948812
10.7230331	11.2145037	12.4878694
10.9417744	11.4432738	12.7426112
12.3374656	12.9029325	14.3680062
15.0113881	15.6994081	17.4820125
20.9821394	21.9438212	24.4354506
34.5951537	36.1807637	40.2889419
47.6942119	49.8801956	55.5438875
44.5718394	46.6147125	51.9076238
29.2699969	30.6115362	34.0873513
19.8099488	20.7179019	23.0703344
14.3035763	14.9591569	16.6577075
12.2085738	12.7681331	14.2179019
11.0902656	11.5985688	12.9155406
11.4898631	12.0164813	13.3809025
14.5561169	15.2232706	16.9518106
19.3598112	20.2471356	22.5461137
26.0044025	27.1962712	30.284295
24.5693994	25.6954956	28.6131125
16.0741525	16.8108813	18.7196906
13.52222	14.1419881	15.7477537
18.0976131	18.9270856	21.0761788
