#?RADIANCE
genskyvec -m 1
NROWS=146
NCOLS=1
NCOMP=3
FORMAT=ascii

4.10607931	4.2942745	4.78187162
18.9278594	19.7953856	22.04307
19.3873762	20.2759644	22.5782181
20.4040981	21.339285	23.7622731
22.6707275	23.7098013	26.4019519
27.7291887	29.0001087	32.2929531
36.7682975	38.4535087	42.8197481
50.7024681	53.0263281	59.0472512
82.0932656	85.8558687	95.6044506
124.470041	130.174909	144.955737
110.394704	115.454454	128.563828
92.1382925	96.3612906	107.302729
55.0687462	57.5927287	64.1321469
37.3283081	39.0391869	43.4719281
28.397375	29.6989206	33.0711113
23.1543687	24.2156106	26.9651925
20.9478169	21.9079263	24.3954794
19.1933887	20.0730869	22.3523013
18.9032013	19.7695981	22.0143569
18.5588	19.4094094	21.61327
18.807505	19.6695163	21.9029094
19.1958556	20.0756638	22.3551737
18.8106813	19.6728362	21.9066069
18.7320837	19.5906362	21.8150737
19.2678006	20.1509075	22.4389606
18.5925138	19.44467	21.6525331
19.1478537	20.0254631	22.2992719
18.6528188	19.5077419	21.7227644
18.8186956	19.6812187	21.91594
18.2922737	19.1306681	21.3028769
18.507205	19.3554519	21.5531838
15.5832287	16.29746	18.1479675
15.3752556	16.0799531	17.9057669
17.3775344	18.1740044	20.2375875
19.3358625	20.2220875	22.5182238
24.6540394	25.7840137	28.7116844
32.4532644	33.9407037	37.7945312
47.3931825	49.5653688	55.1933138
78.0142519	81.5899031	90.8541019
956.672171803594	963.004342803594	979.410486803594
1233.33444739523	1239.86297239523	1256.77774139523
85.9447969	89.8839225	100.089871
52.1926163	54.5847756	60.7826537
35.5881081	37.2192288	41.4453194
25.2735413	26.43191	29.433145
20.1810656	21.10603	23.5025338
17.2016381	17.9900469	20.0327419
16.9584688	17.7357331	19.7495531
15.1638181	15.8588263	17.6595288
14.9152869	15.5989037	17.3700969
14.4298956	15.0912656	16.8048169
14.6450925	15.3163275	17.0554325
15.0104931	15.6984731	17.48097
14.3912862	15.050885	16.7598519
15.34338	16.0466181	17.8686456
15.55045	16.2631769	18.1097956
15.679595	16.3982431	18.2601963
15.0026938	15.6903163	17.4718881
15.1507944	15.8452038	17.6443612
14.8541713	15.5349862	17.29892
15.1629169	15.8578831	17.6584806
11.6890112	12.2247569	13.6128287
11.9012819	12.4467581	13.8600356
13.3644875	13.9770263	15.5640606
17.5491456	18.3534825	20.4374456
24.9802356	26.1251619	29.0915662
40.9295806	42.8055181	47.6659106
68.037415	71.1557988	79.2352437
555.24607356219	559.32495476219	569.89296816219
57.7752831	60.423315	67.2841381
34.9309938	36.5319962	40.680055
23.1545262	24.2157731	26.9653762
16.4457687	17.1995338	19.1524706
13.4599775	14.0768919	15.6752675
11.9541794	12.5020781	13.9216394
11.5149488	12.0427156	13.4101162
11.3807387	11.9023544	13.2538181
11.0775919	11.585315	12.90078
11.5710381	12.1013775	13.4754394
11.2880312	11.8053987	13.1458519
10.9086119	11.4085875	12.7039862
11.2643694	11.7806538	13.1182988
11.30367	11.821755	13.1640675
10.92365	11.4243175	12.7214994
11.3322769	11.8516719	13.1973794
9.60322981	10.0433771	11.1837619
10.2774701	10.7485206	11.9689719
11.5362588	12.0650031	13.4349356
13.6526162	14.2783631	15.8996113
19.1999794	20.0799781	22.3599762
24.8713525	26.0112869	28.9647612
34.9163013	36.5166294	40.6629437
40.2317313	42.075685	46.8532056
31.3667038	32.8043469	36.5291438
23.4724113	24.5482313	27.3355806
16.8060937	17.5763731	19.5720988
12.7721856	13.3575781	14.8742756
11.2683594	11.7848256	13.122945
10.1424572	10.6073194	11.8117356
9.62063944	10.061585	11.2040375
9.23737344	9.66075312	10.7576913
9.1160075	9.53382419	10.6163506
9.11865006	9.53658762	10.6194282
9.23621469	9.65954069	10.7563432
9.19792719	9.6194985	10.7117522
9.23541663	9.6587065	10.7554133
9.29309912	9.71903244	10.8225895
9.22313694	9.64586362	10.7411116
9.46738712	9.90130906	11.0255631
8.56653162	8.95916406	9.97644063
9.42763688	9.859738	10.97927
10.8571837	11.3548037	12.6440963
14.0989656	14.7451688	16.4194219
18.1871263	19.0207019	21.1804244
20.8018681	21.7552856	24.22551
19.6777269	20.5796237	22.916355
14.859005	15.5400419	17.3045506
11.9240937	12.4706144	13.8866019
9.87296844	10.3254787	11.4978956
8.777076	9.17935844	10.2216365
8.38714794	8.77155875	9.7675335
8.17728406	8.55207619	9.52312937
8.02812256	8.39607788	9.34941819
7.93162662	8.29515925	9.23704063
7.96751137	8.3326885	9.27883119
8.10695725	8.47852575	9.4412275
8.23934525	8.6169815	9.59540506
8.19126	8.56669263	9.5394055
9.05667381	9.47177106	10.5472519
11.2775156	11.7944025	13.1336069
13.69113	14.3186394	15.9444606
12.7928406	13.3791781	14.8983294
10.5033364	10.9847373	12.2320081
8.95596537	9.36644675	10.4299686
8.07757812	8.44780025	9.40701331
7.63882094	7.98893338	8.89604388
7.486767	7.82991031	8.71896456
7.53917494	7.88472031	8.77999806
7.65625131	8.00716238	8.916343
7.9769145	8.34252312	9.28978238
8.87347006	9.28017062	10.333895
9.25877219	9.68313256	10.7826112
8.54187013	8.93337194	9.94772038
7.62206456	7.97140894	8.87652975
7.49384031	7.837308	8.72720206
8.0867985	8.45744319	9.41775113
