#?RADIANCE
genskyvec -m 1
NROWS=146
NCOLS=1
NCOMP=3
FORMAT=ascii

6.81232594	7.1245575	7.93352163
22.9649425	24.0175019	26.7445906
22.2827319	23.3040231	25.9500969
22.1242763	23.1383069	25.765565
22.286645	23.308115	25.9546569
22.6363613	23.67386	26.36193
22.3728575	23.3982825	26.0550594
22.5708669	23.6053656	26.2856569
22.1845631	23.2013544	25.8357725
22.7265406	23.7681731	26.4669525
22.3621337	23.3870625	26.0425681
22.777915	23.8219019	26.5267812
22.4779338	23.5081738	26.1774287
22.5055669	23.5370731	26.2096125
22.7986481	23.843585	26.5509269
23.7594581	24.8484319	27.6698706
26.7040588	27.9279931	31.0991025
28.8842325	30.2080931	33.6380988
37.1913619	38.8959631	43.3124431
53.2579806	55.6989725	62.02336
70.2844262	73.5057937	81.8520775
106.237983	111.107213	123.722981
110.886702	115.969002	129.136823
106.251132	111.12096	123.738295
76.5382275	80.0462275	89.1351494
49.5969225	51.8701138	57.7597519
37.8253206	39.5589788	44.0507388
30.1088288	31.4888169	35.0642425
26.810355	28.0391625	31.2228963
24.1505637	25.2574637	28.1253456
23.2057837	24.2693813	27.02507
19.3951525	20.2840963	22.5872725
18.1780737	19.0112337	21.1698831
19.0099531	19.8812406	22.1386762
18.7060981	19.56346	21.7848088
18.6788587	19.5349713	21.7530881
18.1508756	18.9827894	21.1382056
19.0192925	19.89101	22.1495538
19.3801031	20.2683563	22.5697444
19.05775	19.93123	22.1943388
17.5824725	18.3883325	20.4762531
18.1028475	18.9325619	21.0822762
18.2166406	19.0515681	21.2147962
19.282425	20.1662019	22.4559937
19.6841175	20.5863056	22.9237962
20.5364637	21.4777175	23.9164237
23.0661775	24.1233763	26.8624869
28.0447181	29.3301012	32.6604125
35.0649437	36.6720856	40.8360506
51.3596319	53.713615	59.8125762
76.4620419	79.9665481	89.0464256
120.038256	125.540006	139.794556
1294.05047842451	1301.54565942451	1320.96500342451
126.555863	132.35635	147.384856
79.15408	82.7819762	92.18152
52.2384288	54.6326881	60.8360062
38.151155	39.8997487	44.4302
28.0379631	29.323035	32.6525475
23.5836444	24.6645606	27.4651212
20.8534725	21.809255	24.2856056
19.8967344	20.8086675	23.1714062
14.6508919	15.3223906	17.062185
13.9476319	14.5868975	16.2431794
13.7611063	14.3918212	16.025955
14.3326963	14.9896119	16.6916213
14.2825931	14.9372112	16.63327
14.3400913	14.997345	16.7002325
14.3217231	14.9781344	16.6788394
14.42404	15.0851425	16.7979975
13.941545	14.58053	16.23609
14.4970906	15.1615406	16.8830713
14.8791625	15.5611244	17.3280256
16.4375781	17.1909656	19.14293
18.9614063	19.8304719	22.0821406
23.8012544	24.8921444	27.7185444
35.7287244	37.3662875	41.6090781
59.1721031	61.8841569	68.9108481
780.914139914541	785.928007914541	798.918520914541
1540.93417576792	1548.19959476792	1567.02366376792
79.7569069	83.4124313	92.8835825
45.7673025	47.8649675	53.2998406
29.8842481	31.2539412	34.8026988
21.9998656	23.0081925	25.6206781
17.1522625	17.9384087	19.9752387
15.6874312	16.4064381	18.2693206
12.2785281	12.841295	14.2993694
11.9245881	12.47113	13.8871769
11.5278619	12.0562231	13.425155
11.5630831	12.0930569	13.4661744
11.6929437	12.22887	13.6174094
11.6260287	12.15889	13.5394819
11.5557319	12.0853681	13.4576125
11.7407369	12.2788519	13.6730669
11.7523138	12.2909594	13.68655
12.0923575	12.6465881	14.0825581
12.634435	13.2135125	14.7138525
13.6495269	14.2751294	15.8960119
15.5157206	16.2268569	18.0693525
20.4604462	21.398215	23.8278962
28.6915906	30.0066213	33.41375
39.2591794	41.0585575	45.7205875
58.1375981	60.8022388	67.7060819
66.9579125	70.0268169	77.9780712
53.9372206	56.4093425	62.8143913
35.9502594	37.5979775	41.8670738
24.9365594	26.0794838	29.0407012
18.1909469	19.0246994	21.1848756
14.931415	15.61577	17.3888762
13.5210862	14.1408	15.7464312
11.2422119	11.7574781	13.0924925
10.6183113	11.1049838	12.3659081
10.2741681	10.7450675	11.9651263
10.2849919	10.7563869	11.97773
10.2980382	10.7700306	11.9929237
10.3194789	10.792455	12.0178931
10.5592181	11.0431812	12.2970894
11.1857131	11.6983925	13.0266956
12.0632394	12.6161381	14.0486494
14.357655	15.0157144	16.7206881
17.3472031	18.1422837	20.2022656
24.7853456	25.92134	28.8646025
33.4658956	34.9997469	38.9738256
33.9121819	35.4664881	39.4935644
26.36397	27.5723181	30.7030419
19.1053931	19.9810575	22.2498244
14.8563431	15.5372575	17.3014506
12.4181331	12.987295	14.4619519
10.66353	11.1522756	12.4185706
9.94230062	10.3979912	11.5786381
9.71989969	10.1653956	11.3196337
9.78931656	10.2379919	11.4004756
10.0544258	10.5152556	11.7092181
11.0548344	11.5615138	12.8742756
12.9944119	13.5899887	15.1330763
15.8488213	16.5752231	18.4572744
20.4198187	21.3557262	23.7805812
19.3620475	20.2494738	22.5487175
15.5092319	16.2200719	18.0617944
12.1423612	12.698885	14.1407913
10.7586199	11.2517231	12.52931
10.0456196	10.5060444	11.6989625
10.3244885	10.7976956	12.0237294
11.6520725	12.1861256	13.5698112
13.2184444	13.82429	15.3939806
12.7954238	13.38188	14.9013375
11.0273513	11.5327712	12.8422706
