#?RADIANCE
genskyvec -m 1
NROWS=146
NCOLS=1
NCOMP=3
FORMAT=ascii

11.8609975	12.4046263	13.81312
25.6052525	26.7788238	29.81945
25.0204313	26.1672	29.1383788
24.8324437	25.9705969	28.9194531
24.9526756	26.0963388	29.0594719
25.2413675	26.3982631	29.3956769
24.9584512	26.1023794	29.0661969
25.1341119	26.2860912	29.2707688
24.8052938	25.9422031	28.8878325
25.3244425	26.4851456	29.492425
24.9868363	26.1320669	29.0992563
25.5482569	26.7192175	29.7530756
25.4161206	26.5810256	29.5991919
25.8000581	26.9825594	30.0463194
26.6079487	27.8274806	30.9871775
28.1710631	29.4622369	32.8075519
32.4674469	33.9555363	37.8110488
35.1239781	36.7338256	40.9048019
45.8918556	47.9952344	53.4448938
62.8698562	65.7513913	73.2171919
73.0476587	76.395675	85.0700869
92.8849644	97.1421919	108.172289
83.0449287	86.8511519	96.7127487
76.0553431	79.5412094	88.5727831
58.4744994	61.1545781	68.0984325
42.4617138	44.4078744	49.4502063
35.535225	37.1639212	41.3837338
30.4176806	31.8118237	35.423925
28.4132406	29.7155137	33.0895875
26.4050156	27.6152462	30.7508438
25.7693119	26.9504044	30.0105131
22.2621056	23.28245	25.9260775
21.03541	21.9995319	24.4974906
21.8529413	22.8545344	25.4495738
21.5217731	22.5081875	25.0639
21.4406219	22.4233156	24.96939
20.8745756	21.8313256	24.3101819
21.740505	22.736945	25.3186312
22.1193281	23.1331313	25.7598025
21.8482594	22.849635	25.4441181
20.4509644	21.3882994	23.8168544
21.1388081	22.1076706	24.6179056
21.5085781	22.4943875	25.0485331
22.9864206	24.0399644	26.7696038
24.05	25.15229	28.0082294
25.8915481	27.0782431	30.1528675
30.3869813	31.7797162	35.3881744
37.5477569	39.268695	43.7274931
49.3704219	51.6332338	57.4959744
71.6306925	74.9137644	83.4199131
100.459555	105.063947	116.993519
127.231888	133.063331	148.172131
121.498775	127.067475	141.495462
93.0029431	97.2655706	108.309684
64.07444	67.0111831	74.6200269
46.6622531	48.80094	54.3420856
36.8433363	38.5319869	42.9071356
29.31723	30.6609369	34.1423594
25.7951588	26.9774369	30.0406131
23.4836994	24.5600369	27.3487269
22.6998163	23.7402244	26.4358294
17.2816044	18.073675	20.1258681
16.5072744	17.2638575	19.2240975
16.2703356	17.0160587	18.9481619
16.8562531	17.6288288	19.6305113
16.7766513	17.5455825	19.5378113
16.8433569	17.6153431	19.6154937
16.86843	17.6415644	19.6446937
17.0910894	17.8744312	19.9040025
16.7472556	17.5148369	19.503575
17.7263956	18.538855	20.6438669
18.7171294	19.5749987	21.7976587
21.7678062	22.7654975	25.3504262
26.9482588	28.1833869	31.383495
36.6914894	38.3731794	42.7302988
58.5341575	61.2169706	68.1679075
98.8282219	103.357857	115.093719
2166.41609124929	2174.55396724929	2195.63847324929
1385.91616548158	1392.15277748158	1408.31135848158
73.9236713	77.3118375	86.09028
46.2937413	48.4155338	53.9129206
31.533395	32.9786762	36.7232706
24.3633125	25.4799644	28.3731087
19.8113187	20.7193356	23.0719337
18.3496787	19.1907044	21.36973
14.7483281	15.4242931	17.1756594
14.3006094	14.956055	16.6542513
13.81628	14.4495262	16.0902106
13.8244762	14.4580975	16.0997569
13.9514238	14.590865	16.2475956
13.8908969	14.52756	16.1771075
13.88756	14.5240731	16.1732219
14.2244038	14.8763556	16.5655037
14.4962375	15.1606475	16.8820769
15.242125	15.9407188	17.7507231
16.5939556	17.3545113	19.3250462
19.1287056	20.005435	22.2769725
23.0536356	24.11026	26.8478813
33.6741219	35.2175181	39.2163206
51.8452669	54.2215062	60.3781356
77.0859369	80.6190425	89.7729937
1855.20587407832	1860.70359707832	1874.94770507832
108.487651	113.459988	126.342908
66.9912281	70.0616575	78.0168737
41.7891162	43.7044494	48.66691
28.8607506	30.183535	33.6107506
21.3811987	22.3611712	24.9001906
17.7888931	18.6042169	20.7166506
16.1535275	16.8938994	18.8121313
13.8256975	14.4593756	16.1011787
12.96309	13.5572319	15.0965994
12.5164362	13.0901056	14.576435
12.4880981	13.0604694	14.5434325
12.5490056	13.1241681	14.6143638
12.7752244	13.360755	14.8778144
13.3339212	13.9450569	15.52846
14.8130394	15.49197	17.25102
16.9230156	17.6986525	19.7082619
22.1731556	23.1894237	25.8224881
29.3748631	30.7212119	34.20948
46.478315	48.6085694	54.1278731
64.3704463	67.320755	74.9647538
54.6607531	57.1660381	63.6570062
37.0432756	38.7410894	43.1399812
24.8233006	25.9610356	28.9088044
18.5662631	19.4172175	21.6219625
15.3737806	16.0784113	17.9040494
13.4669781	14.084215	15.6834219
12.4965131	13.0692688	14.5532319
12.1395194	12.6959156	14.1374838
12.3357719	12.9011625	14.3660344
13.1268456	13.7284919	15.2873056
15.5218256	16.2332425	18.07646
19.9750912	20.8906156	23.2626588
26.3563244	27.5643225	30.6941375
35.1151675	36.7246113	40.8945387
29.890935	31.2609375	34.8104881
21.1490706	22.1184038	24.6298575
15.8772163	16.6049225	18.4903431
14.3290425	14.98579	16.6873656
13.2584775	13.8661563	15.4406012
14.0706075	14.7155087	16.3863975
17.04912	17.8305375	19.8551219
19.8173356	20.7256306	23.0789406
18.1537925	18.9858406	21.1416037
15.3848588	16.0899975	17.9169519
