#?RADIANCE
genskyvec -m 1
NROWS=146
NCOLS=1
NCOMP=3
FORMAT=ascii

4.06604106	4.25240131	4.73524394
20.8609138	21.8170369	24.2942719
20.0874369	21.00811	23.393495
19.8293281	20.7381725	23.0929069
20.0040231	20.9208744	23.2963544
20.6807812	21.6286494	24.0844937
20.4491087	21.3863606	23.8146937
20.6199325	21.5650138	24.0136313
20.4370406	21.3737388	23.8006381
21.2292012	22.2022056	24.7231744
20.0422863	20.9608912	23.3409138
20.8933481	21.8509588	24.332045
20.1570794	21.0809463	23.4746019
20.16766	21.09201	23.4869213
20.5741919	21.5171769	23.9603619
21.1849069	22.1558813	24.6715906
24.0863338	25.19029	28.0505431
25.3536644	26.5157069	29.5264563
33.1770225	34.6976344	38.6374075
47.2674481	49.4338694	55.0468831
61.41722	64.2321713	71.5254719
94.7703362	99.1139856	110.367976
100.179443	104.771004	116.667315
98.4322063	102.943674	114.632514
70.4312306	73.6593256	82.0230375
45.275055	47.3501606	52.7265775
34.4324031	36.0105537	40.0994056
27.1545331	28.3991156	31.6237181
24.4592775	25.5803269	28.4848669
21.8637563	22.8658437	25.4621656
21.1282825	22.0966619	24.6056487
18.8615444	19.7260312	21.9658406
17.7430256	18.5562469	20.6632331
18.4779756	19.3248825	21.5191431
18.275365	19.1129856	21.2831862
18.2726713	19.1101688	21.2800506
17.8171575	18.6337756	20.7495656
18.6229644	19.4765162	21.6879944
18.968895	19.8383013	22.0908606
18.6625744	19.5179406	21.7341244
17.2664013	18.0577781	20.1081644
17.7046088	18.5160687	20.6184937
17.7736425	18.5882662	20.6988881
18.7281644	19.5865375	21.81051
19.0281925	19.9003175	22.1599169
19.8454781	20.7550625	23.1117138
22.1912369	23.2083338	25.8435437
26.6990656	27.9227725	31.0932875
32.9745137	34.4858431	38.40157
47.54781	49.7270831	55.3733888
69.8665425	73.0687563	81.365415
109.188408	114.192871	127.159013
759.288839986908	766.403026986908	784.835326986908
474.170102521065	479.766801521065	494.267388521065
76.5279056	80.0354319	89.1231256
50.85755	53.18852	59.2278587
37.2309913	38.9374113	43.358595
27.4316531	28.6889363	31.9464463
23.0154063	24.0702794	26.8033606
20.3397381	21.2719775	23.6873219
19.3929469	20.28179	22.5847044
14.032415	14.6755675	16.3419175
13.2885787	13.8976381	15.4756575
13.1256144	13.727205	15.2858725
13.8047275	14.4374425	16.0767563
13.7710913	14.4022644	16.0375844
13.8480488	14.48275	16.1272069
13.8159244	14.4491519	16.0897944
13.9047081	14.5420081	16.1931937
13.3174406	13.9278231	15.50927
13.8630444	14.4984337	16.1446712
14.1760594	14.8257956	16.5092038
15.6227487	16.3387919	18.1939938
17.8331675	18.6505219	20.7682125
21.9759894	22.9832238	25.5928731
32.3599506	33.8431125	37.6858594
52.3589956	54.7587819	60.9764175
93.326785	97.6042662	108.686822
738.387022011416	744.809992011416	761.451309011416
73.6775319	77.0544156	85.8036288
42.589975	44.5420138	49.5995775
28.4033844	29.7052062	33.0781112
21.0830225	22.0493262	24.5529375
16.3564444	17.1061144	19.0484431
15.0292756	15.7181175	17.502845
11.1253563	11.6352694	12.9564056
10.8357831	11.3324238	12.619175
10.4273989	10.9053213	12.1435762
10.5112004	10.9929644	12.2411694
10.6970637	11.1873425	12.4576206
10.6182343	11.1049019	12.36582
10.5184984	11.0005969	12.24967
10.7125236	11.2035138	12.4756269
10.6554912	11.1438681	12.4092081
10.9686987	11.47143	12.7739631
11.3918694	11.9139963	13.2667812
12.1427156	12.6992544	14.1412025
13.7780519	14.4095438	16.0456888
17.9541106	18.7770062	20.9090587
24.6705462	25.8012788	28.7309081
32.8703937	34.3769512	38.2803137
47.7724244	49.9619925	55.6349731
55.4412706	57.9823269	64.5659825
46.3664356	48.4915638	53.99758
31.6952587	33.1479556	36.91177
22.3839444	23.4098756	26.0679719
16.5207	17.2778987	19.2397331
13.5548888	14.1761563	15.7857981
12.3574488	12.9238319	14.3912787
9.61889594	10.0597628	11.2020056
9.11034494	9.52790237	10.6097563
8.78248613	9.18501656	10.2279381
8.86447744	9.27076575	10.3234234
8.8837775	9.29095025	10.3459
8.85510512	9.26096363	10.3125082
9.06498819	9.4804665	10.5569344
9.57701169	10.0159574	11.1532294
10.2448621	10.7144181	11.930995
12.0859406	12.63988	14.0750863
14.2511894	14.9043687	16.5967006
20.1065769	21.0281281	23.4157856
26.7836875	28.0112737	31.1918413
27.326465	28.5789281	31.8239469
21.6113125	22.6018313	25.1681775
16.0025275	16.7359775	18.6362775
12.6772619	13.2583031	14.76373
10.630951	11.1182019	12.3806294
8.72797544	9.12800744	10.1644549
8.07825956	8.44851288	9.40780688
7.9584705	8.32323362	9.26830275
8.04949031	8.41842506	9.37430325
8.19081238	8.56622437	9.53888406
8.93239069	9.34179194	10.4025134
10.4252056	10.9030278	12.1410219
12.512625	13.0861194	14.5719962
15.9568725	16.6882288	18.5831094
15.2341656	15.9323963	17.7414556
12.509855	13.0832237	14.56877
9.81709331	10.2670434	11.4328225
8.45319194	8.84062975	9.84444725
7.88769325	8.24921225	9.18587644
8.08947594	8.46024338	9.42086925
9.09119944	9.50787931	10.5874603
10.1991512	10.666612	11.8777606
9.96342725	10.4200855	11.6032425
8.53753037	8.92883344	9.94266556
