#?RADIANCE
genskyvec -m 1
NROWS=146
NCOLS=1
NCOMP=3
FORMAT=ascii

20.0441425	20.9628325	23.3430756
36.6016263	38.2791994	42.625645
36.67388	38.3547638	42.70979
36.78792	38.4740313	42.8426
37.0026681	38.6986219	43.0926925
36.8303806	38.5184406	42.8920506
36.2508419	37.9123362	42.2171281
36.3346212	37.9999556	42.3146956
35.55634	37.1860031	41.4083231
35.9732875	37.6220644	41.8938962
36.6711381	38.3518969	42.7065969
37.6085244	39.3322494	43.7982638
38.7587363	40.5351781	45.1377819
40.6705244	42.5345906	47.3642188
43.3334369	45.3195506	50.4653994
46.7882812	48.9327419	54.4888562
53.5231731	55.9763144	62.3321975
54.0856062	56.5645281	62.9871981
61.5202988	64.3399762	71.6455194
63.2760594	66.1762106	73.6902494
59.3269294	62.0460769	69.091155
57.8967519	60.5503512	67.4255938
50.7397675	53.0653394	59.09069
47.1352788	49.2956437	54.8929631
43.4695812	45.4619356	50.6239519
39.3039237	41.1053512	45.7726962
38.3358087	40.0928656	44.6452463
36.8914219	38.5822775	42.9631375
36.6133981	38.2915081	42.6393538
35.9154194	37.5615431	41.8265019
36.1069669	37.76187	42.0495756
29.9493731	31.32205	34.8785406
28.5734694	29.8830875	33.2761888
30.1047431	31.4845438	35.0594844
29.6364919	30.9948313	34.5141669
29.524135	30.8773231	34.3833163
28.6547338	29.9680737	33.3708256
29.9163406	31.2875056	34.8400737
30.5350569	31.9345787	35.5606187
30.480115	31.8771206	35.4966375
29.3111081	30.6545344	34.1352281
31.3071262	32.7420362	36.4597594
33.3993719	34.9301744	38.8963513
37.3484887	39.0602937	43.4954294
41.9331306	43.8550644	48.8346269
47.4797156	49.6558681	55.2940881
56.4704781	59.0587062	65.7645787
63.6662994	66.5843356	74.1447163
72.7582606	76.09301	84.7330606
74.676845	78.09953	86.967415
71.2159294	74.4799906	82.9368875
62.9862431	65.87311	73.3527325
53.3897912	55.8368206	62.1768656
45.0385075	47.1027712	52.4510988
39.9543556	41.785595	46.5301788
36.263355	37.9254263	42.2317038
34.0611813	35.622315	39.6670844
31.3673575	32.8050269	36.5299038
30.6125113	32.0155837	35.6508213
29.6043831	30.9612506	34.4767737
29.7365638	31.0994894	34.6307081
23.1836219	24.2462037	26.9992613
22.5048112	23.5362819	26.2087306
22.4282206	23.4561794	26.1195331
23.2944369	24.3620987	27.1283144
23.3239275	24.3929419	27.1626594
23.6664631	24.751175	27.5615681
24.242105	25.3532025	28.2319537
25.5171106	26.6866437	29.7168037
26.7499762	27.9760181	31.1525794
30.7634356	32.1734244	35.8265844
36.092875	37.74713	42.0331612
47.1779725	49.340295	54.9426838
62.8372919	65.7173331	73.179265
81.9383675	85.6938725	95.4240619
93.6964519	97.9908694	109.11734
87.5801838	91.5942756	101.994431
68.2146169	71.3411162	79.4416106
52.7513131	55.1690806	61.4333044
39.9387544	41.76928	46.5120087
33.1343719	34.6530294	38.58774
28.71421	30.0302781	33.4400938
26.2229825	27.42487	30.5388506
24.0983912	25.2029025	28.0645881
23.7004937	24.786765	27.6012006
20.4470306	21.3841844	23.8122712
20.1707731	21.0952681	23.4905481
19.86793	20.7785419	23.13786
20.000105	20.9167763	23.2917906
20.4610169	21.3988131	23.8285612
20.7726831	21.724765	24.1915244
21.7751156	22.7731394	25.358935
23.5731619	24.6535981	27.4529131
26.5088125	27.7237975	30.8717219
30.792935	32.2042762	35.8609388
39.1531794	40.9476988	45.5971437
54.7253419	57.2335863	63.732225
72.1537438	75.4607881	84.0290531
108.355514	113.321807	126.189031
1422.56048986018	1428.83479586018	1445.09096486018
129.564394	135.502756	150.888538
91.0624744	95.2361812	106.049858
62.7251006	65.6000013	73.0486106
43.6643938	45.6656787	50.8508281
33.5912756	35.1308769	39.1198438
27.9819225	29.2644256	32.5872819
24.4074506	25.526125	28.4245119
22.4136587	23.4409506	26.102575
21.3837744	22.3638631	24.9031881
20.3755	21.3093769	23.7289694
19.6212969	20.5206081	22.8506394
19.5283281	20.4233744	22.742365
19.8632494	20.7736487	23.1324119
20.8403119	21.7954925	24.2702813
23.6182644	24.7007687	27.50544
27.48412	28.7438075	32.0075494
37.46183	39.1788294	43.6274269
51.8813594	54.2592525	60.4201694
85.9616006	89.901505	100.109459
1849.8226876269	1856.0728436269	1872.2664376269
3324.18868935953	3332.36489535953	3353.54871435953
107.683163	112.618628	125.405999
59.6570525	62.3913319	69.4756137
40.6259613	42.4879825	47.3123194
29.7847312	31.1498644	34.6868038
24.2468888	25.3582044	28.2375231
21.7054631	22.7002969	25.2778231
21.8185881	22.8186056	25.409565
21.5414006	22.5287119	25.0867556
21.8290875	22.8295875	25.4217944
24.1640069	25.2715213	28.141
30.571695	31.972895	35.6032856
47.1917825	49.3547375	54.9587656
76.8844188	80.4082875	89.5383131
104.444778	109.231816	121.634651
87.5239962	91.5355206	101.928996
50.7191063	53.0437312	59.0666287
31.2404962	32.67235	36.3821619
25.4178994	26.5828863	29.6012644
27.567295	28.8307938	32.1044119
27.8538625	29.1304987	32.4381488
34.8864469	36.4854075	40.6281763
51.206625	53.5535919	59.6343825
49.3394044	51.6007938	57.4598525
36.2103481	37.8699894	42.1699725
36.0346456	37.6862312	41.96535
