#?RADIANCE
genskyvec -m 1
NROWS=146
NCOLS=1
NCOMP=3
FORMAT=ascii

24.2644225	25.3765419	28.2579437
34.8614319	36.4592444	40.5990437
34.298135	35.8701319	39.9430363
34.2229169	35.7914675	39.8554412
33.9494406	35.505455	39.5369537
32.8877862	34.3951406	38.3005694
33.8334375	35.3841356	39.4018613
35.5187244	37.1466644	41.3645181
37.8588475	39.5940425	44.089785
41.1941175	43.08218	47.973985
47.8953563	50.0905581	55.7781369
52.6146906	55.0261969	61.2741956
57.0405212	59.6548769	66.4284419
58.4092013	61.0862869	68.0223838
57.0228256	59.6363719	66.4078363
53.3379775	55.7826331	62.1165225
48.8522956	51.0913587	56.8925719
44.7280275	46.7780606	52.0895175
40.07808	41.9149912	46.6742662
36.0052094	37.6554487	41.93107
35.637475	37.2708569	41.5028119
33.1416569	34.66065	38.5962231
33.4102325	34.9415338	38.9090012
32.14846	33.6219294	37.439565
34.0037481	35.562255	39.6002012
35.5513463	37.1807825	41.4025088
36.9167925	38.60881	42.9926825
37.9322156	39.6707731	44.1752262
36.4495706	38.1201744	42.4485631
36.2687056	37.9310187	42.2379312
35.1104575	36.719685	40.889055
22.6289106	23.6660688	26.3532537
20.7994587	21.7527675	24.2227037
22.425405	23.4532356	26.1162544
22.0678175	23.07926	25.6998169
23.0383887	24.0943131	26.8301244
23.8250419	24.9170213	27.7462475
26.9506162	28.1858506	31.3862406
30.7702144	32.1805138	35.83448
35.6296831	37.26271	41.4937388
40.4397025	42.2931862	47.0954044
48.38608	50.6037737	56.3496263
55.3370912	57.8733731	64.4446569
58.3730044	61.0484306	67.9802306
57.42281	60.0546881	66.8736513
51.9258444	54.3057788	60.4719762
43.6697381	45.671265	50.85705
38.71371	40.4880862	45.0853431
31.7377731	33.19242	36.9612825
27.5393912	28.8016113	32.0719163
24.3453419	25.4611706	28.3521819
22.9055744	23.9554138	26.6754519
22.2322719	23.2512525	25.8913356
20.6026538	21.5469413	23.9935081
22.1975587	23.2149456	25.8509075
22.7442713	23.7867156	26.4876
23.4058856	24.4786544	27.2581063
22.4509169	23.4799156	26.1459631
23.063415	24.1204875	26.8592706
22.3570775	23.3817763	26.03668
22.5879656	23.6232469	26.3055694
15.5372562	16.2493787	18.0944294
15.2521544	15.9512113	17.7624069
15.8605612	16.5875025	18.4709469
17.7637206	18.5778906	20.6873338
19.9361075	20.8498456	23.2172588
23.7459237	24.8342769	27.6541087
29.676495	31.0366662	34.5607525
39.2422263	41.040825	45.700845
51.5246562	53.8862019	60.00476
65.4603294	68.4605931	76.2340131
70.7308044	73.9726319	82.3719206
58.0802413	60.7422519	67.6392837
43.9340331	45.9476744	51.1648437
33.4686969	35.0026769	38.9770888
25.7423588	26.9222162	29.9791231
21.3603	22.3393125	24.8758487
18.0600256	18.8877769	21.0324063
17.2459525	18.0363919	20.0843506
15.9794106	16.7117994	18.6093569
15.1851906	15.8811788	17.6844206
15.5890169	16.3035131	18.1547106
15.6729963	16.3913406	18.2525113
15.0719219	15.7627181	17.5525094
15.5811694	16.295305	18.1455694
13.0942031	13.6943531	15.2492913
13.6459263	14.2713625	15.8918175
14.6001913	15.2693669	17.00314
15.9540431	16.6852681	18.5798137
19.2101656	20.0906319	22.37184
22.4874669	23.5181388	26.1885281
31.1233612	32.5498475	36.2457487
44.6701956	46.7175781	52.0221675
68.6611281	71.8080938	79.96161
94.593	98.9285019	110.161414
2044.63891201894	2049.46405501894	2061.96556001894
79.5218938	83.1666375	92.6098706
55.4941644	58.0376469	64.6275837
35.3731337	36.9944006	41.194965
25.8639056	27.0493331	30.1206737
20.9577981	21.9183631	24.4071025
17.3764238	18.1728444	20.2362969
15.3483856	16.0518544	17.8744762
14.0941875	14.74017	16.4138556
13.3675419	13.9802219	15.5676169
13.0655094	13.6643431	15.215875
12.9717569	13.5662969	15.1066925
12.8259719	13.4138263	14.9369113
12.9984619	13.5942238	15.1377925
12.8177312	13.4052106	14.9273181
13.8974294	14.5343944	16.1847175
15.9832962	16.7158656	18.6138825
19.7398787	20.6446244	22.9887356
26.2148875	27.4164038	30.5294244
44.9905656	47.0526337	52.3952675
74.5329144	77.9490044	86.7997938
5088.6319955153	5095.2282205153	5112.3184265153
2599.8617992291	2604.7907122291	2617.5610922291
57.6261688	60.2673675	67.1104787
36.53356	38.2080137	42.5463756
24.4621794	25.5833619	28.4882481
18.25801	19.0948338	21.2629756
14.9086306	15.5919438	17.3623444
13.5020812	14.1209256	15.7243
12.6049906	13.18272	14.6795631
12.2740156	12.8365738	14.2941144
12.3643975	12.9310969	14.3993706
14.1552875	14.80407	16.4850106
16.9328056	17.7088919	19.7196644
22.5828919	23.6179388	26.2996588
35.8538531	37.4971525	41.7548
57.0813394	59.6975656	66.4759806
73.0929006	76.44299	85.1227787
49.8825381	52.1688181	58.0923738
30.9603544	32.3793712	36.055915
20.0682988	20.9880925	23.3712056
15.8836787	16.6116788	18.4978675
13.4815512	14.0994563	15.7003913
13.6610913	14.2872237	15.9094806
17.8473037	18.6653044	20.7846731
23.8292387	24.9214119	27.7511375
34.9269319	36.5277475	40.6753244
37.036695	38.7342087	43.1323187
22.3337194	23.3573462	26.0094788
17.4514363	18.2512931	20.3236519
24.0722438	25.175555	28.0341344
