#?RADIANCE
genskyvec -m 1
NROWS=146
NCOLS=1
NCOMP=3
FORMAT=ascii

26.5291912	27.7451112	30.8954544
34.8567525	36.4543531	40.5935956
35.5044125	37.1316956	41.3478481
35.889855	37.5348056	41.7967294
35.5671094	37.1972675	41.420865
33.3455462	34.8738812	38.8336687
32.7127731	34.2121081	38.0967519
32.5803262	34.07359	37.942505
31.8182713	33.2766087	37.0550325
31.6104156	33.0592256	36.8129637
36.3577244	38.0241187	42.3416025
36.8472506	38.5360831	42.9116975
41.1680831	43.0549544	47.9436662
44.2743937	46.3036356	51.5612231
46.7888338	48.9333225	54.4894988
49.8841075	52.1704619	58.0942038
51.859655	54.2365544	60.3948913
51.0518937	53.3917706	59.4541869
49.37801	51.6411663	57.50481
45.3605744	47.4395994	52.8261713
43.2996925	45.2842588	50.4261019
39.1176475	40.9105381	45.5557612
36.9064013	38.5979444	42.9805838
33.8773288	35.4300388	39.4529744
33.58477	35.12407	39.1122638
33.5020613	35.0375713	39.015945
33.86122	35.4131888	39.4342131
34.7655687	36.3589881	40.4874037
33.7383119	35.2846494	39.2910787
34.3577912	35.9325231	40.0125137
34.2799094	35.85107	39.9218131
22.3259256	23.3491956	26.0004019
20.6816444	21.6295531	24.0854994
22.385695	23.4117044	26.0700081
21.5778256	22.5668094	25.1291781
21.4324956	22.4148175	24.9599294
20.67117	21.6185975	24.0733
22.2131075	23.2312069	25.8690169
23.4061031	24.4788813	27.2583613
24.4260544	25.5455806	28.4461769
24.6796944	25.8108462	28.7415619
28.2041306	29.4968194	32.8460613
31.9745294	33.4400294	37.2370063
37.1633512	38.8666706	43.27982
42.3819475	44.3244544	49.3573144
46.1892225	48.3062281	53.7912013
48.8778775	51.1181113	56.9223638
48.6703406	50.9010638	56.6806687
45.3656631	47.4449225	52.8320988
40.0302813	41.865	46.6185994
34.9174537	36.5178363	40.6642869
30.9301769	32.3478081	36.0207694
27.6498156	28.9170981	32.2005156
24.0624413	25.1653019	28.0227194
23.6006769	24.6823725	27.4849569
22.7464475	23.7889919	26.4901356
22.51827	23.5503581	26.2244031
21.297535	22.2736719	24.8027569
21.75411	22.7511731	25.3344763
21.33849	22.3165037	24.85045
21.8696412	22.8720012	25.4690212
15.2472662	15.9460994	17.7567144
14.7861844	15.4638825	17.2197431
14.882025	15.5641162	17.3313575
15.8056281	16.5300531	18.4069725
16.2486844	16.9934156	18.9229481
17.2896181	18.0820581	20.1352013
18.977645	19.8474519	22.1010481
21.8409287	22.8419694	25.4355813
25.239115	26.3959069	29.3930537
31.8693838	33.3300638	37.1145544
39.81564	41.6405231	46.3686344
50.049775	52.3437225	58.2871369
55.9281419	58.4915156	65.132985
54.5322294	57.0316225	63.5073287
44.9311537	46.9904975	52.3260756
35.6818144	37.3172287	41.5544475
27.4925731	28.7526481	32.0173937
23.4957019	24.5725863	27.3627012
19.6664662	20.5678456	22.90324
17.5001144	18.3022019	20.3803431
16.5315963	17.2892931	19.2524219
15.9118094	16.6410969	18.5306269
15.081235	15.7724575	17.5633575
15.3621037	16.0661987	17.8904512
12.96751	13.5618531	15.1017475
13.0574831	13.6559519	15.2065281
13.2140956	13.8197406	15.3889162
13.6450581	14.2704563	15.8908081
14.7294219	15.4045213	17.1536412
15.7254081	16.4461556	18.3135506
18.2515431	19.0880713	21.2554437
21.920925	22.9256338	25.5287463
28.0659519	29.3523062	32.6851406
36.1637156	37.8212194	42.1156644
50.9121819	53.2456556	59.2914819
74.5768031	77.9949019	86.8509075
83.9604225	87.8085962	97.7789025
73.8320538	77.2160194	85.9835831
56.1269337	58.6994175	65.3644969
42.8747719	44.8398625	49.9312469
31.2205387	32.6514787	36.35892
24.2299563	25.340495	28.2178056
19.4816719	20.37458	22.6880294
16.7645988	17.5329769	19.5237738
15.16184	15.8567587	17.6572288
14.1200825	14.7672531	16.4440137
13.4822394	14.100175	15.7011906
13.2354319	13.842055	15.4137644
13.0472163	13.6452131	15.1945712
13.1466481	13.7492019	15.3103688
13.8605994	14.4958756	16.1418231
15.0851875	15.7765906	17.5679581
17.3128425	18.1063456	20.1622487
23.1811869	24.2436581	26.9964256
31.1490419	32.576705	36.2756569
52.04043	54.425615	60.6054212
82.5960719	86.3817287	96.1900113
4549.57161761122	4555.66327461122	4571.44628661122
2407.69572413868	2412.58803613868	2425.26356313868
60.0354225	62.7870431	69.9162556
36.5361931	38.2107675	42.5494431
24.4298456	25.5495456	28.4505919
19.3097781	20.1948094	22.4878475
15.9359356	16.6663294	18.5587238
14.0900575	14.7358512	16.4090494
13.323895	13.9345725	15.5167863
14.6465725	15.3178738	17.0571556
15.8410631	16.56711	18.4482413
17.8969969	18.7172738	20.842545
22.9905531	24.0442844	26.7744156
34.7289719	36.320715	40.444785
65.862895	68.8816094	76.7028325
2902.37861937567	2907.25122437567	2919.87569137567
75.6644219	79.1323719	88.11753
40.1929744	42.0351506	46.8080706
25.341045	26.5025088	29.51176
17.5520481	18.3565169	20.440825
15.9094331	16.638615	18.5278625
19.8406231	20.7499856	23.1060619
23.2573919	24.3233562	27.0851719
34.1283	35.6925125	39.7452506
50.8729606	53.2046362	59.2458044
34.2970563	35.8690037	39.9417825
23.4585831	24.5337688	27.3194756
28.9607469	30.2881137	33.7272038
