#?RADIANCE
genskyvec -m 1
NROWS=146
NCOLS=1
NCOMP=3
FORMAT=ascii

15.0596631	15.7498963	17.5382313
24.6008163	25.7283519	28.6497006
24.2466019	25.3579044	28.2371906
24.0582394	25.1609075	28.0178262
24.1197362	25.2252237	28.0894438
24.4679356	25.5893825	28.4949531
24.351715	25.4678338	28.3596013
24.5769275	25.7033694	28.6218806
24.7974969	25.9340481	28.8787537
25.764065	26.9449169	30.0044025
25.5554475	26.7267375	29.76145
27.3673387	28.6216737	31.8715463
28.0657363	29.3520825	32.68489
30.0266331	31.4028525	34.9685187
32.8487806	34.3543475	38.2551456
35.1344806	36.7448081	40.9170319
40.5947012	42.4552894	47.275915
39.0056894	40.7934494	45.4253781
44.4202044	46.4561288	51.7310331
44.0821888	46.1026219	51.3373856
39.640925	41.4577994	46.1651637
38.7489519	40.524945	45.1263856
33.7031262	35.24785	39.2501
31.9620531	33.4269769	37.222475
29.4116662	30.7597019	34.25234
26.7386662	27.9641875	31.1394063
26.0996744	27.2959087	30.3952481
25.0585494	26.2070656	29.18277
25.1316769	26.2835444	29.267935
24.5114556	25.634895	28.5456344
24.563315	25.6891338	28.6060287
22.8093681	23.854795	26.5634112
22.0326775	23.0425075	25.6588912
22.6588181	23.6973463	26.3880831
22.4912194	23.5220662	26.1929
22.5231075	23.5554163	26.2300375
22.29444	23.3162669	25.963735
23.1021838	24.1610344	26.90442
23.7744094	24.8640681	27.68728
24.317905	25.4324744	28.3202281
24.4906869	25.6131763	28.5214475
26.4316825	27.6431331	30.7818988
28.8441431	30.1661644	33.5914106
32.4078044	33.8931631	37.7415931
37.29112	39.000295	43.4286187
42.8790137	44.8443	49.9361887
50.5562894	52.8734513	58.877015
54.0710356	56.5492894	62.9702288
60.0242713	62.7753831	69.9032706
58.0297412	60.689435	67.5804719
53.6636562	56.1232394	62.4958038
46.5118462	48.6436394	54.1669244
39.3133613	41.115225	45.7836887
33.7978131	35.3468775	39.3603706
29.9986787	31.3736181	34.9359644
27.5524738	28.8152937	32.0871544
26.0220606	27.2147375	30.3048594
24.3357012	25.4510862	28.3409531
23.6669169	24.7516506	27.5621
22.95738	24.0095931	26.7357819
22.8881581	23.9371981	26.6551706
18.8945575	19.7605563	22.0042869
18.3967131	19.239895	21.4245063
18.3478625	19.1888062	21.3676169
19.0087869	19.8800231	22.1373169
19.2326019	20.1140975	22.3979694
19.7987869	20.7062312	23.05734
20.668955	21.6162813	24.0707225
22.2849063	23.3062969	25.9526325
24.1901931	25.2989106	28.1714981
28.7879788	30.1074288	33.5260025
35.06358	36.67066	40.8344625
46.7961694	48.9409906	54.4980412
61.43242	64.2480719	71.543175
75.1999194	78.6465812	87.5765775
76.9299238	80.4558775	89.591315
66.5892794	69.641285	77.54877
50.7780325	53.1053562	59.1352513
39.7989425	41.6230606	46.34919
30.8973131	32.3134394	35.9824987
26.1584637	27.3573919	30.4637125
23.0231569	24.0783844	26.8123881
21.2489488	22.2228581	24.7461737
19.6864062	20.5887	22.9264631
19.3318819	20.2179281	22.5135894
16.9185013	17.6939331	19.7030063
16.7280006	17.4947012	19.4811538
16.5665975	17.3258994	19.2931825
16.75958	17.5277256	19.5179287
17.3464712	18.1415163	20.2014119
17.8337775	18.6511594	20.7689206
19.2011369	20.0811881	22.361325
21.4193006	22.4010169	24.9445606
25.1559069	26.3088856	29.2961513
30.4207563	31.81504	35.4275056
40.5322025	42.3899275	47.2031294
58.6747775	61.3640344	68.3316694
76.605575	80.1166619	89.2135794
104.18292	108.957966	121.3297
110.015853	115.058239	128.122631
93.2850456	97.5606056	108.638218
65.7844213	68.7995375	76.6114431
46.79835	48.9432719	54.5005819
33.6908731	35.2350363	39.2358312
26.5661156	27.7837287	30.9384569
22.5112081	23.5429694	26.2161781
19.8939944	20.8058006	23.1682144
18.4036737	19.2471731	21.4326125
17.6293144	18.4373231	20.5308062
16.9451	17.7217494	19.7339819
16.4404944	17.1940162	19.1463244
16.5575538	17.3164394	19.2826513
17.1048556	17.8888262	19.9200312
18.3755919	19.2178069	21.3999075
21.8977675	22.901415	25.5017769
26.7225075	27.9472869	31.1205869
39.0572669	40.8473919	45.485445
56.4637206	59.0516381	65.7567113
95.8292063	100.221377	111.601103
2245.73850219532	2252.51490219532	2270.07197119532
1212.64009198425	1218.71183598425	1234.44321798425
78.1700788	81.7528712	91.0355737
45.8183237	47.9183275	53.3592569
32.2582069	33.7367069	37.5673719
24.1202213	25.22573	28.0900075
19.8688713	20.7795287	23.1389575
17.9373525	18.75948	20.8895406
18.4240681	19.2685038	21.456365
18.5669456	19.41793	21.622755
19.3142719	20.19951	22.4930806
22.3363044	23.3600525	26.0124906
30.0563206	31.4339013	35.0030919
49.7793706	52.0609231	57.9722287
83.6519013	87.4859425	97.419615
942.642710945572	947.409133945572	959.758547945572
71.8967006	75.1919656	83.7297006
41.6260487	43.5339069	48.477005
25.8023944	26.9850038	30.04904
21.3369131	22.3148544	24.8486156
24.1740838	25.2820631	28.1527369
25.3661337	26.5287463	29.5409775
33.5990469	35.1390031	39.1288925
50.8756194	53.2074175	59.2489031
44.8054619	46.859045	52.1796975
31.5550844	33.0013594	36.7485287
33.2410556	34.7646025	38.7119825
