#?RADIANCE
genskyvec -m 1
NROWS=146
NCOLS=1
NCOMP=3
FORMAT=ascii

10.183355	10.6500919	11.8593669
28.6451244	29.9580256	33.3596363
28.3850744	29.686055	33.0567862
29.1387719	30.4742975	33.9345287
31.0758281	32.5001369	36.1903937
35.1053588	36.7143538	40.8831188
41.6784238	43.5886831	48.5380013
50.8741725	53.205905	59.2472169
68.4255719	71.5617425	79.6872838
91.6603794	95.8614838	106.746144
97.5289706	101.99906	113.580635
108.177464	113.135586	125.981651
83.798415	87.63917	97.5902394
64.0879275	67.0252888	74.6357325
50.265445	52.5692756	58.5383006
40.0467875	41.8822644	46.6378244
34.6143331	36.2008231	40.3112787
30.9087706	32.3254219	35.9958419
29.1998025	30.5381238	34.0056037
28.1884156	29.480385	32.8277613
29.1234344	30.4582581	33.9166712
29.8035412	31.169535	34.7087069
30.297325	31.6859506	35.2837612
30.4894688	31.8869019	35.5075287
32.2455837	33.7235044	37.5526694
31.9769912	33.4426031	37.2398719
32.8709281	34.3775112	38.2809369
31.9822581	33.4481113	37.2460069
31.0759819	32.5002969	36.1905712
29.6544887	31.0136519	34.535125
28.7608288	30.0790319	33.4943831
21.6335225	22.6250587	25.1940419
20.6347887	21.5805481	24.0309294
23.0786194	24.1363906	26.8769781
24.7745919	25.910095	28.8520781
29.6083588	30.9654063	34.4814
35.8124138	37.4538131	41.7065413
47.2041063	49.3676263	54.9731187
66.9650681	70.0342975	77.9864056
98.6577069	103.179515	114.895134
132.999706	139.095525	154.889244
129.691175	135.635356	151.036181
96.016795	100.417564	111.819567
67.57408	70.6712219	78.6956494
47.1204194	49.2801025	54.8756562
35.7717094	37.4112431	41.6591381
28.1848731	29.4766775	32.8236344
26.3019081	27.50741	30.6307656
22.2109987	23.2290031	25.8665612
21.2173106	22.18977	24.7093281
20.256135	21.1845394	23.5899588
20.7499819	21.7010219	24.1650844
21.7295594	22.7254975	25.3058844
20.9664469	21.9274069	24.4171762
23.1904425	24.2533356	27.0072031
23.8272575	24.9193387	27.7488269
24.1543431	25.2614175	28.1297469
22.6362362	23.6737275	26.3617831
22.5815956	23.6165844	26.2981519
21.51654	22.502715	25.0578056
21.5319875	22.5188687	25.0757937
15.11387	15.8065894	17.6013613
15.1853463	15.8813406	17.6846019
16.8883487	17.6623981	19.6678887
21.58731	22.5767269	25.1402231
29.05285	30.3844381	33.8344663
44.6557469	46.7024669	52.0053413
75.1255794	78.5688344	87.4900025
1697.61774247643	1703.78392447643	1719.75996747643
2086.3220721835	2093.2132911835	2111.0677971835
81.3729306	85.1025138	94.76556
48.91542	51.157375	56.9660844
30.3728556	31.7649431	35.3717225
22.0920731	23.104625	25.7280631
17.8384481	18.6560425	20.77436
16.0143369	16.7483256	18.6500281
15.3055494	16.0070531	17.8245881
14.679895	15.3527212	17.09596
15.6195456	16.3354413	18.1902637
15.3355506	16.0384306	17.8595281
14.764005	15.4406863	17.1939131
15.4652912	16.1741169	18.0106231
15.4411412	16.1488587	17.9824969
14.4997069	15.1642781	16.8861194
14.9421875	15.6270381	17.4014219
11.938695	12.4858844	13.9036069
12.8624869	13.4520175	14.9794381
14.5663875	15.2340125	16.9637731
17.3305725	18.1248881	20.1828963
24.6579081	25.7880613	28.7161906
32.9091181	34.41745	38.3254106
55.404705	57.944085	64.5233975
85.1687394	89.072305	99.1861144
1428.56841940653	1432.40013380653	1442.32776380653
57.7252294	60.3709687	67.2258444
36.0946469	37.7489856	42.0352269
23.7220906	24.8093525	27.6263519
18.8535987	19.7177206	21.9565869
15.0232506	15.7118144	17.4958281
13.1650619	13.7684588	15.33181
12.0708006	12.6240438	14.0574525
11.580705	12.1114856	13.486695
11.48727	12.0137694	13.3778844
11.6907744	12.2266019	13.61488
11.6526563	12.1867362	13.57049
11.72274	12.2600331	13.6521075
11.7674925	12.3068363	13.7042269
11.5498844	12.0792531	13.4508025
11.8360031	12.3784869	13.7840119
10.5099417	10.9916481	12.2397025
11.8813094	12.4258688	13.8367725
14.2716775	14.9257963	16.6205588
19.7023256	20.6053487	22.9450025
28.3256875	29.6239462	32.9876263
41.24626	43.1367106	48.0347081
44.4342944	46.4708644	51.7474431
31.7520738	33.2073738	36.9779369
22.5860481	23.6212425	26.3033363
16.052965	16.7887262	18.6950169
12.7336106	13.3172331	14.8293506
11.1317025	11.6419056	12.9637975
10.2644499	10.7349031	11.9538075
9.79608069	10.2450671	11.4083519
9.58139962	10.0205483	11.15834
9.59672075	10.0365696	11.1761813
9.78997506	10.2386811	11.4012444
9.98340581	10.4409759	11.6265062
10.2365917	10.7057675	11.9213644
12.0406962	12.5925613	14.022395
16.5910575	17.3514787	19.3216681
23.5649481	24.6450063	27.4433456
23.7923275	24.8828088	27.7081494
18.5541875	19.4045862	21.6078994
13.9837075	14.6246263	16.2851925
11.2463181	11.7617731	13.0972756
9.68692462	10.1309079	11.2812306
9.1367115	9.55547706	10.6404625
9.04587869	9.46048131	10.5346781
9.311347	9.73811681	10.8438406
10.4149601	10.8923127	12.1290906
12.6881181	13.2696569	14.7763719
14.3290744	14.9858212	16.6874
12.7924219	13.3787406	14.8978406
10.0641592	10.5254328	11.7205519
9.45978594	9.89335988	11.0167106
11.1901425	11.7030263	13.0318562
