#?RADIANCE
genskyvec -m 1
NROWS=146
NCOLS=1
NCOMP=3
FORMAT=ascii

26.3223681	27.5288094	30.6545925
37.7020113	39.4300181	43.9071356
37.4438612	39.1600369	43.6064994
37.4172813	39.1322375	43.575545
36.9707	38.6651894	43.0554631
35.2856344	36.9028913	41.0930638
35.4924856	37.1192238	41.3339594
36.4475819	38.1180937	42.4462475
37.5461006	39.2669619	43.7255644
39.5565875	41.3695969	46.066945
45.7003931	47.7949938	53.2219175
49.03877	51.2863781	57.1097381
54.1206338	56.6011606	63.0279906
57.1149575	59.7327225	66.5151275
58.09672	60.7594831	67.6584731
57.1446563	59.7637837	66.5497162
54.7444675	57.2535863	63.7544969
50.8359362	53.1659156	59.2026875
46.4827481	48.6132044	54.133035
41.6390912	43.5475475	48.4921925
40.4436987	42.2973669	47.1000575
37.1292587	38.831015	43.2401181
36.5047413	38.1778737	42.5128137
34.5945606	36.1801462	40.2882531
35.8563281	37.4997406	41.7576844
37.0068663	38.7030137	43.0975812
38.2715956	40.0257106	44.5704656
39.4327994	41.2401337	45.9227825
38.2249688	39.976945	44.5161625
38.39097	40.1505563	44.7094875
37.644055	39.3694069	43.8396419
24.5643712	25.6902381	28.6072594
22.6374775	23.6750281	26.36323
24.3528331	25.4690031	28.3609037
23.7082669	24.794895	27.6102537
24.1873925	25.2959787	28.1682344
24.3107194	25.4249606	28.3118587
26.8682975	28.09976	31.2903731
29.6796156	31.0399306	34.5643894
33.0102231	34.5231906	38.4431562
35.8871938	37.5320219	41.7936325
42.3550156	44.2962856	49.3259469
48.8543681	51.0935237	56.8949856
54.3815544	56.8740412	63.3318556
57.777205	60.4253256	67.2863738
56.4866488	59.0756181	65.783415
51.1701888	53.5154863	59.5919494
46.3704925	48.4958063	54.0023037
39.0774731	40.868525	45.5089775
33.6245019	35.1656238	39.1585331
29.3854306	30.7322613	34.2217844
26.9819044	28.2185738	31.4226769
25.4267625	26.5921544	29.6115856
23.0902337	24.1485356	26.8905025
24.135325	25.2415269	28.1075969
24.3171262	25.4316613	28.3193225
24.8019881	25.9387463	28.8839856
23.8126181	24.90403	27.7317787
24.5186106	25.6423775	28.5539663
23.9472575	25.0448394	27.8885775
24.3551338	25.4714119	28.3635856
16.9181944	17.6936119	19.7026481
16.5349981	17.2928531	19.2563863
16.9529394	17.7299475	19.7431131
18.5242669	19.3732962	21.5730537
20.0455888	20.9643437	23.3447594
22.7862637	23.8306319	26.5365038
26.9880544	28.2250075	31.42984
33.7154375	35.2607256	39.2644362
42.282245	44.22018	49.2412013
54.7546975	57.2642856	63.7664119
65.2935494	68.2861688	76.0397856
64.7799687	67.7490481	75.441675
55.1810313	57.7101594	64.2629119
44.1458763	46.1692263	51.4115519
33.6243981	35.1655169	39.1584169
27.1303319	28.3738031	31.5955319
22.1623794	23.1781544	25.8099369
20.3964719	21.3313112	23.7533931
18.3233275	19.1631462	21.3390431
17.1091869	17.8933575	19.9250744
17.15885	17.9452975	19.9829119
17.0888975	17.8721387	19.901445
16.4514694	17.2054944	19.1591069
16.97059	17.7484075	19.7636681
14.3671838	15.0256788	16.7317838
14.7918781	15.4698388	17.2263756
15.5019113	16.2124169	18.0532688
16.5577131	17.3166094	19.2828387
19.073785	19.9479988	22.2130119
21.5208675	22.5072406	25.0628462
27.7357669	29.0069869	32.3006125
37.00594	38.7020438	43.0965031
53.0953687	55.528905	61.8339838
72.5744956	75.9008269	84.519055
97.3087606	101.768749	113.32416
102.252773	106.939355	119.081874
78.7410531	82.3500194	91.7005256
50.7919225	53.119885	59.1514313
36.1769938	37.8351038	42.1311263
28.4221994	29.7248844	33.1000219
22.5409306	23.5740556	26.2507931
19.1340256	20.0110012	22.2831669
16.8823512	17.6561262	19.6609056
15.5768219	16.29076	18.1405069
14.9016281	15.5846194	17.3541888
14.5554931	15.2226194	16.951085
14.2901706	14.9451356	16.6420944
14.3627144	15.021005	16.72658
14.270565	14.9246319	16.6192612
15.1014237	15.7935706	17.5868669
16.8597806	17.6325213	19.6346212
19.844925	20.7544844	23.1110712
24.9407956	26.0839144	29.0456369
39.1844631	40.9804187	45.6335762
60.3426137	63.1083144	70.274005
2003.99544212867	2009.36472112867	2023.27604112867
5909.5341117789	5916.4761237789	5934.4622047789
92.4212925	96.6572725	107.632311
56.9364175	59.5460006	66.3072062
35.4441131	37.0686325	41.277625
24.6725081	25.8033306	28.7331931
18.9855587	19.8557294	22.1102675
16.5583819	17.3173075	19.2836156
14.9203581	15.6042075	17.3759994
14.1329213	14.78068	16.4589662
13.9975288	14.6390825	16.3012887
15.9797881	16.7121919	18.6097937
18.5919275	19.4440556	21.6518494
23.4841013	24.5604569	27.3491962
34.8450231	36.4420844	40.579935
57.2200156	59.8425975	66.6374781
1938.50724703499	1942.87772203499	1954.20125393499
78.2211213	81.8062506	91.0950194
46.5190038	48.6511231	54.1752587
27.7067262	28.9766162	32.2667944
20.424635	21.3607656	23.7861925
16.2645631	17.0100231	18.94144
16.0060856	16.7396969	18.6404219
20.9801781	21.9417694	24.4331669
27.3017137	28.55304	31.7951212
41.5162387	43.419065	48.3491225
50.035025	52.3282944	58.2699594
29.4976712	30.8496488	34.3524981
21.7425419	22.739075	25.3210031
29.7808438	31.1457981	34.682275
