#?RADIANCE
genskyvec -m 1
NROWS=146
NCOLS=1
NCOMP=3
FORMAT=ascii

24.4949575	25.6176425	28.5264194
35.1288319	36.7389013	40.9104544
34.6599525	36.2485325	40.3644063
34.5874956	36.172755	40.2800219
34.2399888	35.8093213	39.8753231
32.9627406	34.4735313	38.3878606
33.6325563	35.1740463	39.1679137
35.0289556	36.6344488	40.79414
36.8917094	38.5825763	42.9634712
39.6852719	41.5041813	46.21681
46.0941562	48.2068031	53.6804875
50.2336631	52.5360381	58.5012894
54.9002469	57.416505	63.9359162
56.9004556	59.50839	66.265325
56.40499	58.9902175	65.688315
53.6882819	56.1489944	62.5244812
49.8827306	52.1690231	58.0926038
45.8539313	47.9555675	53.4007263
41.3011581	43.1941275	48.0986425
37.0184981	38.7151787	43.1111294
36.3944575	38.0625363	42.3843812
33.6617581	35.2045856	39.2019231
33.6603981	35.2031638	39.2003388
32.2176981	33.6943444	37.5201987
33.8703319	35.4227219	39.4448256
35.3042619	36.9223737	41.1147581
36.6350994	38.3142075	42.66463
37.7114288	39.4398681	43.9181038
36.3440894	38.0098594	42.3257244
36.2920419	37.9554263	42.2651094
35.2814006	36.8984644	41.088135
22.7777687	23.8217494	26.5266131
20.9423763	21.9022344	24.3891419
22.5588475	23.5927944	26.27166
22.1025806	23.1156169	25.7403006
22.8811069	23.9298225	26.6469569
23.4241125	24.497715	27.2793287
26.2824469	27.4870594	30.6081044
29.6626225	31.0221587	34.5445988
33.8671563	35.4194012	39.4411275
37.8587844	39.5939781	44.0897125
45.1229694	47.191105	52.5494613
51.8662344	54.243435	60.402555
55.8992219	58.4612675	65.099305
56.6135181	59.2083019	65.9311619
52.5909331	55.0013487	61.2465256
45.2663181	47.3410256	52.7164044
40.3471119	42.1963512	46.9875744
33.3101156	34.8368294	38.7924062
28.78307	30.1022938	33.5202869
25.3231394	26.4837837	29.4909094
23.6180919	24.700585	27.505235
22.6902444	23.7302144	26.4246837
20.8806831	21.837715	24.3172975
22.2839619	23.30531	25.9515306
22.71995	23.7612787	26.459275
23.3289175	24.3981569	27.1684687
22.3970025	23.4235325	26.0831775
23.0424419	24.0985538	26.834845
22.3990619	23.425685	26.0855763
22.6855037	23.7252538	26.4191606
15.6355513	16.35218	18.2089031
15.3237413	16.02608	17.8457756
15.8555687	16.5822806	18.4651325
17.6042088	18.4110669	20.5015688
19.5075313	20.4016269	22.7181475
22.8563338	23.9039156	26.6181069
28.02206	29.3064056	32.6340269
36.3078569	37.9719662	42.2835281
46.93031	49.0812806	54.6542594
60.2562025	63.017945	70.1733737
67.8395375	70.9488469	79.0047987
59.5068544	62.2342512	69.300695
46.6380856	48.7756631	54.3139394
35.9640512	37.6124031	41.8831375
27.4993581	28.759745	32.0252963
22.5833925	23.6184637	26.300245
18.865215	19.7298687	21.9701144
17.7901725	18.6055531	20.7181381
16.314085	17.0618125	18.9991131
15.4174144	16.1240475	17.9548663
15.7153844	16.4356725	18.3018769
15.7610875	16.48347	18.3550975
15.1707719	15.8660981	17.6676294
15.6798881	16.39855	18.2605381
13.2088675	13.814275	15.3828294
13.7113119	14.3397481	15.9679662
14.5698419	15.2376256	16.9677963
15.7978619	16.52193	18.3979262
18.7344269	19.5930863	21.8178013
21.6513731	22.6437244	25.2148269
29.2193531	30.558575	34.0283744
40.8548556	42.7273687	47.5788862
61.2931256	64.1023912	71.3809544
84.5067869	88.3800119	98.4151981
102.298426	106.987087	119.135026
86.2260656	90.1780906	100.417445
61.4346913	64.250445	71.54582
39.0390513	40.8283412	45.4642325
28.2262319	29.5199337	32.8718038
22.6238588	23.6607856	26.3473706
18.4827975	19.3299231	21.5247569
16.1134662	16.8520006	18.7654756
14.6031113	15.2724194	17.00654
13.72764	14.356825	15.9869819
13.3272125	13.9380425	15.5206506
13.1675781	13.7710925	15.3347438
12.9956287	13.5912619	15.1344931
13.1386719	13.7408619	15.3010813
13.0000175	13.5958531	15.1396063
13.9869356	14.6280013	16.2889538
15.9343825	16.6647063	18.556915
19.3639919	20.2515075	22.5509831
25.2390556	26.3958456	29.392985
42.0741012	44.0024963	48.9987987
68.102755	71.22413	79.31134
3773.797978736	3780.016465736	3796.128027736
3675.23209320435	3680.80129120435	3695.23053120435
66.0719106	69.1002037	76.946245
41.3166506	43.2103269	48.1166837
26.9831669	28.2198944	31.4241469
19.6850606	20.5872919	22.9248956
15.7704212	16.49323	18.3659706
14.1132594	14.7601162	16.4360675
13.0275813	13.6246794	15.171705
12.5757487	13.1521362	14.6455075
12.604115	13.1818031	14.6785413
14.43853	15.100295	16.8148719
17.1332931	17.9185681	19.9531475
22.4631388	23.4926962	26.1601956
34.9352313	36.5364288	40.6849894
56.6673087	59.2645594	65.9938081
2000.67032771436	2004.32633521436	2013.79876021436
56.8070819	59.4107413	66.1565856
34.6341756	36.2215731	40.3343844
21.8150713	22.8149281	25.4054712
16.8786469	17.6522525	19.6565925
14.035195	14.6784725	16.3451525
14.0987656	14.7449575	16.4191862
18.4801044	19.3271094	21.5216225
24.5284931	25.6527156	28.5654769
36.5387975	38.2134919	42.5524769
40.3485231	42.1978306	46.9892212
24.0181488	25.1189794	27.9711369
18.3979538	19.2411919	21.4259494
25.4018637	26.5661156	29.5825887
