#?RADIANCE
genskyvec -m 1
NROWS=146
NCOLS=1
NCOMP=3
FORMAT=ascii

0.486098156	0.508377637	0.566101819
6.95181387	7.27043856	8.09596706
6.43264575	6.72747494	7.49135225
6.29580781	6.58436544	7.33199312
6.38072819	6.67317812	7.43089019
6.79645644	7.1079605	7.91504038
6.83632294	7.14965419	7.961468
6.94093762	7.25906369	8.08330075
7.01039238	7.33170194	8.16418656
7.39420412	7.73310506	8.61116719
6.67558288	6.98154694	7.77427306
7.03841075	7.36100438	8.19681637
6.54454025	6.84449819	7.62166294
6.40257188	6.69602294	7.45632894
6.43405081	6.72894469	7.49298887
6.40264488	6.69609937	7.45641394
7.12017606	7.44651731	8.29203875
7.18824956	7.517711	8.37131619
9.01259494	9.42567206	10.4959185
11.8844844	12.4291899	13.8404731
15.2708262	15.9707394	17.7841519
23.7338994	24.821705	27.6401069
33.1865125	34.7075581	38.6484588
85.6597401069496	87.8614782069496	93.5659832069496
55.9603476390485	57.9173275390485	62.9876913390485
24.9501813	26.0937306	29.0565669
17.0470662	17.82839	19.8527306
12.1029932	12.6577125	14.0949439
9.85175631	10.3032943	11.4731903
8.10357975	8.47499344	9.43729406
7.3303835	7.66635906	8.53684281
6.82574775	7.13859444	7.9491525
6.36967594	6.66161913	7.41801881
6.51296737	6.81147794	7.58489356
6.52217244	6.82110506	7.59561369
6.62021188	6.92363813	7.70978869
6.59237844	6.89452887	7.67737463
6.88784694	7.20353969	8.021472
7.04810719	7.37114512	8.20810862
6.9688645	7.28827038	8.11582375
6.50990162	6.80827187	7.58132344
6.53997244	6.839721	7.61634319
6.43250225	6.727325	7.49118531
6.55288019	6.85322044	7.63137556
6.44823219	6.74377606	7.50950406
6.53431337	6.83380231	7.60975288
6.94491425	7.26322244	8.08793162
7.86950619	8.23019156	9.16469588
8.81017581	9.21397556	10.2601857
11.1090976	11.6182631	12.9374694
14.0045425	14.6464169	16.3094563
19.1206413	19.9970037	22.2675806
27.5952981	28.8600825	32.1370269
41.8075038483749	43.2546631483749	47.0041263483749
31.6966325	33.1493938	36.9133712
23.4545462	24.5295444	27.314775
17.4444906	18.2440294	20.3155619
12.2476288	12.8089781	14.263385
9.67454563	10.1179624	11.2668159
8.05004256	8.4190025	9.37494581
7.30295419	7.63767256	8.50489919
5.15365969	5.38986894	6.00186644
4.81816956	5.03900206	5.61116
4.76240481	4.9806815	5.54621787
5.08757063	5.32075056	5.92490006
5.15576506	5.39207081	6.00431837
5.25273819	5.49348863	6.11725162
5.2575115	5.49848056	6.12281044
5.25835213	5.49935981	6.12378956
4.93682475	5.16309556	5.74934388
5.00009769	5.22926856	5.82303075
4.94222794	5.1687465	5.75563638
5.15338206	5.38957831	6.001543
5.44410075	5.69362181	6.34010944
5.97460125	6.24843706	6.95792144
7.42511463	7.76543219	8.64716525
9.675259	10.1187081	11.2676454
12.7929456	13.3792881	14.8984506
17.5720769	18.3774638	20.46415
17.4511981	18.251045	20.3233769
13.438735	14.0546762	15.6505288
10.9238907	11.4245701	12.7217806
8.49101594	8.88018731	9.8884955
6.35953981	6.65101844	7.40621438
5.70538669	5.96688344	6.64439869
3.85488563	4.03156762	4.48933581
3.75276556	3.92476712	4.37040837
3.60393894	3.76911931	4.19708731
3.68051856	3.84920881	4.28627075
3.81771387	3.99269225	4.44604606
3.80666656	3.98113869	4.43318063
3.76352625	3.93602087	4.38294
3.819389	3.99444425	4.44799681
3.70388306	3.87364444	4.31348088
3.72744237	3.89828331	4.34091738
3.70256375	3.87226431	4.31194406
3.68500369	3.8538995	4.291494
3.95439206	4.13563481	4.60521931
4.54947719	4.75799481	5.29824581
5.32133656	5.56523081	6.19714025
5.999091	6.27404913	6.98644175
7.31931325	7.65478163	8.52395025
8.51633869	8.906671	9.91798625
9.27288937	9.69789619	10.7990532
8.3224655	8.70391175	9.69220525
7.08000794	7.40450813	8.24525963
5.75786537	6.02176713	6.70551437
4.77903131	4.99807	5.5655805
4.38603181	4.58705813	5.10789988
3.03462094	3.17370769	3.53406913
2.90651275	3.03972775	3.38487631
2.80699312	2.93564687	3.26897756
2.89836631	3.031208	3.37538919
2.92165494	3.05556381	3.40251069
2.86717881	2.99859119	3.33906875
2.89030919	3.02278156	3.36600588
2.92233006	3.05627006	3.40329706
2.95444262	3.08985438	3.44069488
3.18081719	3.32660438	3.70432675
3.31811706	3.47019731	3.86422406
4.01353181	4.19748525	4.67409256
4.72843844	4.94515838	5.50666069
5.10399931	5.3379325	5.94403281
4.78248862	5.00168581	5.56960663
4.28903969	4.4856205	4.99494431
3.8290915	4.00459131	4.4592965
3.32928231	3.48187431	3.877227
2.518004	2.6334125	2.93242563
2.32548819	2.432073	2.70822494
2.35212844	2.45993412	2.7392495
2.39606675	2.50588637	2.79041956
2.34280125	2.45017969	2.7283875
2.38907169	2.49857075	2.78227313
2.56553081	2.68311769	2.98777456
2.77218494	2.89924344	3.22844075
3.20094275	3.34765269	3.72776481
3.26057331	3.41001619	3.79720925
3.1585115	3.3032765	3.67835006
2.66895962	2.79128675	3.10822581
2.18461362	2.28474169	2.54416487
2.06987588	2.16474519	2.41054312
2.078121	2.17336806	2.42014513
2.19980437	2.30062863	2.5618555
2.32217575	2.42860862	2.70436725
2.38081356	2.48993406	2.772656
2.08783256	2.18352469	2.43145494
