#?RADIANCE
genskyvec -m 1
NROWS=146
NCOLS=1
NCOMP=3
FORMAT=ascii

15.6690244	16.3871888	18.2478856
32.5782637	34.0714337	37.9401056
33.1654056	34.6854856	38.6238806
33.8917319	35.4451037	39.4697488
34.708675	36.2994881	40.4211456
34.7795562	36.3736175	40.5036931
34.4955787	36.0766263	40.1729794
34.5995587	36.1853706	40.2940713
33.1762306	34.6968056	38.6364863
32.7310131	34.2311819	38.1179944
33.4170088	34.94862	38.9168931
32.5038006	33.9935575	37.8533869
32.7976219	34.3008456	38.1955663
33.0980175	34.6150087	38.5454
33.9603819	35.5168988	39.5496987
36.8590206	38.54839	42.9254031
42.4343506	44.3792575	49.4183412
46.9925119	49.1463337	54.7266981
58.66395	61.3527125	68.3190613
74.5111687	77.9262619	86.7744669
81.6384956	85.3802575	95.0748381
91.3447556	95.5313819	106.3786
79.6446869	83.2950669	92.7528819
71.0484019	74.3047838	82.7417875
58.6165431	61.3031319	68.2638506
46.179615	48.2961781	53.7800125
40.8027094	42.6728325	47.5181556
36.4350531	38.1049925	42.4316587
34.1409763	35.7057706	39.7600137
32.4549938	33.9425137	37.7965469
32.0847925	33.555345	37.3654169
24.6756206	25.8065856	28.7368187
23.2766212	24.3434644	27.107565
25.1959169	26.3507281	29.3427469
24.9648819	26.109105	29.0736862
25.1197044	26.2710238	29.2539894
24.1549756	25.2620781	28.1304831
25.5986994	26.7719719	29.81182
25.9752781	27.1658106	30.2503762
25.0710631	26.2201525	29.1973425
22.4719325	23.501895	26.1704375
23.3117844	24.3802412	27.1485175
23.7115606	24.7983375	27.6140869
25.8688144	27.0544675	30.1263912
27.5454556	28.8079556	32.0789819
30.1570038	31.5392006	35.1203456
36.1838925	37.8423194	42.13916
45.4653387	47.5491662	52.9481775
58.3623875	61.0373269	67.9678669
79.4389806	83.0799319	92.51332
99.2921831	103.843061	115.634025
107.744533	112.682819	125.477494
94.0742119	98.3859481	109.557249
72.4582969	75.7793006	84.3837288
54.8418687	57.3554519	63.8679288
43.0218313	44.9936631	50.10251
36.0767637	37.7302794	42.0143981
29.7465431	31.1099244	34.6423281
27.0761556	28.3171463	31.5324419
24.9705862	26.1150712	29.0803325
24.5980838	25.7254938	28.6465181
17.5489981	18.3533281	20.4372738
16.797295	17.5671694	19.5618506
16.7643575	17.5327237	19.5234938
17.8024944	18.6184419	20.7324888
17.7518994	18.5655287	20.6735681
17.7753569	18.59006	20.700885
17.6721981	18.482175	20.58075
17.8144263	18.63092	20.7463844
17.3252506	18.1193237	20.1766994
18.673255	19.5291125	21.7465631
20.1890606	21.11439	23.511845
24.545315	25.6703062	28.5850656
31.5746525	33.0218213	36.7713137
44.0379231	46.0563281	51.2858331
69.5163206	72.7024844	80.9575538
108.298797	113.262494	126.122994
1273.90903204805	1280.08625704805	1296.09093104805
97.3004844	101.760091	113.314536
58.2618338	60.9321687	67.8507656
39.4965281	41.3067856	45.997
28.9097587	30.2347869	33.6678244
23.4038387	24.4765144	27.2557219
19.4802488	20.3730937	22.6863756
18.3887013	19.2315156	21.415175
14.4155819	15.0762944	16.7881481
14.0547231	14.6988981	16.3678969
13.6219906	14.2463337	15.8639456
13.7096094	14.3379663	15.9659825
13.934475	14.5731381	16.2278575
13.8607506	14.4960337	16.142
13.84594	14.480545	16.1247519
14.2859719	14.9407437	16.637205
14.736045	15.4114475	17.1613544
15.8427569	16.5688838	18.4502119
17.9027644	18.7233088	20.8492631
21.6390181	22.6308044	25.2004406
27.0754162	28.3163738	31.5315812
41.53326	43.4368675	48.3689456
66.3000138	69.3387619	77.211895
1452.19110933125	1456.92074533125	1469.17483733125
4629.8509803399	4636.4588623399	4653.5792933399
98.0747338	102.569821	114.216208
57.2990419	59.9252475	66.7295137
36.7523981	38.43688	42.8012306
26.4275938	27.6388588	30.7771369
20.31709	21.2482894	23.6609437
17.1870087	17.9747463	20.0157031
15.7400694	16.4614888	18.3306231
13.4302475	14.0458006	15.6406437
12.5854412	13.1622719	14.6567944
12.1611744	12.71856	14.1627012
12.179495	12.73772	14.1840375
12.3064937	12.87054	14.3319381
12.7111844	13.2937781	14.8032331
13.5566831	14.1780319	15.7878875
15.7786219	16.5018075	18.3755206
18.8705119	19.7354081	21.9762838
26.3313906	27.5382462	30.6651019
36.5705019	38.24665	42.5894
61.0477612	63.8457812	71.0952081
82.378765	86.1544575	95.9369462
56.6948894	59.2934019	66.0259263
35.9160306	37.5621813	41.8272125
23.8617431	24.9554094	27.7889913
17.9275644	18.7492431	20.8781437
14.9370212	15.6216338	17.3954075
13.2230544	13.8291119	15.3993506
12.2782219	12.840975	14.2990125
11.9451431	12.4926288	13.9111163
12.306605	12.8706569	14.3320675
13.5517381	14.1728587	15.7821306
17.03491	17.815675	19.8385719
23.2985963	24.3664481	27.1331581
31.8209644	33.2794244	37.0581669
41.5888956	43.4950512	48.4337363
31.9643094	33.42934	37.225105
21.1528719	22.1223756	24.6342819
15.7963163	16.5203137	18.3961275
14.5780237	15.2461831	16.9773256
13.5392419	14.15979	15.7675756
14.8331888	15.513045	17.2744862
18.9151381	19.7820819	22.0282556
21.7749375	22.7729538	25.35873
19.0359331	19.9084119	22.1689312
16.2819294	17.0281863	18.9616681
