#?RADIANCE
genskyvec -m 1
NROWS=146
NCOLS=1
NCOMP=3
FORMAT=ascii

4.46083706	4.665292	5.19501656
19.697855	20.6006725	22.9397956
20.0482025	20.9670794	23.3478038
20.8405431	21.7957331	24.2705487
22.0301338	23.0398488	25.65593
23.1214488	24.1811813	26.926855
23.546675	24.6258969	27.4220681
24.0698694	25.1730706	28.03137
23.266785	24.3331788	27.0961106
23.2187075	24.2828975	27.0401212
22.6720363	23.7111706	26.4034781
21.7124838	22.7076394	25.2859987
20.5878806	21.5314912	23.9763037
19.6101738	20.5089731	22.8376831
19.1412475	20.0185537	22.2915787
19.8809519	20.7921613	23.153025
22.2965213	23.3184438	25.9661569
24.8872444	26.0279087	28.9832694
31.9447437	33.4088762	37.2023163
46.2833637	48.4046844	53.9008369
64.6773681	67.6417462	75.3221906
103.074168	107.798391	120.038463
119.699324	125.185534	139.399828
116.664326	122.011442	135.865337
81.3730187	85.102615	94.765665
50.30107	52.6065337	58.5797906
36.7180606	38.4009731	42.7612456
28.0032025	29.2866806	32.6120637
23.6647656	24.7494006	27.5595925
20.7376187	21.6880931	24.1506869
19.6494244	20.5500219	22.8833919
14.915315	15.5989337	17.3701294
13.9997956	14.6414513	16.3039294
15.6091825	16.3246019	18.1781944
15.8972531	16.6258769	18.5136781
16.5547619	17.3135225	19.2794
16.1991031	16.9415606	18.8652081
17.6322594	18.440405	20.5342356
18.1023194	18.9320094	21.0816594
17.2424013	18.0326763	20.0802144
14.6957469	15.3693013	17.1144212
14.7752387	15.4524362	17.2069969
14.2547369	14.9080775	16.6008294
14.8362637	15.5162575	17.2780656
14.69994	15.3736869	17.1193063
15.0977069	15.7896844	17.5825381
16.990245	17.7689631	19.7865581
21.3435006	22.3217425	24.8562869
25.9319812	27.1205288	30.199955
37.6739575	39.4006806	43.8744644
54.9827137	57.502755	64.0319569
89.6738925	93.7839488	104.432728
1880.08364094996	1886.80555994996	1904.22142194996
935.441417259379	940.723664259379	954.409515259379
71.2332006	74.4980537	82.9570012
45.6915038	47.7856981	53.2115669
32.721315	34.2210406	38.1067
22.8463113	23.8934331	26.6064356
18.6712163	19.5269819	21.7441887
15.9465931	16.6774781	18.5711394
15.1142044	15.8069381	17.60175
9.74111238	10.1875796	11.3443381
9.24917356	9.67309419	10.7714344
9.44446481	9.87733588	10.9988671
10.5909574	11.0763748	12.3340519
10.8369944	11.3336893	12.6205844
11.0204366	11.5255382	12.8342175
10.8778836	11.3764534	12.6682031
10.6739282	11.1631491	12.4306797
9.68537694	10.1292886	11.2794284
9.78915637	10.2378246	11.4002887
9.73871919	10.1850781	11.3415515
10.6912743	11.1812902	12.4508788
12.2356769	12.7964756	14.2494656
15.0522588	15.7421538	17.5296106
22.2147	23.2328731	25.87087
35.6456887	37.2794487	41.5123781
60.8822412	63.6726763	70.9024456
842.204995756321	846.534053256321	857.750245356321
55.4776287	58.02035	64.6083244
31.4997475	32.9434837	36.6840819
21.2288175	22.2018031	24.7227275
15.4614019	16.1700469	18.00609
11.473605	11.9994788	13.3619694
10.4489596	10.9278707	12.1686856
7.13145437	7.45831256	8.30517344
7.02423881	7.34618288	8.180312
6.86361431	7.1781965	7.99325125
7.09248806	7.41756006	8.25979356
7.44510256	7.78633637	8.67044263
7.40728556	7.746786	8.62640194
7.24059225	7.57245237	8.43227319
7.29374631	7.62804287	8.4941755
7.00627713	7.32739775	8.15939369
7.07604356	7.40036212	8.24064294
7.22597719	7.55716769	8.41525319
7.629046	7.97871056	8.88466031
8.72470444	9.12458675	10.1606456
11.414091	11.937235	13.2926588
15.5059387	16.2166275	18.0579594
20.0985825	21.0197662	23.4064738
28.557395	29.866275	33.25747
33.5557969	35.0937694	39.0785237
29.9009837	31.2714456	34.8221888
21.1750363	22.1455569	24.6600944
15.1479294	15.8422094	17.6410275
11.1013676	11.6101806	12.9284675
8.90977575	9.31813944	10.3761766
8.04164994	8.41022525	9.36517144
5.85909019	6.12763156	6.82339925
5.57643988	5.83202644	6.49422906
5.41416581	5.66231475	6.30524744
5.5881985	5.84432406	6.50792306
5.62971631	5.88774487	6.556274
5.51074906	5.76332494	6.41772688
5.57300356	5.82843256	6.49022719
5.79782419	6.06355737	6.7520495
6.16628337	6.44890438	7.18115106
7.29039981	7.62454287	8.4902785
8.48400694	8.8728565	9.88033331
11.8551689	12.3985311	13.8063325
15.5608319	16.2740344	18.1218856
16.1098156	16.8481812	18.7612237
13.09817	13.6985025	15.2539119
9.92194762	10.3767039	11.5549367
7.91326731	8.27595881	9.21566031
6.54059681	6.84037419	7.6170705
5.13233387	5.36756562	5.97703075
4.71373381	4.92977988	5.48953619
4.70026225	4.91569087	5.47384731
4.77059019	4.989242	5.55575006
4.78205925	5.00123694	5.569107
5.17559969	5.41281456	6.02741737
6.04957287	6.32684469	7.04523206
7.21110606	7.54161481	8.39793438
9.13710344	9.55588725	10.6409181
8.83338531	9.23824925	10.2872132
7.43891381	7.77986375	8.66323563
5.78232969	6.04735306	6.73400512
4.82950944	5.05086175	5.62436638
4.48196069	4.68738388	5.219617
4.58700613	4.79724394	5.34195125
5.16157244	5.3981445	6.01108156
5.78474113	6.04987519	6.73681356
5.70344525	5.96485294	6.64213756
4.82344106	5.04451519	5.61729925
