#?RADIANCE
genskyvec -m 1
NROWS=146
NCOLS=1
NCOMP=3
FORMAT=ascii

12.6765437	13.2575513	14.7628931
29.9385225	31.3107019	34.865905
29.6236406	30.98139	34.4992012
30.2114062	31.5960981	35.1837056
31.6966813	33.1494463	36.91343
34.56855	36.1529419	40.25796
39.6168131	41.4325825	46.1370831
46.7610581	48.9042719	54.4571513
59.7747919	62.5144662	69.6127275
77.4231794	80.9717394	90.1657437
86.0313088	89.9744019	100.190643
99.0409475	103.580331	115.341459
83.9612463	87.8094656	97.7798612
67.8089394	70.9168456	78.9691644
54.4564462	56.9523662	63.4190737
43.7694269	45.775525	50.9731481
37.5614381	39.2830031	43.7434294
33.5596006	35.0977494	39.0829544
31.0977575	32.5230712	36.2159331
29.5506706	30.9050763	34.4142212
30.4081581	31.8018638	35.412835
30.5209	31.9197737	35.5441325
31.0426394	32.4654269	36.1517438
30.9291575	32.3467431	36.0195844
32.7633925	34.2650469	38.1557025
32.7971844	34.3003881	38.1950569
33.7978425	35.3469087	39.3604063
33.2140481	34.7363588	38.6805288
32.2021181	33.6780475	37.5020512
30.9810044	32.400965	36.0799619
30.0453969	31.422475	34.9903681
21.59401	22.5837363	25.1480275
20.3359419	21.268005	23.6828994
22.65743	23.6958931	26.3864669
23.8078037	24.8989931	27.7261713
27.5563162	28.8193113	32.0916256
32.092715	33.56363	37.3746419
41.0860438	42.9691544	47.8481244
55.8433162	58.4028006	65.0342
78.8767994	82.4919856	91.8586113
104.559299	109.351604	121.768031
114.780881	120.041656	133.671887
96.710885	101.143454	112.627881
71.8067613	75.0979025	83.6249625
51.0296906	53.36855	59.42833
38.6064475	40.3759094	44.9604269
29.9602969	31.3334762	34.891265
27.658165	28.9258294	32.2102406
22.8797025	23.9283544	26.6453219
21.5073369	22.4930881	25.0470869
20.2200613	21.1468144	23.5479481
20.509225	21.4492319	23.8847044
21.3169725	22.2940012	24.825395
20.3729656	21.306725	23.7260162
22.6332188	23.6705731	26.3582712
23.3026119	24.3706475	27.1378344
23.7312444	24.8189256	27.6370119
22.2773688	23.2984137	25.9438531
22.3928813	23.4192206	26.0783775
21.3882144	22.3685087	24.90836
21.4834125	22.4680687	25.0192269
14.5116119	15.1767275	16.8999819
14.4268363	15.0880644	16.8012531
15.7927956	16.5166319	18.3920269
19.7332744	20.6377156	22.9810425
25.5746681	26.7468394	29.7838331
37.5406744	39.2612881	43.719245
60.1539638	62.9110181	70.0543062
103.480107	108.222945	120.511234
2506.19022821213	2512.62213421213	2529.28659021213
90.7406331	94.8995762	105.67503
54.5912625	57.0933619	63.5760781
33.0187875	34.5321494	38.4531337
23.3228025	24.3917644	27.16135
18.3245962	19.1644744	21.3405206
16.0602369	16.7963319	18.7034863
15.0618612	15.7521956	17.5407919
14.1729775	14.8225737	16.5056156
14.9854956	15.67233	17.4518581
14.5872381	15.2558213	16.9880587
13.9902725	14.6314925	16.2928388
14.733415	15.4086937	17.1582906
14.7776013	15.4549081	17.2097494
13.8917425	14.5284481	16.1780937
14.3974444	15.0573256	16.7670231
11.1503888	11.6614481	12.9855587
11.9424706	12.4898325	13.9080012
13.3148994	13.925165	15.5063106
15.6252131	16.3413681	18.1968637
21.7111456	22.7062394	25.28444
28.5203819	29.827565	33.2143631
47.9303844	50.1271913	55.8189281
1575.6536791579	1579.2414666579	1588.5371229579
2684.48150071008	2688.87772271008	2700.26794771008
67.7247663	70.8288163	78.8711369
40.8675413	42.7406338	47.5936587
25.7382181	26.9178869	29.9743019
19.8577594	20.7679044	23.1260162
15.2725319	15.9725225	17.786135
13.0373044	13.634845	15.1830275
11.7200625	12.2572325	13.6489912
11.0522644	11.5588269	12.8712837
10.8401226	11.3369638	12.6242287
10.9562542	11.458415	12.7594713
10.882907	11.3817081	12.6740525
10.9546211	11.4567081	12.7575706
11.0303291	11.535885	12.8457375
10.8312215	11.3276519	12.61386
11.1258744	11.63581	12.9570081
9.64961756	10.0918916	11.237785
10.8397575	11.3365787	12.6238019
12.913045	13.5048925	15.0383181
17.7111319	18.5228931	20.62609
25.6781881	26.8551031	29.9043919
40.4915313	42.3473906	47.155765
47.8945988	50.0897662	55.7772531
35.3641394	36.9849956	41.1844894
24.4058938	25.5244969	28.4227006
16.6056006	17.3666919	19.3386081
12.6877212	13.2692419	14.7759087
10.7919743	11.2866056	12.5681538
9.73448581	10.1806481	11.33662
9.13095081	9.54945213	10.6337531
8.85723956	9.2631965	10.3149943
8.84248294	9.24776306	10.2978087
9.0246965	9.43832825	10.5100114
9.1977605	9.61932381	10.7115588
9.34132956	9.76947325	10.8787581
10.9947769	11.4987038	12.8043331
15.2896031	15.9903775	17.8060181
22.6873525	23.7271875	26.4213131
24.1383231	25.2446625	28.1110906
19.1579019	20.03597	22.3109744
14.0510887	14.6950969	16.3636663
10.9279257	11.4287887	12.7264806
9.13291444	9.55150619	10.63604
8.46107425	8.84887306	9.85362631
8.29590375	8.67613231	9.66127144
8.51374169	8.90395475	9.91496181
9.58424819	10.0235264	11.1616569
11.8686388	12.4126175	13.82202
13.8492431	14.484	16.1285987
12.4604806	13.0315856	14.5112694
9.44996912	9.88309231	11.0052762
8.73429412	9.13461544	10.1718134
10.5138815	10.9957671	12.2442919
