#?RADIANCE
genskyvec -m 1
NROWS=146
NCOLS=1
NCOMP=3
FORMAT=ascii

0.43800795	0.458083306	0.510096763
3.97715819	4.15944444	4.63173244
4.17586019	4.36725344	4.86313731
4.53357094	4.74135944	5.27972138
5.32716231	5.57132363	6.20392456
7.17578438	7.50467431	8.35679931
10.1776495	10.6441249	11.8527226
14.5093243	15.1743333	16.8973175
37.2841703353762	38.3431884353762	41.0870071353762
52.9937068538934	54.2799599538934	57.6125324538934
27.8955225354219	28.7366600354219	30.9159719354219
12.9929942	13.5885069	15.1314269
8.23640694	8.61390875	9.59198275
6.06441469	6.34236688	7.06251675
5.03327206	5.26396356	5.861665
4.257981	4.45313844	4.95877387
4.08778844	4.27514512	4.76057031
3.62639575	3.79260556	4.22324044
3.81420962	3.9890275	4.44196531
3.82898413	4.00447919	4.45917125
3.74232094	3.91384369	4.35824481
4.00348262	4.1869755	4.6623895
3.83298062	4.008659	4.46382575
3.96090494	4.14244631	4.61280413
3.98037187	4.16280544	4.63547519
3.7485475	3.92035588	4.36549631
3.83384681	4.00956481	4.46483444
3.6754425	3.84390012	4.28035925
3.83582006	4.01162837	4.46713244
3.71650825	3.88684819	4.32818394
3.85963106	4.03653062	4.49486225
4.20155	4.39412088	4.89305537
4.38407756	4.58501444	5.105624
4.91153431	5.13664631	5.7198915
5.73124169	5.9939235	6.67450906
7.46753712	7.80979894	8.69656937
9.70538619	10.1502159	11.3027307
13.30513	13.9149469	15.4949331
18.5379331	19.3875887	21.5889694
20.3415175	21.2738381	23.6893937
14.7252225	15.4001281	17.1487481
11.3003719	11.8183052	13.1602244
8.35083581	8.73358237	9.72524431
6.59537713	6.897665	7.68086638
5.33254375	5.57695181	6.21019181
4.68929163	4.90421731	5.461071
4.27913194	4.47525869	4.98340594
4.18258987	4.37429181	4.87097475
3.98521531	4.16787075	4.64111562
3.97892888	4.16129638	4.63379456
3.9665665	4.14836744	4.61939763
4.01173744	4.19560869	4.67200269
4.08332462	4.27047663	4.755372
4.04192369	4.22717831	4.70715731
4.121778	4.31069269	4.80015406
4.146423	4.33646725	4.82885538
4.12875663	4.317991	4.80828144
4.03261188	4.21743994	4.69631294
4.01314325	4.19707881	4.67363988
3.99051312	4.17341156	4.64728538
4.066428	4.25280594	4.7356945
3.63204038	3.79850881	4.22981381
3.75468025	3.92676969	4.37263806
4.24763631	4.44231962	4.94672675
5.48333594	5.73465525	6.38580175
7.19352581	7.52322894	8.37746069
9.5957515	10.0355567	11.1750523
11.1533305	11.6645251	12.9889844
10.4990106	10.9802144	12.2269724
7.89879769	8.26082538	9.19880819
6.08746556	6.36647406	7.08936106
4.89574462	5.12013275	5.70150275
4.11454	4.303123	4.79172494
3.7030715	3.87279569	4.31253569
3.47758844	3.63697769	4.04994175
3.44916812	3.60725487	4.01684394
3.46732644	3.62624537	4.03799062
3.43925975	3.59689231	4.00530487
3.57396387	3.73777031	4.16217881
3.51846137	3.67972406	4.09754169
3.41959238	3.57632375	3.98240056
3.48193675	3.64152556	4.05500575
3.47556425	3.63486081	4.04758456
3.37754269	3.53234669	3.93343019
3.47549225	3.63478544	4.04750062
3.02111887	3.159587	3.51834494
3.22591931	3.37377394	3.75685206
3.55004669	3.71275687	4.13432525
4.05439963	4.24022625	4.7216865
5.08070706	5.31357244	5.916907
5.73534838	5.99821862	6.67929144
6.206819	6.49129794	7.22835831
6.1969255	6.48095119	7.21683669
5.16082994	5.3973675	6.01021662
4.44819169	4.65206713	5.18029037
3.75582937	3.92797144	4.37397656
3.25869175	3.40804831	3.79501825
3.10197475	3.24414856	3.61250813
2.99026125	3.12731475	3.48240856
2.93901294	3.07371781	3.42272581
2.87539644	3.00718531	3.34863887
2.88160338	3.01367675	3.35586737
2.90685163	3.04008219	3.38527094
2.95547263	3.09093175	3.44189419
2.94030825	3.07507237	3.42423425
2.94160275	3.07642606	3.42574169
2.94353212	3.07844388	3.42798869
2.91001475	3.04339056	3.38895506
2.98591919	3.12277375	3.47735181
2.61550644	2.73538363	3.04597525
2.82012638	2.94938187	3.28427231
3.07523831	3.2161865	3.58137144
3.609722	3.77516756	4.20382244
4.02194144	4.20628031	4.68388613
3.99479981	4.17789463	4.65227769
3.76849463	3.94121731	4.38872638
3.2523115	3.40137575	3.78758794
2.92177819	3.055693	3.40265456
2.69657744	2.82017038	3.14038913
2.52626694	2.64205412	2.94204838
2.52678625	2.64259738	2.94265331
2.52685175	2.64266569	2.94272963
2.50655769	2.62144156	2.91909544
2.47347569	2.58684331	2.88056888
2.48275425	2.59654719	2.89137456
2.51985231	2.63534563	2.93457831
2.5420425	2.65855275	2.96042056
2.39165281	2.50127013	2.78527925
2.50624194	2.62111119	2.91872775
2.83925631	2.96938894	3.30655081
3.06611844	3.20664887	3.57075056
2.85640513	2.98732356	3.32652194
2.56549344	2.68307856	2.98773094
2.397924	2.50782869	2.79258244
2.29103106	2.3960365	2.66809663
2.2613065	2.36494981	2.63348006
2.24082575	2.34353019	2.60962856
2.27441394	2.37865781	2.64874475
2.26758387	2.37151456	2.6407905
2.21707525	2.31869106	2.58196894
2.32109275	2.42747587	2.70310594
2.33900956	2.44621419	2.72397175
2.24945831	2.3525585	2.61968187
2.13245175	2.23018925	2.48341794
2.13881919	2.23684819	2.49083337
2.17575856	2.27548081	2.53385225
