#?RADIANCE
genskyvec -m 1
NROWS=146
NCOLS=1
NCOMP=3
FORMAT=ascii

1.15855362	1.21165406	1.34923237
11.4242449	11.9478562	13.3044863
10.7930739	11.287757	12.5694356
10.5032761	10.9846767	12.2319419
10.4580828	10.937411	12.1793109
10.7370838	11.2291985	12.5042286
10.496017	10.9770842	12.2234869
10.5440682	11.0273379	12.2794456
10.4759647	10.9561128	12.2001344
11.0089443	11.5135209	12.8208344
10.361899	10.8368194	12.0672958
11.0080099	11.5125438	12.8197452
10.6528905	11.1411484	12.4061794
10.6870369	11.1768594	12.4459458
10.8413524	11.3382471	12.6256572
10.921162	11.4217134	12.7186031
11.9498512	12.4975525	13.9165987
12.0676546	12.6207547	14.0537894
14.7421263	15.4178094	17.1684363
19.667175	20.5685894	22.9040675
26.5816219	27.7999456	30.9565156
45.0061206	47.0689013	52.4133813
248.161030238121	251.293910838121	259.410946438121
434.301631454856	438.578900154856	449.660890554856
60.64215	63.4215788	70.6228394
33.2856525	34.811245	38.7639188
22.4653481	23.4950094	26.1627725
16.3751981	17.1257288	19.0702838
14.0381387	14.6815525	16.3485825
12.2383769	12.7993026	14.2526109
11.6652719	12.1999302	13.5851813
10.2936129	10.7654034	11.9877706
9.57746994	10.0164368	11.153763
9.91730731	10.3718502	11.5495324
9.69746244	10.141929	11.2935034
9.57990887	10.0189889	11.156603
9.26592863	9.69061594	10.7909468
9.66363313	10.1065489	11.2541051
9.85153175	10.30306	11.4729308
9.74083962	10.1872946	11.3440202
9.04464644	9.45919256	10.5332447
9.348877	9.77736719	10.8875472
9.42242444	9.85428537	10.9731996
9.94213975	10.3978204	11.578451
9.93468669	10.3900272	11.5697702
10.063895	10.5251565	11.720245
10.6121583	11.0985479	12.3587425
12.1090688	12.6640663	14.1020181
13.2928531	13.9021075	15.480635
17.1960644	17.9842156	20.0262506
22.8611181	23.9089194	26.6236787
34.4481569	36.0270294	40.1177519
56.7679013	59.3697619	66.110955
302.385310648026	305.236981348026	312.625408148026
49.2871637	51.5461575	57.3990119
31.6075331	33.05621	36.8096075
22.2816869	23.30293	25.9488819
15.5344319	16.2464262	18.0911412
12.7912556	13.3775212	14.8964862
11.1711421	11.6831516	13.009725
10.632115	11.1194216	12.381985
7.3268865	7.662702	8.53277025
6.88913456	7.20488625	8.02297181
6.77020862	7.08050956	7.8844725
7.10787156	7.43364875	8.27770925
7.03624762	7.35874206	8.19429706
7.05643469	7.37985456	8.21780669
7.04751575	7.37052675	8.20741981
7.13105463	7.4578945	8.30470794
6.80985313	7.12197125	7.93064175
7.09872681	7.42408469	8.267059
7.14326275	7.470662	8.31892512
7.53685375	7.88229256	8.77729456
7.91639869	8.27923337	9.21930662
8.60750581	9.00201556	10.0241584
10.8435182	11.3405122	12.6281811
14.9000931	15.5830144	17.3524
21.5551419	22.5430856	25.10276
31.9067481	33.3691387	37.1580675
28.1704794	29.4616244	32.8068725
18.7215562	19.5796262	21.8028138
13.9420069	14.5810162	16.2366306
10.6607504	11.1493669	12.4153319
8.30126013	8.68173406	9.66750975
7.80619881	8.16398294	9.09096925
5.43344219	5.68247481	6.32769656
5.3474285	5.59251894	6.22752631
5.12236937	5.35714456	5.96542644
5.17284913	5.40993806	6.02421431
5.2662365	5.50760537	6.13297175
5.21012669	5.44892412	6.06762706
5.14770956	5.38364606	5.994937
5.25513656	5.49599669	6.12004456
5.19084994	5.42876369	6.04517762
5.30277787	5.54582169	6.17552694
5.34164119	5.58646625	6.22078669
5.34836181	5.59349494	6.22861337
5.71806744	5.98014544	6.65916644
6.53286512	6.83228806	7.60806625
7.69936087	8.05224787	8.96654712
8.88763525	9.29498438	10.3503931
11.3116315	11.8300818	13.1733394
13.3743651	13.9873554	15.5755625
13.9585442	14.5983119	16.25589
11.6044864	12.1363586	13.5143925
9.30658856	9.7331405	10.8382994
7.45289413	7.79448494	8.67951681
6.34436013	6.63514306	7.38853631
5.98810856	6.26256319	6.9736515
4.35019919	4.54958306	5.06616969
4.21657412	4.40983356	4.91055231
4.07375969	4.26047369	4.744233
4.14940863	4.33958981	4.83233256
4.15446787	4.34488094	4.83822419
4.10380475	4.29189556	4.77922275
4.16942887	4.3605275	4.85564775
4.27345375	4.46932031	4.97679325
4.34518925	4.54434363	5.06033538
4.65840656	4.87191675	5.42510288
4.85797144	5.080628	5.65751269
5.883543	6.15320537	6.85187656
7.01828731	7.33995869	8.17338087
7.5124875	7.85680963	8.74891825
6.81713437	7.12958644	7.93912156
5.89381125	6.16394394	6.86383456
5.22851006	5.46814994	6.089036
4.65840063	4.87191044	5.42509613
3.7106835	3.88075631	4.32140031
3.48207356	3.6416685	4.05516506
3.50088563	3.66134262	4.077073
3.549615	3.71230537	4.1338225
3.5081285	3.6689175	4.08550819
3.60046488	3.76548587	4.19304144
3.846959	4.02327775	4.48010456
4.13511519	4.32464125	4.81568656
4.74144144	4.95875706	5.52180381
4.7651045	4.98350487	5.54936187
4.50703581	4.71360831	5.248819
3.88057781	4.0584375	4.51925637
3.31360956	3.46548319	3.85897456
3.17547306	3.32101544	3.69810319
3.19539062	3.341846	3.72129869
3.36558437	3.51984031	3.91950375
3.52200475	3.68342981	4.10166819
3.5700215	3.73364719	4.15758775
3.20975444	3.35686812	3.73802669
