#?RADIANCE
genskyvec -m 1
NROWS=146
NCOLS=1
NCOMP=3
FORMAT=ascii

27.2219087	28.46958	31.702185
30.9036019	32.3200169	35.98982
30.4050506	31.7986163	35.4092175
30.0050481	31.3802769	34.9433788
28.8460744	30.1681856	33.5936588
26.0610163	27.2554794	30.350225
25.9206212	27.1086488	30.186725
26.3667188	27.5751919	30.7062437
26.9944175	28.2316606	31.4372513
27.6413669	28.9082625	32.1906775
33.761445	35.3088431	39.3180169
34.5502225	36.1337737	40.236615
39.0162294	40.8044694	45.4376525
40.7486563	42.6163019	47.4552081
40.789865	42.6593988	47.5031981
41.0424244	42.9235338	47.7973262
38.76289	40.5395219	45.1426187
37.8384525	39.5727131	44.0660331
33.6112794	35.1517969	39.1431394
30.1523456	31.5343269	35.11492
29.7350563	31.0979094	34.6289525
26.3455913	27.5530944	30.681635
26.6762988	27.8989612	31.0667731
25.0736138	26.2228194	29.2003125
26.6866781	27.9098163	31.0788613
29.2925356	30.6351081	34.1136
30.8484412	32.2623269	35.9255825
33.0953731	34.6122419	38.5423194
31.5857025	33.0333812	36.7841862
32.3321575	33.8140481	37.6534944
31.2115663	32.642095	36.3484725
17.21575	18.004805	20.0491775
15.2770331	15.9772287	17.79138
16.4778394	17.233075	19.1898181
15.5791606	16.2932044	18.1432294
15.6821188	16.4008825	18.2631387
15.6206813	16.3366287	18.191585
17.4344906	18.2335725	20.3039206
19.3720075	20.2598894	22.5603169
21.4577931	22.4412738	24.9893887
22.523545	23.555875	26.2305469
26.1603919	27.3594094	30.4659575
29.495175	30.8470363	34.3495906
32.90005	34.4079688	38.3148519
34.6721831	36.2613231	40.3786475
33.8513369	35.4028556	39.4227044
31.0818306	32.5064125	36.1973844
29.3154625	30.6590869	34.1403
24.8230681	25.9607919	28.9085325
21.8257181	22.8260631	25.41787
19.10809	19.9838756	22.2529637
17.5677638	18.3729525	20.4591269
16.4898738	17.2456581	19.2038325
14.8296138	15.5093038	17.2703219
15.8164413	16.54136	18.4195637
16.2322787	16.9762581	18.9038419
16.950755	17.7276644	19.7405688
16.4317156	17.1848344	19.1361038
17.292745	18.0853281	20.1388438
16.8628875	17.63577	19.6382394
17.1802675	17.9676963	20.0078556
10.7041028	11.1947078	12.46582
10.3189411	10.7918916	12.0172669
10.5173126	10.999355	12.2482869
11.5434656	12.0725394	13.4433281
12.5247556	13.0988056	14.5861231
14.2219938	14.8738344	16.5626956
16.553545	17.3122469	19.2779819
19.9717106	20.8870775	23.2587206
23.8501919	24.943325	27.7755375
30.5306656	31.9299844	35.5555081
36.8345406	38.5227888	42.8968944
36.7986013	38.4852038	42.85504
31.1819713	32.6111463	36.3140069
25.1922625	26.3469081	29.3384906
20.0470119	20.9658331	23.3464156
16.7943381	17.5640769	19.5584069
13.9336869	14.5723138	16.2269412
12.8597025	13.4491056	14.9761956
11.4476081	11.9722888	13.3316931
10.6413661	11.1290937	12.3927588
10.7811914	11.2753294	12.5555956
10.8380736	11.3348168	12.6218394
10.4126164	10.8898593	12.12636
10.8435731	11.3405701	12.6282456
8.74779256	9.148733	10.1875326
9.01274075	9.42582456	10.4960881
9.44833087	9.88137962	11.0033694
10.1117593	10.5752131	11.7759862
11.5837	12.11462	13.490185
12.8770962	13.4672975	14.9964537
15.8031244	16.5274325	18.4040556
20.1754263	21.1001319	23.4959644
28.44719	29.7510169	33.1291225
40.6954356	42.5606438	47.3932275
60.7649219	63.54998	70.7658244
66.210045	69.2446694	77.1071175
46.5374169	48.6703794	54.1967038
27.8140006	29.0888087	32.3917225
20.1080637	21.0296812	23.4175163
16.3103444	17.0579019	18.994755
13.4707206	14.0881294	15.6877775
11.690765	12.2265913	13.6148681
10.383235	10.8591319	12.0921419
9.5490855	9.98675231	11.1207069
9.10961694	9.52714094	10.6089094
8.89969175	9.30759406	10.3644329
8.72362713	9.12346	10.1593919
8.77694388	9.17922031	10.2214826
8.59245569	8.98627625	10.00663
9.08274356	9.49903569	10.5776131
10.0317943	10.4915852	11.6828606
11.5567269	12.0864113	13.4587731
13.897585	14.5345575	16.1848975
20.3852837	21.3196094	23.7403644
32.1854838	33.6606519	37.4826819
1931.18129754899	1934.68865754899	1943.77592064899
7396.2645528378	7401.4426798378	7414.8587748378
57.2787944	59.90407	66.7059337
30.7452687	32.1544256	35.80543
18.9449681	19.8132775	22.0629956
13.9539912	14.5935494	16.2505875
11.2192394	11.733455	13.0657406
9.92508725	10.3799882	11.5585931
8.99793081	9.41033581	10.4788406
8.52772713	8.91858094	9.93124969
8.43416825	8.820734	9.822292
9.40608244	9.83719456	10.9541675
10.6217293	11.108559	12.36989
12.8280856	13.4160369	14.9393731
17.9528544	18.7756925	20.9075956
29.8250337	31.1920137	34.7337406
1780.12546436614	1782.71067316614	1789.40872316614
44.3502281	46.3829469	51.64954
24.170215	25.2780169	28.1482325
14.824435	15.5038881	17.2642919
11.5397531	12.0686581	13.4390069
9.58920881	10.0287151	11.1674331
9.40459769	9.83564125	10.9524388
11.5437262	12.0728113	13.4436306
14.2280144	14.8801313	16.56971
20.8978681	21.8556887	24.3373094
25.7063475	26.8845556	29.9371863
15.264625	15.9642544	17.77693
11.8928387	12.4379269	13.8502031
15.2842738	15.9848038	17.7998125
