#?RADIANCE
genskyvec -m 1
NROWS=146
NCOLS=1
NCOMP=3
FORMAT=ascii

25.0459956	26.1939369	29.1681506
29.5523988	30.9068812	34.4162325
28.6519962	29.9652112	33.3676388
28.1414525	29.4312694	32.7730694
27.0939131	28.3357175	31.5531231
24.8326456	25.9708075	28.9196863
25.1904069	26.3449669	29.33633
26.09249	27.288395	30.3868794
27.3300656	28.5826938	31.8281419
28.5433994	29.8516375	33.24117
34.7572531	36.3502925	40.4777206
35.9122444	37.5582219	41.8228037
40.0786956	41.9156344	46.6749813
41.1898506	43.0777181	47.969015
40.3914212	42.242695	47.0391788
39.5717275	41.3854294	46.0845769
36.4881063	38.1604781	42.4934437
35.2025319	36.8159813	40.996285
30.8654794	32.2801456	35.945425
27.6305225	28.8969206	32.1780481
27.5430331	28.8054225	32.0761587
24.7143275	25.8470663	28.7818956
25.5794181	26.7518069	29.7893644
24.4752125	25.5969906	28.5034244
26.6162456	27.8361556	30.9968381
29.4921175	30.8438381	34.3460288
31.1663756	32.5948344	36.2958425
33.2079388	34.7299687	38.6734131
31.4003525	32.8395356	36.5683294
31.7287238	33.1829556	36.9507438
30.1771731	31.5602937	35.143835
16.5395875	17.2976519	19.2617281
14.6086806	15.2782456	17.0130281
15.7182331	16.4386525	18.3051944
14.9927419	15.6799088	17.4602981
15.3790644	16.0839375	17.9102031
15.6597856	16.3775256	18.2371275
17.7230844	18.5353919	20.64001
20.02067	20.9382831	23.3157387
22.5165575	23.5485669	26.2224094
23.9830069	25.0822269	27.9302119
28.05379	29.3395887	32.6709756
31.6531419	33.1039088	36.8627206
34.3991706	35.9757994	40.0607031
34.865885	36.4639031	40.6042306
32.5382581	34.0295944	37.893515
28.6211031	29.9329031	33.3316588
26.6490737	27.8704881	31.0350681
22.1818556	23.1985238	25.8326187
19.4900181	20.3833075	22.6977519
17.1064888	17.890535	19.9219325
15.9295456	16.6596481	18.5512856
15.2842637	15.9847906	17.7997994
14.0181188	14.6606144	16.3252694
15.4148787	16.1213919	17.9519112
16.0989719	16.8368425	18.7485969
16.9484025	17.7252025	19.7378269
16.3883437	17.1394756	19.0855944
17.1472856	17.9332025	19.9694437
16.5468975	17.3052963	19.2702437
16.6854225	17.4501719	19.4315669
10.3269082	10.8002247	12.026545
9.97656469	10.4338234	11.6185413
10.2629758	10.7333612	11.9520906
11.4425019	11.96695	13.32575
12.6820794	13.2633412	14.76934
14.7001519	15.3739081	17.1195513
17.4556481	18.2556981	20.3285594
21.6326675	22.6241625	25.1930456
26.850595	28.0812456	31.2697556
34.8742794	36.4726819	40.614005
40.2032794	42.0459263	46.8200706
35.0109131	36.6155781	40.7731275
27.3934394	28.6489706	31.9019437
21.6247256	22.6158575	25.183795
17.3880813	18.1850344	20.2498712
14.72236	15.3971356	17.1454163
12.3735794	12.9407019	14.4100663
11.6545012	12.188665	13.5726394
10.633829	11.1212112	12.3839794
10.0521218	10.5128441	11.7065338
10.4133489	10.8906269	12.1272131
10.5546325	11.0383859	12.2917481
10.1053728	10.5685329	11.7685481
10.5066826	10.9882396	12.2359088
8.42045981	8.80639725	9.80632794
8.74116963	9.14180631	10.1798211
9.28272681	9.70818475	10.8105094
10.0596846	10.5207531	11.7153419
11.7584706	12.2974006	13.6937188
13.2638312	13.8717569	15.4468387
16.8273294	17.5985813	19.5968281
22.7029606	23.7435125	26.4394906
34.8340225	36.43058	40.5671225
52.4523431	54.8564075	61.0851294
2376.02601920544	2379.25002790544	2387.60314420544
56.2024425	58.7783869	65.4524319
36.2201931	37.8802831	42.181435
22.2597069	23.2799425	25.9232844
16.7372975	17.5044213	19.4919781
13.8957219	14.5326075	16.1827263
11.7185963	12.2556981	13.6472837
10.3412473	10.8152213	12.0432444
9.37802062	9.80784619	10.9214869
8.78704331	9.18978256	10.2332444
8.52775019	8.91860512	9.93127569
8.44604169	8.83315156	9.83611987
8.32078256	8.70215156	9.69024469
8.41610444	8.80184219	9.80125544
8.19668244	8.5723635	9.54572012
8.7960015	9.19915137	10.2436768
9.86543919	10.3176047	11.4891269
11.6186131	12.1511319	13.5308437
14.3529775	15.0108219	16.7152394
22.6219856	23.6588294	26.3451925
39.2321263	41.0302644	45.6890837
3975.73910099525	3980.41630999525	3992.53457399525
4265.35190545554	4269.50928735554	4280.28066975554
39.4603081	41.268905	45.95482
22.7913525	23.8359544	26.5424294
15.4095938	16.1158669	17.9457563
11.9505756	12.4983094	13.9174425
9.881845	10.3347617	11.5082312
8.90532813	9.3134885	10.3709966
8.23551762	8.6129785	9.59094706
7.94624956	8.31045231	9.25407
7.95498231	8.31958556	9.26424019
8.91027712	9.31866475	10.3767603
10.2195758	10.6879721	11.9015469
12.6897012	13.2713125	14.7782156
18.6376044	19.4918269	21.7050444
31.1232213	32.5497025	36.2455887
48.1942281	50.4031269	56.1261969
31.9302106	33.3936806	37.1853944
18.7501963	19.60958	21.8361688
12.5473594	13.122445	14.6124444
10.1812523	10.6478921	11.8569162
8.72838637	9.128437	10.1649346
8.7190855	9.11870981	10.1541014
10.7245686	11.21611	12.4896537
13.4012194	14.0154413	15.6068381
19.2337787	20.1153281	22.39934
21.5183631	22.5046212	25.0599275
13.242535	13.8494838	15.4220369
10.7065431	11.1972588	12.4686631
13.7792856	14.4108344	16.0471256
