#?RADIANCE
genskyvec -m 1
NROWS=146
NCOLS=1
NCOMP=3
FORMAT=ascii

26.8392369	28.0693669	31.2565281
27.5405881	28.802865	32.0733131
28.2843413	29.5807056	32.9394731
28.4990169	29.80522	33.1894806
27.7335287	29.0046494	32.2980069
24.7880169	25.9241331	28.8677138
23.8574588	24.950925	27.784
23.3592875	24.4299206	27.2038387
22.4542975	23.4834519	26.1499031
21.6418606	22.6337794	25.2037512
26.1923969	27.3928819	30.5032294
25.8077763	26.9906306	30.0553063
29.4885944	30.8401531	34.3419256
31.4547425	32.8964169	36.6316688
32.529715	34.0206587	37.8835663
34.6497181	36.2378294	40.3524856
34.7987469	36.3936888	40.5260419
35.4791106	37.1052369	41.3183825
33.106285	34.623655	38.5550287
30.5896625	31.9916888	35.6242137
29.9638875	31.33723	34.8954437
26.448485	27.6607044	30.8014637
25.6431531	26.8184656	29.8635919
23.2656106	24.3319513	27.0947444
23.2983775	24.3662187	27.1329037
24.338595	25.4541131	28.3443219
24.9128956	26.0547344	29.0131425
26.6594813	27.8813725	31.0471894
25.8098112	26.99276	30.0576775
27.0617881	28.3021188	31.5157081
27.036965	28.2761588	31.4868012
15.447895	16.1559231	17.9903625
13.9805069	14.6212794	16.2814669
15.3106119	16.0123475	17.8304844
14.4005162	15.0605387	16.7706019
14.0438469	14.6875237	16.3552331
13.2843619	13.8932294	15.4707481
14.3357338	14.9927862	16.6951575
15.1498863	15.8442569	17.6433075
15.8920181	16.6204025	18.5075819
15.9727106	16.7047938	18.6015538
18.2477587	19.0841131	21.2510363
20.3725531	21.3062956	23.7255369
23.4296831	24.503545	27.28582
25.8574694	27.0426025	30.1131806
27.4048337	28.6608894	31.9152144
28.3608587	29.6607306	33.0285862
28.6640237	29.9777913	33.3816469
26.1329938	27.3307544	30.43405
23.5538088	24.6333575	27.4303744
20.8332756	21.7881325	24.2620863
18.94763	19.8160638	22.0660963
17.263605	18.0548525	20.1049075
14.9972994	15.6846738	17.4656037
14.9029844	15.5860363	17.3557681
14.4749313	15.138365	16.8572631
14.5414369	15.2079181	16.9347163
13.8983187	14.5353244	16.1857512
14.5643525	15.2318856	16.9614031
14.4324062	15.0938887	16.8077387
15.0036487	15.6913144	17.4729987
9.550767	9.98850894	11.1226647
9.17491319	9.59543006	10.6849509
9.20018775	9.62186306	10.7143861
9.8159245	10.2658218	11.4314619
10.0832122	10.5453588	11.7427406
10.7985808	11.293515	12.5758475
11.9264306	12.4730594	13.8893225
13.6795138	14.3064931	15.9309369
15.3436088	16.0468563	17.8689119
18.7205306	19.5785538	21.8016188
22.5557044	23.5895069	26.2679988
27.7373869	29.0086831	32.3024994
30.2414425	31.6275081	35.2186825
28.5927837	29.9032844	33.2986806
23.4333731	24.5074006	27.2901175
19.2483394	20.1305531	22.416295
15.5713194	16.2850038	18.1340994
13.9327519	14.571335	16.2258519
11.8469056	12.38989	13.7967112
10.5609116	11.0449513	12.2990625
10.0716253	10.5332412	11.7292469
9.76602375	10.2136328	11.37335
9.28521931	9.71079112	10.8134119
9.60141188	10.041475	11.1816442
7.75958275	8.11522975	9.03668113
7.83734238	8.19655375	9.12723869
7.93622325	8.29996662	9.24239356
8.23338525	8.6107485	9.58846381
8.94963231	9.35982375	10.4225937
9.568294	10.0068398	11.1430769
10.9747031	11.4777119	12.7809575
12.8352169	13.4234994	14.9476806
15.6993369	16.41889	18.2831887
19.7128969	20.6164025	22.9573125
28.1816956	29.473355	32.8199344
45.32955	47.4071531	52.7900413
51.0636987	53.4041163	59.467935
39.6802531	41.4989312	46.2109637
27.7553938	29.027515	32.32347
20.8374644	21.7925131	24.266965
15.8420331	16.5681256	18.4493687
13.0682631	13.6672269	15.2190844
11.1049313	11.6139081	12.93262
9.80435394	10.2537186	11.4179863
8.96926581	9.3803565	10.4454569
8.40278219	8.78790931	9.7857405
8.03668019	8.40502794	9.3593845
7.92809444	8.291465	9.23292706
7.64056638	7.99075888	8.89807688
7.73719044	8.09181144	9.01060356
8.15477731	8.52853794	9.49691806
8.87785606	9.28475775	10.3390051
10.026796	10.486359	11.6770413
12.7001156	13.2822025	14.7903437
16.4706	17.2255025	19.1813875
28.5877369	29.8980081	33.292805
53.140805	55.5764219	61.8868988
5808.83097417744	5813.32952317744	5824.98485617744
2244.38681188408	2247.22776688408	2254.58842998408
28.9258	30.2515644	33.6865056
17.2941769	18.0868269	20.1405112
12.4704844	13.0420494	14.5229187
10.4310156	10.9091031	12.1477875
9.00582363	9.41859037	10.4880333
8.15818012	8.53209644	9.500881
7.76897819	8.12505606	9.04762319
8.30068769	8.68113569	9.66684312
8.85818613	9.26418612	10.3160966
9.86630719	10.3185129	11.4901369
12.1557075	12.7128425	14.1563325
17.5931263	18.3994769	20.4886606
36.9305219	38.62317	43.0086713
2801.28895228677	2804.31481608677	2812.15457918677
38.9823687	40.76906	45.3982188
18.5505637	19.4007981	21.6036781
12.4281788	12.9978044	14.4736512
9.48548769	9.92023912	11.0466419
8.78488544	9.18752612	10.2307317
10.2867301	10.7582058	11.9797562
11.7289531	12.2665281	13.6593425
16.5367756	17.2947094	19.2584531
25.1077975	26.2585719	29.240125
16.0223325	16.7566869	18.6593406
11.6025731	12.1343562	13.5121631
13.8903625	14.5270031	16.176485
