#?RADIANCE
genskyvec -m 1
NROWS=146
NCOLS=1
NCOMP=3
FORMAT=ascii

11.7742744	12.3139281	13.7121244
28.9524425	30.2794281	33.7175331
28.6647662	29.9785681	33.3825094
29.2933281	30.6359388	34.1145237
30.8371706	32.2505412	35.9124556
33.7887769	35.3374275	39.3498469
39.0116662	40.7997012	45.4323387
46.4113525	48.5385381	54.0498906
59.91069	62.6565956	69.7709956
78.1667944	81.7494387	91.0317531
87.0291375	91.0179694	101.352689
99.2649637	103.814597	115.602329
82.7867275	86.5811156	96.41205
65.8703244	68.8893775	76.711485
52.3962906	54.7977837	61.0198488
42.0488744	43.9761138	48.9694213
36.0217625	37.6727587	41.9503475
32.2911494	33.7711581	37.605735
29.9141519	31.285215	34.837525
28.5105469	29.8172812	33.2029094
29.4732456	30.8241037	34.3240525
29.6282963	30.9862594	34.5046225
30.2067225	31.5911975	35.1782494
30.0945975	31.4739306	35.0476662
31.9502675	33.4146544	37.2087519
31.979555	33.4452831	37.2428587
32.9486481	34.4587931	38.3714487
32.337925	33.8200794	37.6602106
31.2647563	32.6977237	36.410415
30.0237831	31.3998719	34.9651987
29.0625537	30.3945875	33.8457681
20.5888263	21.5324794	23.9774037
19.3368456	20.2231169	22.51937
21.6572681	22.6498925	25.2216938
22.8118888	23.8574325	26.566345
26.5604419	27.7777931	30.9318481
31.0917838	32.5168206	36.2089719
40.2333581	42.0773856	46.8551013
55.3302594	57.8662287	64.4367012
79.0066825	82.6278219	92.0098687
104.85418	109.659982	122.111425
113.263106	118.454337	131.904344
92.6596119	96.9065006	107.909844
67.9239988	71.0371819	79.1031606
47.8500556	50.0431819	55.72538
36.1016106	37.7562669	42.043335
28.068825	29.3553112	32.6884862
26.1104019	27.3071294	30.40774
21.573875	22.5626775	25.1245769
20.3645006	21.2978713	23.7161594
19.1685481	20.0471056	22.3233725
19.52315	20.4179606	22.7363375
20.3734887	21.3072731	23.7266262
19.4454887	20.3367406	22.645895
21.7145619	22.7098137	25.2884194
22.3727006	23.3981163	26.0548775
22.787005	23.8314087	26.5373681
21.3125481	22.2893713	24.8202369
21.4101175	22.3914137	24.9338662
20.3947075	21.3294637	23.7513375
20.4803688	21.4190525	23.8510981
13.5336356	14.153925	15.7610469
13.426885	14.0422825	15.6367263
14.7362662	15.4116781	17.1616119
18.5863906	19.438265	21.6454025
24.2656288	25.3778037	28.2593488
36.0032481	37.6533956	41.9287844
58.3834694	61.0593781	67.9924206
1411.21155426368	1415.88373726368	1427.98896326368
2630.40732827389	2636.55349127389	2652.47767227389
82.5254469	86.3078575	96.1077663
49.3894012	51.6530787	57.5180756
30.0247287	31.4008612	34.9663019
21.3049656	22.2814431	24.8114106
16.7909887	17.560575	19.5545056
14.8257625	15.5052781	17.2658375
13.9810956	14.6218931	16.2821525
13.1876925	13.7921281	15.3581681
14.0383031	14.681725	16.3487737
13.6597163	14.285785	15.9078781
13.065215	13.6640344	15.2155306
13.8003825	14.4328975	16.0716956
13.8351169	14.4692269	16.1121469
12.9435287	13.5367744	15.07382
13.4356356	14.0514356	15.6469187
10.1613715	10.6271014	11.8337625
10.9009274	11.4005525	12.6950394
12.1560113	12.7131625	14.1566894
14.3256706	14.9822631	16.6834369
20.0337138	20.9519238	23.33093
26.3924444	27.6020981	30.7362031
44.37572	46.4096056	51.6792269
71.7926325	75.0831206	83.6085
2282.81450056512	2286.64359936512	2296.56445996512
58.6664056	61.3552813	68.3219237
35.6416162	37.2751875	41.5076337
22.5962581	23.6319212	26.3152281
17.5895369	18.3957238	20.4844837
13.6764606	14.3032994	15.9273806
11.7537456	12.2924581	13.6882163
10.587107	11.0723494	12.3295694
10.0269244	10.486492	11.6771894
9.87197669	10.3244436	11.4967406
10.020713	10.4799941	11.6699569
9.95863294	10.4150694	11.5976588
10.0314184	10.4911916	11.6824237
10.1015949	10.5645846	11.7641488
9.89272106	10.3461379	11.5209006
10.1745242	10.640855	11.8490806
8.61126212	9.00594437	10.0285331
9.68469213	10.128575	11.2786325
11.5232406	12.0513887	13.419775
15.8591319	16.5860094	18.4692825
22.9610219	24.0134038	26.7400269
35.4942469	37.1210637	41.3360075
41.1318138	43.0170188	47.9014269
30.1790763	31.5622813	35.1460494
20.9672331	21.9282312	24.4180925
14.4312763	15.0927094	16.806425
11.0768204	11.5845075	12.8998825
9.52479188	9.96134406	11.0924156
8.6494575	9.04589081	10.0730154
8.13618144	8.5090895	9.47526206
7.89118612	8.25286506	9.18994394
7.89147688	8.25316906	9.19028275
8.06995837	8.43983119	9.39813925
8.21604794	8.5926165	9.56827194
8.19201056	8.56747744	9.54027956
9.59441363	10.0341572	11.173495
13.3363219	13.94757	15.5312594
19.6203181	20.5195825	22.8494963
20.5650444	21.5076081	23.9497087
16.2569437	17.0020531	18.9325669
12.0244525	12.5755712	14.0034756
9.42611575	9.85814575	10.9774981
7.94998781	8.314362	9.25842369
7.38908625	7.72775262	8.60520725
7.28274631	7.61653838	8.48136513
7.44797206	7.78933731	8.6737845
8.25829275	8.63679756	9.61747075
10.1639676	10.6298149	11.8367869
11.7676944	12.3070481	13.7044606
10.5914464	11.0768866	12.3346219
8.09399706	8.46497169	9.42613444
7.5262415	7.87119406	8.764936
8.96961406	9.38072131	10.445864
