#?RADIANCE
genskyvec -m 1
NROWS=146
NCOLS=1
NCOMP=3
FORMAT=ascii

21.0282031	21.991995	24.4890956
28.4891106	29.79486	33.177945
32.1904713	33.6658675	37.4884881
34.8822431	36.4810113	40.62328
36.5973806	38.2747619	42.6207031
34.8790263	36.4776481	40.619535
34.4556488	36.0348637	40.1264744
33.1505888	34.6699912	38.6066256
29.6786237	31.0388925	34.5632331
26.1045131	27.3009706	30.4008837
28.9199613	30.2454569	33.6797031
24.7430344	25.8770894	28.8153269
26.4495044	27.6617737	30.8026544
26.854565	28.0853987	31.2743819
27.6242919	28.8904069	32.1707925
31.4351937	32.8759719	36.6089031
34.536565	36.1194894	40.22071
39.7494306	41.5712788	46.2915262
42.99012	44.9604981	50.0655775
47.7084644	49.8951031	55.5604862
50.0412344	52.3347906	58.2771913
47.7043338	49.8907794	55.5556744
43.8167031	45.8249669	51.028205
38.381445	40.1405938	44.6983938
35.1003044	36.7090694	40.8772331
31.3622363	32.7996706	36.5239381
28.5754706	29.8851788	33.2785181
27.4311825	28.688445	31.9459006
25.1633394	26.3166594	29.3048075
25.7855463	26.9673844	30.02942
26.6795494	27.90236	31.07056
16.4739737	17.2290281	19.1853162
15.8238625	16.5491231	18.4282069
18.4253944	19.26989	21.4579069
18.3893181	19.2321594	21.4158944
18.5523344	19.4026481	21.60574
17.1987425	17.9870206	20.0293719
18.3041931	19.1431338	21.3167588
18.0111119	18.8366219	20.9754431
16.38469	17.1356537	19.0813369
13.8546925	14.4896969	16.1349431
14.4563738	15.1189569	16.8356513
14.9655244	15.6514456	17.4286037
16.9815387	17.7598562	19.776415
18.8319094	19.6950381	21.9313294
20.9691387	21.9302256	24.4203119
24.8546625	25.9938338	28.9453256
30.3379519	31.7284412	35.331075
35.83484	37.4772675	41.7326594
42.9402687	44.9083625	50.0075237
45.7382581	47.8345937	53.266015
42.8170194	44.7794644	49.8639887
35.8897688	37.5347156	41.7966287
28.7140463	30.0301075	33.4399025
25.0590638	26.2076019	29.1833694
21.6570188	22.6496313	25.2214044
19.4189425	20.3089781	22.6149781
16.6170637	17.3786794	19.3519575
15.7539969	16.476055	18.3468444
14.9830769	15.6698025	17.4490419
15.4479388	16.1559713	17.9904144
10.5082559	10.9898849	12.23774
10.2204114	10.6888466	11.9025212
10.4607335	10.9401843	12.1823969
11.4412269	11.9656162	13.3242638
11.2794204	11.7963912	13.135825
11.0463937	11.5526863	12.8644481
10.7481789	11.2408037	12.51715
10.7618424	11.2550944	12.5330637
10.6948669	11.1850494	12.4550644
12.0788456	12.6324594	14.0668237
13.6926075	14.3201837	15.9461812
17.1468625	17.93276	19.9689525
21.970835	22.97783	25.5868681
30.4614894	31.8576387	35.4749456
46.2831913	48.4045012	53.900635
59.7708563	62.5103538	69.6081481
49.33085	51.5918463	57.4498906
33.8926056	35.4460162	39.4707656
22.9495838	24.0014394	26.7267025
17.8394588	18.6570994	20.7755375
14.76327	15.4399194	17.1930594
12.7326556	13.316235	14.8282394
10.9880588	11.49168	12.7965125
10.6261635	11.1131964	12.3750525
8.51561356	8.90591231	9.91714169
8.37841569	8.76242625	9.75736387
8.20470875	8.58075756	9.55506738
8.29180269	8.67184344	9.65649612
8.45334612	8.84079081	9.84462612
8.39546238	8.780254	9.77721525
8.46634294	8.85438331	9.85976225
8.94202487	9.3518675	10.4137343
9.66624881	10.1092848	11.2571537
10.8418456	11.3387631	12.6262319
12.7785419	13.3642256	14.8816788
15.8791	16.6068913	18.4925356
20.1317675	21.0544737	23.4451231
33.3749938	34.90468	38.8679638
62.3646469	65.2230244	72.6288313
4675.96699411894	4681.08956811894	4694.36169611894
2509.36715774073	2513.04581404073	2522.57688094073
40.7604694	42.6286562	47.4689656
23.5579325	24.6376706	27.435175
16.8529906	17.6254206	19.6267131
13.5486394	14.1696181	15.7785206
11.2843169	11.8015156	13.1415281
9.89241963	10.3458219	11.5205475
9.15551319	9.5751405	10.6623575
8.23707281	8.61460513	9.59275831
7.74069069	8.095472	9.01467987
7.54253306	7.88823219	8.78390863
7.57310887	7.92020956	8.81951675
7.778602	8.13512106	9.05883056
8.42294306	8.80899463	9.80921962
9.35895919	9.7879115	10.8992894
11.4765262	12.0025337	13.3653725
14.1036769	14.750095	16.4249081
20.7740769	21.7262206	24.1931456
32.8046475	34.3081956	38.2037481
2659.31495251816	2662.59891191816	2671.10737061816
74.0375894	77.4309769	86.2229463
29.9525831	31.3254088	34.88228
18.1284469	18.9593325	21.1120875
13.0206088	13.6173869	15.1635838
10.4813213	10.9617156	12.2063744
9.05275487	9.46767238	10.5426866
8.48906756	8.8781495	9.88622694
8.06312006	8.43267956	9.39017562
7.92664187	8.28994606	9.23123538
8.4126195	8.79819775	9.79719694
9.723311	10.1689614	11.323605
12.7379825	13.3218056	14.8344431
18.2899425	19.1282319	21.3001619
26.4143981	27.6250563	30.7617681
31.5756775	33.0228969	36.7725113
19.2969569	20.1814	22.4729169
12.4684913	13.0399644	14.5205987
9.96422669	10.4209194	11.6041731
9.80374269	10.2530797	11.417275
9.43720637	9.869745	10.9904136
10.6842085	11.1739019	12.4426519
13.9207737	14.5588081	16.2119006
14.9917844	15.6789081	17.4591838
12.4257862	12.9953019	14.470865
11.3781125	11.8996088	13.2507619
