#?RADIANCE
genskyvec -m 1
NROWS=146
NCOLS=1
NCOMP=3
FORMAT=ascii

27.519485	28.7807956	32.0487363
31.1621719	32.5904375	36.2909469
31.2710688	32.704325	36.4177675
31.1249531	32.5515131	36.2476038
30.0186975	31.3945531	34.959275
26.8702475	28.1018012	31.2926456
26.166955	27.3662737	30.4736025
26.0388088	27.2322513	30.3243631
25.8268294	27.0105575	30.0774975
25.7523194	26.9326344	29.990725
31.3407362	32.7771844	36.4989006
31.6500125	33.1006369	36.8590775
36.0648031	37.7177738	42.0004706
38.2246244	39.9765862	44.5157631
39.0643456	40.8547944	45.4936888
40.5521919	42.4108313	47.2264088
39.6005662	41.41559	46.11816
39.33032	41.1329587	45.8034375
35.7796619	37.4195631	41.6684006
32.4278069	33.9140781	37.7648844
31.7048244	33.1579606	36.9229125
27.9308287	29.2109894	32.5277781
27.5067406	28.7674662	32.0338938
25.3392356	26.5006162	29.5096525
26.1556856	27.3544881	30.4604788
28.0555256	29.3414031	32.6729994
29.2741956	30.6159288	34.0922431
31.4751931	32.9178063	36.6554875
30.3689512	31.7608612	35.3671769
31.5035563	32.9474694	36.6885206
31.0091475	32.4304	36.1127381
17.4023763	18.199985	20.2665187
15.5787775	16.2928063	18.1427875
16.9060819	17.6809438	19.6885431
15.8903031	16.6186081	18.505585
15.6844544	16.4033244	18.265855
15.195485	15.891945	17.6964094
16.65799	17.4214812	19.3996187
18.06891	18.8970681	21.0427525
19.5462456	20.4421138	22.7632325
20.1467931	21.0701875	23.46262
23.231965	24.2967638	27.0555606
26.1145675	27.311485	30.41259
29.7362144	31.0991231	34.6303031
32.3614	33.8446312	37.6875487
33.1877331	34.7088356	38.6498812
32.41706	33.9028394	37.7523687
31.4501569	32.8916219	36.6263306
27.4895925	28.74953	32.0139206
24.3429144	25.4586288	28.3493519
21.3520044	22.3306363	24.8661881
19.4426419	20.3337613	22.6425769
17.8818013	18.7013831	20.8248506
15.7463331	16.4680425	18.3379206
16.1465956	16.8866481	18.8040569
16.1234975	16.8624913	18.7771581
16.5530844	17.3117675	19.2774475
15.9944644	16.7275438	18.6268881
16.8588775	17.6315756	19.6335669
16.6133394	17.3747831	19.3476188
17.1238163	17.9086569	19.9421119
10.785451	11.2797825	12.5605556
10.3759577	10.8515229	12.0836681
10.4724029	10.9523863	12.1959844
11.3001406	11.8180625	13.159955
11.9221744	12.4686087	13.8843688
13.1612769	13.7645013	15.3274044
14.9466125	15.631665	17.4065788
17.5750675	18.3805881	20.46763
20.2760431	21.2053613	23.6131431
25.3478762	26.5096538	29.5197162
31.001215	32.4221025	36.1034994
35.4220819	37.0455931	41.25197
34.0959706	35.6587025	39.7076
29.29252	30.6350925	34.1135819
23.3041381	24.3722437	27.1396138
19.2722681	20.1555794	22.4441644
15.766125	16.4887394	18.3609688
14.2679425	14.9218919	16.6162094
12.3627031	12.9293269	14.3974
11.2387587	11.7538681	13.0884725
11.0313294	11.5369319	12.8469031
10.9096371	11.40966	12.7051819
10.4625336	10.9420668	12.1844938
10.8764484	11.3749531	12.6665319
8.81846119	9.22264044	10.2698343
8.99329362	9.40548606	10.4734406
9.26599087	9.69068231	10.7910181
9.75798331	10.2052231	11.3639831
10.88816	11.3872019	12.6801719
11.8792675	12.4237331	13.8343981
14.0799819	14.725315	16.3973144
17.0929913	17.87642	19.9062131
22.2106712	23.2286594	25.8661781
29.6638431	31.0234325	34.5460169
44.7197244	46.7693775	52.0798475
65.0334244	68.0141219	75.7368462
57.12982	59.7482688	66.5324394
36.1174419	37.772825	42.0617763
25.1334662	26.285415	29.2700181
19.6381569	20.5382369	22.87027
15.6492519	16.36651	18.2248587
13.2646937	13.8726587	15.4478431
11.4998037	12.0268787	13.3924812
10.3395771	10.8134762	12.0413006
9.64329744	10.0852826	11.2304237
9.225004	9.6478165	10.7432869
8.94561831	9.35562556	10.4179181
8.91616369	9.32482094	10.3836156
8.72101194	9.12072456	10.1563458
9.02411437	9.43771925	10.5093331
9.74731213	10.1940636	11.3515575
10.912285	11.4124306	12.708265
12.7099837	13.2925244	14.8018356
17.219175	18.0083863	20.0531663
24.3897919	25.5076563	28.4039481
49.4305106	51.6960731	57.5659519
4297.67862725314	4302.11198265314	4313.59841165314
4004.06078846455	4008.05375026455	4018.39918256455
45.8923319	47.9957313	53.4454487
24.7046231	25.8369175	28.7705931
16.6196037	17.381335	19.354915
12.7466131	13.3308331	14.8444956
10.9773863	11.4805156	12.7840812
9.69590219	10.1402976	11.2916881
8.96996625	9.38108938	10.4462731
8.7081595	9.10728312	10.1413781
9.57095356	10.0096217	11.1461731
10.5352097	11.0180728	12.2691294
12.2271606	12.7875725	14.2395488
16.03367	16.7685469	18.6725462
25.2176094	26.3734144	29.3680081
54.333435	56.8237175	63.2758181
2690.24706470088	2693.14253470088	2700.64445720088
33.1166887	34.6345369	38.5671462
17.8849656	18.7046931	20.8285338
12.9974219	13.5931375	15.1365837
10.3343917	10.8080519	12.0352625
9.85765975	10.3094691	11.4800675
11.9267375	12.4733813	13.8896806
14.234935	14.8873694	16.5777688
20.862945	21.8191625	24.2966375
28.9993206	30.3284563	33.7721256
17.2828963	18.0750275	20.1273737
12.8688975	13.4587213	14.9869044
16.1759481	16.9173444	18.83824
