#?RADIANCE
genskyvec -m 1
NROWS=146
NCOLS=1
NCOMP=3
FORMAT=ascii

23.9926525	25.0923163	27.9414444
33.7364131	35.282665	39.2888662
32.1124137	33.5842319	37.3975862
31.4210094	32.8611381	36.5923856
30.4243025	31.8187494	35.4316381
28.5603125	29.8693244	33.2608656
29.8886075	31.2585019	34.8077775
31.7019575	33.1549625	36.9195731
34.2826762	35.853965	39.9250344
36.8198806	38.5074569	42.87982
45.0156181	47.078835	52.4244438
47.22417	49.3886088	54.9964825
52.0213531	54.4056631	60.5832031
52.0194288	54.4036513	60.5809625
49.2755369	51.534	57.3854725
46.4617856	48.5912838	54.1086231
41.4118925	43.3099356	48.2276019
39.2410681	41.0396163	45.6994975
33.7956412	35.3446075	39.3578431
30.2268663	31.6122638	35.201705
30.6427737	32.0472337	35.686065
28.0583163	29.3443212	32.6762494
29.8681481	31.2371025	34.7839475
29.2165256	30.5556162	34.0250812
32.6274937	34.1229188	37.9974356
36.4545275	38.1253588	42.4543369
38.5428813	40.30943	44.8864006
40.6591312	42.5226731	47.3509488
37.7749988	39.5063531	43.9921375
37.50456	39.2235175	43.6771894
34.9638738	36.5663844	40.7183462
18.8506594	19.7146463	21.9531644
16.5817556	17.3417513	19.3108363
17.8347362	18.6521625	20.7700375
17.2832781	18.0754262	20.1278194
18.2619125	19.0989162	21.26752
19.1933325	20.0730256	22.3522369
22.1759137	23.1923088	25.8257019
25.7034437	26.8815163	29.9338044
29.7651913	31.1294269	34.6640469
32.9794687	34.4910287	38.4073419
39.3121994	41.1140063	45.782335
44.3092288	46.3400669	51.6017919
45.6364006	47.7280662	53.1473931
43.1438575	45.1212837	50.2446213
37.8144237	39.5475825	44.0380494
31.6189144	33.0681125	36.8228619
28.9168175	30.2421713	33.6760444
23.5926731	24.6740044	27.4756369
20.6558706	21.6025956	24.0554825
18.2069512	19.0414356	21.2035138
17.2761656	18.0679881	20.1195369
17.0959281	17.8794913	19.9096344
16.0951981	16.8328944	18.7442006
18.3200594	19.1597306	21.3352387
19.4453656	20.3366119	22.64575
20.573785	21.5167487	23.9598894
19.74475	20.649715	22.9944063
20.4276181	21.3638819	23.7896631
19.4081712	20.2977106	22.6024325
19.2831144	20.1669213	22.4567931
11.9173438	12.4635569	13.8787412
11.573445	12.1038963	13.4782425
12.09145	12.6456406	14.0815013
13.8080325	14.4408981	16.0806044
15.8189737	16.54401	18.4225162
19.0100456	19.8813413	22.1387856
23.6032294	24.6850444	27.4879287
31.1824119	32.6116062	36.31452
41.8178356	43.7344856	48.7003587
53.9791106	56.4531519	62.8631756
54.8536831	57.3678075	63.8816875
39.7731513	41.596085	46.3191506
29.0289013	30.35939	33.8065769
22.5173869	23.5494338	26.2233756
18.1485881	18.9803981	21.1355438
15.4323712	16.1396862	17.9722831
13.16312	13.7664306	15.3295519
12.7264413	13.309735	14.8210006
11.993755	12.5434675	13.9677288
11.5575894	12.0873125	13.4597763
12.2267431	12.7871363	14.2390619
12.443545	13.0138725	14.4915456
11.8122356	12.3536287	13.7563331
12.20142	12.7606519	14.2095712
9.80205281	10.2513119	11.4153081
10.2807849	10.7519869	11.9728319
11.148575	11.6595506	12.9834444
12.3164994	12.881005	14.3435906
14.8983256	15.5811644	17.3503425
17.3043356	18.09745	20.1523412
23.5736863	24.6541456	27.4535212
35.2172825	36.8314044	41.0134594
61.17548	63.9793525	71.2439488
2459.04895446983	2463.35752766983	2474.52063626983
2304.09475300301	2308.21802860301	2318.90108210302
52.2003544	54.5928688	60.7916669
33.8121287	35.36185	39.3770431
22.0937931	23.1064244	25.7300644
17.1416606	17.9273181	19.9628919
14.4270106	15.0882494	16.8014563
12.3266125	12.8915831	14.3553681
11.0478625	11.5542231	12.8661575
10.2614048	10.7317187	11.9502631
9.82367444	10.2739246	11.4404856
9.70509219	10.1499085	11.3023875
9.72400669	10.1696897	11.3244169
9.60572125	10.0459833	11.1866619
9.74320594	10.1897693	11.3467769
9.54396925	9.98140106	11.1147469
10.4561907	10.9354319	12.1771056
12.0293831	12.5807312	14.0092206
14.6969506	15.37056	17.1158244
19.0809713	19.9555144	22.2213819
33.3963081	34.9269713	38.8927856
63.0212	65.90967	73.3934419
5557.41434101398	5563.11624101398	5577.88939301398
71.2435787	74.5089075	82.9690919
33.5067	35.0424219	39.0213475
21.4994581	22.4848469	25.0379087
15.6692944	16.3874694	18.2482013
12.5433238	13.1182244	14.607745
10.5938413	11.0793919	12.3374125
9.72378212	10.169456	11.3241544
9.17570687	9.59625988	10.6858756
9.011067	9.42407381	10.4941387
9.13401725	9.55265931	10.6373244
10.3923132	10.8686269	12.1027156
12.2229213	12.7831387	14.2346112
15.8169962	16.5419425	18.4202112
24.6439337	25.7734462	28.6999169
38.83512	40.6150625	45.2267344
45.3475731	47.4260031	52.8110325
28.4379331	29.7413356	33.1183431
18.4350506	19.2799894	21.4691525
13.2057138	13.8109756	15.379155
11.0441272	11.5503169	12.8618088
9.72044056	10.1659611	11.3202631
9.92072487	10.3754235	11.5535113
12.3645531	12.9312625	14.3995544
15.7262819	16.4470681	18.3145656
21.6583369	22.65101	25.2229388
22.0136681	23.0226262	25.6367512
14.3097612	14.965625	16.6649106
11.9306513	12.4774756	13.89424
15.436015	16.1434975	17.9765269
