#?RADIANCE
genskyvec -m 1
NROWS=146
NCOLS=1
NCOMP=3
FORMAT=ascii

4.479136	4.6844295	5.21632725
20.318315	21.2495706	23.6623731
20.7774312	21.72973	24.1970525
21.8286225	22.8291012	25.4212512
24.1787606	25.2869531	28.1581819
29.4101419	30.7581062	34.2505625
38.8058919	40.5844956	45.1926981
53.4017112	55.8492875	62.1907463
86.55034	90.5172213	100.795073
132.798754	138.885364	154.655225
121.980187	127.570929	142.056076
102.488198	107.185574	119.356066
60.9270844	63.7195737	70.9546719
40.9892594	42.8679319	47.7354106
30.9706688	32.3901581	36.0679275
25.1242825	26.2758113	29.2593231
22.6287738	23.6659244	26.3530937
20.7066244	21.6556756	24.1145906
20.3436775	21.2760956	23.6919094
19.9523394	20.8668206	23.2361625
20.2278819	21.1549944	23.5570556
20.6267487	21.5721419	24.0215688
20.2258019	21.1528181	23.5546331
20.132185	21.0549088	23.4456069
20.7194762	21.6691181	24.1295581
20.0079206	20.9249506	23.3008919
20.6054656	21.5498813	23.9967825
20.0795225	20.9998338	23.3842781
20.2385394	21.1661369	23.569465
19.6700275	20.5715694	22.9073869
19.8814031	20.7926344	23.1535525
16.661695	17.4253569	19.4039356
16.4012269	17.1529494	19.1005956
18.4953169	19.3430194	21.5393419
20.4888612	21.4279337	23.8609875
25.9454281	27.1345938	30.215615
33.9223081	35.47708	39.5053563
49.3573662	51.6195769	57.4807694
81.0132906	84.7263994	94.3467331
985.559464545953	992.173412545953	1009.30960654595
1537.29603867958	1544.38665167958	1562.75776967958
94.74714	99.0897125	110.340942
57.3234487	59.9507731	66.7579363
38.8970475	40.6798275	45.2988537
27.4548831	28.7132312	31.9735006
21.8143975	22.8142238	25.4046862
18.5183756	19.3671356	21.5661944
18.2251994	19.06052	21.2247644
16.2645544	17.0100125	18.9414294
15.9850694	16.7177175	18.6159456
15.45711	16.16556	18.0010925
15.6875244	16.4065331	18.2694281
16.0811713	16.818225	18.7278662
15.4165819	16.1231737	17.9538962
16.4454531	17.1992044	19.1521019
16.6700881	17.4341319	19.4137069
16.8111562	17.5816681	19.5779938
16.0811488	16.8182	18.7278419
16.2379556	16.9821944	18.9104538
15.9104031	16.6396294	18.5289912
16.2303175	16.9742081	18.9015594
12.469675	13.0412019	14.5219769
12.6662944	13.2468319	14.7509569
14.1584406	14.8073681	16.488685
18.4589269	19.3049619	21.49696
26.0438887	27.2375663	30.33028
42.31924	44.2588706	49.2842844
70.0723994	73.2840519	81.6051569
596.384005910956	600.682149710956	611.818260210956
62.2128625	65.0642844	72.4520644
37.8958375	39.6327281	44.1328619
25.0804838	26.2300031	29.2083137
17.7389744	18.5520106	20.6585156
14.4662731	15.1293094	16.8471819
12.8187256	13.40625	14.9284769
12.3329888	12.8982513	14.3627925
12.1829381	12.7413206	14.1880469
11.8561363	12.3995431	13.8074594
12.38581	12.9534931	14.4243081
12.0843312	12.6381956	14.0732119
11.678705	12.2139775	13.600825
12.060775	12.61356	14.0457788
12.1011106	12.6557431	14.0927531
11.6867056	12.2223475	13.6101431
12.1142075	12.6694413	14.1080038
10.2361185	10.7052744	11.9208144
10.9251469	11.4258825	12.7232456
12.2021506	12.7614156	14.2104219
14.3666044	15.0250731	16.7311088
20.0387144	20.9571562	23.3367569
25.8396119	27.0239269	30.0923831
36.2774231	37.9401375	42.2480844
42.2001875	44.1343606	49.1456381
33.4358244	34.9682969	38.9388056
25.202475	26.3575875	29.3503838
18.0682069	18.8963319	21.0419331
13.7156525	14.3442862	15.9730213
12.0893369	12.6434313	14.0790406
10.8675163	11.3656112	12.6561306
10.3000253	10.7721094	11.9952394
9.8858835	10.3389859	11.512935
9.7545145	10.201596	11.3599444
9.75748919	10.2047078	11.3634106
9.88423394	10.3372607	11.5110131
9.84352931	10.2946903	11.4636106
9.88303831	10.3360124	11.5096231
9.94192681	10.3975981	11.5782031
9.86044937	10.3123846	11.4833144
10.1126185	10.5761116	11.7769863
9.12625894	9.54454625	10.6282894
10.005971	10.4645779	11.6527863
11.4662625	11.9918006	13.3534181
14.7957987	15.4739394	17.2309406
19.024265	19.89621	22.1553438
21.8754894	22.8781169	25.4758331
20.8591131	21.8151544	24.2921775
15.87862	16.6063875	18.4919763
12.7643994	13.349435	14.8652088
10.5715312	11.0560581	12.3114281
9.39210125	9.82257213	10.9378862
8.97366688	9.3849595	10.4505837
8.748215	9.14917481	10.1880254
8.58829956	8.98193006	10.0017915
8.48416787	8.87302544	9.88052037
8.52067131	8.91120169	9.92303144
8.66495781	9.06210138	10.0910666
8.79618656	9.19934488	10.2438938
8.71928912	9.11892281	10.1543392
9.60544944	10.0456988	11.1863475
11.9001762	12.4456006	13.8587456
14.4380044	15.0997456	16.8142612
13.5605394	14.1820625	15.7923775
11.1975094	11.7107281	13.040435
9.56852669	10.0070846	11.1433475
8.63434613	9.0300865	10.0554152
8.16722469	8.54155581	9.51141431
8.00335231	8.37017237	9.32057125
8.0564295	8.42568225	9.382384
8.16992081	8.54437556	9.51455419
8.49155656	8.88075256	9.88912581
9.42313537	9.85502819	10.9740269
9.84233387	10.2934399	11.4622181
9.10671706	9.52410844	10.6055311
8.13509313	8.50795125	9.47399438
7.99691612	8.36344125	9.31307569
8.61246094	9.00719844	10.0299285
