#?RADIANCE
genskyvec -m 1
NROWS=146
NCOLS=1
NCOMP=3
FORMAT=ascii

2.53327806	2.6493865	2.95021338
14.1595469	14.8085256	16.4899738
13.6949594	14.3226456	15.9489225
13.6601019	14.2861875	15.9083269
13.8040125	14.4366962	16.0759231
13.9863281	14.6273688	16.2882462
13.8641338	14.4995725	16.1459381
14.0059131	14.6478494	16.3110538
13.6956831	14.3234019	15.9497669
13.9782544	14.6189231	16.2788425
13.9867569	14.6278163	16.2887456
14.0257675	14.6686138	16.3341744
13.8921513	14.5288731	16.1785663
13.7297475	14.3590269	15.989435
13.6420506	14.2673106	15.8873063
14.0735656	14.7186031	16.3898394
15.3062563	16.0077912	17.8254131
16.521665	17.2789088	19.2408569
20.25056	21.1787088	23.5834656
28.5168381	29.8238587	33.2102338
40.9826006	42.8609681	47.7276563
69.4675494	72.6514787	80.9007563
99.3706319	103.925138	115.725406
531.534889642157	536.688928642157	550.042583642157
73.9291362	77.3175525	86.0966444
42.0245494	43.9506725	48.9410919
28.6813706	29.9959313	33.4018475
21.1115337	22.0791456	24.58614
17.546485	18.3507	20.4343463
15.3197238	16.0218781	17.841095
14.3836237	15.0428731	16.7509306
11.2784886	11.7954194	13.1347406
10.4777245	10.9579539	12.2021838
11.0631863	11.5702489	12.8840056
10.8773147	11.3758584	12.6675419
10.9045081	11.4042979	12.6992081
10.5818506	11.0668511	12.3234475
11.1818752	11.6943764	13.0222256
11.4304749	11.9543704	13.3117406
11.2035584	11.7170545	13.0474781
10.1893634	10.6563761	11.8663625
10.4780054	10.9582468	12.2025094
10.4561991	10.935442	12.1771162
11.0040799	11.5084344	12.81517
11.0246016	11.5298959	12.8390681
11.1949963	11.7081025	13.0375081
12.0553912	12.60793	14.0395081
14.2849287	14.9396537	16.6359906
16.5373063	17.2952681	19.259075
22.8715312	23.9198087	26.6358031
32.3743594	33.8581831	37.7026412
51.9895194	54.37237	60.5461313
670.631885905755	674.829342805755	685.704602805755
786.609817550976	790.814293850976	801.707730450976
60.3605375	63.1270587	70.2948781
37.1457844	38.8482962	43.2593625
25.6972219	26.8750106	29.92656
17.5938975	18.4002837	20.4895613
14.289345	14.9442713	16.6411325
12.30895	12.8731106	14.3348
11.6205437	12.1531519	13.5330925
8.25013563	8.62826669	9.60797094
7.84787275	8.2075665	9.1395025
7.77048219	8.126629	9.04937425
8.15117731	8.52477269	9.49272644
8.14955088	8.5230715	9.4908315
8.19986238	8.57568919	9.54942256
8.18588881	8.56107506	9.53314956
8.21708706	8.59370338	9.56948288
7.86585931	8.22637775	9.16044963
8.07752806	8.44774794	9.40695638
8.12239669	8.49467287	9.45920781
8.624522	9.01981238	10.0439744
9.35712569	9.78599263	10.8971533
10.7712831	11.2649659	12.5440575
14.5659219	15.233525	16.96323
21.7213575	22.7169194	25.2963313
34.5458888	36.1292406	40.2315681
52.4147731	54.8171156	61.0413738
41.0379975	42.9189031	47.7921687
25.1344975	26.2864963	29.2712188
17.2654987	18.056835	20.1071137
12.6471056	13.2267644	14.72861
9.67518913	10.1186346	11.267565
8.85353369	9.25932069	10.3106786
6.79472181	7.10614644	7.91302013
6.64001644	6.94435012	7.73285269
6.44881738	6.744388	7.51018556
6.49640625	6.79415806	7.56560681
6.59920963	6.90167325	7.68533019
6.56649431	6.86745856	7.64723025
6.51317694	6.81169744	7.58513769
6.58735519	6.88927562	7.67152438
6.51758856	6.81631112	7.59027531
6.607913	6.9107755	7.69546562
6.7103895	7.01794869	7.814808
6.91543087	7.23238775	8.05359594
7.48475013	7.82780106	8.71661575
8.92697013	9.33612263	10.3962019
11.2043717	11.7179049	13.0484256
13.8709331	14.5066831	16.1538569
18.731135	19.5896437	21.8139687
22.4051306	23.4320325	26.0926444
22.1236619	23.1376631	25.7648481
17.14532	17.9311469	19.9671544
12.8820656	13.4724919	15.0022375
9.76893013	10.2166727	11.3767341
8.12788875	8.50041669	9.4656045
7.44749587	7.78883913	8.67322988
6.096979	6.37642369	7.10044044
5.84509644	6.11299669	6.80710231
5.69641194	5.95749713	6.63394669
5.73858606	6.0016045	6.68306206
5.74700606	6.01041031	6.69286775
5.71192106	5.97371731	6.65200837
5.77289569	6.03748656	6.7230185
5.92402781	6.19554544	6.89902444
6.13204825	6.41310025	7.14128175
6.75753681	7.06725694	7.86971506
7.49190925	7.83528831	8.72495319
9.51129425	9.94722813	11.0766945
11.9124469	12.4584331	13.8730363
12.840805	13.4293413	14.9541875
11.2486676	11.7642334	13.1000138
9.13919444	9.55807387	10.6433536
7.638153	7.98823506	8.895266
6.60792331	6.91078612	7.69547744
5.68404569	5.94456456	6.61954556
5.37854619	5.6250625	6.26376531
5.32074431	5.56461144	6.19645025
5.34770856	5.59281175	6.22785262
5.37245613	5.61869362	6.256673
5.614611	5.871947	6.53868269
6.13847681	6.41982369	7.14876825
6.90517994	7.22166712	8.041658
8.25489169	8.63324069	9.61351012
8.26385413	8.64261369	9.62394731
7.38620806	7.72474231	8.60185506
6.18829344	6.47192344	7.20678362
5.52987656	5.783329	6.44000225
5.26724662	5.50866187	6.13414775
5.31890431	5.56268738	6.19430769
5.68136969	5.94176556	6.61642875
6.16646262	6.44909194	7.18135994
6.15494125	6.43704263	7.1679425
5.51778587	5.77068431	6.425922
