#?RADIANCE
genskyvec -m 1
NROWS=146
NCOLS=1
NCOMP=3
FORMAT=ascii

2.28313244	2.38777594	2.658898
18.5350762	19.3845981	21.5856419
18.8332419	19.6964313	21.9328806
19.6080369	20.5067394	22.8351938
21.7535938	22.7506331	25.3338731
27.1227325	28.3658575	31.586685
36.1714788	37.8293387	42.1247037
50.5093475	52.8243556	58.822345
85.4281219	89.3435719	99.4881794
467.536181180287	473.803642180287	490.042124180287
107.272132	112.188766	124.927336
81.9294344	85.6845363	95.4136581
47.2694488	49.435965	55.0492137
32.6028588	34.0971556	37.9687475
25.7012813	26.8792556	29.9312856
21.2553912	22.229595	24.7536744
19.9876225	20.9037219	23.2772525
17.9087338	18.72955	20.8562125
18.3473025	19.1882188	21.3669631
18.07775	18.9063131	21.0530469
17.7665869	18.5808881	20.6906725
18.5086387	19.3569512	21.554855
17.6912475	18.502095	20.6029319
17.9270731	18.7487306	20.8775719
18.1348775	18.9660575	21.1195756
17.2103806	17.9991887	20.0429219
17.8214481	18.6382631	20.7545606
17.2853363	18.07758	20.1302156
18.0331694	18.8596881	21.0011294
17.559425	18.3642319	20.4494138
18.096795	18.9262306	21.0752275
16.8576519	17.630295	19.6321419
16.6781994	17.4426181	19.4231556
18.62589	19.4795756	21.6914019
20.6394662	21.5854406	24.0363788
25.9111788	27.0987731	30.1757281
33.6503956	35.1927037	39.1886919
48.820505	51.0581112	56.8555513
79.8549913	83.5150106	92.9977963
673.657192916588	680.127813916588	696.892622916588
541.526363395983	546.564515395984	559.617920395983
72.177815	75.485965	84.0570881
45.911165	48.0154269	53.4673806
32.8705906	34.3771594	38.280545
24.3933894	25.5114181	28.4081356
20.3070781	21.23782	23.6492869
17.9512931	18.7740619	20.9057769
17.9316175	18.7534838	20.8828656
16.2472606	16.9919269	18.9212912
16.0461519	16.7816006	18.6870831
15.5520131	16.2648138	18.1116156
15.674615	16.3930356	18.2543975
15.9676719	16.6995213	18.5956837
15.3010444	16.0023419	17.8193425
16.1333981	16.8728469	18.78869
16.3897881	17.1409856	19.087275
16.524825	17.2822138	19.2445375
15.950645	16.6817163	18.5758594
16.1605675	16.9012606	18.8203306
15.9794594	16.71185	18.6094137
16.4041244	17.1559788	19.1039675
12.2896225	12.8528975	14.31229
12.3244744	12.8893462	14.3528788
13.6241562	14.2485963	15.8664669
17.6778519	18.4880863	20.5873331
24.2442794	25.3554737	28.2344844
37.6729994	39.3996787	43.8733513
56.6511956	59.2477056	65.9750444
65.0741231	68.0566862	75.7842425
43.5882244	45.5860163	50.7621225
28.8832462	30.2070594	33.6369494
20.5349975	21.4761831	23.9147156
15.7930606	16.5169075	18.3923337
13.5195969	14.139245	15.7446981
12.2565569	12.8183169	14.2737831
12.0319944	12.5834606	14.0122606
11.9568656	12.5048875	13.9247662
11.5439512	12.07305	13.443895
12.1405844	12.6970281	14.1387244
11.727915	12.2654431	13.6581356
11.2275912	11.7421881	13.0754669
11.7078838	12.2444931	13.6348075
11.82068	12.3624619	13.7661688
11.3818987	11.9035675	13.2551694
11.922085	12.4685125	13.8842619
9.20799831	9.63003081	10.7234823
9.78831512	10.236945	11.3993088
10.6457072	11.133637	12.397815
12.3590556	12.9255113	14.39315
16.6215881	17.3834106	19.3572256
20.4979975	21.4374881	23.8716269
26.215985	27.41755	30.5306987
28.8774919	30.2010431	33.6302481
22.81286	23.8584469	26.5674775
18.0615762	18.8893994	21.0342125
13.7871012	14.41901	16.05623
11.0329386	11.5386163	12.8487775
10.1973031	10.6646806	11.8756094
9.59672794	10.0365781	11.1761892
9.27268906	9.69768731	10.7988208
8.8716965	9.278315	10.3318303
8.77336362	9.17547594	10.2173135
8.79206719	9.19503694	10.2390949
8.95418244	9.36458212	10.4278922
8.89663538	9.30439731	10.360873
8.96075194	9.37145206	10.4355447
9.06275344	9.47812975	10.5543333
8.94597206	9.35599506	10.4183308
9.25952362	9.683918	10.7834867
7.46021481	7.80214106	8.68804238
8.06990769	8.43977831	9.39808031
8.91740025	9.32611437	10.3850554
11.1245676	11.6344425	12.9554856
13.5722569	14.1943175	15.8060238
14.6172431	15.2872	17.0229987
13.885525	14.521945	16.1708513
11.1353777	11.6457515	12.9680769
9.39052106	9.82091869	10.9360446
8.24540075	8.62331475	9.60245687
7.42569006	7.76603394	8.64783544
7.3503375	7.68722775	8.56008081
7.257978	7.590635	8.45252044
7.09742713	7.42272575	8.26554594
6.95176144	7.27038369	8.09590588
7.00834413	7.32955975	8.16180106
7.18903669	7.51853387	8.37223269
7.26816894	7.60129306	8.46438875
6.56771356	6.8687335	7.64864994
6.94317862	7.26140738	8.08591056
8.30158644	8.68207581	9.66788994
9.64225256	10.0841889	11.2292071
8.94362887	9.35354656	10.4156024
7.66931	8.02081994	8.93155106
6.89189225	7.20777031	8.02618344
6.39042981	6.68332419	7.44218825
6.19672662	6.48074313	7.21660506
6.07230012	6.35061369	7.07169981
6.19105681	6.47481331	7.21000187
6.15487281	6.43697056	7.16786225
5.94473981	6.21720687	6.92314531
6.368009	6.65987594	7.41607738
6.54527056	6.84526213	7.62251344
6.21740831	6.50237263	7.24069044
5.69362094	5.95457838	6.63069625
5.68389869	5.94441056	6.61937394
5.84596263	6.11390219	6.80811094
