#?RADIANCE
genskyvec -m 1
NROWS=146
NCOLS=1
NCOMP=3
FORMAT=ascii

22.7699019	23.8135231	26.51745
31.6338537	33.0837369	36.8402606
35.47107	37.0968287	41.3090206
38.1414656	39.8896125	44.418915
39.6282875	41.4445844	46.150445
37.321075	39.0316231	43.4635038
36.54081	38.215595	42.5548188
34.9581887	36.560435	40.711725
31.2351525	32.6667625	36.37594
27.5167331	28.7779169	32.0455306
30.8021988	32.2139656	35.87173
26.7538656	27.9800825	31.1571069
29.0999531	30.4337	33.8893213
30.0429981	31.4199681	34.987575
31.2456462	32.6777375	36.3881606
35.6544569	37.2886181	41.5225887
39.2147338	41.0120744	45.6688269
44.6361887	46.6820094	51.9825612
47.7138544	49.9007381	55.5667638
51.4073156	53.7634838	59.868105
52.8560344	55.2786006	61.55526
49.38394	51.6473681	57.5117162
45.3953419	47.4759562	52.8666581
39.7614456	41.5838425	46.3055181
36.5839225	38.2606819	42.605025
33.0550419	34.5700644	38.495355
30.4638163	31.8600744	35.477655
29.7048075	31.0662769	34.5937256
27.5836875	28.8479388	32.123505
28.5433325	29.8515663	33.24109
29.6596606	31.01906	34.5411487
18.1312337	18.9622488	21.1153344
17.3154369	18.1090587	20.1652706
20.0282244	20.9461844	23.3245387
19.7905363	20.6976006	23.0477294
19.7687237	20.6747894	23.0223256
18.219915	19.0549937	21.2186106
19.3106694	20.1957419	22.4888869
19.0068619	19.8780081	22.1350756
17.45804	18.2582006	20.3313444
15.0893913	15.7809888	17.572855
16.0177244	16.7518694	18.6539756
16.9103213	17.6853775	19.69348
19.4308194	20.3213981	22.6288081
21.7969225	22.7959463	25.3843331
24.4213244	25.5406344	28.4406681
29.0000931	30.3292644	33.7730269
34.9793887	36.58261	40.736415
40.6954025	42.560605	47.3931906
46.2165044	48.3347606	53.8229731
46.6736344	48.8128394	54.3553369
42.5915069	44.5436169	49.6013625
36.0804919	37.73418	42.0187419
29.31314	30.6566581	34.1375969
25.9871525	27.17823	30.2642062
22.6698863	23.7089219	26.4009719
20.5050925	21.4449075	23.8798887
17.7679944	18.58236	20.6923112
17.072245	17.8547219	19.8820538
16.3968187	17.1483387	19.0954638
17.0003112	17.7794931	19.7982813
11.5309575	12.05946	13.4287631
11.1933481	11.7063775	13.0355881
11.3868794	11.9087775	13.26097
12.3352981	12.9006656	14.3654837
12.1146612	12.6699175	14.1085331
11.8925256	12.4375975	13.8498363
11.705965	12.2424869	13.6325731
11.9512919	12.4990606	13.9182781
12.1810106	12.7393056	14.1858031
14.0323756	14.6755269	16.3418713
16.1495138	16.8896988	18.8074556
20.5075244	21.4474519	23.8827212
26.7276106	27.952625	31.12653
37.2425544	38.9495056	43.3720587
52.8174769	55.2382769	61.5103569
59.317175	62.035875	69.0797956
45.7928119	47.8916494	53.3295512
33.1176144	34.6355037	38.5682256
23.5944987	24.6759144	27.4777625
18.7752231	19.6357537	21.8653144
15.7180306	16.4384425	18.3049587
13.6825612	14.3096781	15.9344819
11.9489756	12.4966388	13.9155787
11.638065	12.1714769	13.5534981
9.41596688	9.84753212	10.9656788
9.25989287	9.68430425	10.7839169
9.06240862	9.47776838	10.5539312
9.13764806	9.55645675	10.6415538
9.31853437	9.74563281	10.8522106
9.31359606	9.74046906	10.8464581
9.55392988	9.9918185	11.1263475
10.2511143	10.7209569	11.9382788
11.3211575	11.8400456	13.1844338
12.8843694	13.4749019	15.0049231
15.4730544	16.1822362	18.0196625
19.8494256	20.7591906	23.1163106
25.8580563	27.0432163	30.1138612
44.4223338	46.4583556	51.7335131
2354.96000145757	2358.63316395757	2368.15000145757
3626.00818755306	3631.20159855306	3644.65730055306
70.4245231	73.652315	82.0152312
39.0463931	40.8360188	45.4727819
24.22813	25.338585	28.2156769
17.93848	18.7606587	20.8908575
14.6168731	15.2868125	17.022565
12.2775425	12.8402612	14.2982219
10.8438481	11.3408575	12.628565
10.0737042	10.5354138	11.7316687
9.235197	9.65847675	10.7551569
8.70162019	9.10044437	10.1337625
8.52255606	8.91317306	9.92522694
8.586799	8.9803605	10.0000435
8.91183475	9.32029363	10.3785744
9.86474281	10.3168782	11.4883163
11.1380031	11.6484963	12.9711337
14.013845	14.6561444	16.32029
17.7837662	18.598855	20.7106775
27.9634125	29.2450675	32.5657244
47.1984394	49.3617012	54.9665169
4147.9234989778	4152.6508239778	4164.8989119778
77.33474	80.8792419	90.0627494
31.79317	33.2503569	37.0257962
19.8209931	20.7294556	23.0832
14.4055519	15.0658044	16.7764662
11.634975	12.168245	13.5498994
10.1053941	10.5685569	11.7685744
9.68059494	10.1242896	11.2738606
9.29065631	9.7164775	10.8197444
9.20940175	9.63149906	10.725115
9.91696944	10.3714974	11.5491381
11.7253069	12.2627181	13.6550975
16.0084188	16.7421394	18.6431412
24.4433169	25.563635	28.4662819
36.30453	37.9684869	42.2796538
39.2486075	41.0475012	45.7082775
22.332605	23.3561806	26.0081806
14.1357469	14.7836337	16.4622556
11.3640206	11.8848706	13.2343494
11.46982	11.9955194	13.3575612
11.1828988	11.6954494	13.0234194
12.9685125	13.5629031	15.1029138
17.5509256	18.35534	20.439515
18.3852756	19.2279344	21.4111869
14.6625081	15.33454	17.0757144
13.7070606	14.3353	15.9630144
