#?RADIANCE
genskyvec -m 1
NROWS=146
NCOLS=1
NCOMP=3
FORMAT=ascii

23.5650206	24.6450831	27.44343
26.5565887	27.7737644	30.9273631
28.8268063	30.1480337	33.5712181
30.15875	31.5410256	35.1223806
30.4356713	31.8306381	35.4448756
27.9294575	29.2095575	32.5261825
26.8455625	28.0759831	31.263895
25.7059894	26.8841813	29.9367681
23.2939869	24.3616275	27.1277906
21.0274731	21.9912319	24.4882462
24.2965575	25.41015	28.2953688
22.2642838	23.2847281	25.9286156
24.9713919	26.1159125	29.0812681
26.4739775	27.6873688	30.8311556
27.7442969	29.0159094	32.3105475
31.0210187	32.4428156	36.1265631
33.1769625	34.6975738	38.6373387
36.0953538	37.7497244	42.0360506
36.5442675	38.2192125	42.5588469
36.42694	38.0965094	42.4222119
36.3015694	37.9653919	42.2762063
32.9768038	34.48824	38.4042375
30.8914256	32.3072825	35.9756406
27.4312006	28.6884631	31.94592
25.9487825	27.1381006	30.2195212
24.7536006	25.8881394	28.8276331
23.8406456	24.9333406	27.76442
24.3531663	25.4693519	28.3612944
23.2932681	24.360875	27.1269525
24.49403	25.6166712	28.5253413
25.2534869	26.4109381	29.4097906
15.1550306	15.8496356	17.6492969
14.1758488	14.8255756	16.5089594
16.0360331	16.7710162	18.6752981
15.4503125	16.1584519	17.9931781
15.1130481	15.8057294	17.6004062
13.8669125	14.5024788	16.1491756
14.6568356	15.3286081	17.0691069
14.6535731	15.3251969	17.06531
14.0640888	14.7086925	16.3788038
12.9495312	13.5430506	15.0808081
14.2843231	14.9390212	16.635285
15.5862225	16.3005913	18.1514563
18.1077825	18.9377219	21.0880238
20.3115375	21.2424806	23.6544794
22.4789069	23.5091894	26.1785612
25.7825437	26.9642425	30.0259231
29.3138969	30.65745	34.1384787
31.0597881	32.4833606	36.1717138
30.9470413	32.3654462	36.04041
28.5878031	29.8980756	33.29288
25.7734188	26.9546987	30.015295
22.8019444	23.8470319	26.5547644
19.2483544	20.1305694	22.4163112
17.9640937	18.7874456	20.9206856
16.3326337	17.0812119	19.0207131
15.3759244	16.0806525	17.9065463
13.9186444	14.5565806	16.20942
13.951205	14.590635	16.2473419
13.6998394	14.3277469	15.9546056
14.3320919	14.9889788	16.6909162
9.4610245	9.89465475	11.0181512
9.12090438	9.53894481	10.6220532
9.16066094	9.58052506	10.6683549
9.76074544	10.2081141	11.3672026
9.60735069	10.0476869	11.1885593
9.633599	10.0751378	11.2191281
9.8759945	10.3286437	11.5014188
10.6026782	11.0886344	12.3477031
11.29893	11.8167963	13.1585456
13.35279	13.9647925	15.5504394
15.5387919	16.2509862	18.0962194
19.7561906	20.6616813	23.0077312
25.4924881	26.6608919	29.6881262
32.6557894	34.1525113	38.0303888
35.8710869	37.5151775	41.7748713
31.3702931	32.8080963	36.5333219
23.5427987	24.6218419	27.4175506
19.3092906	20.1942981	22.4872788
15.3290606	16.0316419	17.8519681
12.9468037	13.5401988	15.0776325
11.4666425	11.992195	13.3538594
10.4377481	10.916145	12.1556281
9.48029588	9.91480825	11.0405944
9.50265513	9.93819319	11.0666351
7.65809044	8.00908619	8.918485
7.58424294	7.93185394	8.8324835
7.45630556	7.79805288	8.68348969
7.542655	7.8883595	8.78405069
7.79764181	8.15503344	9.08100406
7.96161019	8.32651713	9.27195894
8.51843119	8.90885912	9.92042331
9.43615925	9.86864875	10.9891931
10.7544982	11.2474125	12.5245106
12.4794644	13.0514387	14.5333769
15.4442313	16.1520925	17.9860962
21.3501412	22.3286906	24.8640206
29.2635963	30.6048431	34.0798981
48.5193769	50.7431806	56.5048625
2231.57406993464	2234.33704233464	2241.49566423464
49.0149769	51.2614944	57.0820269
29.9038581	31.2744512	34.8255362
20.143755	21.0670119	23.4590825
14.9148975	15.5984969	17.3696419
12.1914519	12.750225	14.1979619
10.5155034	10.9974644	12.24618
9.25756788	9.68187269	10.78121
8.45503919	8.84256162	9.84659781
8.05481369	8.42399231	9.38050225
7.49834819	7.84202212	8.73245162
7.22778181	7.55905494	8.41735469
7.23119506	7.56262469	8.42132975
7.44631688	7.787606	8.671857
7.94212844	8.3061425	9.24927088
9.15392431	9.57347825	10.6605075
10.6251332	11.1121181	12.3738538
14.1068581	14.7534225	16.4286131
19.6162038	20.51528	22.8447062
37.4998556	39.2185987	43.6717081
4110.60992463498	4114.00982213498	4122.81865093498
3687.48996291947	3691.32753471947	3701.27033851947
36.7013944	38.3835413	42.741835
18.6478056	19.502495	21.7169231
13.2778194	13.8863862	15.4631281
10.4545034	10.9336677	12.1751412
8.86922619	9.27573206	10.3289548
7.99047331	8.35670312	9.30557225
7.95437794	8.31895319	9.26353644
7.90616625	8.268532	9.20738994
8.11805756	8.49013519	9.45415531
9.06295706	9.47834169	10.5545701
11.1688475	11.6807525	13.0070538
17.0015481	17.7807869	19.7997225
31.1823387	32.6115281	36.3144325
45.0785925	47.1446913	52.4977781
30.0975419	31.4770112	35.0510981
16.0091725	16.7429263	18.6440156
10.6163203	11.1029019	12.3635919
9.00881194	9.42171581	10.4915139
9.60742069	10.0477602	11.1886429
9.82151756	10.2716687	11.437975
12.05245	12.6048538	14.0360837
17.7106156	18.5223512	20.6254887
16.078975	16.8159275	18.7253075
11.921025	12.4674056	13.8830275
12.0888944	12.6429675	14.078525
