#?RADIANCE
genskyvec -m 1
NROWS=146
NCOLS=1
NCOMP=3
FORMAT=ascii

3.86748131	4.04474081	4.50400438
14.9375694	15.6222088	17.3960456
14.4918844	15.1560962	16.8770088
14.4376037	15.0993262	16.8137925
14.572895	15.2408194	16.9713506
14.7628431	15.4394731	17.1925638
14.6185581	15.2885762	17.0245306
14.7628394	15.4394687	17.1925569
14.4590825	15.12179	16.8388087
14.7538887	15.4301081	17.1821331
14.6947094	15.3682156	17.1132125
14.8001213	15.4784587	17.2359756
14.6496944	15.3211394	17.0607925
14.55552	15.2226481	16.9511175
14.5705506	15.2383681	16.9686219
15.1026306	15.7948337	17.5882744
16.6306687	17.3929081	19.3678019
18.0376088	18.8643319	21.0062994
22.6072019	23.6433638	26.3279719
32.3789188	33.8629519	37.7079525
45.5761244	47.6650275	53.0771969
75.3429431	78.7961606	87.7431381
93.494355	97.7795225	108.881977
95.2403875	99.6055744	110.915378
64.6890556	67.6539662	75.3357975
38.7288475	40.5039212	45.1029731
27.6441019	28.9111225	32.1938606
21.0398219	22.0041469	24.5026287
18.0087962	18.8341981	20.9727444
15.9571819	16.6885531	18.5834687
15.1334281	15.8270438	17.6241394
12.14689	12.7036238	14.1460669
11.326755	11.8458975	13.1909513
11.9209722	12.46735	13.8829675
11.7254746	12.2628906	13.6552925
11.7366494	12.2745787	13.6683069
11.3927131	11.9148787	13.2677656
11.9997106	12.5496963	13.9746625
12.2492081	12.8106319	14.2652262
12.016845	12.5676175	13.9946194
10.9835184	11.4869269	12.7912219
11.2983389	11.8161787	13.1578594
11.3086075	11.8269175	13.1698169
11.9279281	12.4746262	13.8910681
12.0341519	12.5857175	14.0147719
12.34779	12.9137294	14.3800319
13.5235512	14.1433806	15.7493025
16.2251344	16.9687844	18.8955219
19.4323738	20.3230225	22.6306181
27.7424344	29.01396	32.3083775
40.5593906	42.4183625	47.2347925
66.1447431	69.176375	77.0310688
1455.48355513402	1460.63407213402	1473.97856913402
879.681201439801	884.156370639801	895.751140639801
59.1893481	61.9021919	68.9309331
37.0678706	38.7668137	43.1686256
26.0783238	27.2735775	30.3703819
18.3394781	19.1800381	21.3578531
15.1064137	15.7987913	17.5926794
13.1582875	13.7613744	15.3239219
12.4847831	13.0569994	14.53957
8.98833831	9.40030281	10.4676699
8.55435256	8.94642706	9.96225644
8.46054794	8.84832288	9.8530145
8.85301237	9.25877538	10.3100709
8.83871769	9.24382519	10.2934238
8.88387506	9.29105244	10.3460134
8.86730563	9.27372369	10.3267161
8.90944606	9.31779581	10.3757933
8.55597656	8.94812513	9.96414881
8.82565594	9.23016475	10.2782117
8.93992088	9.3496675	10.4112844
9.63251625	10.0740062	11.2178681
10.6951497	11.1853431	12.4553925
12.7395812	13.3234787	14.8363038
18.0283162	18.8546137	20.9954756
28.2190225	29.5123931	32.8634037
47.510945	49.6885275	55.3304575
559.972704203206	563.294121703206	571.899619203206
47.9357288	50.1327825	55.8251538
27.9719788	29.2540262	32.5757019
18.66604	19.5215675	21.73816
13.657285	14.2832431	15.9050462
10.5208223	11.0030275	12.2523738
9.63046587	10.0718639	11.2154827
7.443565	7.78472806	8.66865225
7.25959544	7.59232675	8.45440444
7.03881337	7.36142562	8.19728525
7.07988294	7.40437737	8.24511419
7.17927813	7.508328	8.36086788
7.14006063	7.4673135	8.31519638
7.08480562	7.40952581	8.25084719
7.1756675	7.50455219	8.35666331
7.12705094	7.45370719	8.300045
7.26291925	7.59580294	8.45827519
7.448698	7.79009631	8.67463012
7.80321406	8.16086119	9.08749363
8.59834119	8.99243163	10.013486
10.6522108	11.1404348	12.4053875
13.9652512	14.605325	16.2637
17.964275	18.7876362	20.920895
25.12329	26.274775	29.2581675
29.7805013	31.1454394	34.6818775
27.4844431	28.7441456	32.0079256
20.0446081	20.9633187	23.3436163
14.5301513	15.1961156	16.9215744
10.8245395	11.3206642	12.6060787
8.95467006	9.36509219	10.4284589
8.17080975	8.54530494	9.51558894
6.72143831	7.02950412	7.82767563
6.41055131	6.70436806	7.46562175
6.23089738	6.51648006	7.25639962
6.26266275	6.54970144	7.29339306
6.269806	6.55717181	7.30171181
6.24672044	6.53302819	7.27482687
6.33915919	6.629704	7.38247969
6.57539863	6.87677094	7.65760012
6.90203588	7.218379	8.03799656
7.81459744	8.17276625	9.10075044
8.93332913	9.34277344	10.4036073
11.8596451	12.4032131	13.8115475
15.2990844	16.0002913	17.8170588
16.1834075	16.9251475	18.8469275
13.5828744	14.205425	15.8183913
10.5632156	11.047365	12.3017469
8.58871094	8.9823605	10.00227
7.33430369	7.670459	8.54140812
6.29895613	6.58765819	7.33565975
5.92815456	6.1998615	6.90383019
5.83991519	6.10757781	6.80106819
5.87212062	6.14125919	6.838574
5.94132844	6.213639	6.91917219
6.31507881	6.60452012	7.35443612
7.078647	7.40308463	8.24367462
8.19460194	8.57018781	9.54329788
10.0795201	10.5414982	11.7384419
9.91405888	10.3684521	11.5457462
8.52588538	8.91665475	9.92910387
6.96620838	7.28549269	8.11273056
6.19884719	6.48296088	7.21907444
5.86207931	6.13075775	6.82688019
5.95265675	6.22548656	6.93236506
6.4774045	6.77428544	7.54347762
7.14349688	7.47090681	8.31919794
7.06071131	7.38432694	8.22278712
6.23774606	6.52364269	7.26437544
