#?RADIANCE
genskyvec -m 1
NROWS=146
NCOLS=1
NCOMP=3
FORMAT=ascii

2.08203769	2.17746431	2.42470656
17.9653194	18.7887287	20.9221119
18.2732031	19.1107237	21.2806675
19.0488513	19.9219219	22.1839756
21.1914531	22.1627269	24.6792125
26.5846556	27.8031181	30.9600494
35.7239494	37.3612963	41.6035187
50.2429331	52.5457313	58.5120838
85.8990625	89.8360881	100.036614
454.221971627023	460.592541627023	477.098106627023
105.033812	109.847863	122.320627
78.0169806	81.5927631	90.8572787
44.9140369	46.9725963	52.3061406
31.0513044	32.4744869	36.1618331
24.5938706	25.7210894	28.6416144
20.4160175	21.3517519	23.776155
19.2794681	20.1631113	22.4525487
17.2643106	18.05559	20.1057287
17.738575	18.5515925	20.6580506
17.4812819	18.2825063	20.3584119
17.1337706	17.9190669	19.9537044
17.8604575	18.6790594	20.7999919
17.0335125	17.8142162	19.8369481
17.2748575	18.0666213	20.1180119
17.4505019	18.2503156	20.3225644
16.5465494	17.3049312	19.2698369
17.1443881	17.9301731	19.96607
16.6368581	17.3993813	19.3750094
17.4079725	18.2058381	20.2730375
16.96837	17.7460869	19.7610825
17.5273187	18.3306544	20.4120256
16.5334744	17.2912581	19.2546081
16.4034413	17.1552644	19.1031731
18.3012213	19.1400269	21.3132975
20.3291112	21.2608625	23.6749475
25.5965944	26.7697706	29.8093663
33.3368425	34.8647806	38.8235331
48.4469506	50.6674331	56.42051
79.219245	82.8501225	92.257415
576.352578706578	582.683319706578	599.085725706578
428.055772849755	432.717019849755	444.793936849755
67.7254625	70.8295431	78.8719512
43.5041206	45.4980587	50.6641763
31.40227	32.8415425	36.5705606
23.4981506	24.5751494	27.3655575
19.6950662	20.5977563	22.9365475
17.5047325	18.3070338	20.3857231
17.49277	18.2945194	20.3717888
15.9063231	16.6353619	18.5242387
15.7109475	16.4310331	18.2967094
15.2367075	15.9350544	17.7444138
15.335315	16.0381831	17.8592537
15.5958975	16.31071	18.1627231
14.9605762	15.6462694	17.4228388
15.7288838	16.4497894	18.3175956
15.9749594	16.7071438	18.6041731
16.10709	16.8453319	18.75805
15.5860644	16.3004244	18.1512719
15.8002794	16.5244594	18.4007431
15.6538244	16.3712887	18.2301837
16.0793919	16.8163638	18.7257937
12.1732544	12.7311956	14.1767719
12.2211706	12.7813056	14.2325713
13.5097019	14.1288969	15.7331762
17.5112775	18.3138781	20.3933431
23.9727856	25.0715375	27.9183075
36.9626313	38.6567531	43.0460688
54.413235	56.9071731	63.36875
60.7588562	63.543635	70.7587544
40.9385806	42.8149313	47.6763913
27.4946463	28.7548163	32.0198081
19.7846163	20.6914112	23.0408356
15.396145	16.1018006	17.9300956
13.2784137	13.8870069	15.4638213
12.0913156	12.6455006	14.0813444
11.8853619	12.4301062	13.8414937
11.8103794	12.3516881	13.7541719
11.403475	11.926135	13.2802988
11.9681344	12.5166731	13.9378938
11.5655234	12.0956119	13.4690169
11.0853973	11.5934775	12.9098694
11.551305	12.0807388	13.4524581
11.670475	12.2053713	13.5912425
11.263565	11.7798119	13.1173613
11.7974862	12.3382056	13.7391569
9.17349531	9.59394613	10.6833001
9.74551456	10.1921829	11.349465
10.5876719	11.0729405	12.3302287
12.2629081	12.8249562	14.2811775
16.39252	17.1438431	19.0904569
20.0701	20.9899806	23.3733069
25.2402881	26.397135	29.3944219
27.4768756	28.7362319	31.9991144
21.7420219	22.73853	25.3203981
17.3524669	18.1477881	20.2083944
13.3950194	14.0089575	15.5996163
10.8295073	11.3258587	12.6118625
10.0628152	10.5240257	11.7189863
9.51342581	9.94945712	11.0791761
9.21115794	9.63333581	10.7271612
8.82373137	9.22815275	10.2759714
8.72651125	9.12647606	10.1627508
8.74145594	9.14210569	10.1801546
8.89562138	9.30333719	10.3596925
8.84005056	9.24521937	10.2949747
8.90521931	9.313375	10.3708709
9.01069831	9.42368813	10.4937086
8.90452081	9.31264481	10.3700567
9.21697888	9.63942337	10.7339409
7.45950756	7.80140131	8.68721863
8.05503612	8.42422494	9.38076106
8.87237113	9.27902163	10.3326165
10.9920301	11.4958303	12.8011344
13.2855263	13.8944456	15.4721025
14.1655013	14.814755	16.4969075
13.4337269	14.04944	15.6446956
10.8613646	11.3591762	12.648965
9.23589269	9.659204	10.7559677
8.1740775	8.54872256	9.51939531
7.39828744	7.73737531	8.61592269
7.33690831	7.67318325	8.54444169
7.25042031	7.58273131	8.44371906
7.09327919	7.41838756	8.26071506
6.95125375	7.26985275	8.09531469
7.008615	7.32984319	8.16211662
7.18856425	7.51803981	8.37168263
7.26969662	7.60289062	8.46616769
6.57845063	6.87996269	7.66115412
6.93496594	7.25281825	8.07634594
8.23158581	8.60886687	9.58636881
9.47813869	9.91255381	11.0380839
8.79113256	9.1940585	10.2380059
7.58618606	7.93388606	8.83474587
6.86132462	7.17580187	7.99058462
6.39010981	6.68298969	7.44181556
6.21037888	6.49502125	7.23250419
6.09095344	6.370122	7.09342331
6.20967438	6.49428413	7.23168356
6.17486044	6.45787475	7.19113994
5.95912594	6.23225237	6.939899
6.35795419	6.64936006	7.4043675
6.51766519	6.81639138	7.59036444
6.20691744	6.49140106	7.22847288
5.71202462	5.9738255	6.652129
5.70735531	5.96894212	6.64669106
5.85425344	6.122573	6.81776637
