#?RADIANCE
genskyvec -m 1
NROWS=146
NCOLS=1
NCOMP=3
FORMAT=ascii

27.28594	28.5365456	31.7767525
29.7313563	31.09404	34.6246431
30.243155	31.6292969	35.2206744
30.3137519	31.7031319	35.3028919
29.377045	30.7234919	34.2120194
26.2516925	27.4548944	30.5722844
25.3471156	26.5088569	29.51883
24.9493881	26.0929	29.0556431
24.2690881	25.3814194	28.2633775
23.73246	24.8201962	27.6384287
28.7764806	30.0954013	33.51261
28.6873325	30.0021669	33.40879
32.7692894	34.2712163	38.1625712
34.9092312	36.5092369	40.6547112
35.981815	37.6309819	41.903825
37.9753737	39.7159094	44.2254888
37.7725175	39.5037569	43.9892475
38.0647056	39.8093363	44.3295225
35.1778162	36.7901319	40.9675006
32.2223062	33.69916	37.5255619
31.4914631	32.9348212	36.6744344
27.7553944	29.0275169	32.3234719
27.0155475	28.2537594	31.4618587
24.6377144	25.7669431	28.6926719
24.9579606	26.1018669	29.0656275
26.332445	27.5393463	30.6663269
27.1962781	28.4427737	31.6723337
29.1786806	30.5160369	33.9810069
28.2494038	29.5441662	32.8987856
29.503455	30.8556975	34.3592356
29.3328488	30.6772694	34.1605488
16.6477525	17.4107756	19.3876963
14.9992387	15.6867019	17.4678644
16.3627894	17.1127469	19.0558325
15.3738194	16.0784525	17.9040944
15.0486975	15.7384263	17.5254606
14.3593556	15.0174906	16.7226656
15.585025	16.2993394	18.1500638
16.64085	17.4035563	19.3796587
17.6842769	18.494805	20.5948156
17.9743012	18.7981231	20.9325737
20.6223063	21.5674956	24.0163969
23.1028825	24.161765	26.905235
26.4987737	27.7132981	30.8600319
29.1474656	30.4833906	33.9446537
30.5653088	31.9662187	35.5958512
30.96389	32.3830662	36.0600325
30.75518	32.1647913	35.8169731
27.55055	28.8132831	32.0849144
24.6197675	25.7481738	28.6717737
21.6840806	22.6779331	25.2529206
19.7074562	20.6107137	22.9509775
17.9951381	18.8199138	20.9568388
15.6990144	16.41855	18.2828088
15.7703569	16.4931638	18.3658969
15.4784925	16.1879231	18.0259956
15.686885	16.405865	18.2686844
15.0702069	15.7609256	17.5505138
15.8425525	16.5686694	18.4499737
15.675345	16.3937975	18.2552456
16.2484288	16.9931488	18.9226494
10.3026367	10.7748415	11.99828
9.90234106	10.3561991	11.5321038
9.95068225	10.4067546	11.5883994
10.6550705	11.1434261	12.4087156
11.0573462	11.5641419	12.8772031
11.986415	12.5357913	13.9591794
13.3926813	14.0065113	15.5968944
15.5193694	16.2306725	18.0735994
17.6028594	18.4096569	20.4999987
21.6899219	22.6840425	25.2597231
26.3564769	27.5644806	30.6943156
31.7210038	33.1748837	36.9417556
33.0183656	34.5317069	38.4526431
29.9620244	31.3352825	34.893275
24.1587044	25.2659775	28.134825
19.8693413	20.78002	23.1395069
16.1348744	16.8743906	18.7904088
14.4835456	15.1473744	16.8672969
12.3914738	12.9594163	14.4309044
11.1250913	11.6349894	12.956095
10.7209468	11.2123237	12.4854369
10.4772691	10.9574768	12.2016531
10.0026411	10.4610965	11.6489119
10.3681171	10.8433227	12.0745375
8.40186363	8.78694881	9.78467044
8.51697875	8.90733981	9.91873219
8.68308406	9.08105819	10.1121751
9.05934356	9.47456331	10.5503613
9.94864444	10.4046231	11.5860262
10.7247737	11.2163269	12.4898938
12.4644025	13.0356869	14.5158344
14.7815787	15.4590681	17.2143806
18.4879419	19.3353056	21.5307513
23.7674381	24.8567775	27.6791625
34.8510694	36.4484081	40.5869769
54.9295825	57.4471856	63.9700794
56.4365806	59.0232556	65.7251056
39.7081694	41.5281256	46.2434731
27.5148506	28.7759488	32.0433387
20.9799413	21.9415225	24.4328925
16.268675	17.0143225	18.9462275
13.5681469	14.1900206	15.8012369
11.6114837	12.1436756	13.5225406
10.3164963	10.789335	12.0144206
9.50246538	9.93799525	11.0664131
8.97217637	9.38340087	10.4488467
8.62939138	9.02490481	10.049646
8.54648331	8.93819681	9.95309244
8.30330481	8.68387294	9.66989094
8.47886912	8.86748369	9.87435025
9.02528975	9.43894844	10.5107019
9.93280912	10.3880621	11.5675838
11.3559625	11.8764425	13.224965
14.7581894	15.4346069	17.1871431
19.776975	20.6834188	23.031935
36.4487212	38.1192875	42.4475762
2624.55464692602	2627.74915502602	2636.02584872602
5466.39502957883	5470.92858117883	5482.67463717883
56.5741037	59.1670825	65.8852619
27.9607456	29.2422794	32.5626194
17.5720106	18.3773925	20.4640706
13.0030794	13.5990525	15.1431713
11.0013338	11.5055612	12.81197
9.57509419	10.0139518	11.1509956
8.73847619	9.13898938	10.176684
8.38326562	8.76749856	9.76301175
9.07561356	9.49157919	10.5693088
9.80988469	10.2595037	11.4244275
11.1045679	11.6135269	12.9321937
14.0169025	14.6593425	16.3238506
21.0122531	21.9753131	24.4705206
45.2075137	47.2795231	52.64792
2831.23099990879	2834.40209430879	2842.61812930879
37.8916844	39.6283856	44.1280263
18.9331831	19.8009538	22.0492719
13.1075806	13.7083438	15.2648688
10.1519802	10.6172799	11.8228281
9.5103995	9.94629188	11.0756531
11.3106194	11.8290225	13.17216
13.1483862	13.75102	15.3123906
18.9033919	19.7697963	22.0145744
27.8897025	29.1679794	32.4798837
17.2006781	17.9890412	20.0316244
12.5508969	13.1261462	14.6165681
15.3657387	16.0699987	17.8946819
