#?RADIANCE
genskyvec -m 1
NROWS=146
NCOLS=1
NCOMP=3
FORMAT=ascii

26.61453	27.8343625	30.99484
27.4352619	28.6927119	31.9506519
29.0767944	30.4094781	33.8623531
29.8828669	31.2524981	34.8010912
29.5955919	30.9520575	34.4665369
26.6863156	27.9094375	31.0784406
25.5362944	26.7067069	29.7391444
24.5918925	25.7190194	28.6393075
22.7683344	23.8118819	26.5156244
21.0516725	22.0165394	24.5164287
25.0335194	26.1808875	29.1536194
23.7333894	24.82117	27.6395119
27.0612644	28.3015706	31.5150981
28.9382612	30.2645988	33.7010181
30.2624337	31.6494606	35.2431275
33.2346975	34.7579556	38.7045769
34.6192525	36.2059675	40.3170069
36.5861169	38.2629794	42.6075831
35.5694894	37.1997562	41.4236369
34.0194888	35.5787144	39.6185319
33.528605	35.0653312	39.0468563
29.9141919	31.2852587	34.8375719
28.4258688	29.7287206	33.104295
25.3974787	26.5615281	29.5774812
24.5531481	25.6785006	28.5941906
24.4711188	25.5927131	28.4986575
24.2604869	25.3724231	28.2533581
25.4877444	26.6559325	29.6826044
24.5941925	25.7214262	28.6419875
25.97168	27.1620462	30.2461875
26.4464963	27.6586263	30.7991519
15.4554313	16.1638038	17.9991388
14.2318681	14.8841606	16.5741969
15.8493456	16.5757725	18.4578837
15.0466769	15.7363144	17.5231094
14.6106725	15.2803281	17.0153475
13.5062288	14.1252662	15.7291319
14.3527175	15.0105487	16.714935
14.6653212	15.3374819	17.0789894
14.66542	15.3375838	17.079105
14.137035	14.7849819	16.4637562
15.9253669	16.65528	18.5464181
17.6423781	18.450985	20.5460194
20.4895913	21.4286969	23.8618381
22.9070812	23.9569888	26.6772062
25.0255319	26.1725356	29.1443212
27.6759937	28.9444762	32.2310037
29.8306587	31.1978956	34.7402906
29.3703025	30.71644	34.2041669
27.5035425	28.7641206	32.0301675
24.6905862	25.8222369	28.7542456
22.3392744	23.3631575	26.0159481
20.0739987	20.9940569	23.3778456
17.16647	17.9532656	19.9917869
16.4285081	17.1814806	19.1323663
15.3516913	16.0553112	17.8783256
14.8828088	15.5649375	17.3322725
13.8584419	14.4936212	16.1393131
14.2443663	14.8972338	16.588755
14.1094275	14.7561088	16.4316038
14.7665569	15.4433556	17.1968869
9.58340288	10.0226427	11.1606733
9.21474394	9.6370865	10.731336
9.21805612	9.640551	10.7351957
9.77546262	10.2235046	11.3843412
9.75749637	10.2047136	11.3634175
10.0522464	10.5129738	11.7066781
10.6762963	11.1656288	12.4334381
11.8610419	12.4046712	13.8131712
12.9804781	13.5754169	15.11685
15.5608344	16.2740394	18.1218906
18.3649731	19.2067	21.3875425
23.3925788	24.4647381	27.2426094
28.9577006	30.2849275	33.7236562
32.5884819	34.0821194	37.9520044
29.9519219	31.3247194	34.8815113
24.5928913	25.7200662	28.6404731
19.1455838	20.0230894	22.2966281
16.5574644	17.31635	19.2825488
13.6507431	14.2764	15.8974294
11.8307537	12.3729981	13.7779006
10.8188477	11.3147112	12.5994494
10.1405311	10.6053044	11.8094931
9.43693675	9.86946206	10.9901
9.61679469	10.0575651	11.1995591
7.77538638	8.13175819	9.055086
7.75923756	8.114869	9.03627913
7.71098325	8.06440325	8.98008294
7.8684715	8.22910938	9.16349106
8.29567856	8.675897	9.6610095
8.64747988	9.04382256	10.0707112
9.563027	10.0013317	11.1369425
10.8448512	11.341905	12.6297331
12.6896306	13.2712381	14.7781331
15.1057056	15.7980494	17.5918538
19.7276081	20.6317888	22.9744438
29.8937237	31.2638519	34.8137344
40.6096781	42.4709531	47.293355
51.0216225	53.3601119	59.4189337
43.3176356	45.3030263	50.4469988
31.5706294	33.017615	36.7666306
21.4058562	22.3869594	24.9289056
16.2229094	16.96646	18.8929312
13.0350412	13.6324819	15.1803931
11.1099894	11.6191969	12.9385081
9.85380487	10.3054383	11.4755775
8.92440894	9.33344412	10.3932189
8.33217662	8.71406788	9.70351463
8.06773981	8.43751069	9.39555556
7.65504006	8.00589581	8.91493256
7.53320919	7.87848113	8.77305025
7.70576556	8.05894619	8.97400644
8.11889669	8.49101275	9.4551325
8.87784925	9.28475037	10.3389952
10.6216356	11.1084606	12.3697812
12.785905	13.3719269	14.8902544
18.5985419	19.4509737	21.6595531
29.312085	30.655555	34.1363663
2413.4603408219	2416.4347908219	2424.1413252219
6457.24897138631	6461.99799738631	6474.30231838631
51.6901106	54.0592387	60.1974444
25.1249106	26.2764687	29.2600537
15.4274525	16.134545	17.9665569
11.9997213	12.5497075	13.9746756
9.89517662	10.3487062	11.5237581
8.64892212	9.04533063	10.072391
7.990312	8.35653444	9.30538469
8.23699375	8.61452237	9.59266612
8.44927138	8.8365295	9.83988144
8.97256513	9.38380769	10.4493002
10.4053802	10.8822937	12.1179344
13.6193269	14.2435456	15.8608406
23.96448	25.0628512	27.9086362
50.1469912	52.4453931	58.400355
2051.21113825982	2053.69699145982	2060.13762895982
25.2304169	26.3868087	29.3829237
14.5852588	15.2537494	16.9857494
10.2698112	10.7405106	11.9600519
9.07070531	9.48644569	10.5635939
10.1403188	10.6050832	11.8092456
10.8647676	11.3627356	12.65293
14.2141225	14.8656038	16.5535319
22.0813375	23.0933975	25.7155581
16.9832294	17.7616275	19.7783863
12.1556662	12.7127994	14.156285
13.3346537	13.9458256	15.529315
