#?RADIANCE
genskyvec -m 1
NROWS=146
NCOLS=1
NCOMP=3
FORMAT=ascii

6.24766463	6.53401575	7.27592631
22.6006644	23.6365281	26.3203581
22.4888019	23.5195369	26.1900844
23.4214956	24.4949794	27.2762831
25.7024156	26.8804425	29.9326075
30.4528106	31.8485631	35.4648381
38.4588119	40.2215087	44.7884944
50.1204081	52.4175913	58.3693937
73.955305	77.3449212	86.1271194
106.179497	111.046054	123.654891
109.470549	114.487934	127.487574
108.628592	113.607391	126.507052
72.415695	75.734745	84.3341112
50.6515594	52.9730856	58.9879644
38.0768013	39.8219881	44.3436125
30.0968213	31.4762575	35.0502562
26.03497	27.2282387	30.3198931
23.4800363	24.5562063	27.3444631
22.5289006	23.5614744	26.2367831
22.2800512	23.3012169	25.9469762
23.4808912	24.5570969	27.3454563
24.5690937	25.6951756	28.6127581
25.1972956	26.35217	29.34435
25.5657363	26.7374988	29.7734313
27.1619037	28.406825	31.6323025
26.7060531	27.9300794	31.101425
27.3095775	28.5612663	31.8042825
26.1957713	27.3964094	30.5071594
25.1886288	26.3431075	29.3342606
23.6823656	24.7678075	27.5800888
22.7534263	23.7962906	26.4982625
16.80279	17.5729156	19.5682494
15.9844944	16.7171156	18.6152756
18.262035	19.0990431	21.2676619
20.0861237	21.0067369	23.3919669
25.0672275	26.2161425	29.1928775
31.6349594	33.084895	36.8415494
44.5666044	46.60924	51.9015269
68.9294588	72.088725	80.2741037
112.625549	117.787557	131.161846
1735.76975244784	1742.83594044784	1761.14380944784
113.556851	118.761532	132.246433
70.4715844	73.7015281	82.070035
47.6960231	49.8820906	55.5459969
32.6742494	34.1718194	38.0518894
24.8646831	26.0043131	28.9569975
19.9907044	20.906945	23.2808431
19.2885256	20.1725831	22.4630962
16.4742125	17.22928	19.1855938
16.17881	16.9203381	18.8415744
15.7178994	16.4383031	18.3048044
16.4787031	17.2339769	19.190825
17.6143969	18.4217238	20.5134362
17.0394187	17.8203913	19.8438238
19.1034819	19.9790569	22.2475975
19.6208612	20.52015	22.8501294
19.7892175	20.6962213	23.0461925
18.2276175	19.0630481	21.2275794
17.9753562	18.799225	20.9338
16.8709462	17.6441969	19.6476231
16.7684	17.53695	19.5282
11.0842949	11.5923232	12.9085856
11.0808124	11.5886825	12.9045306
12.4991894	13.0720675	14.5563481
16.6879444	17.4528069	19.4345019
23.3349687	24.404485	27.1755169
37.6239512	39.3483806	43.8162269
65.5287469	68.5321462	76.3136875
1678.97352685914	1684.30026885914	1698.10137485914
952.365667461195	956.110646761195	965.813566761194
46.3433706	48.4674413	53.9707194
28.9399963	30.2664112	33.70304
19.0535331	19.9268194	22.1894281
14.4301506	15.0915312	16.8051138
11.9963087	12.5461406	13.9707025
11.2417843	11.7570318	13.0919938
11.1236314	11.6334634	12.9543969
10.9278136	11.4286692	12.7263494
11.9817532	12.5309171	13.9537519
11.808636	12.349865	13.75214
11.2626844	11.7788906	13.1163344
11.8443006	12.3871644	13.793675
11.7203861	12.2575688	13.649365
10.7389427	11.2311435	12.5063937
11.0265224	11.5319049	12.841305
8.152251	8.52589556	9.49397619
8.80788444	9.211579	10.2575161
9.96810963	10.42498	11.6086937
12.0116794	12.5622156	13.9886038
17.2847031	18.0769188	20.1294781
22.844485	23.8915219	26.6043075
35.397335	37.0197119	41.2231494
46.7359431	48.8780056	54.4279037
38.7616987	40.5382756	45.1412313
28.1789437	29.4704775	32.81673
18.8706456	19.73555	21.9764412
13.1853894	13.7897188	15.3554844
11.0581911	11.565025	12.8781869
9.36742725	9.79676619	10.9091496
8.55040244	8.9422955	9.95765744
8.00340919	8.37023163	9.32063731
7.90266756	8.26487281	9.20331494
8.01663131	8.38406006	9.33603531
8.32533825	8.706916	9.69555081
8.314687	8.69577656	9.68314681
8.35550275	8.73846281	9.73067987
8.32869738	8.71042919	9.69946281
8.04219463	8.41079494	9.36580612
8.22072456	8.59750738	9.57371925
6.69110594	6.9977815	7.79235075
7.53169719	7.87689969	8.77128956
8.89304944	9.30064806	10.3566984
12.1203112	12.675825	14.1151131
16.5685631	17.3279562	19.2954731
20.8711019	21.8276925	24.3061381
20.8021631	21.7555938	24.2258512
15.3216006	16.0238406	17.8432819
11.5647177	12.094767	13.4680775
8.86647862	9.27285894	10.3257542
7.31195275	7.64708362	8.5153785
6.768878	7.079118	7.882923
6.4918895	6.78943425	7.56034681
6.33137331	6.62156088	7.37341213
6.20801163	6.49254512	7.229747
6.24366962	6.52983756	7.27127394
6.37464237	6.66681325	7.42380262
6.42506831	6.71955044	7.48252781
6.1050435	6.38485781	7.10983219
6.93429281	7.25211419	8.07556231
9.23229206	9.65543825	10.7517747
12.1274236	12.683265	14.1233975
11.5583941	12.0881534	13.4607131
9.1834705	9.60437944	10.6949178
7.36953888	7.70730919	8.5824425
6.24301938	6.52915756	7.27051656
5.67088319	5.93079825	6.60421619
5.46307125	5.71346162	6.36220194
5.52081494	5.77385212	6.42944944
5.564498	5.81953731	6.48032187
5.79191237	6.05737481	6.74516494
6.74321306	7.05227675	7.853034
7.29497025	7.62932287	8.49560125
6.61525531	6.91845438	7.70401656
5.49960594	5.751671	6.40474956
5.32578156	5.56987981	6.20231675
5.945461	6.21796106	6.92398513
