#?RADIANCE
genskyvec -m 1
NROWS=146
NCOLS=1
NCOMP=3
FORMAT=ascii

23.3158469	24.38449	27.1532488
32.16928	33.6437038	37.4638081
35.9615775	37.6098156	41.880255
38.5590419	40.3263281	44.9052188
39.9263513	41.7563063	46.497565
37.45999	39.1769044	43.6252813
36.5759475	38.2523431	42.5957406
34.9487081	36.5505225	40.7006844
31.2303225	32.6617106	36.3703144
27.5488719	28.8115256	32.0829587
30.9581781	32.3770913	36.0533781
27.0408769	28.2802494	31.4913563
29.5703012	30.925605	34.4370806
30.6771975	32.0832331	35.7261538
31.9905325	33.4567644	37.2556437
36.4949069	38.16759	42.5013638
40.0938412	41.9314756	46.6926219
45.4371931	47.5197287	52.9153988
48.3172456	50.5317831	56.2694606
51.5398619	53.902105	60.0224706
52.6980494	55.1133763	61.3712725
48.9688731	51.2132806	57.0283375
45.0573531	47.1224831	52.4730469
39.4847175	41.2944319	45.9832456
36.4186213	38.0878069	42.4125219
33.065575	34.5810825	38.5076225
30.6103019	32.0132719	35.6482494
30.0161269	31.3918656	34.9562825
27.9815256	29.2640119	32.5868206
29.0392675	30.3702325	33.8186475
30.1895169	31.5732025	35.15821
18.3914256	19.2343663	21.41835
17.5256031	18.3288594	20.4100263
20.2234994	21.15041	23.55195
19.9181987	20.8311169	23.1964037
19.8352619	20.7443775	23.0998175
18.2537025	19.0903294	21.2579569
19.326875	20.2126894	22.5077569
19.0366463	19.9091594	22.1697625
17.556085	18.3607387	20.4455238
15.2902244	15.9910269	17.8067425
16.3209806	17.0690244	19.0071437
17.3300056	18.1242969	20.1822362
19.9773294	20.8929569	23.265265
22.4659581	23.4956469	26.1634819
25.1917537	26.346375	29.3378975
29.883155	31.2528	34.8014262
35.8565269	37.49995	41.7579163
41.3977544	43.29515	48.2111394
46.1947381	48.3119944	53.7976237
45.960865	48.0674031	53.5252619
41.7133187	43.6251769	48.5786387
35.4779256	37.103995	41.3170012
28.95649	30.2836625	33.7222475
25.8076819	26.9905356	30.0551987
22.5969444	23.6326363	26.316025
20.513235	21.4534238	23.8893738
17.8577506	18.6762281	20.7968387
17.2413575	18.0315863	20.079
16.610925	17.3722581	19.3448069
17.2501769	18.0408119	20.0892719
11.6781644	12.2134131	13.6001962
11.3281169	11.847325	13.1925381
11.5024075	12.0296013	13.3955125
12.4256356	12.9951444	14.4706894
12.1944044	12.753315	14.2014019
11.9883156	12.5377806	13.9613919
11.8519981	12.3952144	13.8026394
12.1800306	12.7382825	14.1846612
12.5078694	13.0811444	14.5664562
14.4870513	15.1510419	16.8713806
16.7354031	17.5024425	19.4897712
21.3182181	22.2953031	24.8268431
27.8770663	29.1547662	32.46517
38.7386194	40.5141388	45.1143538
53.4801137	55.9312856	62.2820544
57.6749137	60.3183469	67.1672475
43.9432875	45.9573538	51.1756231
32.2723737	33.7515225	37.5838706
23.3293925	24.3986556	27.1690231
18.7005862	19.5576937	21.7783931
15.7323469	16.4534138	18.3216312
13.7496012	14.3797912	16.0125575
12.0595569	12.6122869	14.04436
11.7790825	12.3189569	13.7177225
9.54847725	9.98611506	11.1199981
9.39227494	9.82275356	10.9380875
9.19282769	9.61416519	10.7058138
9.26599406	9.69068487	10.7910238
9.45608625	9.889491	11.0124013
9.47346019	9.90765925	11.0326344
9.77303894	10.2209699	11.3815181
10.537545	11.0205156	12.2718481
11.7077669	12.2443713	13.6346694
13.3773281	13.9904556	15.5790137
16.150115	16.8903294	18.8081575
20.9220544	21.8809819	24.3654756
27.4702469	28.7292994	31.9913938
47.506675	49.6840637	55.3254856
2375.82991351454	2379.66987351454	2389.61887601454
3180.740924229	3185.74189922899	3198.698935229
66.2397206	69.2757062	77.1416812
37.6858994	39.4131694	43.8883731
23.9014594	24.9969419	27.8352444
17.8988856	18.7192525	20.8447456
14.6631131	15.3351719	17.0764181
12.364835	12.9315556	14.3998812
10.955065	11.45717	12.7580856
10.1966651	10.6640125	11.8748675
9.39328669	9.82381131	10.9392669
8.86476038	9.27106169	10.3237531
8.70057425	9.09935038	10.1325456
8.78160006	9.18408975	10.2269056
9.14610825	9.565305	10.6514062
10.1910809	10.6581725	11.8683625
11.5602944	12.0901419	13.4629269
14.658165	15.3299963	17.070655
18.7960706	19.657555	21.88959
30.1873588	31.570945	35.1556981
51.9939375	54.3769925	60.5512781
4689.95285758348	4694.92971358348	4707.82431058348
75.2075375	78.6545456	87.5854463
31.4930619	32.9364931	36.6762987
19.8786812	20.7897881	23.1503819
14.53622	15.2024625	16.9286406
11.7752394	12.3149381	13.7132488
10.2564623	10.72655	11.9445062
9.88877094	10.3420066	11.5162969
9.52701838	9.96367319	11.0950075
9.47580125	9.91010844	11.03536
10.2526827	10.7225964	11.9401031
12.2040487	12.7634006	14.2126331
16.8837775	17.6576162	19.6625663
26.2997544	27.5051587	30.6282575
39.2720313	41.0719994	45.7355563
40.7217369	42.5881475	47.4238575
22.7451988	23.7876863	26.48868
14.3633687	15.02169	16.7273406
11.5905387	12.1217713	13.4981488
11.7940387	12.3345981	13.7351425
11.5554362	12.0850612	13.4572694
13.5041544	14.1230931	15.7267125
18.4885775	19.3359706	21.5314894
19.137885	20.0150381	22.2876638
15.0860944	15.77754	17.5690144
14.2186231	14.87031	16.5587725
