#?RADIANCE
genskyvec -m 1
NROWS=146
NCOLS=1
NCOMP=3
FORMAT=ascii

15.6587856	16.3764806	18.2359625
24.3077619	25.4218662	28.3084144
26.2818213	27.4864031	30.6073725
28.0017256	29.2851369	32.610345
29.36003	30.7056956	34.1922025
28.8457975	30.1678963	33.5933356
28.9664869	30.294115	33.7338894
28.6392106	29.95184	33.3527488
26.5973556	27.8163994	30.9748375
24.6229313	25.7514825	28.6754575
26.6247544	27.8450531	31.0067462
23.662415	24.7469425	27.556855
24.4836075	25.6057731	28.5132031
24.2642875	25.3763981	28.257785
24.4383369	25.5584281	28.4604831
27.2741487	28.5242131	31.7630206
30.6597319	32.0649687	35.705815
35.9108275	37.5567387	41.8211525
42.7796694	44.7404019	49.8204919
54.1852344	56.6687213	63.1032231
61.2427938	64.0497525	71.3223406
65.5643231	68.5693531	76.3551219
58.0999156	60.762825	67.662195
49.9772169	52.2678375	58.2026369
41.8295644	43.7467525	48.7140175
33.8616725	35.413665	39.43474
29.5641325	30.9191544	34.4298975
26.8520781	28.0827962	31.2714837
24.1615925	25.2689987	28.1381894
23.5308844	24.6093825	27.4036763
23.4232863	24.4968537	27.27837
15.6003425	16.3153587	18.1679006
14.8494875	15.5300906	17.2934681
16.8130281	17.5836256	19.5801744
16.869025	17.6421869	19.6453856
17.2163156	18.005395	20.0498338
16.3823781	17.133235	19.0786438
17.5698375	18.3751213	20.4615413
17.6486975	18.4575962	20.5533812
16.4751819	17.2302938	19.186725
14.0496863	14.69363	16.3620325
14.4079144	15.0682769	16.7792169
14.4557187	15.1182719	16.8348894
15.8436775	16.5698469	18.4512831
16.9733675	17.7513106	19.7668994
18.6736044	19.5294763	21.74697
22.6132731	23.6497131	26.3350425
28.9562406	30.2834012	33.7219575
37.171585	38.8752838	43.2894113
51.3533006	53.7069931	59.8052025
64.7306944	67.6975156	75.3842919
70.0375375	73.2475887	81.5645525
59.6776175	62.4128412	69.4995656
44.5853981	46.6288906	51.9234125
33.7746019	35.3226025	39.3333394
26.415135	27.6258288	30.76263
22.1804406	23.1970438	25.8309719
18.0884169	18.9174694	21.0654719
16.4804138	17.2357663	19.1928162
15.1873569	15.8834425	17.6869431
15.1509437	15.8453631	17.6445369
10.4895299	10.9702998	12.2159319
10.1367514	10.6013508	11.8050931
10.310618	10.783189	12.0075756
11.2296603	11.7443525	13.0778762
11.2271611	11.7417388	13.0749656
11.1556438	11.6669431	12.9916763
10.9098443	11.4098794	12.7054238
10.7863974	11.280775	12.5616606
10.3157027	10.7885045	12.0134956
11.0869957	11.5951494	12.9117306
12.0566069	12.6092	14.0409231
14.8541744	15.53499	17.2989244
19.2962019	20.18061	22.4720356
27.2293481	28.4773606	31.7108456
44.1708512	46.1953456	51.44064
71.6401844	74.9236906	83.4309688
1609.89730952851	1613.96070262851	1624.48861012851
60.5345588	63.3090562	70.4975413
34.7983531	36.3932781	40.5255844
23.3588306	24.42944	27.2033038
17.1318362	17.9170456	19.9514519
13.84945	14.4842156	16.1288394
11.4761356	12.0021262	13.3649194
10.8507919	11.3481197	12.6366519
8.53000581	8.92096438	9.9339035
8.36600962	8.74945137	9.74291531
8.17964881	8.55454906	9.52588344
8.28652031	8.66631863	9.65034319
8.46525394	8.85324431	9.85849362
8.38925462	8.77376219	9.76998612
8.30039538	8.68082994	9.66650269
8.51754762	8.90793519	9.91939444
8.76131837	9.16287838	10.2032854
9.45242025	9.88565625	11.0081325
10.7842514	11.2785287	12.55916
13.1543975	13.7573056	15.31939
16.5337763	17.2915713	19.2549588
25.6949656	26.8726519	29.92393
42.2253325	44.1606581	49.1749181
1866.92762477954	1870.04985787954	1878.13929167954
4763.66536336684	4768.03098656684	4779.34191926684
60.9383675	63.7313738	70.9678094
34.2651806	35.8356675	39.9046613
21.7149506	22.71022	25.2888738
15.6340681	16.35063	18.2071769
12.0403431	12.5921919	14.021985
10.1726919	10.6389413	11.8469494
9.28754137	9.71321963	10.8161163
8.020281	8.38787687	9.34028606
7.51683331	7.86135456	8.75397925
7.28138056	7.61511044	8.47977494
7.30135663	7.63600181	8.50303863
7.37399194	7.71196637	8.58762875
7.61495831	7.96397694	8.86825381
8.14700087	8.52040481	9.48786175
9.56736438	10.0058686	11.1419931
11.5132706	12.0409606	13.4081613
16.139405	16.8791275	18.7956831
22.5840719	23.6191762	26.3010362
38.5245925	40.2903012	44.8650994
51.99424	54.3773069	60.5516294
34.3624956	35.9374425	40.0179919
21.4268638	22.4089269	24.9533687
14.2336331	14.8860062	16.5762525
10.7237911	11.2152969	12.4887488
8.931263	9.34061244	10.4012
7.98152131	8.3473405	9.29514719
7.42053081	7.76063825	8.641827
7.21061719	7.54110362	8.39736488
7.43829156	7.77921313	8.66251094
8.25058412	8.62873569	9.60849288
10.4403492	10.9188662	12.1586575
14.2996194	14.95502	16.6531006
19.5397825	20.4353544	22.755705
25.4501469	26.6166119	29.6388187
19.289265	20.1733556	22.4639587
12.7298838	13.3133369	14.8250119
9.55959613	9.99774456	11.1329469
8.89389575	9.301533	10.3576823
8.27926681	8.65873275	9.64189644
9.09937087	9.51642462	10.5969763
11.6055206	12.1374381	13.5155962
13.2866244	13.8955944	15.4733825
11.5837355	12.1146569	13.490225
9.97742625	10.4347248	11.619545
