#?RADIANCE
genskyvec -m 1
NROWS=146
NCOLS=1
NCOMP=3
FORMAT=ascii

23.6187063	24.70123	27.5059525
31.9539569	33.4185113	37.2130481
35.5870569	37.2181294	41.4440938
38.0323663	39.7755162	44.2918625
39.2390675	41.0375213	45.6971656
36.6916787	38.3733769	42.7305187
35.7262619	37.3637156	41.6062119
34.1194125	35.6832169	39.7349006
30.5130687	31.9115812	35.5350131
26.9815106	28.2181638	31.4222206
30.424725	31.81919	35.43213
26.7517181	27.9778375	31.1546056
29.3844438	30.73123	34.2206369
30.6137675	32.0168963	35.652285
31.98315	33.4490444	37.2470481
36.4258969	38.0954169	42.420995
39.9221425	41.7519056	46.4926644
44.9936356	47.0558413	52.3988387
47.553045	49.7325581	55.3794862
50.1980869	52.4988331	58.4598594
51.0658313	53.4063469	59.4704194
47.2478319	49.4133556	55.0240406
43.5499712	45.54601	50.7175725
38.2221912	39.97404	44.5129287
35.3706712	36.9918269	41.1920975
32.3028225	33.7833687	37.6193313
30.066565	31.4446131	35.0150206
29.6561981	31.01544	34.5371163
27.7657687	29.0383675	32.3355544
28.8874394	30.2114475	33.6418344
30.0268219	31.4030487	34.9687356
18.2518831	19.0884281	21.2558413
17.3501125	18.1453263	20.2056512
19.9692113	20.8844662	23.2558106
19.6031056	20.5015806	22.8294519
19.4633837	20.355455	22.6667337
17.8897575	18.7097038	20.8341131
18.9272094	19.7947081	22.0423138
18.6653375	19.5208319	21.7373425
17.2932337	18.08584	20.1394131
15.1773788	15.8730081	17.675325
16.2864663	17.0329287	18.9669488
17.380515	18.1771213	20.2410606
20.0831725	21.0036494	23.38853
22.6085625	23.6447881	26.3295569
25.3363844	26.497635	29.5063319
29.9656206	31.3390456	34.897465
35.7294931	37.3670944	41.6099744
40.8425306	42.71448	47.5645331
44.7763338	46.8285837	52.1457744
43.9342431	45.9478944	51.1650869
39.719975	41.5404731	46.2572244
33.9577706	35.5141656	39.546655
27.8620562	29.1390656	32.4476863
25.0006206	26.1464806	29.1153063
21.9989038	23.007185	25.6195581
20.0626856	20.982225	23.3646687
17.5583025	18.3630587	20.4481075
17.0426681	17.8237887	19.8476069
16.4709938	17.2259138	19.1818456
17.1307075	17.915865	19.9501356
11.5613662	12.0912625	13.4641744
11.20487	11.7184281	13.0490056
11.3563769	11.8768769	13.2254481
12.2373612	12.7982388	14.2514275
12.0042313	12.5544237	13.9799269
11.8233094	12.3652112	13.7692294
11.7428469	12.28106	13.675525
12.1457963	12.7024781	14.1447925
12.5540056	13.1293994	14.6201887
14.6028544	15.2721525	17.0062437
16.9066044	17.6814894	19.6891513
21.5596044	22.5477519	25.1079581
28.21445	29.5076113	32.8580794
38.9866294	40.773515	45.4031812
52.3084944	54.7059644	60.9176044
54.312245	56.8015563	63.2511381
40.9572444	42.8344506	47.6981269
30.5606444	31.9613412	35.5904194
22.4293975	23.45741	26.1209044
18.1266494	18.9574519	21.1099937
15.3537444	16.0574575	17.8807144
13.4890569	14.107305	15.7091313
11.8886831	12.43358	13.8453638
11.6528969	12.1869862	13.5707694
9.44713263	9.88012663	11.0019731
9.29804737	9.724208	10.8283519
9.10221731	9.51940213	10.6002919
9.174259	9.59474569	10.6841894
9.3724035	9.80197131	10.9149462
9.41206931	9.8434555	10.9611394
9.76170744	10.2091185	11.3683244
10.5716131	11.056145	12.311525
11.80182	12.3427362	13.7442025
13.5237363	14.1435713	15.7495169
16.3860681	17.1370956	19.0829425
21.3973356	22.378045	24.9189812
28.2846037	29.5809813	32.93978
49.1396581	51.3918919	57.2272294
2342.47698970759	2346.34171850759	2356.35488970759
2763.39599759062	2768.03408959062	2780.05100259062
60.4867119	63.2590187	70.4418194
35.2370419	36.8520725	41.0364744
22.8531106	23.900545	26.614355
17.3353069	18.1298419	20.1884113
14.3020031	14.9575119	16.6558756
12.1268263	12.6826381	14.1227
10.7866044	11.2809906	12.5618994
10.0682234	10.5296831	11.725285
9.29989963	9.72614506	10.8305081
8.79687575	9.20006544	10.2446944
8.65355575	9.05017675	10.0777881
8.75322219	9.15441144	10.1938569
9.14698169	9.56621781	10.6524231
10.2486575	10.7183869	11.9354169
11.6684356	12.2032394	13.5888662
14.8845425	15.56675	17.33429
19.2612175	20.1440206	22.4312925
31.5810112	33.0284737	36.7787206
55.5537687	58.0999819	64.6969969
5201.7018237158	5206.7997117158	5220.0079217158
70.481615	73.7120244	82.081725
30.103155	31.4828819	35.0576338
19.2727575	20.15609	22.4447325
14.2172481	14.868875	16.5571731
11.5773506	12.1079806	13.4827906
10.1252492	10.5893225	11.7916981
9.81330125	10.2630774	11.4284094
9.49272394	9.92780681	11.0550687
9.47825206	9.91267194	11.038215
10.3005857	10.772695	11.9958906
12.3240981	12.8889525	14.3524375
17.2449	18.0352906	20.0831244
27.3902706	28.6456569	31.8982544
41.0657537	42.9479331	47.824495
40.648765	42.5118325	47.3388769
22.3321969	23.3557544	26.0077044
14.1248675	14.7722575	16.4495875
11.4629037	11.9882856	13.3495075
11.7482225	12.2866819	13.6817856
11.5714856	12.1018456	13.4759606
13.6133087	14.2372538	15.8538356
18.8241587	19.6869325	21.9223038
19.2216444	20.1026362	22.3852075
14.9994069	15.6868787	17.46806
14.2626925	14.9163988	16.6100938
