#?RADIANCE
genskyvec -m 1
NROWS=146
NCOLS=1
NCOMP=3
FORMAT=ascii

1.52464194	1.59452125	1.77557256
11.8648936	12.4087025	13.8176581
12.3748642	12.9420454	14.4115606
13.3200887	13.9305914	15.5123525
15.4437419	16.1515794	17.9855269
20.3147525	21.245845	23.6582238
27.8950525	29.1735744	32.4861131
38.7449506	40.5207612	45.121725
63.4566156	66.3650413	73.90052
380.299971805574	384.755033905574	396.297728905574
175.560765938556	178.564738438556	186.347764738556
47.8656344	50.0594763	55.7435231
29.3830263	30.7297481	34.2189856
21.0091913	21.9721106	24.4669537
16.8322325	17.6037094	19.6025369
13.7607243	14.391425	16.0255119
12.7981441	13.3847237	14.9045031
11.2186506	11.7328387	13.0650538
11.5848173	12.1157894	13.4914863
11.5447374	12.0738724	13.44481
11.3790322	11.9005718	13.2518326
12.1588306	12.7161106	14.1599719
11.7443017	12.2825829	13.6772196
12.1241419	12.6798326	14.1195762
12.2703163	12.8327056	14.2898062
11.5934785	12.1248465	13.5015725
11.8483163	12.3913626	13.7983525
11.3246238	11.8436707	13.1884703
11.6860745	12.2216855	13.6094094
11.2512197	11.7669001	13.1029837
11.5642802	12.0943103	13.4675681
11.8119188	12.3532981	13.755965
12.1594813	12.7167912	14.1607306
13.7796137	14.4111787	16.0475094
15.9949506	16.7280525	18.627455
20.8074625	21.7611388	24.2320269
27.16768	28.412865	31.6390281
37.9281037	39.6664731	44.1704388
57.0657719	59.6812856	66.4578513
214.031234379599	217.658918779599	227.057931879599
57.1043344	59.7216144	66.50276
41.9596781	43.88283	48.8655437
29.4606381	30.8109181	34.30937
22.2928981	23.314655	25.9619394
17.1155269	17.8999875	19.9324563
14.3928175	15.0524881	16.7616375
12.62344	13.2020131	14.7010487
12.2483169	12.809695	14.264185
11.2969381	11.8147137	13.1562263
11.2084988	11.7222231	13.0532331
11.0843038	11.5923325	12.9085937
11.2772631	11.7941387	13.1333144
11.5897856	12.1209831	13.4972719
11.37992	11.9014994	13.2528637
11.8352394	12.3776881	13.783125
11.9570919	12.5051256	13.92503
11.9255956	12.4721862	13.8883506
11.4837462	12.010085	13.3737831
11.4146406	11.93781	13.2932987
11.2347025	11.7496256	13.0837481
11.4424256	11.9668694	13.3256594
9.59054775	10.0301137	11.1689925
9.91527444	10.3697244	11.5471631
11.3498944	11.8700969	13.2178975
14.9853962	15.6722262	17.4517431
20.3054588	21.2361244	23.6473994
29.0487662	30.380165	33.8297106
37.6617463	39.38791	43.8602456
38.2497013	40.0028119	44.5449663
27.8336494	29.1093563	32.4146044
20.2713075	21.20041	23.6076275
15.35288	16.0565506	17.8797069
12.0851181	12.6390181	14.0741275
10.3537383	10.8282845	12.0577925
9.39467994	9.82526881	10.9408894
9.17295075	9.59337763	10.6826658
9.17356925	9.59402444	10.6833864
9.05896175	9.47416369	10.5499162
9.521123	9.95750669	11.0881407
9.35123013	9.77982819	10.8902868
9.03422087	9.44828788	10.5211026
9.2612335	9.68570563	10.7854784
9.23054281	9.65360869	10.7497369
8.87577931	9.28258612	10.336585
9.17279481	9.59321431	10.6824851
7.77616606	8.13257344	9.05599388
8.39951356	8.78449094	9.78193344
9.42965112	9.86184381	10.9816144
11.0237444	11.5289979	12.8380706
14.4866031	15.1505725	16.8708569
17.0994225	17.8831444	19.9137025
19.915225	20.8280062	23.1929406
20.6612563	21.6082287	24.0617556
16.8993325	17.6738825	19.6806806
14.0224262	14.6651225	16.330285
11.1989471	11.7122316	13.0421075
9.19446587	9.61587806	10.7077217
8.46305738	8.85094719	9.85593669
7.88118625	8.24240681	9.17829844
7.60050438	7.94886062	8.85142125
7.35695894	7.69415256	8.56779187
7.34230862	7.67883106	8.55073069
7.40901962	7.74859944	8.62842144
7.55847569	7.90490575	8.80247556
7.52178344	7.8665315	8.75974425
7.53084494	7.87600862	8.770297
7.53673831	7.88217194	8.77716025
7.43657613	7.77741906	8.66051325
7.65217894	8.00290363	8.91160044
6.69362112	7.00041194	7.79527994
7.36866081	7.70639081	8.58142006
8.28349363	8.66315325	9.64681913
10.1743772	10.6407026	11.8489113
11.9028536	12.4484012	13.8618656
12.2929119	12.8563381	14.3161225
11.5904812	12.1217113	13.4980806
9.56866681	10.0072297	11.1435104
8.22409812	8.6010355	9.57764788
7.23340838	7.56493956	8.42390719
6.5702645	6.87140156	7.65162112
6.43974206	6.73489681	7.49961669
6.37382925	6.66596288	7.42285563
6.29937556	6.58809687	7.33614819
6.21286237	6.4976185	7.23539625
6.24171775	6.52779625	7.26900094
6.35294388	6.64412019	7.39853281
6.43837369	6.73346563	7.49802294
6.16182444	6.44424125	7.17595862
6.64467613	6.94922356	7.73827956
7.880657	8.24185344	9.17768256
8.87298488	9.2796625	10.3333311
8.22626512	8.60330194	9.58017144
7.10950394	7.43535594	8.27961031
6.37826256	6.67059931	7.42801844
5.913451	6.18448406	6.88670694
5.71814319	5.9802245	6.65925456
5.63674294	5.89509344	6.56445725
5.71914119	5.98126844	6.66041687
5.75099137	6.01457844	6.69750906
5.76321044	6.02735737	6.71173913
6.215876	6.50077025	7.23890606
6.34252969	6.63322875	7.38640475
5.97297131	6.24673244	6.95602319
5.48488644	5.73627681	6.38760763
5.46038431	5.71065187	6.359073
5.71000156	5.97170981	6.64977288
