#?RADIANCE
genskyvec -m 1
NROWS=146
NCOLS=1
NCOMP=3
FORMAT=ascii

1.02234111	1.06919825	1.19060144
11.4424093	11.9668529	13.3256387
10.7942685	11.2890066	12.5708261
10.4917801	10.9726527	12.2185535
10.4347242	10.9129829	12.1521065
10.7067049	11.1974279	12.4688508
10.4518453	10.9308889	12.1720475
10.4929782	10.9739074	12.2199497
10.4233437	10.9010788	12.1388525
10.9647021	11.4672509	12.7693088
10.3119721	10.7846053	12.0091541
10.9767682	11.4798701	12.7833612
10.6260249	11.1130527	12.3748925
10.6680431	11.1569962	12.423826
10.8256416	11.3218172	12.6073627
10.8935547	11.3928435	12.6864541
11.8985507	12.4439	13.8568525
11.9697312	12.5183413	13.93975
14.5436444	15.2102275	16.9372856
19.2320288	20.1134969	22.3973006
25.8861144	27.0725612	30.1465381
43.5990419	45.5973306	50.77472
192.601786404871	195.656917104871	203.572478304871
396.10839185618	400.39953565618	411.51752285618
62.4034381	65.2635925	72.6740056
33.9486844	35.5046619	39.5360706
22.7533456	23.7962062	26.49817
16.5001919	17.2564506	19.21585
14.099925	14.7461719	16.4205394
12.2709177	12.8333357	14.2905074
11.6885262	12.2242502	13.6122631
10.3128472	10.7855196	12.0101712
9.58825144	10.0277128	11.1663174
9.92339212	10.3782121	11.5566167
9.69322419	10.1374964	11.2885674
9.56345044	10.0017741	11.1374351
9.24093931	9.66448369	10.7618466
9.63289575	10.0744039	11.2183122
9.81777275	10.2677545	11.4336157
9.70933806	10.1543486	11.3073338
9.01887613	9.43224044	10.5032322
9.33008163	9.75771038	10.8656582
9.41079831	9.842127	10.9596601
9.93717931	10.3926329	11.5726747
9.92722956	10.3822269	11.5610872
10.0453014	10.5057113	11.6985919
10.5598181	11.0438093	12.2977881
12.0048225	12.5550437	13.9806169
13.0650363	13.6638513	15.2153244
16.7240587	17.4905769	19.47656
21.9853688	22.9930306	25.6037944
32.7866081	34.2893256	38.1827369
53.3574056	55.8029506	62.1391481
216.025359035124	218.736180935124	225.759680935124
48.9289975	51.171575	56.981895
31.6510612	33.1017344	36.8603006
22.3595537	23.3843669	26.0395656
15.5669956	16.2804825	18.1290656
12.8176444	13.4051206	14.9272156
11.1916373	11.7045865	13.0335944
10.6536328	11.1419256	12.407045
7.31784356	7.65324444	8.522239
6.87667887	7.19185956	8.00846581
6.75383531	7.06338606	7.86540444
7.08697863	7.41179819	8.25337744
7.00849494	7.32971744	8.16197681
7.02447513	7.34643019	8.18058725
7.01477862	7.33628925	8.16929456
7.10123675	7.42671	8.2699825
6.78281069	7.0936895	7.89914856
7.07692519	7.40128388	8.2416695
7.12071231	7.44707806	8.29266312
7.50253119	7.84639719	8.73732344
7.84799869	8.20769844	9.13964894
8.46944963	8.85763206	9.86338069
10.5483549	11.0318215	12.2844386
14.2963275	14.951575	16.6492656
20.3701563	21.3037875	23.7227456
29.9698413	31.3434575	34.9023775
27.0235713	28.2621487	31.4712
18.2828825	19.1208481	21.2919419
13.7904231	14.4224831	16.0600969
10.5986055	11.0843744	12.3429581
8.26855244	8.64752762	9.62941894
7.79234187	8.14949069	9.07483162
5.40136156	5.64892394	6.29033606
5.31883544	5.56261512	6.19422725
5.09158631	5.32495056	5.92957694
5.14088819	5.376512	5.986993
5.23165894	5.47144294	6.09270288
5.17356481	5.4106865	6.02504762
5.11020819	5.34442581	5.95126362
5.21874606	5.4579385	6.07766506
5.15548338	5.391776	6.00399025
5.26809513	5.50954919	6.13513606
5.302461	5.54549025	6.17515813
5.29547906	5.53818819	6.16702675
5.64643681	5.90523169	6.57574656
6.40467319	6.69822038	7.45877594
7.4741525	7.81671769	8.70427369
8.5430255	8.93458037	9.94906531
10.7621396	11.2554032	12.5334078
12.6917353	13.2734384	14.7805844
13.3579472	13.9701869	15.5564431
11.2463919	11.7618516	13.097362
9.11733463	9.53521256	10.6178974
7.35852262	7.69578787	8.56961319
6.28599906	6.57410725	7.32057013
5.94920856	6.2218805	6.92834956
4.30184975	4.49901769	5.00986281
4.17473594	4.36607775	4.86182812
4.03227713	4.21708969	4.69592288
4.108219	4.29651213	4.78436363
4.11231881	4.30079975	4.789138
4.06073925	4.24685644	4.72906969
4.12606425	4.31517537	4.80514606
4.22648569	4.42019938	4.92209494
4.28921263	4.48580137	4.99514563
4.57896031	4.78882906	5.332581
4.7431195	4.96051244	5.52375812
5.69124706	5.95209563	6.62793175
6.73265875	7.041239	7.84074263
7.20346469	7.53362344	8.38903537
6.58189731	6.88356744	7.66516819
5.74693269	6.01033375	6.69278237
5.13774144	5.37322106	5.98332825
4.59751487	4.80823413	5.35418938
3.6541385	3.82161975	4.25554913
3.43055244	3.58778594	3.99516425
3.4524175	3.610653	4.020628
3.50131319	3.66179	4.07757131
3.45650294	3.61492581	4.02538594
3.53971013	3.70194675	4.12228744
3.76772756	3.940415	4.387833
4.02594231	4.21046431	4.6885455
4.58376156	4.79385056	5.33817275
4.61197525	4.82335756	5.37103
4.39455438	4.59597131	5.11782512
3.80533844	3.97974963	4.43163406
3.24714387	3.39597106	3.78156975
3.11592763	3.25874081	3.62875737
3.13359263	3.27721556	3.64932981
3.29188744	3.44276556	3.83367731
3.43050594	3.58773737	3.99511037
3.48213412	3.64173181	4.0552355
3.13897725	3.28284681	3.65560075
