#?RADIANCE
genskyvec -m 1
NROWS=146
NCOLS=1
NCOMP=3
FORMAT=ascii

24.303135	25.4170256	28.3030256
30.1286575	31.5095538	35.087335
28.9207031	30.246235	33.6805706
28.3474763	29.6467331	33.0129994
27.3812206	28.6361912	31.887715
25.432755	26.5984194	29.6185619
26.2367781	27.4392975	30.5549169
27.5468175	28.8093794	32.0805681
29.3344106	30.6789037	34.1623662
31.0695312	32.4935494	36.1830606
37.8038181	39.5364925	44.0257006
39.3305863	41.1332356	45.8037475
43.4880456	45.4812462	50.6454562
44.0265694	46.0444531	51.2726112
42.3742969	44.3164488	49.3484019
40.6590163	42.5225525	47.3508169
36.8192306	38.5067781	42.8790663
35.2463213	36.8617787	41.0472806
30.6272262	32.0309731	35.6679588
27.4362112	28.6937038	31.951755
27.6383831	28.90514	32.1872019
25.0966181	26.2468794	29.227105
26.4188	27.6296619	30.7668963
25.608155	26.7818619	29.8228338
28.2596719	29.5549063	32.9107444
31.4505419	32.8920244	36.6267819
33.2435644	34.7672275	38.7149025
35.1958188	36.8089606	40.9884663
32.9834387	34.4951781	38.411965
32.9909294	34.5030144	38.4206894
31.01949	32.441215	36.1247825
16.8920338	17.6662506	19.6721813
14.8824406	15.5645506	17.3318438
16.006925	16.7405744	18.6413981
15.400735	16.1066025	17.93544
16.0525681	16.7883094	18.6945531
16.6236856	17.3856025	19.3596681
19.0206006	19.8923756	22.151075
21.7614094	22.758805	25.3429738
24.7941981	25.9305988	28.8749125
26.8506481	28.0813013	31.2698181
31.677565	33.1294537	36.8911669
35.7191531	37.3562806	41.5979325
37.7420481	39.4718912	43.9537625
36.8160219	38.5034206	42.8753256
33.14512	34.66427	38.6002563
28.3385487	29.6374	33.0026037
26.1936775	27.39422	30.5047206
21.5758187	22.5647081	25.1268387
18.9623306	19.8314369	22.0832144
16.7003425	17.4657744	19.4489412
15.7373206	16.4586144	18.3274231
15.3856063	16.0907819	17.9178231
14.3303956	14.9872056	16.6889412
16.0962175	16.8339594	18.7453869
16.9828275	17.761205	19.7779181
17.9387194	18.7609087	20.8911344
17.2729525	18.0646269	20.1157931
17.9589919	18.78211	20.9147425
17.1769769	17.9642537	20.0040213
17.1770838	17.9643644	20.0041456
10.5973087	11.0830189	12.34145
10.2607071	10.7309899	11.9494494
10.6405919	11.1282856	12.391855
12.0194813	12.5703725	13.9976881
13.5472219	14.168135	15.77687
15.975695	16.7079119	18.6050294
19.3560931	20.2432469	22.541785
24.7271825	25.8605119	28.7968662
31.9629487	33.4279163	37.2235194
41.6160719	43.5234719	48.4653862
44.9742944	47.0356163	52.3763169
35.0540712	36.6607163	40.8233913
26.2522513	27.4554787	30.5729375
20.5491638	21.491	23.9312156
16.6369312	17.399455	19.3750944
14.1732756	14.8228825	16.50596
12.0365981	12.588275	14.0176225
11.5313869	12.0599075	13.4292606
10.7278551	11.2195494	12.4934825
10.2584035	10.7285802	11.9467688
10.774738	11.2685795	12.5480806
10.9564973	11.4586696	12.7597563
10.4391248	10.9175833	12.15723
10.8208253	11.3167796	12.6017531
8.64347831	9.03963737	10.0660508
9.02262044	9.43615712	10.5075944
9.68068531	10.1243837	11.273965
10.5954444	11.0810713	12.3392825
12.5932425	13.1704319	14.6658806
14.3970625	15.0569281	16.7665812
18.8976194	19.7637594	22.007855
26.944985	28.1799625	31.3796819
44.5765313	46.6196219	51.9130894
68.8462631	72.001715	80.1772144
2361.42349361635	2364.97903551635	2374.19113861635
49.8843744	52.1707394	58.094515
31.8453137	33.3048881	37.0865225
20.3561569	21.2891475	23.7064419
15.6984106	16.4179187	18.2821063
13.1918438	13.7964694	15.3630012
11.2525294	11.7682706	13.10451
10.0433723	10.5036932	11.6963431
9.25350462	9.67762312	10.7764769
8.78920125	9.19203894	10.2357573
8.6285655	9.0240415	10.0486853
8.61331725	9.00809394	10.0309257
8.50120356	8.89084181	9.90036013
8.61918712	9.01423281	10.0377612
8.37106419	8.7547375	9.74880206
9.08196844	9.49822513	10.57671
10.3088346	10.7813212	12.0054969
12.36217	12.9287681	14.3967756
15.6448	16.3618519	18.2196719
26.1700844	27.369545	30.4772462
48.3430637	50.5587875	56.29953
5558.12629350128	5563.45932450128	5577.27672550128
2526.29240907089	2529.65295657089	2538.35984907089
32.4945406	33.9838706	37.8426013
20.0272488	20.945165	23.3234025
14.3081531	14.9639444	16.6630375
11.3924425	11.9145956	13.26745
9.57408556	10.0128968	11.1498219
8.73450294	9.13483425	10.1720569
8.187614	8.56287931	9.53515944
7.99345969	8.35982619	9.30905037
8.062616	8.43215231	9.38958875
9.06161031	9.4769335	10.5530017
10.5112199	10.9929821	12.2411906
13.321855	13.9324381	15.5144106
20.227995	21.15511	23.5571869
32.9247225	34.4337712	38.3435844
43.00081	44.9716806	50.07803
27.0305856	28.2694881	31.4793719
16.9073794	17.6823	19.6900531
11.9055225	12.4511919	13.864975
9.8852675	10.3383419	11.5122187
8.64080212	9.03683862	10.0629351
8.73753119	9.13800131	10.1755826
10.7630441	11.2563506	12.5344613
13.5407519	14.1613694	15.7693356
18.9257425	19.7931719	22.040605
19.9177863	20.8306837	23.1959225
12.7200888	13.3030931	14.813605
10.5281104	11.0106488	12.2608625
13.5221713	14.1419375	15.7476956
