#?RADIANCE
genskyvec -m 1
NROWS=146
NCOLS=1
NCOMP=3
FORMAT=ascii

27.0856638	28.3270894	31.5435144
29.2739281	30.6156488	34.0919325
30.310095	31.6993088	35.2986331
30.69291	32.0996681	35.7444531
29.9890062	31.3635	34.9246988
26.8421844	28.0724494	31.2599625
25.726185	26.9052994	29.9602875
25.0127012	26.1591175	29.1293769
23.7543975	24.8431394	27.6639762
22.6663025	23.7051731	26.3967981
27.2763106	28.5264719	31.7655388
26.6903356	27.9136425	31.0831213
30.5398862	31.93963	35.5662431
32.6842519	34.1822781	38.0635338
33.9949712	35.5530706	39.5899781
36.5898663	38.2669025	42.6119512
37.2433194	38.9503025	43.3729506
38.25891	40.0124412	44.5556887
36.1520425	37.8090106	42.1020687
33.6565575	35.1991494	39.1958694
32.9285487	34.4377737	38.34804
29.12539	30.4603012	33.9189437
27.9533481	29.2345431	32.5540031
25.211395	26.3669162	29.3607719
24.96579	26.1100563	29.0747456
25.6830931	26.8602344	29.9101019
26.1118644	27.3086575	30.4094444
27.8319275	29.1075556	32.4126006
26.9919519	28.2290825	31.4343788
28.3757219	29.676275	33.0458956
28.56585	29.8751194	33.2673163
16.4379081	17.1913106	19.1433138
14.9473406	15.6324269	17.4074256
16.442095	17.1956881	19.1481906
15.48623	16.1960156	18.035005
15.0571625	15.7472819	17.5353206
14.1282425	14.7757856	16.453515
15.1638825	15.8588944	17.6596069
15.8668231	16.5940512	18.4782381
16.4429931	17.19663	19.1492369
16.3854106	17.1364094	19.0821775
18.6836775	19.5400131	21.7587012
20.8630906	21.8193137	24.2968075
24.1123	25.2174475	28.0807863
26.7973487	28.02556	31.2077481
28.7528762	30.070715	33.4851231
30.4307906	31.8255338	35.4391944
31.2742119	32.7076138	36.4214294
29.1017031	30.43553	33.89136
26.3973937	27.6072731	30.741965
23.3897156	24.4617425	27.2392737
21.1976669	22.1692263	24.6864513
19.1947237	20.0744819	22.3538563
16.5719675	17.3315162	19.2994394
16.24273	16.9871894	18.9160144
15.5800169	16.2941	18.1442287
15.4899563	16.1999119	18.039345
14.7124219	15.3867413	17.1338425
15.3546437	16.0583956	17.8817638
15.2339	15.9321206	17.7411462
15.8817269	16.6096375	18.4955931
10.1750574	10.6414145	11.8497037
9.77730037	10.2254265	11.3864831
9.79012413	10.2388385	11.4014169
10.4107643	10.8879228	12.1242025
10.5987169	11.0844923	12.34309
11.228735	11.7433844	13.0767975
12.2849169	12.8479725	14.30681
13.9958163	14.6372906	16.2992963
15.6298	16.3461631	18.2022037
19.0055181	19.8766031	22.1335106
22.8227413	23.8687831	26.578985
28.6024606	29.9134069	33.30995
32.6460631	34.1423406	38.0190644
32.3843962	33.8686794	37.7143294
27.0902381	28.3318731	31.5488413
22.1055369	23.1187075	25.7437425
17.6655425	18.4752138	20.5729969
15.6340356	16.3505931	18.2071356
13.1564362	13.7594381	15.3217681
11.6219856	12.1546587	13.5347694
10.9273775	11.4282156	12.7258425
10.4887942	10.9695306	12.2150744
9.92210431	10.3768654	11.5551175
10.2204433	10.6888787	11.9025569
8.28865075	8.66854681	9.65282506
8.33969406	8.72192988	9.71226875
8.39937331	8.78434444	9.78177075
8.66856663	9.06587581	10.0952696
9.34028656	9.76838263	10.8775425
9.9233115	10.3781298	11.5565231
11.2870806	11.8044063	13.1447469
13.0974662	13.6977669	15.2530912
15.8247075	16.5500063	18.4291913
19.5491606	20.445165	22.7666294
27.2456869	28.4944475	31.729875
43.6350369	45.634975	50.8166381
53.1450737	55.5808875	61.8918719
47.1208119	49.2805144	54.8761156
33.9355044	35.4908806	39.520725
25.0748012	26.2240625	29.2016969
18.47268	19.3193444	21.5129763
14.9020356	15.5850462	17.3546637
12.4586319	13.0296512	14.5091138
10.8764319	11.3749363	12.6665144
9.84715806	10.298485	11.467835
9.12584644	9.544114	10.62781
8.66842962	9.06573237	10.0951094
8.50154906	8.89120319	9.90076281
8.19779981	8.57353188	9.54702138
8.23072619	8.60796756	9.585367
8.60619462	9.00064519	10.0226312
9.28236638	9.70780744	10.8100894
10.3990264	10.8756469	12.1105319
12.9755844	13.5702975	15.1111487
16.44201	17.1956006	19.14809
26.9718681	28.2080794	31.41099
47.7620319	49.9511244	55.6228713
5071.51515223473	5076.31842823473	5088.76327023473
2985.04401051702	2988.77764171702	2998.45118291702
36.60383	38.2815031	42.62821
20.643885	21.59006	24.0415256
14.2716825	14.9258006	16.6205656
11.6979519	12.2341081	13.62324
9.94979075	10.4058222	11.5873606
8.90384931	9.31194206	10.3692763
8.40046337	8.78548431	9.78304044
8.923136	9.33211294	10.3917354
9.42709044	9.85916537	10.9786331
10.3603587	10.8352079	12.0655019
12.5514881	13.126765	14.617255
17.6700213	18.4798981	20.5782137
35.4516619	37.0765294	41.2864163
2831.91357196785	2835.12710006785	2843.45307186785
47.94032	50.1375837	55.8305012
22.0427088	23.0529975	25.6705719
14.1165362	14.7635438	16.4398837
10.4817718	10.9621863	12.2068981
9.57066481	10.0093198	11.1458363
11.1202406	11.6299175	12.9504463
12.4774025	13.0492838	14.530975
17.3059075	18.0990913	20.1541694
26.7891281	28.0169619	31.1981737
17.9091325	18.7299669	20.8566775
12.8094075	13.3965044	14.9176225
15.0265406	15.7152575	17.4996588
