#?RADIANCE
genskyvec -m 1
NROWS=146
NCOLS=1
NCOMP=3
FORMAT=ascii

14.340715	14.9979981	16.70096
24.1133306	25.2185244	28.0819856
26.0618106	27.2563094	30.3511531
27.8238087	29.099065	32.4031469
29.2886744	30.63107	34.1091031
28.967105	30.2947638	33.73461
29.1955594	30.5336881	34.000665
28.9405587	30.2670006	33.7036938
26.9324931	28.1668975	31.3651337
25.0141119	26.16059	29.1310194
26.858415	28.0894237	31.2788625
23.8425181	24.9352981	27.7666006
24.4476331	25.5681487	28.4713106
24.0243912	25.1255069	27.9784069
24.0296588	25.1310163	27.9845412
26.6707931	27.8932044	31.0603631
29.9132631	31.2842881	34.83649
35.11822	36.7278037	40.8980969
42.1612231	44.0936113	49.1002612
54.6842731	57.1906344	63.6843963
63.5367425	66.4488413	73.9938337
70.3461775	73.5703769	81.9239931
62.7979912	65.6762306	73.1334988
53.9924225	56.4670731	62.8786769
44.4526319	46.4900425	51.7687963
35.1988812	36.8121619	40.9920331
30.3161944	31.7056856	35.3057356
27.1620725	28.4069987	31.6324981
24.2696975	25.3820588	28.2640875
23.4395544	24.5138669	27.2973169
23.2576813	24.3236575	27.08551
15.5953937	16.3101819	18.1621362
14.8617575	15.5429213	17.3077556
16.8555225	17.6280681	19.6296619
16.9774756	17.7556075	19.7716863
17.4036575	18.2013256	20.2680106
16.6176794	17.3793238	19.3526744
17.8618469	18.680515	20.80161
17.9667331	18.7902081	20.9237606
16.7553306	17.523285	19.5129819
14.2170037	14.8686187	16.5568888
14.493235	15.1575081	16.8785819
14.4179262	15.0787469	16.7908769
15.66861	16.386755	18.2474038
16.61545	17.3769912	19.3500769
18.1290956	18.9600106	21.1128444
21.7980538	22.7971294	25.3856506
27.9582613	29.2396794	32.5597262
35.9155175	37.5616438	41.826615
50.7925588	53.12055	59.1521688
66.7564444	69.8161125	77.7434456
76.2539125	79.74888	88.80404
66.4405188	69.4857075	77.3755244
49.1113694	51.3623044	57.1942844
36.2756175	37.9382481	42.2459825
27.7928837	29.0667237	32.3671306
22.9900163	24.0437256	26.7737925
18.4983269	19.3461675	21.5428444
16.6881344	17.453005	19.4347219
15.2760681	15.9762219	17.7902563
15.1757812	15.8713363	17.6734625
10.499198	10.9804108	12.2271906
10.1511147	10.6163737	11.8218206
10.3521753	10.8266498	12.0559719
11.3237082	11.8427127	13.1874019
11.3576498	11.87821	13.2269294
11.30247	11.8204982	13.1626669
11.0359077	11.54172	12.852235
10.85465	11.3521544	12.6411456
10.2809804	10.7521914	11.9730581
10.9198504	11.4203437	12.7170787
11.7286006	12.2661606	13.6589312
14.2418694	14.8946225	16.5858456
18.2412394	19.0772956	21.2434444
25.4242544	26.5895344	29.6086656
41.3964788	43.2938162	48.2096531
69.8814613	73.0843625	81.3827894
2096.64983511962	2101.22671391962	2113.08497591962
68.0210306	71.1386575	79.2161625
37.5791662	39.3015419	43.7640719
24.5216306	25.6455381	28.5574837
17.6583075	18.4676456	20.5645713
14.0975244	14.7436612	16.4177425
11.5648919	12.0949475	13.4682813
10.8836994	11.3825356	12.6749762
8.51188575	8.90201325	9.91280094
8.35426875	8.7371725	9.72924269
8.18071706	8.55566656	9.52712725
8.30571269	8.68639088	9.67269538
8.50364781	8.89339806	9.90320719
8.42309806	8.8091565	9.8093995
8.29838131	8.67872369	9.664157
8.46508006	8.85306263	9.85829131
8.60964981	9.00425844	10.0266555
9.19108325	9.61234075	10.7037828
10.3358189	10.8095419	12.0369219
12.3870369	12.9547762	14.4257375
15.3681025	16.0724744	17.8974381
23.3801875	24.4517794	27.2281788
37.7325662	39.4619756	43.9427225
1638.31361502265	1641.04474622265	1648.12086872265
3952.0372770447	3956.1913376447	3966.9541236447
63.3489244	66.2524144	73.7751031
35.7702387	37.4097088	41.6574275
22.3815175	23.4073375	26.0651437
15.9258525	16.6557856	18.5469831
12.145205	12.7018606	14.1441044
10.1992347	10.6666999	11.8778594
9.28871688	9.71445006	10.8174862
7.94962156	8.31397875	9.257997
7.45745475	7.7992545	8.68482813
7.22506475	7.55621337	8.41419044
7.25437869	7.58687081	8.44832887
7.3086135	7.64359138	8.51148981
7.47501094	7.8176155	8.70527369
7.91980425	8.28279488	9.2232725
9.13981688	9.55872444	10.6440779
10.8213391	11.3173162	12.6023519
14.8098981	15.4886831	17.2473606
20.2599737	21.1885563	23.5944287
33.7353063	35.281505	39.2875781
46.2989481	48.4209819	53.9189856
33.3172019	34.8442381	38.8006587
21.2153806	22.1877506	24.7070794
14.1479906	14.7964375	16.4765131
10.6649226	11.1537288	12.4201894
8.85972906	9.26579981	10.3178946
7.84073431	8.20010094	9.13118894
7.27432675	7.60773344	8.47156038
7.06687938	7.3907775	8.22997019
7.24965406	7.58192975	8.44282669
7.93053906	8.29402175	9.23577406
9.82029138	10.2703873	11.4365483
13.1467737	13.7493337	15.3105144
17.6909194	18.501755	20.6025531
23.2343619	24.2992712	27.0583531
18.3454913	19.1863269	21.3648562
12.4337269	13.0036062	14.4801112
9.35106569	9.77965681	10.8900964
8.59793531	8.99200687	10.0130124
7.98034925	8.346115	9.29378219
8.66781906	9.065094	10.0943979
10.8548518	11.3523669	12.6413806
12.4772625	13.0491375	14.5308138
11.0823507	11.5902925	12.9063213
9.49668063	9.93194525	11.0596769
