#?RADIANCE
genskyvec -m 1
NROWS=146
NCOLS=1
NCOMP=3
FORMAT=ascii

23.5822325	24.6630856	27.4634762
28.1039738	29.3920731	32.7294225
30.6269037	32.0306369	35.6675831
32.1489238	33.6224144	37.4401037
32.5557544	34.0478919	37.9138912
29.9679112	31.3414388	34.9001288
28.8371256	30.1588262	33.5832369
27.574495	28.8383256	32.1128
24.9053587	26.0468531	29.0043675
22.4157644	23.4431537	26.1050269
25.754955	26.9353887	29.9937931
23.4785775	24.5546775	27.3427606
26.2559225	27.45932	30.5772113
27.794175	29.0680756	32.3686363
29.1533044	30.4894938	33.9514519
32.7224181	34.2221956	38.1079869
35.2035044	36.8169987	40.9974188
38.48379	40.24763	44.8175825
39.2821131	41.08254	45.7472962
39.4764056	41.2857406	45.9735656
39.4043656	41.2103975	45.88967
35.8870156	37.531835	41.7934231
33.4748294	35.0090937	38.9842319
29.662005	31.021515	34.5438788
27.949955	29.2309931	32.5500531
26.4247206	27.6358525	30.7737906
25.3251025	26.4858369	29.493195
25.7212006	26.9000888	29.9544825
24.5563537	25.6818519	28.5979212
25.78385	26.9656069	30.0274425
26.6564563	27.87821	31.0436669
16.0518475	16.7875575	18.6937144
15.0551106	15.745135	17.5329306
17.0788263	17.8616038	19.8897169
16.49978	17.25602	19.2153675
16.1692769	16.9103694	18.8304725
14.8290938	15.5087625	17.2697175
15.6677244	16.3858281	18.2463713
15.6184025	16.3342456	18.1889325
14.8977612	15.580575	17.3496862
13.6192306	14.2434444	15.8607294
14.9699112	15.6560288	17.4337081
16.2976275	17.0446025	18.9799469
18.9403444	19.8084425	22.05761
21.2870194	22.2626737	24.7905088
23.6354113	24.7187006	27.5254069
27.2878194	28.5385106	31.7789419
31.2857925	32.7197237	36.4349144
33.6000375	35.1400381	39.1300456
33.9135481	35.4679194	39.495155
31.5362594	32.9816706	36.7266031
28.3817756	29.682605	33.0529431
24.9641706	26.1083631	29.0728606
20.9832719	21.9450044	24.4367694
19.4573769	20.3491731	22.6597381
17.5902494	18.3964675	20.4853125
16.4687556	17.2235737	19.17924
14.8278775	15.5074881	17.2683
14.7896475	15.4675056	17.2237788
14.49387	15.1581713	16.8793206
15.1557469	15.8503844	17.65013
10.04472	10.5051019	11.6979137
9.69168681	10.1358892	11.2867781
9.74507206	10.1917202	11.3489481
10.3959716	10.8724533	12.1069756
10.2196076	10.6880056	11.9015837
10.2117484	10.6797855	11.8924319
10.4150383	10.8923946	12.1291806
11.1225568	11.63234	12.9531431
11.8130587	12.3544906	13.7572931
13.9453781	14.5845406	16.2405531
16.23536	16.9794794	18.9074319
20.6838725	21.6318831	24.088095
26.8269288	28.0564956	31.2421963
34.9524125	36.5543975	40.7049988
39.6644981	41.4824519	46.192615
35.3631569	36.9839675	41.1833444
26.4094656	27.6198994	30.756025
21.3418606	22.3200294	24.8543756
16.7537781	17.52166	19.5111725
14.0578075	14.7021231	16.37149
12.3557944	12.9221012	14.3893506
11.1790838	11.6914581	13.0189763
10.1059834	10.5691739	11.7692613
10.0931902	10.5557961	11.7543619
8.15068369	8.52425662	9.49215131
8.06164488	8.43113681	9.38845788
7.91781219	8.28071156	9.22095238
8.00128775	8.36801312	9.318167
8.25173506	8.62993937	9.60983375
8.40267275	8.78779506	9.78561244
8.9508965	9.36114587	10.4240658
9.88715731	10.3403191	11.5144194
11.24609	11.761535	13.0970088
13.0340488	13.6314419	15.1792363
16.0822862	16.8193919	18.729165
22.01587	23.0249287	25.6393163
30.0385912	31.41536	34.9824456
50.7436256	53.0693731	59.095185
2304.44723155337	2307.52928285337	2315.51460595336
57.0754281	59.6913813	66.4690962
34.4527594	36.0318425	40.1231119
22.6753756	23.7146631	26.4073644
16.4480163	17.2018838	19.1550869
13.2907369	13.8998956	15.4781706
11.3799556	11.9015375	13.2529069
9.95378475	10.41	11.5920113
9.05069425	9.46551719	10.5402888
8.5910045	8.98475881	10.0049425
8.0000285	8.36669631	9.31670025
7.68436562	8.0365655	8.9490845
7.66586812	8.01722006	8.9275425
7.86832494	8.22895631	9.16332056
8.36692763	8.75041162	9.74398494
9.61047669	10.0509559	11.1922013
11.1277381	11.6377587	12.9591775
14.6781744	15.3509225	17.0939575
20.1385194	21.061535	23.4529856
37.4406294	39.1566569	43.6027338
3483.8371360216	3487.1820042216	3495.8482648216
4217.55366869575	4221.91184929575	4233.20349819575
42.3350781	44.2754362	49.3027294
20.8542181	21.8100344	24.2864763
14.5745975	15.2426	16.9733331
11.3419406	11.86178	13.208635
9.54891956	9.98657894	11.1205138
8.55766625	8.94989231	9.96611613
8.49256363	8.88180581	9.89029812
8.40441794	8.78962025	9.78764556
8.58850025	8.98213981	10.0020249
9.55005013	9.98776056	11.1218294
11.7214231	12.2586538	13.6505731
17.5789394	18.3846394	20.47214
31.4162956	32.8562088	36.5868969
46.1296356	48.2439094	53.7218075
33.1268931	34.6452063	38.5790275
17.5551075	18.359715	20.4443844
11.4989106	12.0259431	13.39144
9.678146	10.1217283	11.2710094
10.2683248	10.7389556	11.9583194
10.4320944	10.9102323	12.1490444
12.7207712	13.3038069	14.8143994
18.5258612	19.3749625	21.5749106
17.2033988	17.9918881	20.0347919
12.8292831	13.4172919	14.9407694
12.8686688	13.4584831	14.9866387
