#?RADIANCE
genskyvec -m 1
NROWS=146
NCOLS=1
NCOMP=3
FORMAT=ascii

24.8388437	25.9772912	28.9269038
27.1339775	28.37762	31.5997812
29.3466362	30.6916894	34.1766056
30.6102537	32.0132213	35.6481912
30.7810975	32.1918969	35.8471544
28.1268588	29.416005	32.7560731
27.0040025	28.2416875	31.4484144
25.8671344	27.0527106	30.1244362
23.5095781	24.5871	27.3788638
21.2746638	22.2497494	24.7761187
24.7637837	25.8987888	28.83949
22.8062819	23.8515681	26.5598163
25.7044775	26.8825981	29.9350075
27.3190063	28.5711256	31.81526
28.6336512	29.9460269	33.3462756
31.9449581	33.4091006	37.2025681
34.0059125	35.5645169	39.6027225
36.84055	38.5290731	42.9038938
36.99757	38.6932906	43.0867581
36.56928	38.24537	42.5879769
36.3584331	38.0248575	42.3424263
32.8776281	34.3845175	38.2887394
30.88655	32.3021825	35.9699619
27.4350694	28.6925075	31.9504238
26.0386644	27.2321019	30.3241975
25.05131	26.1994944	29.1743387
24.2418712	25.3529569	28.23168
24.9172606	26.0593013	29.0182287
23.8625575	24.9562575	27.7899369
25.1407119	26.2929919	29.2784544
25.8633462	27.0487488	30.1200219
15.4079962	16.1141963	17.9438975
14.3712387	15.0299181	16.7365044
16.2133206	16.9564294	18.8817656
15.5730019	16.2867631	18.1360569
15.2029913	15.899795	17.7051525
13.9553762	14.594995	16.2521988
14.7571731	15.4335425	17.1859575
14.80172	15.4801325	17.2378375
14.3061862	14.9618869	16.6607475
13.2883481	13.8973962	15.4753906
14.7263412	15.4012969	17.1500531
16.1286969	16.8679331	18.7832156
18.7544269	19.6140044	21.8410925
21.044465	22.0090038	24.5080356
23.2604969	24.3266019	27.0887881
26.5511681	27.7680944	30.9210475
29.9205063	31.2918625	34.8449237
31.3016613	32.7363219	36.4533956
30.7656844	32.1757762	35.8292044
28.2199212	29.5133344	32.8644494
25.4408975	26.6069369	29.6280444
22.5734994	23.6081194	26.2887237
19.0989944	19.9743644	22.2423719
17.8957287	18.7159494	20.8410675
16.3399037	17.0888156	19.0291794
15.4581444	16.1666425	18.0022981
14.0653225	14.7099825	16.38024
14.1678487	14.8172062	16.4996394
13.9414294	14.5804112	16.2359563
14.5924763	15.2612988	16.9941569
9.60460675	10.0448194	11.1853667
9.25439037	9.67854988	10.7775092
9.28455394	9.710095	10.8126365
9.87752919	10.3302496	11.5032079
9.73897425	10.1853444	11.3418479
9.80723869	10.2567376	11.4213475
10.1184747	10.5822374	11.7838088
10.9373417	11.4386375	12.7374475
11.7241925	12.2615513	13.6537994
13.9015444	14.5386988	16.1895075
16.2252156	16.9688719	18.8956175
20.6699931	21.6173656	24.0719294
26.5923338	27.8111487	30.9689919
33.41543	34.9469687	38.9150525
35.4048544	37.0275763	41.2319056
30.3990081	31.792295	35.40218
22.9324819	23.9835525	26.7067862
19.0178488	19.8895031	22.1478725
15.2145888	15.9119244	17.7186594
12.9108144	13.5025581	15.0357188
11.4929156	12.0196713	13.3844569
10.5129839	10.9948281	12.2432462
9.59219781	10.0318412	11.1709137
9.64393863	10.0859523	11.2311709
7.78275738	8.13946681	9.06366988
7.71606838	8.06972125	8.986005
7.59786437	7.94609975	8.84834669
7.69440737	8.0470675	8.96077919
7.97832213	8.34399506	9.29142125
8.17612231	8.55086113	9.52177656
8.80375831	9.20726356	10.252711
9.79713462	10.2461693	11.4095794
11.2232175	11.7376156	13.0703725
13.0795731	13.6790519	15.2322519
16.3283881	17.0767737	19.0157706
22.9503237	24.0022131	26.7275663
31.5919806	33.0399444	36.7914944
50.7157888	53.0402619	59.0627662
58.345685	61.01986	67.9484144
45.7476713	47.8444369	53.2769781
28.4107781	29.7129375	33.0867206
19.6044225	20.5029606	22.8309863
14.7627812	15.4394094	17.1924906
12.16522	12.7227931	14.1674156
10.5430011	11.0262212	12.2782044
9.32501075	9.75240613	10.8597525
8.54909125	8.94092419	9.95612919
8.166086	8.54036475	9.51008838
7.63657744	7.98658706	8.89343119
7.38515113	7.723637	8.60062438
7.41636944	7.75628606	8.63698081
7.66536919	8.0166985	8.92696156
8.21285081	8.58927269	9.5645495
9.53196112	9.96884331	11.1007638
11.1301675	11.6402994	12.9620075
14.985845	15.6726944	17.452265
21.2681356	22.2429231	24.7685163
41.8712056	43.7903012	48.7625106
5072.28867413061	5076.08583283061	5085.92392973061
3195.41273721558	3199.02308531558	3208.37717721558
34.7306569	36.3224787	40.4467475
18.3048125	19.1437819	21.31748
13.2541144	13.861595	15.4355225
10.5187856	11.0008937	12.2500019
8.96519737	9.376102	10.4407207
8.11021975	8.48193794	9.44502719
8.13070887	8.50336637	9.4688885
8.12613175	8.49857919	9.46355806
8.39055762	8.77512456	9.77150369
9.42832894	9.86046075	10.9800762
11.7366675	12.2745981	13.6683287
18.3025725	19.1414394	21.3148719
34.5131169	36.0949694	40.193405
2067.1309318245	2069.3527699245	2075.1093543245
29.9452012	31.3176894	34.873685
16.06312	16.7993469	18.7068444
10.7377651	11.2299125	12.5050225
9.17137869	9.591733	10.6808356
9.87245056	10.324936	11.4972906
10.1724578	10.6386944	11.8466756
12.6267475	13.2054744	14.7049006
18.8010094	19.6627212	21.8953431
16.6141006	17.37558	19.3485062
12.2001313	12.7593031	14.2080694
12.5418287	13.1166625	14.6060056
