#?RADIANCE
genskyvec -m 1
NROWS=146
NCOLS=1
NCOMP=3
FORMAT=ascii

0.8956311	0.936680881	1.04303725
8.50937587	8.89938838	9.909877
8.92100581	9.32988487	10.3892542
9.66883806	10.1119925	11.26017
11.3151626	11.8337739	13.1774497
15.095365	15.787235	17.5798106
20.9963569	21.95869	24.4520094
29.3948369	30.7421006	34.2327387
73.6435273630705	75.8380404630705	81.5238304630705
282.160512319601	285.259842919601	293.289944819601
43.9881412	46.004265	51.2278588
31.6111394	33.0599825	36.8138081
19.7124469	20.6159325	22.9567881
14.2726512	14.9268137	16.6216925
11.5906128	12.1218466	13.4982338
9.56531375	10.0037248	11.1396067
8.998332	9.41075494	10.4793088
7.89129587	8.25298006	9.19007206
8.24091075	8.618619	9.59722781
8.26755612	8.64648544	9.62825775
8.12916306	8.50174931	9.46708838
8.74388794	9.14464919	10.1829863
8.42486025	8.81099956	9.81145144
8.73245075	9.13268775	10.1696674
8.81075012	9.214576	10.260854
8.29304813	8.67314575	9.65794644
8.45695663	8.84456694	9.84883025
8.06145125	8.43093419	9.38823213
8.34210862	8.72445519	9.71508156
8.02672775	8.39461937	9.34779487
8.28008231	8.65958588	9.64284706
8.77918188	9.18156075	10.2240885
9.11433412	9.53207431	10.6144017
10.309117	10.7816192	12.0058269
12.0498169	12.6020994	14.033015
15.7229856	16.4436212	18.3107281
20.4894081	21.4285044	23.861625
28.3338788	29.6325138	32.9971669
41.2543119	43.1451313	48.0440856
76.6787480268098	79.0078992268099	85.0425211268098
36.72711	38.4104356	42.7717825
27.7078775	28.9778206	32.2681344
19.9861244	20.9021544	23.27551
15.4287056	16.1358562	17.9680169
12.0783181	12.6319069	14.0662069
10.3291205	10.8025381	12.0291219
9.18775281	9.60885794	10.6999033
8.92866444	9.33789481	10.3981738
8.35151238	8.73428987	9.72603287
8.33159581	8.71346038	9.70283812
8.29507231	8.67526287	9.66030337
8.44476113	8.83181219	9.83462813
8.67354437	9.07108156	10.1010659
8.56069687	8.953062	9.96964606
8.83163094	9.23641369	10.2851715
8.90546562	9.31363225	10.3711569
8.85655963	9.262485	10.3142032
8.54958563	8.941441	9.95670575
8.47001081	8.85821912	9.86403362
8.35090394	8.73365381	9.72532375
8.49980863	8.88938294	9.89873519
7.23509781	7.56670619	8.42587487
7.47458731	7.81717238	8.70478031
8.55212838	8.94410094	9.95966662
11.2810849	11.798135	13.1377656
15.0891144	15.7806994	17.5725344
20.9086494	21.8669631	24.3498669
25.6875144	26.8648581	29.9152519
25.1082169	26.25901	29.2406137
18.5279925	19.3771919	21.5773937
13.9022844	14.5394725	16.1903688
10.8023132	11.2974187	12.580196
8.73217194	9.13239631	10.1693421
7.61156906	7.96043237	8.86430663
6.98683975	7.3070695	8.13675725
6.88899225	7.20473744	8.02280594
6.93228506	7.25001456	8.07322406
6.87079656	7.18570788	8.00161531
7.23867331	7.57044594	8.43003894
7.1079675	7.43374894	8.27782081
6.85303969	7.16713725	7.98093612
7.01548831	7.33703119	8.17012106
6.98233062	7.30235406	8.13150638
6.69628956	7.00320263	7.79838763
6.91318419	7.23003844	8.0509795
5.74306419	6.006288	6.68827725
6.19740544	6.48145319	7.2173955
6.90662606	7.22317944	8.04334188
8.03687119	8.40522756	9.35960675
10.3967033	10.8732195	12.1078292
12.0172847	12.5680754	13.9951294
13.4847656	14.1028156	15.7041331
13.7573862	14.3879331	16.0216244
11.3089129	11.8272391	13.1701731
9.55241694	9.99023594	11.1245857
7.79128713	8.14838744	9.07360356
6.50687025	6.80510163	7.57779319
6.08377919	6.36261888	7.08506831
5.7636505	6.02781775	6.71225156
5.61241656	5.86965212	6.53612712
5.44745156	5.69712625	6.3440115
5.46175919	5.71208969	6.36067394
5.52880006	5.78220319	6.43874863
5.6568395	5.91611112	6.58786112
5.62226494	5.87995212	6.54759625
5.62384644	5.88160581	6.54943806
5.61935287	5.87690631	6.54420494
5.52178931	5.77487119	6.43058419
5.68757762	5.94825819	6.6236585
4.7851225	5.00444056	5.57267431
5.24232794	5.48260125	6.10512819
5.817953	6.084609	6.7754915
7.05944456	7.38300231	8.22131175
8.09284369	8.46376575	9.424791
8.17629231	8.55103875	9.52197363
7.71186569	8.06532581	8.98111088
6.48132337	6.77838356	7.5480415
5.65584475	5.91507075	6.586703
5.07400187	5.30656019	5.9090985
4.63516962	4.84761481	5.39804156
4.61492587	4.82644312	5.374466
4.60487838	4.81593512	5.36276481
4.55595231	4.76476675	5.30578644
4.47844319	4.68370494	5.21552044
4.49933569	4.70555512	5.23985156
4.58311044	4.79316956	5.33741425
4.62611175	4.83814169	5.38749306
4.26609906	4.46162844	4.96822812
4.5274595	4.73496794	5.272604
5.30674312	5.54996881	6.180145
5.88906331	6.15897869	6.85830537
5.43533356	5.68445287	6.32989919
4.75592363	4.97390319	5.53866962
4.34163069	4.54062175	5.05619081
4.06822694	4.25468725	4.7377895
3.98179094	4.16428963	4.6371275
3.92906156	4.10914356	4.57571981
4.00487275	4.18842944	4.66400837
3.98543056	4.16809612	4.64136625
3.87129456	4.04872862	4.50844531
4.11973163	4.30855275	4.79777125
4.18090894	4.372534	4.86901694
3.97623812	4.15848219	4.63066094
3.68570275	3.85463056	4.29230825
3.69319906	3.86247069	4.3010385
3.78723863	3.96082031	4.41055519
