#?RADIANCE
genskyvec -m 1
NROWS=146
NCOLS=1
NCOMP=3
FORMAT=ascii

0.766298537	0.801420556	0.892418531
8.82337706	9.22778163	10.2755584
8.2976515	8.6779605	9.66330719
8.17110331	8.545612	9.51593125
8.30555538	8.68622656	9.6725125
8.75210581	9.15324394	10.1925584
8.76287325	9.16450469	10.205096
8.91305881	9.32157463	10.3800014
8.89939925	9.30728813	10.3640926
9.31093763	9.73768813	10.8433628
8.61365862	9.00845112	10.031324
8.96237294	9.37314781	10.4374315
8.43433612	8.82090937	9.82248781
8.26419825	8.64297388	9.6243485
8.27854925	8.65798269	9.64106137
8.32918631	8.71094056	9.70003275
9.250495	9.67447562	10.7729724
9.51568069	9.95181556	11.0818042
11.854759	12.398102	13.8058562
15.7318744	16.4529169	18.32108
20.5860019	21.5295275	23.9741163
32.2162156	33.6927906	37.5184688
92.0708843984197	94.1632881984197	99.5845218984197
308.797073425051	311.693628425051	319.198354625051
48.1362206	50.3424619	56.0586419
28.27986	29.5760194	32.9342562
19.7576987	20.6632587	23.0094875
14.3507602	15.0085027	16.7126581
11.9045222	12.4501458	13.8638085
9.99140881	10.4493465	11.6358291
9.17351519	9.59396781	10.6833233
8.00255494	8.36933862	9.31964263
7.42656212	7.766946	8.64885088
7.741796	8.09662806	9.01596725
7.71517206	8.06878375	8.98496131
7.81824119	8.17657706	9.10499331
7.70333531	8.0564045	8.97117594
8.13220794	8.50493394	9.47063425
8.33629369	8.71837338	9.708308
8.1911895	8.56661875	9.53932394
7.49015156	7.83344981	8.72290613
7.59132831	7.93926394	8.84073506
7.48543406	7.82851612	8.71741231
7.73628681	8.09086638	9.00955119
7.64509425	7.99549419	8.90335006
7.74702713	8.10209888	9.02205887
8.282169	8.66176812	9.64527619
9.590623	10.0301928	11.1690807
10.6992289	11.1896103	12.4601438
13.6645238	14.2908138	15.9134769
17.3680738	18.1641094	20.22657
24.2434787	25.3546375	28.2335531
35.8347794	37.4772075	41.73259
91.0027932934861	92.8089713934861	97.4886207934861
36.3334069	37.9986875	42.3132825
25.7779062	26.9593919	30.0205212
19.1144525	19.99053	22.2603725
13.4842019	14.1022263	15.7034775
10.8616304	11.3594548	12.6492756
9.1545245	9.57410738	10.6612066
8.43952437	8.82633575	9.82852981
5.78402275	6.04912356	6.73597688
5.42712331	5.67586644	6.32033769
5.37928356	5.62583381	6.26462425
5.75801894	6.02192781	6.705693
5.81709294	6.08370937	6.77448981
5.90731381	6.17806525	6.87955938
5.90230438	6.17282637	6.87372544
5.90253613	6.17306894	6.87399563
5.5398655	5.79377575	6.45163544
5.63944481	5.89791919	6.56760369
5.5970715	5.85360381	6.51825644
5.88581325	6.15557944	6.85452031
6.27007425	6.55745231	7.30202431
6.9472325	7.26564713	8.09063138
8.75778194	9.15918038	10.1991675
11.6042665	12.1361281	13.5141369
15.5917756	16.3063975	18.1579237
21.5389462	22.5261456	25.0838981
20.3086575	21.2394694	23.6511231
14.9483319	15.6334638	17.40858
11.8484347	12.3914885	13.7984913
9.19582906	9.61730469	10.7093106
6.97584725	7.29557362	8.123956
6.33517075	6.6255325	7.37783438
4.391193	4.59245594	5.11391056
4.28502325	4.48142012	4.990267
4.13204675	4.32143213	4.812113
4.20833787	4.40121975	4.90096019
4.34622925	4.54543131	5.06154619
4.329957	4.52841319	5.04259587
4.27977606	4.47593238	4.98415612
4.33710488	4.53588875	5.05092031
4.22283081	4.41637719	4.91783881
4.25692894	4.45203794	4.95754875
4.25740112	4.45253175	4.9580985
4.28468181	4.48106294	4.98986931
4.61365775	4.82511694	5.37298913
5.34817025	5.59329456	6.22839037
6.32273706	6.61252912	7.36335494
7.21442813	7.54508906	8.40180288
8.87047781	9.27704094	10.3304116
10.2710524	10.7418086	11.9614968
10.9021202	11.4018	12.6964275
9.52395487	9.96046869	11.0914384
7.94380181	8.30789269	9.25121919
6.41989187	6.71413662	7.47649925
5.36569506	5.61162262	6.24879937
4.93690969	5.16318463	5.749443
3.59917119	3.76413319	4.19153487
3.45025388	3.6083905	4.0181085
3.34454788	3.4978395	3.89500475
3.42710987	3.58418569	3.99115531
3.44773181	3.60575269	4.01517119
3.39417725	3.5497435	3.95280225
3.42151825	3.57833775	3.98464325
3.47456988	3.63382094	4.04642619
3.54108481	3.70338444	4.12388856
3.83759444	4.01348412	4.46919875
4.06750563	4.25393288	4.7369495
4.93077331	5.15676706	5.74229675
5.82918925	6.09636025	6.78857688
6.25009444	6.53655694	7.278756
5.78784362	6.05311962	6.74042656
5.10160275	5.335426	5.941242
4.50197944	4.70832006	5.24293037
3.92762719	4.10764344	4.57404944
3.11709106	3.25995756	3.63011256
2.907509	3.04076981	3.38603681
2.91639813	3.05006625	3.39638888
2.95470219	3.09012588	3.44099713
2.91661144	3.05028931	3.39663712
2.99848588	3.13591669	3.491987
3.2333295	3.38152363	3.76548181
3.52548569	3.68707056	4.10572219
4.07279875	4.25946856	4.74311381
4.12582688	4.31492712	4.8048695
3.91893412	4.09855175	4.5639255
3.33058494	3.48323644	3.87874375
2.83008994	2.95980212	3.29587556
2.68975163	2.81303175	3.13244019
2.7045845	2.82854456	3.14971413
2.86565644	2.99699894	3.33729575
3.04865469	3.18838475	3.55041262
3.09580887	3.23769987	3.60532763
2.75164631	2.87776344	3.20452156
