#?RADIANCE
genskyvec -m 1
NROWS=146
NCOLS=1
NCOMP=3
FORMAT=ascii

19.3194181	20.2048906	22.4990719
25.4904775	26.6587906	29.6857863
27.4722538	28.7314	31.9937319
29.03514	30.3659144	33.81384
30.0677881	31.4458944	35.0164475
29.0216613	30.3518206	33.7981425
28.8293894	30.1507356	33.5742287
28.3293619	29.62779	32.9919044
26.2295769	27.4317656	30.5465306
24.1854781	25.2939788	28.166005
26.6446931	27.8659069	31.0299675
23.9379812	25.03514	27.8777769
25.39981	26.5639669	29.5801963
25.8060737	26.9888512	30.053325
26.5071281	27.7220381	30.8697612
29.9111325	31.2820581	34.8340075
33.7527181	35.2997156	39.307855
38.8916706	40.6742044	45.2925944
44.9877375	47.0496756	52.3919744
52.7432969	55.1606969	61.4239675
55.5549169	58.1011819	64.6983344
55.0487769	57.5718444	64.1088906
48.5007356	50.7236831	56.4831513
42.00069	43.9257194	48.9133056
36.6702563	38.3509763	42.7055719
31.4167069	32.8566394	36.5873744
28.4300237	29.7330669	33.109135
26.7805	28.0079388	31.1881269
24.5959494	25.7232637	28.6440344
24.4670794	25.5884869	28.493955
24.5404737	25.6652431	28.5794262
16.1144506	16.8530281	18.7666213
15.2733662	15.9733937	17.7871094
17.172685	17.9597669	19.999025
17.0287894	17.809275	19.8314469
17.1585856	17.9450212	19.9826031
16.1919931	16.9341237	18.8569256
17.2598419	18.0509188	20.1005256
17.3082419	18.101535	20.1568894
16.2835231	17.0298506	18.9635212
14.1852913	14.83545	16.519955
14.84307	15.5233794	17.2859931
15.3013794	16.0026925	17.8197331
17.1739037	17.9610419	20.0004437
18.92149	19.7887237	22.0356512
21.2588569	22.2332219	24.7577144
26.0949894	27.2910094	30.3897931
32.8742412	34.3809756	38.2847962
41.3514069	43.2466775	48.1571613
52.0059431	54.3895456	60.5652562
57.7833806	60.4317825	67.2935625
55.4951375	58.0386625	64.6287175
45.9338294	48.0391287	53.4937756
35.4556575	37.0807075	41.2910694
28.7099181	30.0257869	33.4350931
23.6953588	24.7813969	27.5952213
20.7169994	21.6665287	24.1266731
17.5403431	18.3442763	20.4271944
16.44813	17.2020012	19.1552181
15.450775	16.1589344	17.9937162
15.5890094	16.3035038	18.1547019
10.8146652	11.3103362	12.5945794
10.4380983	10.9165102	12.1560344
10.5398837	11.0229606	12.274575
11.3364655	11.8560525	13.2022587
11.2516161	11.7673138	13.1034437
11.1678935	11.6797554	13.0059431
11.0228341	11.5280481	12.8370094
11.1193072	11.6289431	12.9493606
10.9860894	11.4896175	12.7942156
12.2370531	12.7979175	14.2510694
13.7942869	14.4265256	16.0645962
17.6761975	18.4863556	20.5854056
23.7809831	24.8709419	27.6949363
34.2067363	35.7745444	39.8365962
52.44068	54.8442094	61.071545
70.2102538	73.4282231	81.765695
63.9219744	66.8517294	74.4424719
45.0053575	47.0681031	52.4124919
28.7057337	30.0214131	33.4302219
20.8163094	21.7703887	24.2423269
16.1415625	16.8813825	18.798195
13.5521294	14.1732688	15.782585
11.57914	12.1098506	13.484875
11.1163539	11.6258531	12.9459225
8.87617531	9.28299981	10.337045
8.701375	9.10018775	10.1334763
8.48759638	8.87661106	9.88451356
8.55774025	8.94997	9.96620356
8.71247506	9.11179662	10.146404
8.672974	9.07048512	10.1004015
8.73281075	9.13306431	10.1700866
9.15096031	9.57037906	10.6570563
9.75742	10.2046348	11.36333
10.8695671	11.3677544	12.6585156
12.9503525	13.5439113	15.0817656
16.6705981	17.4346681	19.4143025
21.7309625	22.7269631	25.3075181
35.5294056	37.1578356	41.3769537
59.786505	62.5267188	69.6263731
4469.67709842301	4474.18568982301	4485.86705082301
2993.11772067381	2997.13412127381	3007.54023017381
50.9346544	53.2691575	59.3176525
29.9692781	31.3428688	34.901725
20.0933231	21.014265	23.4003494
15.09981	15.791885	17.5849869
12.035215	12.5868275	14.0160106
10.3876343	10.863735	12.0972663
9.579679	10.0187474	11.1563362
8.50756856	8.89749862	9.90777287
7.98518375	8.35117106	9.29941244
7.76173225	8.11747812	9.03918431
7.78447375	8.14126187	9.06566875
7.95080438	8.31521575	9.25937475
8.48911656	8.87820062	9.88628419
9.37186369	9.80140731	10.9143175
11.6215731	12.1542275	13.5342906
14.7200375	15.3947075	17.1427125
22.2189675	23.237335	25.8758381
33.211895	34.7341069	38.6780219
60.0614744	62.8142913	69.9465969
2050.83639454405	2054.02160514405	2062.27421324405
35.8195594	37.4612894	41.7148631
21.8507169	22.8522081	25.4469825
14.649265	15.3206894	17.0602912
11.1463056	11.6571781	12.9808025
9.41075638	9.84208237	10.9596094
8.70157962	9.10040169	10.1337143
8.18916537	8.56450181	9.536966
8.0117675	8.37897306	9.33037138
8.44512862	8.83219681	9.83505619
9.79780131	10.2468665	11.4103575
13.2868162	13.8957956	15.4736037
19.5385412	20.434055	22.7542581
27.6705825	28.9388181	32.2247013
33.6637044	35.2066225	39.2041913
22.3511613	23.3755906	26.0297925
13.8434481	14.4779387	16.1218506
10.4771538	10.9573556	12.20152
10.1824202	10.6491147	11.8582781
9.638536	10.0803016	11.2248787
11.0361962	11.5420219	12.85257
14.894475	15.5771375	17.3458587
16.5493988	17.3079125	19.273155
13.5639963	14.1856787	15.7964044
12.02783	12.579105	14.0074106
