#?RADIANCE
genskyvec -m 1
NROWS=146
NCOLS=1
NCOMP=3
FORMAT=ascii

27.0515862	28.2914494	31.5038262
28.4601837	29.7646069	33.1442569
28.8374656	30.1591831	33.5836331
28.8430012	30.1649713	33.5900813
27.9136406	29.1930144	32.5077631
24.9525038	26.0961594	29.0592712
24.1768025	25.284905	28.1559031
23.9053075	25.0009675	27.8397256
23.407245	24.4800769	27.25969
22.996355	24.0503537	26.7811744
27.9432562	29.2239881	32.5422519
27.9164456	29.1959481	32.5110275
31.8296713	33.2885312	37.0683056
33.8130938	35.36286	39.3781688
34.7148906	36.30599	40.4283838
36.416675	38.0857719	42.4102569
35.9498013	37.5975006	41.8665425
36.1250206	37.7807481	42.0705963
33.1828006	34.7036788	38.6441388
30.3151487	31.7045925	35.3045194
29.6815306	31.0419337	34.5666187
26.15615	27.3549731	30.4610194
25.6298644	26.8045663	29.8481156
23.4633725	24.5387775	27.3250537
23.915445	25.0115687	27.85153
25.419455	26.5845125	29.6030756
26.31451	27.5205894	30.6454406
28.2568256	29.5519294	32.9074306
27.3056206	28.5571269	31.799675
28.462405	29.7669313	33.1468437
28.1712225	29.4624019	32.8077369
15.9329131	16.6631706	18.5552063
14.323295	14.97978	16.6806744
15.5953644	16.31015	18.1621019
14.6553744	15.3270781	17.067405
14.3848	15.0441044	16.7523006
13.7947331	14.4269919	16.0651181
15.0218206	15.7103212	17.4941638
16.1207863	16.8596538	18.774
17.2216238	18.0109475	20.0560187
17.5556869	18.3603194	20.4450606
20.148	21.07145	23.4640281
22.5549844	23.5887556	26.2671606
25.7797869	26.96136	30.0227112
28.2092263	29.5021463	32.8519944
29.3343381	30.6788281	34.1622844
29.3362875	30.6808644	34.1645544
28.9322294	30.2582875	33.6939938
25.6905225	26.8680037	29.9187556
22.9258831	23.9766525	26.6991031
20.1905862	21.1159862	23.51362
18.3952969	19.238415	21.4228569
16.8668725	17.6399369	19.6428787
14.7743712	15.45153	17.2059875
14.9661669	15.6521169	17.4293494
14.7882031	15.4659962	17.2220962
15.0610594	15.7513569	17.5398588
14.50035	15.1649469	16.8868662
15.2587813	15.9581419	17.7701231
15.0761338	15.7671225	17.5574144
15.596385	16.3112194	18.16329
9.85582463	10.307549	11.4779288
9.47264575	9.90680838	11.0316862
9.53103606	9.96787525	11.0996869
10.2326825	10.7016798	11.9168119
10.6729791	11.1621556	12.4295744
11.632185	12.1653269	13.5466506
13.0507825	13.6489425	15.1987225
15.1669712	15.862125	17.6632044
17.2434125	18.0337356	20.0813919
21.29392	22.26989	24.7985444
25.891235	27.077915	30.1525
30.6316644	32.0356144	35.6731263
31.005885	32.4269875	36.1089388
27.5577488	28.8208125	32.0932956
22.14184	23.1566744	25.7860206
18.30494	19.1439163	21.31763
14.9510463	15.6363019	17.4117394
13.4975994	14.1162394	15.71908
11.6165988	12.1490256	13.5284981
10.4819524	10.9623744	12.2071075
10.1807568	10.6473732	11.8563394
9.99816175	10.4564097	11.6436925
9.56119506	9.99941731	11.13481
9.92515706	10.38006	11.5586738
8.02051463	8.38812131	9.34055819
8.14751613	8.52094375	9.48846213
8.33080287	8.71263112	9.7019145
8.71746431	9.11701438	10.1522149
9.61767637	10.0584863	11.2005869
10.3987381	10.8753475	12.1101994
12.13456	12.6907275	14.1317075
14.4628769	15.1257581	16.8432275
18.2514256	19.0879494	21.2553081
23.7270756	24.8145656	27.6321575
35.2130581	36.8269887	41.0085444
54.5319569	57.0313369	63.50701
52.9734081	55.4013544	61.6919506
35.4914312	37.1181225	41.3327319
24.56925	25.69534	28.6129388
18.9323288	19.8000606	22.0482756
14.8891031	15.57152	17.3396025
12.5358481	13.1104087	14.5990412
10.8110887	11.3065975	12.5904144
9.66215956	10.1050078	11.25239
8.95043356	9.36066169	10.4235275
8.49875369	8.88827969	9.89750763
8.20011806	8.57595644	9.54972094
8.14485425	8.51815981	9.48536181
7.89795875	8.25994819	9.19783144
8.101041	8.4723385	9.43433781
8.65701831	9.05379825	10.0818195
9.57451731	10.0133484	11.1503225
10.9925156	11.4963375	12.8017
14.42038	15.081315	16.7937362
19.6371019	20.5371362	22.8690444
37.4918	39.2101725	43.6623288
3108.43578071761	3111.78974001761	3120.47954751761
4962.66186847525	4966.73187157525	4977.27689567525
48.44122	50.6614412	56.4138406
24.58659	25.7134738	28.6331356
15.8991675	16.6278781	18.5159044
11.9797094	12.5287788	13.9513706
10.228017	10.6967994	11.9113775
8.97026963	9.38140675	10.4466266
8.24032862	8.61800988	9.59654962
7.94283506	8.30688131	9.25009369
8.611169	9.00584731	10.0284239
9.35133612	9.77993881	10.8904111
10.6597786	11.148351	12.4142
13.587445	14.2102031	15.8237131
20.6693381	21.6166831	24.0711675
44.9774263	47.03889	52.3799644
2835.97519530369	2838.85008780369	2846.29868530369
33.2791481	34.8044406	38.7563413
17.0764775	17.8591487	19.8869825
12.0878088	12.6418312	14.0772613
9.49623538	9.93147962	11.0591581
8.95855856	9.36915844	10.4329889
10.6728891	11.1620625	12.4294681
12.4960163	13.06875	14.5526531
18.055855	18.8834138	21.0275488
26.1416169	27.3397731	30.4440925
15.8790712	16.6068619	18.4925044
11.7074288	12.2440206	13.6342794
14.4350631	15.09667	16.8108344
