#?RADIANCE
genskyvec -m 1
NROWS=146
NCOLS=1
NCOMP=3
FORMAT=ascii

4.75381062	4.97169319	5.53620869
19.773685	20.6799788	23.0281044
20.1924419	21.1179306	23.5157831
21.1599675	22.1297981	24.6425456
23.3427912	24.4126688	27.1846269
28.2183931	29.5117375	32.8626725
36.8646981	38.5543281	42.9320137
50.1968081	52.4974931	58.4583687
80.2659031	83.9447594	93.4763381
121.862623	127.447997	141.919203
114.149157	119.38099	132.936215
99.6592138	104.226929	116.061481
59.9940406	62.7437681	69.868065
40.5416737	42.39983	47.2141575
30.6236981	32.0272837	35.6638512
24.7207919	25.8538281	28.7894237
22.1995206	23.2169994	25.8531937
20.2433962	21.1712175	23.5751206
19.8656713	20.7761819	23.1352331
19.4482344	20.3396113	22.64909
19.6776131	20.5795025	22.9162219
20.0588556	20.9782181	23.36021
19.6638581	20.5651206	22.9002037
19.5839581	20.4815556	22.8071537
20.1344537	21.0572806	23.4482481
19.4546325	20.3463012	22.65654
20.0292594	20.9472656	23.3257437
19.5282306	20.4232744	22.7422531
19.6985806	20.60143	22.9406387
19.1573369	20.0353813	22.3103175
19.3615469	20.2489494	22.548135
16.2986975	17.04572	18.9811919
16.043205	16.7785175	18.6836487
18.0469487	18.8741006	21.0171762
19.9414012	20.8553806	23.223425
25.124845	26.2763994	29.2599775
32.7046663	34.20363	38.0873119
47.1968238	49.3600088	54.9646356
76.7675975	80.2861094	89.4022688
919.171617016285	925.363137016285	941.404824016285
1685.51139876741	1692.72354276741	1711.40959276741
96.6584513	101.088626	112.566825
58.2908706	60.9625337	67.8845788
39.2750844	41.07519	45.73911
27.5312656	28.7931144	32.0624544
21.7451031	22.7417531	25.3239863
18.3381656	19.1786644	21.3563231
17.9524538	18.7752731	20.9071281
15.9853037	16.7179625	18.6162194
15.6754469	16.3939044	18.255365
15.1447656	15.8389	17.6373419
15.352295	16.0559413	17.8790294
15.7242012	16.4448956	18.3121463
15.0785844	15.7696862	17.56027
16.0702644	16.8068169	18.7151625
16.291685	17.0383869	18.9730244
16.4307531	17.1838287	19.1349819
15.7303281	16.4513006	18.3192794
15.8855544	16.6136425	18.5000506
15.5726975	16.2864444	18.1357038
15.8847394	16.6127887	18.499105
12.2369813	12.7978438	14.2509869
12.4303869	13.0001131	14.4762237
13.8846425	14.5210219	16.1698256
18.0546669	18.8821719	21.0261644
25.4376212	26.6035113	29.6242319
41.4146312	43.3128019	48.2307925
69.6925644	72.88681	81.1628113
667.751997970262	672.242438770262	683.876775770262
65.1600106	68.1465063	75.8842675
39.101945	40.8941169	45.5374769
25.5624031	26.7340113	29.7695506
17.8225563	18.6394206	20.7558525
14.3959075	15.0557187	16.7652344
12.6813356	13.2625619	14.7684719
12.1475069	12.7042694	14.1467862
11.9706213	12.5192744	13.9407869
11.6328337	12.1660037	13.5474037
12.1408712	12.6973281	14.1390569
11.8429994	12.3858019	13.7921581
11.4477694	11.9724588	13.3318819
11.8228244	12.3647031	13.7686656
11.8663194	12.4101925	13.8193187
11.4669263	11.9924931	13.3541912
11.8877375	12.4325938	13.8442606
10.0626024	10.523804	11.7187387
10.7449813	11.2374587	12.5134256
12.0146681	12.5653425	13.992085
14.1612356	14.8102913	16.4919419
19.8317369	20.7406919	23.0957119
25.7373094	26.9169344	29.9732438
36.8779413	38.5681794	42.94744
43.7037563	45.7068425	50.8966681
34.8071931	36.4025206	40.5358794
26.0306294	27.2236987	30.3148394
18.4319994	19.2767987	21.4655994
13.8207663	14.4542181	16.095435
12.0832725	12.6370881	14.0719787
10.7744764	11.2683069	12.5477781
10.1658392	10.6317734	11.8389681
9.73473363	10.1809086	11.3369081
9.5877665	10.0272056	11.1657544
9.58067963	10.0197952	11.1575
9.69887256	10.1434044	11.2951475
9.65790556	10.100559	11.2474362
9.69780738	10.1422901	11.2939056
9.75878719	10.2060658	11.3649231
9.68343119	10.1272554	11.2771619
9.93412419	10.3894382	11.5691163
8.98575831	9.39760531	10.4646647
9.87084231	10.3232561	11.4954206
11.3550594	11.8754994	13.2239131
14.7487869	15.4247719	17.1761937
19.1688587	20.0474306	22.3237344
22.4020675	23.4288269	26.0890756
21.4697194	22.4537475	25.0032781
16.2146187	16.9577887	18.8832763
12.90226	13.4936137	15.0257581
10.5643877	11.0485881	12.30311
9.321947	9.74920275	10.8561863
8.86055338	9.26666188	10.3188528
8.61194219	9.00665594	10.0293246
8.44149431	8.82839612	9.8308245
8.33592369	8.71798675	9.70787825
8.3711205	8.7547965	9.748868
8.51546438	8.90575656	9.91696862
8.65089269	9.04739175	10.0746859
8.60590138	9.00033831	10.0222899
9.52436544	9.96089913	11.0919181
11.8977031	12.4430144	13.8558694
14.6031212	15.2724294	17.0065525
13.7569513	14.3874769	16.0211163
11.2851981	11.8024363	13.1425538
9.55392425	9.99181294	11.1263419
8.56118294	8.95357037	9.97021138
8.05704994	8.42633087	9.38310644
7.88128481	8.24251031	9.17841325
7.9269075	8.29022387	9.231545
8.04938069	8.4183105	9.37417506
8.40822044	8.79359688	9.79207375
9.38810837	9.81839575	10.9332344
9.85008175	10.3015447	11.4712437
9.08306481	9.49937137	10.5779858
8.05368494	8.42281206	9.37918763
7.89855925	8.26057613	9.19853063
8.55605056	8.94820256	9.96423488
