#?RADIANCE
genskyvec -m 1
NROWS=146
NCOLS=1
NCOMP=3
FORMAT=ascii

16.7905788	17.5601469	19.5540281
34.0940144	35.6566575	39.7053237
33.55248	35.0902994	39.07466
33.7344913	35.2806556	39.28663
34.67202	36.2611537	40.3784575
36.8631331	38.5526931	42.9301931
40.2455187	42.0901044	46.8692631
45.1360113	47.2047425	52.5646488
54.1263206	56.6071094	63.0346131
66.768155	69.8283625	77.7570869
72.1119819	75.4171119	83.9804163
86.7996831	90.7780019	101.085468
80.7846981	84.4873238	94.0805187
72.4984906	75.8213344	84.4305331
63.0257031	65.9143813	73.3986881
51.687965	54.0569962	60.1949463
45.3907375	47.4711438	52.8612981
39.4746162	41.2838681	45.9714831
37.0031669	38.6991437	43.0932737
34.5307313	36.1133906	40.2139163
34.3026069	35.8748094	39.9482475
34.2779763	35.8490513	39.9195637
34.133435	35.6978831	39.75123
34.117775	35.6815056	39.7329944
35.4930313	37.1197937	41.3345962
35.3616612	36.9824025	41.181605
36.476595	38.1484375	42.4800369
36.0295519	37.6809056	41.9594169
35.72991	37.3675281	41.61046
34.71989	36.3112175	40.4342069
34.1573381	35.7228806	39.7790688
27.3760106	28.6307438	31.8816462
26.2181625	27.4198269	30.5332363
28.2434887	29.5379806	32.8918981
29.2019244	30.540345	34.008075
32.4185094	33.9043575	37.7540581
36.3376369	38.0031106	42.31821
43.3306513	45.3166363	50.4621563
54.3924138	56.8853969	63.3445031
71.3512881	74.6215513	83.0945225
92.778635	97.0309931	108.048471
108.742326	113.726338	126.639494
108.934075	113.926881	126.862788
90.8418288	95.0054081	105.792881
70.8342694	74.0808369	82.4924106
55.5923744	58.1403581	64.7419581
43.0974169	45.0727131	50.1905344
37.9322819	39.6708437	44.1753069
31.6729262	33.1246031	36.8857663
28.9505437	30.2774444	33.7153231
26.9783787	28.214885	31.4185694
26.6063194	27.825775	30.9852775
26.901605	28.134595	31.3291625
25.8692088	27.0548806	30.1268512
27.7428175	29.0143619	32.3088231
28.3857581	29.6867694	33.0575819
28.8392019	30.1609975	33.585655
27.6844263	28.953295	32.2408225
27.9061844	29.1852194	32.4990813
27.1028144	28.3450244	31.5634875
27.26692	28.5166519	31.7546012
20.8435725	21.7989025	24.2740819
20.8875613	21.844905	24.3253056
22.4189663	23.4465006	26.1087563
26.3822963	27.5914831	30.7243831
32.3060988	33.7867969	37.6231494
43.7022225	45.70524	50.8948831
63.8805713	66.8084281	74.3942506
99.0594463	103.599664	115.362982
140.522488	146.963087	163.650162
134.855775	141.03665	157.0508
93.2903919	97.5661975	108.644439
56.7583838	59.3598087	66.0998687
39.3226931	41.1249856	45.7945581
30.2453613	31.6316063	35.2232456
25.2136162	26.3692394	29.3633581
22.7655919	23.8090137	26.51243
20.979075	21.9406144	24.4318806
21.2776431	22.2528681	24.77959
20.6505344	21.5970175	24.0492706
20.0321275	20.9502662	23.3290825
20.7198031	21.6694587	24.1299363
20.8186419	21.7728294	24.2450444
20.0698931	20.9897612	23.373065
20.633405	21.5791013	24.0293225
17.893365	18.7134781	20.8383156
18.9417656	19.80993	22.0592656
20.9069275	21.86516	24.3478612
23.7995706	24.8903825	27.7165844
31.3766425	32.8147363	36.5407175
39.8802687	41.7081113	46.4438969
64.3865844	67.3376369	74.9835475
106.166057	111.031999	123.639212
3404.82464307377	3412.84819307377	3433.63648607377
2331.73052563408	2338.82419363408	2357.20323163408
90.7406588	94.8996094	105.675059
54.8742206	57.3892869	63.9056069
40.0172819	41.851405	46.6034594
28.5802475	29.8901738	33.2840806
23.2207375	24.2850194	27.0424844
20.4305775	21.3669806	23.7931125
18.655595	19.5106425	21.7259969
17.8129819	18.6294094	20.7447031
17.5102694	18.3128244	20.3921688
17.2711487	18.0627437	20.1136938
17.2782837	18.0702031	20.122
17.3651894	18.1610931	20.22321
17.2568606	18.0478	20.0970538
17.6091875	18.4162731	20.5073675
16.9953562	17.7743087	19.7925094
18.8744212	19.7394981	21.9808362
22.3979181	23.4244887	26.0842431
29.7937419	31.1592863	34.697295
42.8262544	44.7891206	49.8747431
75.0315487	78.4704887	87.3804931
1320.49487724662	1325.35027224662	1337.93020324662
88.6613756	92.7250294	103.253573
58.4767619	61.156945	68.1010656
36.7093062	38.3918162	42.7510488
26.7641987	27.9908906	31.16914
21.1526744	22.1221712	24.634055
18.1539475	18.9860013	21.1417831
16.5705912	17.3300744	19.2978344
15.9559869	16.6873025	18.5820794
15.7144956	16.4347419	18.30084
15.8438556	16.5700331	18.4514919
16.1855338	16.9273706	18.8494025
17.762005	18.5760956	20.6853356
21.3062719	22.2828075	24.8129294
29.5858263	30.9418412	34.4551612
46.3464569	48.47067	53.9743144
55.7109713	58.2643894	64.8800725
47.0291419	49.1846444	54.7693587
32.7595231	34.261	38.1511969
23.9221538	25.0185869	27.8593438
18.6758638	19.5318425	21.7496
16.7595025	17.5276444	19.5178381
15.859985	16.5868987	18.470275
16.4470644	17.2008894	19.15398
19.8848094	20.7961956	23.1575194
25.5375969	26.7080712	29.7406644
31.7820444	33.2387212	37.0128406
29.0352944	30.3660756	33.8140194
20.6433962	21.5895531	24.0409575
18.2608087	19.0977619	21.2662338
23.2602469	24.3263406	27.0884969
