#?RADIANCE
genskyvec -m 1
NROWS=146
NCOLS=1
NCOMP=3
FORMAT=ascii

11.0922731	11.6006688	12.9178769
28.1555775	29.4460413	32.7895194
27.8828175	29.1607794	32.4718644
28.543435	29.851675	33.24121
30.1618406	31.5442575	35.1259781
33.2827737	34.8082325	38.7605656
38.763215	40.5398594	45.142995
46.5328644	48.6656181	54.1913988
60.8454662	63.634215	70.8596188
80.15215	83.8257894	93.3438612
88.9398119	93.01622	103.577825
100.577527	105.187324	117.130926
82.0885406	85.8509275	95.5989356
64.2726219	67.2184469	74.8508269
50.6716787	52.9941312	59.0113962
40.5504156	42.4089762	47.2243406
34.7219362	36.3133556	40.43659
31.1669538	32.5954375	36.2965163
28.93838	30.2647212	33.7011562
27.6784756	28.9470694	32.2338919
28.6953275	30.0105294	33.4181006
28.9493194	30.2761619	33.7138956
29.5561488	30.9108056	34.4206006
29.4928431	30.8445987	34.3468769
31.34013	32.7765506	36.4981931
31.3334837	32.7696	36.4904538
32.2671438	33.7460544	37.5777794
31.6054881	33.0540706	36.8072244
30.5202775	31.9191231	35.5434081
29.2467225	30.5871969	34.0602494
28.2750369	29.5709762	32.92864
20.0061369	20.9230837	23.2988162
18.7901444	19.6513587	21.88269
21.1066594	22.0740469	24.5804637
22.3199025	23.3428969	25.9933875
26.1745475	27.3742131	30.4824431
30.8762881	32.2914512	35.9580131
40.3455463	42.1947162	46.9857544
56.1870506	58.7622869	65.4345062
81.2834694	85.0089594	94.6613837
108.465595	113.436943	126.317244
114.548362	119.798481	133.4011
90.5521313	94.7024319	105.455519
65.3802469	68.3768406	76.1407519
45.6861869	47.7801369	53.2053731
34.4123238	35.9895531	40.0760188
26.8209206	28.0502125	31.2351994
25.0755025	26.2247944	29.2025119
20.7586	21.7100338	24.1751206
19.678105	20.5800175	22.9167944
18.5736031	19.4248919	21.6305081
18.9850681	19.8552169	22.1096956
19.8769463	20.7879706	23.14836
18.9872256	19.8574712	22.1122081
21.2495069	22.2234437	24.7468244
21.8984019	22.9020769	25.502515
22.2919631	23.31368	25.9608519
20.8044169	21.757955	24.2284794
20.868525	21.8249988	24.3031381
19.8406894	20.7500556	23.1061387
19.9067412	20.8191344	23.18306
13.0638806	13.6626419	15.2139794
12.9603	13.5543144	15.0933494
14.2674881	14.921415	16.6156806
18.1323813	18.9634488	21.1166706
23.874025	24.9682513	27.8032944
35.8336856	37.4760619	41.731315
58.8672987	61.5653806	68.5558788
1495.51866298718	1500.30222998718	1512.69602398718
2678.3868784883	2684.4262164883	2700.0736224883
77.1901625	80.7280406	89.8943731
46.0608906	48.1720137	53.6417469
28.1638681	29.45471	32.7991706
20.1027413	21.0241163	23.4113194
15.9222031	16.6519712	18.5427337
14.1572069	14.8060775	16.4872488
13.4235031	14.0387456	15.6327856
12.7116806	13.2943006	14.8038137
13.5942838	14.2173544	15.8316775
13.2424413	13.8493875	15.4219287
12.6551356	13.2351606	14.73796
13.37981	13.99305	15.5819019
13.4010975	14.0153138	15.6066969
12.5003813	13.0733131	14.5577344
12.9732406	13.5678475	15.1084213
9.7197565	10.1652455	11.3194675
10.4404046	10.9189231	12.1587225
11.6607456	12.1951963	13.5799094
13.7917856	14.42391	16.0616844
19.3979869	20.2870619	22.5905737
25.6307306	26.8054713	29.8491231
43.0587531	45.0322781	50.1455081
68.6907994	71.8391281	79.9961606
1925.34856223015	1928.81526163015	1937.79718283015
52.9665325	55.3941638	61.6839444
32.47208	33.9603831	37.816445
20.7806125	21.7330581	24.2007562
16.3196369	17.06762	19.0055787
12.8234694	13.4112125	14.9340006
11.0984184	11.6070962	12.9250337
10.0332872	10.4931465	11.6846
9.54701306	9.98458525	11.1182938
9.43407869	9.86647475	10.9867706
9.60880581	10.0492091	11.1902546
9.55685119	9.99487231	11.1297497
9.62980163	10.0711673	11.2147064
9.69274163	10.1369918	11.2880073
9.47576075	9.91006656	11.0353127
9.74703262	10.1937717	11.3512325
8.15872844	8.53266988	9.50151975
9.18387119	9.60479856	10.6953847
10.9234838	11.4241425	12.7213081
15.0594419	15.7496644	17.5379738
21.7382731	22.73461	25.3160313
32.8621756	34.3683587	38.2707444
37.23778	38.9445094	43.3664994
27.1830156	28.4289044	31.6568888
19.0459706	19.9189081	22.1806206
13.2740694	13.8824644	15.4587588
10.2645108	10.7349669	11.9538787
8.91222356	9.32070056	10.379028
8.14715494	8.52056619	9.48804106
7.69374919	8.04637912	8.96001256
7.46970206	7.81206325	8.69909094
7.48001481	7.82284875	8.71110113
7.65603544	8.00693669	8.91609162
7.78831537	8.14527944	9.07014256
7.69016919	8.042635	8.95584319
8.97421894	9.38553681	10.4512261
12.4427731	13.0130675	14.4906481
18.0993744	18.9289294	21.0782319
18.6984375	19.5554488	21.7758913
14.7379869	15.4134788	17.1636156
11.0006652	11.5048613	12.8111913
8.70200338	9.10084444	10.1342077
7.40703581	7.74652469	8.62611081
6.91316881	7.23002219	8.0509615
6.841959	7.15554869	7.96803181
6.98373875	7.30382644	8.13314606
7.66631556	8.01768825	8.92806394
9.37668256	9.80644625	10.9199276
10.7628365	11.2561337	12.5342212
9.6864645	10.1304274	11.2806956
7.47290738	7.81541544	8.70282394
6.98775719	7.30802938	8.13782619
8.25744738	8.63591362	9.61648631
