#?RADIANCE
genskyvec -m 1
NROWS=146
NCOLS=1
NCOMP=3
FORMAT=ascii

5.12288287	5.35768169	5.96602406
18.7831181	19.6440113	21.8745075
19.1675187	20.04603	22.3221725
20.0448625	20.9635863	23.3439156
22.0293206	23.0389969	25.6549812
26.46134	27.6741506	30.8164363
34.2579675	35.8281231	39.89626
46.1954531	48.3127431	53.7984569
72.9514244	76.2950312	84.95802
109.721444	114.750342	127.779763
104.378648	109.162653	121.557624
94.1325969	98.4470006	109.625246
57.43832	60.0709081	66.8917137
39.0213075	40.8097806	45.443565
29.4903481	30.8419881	34.3439706
23.723025	24.8103313	27.6274425
21.2403269	22.2138412	24.7361331
19.3340175	20.22016	22.5160781
18.9334969	19.8012825	22.0496362
18.5033431	19.3514125	21.5486856
18.6972687	19.5542256	21.7745275
19.03471	19.9071338	22.1675069
18.6714806	19.5272537	21.7444956
18.5959744	19.44829	21.6565631
19.1000775	19.9754975	22.2436338
18.4821669	19.3292656	21.524025
19.0124887	19.8838944	22.1416281
18.5559275	19.4064081	21.6099244
18.7147031	19.5724594	21.7948337
18.22023	19.0553237	21.2189775
18.4049137	19.2484706	21.4340569
15.5257769	16.2373763	18.0810619
15.2809625	15.9813387	17.7959525
17.152595	17.9387569	19.9756281
18.9085838	19.7752256	22.0206212
23.7119994	24.7987994	27.6146013
30.7323506	32.1409169	35.7903856
44.0132969	46.0305731	51.2571563
70.9547119	74.2068006	82.6326806
930.488758996327	936.141699996326	950.788027996326
1847.47704897766	1854.48181697766	1872.63053597766
95.2545312	99.6203656	110.931849
57.4002012	60.0310438	66.8473225
38.46859	40.2317331	44.7998806
26.8160831	28.0451519	31.2295656
21.0722088	22.0380163	24.5403413
17.6664181	18.4761281	20.5740156
17.212695	18.0016081	20.0456181
15.2947163	15.9957237	17.8119731
14.9673006	15.6533019	17.4306688
14.4486137	15.1108425	16.8266156
14.6309594	15.3015425	17.03897
14.973755	15.6600506	17.4381844
14.3617312	15.0199787	16.7254344
15.2944025	15.995395	17.8116069
15.5062875	16.2169912	18.0583644
15.6397594	16.3565819	18.2138038
14.9835925	15.67034	17.4496419
15.1332837	15.8268919	17.62397
14.8414188	15.5216481	17.2840675
15.1379	15.8317194	17.6293469
11.6885456	12.2242694	13.6122863
11.8733231	12.417515	13.8274731
13.2525038	13.8599087	15.4336456
17.188405	17.9762056	20.0173306
24.1733181	25.28126	28.1518444
39.3791706	41.1840481	45.8603281
67.0802275	70.1547369	78.1205181
801.685578407288	806.211458507288	817.937597507288
65.9737144	68.9975106	76.8318944
39.0695906	40.8602806	45.4997969
25.2705275	26.4287594	29.4296381
17.3972613	18.1946362	20.2605625
13.9314575	14.5699819	16.2243437
12.2060313	12.7654756	14.2149425
11.6448331	12.1785538	13.5613794
11.44942	11.9741837	13.3338025
11.1115044	11.6207819	12.9402731
11.5863487	12.1173906	13.4932706
11.2997706	11.8176756	13.1595225
10.924485	11.4251888	12.7224731
11.2825575	11.7996719	13.1394769
11.3272575	11.8464237	13.1915369
10.9519044	11.4538662	12.7544081
11.3548269	11.8752556	13.2236431
9.62702925	10.0682678	11.2114781
10.2836218	10.7549556	11.9761356
11.509095	12.0365944	13.4033006
13.5756806	14.1978975	15.8100125
19.0707513	19.9448275	22.2094812
24.8801231	26.0204625	28.9749788
36.2941862	37.95767	42.2676062
43.7747469	45.7810875	50.9793444
35.0743669	36.6819394	40.8470244
26.0530588	27.2471556	30.3409581
18.2467488	19.0830563	21.2498606
13.5314575	14.1516463	15.7585088
11.74257	12.2807706	13.6752013
10.3924502	10.86877	12.102875
9.76420169	10.2117277	11.3712275
9.33015194	9.75778394	10.8657413
9.17351681	9.59396994	10.683325
9.15770875	9.57743688	10.6649159
9.26492525	9.68956731	10.7897779
9.2246765	9.64747425	10.7429062
9.26355075	9.68813038	10.7881769
9.32433675	9.75170188	10.8589681
9.25620319	9.68044531	10.7796206
9.49824775	9.93358438	11.0615019
8.60966775	9.00427719	10.0266756
9.47325275	9.90744244	11.0323944
10.934065	11.4352075	12.7336288
14.2819775	14.9365687	16.632555
18.7389837	19.5978525	21.8231088
22.2337656	23.2528131	25.893075
21.4191669	22.40088	24.9444081
16.0686119	16.8050887	18.7132381
12.6695369	13.2502244	14.7547331
10.2658932	10.7364131	11.9554881
9.00143144	9.41399644	10.4829187
8.51439237	8.90463531	9.91572069
8.25206375	8.63028313	9.61021681
8.07695375	8.44714725	9.40628606
7.97290338	8.33832775	9.28511088
8.00567913	8.37260588	9.323281
8.145666	8.51900875	9.48630719
8.28059325	8.66012025	9.64344156
8.2644925	8.64328181	9.62469106
9.18446663	9.60542056	10.6960781
11.5577631	12.0874944	13.4599794
14.3368794	14.9939863	16.6964925
13.5488431	14.1698312	15.7787581
11.0517467	11.5582844	12.8706812
9.27691006	9.70210069	10.8037356
8.25916356	8.63770844	9.61848475
7.735896	8.09045744	9.00909581
7.5542565	7.90049294	8.79756156
7.59161863	7.93956763	8.84107312
7.71814019	8.07188794	8.98841787
8.09956563	8.47079556	9.43261937
9.09444356	9.51127194	10.5912382
9.58289812	10.0221132	11.1600844
8.81038525	9.21419388	10.2604281
7.75793688	8.11350888	9.03476431
7.59170213	7.93965487	8.84117037
8.26792362	8.64687	9.62868625
