#?RADIANCE
genskyvec -m 1
NROWS=146
NCOLS=1
NCOMP=3
FORMAT=ascii

27.1611844	28.4060706	31.6314612
28.5120519	29.8188531	33.2046606
29.8110425	31.1773813	34.7174456
30.3682706	31.7601481	35.3663856
29.8266881	31.1937425	34.735665
26.7524513	27.9786013	31.1554594
25.6053187	26.7788969	29.8195313
24.7827144	25.9185875	28.8615363
23.27566	24.3424581	27.1064456
21.905375	22.9093706	25.510635
26.2668425	27.4707388	30.5899294
25.3743419	26.5373319	29.5505381
29.02308	30.3533025	33.7997956
31.0733544	32.4975487	36.1875131
32.4071631	33.89249	37.7408425
35.1905019	36.8034	40.9822756
36.1682262	37.8259344	42.1209156
37.5958813	39.319025	43.78354
35.9194638	37.5657719	41.8312106
33.7828556	35.3312369	39.3429531
33.1418112	34.6608088	38.5964031
29.3929125	30.7400863	34.2304969
28.0939519	29.3815894	32.71775
25.2244775	26.3805981	29.3760069
24.7182494	25.8511694	28.7864638
25.1170987	26.2683	29.2509569
25.2785156	26.4371131	29.4389394
26.813265	28.0422069	31.2262825
25.9609219	27.1507975	30.2336569
27.36393	28.6181094	31.86758
27.6813937	28.9501237	32.2372919
16.0181131	16.7522762	18.6544275
14.63851	15.3094412	17.047765
16.1807756	16.9223925	18.8438612
15.2801119	15.9804494	17.794965
14.8352025	15.5151506	17.2768306
13.8227519	14.4562956	16.0977475
14.7675606	15.4444075	17.1980556
15.2971381	15.9982569	17.8147925
15.6279844	16.3442675	18.2000925
15.3775169	16.0823188	17.9084006
17.4579331	18.258085	20.3312156
19.4399188	20.3309144	22.6394069
22.5231138	23.5554231	26.2300456
25.10562	26.2562913	29.2375887
27.1665613	28.4116931	31.6377237
29.3167406	30.6604231	34.1417888
30.7134725	32.1211706	35.7683987
29.213945	30.5529175	34.0220756
26.7953338	28.0234531	31.2054006
23.8508606	24.9440225	27.7763156
21.6028637	22.5929944	25.158335
19.50252	20.396385	22.7123113
16.768495	17.5370487	19.5283075
16.2656187	17.011125	18.94267
15.4310431	16.1383	17.9707375
15.1861931	15.8822256	17.6855869
14.3167906	14.9729769	16.6730981
14.8607906	15.5419088	17.3066287
14.7438369	15.4195962	17.1704281
15.4021387	16.1080681	17.937075
9.91825588	10.3728413	11.5506356
9.53147931	9.96833862	11.1002031
9.5355915	9.97263881	11.1049931
10.1207185	10.5845835	11.7864213
10.2133431	10.6814553	11.8942913
10.6942885	11.1844425	12.4543887
11.5625231	12.0924719	13.4655219
13.0442794	13.64214	15.1911525
14.4482662	15.1104781	16.8262119
17.4591181	18.2593262	20.3325981
20.8114288	21.7652844	24.2366456
26.346945	27.55451	30.6832125
31.2478338	32.680025	36.3907081
32.6097581	34.10437	37.9767825
28.1500638	29.4402737	32.7830975
22.9619881	24.0144125	26.7411506
18.1772288	19.01035	21.1688975
15.9606419	16.6921713	18.5874994
13.3259812	13.9367544	15.5192169
11.6806331	12.2159944	13.6030706
10.8560963	11.3536669	12.64283
10.3214985	10.7945687	12.0202469
9.70456062	10.1493526	11.3017706
9.95665181	10.4129976	11.5953513
8.06609906	8.43579494	9.39364481
8.08723481	8.45789975	9.41825956
8.09778462	8.46893294	9.43054544
8.31568762	8.69682306	9.68431163
8.87712225	9.28399031	10.3381494
9.35804338	9.78695337	10.8982231
10.5228524	11.0051494	12.2547394
12.0899963	12.64412	14.0798069
14.3960962	15.0559162	16.7654538
17.4840225	18.2853731	20.3616013
23.70517	24.7916563	27.6066463
37.3705231	39.0833369	43.5210931
48.2738806	50.4864312	56.2189594
49.32621	51.5869931	57.4444831
37.2793081	38.9879431	43.4148631
27.2390512	28.4875056	31.7221463
19.4512013	20.342715	22.6525469
15.3545938	16.0583444	17.8817038
12.66017	13.2404294	14.7438256
10.9526225	11.4546169	12.7552412
9.83420738	10.2849426	11.4527562
9.02923631	9.44307594	10.5152981
8.51829719	8.908719	9.92026787
8.31173631	8.69269069	9.67970988
7.9650085	8.3300715	9.27591688
7.93022356	8.29369194	9.23540644
8.21622881	8.59280594	9.56848375
8.77438825	9.17654719	10.2185064
9.73018975	10.1761562	11.3316169
11.918125	12.4643712	13.8796513
14.7507731	15.4268506	17.1785069
22.9457787	23.99746	26.7222744
38.8087288	40.5874606	45.1960013
4072.66538749351	4076.69819499351	4087.14682509351
4220.00958780668	4224.38491710668	4235.72100090668
41.7300356	43.6426619	48.5981075
22.1573337	23.1728787	25.8040644
14.6740037	15.3465606	17.0890988
11.8008088	12.3416775	13.743025
9.91808619	10.3726641	11.5504375
8.79134581	9.19428187	10.2382547
8.22393831	8.60086881	9.57746219
8.63217625	9.02781738	10.0528896
9.00939719	9.42232756	10.492195
9.75819919	10.2054493	11.3642375
11.5978031	12.1293669	13.5066094
15.8211125	16.546245	18.425005
30.177725	31.5608681	35.1444756
2712.26076655052	2715.15275465052	2722.64565345052
51.7646375	54.1371819	60.2842362
23.276675	24.3435225	27.1076294
14.2953769	14.9505819	16.6481588
10.3906168	10.8668537	12.1007419
9.36132594	9.79038662	10.9020456
10.7138997	11.2049525	12.4772306
11.7939312	12.3344863	13.7350175
15.9846788	16.7173088	18.6154906
24.9694769	26.11391	29.0790375
17.6110213	18.4181931	20.5095012
12.55616	13.1316512	14.6226975
14.3466238	15.004175	16.7078381
