#?RADIANCE
genskyvec -m 1
NROWS=146
NCOLS=1
NCOMP=3
FORMAT=ascii

1.84950338	1.93427219	2.15390094
14.6477925	15.3191481	17.0585744
15.1136787	15.8063875	17.6011388
16.0946981	16.8323706	18.7436175
18.3989969	19.2422825	21.427165
23.6700831	24.7549625	27.5657869
31.8021975	33.2597969	37.03631
43.5625125	45.5591262	50.7321781
70.2298931	73.4487606	81.7885694
406.339190527368	411.301194527368	424.157292527368
80.7570681	84.4584325	94.0483387
61.5404644	64.3610656	71.6690006
37.6096044	39.3333788	43.7995213
26.7429025	27.9686194	31.14434
21.2432744	22.2169225	24.7395644
17.3133125	18.1068394	20.1627969
15.9996775	16.732995	18.6329588
14.082505	14.7279538	16.4002513
14.4322306	15.0937081	16.8075363
14.355085	15.0130263	16.7176938
14.2592944	14.9128444	16.6061369
15.1895956	15.885785	17.6895519
14.7429856	15.4187056	17.1694369
15.1671863	15.86235	17.6634544
15.4349756	16.14241	17.9753175
14.6205794	15.2906881	17.026885
14.9684288	15.6544806	17.4319838
14.2999844	14.9554	16.6535237
14.6593056	15.3311919	17.071985
14.0605033	14.7049444	16.3746294
14.3366475	14.9937444	16.6962238
13.81068	14.4436694	16.0836888
13.9608744	14.6007469	16.2586006
15.8458431	16.57211	18.4538044
18.1280681	18.9589369	21.1116475
23.2731544	24.3398375	27.1035269
30.1001044	31.4796919	35.0540819
42.2642338	44.2013425	49.2202244
64.8720231	67.8453231	75.5488831
435.886397190988	440.552214190988	452.640919190988
311.184315310747	314.626466010747	323.544782210747
53.5766719	56.0322675	62.3945006
36.67013	38.3508431	42.7054238
27.4060069	28.662115	31.9165794
20.7170669	21.6665975	24.1267494
17.1966706	17.9848506	20.0269581
14.9481094	15.63323	17.4083194
14.6190975	15.2891387	17.0251587
13.2717437	13.8800313	15.4560519
13.1613294	13.7645569	15.3274662
12.9415625	13.5347181	15.0715287
13.2195975	13.8254944	15.3953225
13.6638938	14.290155	15.9127456
13.3112056	13.9213012	15.5020081
14.0474875	14.6913281	16.35947
14.2381863	14.89077	16.5815569
14.2347488	14.8871731	16.5775519
13.5837656	14.2063544	15.8194269
13.5159131	14.1353919	15.7404081
13.2059394	13.8112138	15.3794206
13.4322288	14.0478725	15.6429506
10.5541734	11.0379061	12.291215
10.7983445	11.2932688	12.5755713
12.2822831	12.8452206	14.3037444
16.2399475	16.9842794	18.9127719
22.0808925	23.0929331	25.7150419
32.4188794	33.9047438	37.7544881
44.5281606	46.5690319	51.8567563
47.8169469	50.0085556	55.6868213
34.0434475	35.6037713	39.6464331
24.1695875	25.2773575	28.1475006
17.8876012	18.7074494	20.8316025
13.8300488	14.463925	16.106245
11.6832756	12.2187594	13.60615
10.4774656	10.9576816	12.2018812
10.2127312	10.6808141	11.8935781
10.2110327	10.6790384	11.8916006
10.0399202	10.5000828	11.692325
10.6514359	11.1396257	12.4044844
10.420262	10.897857	12.1352631
10.0055294	10.4641159	11.6522725
10.3312729	10.8047879	12.0316281
10.2997411	10.7718125	11.9949063
9.8098125	10.2594289	11.4243456
10.1651179	10.6310193	11.8381281
8.22018213	8.59694031	9.57308712
8.8689735	9.2754675	10.3286599
9.91498956	10.3694271	11.5468338
11.6337832	12.1669987	13.5485119
15.5027325	16.2132744	18.0542269
18.61811	19.4714394	21.6823425
22.5294187	23.562015	26.2373863
24.0132875	25.1138981	27.9654781
19.5155425	20.4100056	22.7274781
15.9634425	16.6950981	18.5907581
12.4873325	13.0596675	14.5425394
10.0458198	10.5062536	11.6991969
9.17793706	9.59859281	10.6884733
8.48646481	8.87542725	9.88319581
8.14427231	8.51755125	9.48468525
7.83293194	8.19194106	9.12210237
7.80607637	8.16385469	9.09082706
7.88397525	8.24532387	9.18154637
8.07217306	8.4421475	9.400719
8.02982187	8.39785506	9.35139706
8.04842263	8.4173085	9.37305944
8.05986306	8.42927325	9.38638294
7.91738544	8.28026519	9.22045575
8.15541781	8.52920731	9.49766431
6.88357706	7.199074	8.01649975
7.5869855	7.93472231	8.83567756
8.55189612	8.94385769	9.95939644
10.6621914	11.1508756	12.4170131
12.7352406	13.3189381	14.8312506
13.4304475	14.0460081	15.6408737
12.7324237	13.3159931	14.8279688
10.3764561	10.8520441	12.08425
8.78502131	9.18766681	10.2308899
7.62303275	7.97242131	8.87765725
6.82840506	7.14137319	7.95224719
6.67939238	6.98553094	7.77870944
6.59575862	6.89806419	7.68131106
6.49866088	6.79651587	7.5682325
6.3916305	6.68457994	7.44358662
6.42664819	6.72120281	7.48436781
6.55619819	6.8566905	7.63523969
6.63372919	6.93777487	7.72553075
6.23018206	6.51573163	7.25556644
6.729839	7.03828981	7.83745856
8.10460113	8.47606194	9.43848375
9.30471156	9.73117781	10.8361128
8.62820194	9.02366025	10.0482604
7.38115656	7.71945925	8.59597194
6.55215963	6.85246688	7.6305365
6.01413869	6.28978644	7.003966
5.78628562	6.05149031	6.73861194
5.6842895	5.94481937	6.61982919
5.77849406	6.04334162	6.72953837
5.79150419	6.05694794	6.7446895
5.76153831	6.02560869	6.70979181
6.2568005	6.54357031	7.28656594
6.42564169	6.72015019	7.48319556
6.03491187	6.31151206	7.02815812
5.47649644	5.7275025	6.37783675
5.44494619	5.69450587	6.34109375
5.70736594	5.96895356	6.64670369
