#?RADIANCE
genskyvec -m 1
NROWS=146
NCOLS=1
NCOMP=3
FORMAT=ascii

6.78422331	7.095167	7.900794
26.7236425	27.9484781	31.1219125
26.4504969	27.6628106	30.8038069
26.7080694	27.9321862	31.1037731
27.9325281	29.2127669	32.5297581
31.50303	32.9469181	36.6879044
34.8077656	36.4031212	40.5365462
38.6350819	40.4058556	44.9937744
46.2000031	48.3175031	53.8037569
56.2724806	58.8516325	65.5339963
55.2672644	57.800345	64.3633387
67.80701	70.9148306	78.9669187
63.9101987	66.8394125	74.4287544
61.2602575	64.068015	71.3426763
57.6242456	60.2653556	67.1082394
48.29963	50.5133625	56.2489481
44.3294412	46.3612062	51.6253288
35.6886394	37.3243681	41.5623981
34.6108706	36.1972012	40.3072456
30.9911125	32.4115387	36.0917356
28.2001388	29.4926437	32.8414125
28.3678856	29.6680787	33.0367688
26.427975	27.639255	30.77758
26.7536419	27.97985	31.156845
26.7452631	27.9710863	31.14709
25.6103006	26.7841069	29.8253331
26.3846069	27.5939013	30.7270756
25.7178769	26.8966125	29.9506113
26.7190025	27.9436231	31.1165069
25.9965625	27.1880713	30.275165
26.5003381	27.7149363	30.8618531
27.2492963	28.4982231	31.7340806
27.4886844	28.7485825	32.0128663
29.2204738	30.559745	34.0296787
31.2390625	32.6708513	36.3804937
35.1854794	36.798145	40.9764237
39.8816838	41.7095938	46.4455462
45.4735975	47.5578025	52.9577956
53.9714156	56.4451044	62.8542144
65.8400662	68.8577319	76.6762469
79.7785375	83.4350513	92.9087619
89.8806106	94.0001306	104.673479
94.1676544	98.4836688	109.666077
86.974595	90.9609281	101.289173
76.1619494	79.6527038	88.6969413
65.3515838	68.346865	76.1073688
53.4897644	55.9413762	62.2932931
45.7944106	47.8933188	53.3314094
38.7624069	40.5390175	45.1420563
33.9607119	35.5172413	39.5500787
30.9042775	32.3207244	35.99061
28.91387	30.2390869	33.6726119
27.7602863	29.0326306	32.3291688
26.5253925	27.74114	30.8910325
26.7461306	27.971995	31.1481006
26.8928313	28.1254194	31.3189469
26.9547813	28.1902075	31.3910887
26.4395812	27.6513937	30.7910981
26.56403	27.7815475	30.9360287
26.4089581	27.6193688	30.755435
26.8169375	28.0460475	31.23056
23.5746013	24.6551025	27.4545888
24.2312575	25.3418581	28.2193219
26.5867913	27.8053488	30.9625319
31.3379688	32.7742912	36.4956781
37.6535325	39.3793181	43.8506788
47.5473556	49.7266063	55.37286
61.5474331	64.3683525	71.6771175
81.2785144	85.0037806	94.6556119
101.048291	105.679694	117.679194
108.101593	113.056256	125.893331
93.5190925	97.8053825	108.910776
68.8900869	72.0475488	80.2282512
52.2937744	54.6905719	60.9004625
41.2846669	43.1768775	48.0794356
33.619875	35.1607838	39.1531488
28.9896088	30.3182975	33.7608175
25.3482069	26.5099981	29.5200994
24.4375331	25.5575862	28.4595438
22.9485238	24.0003306	26.7254719
21.9711013	22.9781094	25.5871812
22.2458681	23.2654731	25.9071713
22.30604	23.3283963	25.9772425
21.8874512	22.8906287	25.4897637
22.6764069	23.71574	26.4085663
20.7739919	21.7261344	24.1930469
22.3731944	23.3986325	26.05545
25.0454019	26.1933156	29.1674594
28.4478606	29.7517206	33.129905
36.00317	37.6533119	41.9286937
43.0743069	45.0485462	50.1636231
59.3812519	62.1028887	69.1544188
81.6649725	85.4079475	95.1056737
211.31645806779	216.55431606779	230.12515906779
291.543488786029	297.315250786029	312.269350786029
92.6429	96.8890175	107.890373
65.2961787	68.2889175	76.042845
51.7235494	54.0942113	60.2363856
38.8924862	40.6750569	45.2935431
31.4123219	32.8520538	36.5822706
26.8617975	28.0929625	31.2828012
23.5006175	24.5777275	27.3684275
21.5472731	22.5348544	25.093595
20.3638375	21.2971781	23.7153869
19.6054531	20.5040375	22.8321875
19.3404456	20.2268819	22.5235612
19.3572731	20.2444806	22.5431587
19.39377	20.2826513	22.5856638
20.0054094	20.9223238	23.2979687
19.7298781	20.6341625	22.9770875
22.1989031	23.2163525	25.8524737
26.1487531	27.3472375	30.4524044
33.3144306	34.8413394	38.7974338
43.6522737	45.6530012	50.8367131
65.2042181	68.1927438	75.9357506
87.4867137	91.4965206	101.885571
166.57707691074	170.58606691074	180.97302231074
65.3268631	68.3210081	76.0785775
46.0412069	48.1514256	53.618825
34.7076381	36.2984044	40.41994
27.5785694	28.8425869	32.1175462
22.9320519	23.9831013	26.7062844
19.9419444	20.85595	23.2240575
18.6290544	19.482885	21.6950863
17.9705794	18.7942306	20.9282375
18.0073925	18.8327306	20.9711106
18.5349125	19.3844269	21.5854519
20.5328406	21.47393	23.9122063
24.4266394	25.5461913	28.4468587
32.3823262	33.8665169	37.7119212
46.0105825	48.1194019	53.58316
54.8440237	57.3577038	63.8704375
51.1792625	53.5249781	59.6025212
39.3516787	41.1552956	45.8283112
29.8046681	31.1707144	34.71002
23.0432894	24.0994406	26.8358338
19.9343456	20.8480044	23.2152094
18.3148231	19.1542506	21.3291369
18.9388038	19.8068319	22.0558162
22.8539438	23.9014144	26.6153225
28.6141681	29.92565	33.3235856
35.0206381	36.6257488	40.7844531
33.482565	35.0171825	38.9932387
24.4010244	25.5194031	28.4170269
21.2972119	22.273335	24.80238
26.6981606	27.9218256	31.092235
