#?RADIANCE
genskyvec -m 1
NROWS=146
NCOLS=1
NCOMP=3
FORMAT=ascii

7.49014069	7.83343869	8.72289337
23.8140169	24.9054906	27.7334081
23.6356913	24.7189931	27.5257331
24.4548525	25.5756981	28.4797144
26.4679119	27.6810237	30.8240912
30.5585313	31.9591281	35.5879562
37.5009844	39.21978	43.6730262
47.5009819	49.67811	55.3188544
67.1506475	70.2283838	78.2025312
93.5802325	97.8693175	108.981971
99.9254869	104.505403	116.371546
105.01654	109.829789	122.300517
74.9796456	78.4162119	87.3200531
54.1340187	56.6151587	63.0435788
41.1182619	43.0028475	47.885645
32.571515	34.0643744	37.932245
28.01493	29.2989463	32.6257219
25.2547206	26.4122281	29.4112287
23.9129237	25.0089312	27.8485925
23.37407	24.44538	27.2210531
24.5408644	25.6656512	28.5798812
25.3496813	26.5115413	29.5218181
25.9953356	27.1867887	30.2737362
26.2177912	27.4194406	30.5328044
27.9031725	29.1820656	32.49557
27.6195844	28.8854819	32.1653106
28.3305325	29.6290162	32.9932675
27.3784006	28.6332431	31.8844312
26.3362481	27.5433262	30.6707581
24.9156794	26.0576487	29.0163869
23.9633419	25.0616606	27.9073087
17.2346187	18.0245375	20.07115
16.2704469	17.0161775	18.9482937
18.5225744	19.3715269	21.5710844
20.0786562	20.9989294	23.3832725
24.5311944	25.6555406	28.5686206
30.2455319	31.6317831	35.2234438
41.6474587	43.5562987	48.5019375
62.262165	65.1158438	72.5094838
97.4289062	101.894407	113.464107
1406.5722526996	1412.6964776996	1428.5637846996
115.085951	120.360718	134.027181
75.7252375	79.1959763	88.1883475
51.7415331	54.1130187	60.2573306
35.3766956	36.9981281	41.1991138
26.7173388	27.9418825	31.1145694
21.2279819	22.2009319	24.7217581
20.332985	21.2649144	23.6794569
17.1232237	17.9080369	19.9414231
16.6236419	17.3855562	19.3596156
15.9743062	16.7064606	18.6034113
16.6292838	17.3914594	19.3661875
17.6859087	18.4965131	20.5967156
17.0091281	17.7887125	19.8085481
19.139475	20.0167013	22.2895163
19.7041631	20.60727	22.9471406
19.9548556	20.8694525	23.2390944
18.4302687	19.2749887	21.4635863
18.2947912	19.1333019	21.30581
17.2259744	18.0155	20.0610856
17.1829575	17.97051	20.0109881
11.1155758	11.6250395	12.945015
11.054667	11.5613394	12.8740825
12.37027	12.9372412	14.40621
16.3142038	17.0619369	18.9992506
22.413175	23.4404425	26.1020112
35.5123638	37.1400144	41.35711
61.5395694	64.3601306	71.66796
2031.37389848205	2036.61805448205	2050.20523048205
1428.38144747092	1432.77521397092	1444.15907197092
52.591315	55.0017487	61.2469719
32.0526194	33.5216981	37.3279488
20.5357106	21.4769319	23.9155481
15.2287856	15.9267706	17.7351894
12.4364369	13.0064387	14.4832681
11.4717578	11.9975463	13.3598194
11.2016331	11.7150409	13.0452362
10.8583155	11.3559868	12.6454138
11.8559227	12.3993183	13.8072106
11.6272041	12.1601158	13.5408475
11.0744043	11.5819811	12.8970669
11.7085269	12.2451681	13.6355563
11.6432007	12.1768489	13.5594787
10.7037154	11.1943009	12.4653694
11.056742	11.5635096	12.8764963
8.03700981	8.40537244	9.35976794
8.67638106	9.07404825	10.1043691
9.76789956	10.2155946	11.3755331
11.7306636	12.26832	13.6613375
16.8465537	17.6186869	19.6192169
22.3732069	23.3986425	26.0554631
36.105445	37.7602763	42.0478013
51.2005375	53.5472256	59.627295
44.971845	47.0330531	52.373465
32.1063169	33.5778556	37.3904844
20.8359781	21.7909587	24.2652331
14.1122519	14.7590644	16.4348931
11.61033	12.14247	13.5211987
9.62522687	10.0663817	11.209379
8.64198112	9.03807206	10.0643086
7.98226712	8.348121	9.29601619
7.78926838	8.14627625	9.0712525
7.84275306	8.20221238	9.13354006
8.11315794	8.485011	9.44844931
8.09427056	8.46525744	9.42645256
8.15141306	8.52501925	9.49300069
8.16222581	8.53632775	9.50559269
7.90393056	8.26619381	9.20478613
8.11244981	8.48427031	9.44762431
6.51756869	6.81629031	7.59025225
7.34761381	7.68437925	8.55690919
8.6956505	9.09420137	10.1268099
11.9646081	12.512985	13.9337825
16.7416494	17.508975	19.4970463
22.3159138	23.3387256	25.9887419
22.9825144	24.0358769	26.7650544
16.7576419	17.5257006	19.5156725
12.3315881	12.896785	14.3611625
9.18239	9.60324888	10.6936589
7.39738144	7.73642775	8.6148675
6.73418288	7.04283262	7.84251769
6.36755575	6.65940187	7.41554975
6.141318	6.42279488	7.15207694
5.99556238	6.27035875	6.98233219
6.03090094	6.30731719	7.02348712
6.17893262	6.46213387	7.19588244
6.24755894	6.53390506	7.27580325
5.91750462	6.18872325	6.89142731
6.76591113	7.07601531	7.87946763
9.1704915	9.59080531	10.6798014
12.4774188	13.0493004	14.5309963
12.1132705	12.668463	14.1069137
9.54893475	9.9865945	11.1205306
7.49313231	7.83656731	8.72637756
6.21125363	6.49593581	7.23352269
5.53612831	5.78986738	6.44728325
5.2775255	5.51941175	6.14611844
5.31591681	5.55956275	6.19082831
5.36834975	5.61439906	6.25189113
5.62339469	5.88113331	6.548912
6.64597512	6.95058206	7.73979231
7.31552581	7.6508205	8.51953963
6.61481531	6.91799431	7.70350425
5.36446313	5.61033406	6.24736469
5.14981913	5.38585237	5.99739381
5.82972731	6.09692288	6.78920362
