#?RADIANCE
genskyvec -m 1
NROWS=146
NCOLS=1
NCOMP=3
FORMAT=ascii

1.57211344	1.64416844	1.83085719
12.2765169	12.8391894	14.2970287
11.6368399	12.170194	13.5520688
11.3539085	11.8742955	13.222574
11.3319353	11.8513164	13.1969844
11.6467515	12.1805601	13.5636137
11.4165313	11.9397881	13.2955031
11.4823481	12.0086213	13.3721503
11.4099338	11.9328892	13.2878194
11.96272	12.5110112	13.9315856
11.2796356	11.7966178	13.1360744
11.9320614	12.4789467	13.8958794
11.5418039	12.070801	13.4413912
11.5633464	12.0933344	13.4664811
11.7255448	12.2629664	13.6553763
11.8435511	12.3863793	13.7928025
13.0134481	13.6098962	15.1552456
13.25097	13.8583044	15.4318587
16.3751212	17.1256469	19.0701956
22.2335331	23.25257	25.8928025
30.2328588	31.6185306	35.208685
51.5116219	53.8725675	59.9895787
75.81776	79.2927375	88.2961025
476.710385288523	481.064311588523	492.345011188523
61.107005	63.9077419	71.1642038
34.2899344	35.8615537	39.9334875
23.5287544	24.607155	27.4011975
17.3547112	18.150135	20.2110081
14.98572	15.672565	17.4521194
13.1172993	13.7185077	15.2761888
12.5231258	13.0971012	14.5842225
11.0536047	11.5602288	12.872845
10.3015167	10.7736695	11.9969762
10.6788641	11.1683104	12.4364275
10.4646938	10.9443265	12.1870094
10.3643506	10.8393826	12.0701513
10.0436248	10.5039587	11.6966394
10.4840044	10.9645206	12.2094975
10.6917044	11.1817398	12.4513806
10.5658577	11.0501254	12.3048231
9.8024835	10.2517634	11.4158094
10.1150089	10.5786135	11.7797713
10.1796329	10.6462001	11.8550319
10.7273587	11.2190304	12.4929031
10.7296213	11.2213962	12.49554
10.8999469	11.3995281	12.6938975
11.5776231	12.1082644	13.4831087
13.3203031	13.9308162	15.5126025
14.9012406	15.584215	17.3537375
19.7064525	20.6096644	22.9498069
26.8085156	28.0372394	31.2207525
41.2201356	43.1093938	48.0042869
390.850714816872	394.043004816872	402.313957916872
524.4814490383	527.8616177383	536.619373438299
53.23616	55.6761494	61.9979469
33.7539825	35.3010394	39.3093275
23.7586387	24.8475744	27.6689144
16.6426519	17.4054381	19.381755
13.7176787	14.3464056	15.9753813
11.9917456	12.5413656	13.965385
11.4114867	11.9345131	13.2896281
7.9198625	8.28285588	9.22333981
7.45585031	7.7975765	8.68295981
7.33615531	7.6723955	8.54356481
7.70950531	8.0628575	8.97836175
7.64657356	7.99704131	8.90507231
7.67650919	8.02834919	8.93993519
7.66768256	8.01911769	8.92965544
7.75074994	8.10599225	9.02639412
7.39925881	7.73839125	8.61705356
7.70078081	8.05373288	8.96820094
7.75397063	8.10936069	9.03014538
8.21229744	8.58869425	9.56390619
8.71035256	9.10957687	10.143932
9.63325025	10.0747738	11.2187224
12.4428874	13.0131863	14.4907794
17.6038581	18.4107019	20.5011613
26.296915	27.5021875	30.6249481
39.3691087	41.173525	45.84861
32.977575	34.4890469	38.4051369
21.1256819	22.0939425	24.6026194
15.3377569	16.0407369	17.8620956
11.6196269	12.1521931	13.5320256
9.02032656	9.43375694	10.5049221
8.44624587	8.83336519	9.83635837
5.931965	6.20384656	6.908268
5.83083919	6.09808563	6.79049831
5.59260894	5.84893669	6.51305944
5.64907688	5.90799275	6.57882131
5.75473019	6.01848869	6.70186331
5.69821444	5.95938237	6.636046
5.63265281	5.89081588	6.55969381
5.74598894	6.00934681	6.69168338
5.67552219	5.93565006	6.60961887
5.79639281	6.06206056	6.75038306
5.85220175	6.12042756	6.81537687
5.89669788	6.16696294	6.86719637
6.34536025	6.63618913	7.38970137
7.37150075	7.70936106	8.58472744
8.88101056	9.28805663	10.3426777
10.4737566	10.9538046	12.1975646
13.6201556	14.244415	15.8618094
16.1656931	16.9066194	18.8262994
16.5177194	17.2747806	19.2362612
13.3499736	13.9618456	15.5471556
10.4660998	10.9457961	12.1886466
8.25007644	8.62820487	9.60790206
6.973934	7.29357231	8.12172762
6.5453815	6.84537819	7.62264256
4.80288306	5.02301506	5.59335775
4.64262119	4.85540806	5.40671956
4.48703056	4.69268613	5.22552144
4.5670405	4.77636312	5.31869963
4.57428556	4.78394	5.32713694
4.52212256	4.72938625	5.26638875
4.59455325	4.80513675	5.35074031
4.71811594	4.93436275	5.49463962
4.82041187	5.04134725	5.6137715
5.22109969	5.46039981	6.08040569
5.52918094	5.78260162	6.43919212
6.83807606	7.15148787	7.96350981
8.30313388	8.683694	9.66969206
8.88138188	9.28844494	10.3431093
7.93012613	8.29358969	9.23529225
6.70760475	7.01503631	7.811565
5.85164506	6.11984531	6.81472875
5.16542969	5.40217844	6.01557356
4.13346187	4.32291194	4.81376106
3.87406906	4.05163056	4.51167675
3.88614962	4.06426462	4.52574537
3.93816963	4.11866919	4.586327
3.90276631	4.08164319	4.54509694
4.02772675	4.21233094	4.69062369
4.34332769	4.54239694	5.0581675
4.73284637	4.94976825	5.51179419
5.51188012	5.76450769	6.41904412
5.51975806	5.77274675	6.42821844
5.13260156	5.36784563	5.97734269
4.36361162	4.56361038	5.08178969
3.73082881	3.90182488	4.34486119
3.56410594	3.72746069	4.15069863
3.59200862	3.75664225	4.18319356
3.80772406	3.98224469	4.43441231
4.02214156	4.20648963	4.68411937
4.06291638	4.24913338	4.73160506
3.63074831	3.79715737	4.228309
