#?RADIANCE
genskyvec -m 1
NROWS=146
NCOLS=1
NCOMP=3
FORMAT=ascii

24.1034131	25.2081506	28.0704338
29.1460319	30.4818919	33.9429862
28.6534763	29.96676	33.3693644
28.6636762	29.9774269	33.3812419
28.5187494	29.8258587	33.2124638
27.6583312	28.9260056	32.210435
29.0040725	30.3334256	33.7776631
30.9172175	32.3342556	36.0056756
33.7036544	35.2484056	39.2507169
37.1692913	38.8728831	43.2867387
44.3328963	46.3648187	51.6293525
48.889955	51.1307431	56.9364306
52.7056294	55.1213025	61.3801012
52.5958881	55.0065313	61.2522994
49.5984544	51.8717162	57.7615356
45.0925063	47.1592444	52.5139837
39.9056356	41.7346412	46.4734381
36.7598638	38.4446912	42.8099275
32.1896625	33.6650206	37.4875469
28.9891531	30.31782	33.7602863
29.2537419	30.5945381	34.0684237
27.13004	28.3734994	31.5951944
28.092235	29.379795	32.71575
27.1382969	28.3821337	31.6048106
29.1020844	30.4359287	33.8918044
30.9707775	32.3902706	36.0680544
32.055055	33.5242438	37.3307856
33.0414387	34.5558375	38.4795106
31.2163406	32.6470869	36.35403
31.00488	32.4259363	36.1077687
29.5856225	30.9416281	34.4549244
18.1880144	19.02163	21.1814587
16.6052556	17.3663306	19.3382056
17.9813013	18.8054444	20.9407238
17.7902144	18.6056019	20.7181887
18.8810362	19.7464175	21.9885431
19.8956675	20.8075519	23.1701638
22.9822062	24.0355569	26.7646963
26.9605494	28.1962419	31.3978087
32.2294537	33.7066344	37.5338856
37.72423	39.4532544	43.9330119
45.7811756	47.8794769	53.315995
51.8927275	54.2711431	60.4334106
52.4297175	54.8327456	61.0587781
48.4928825	50.7154725	56.4740056
41.5666669	43.4718044	48.40785
33.4966469	35.0319106	39.0096394
29.5004231	30.8525244	34.3557037
23.7925256	24.8830169	27.7083806
20.7649844	21.7167112	24.1825563
18.4594694	19.3055287	21.4975906
17.6425625	18.4511787	20.5462356
17.45702	18.2571331	20.3301562
16.3541481	17.1037144	19.0457712
18.0164244	18.8421763	20.9816287
18.6490569	19.503805	21.7183813
19.2986981	20.1832206	22.4749431
18.4394656	19.284605	21.4742938
18.901135	19.7674375	22.0119481
18.1769319	19.01004	21.1685506
18.257875	19.0946931	21.2628181
12.2659519	12.8281425	14.2847256
12.0385581	12.5903244	14.019905
12.6197669	13.1981725	14.6967719
14.3991975	15.0591606	16.7690681
16.5780762	17.337905	19.3065538
20.4444125	21.3814513	23.8092256
26.6428487	27.8639769	31.0278187
36.963075	38.657215	43.0465844
50.3249887	52.6315475	58.6076444
62.8476819	65.7281988	73.1913669
61.8786794	64.7147844	72.0628844
44.7882038	46.8409944	52.1595981
31.8984769	33.3604881	37.1484338
23.8182506	24.9099219	27.7383413
18.5178913	19.3666288	21.5656306
15.6187944	16.3346544	18.1893887
13.4503731	14.06685	15.6640825
13.1414712	13.7437894	15.30434
12.3913144	12.95925	14.4307188
11.8785094	12.42294	13.833515
12.3691719	12.9360925	14.4049313
12.4854719	13.0577225	14.5403725
11.94245	12.4898112	13.9079794
12.3423681	12.90806	14.3737169
10.1842368	10.6510144	11.8603925
10.6763519	11.1656819	12.4335012
11.5455294	12.0747013	13.4457319
12.8010012	13.3877138	14.9078331
15.8622794	16.5892994	18.4729469
19.0156669	19.8872175	22.14533
27.6082775	28.8736563	32.1521413
41.8362919	43.7537881	48.7218513
68.1711863	71.2956975	79.3910287
2799.84083299066	2804.18726419066	2815.44846749066
2345.45574148372	2349.37389148372	2359.52546528372
53.7830781	56.2481338	62.6348794
36.8451856	38.5339219	42.9092906
23.8303119	24.9225319	27.752385
17.7980694	18.6138144	20.7273363
14.6727025	15.3452	17.0875856
12.4574119	13.0283769	14.5076944
11.2414556	11.7566888	13.0916131
10.5584856	11.0424175	12.2962394
10.162409	10.628185	11.8349731
10.0466287	10.5070986	11.700135
10.0506006	10.511252	11.7047619
9.94445281	10.40024	11.5811462
10.1104292	10.5738238	11.7744394
9.79877275	10.2478833	11.4114875
10.7472831	11.2398662	12.5161075
12.5268625	13.10101	14.5885738
15.88733	16.6154994	18.5021212
21.7303237	22.7262981	25.306775
38.7591119	40.5355694	45.1382169
65.7812187	68.79619	76.6077125
5123.12466534323	5127.79503634323	5139.89558634323
65.5210175	68.5240619	76.30469
35.6990656	37.3352712	41.5745381
23.2768656	24.34372	27.1078506
16.3598075	17.1096313	19.0523594
12.705565	13.2879031	14.79669
10.6961313	11.1863706	12.4565369
9.86576525	10.3179469	11.4895063
9.38031463	9.81024538	10.9241594
9.262114	9.68662731	10.7865025
9.39132531	9.82176081	10.9369825
10.6306509	11.1178875	12.3802812
12.7985294	13.3851287	14.904955
17.427755	18.2265269	20.2960738
28.1859281	29.4777838	32.8248656
41.994945	43.9197119	48.9066175
45.8007631	47.8999631	53.3388075
30.5833119	31.9850462	35.6168181
19.8601462	20.7704031	23.1287975
13.6175925	14.2417313	15.8588225
11.1957881	11.7089269	13.0384287
9.84007663	10.2910805	11.4595894
10.0776963	10.5395897	11.7363181
12.9176588	13.5097188	15.0436913
17.1716606	17.9586931	19.9978312
24.0586175	25.1613044	28.0182675
24.0561681	25.1587425	28.0154138
15.1532594	15.8477831	17.6472344
12.314595	12.879015	14.3413731
16.6753681	17.4396556	19.4198587
