#?RADIANCE
genskyvec -m 1
NROWS=146
NCOLS=1
NCOMP=3
FORMAT=ascii

13.6914131	14.3189362	15.9447931
24.0798631	25.1835212	28.0430056
26.0107169	27.2028719	30.2916462
27.7895281	29.0632162	32.3632238
29.3041363	30.6472419	34.1271106
29.0792019	30.4119975	33.8651563
29.3568194	30.7023381	34.1884644
29.1392675	30.4748156	33.9351044
27.1489831	28.3933125	31.6172544
25.2665744	26.4246244	29.4250319
27.0275594	28.2663212	31.4758481
23.9973381	25.0972162	27.9469019
24.4957544	25.6184744	28.5273469
23.9777675	25.0767488	27.9241112
23.9064463	25.0021575	27.8410488
26.4552531	27.6677869	30.8093494
29.6404813	30.999005	34.5188119
34.8080481	36.4034162	40.536875
41.9351838	43.8572125	48.8370181
54.9667625	57.48607	64.0133788
64.7211519	67.6875356	75.3731788
72.9099187	76.2516231	84.9096806
65.387085	68.3839912	76.1487131
56.2370413	58.8145712	65.4927256
45.9217106	48.026455	53.4796638
35.9606669	37.6088644	41.8791969
30.7665013	32.1766306	35.8301556
27.3804769	28.6354162	31.8868494
24.3890137	25.5068438	28.4030406
23.4563219	24.5314038	27.3168431
23.238225	24.3033106	27.0628531
15.6475806	16.3647613	18.2229131
14.9190206	15.6028081	17.3744431
16.9302725	17.7062431	19.7167131
17.0833413	17.8663269	19.894975
17.5479275	18.3522075	20.4360269
16.7843144	17.5535962	19.5467356
18.05899	18.8866931	21.0312025
18.1787875	19.0119819	21.1707125
16.9503075	17.7271969	19.7400469
14.3556056	15.0135694	16.7182994
14.5963356	15.2653337	16.99865
14.46512	15.1281031	16.84584
15.6564838	16.3740719	18.2332806
16.5218556	17.2791069	19.2410794
17.9542344	18.7771363	20.9092025
21.507625	22.4933919	25.0474219
27.5885225	28.8529969	32.1291363
35.4189337	37.0423	41.2483019
50.55561	52.8727406	58.8762225
67.6928181	70.7954025	78.8339325
79.4920831	83.1354669	92.5751594
70.2098637	73.4278144	81.7652394
51.6480362	54.0152369	60.148445
37.6799644	39.4069625	43.8814619
28.5784706	29.8883175	33.2820125
23.4681038	24.5437231	27.3305631
18.7625363	19.622485	21.8505375
16.8480931	17.6202962	19.6210088
15.3742681	16.0789213	17.9046169
15.2425794	15.9411969	17.7512538
10.5435327	11.0267779	12.2788225
10.1964371	10.6637755	11.8746012
10.4109503	10.8881179	12.1244194
11.4103999	11.9333764	13.2883631
11.4629095	11.9882913	13.3495125
11.4173019	11.9405964	13.2964019
11.1426339	11.6533381	12.9765269
10.9363685	11.4376167	12.7363125
10.3146341	10.7873877	12.0122519
10.8961113	11.3955156	12.6894294
11.6351269	12.1684025	13.5500756
14.029765	14.672795	16.3388319
17.8457431	18.6636738	20.7828562
24.711105	25.8436975	28.7781431
40.2152787	42.0584781	46.834045
68.830245	71.9849625	80.1585587
2341.81926215566	2346.66317215566	2359.21327615566
72.1387969	75.445155	84.0116463
39.0915887	40.8832862	45.5254156
25.1667437	26.3202187	29.3087725
17.9720994	18.79582	20.9300094
14.2657156	14.91956	16.6136156
11.6492706	12.183195	13.5665481
10.9402973	11.4417275	12.7408881
8.53625375	8.92749844	9.94117906
8.38175675	8.76592056	9.76125444
8.21440488	8.59089812	9.56636012
8.34902544	8.73168888	9.72313581
8.558045	8.95028863	9.96655781
8.47638444	8.86488531	9.871457
8.33664775	8.71874394	9.70872113
8.48229825	8.87107	9.87834456
8.58330825	8.97670944	9.99597806
9.11814275	9.53605725	10.6188368
10.1847919	10.6515935	11.8610388
12.10647	12.6613512	14.0989956
14.9278537	15.6120456	17.3847306
22.4757275	23.5058662	26.1748587
35.9296056	37.5763781	41.8430212
56.1401256	58.7132144	65.3798594
3419.52229096013	3423.53999406013	3433.94950446013
1639.57170093419	1642.51543843419	1650.14240033419
36.5188194	38.1925975	42.5292088
22.7504706	23.7931987	26.4948169
16.1103687	16.8487594	18.7618663
12.2345581	12.7953081	14.2481625
10.247713	10.7173985	11.9343144
9.32378837	9.75112781	10.8583287
7.94720406	8.31145069	9.25518175
7.46019081	7.802116	8.68801425
7.22983906	7.56120662	8.4197505
7.26514131	7.59812681	8.46086313
7.31268256	7.64784675	8.51622837
7.44762669	7.788976	8.67338237
7.85601769	8.21608481	9.14898781
8.993516	9.40571894	10.4736994
10.5687042	11.0531031	12.3081375
14.3052988	14.9609562	16.6597106
19.3642	20.2517244	22.551225
31.8664281	33.3269731	37.1111144
43.93609	45.9498263	51.16724
32.8141338	34.3181144	38.2147962
21.1428888	22.1119375	24.6226581
14.14311	14.7913356	16.4708306
10.6713111	11.1604138	12.4276325
8.85802144	9.26401394	10.3159043
7.80615387	8.16393569	9.0909175
7.23761362	7.56933737	8.42880456
7.03279813	7.35513456	8.19027987
7.19798931	7.527897	8.38265888
7.82451644	8.18313969	9.11230163
9.59341481	10.0331124	11.1723306
12.7091594	13.2916631	14.8008756
16.9738237	17.7517913	19.767435
22.3374194	23.3612162	26.0137875
17.9599044	18.7830669	20.9158075
12.3320881	12.89731	14.361745
9.28745738	9.71313181	10.8160201
8.49692012	8.886362	9.89537194
7.87919337	8.24032269	9.17597775
8.51339412	8.90359075	9.91455631
10.5722319	11.0567916	12.3122456
12.1648006	12.7223537	14.1669244
10.8945581	11.3938938	12.6876225
9.32012319	9.74729544	10.8540614
