#?RADIANCE
genskyvec -m 1
NROWS=146
NCOLS=1
NCOMP=3
FORMAT=ascii

10.7064519	11.1971637	12.468555
27.36048	28.6145006	31.8635613
28.0753862	29.3621725	32.6961269
29.0126819	30.3424281	33.7876881
30.0848762	31.4637644	35.0363456
30.3901856	31.7830688	35.391905
30.3717306	31.7637675	35.3704125
30.5984131	32.0008394	35.6344044
29.1551787	30.4914556	33.9536356
28.5746575	29.8843269	33.27757
29.2162287	30.5553056	34.0247356
27.8145944	29.0894306	32.3924156
27.7203525	28.9908694	32.2826631
27.3956738	28.6513081	31.9045469
27.5422119	28.8045637	32.0752044
29.7576675	31.1215594	34.6552869
33.9580288	35.5144369	39.5469569
38.6179269	40.3879131	44.9737956
48.9792175	51.2240981	57.0403863
67.1780506	70.2570425	78.2344406
81.9462725	85.7021425	95.4332613
102.057191	106.734811	118.854113
92.947865	97.207975	108.245546
81.9810988	85.7385594	95.4738369
63.9116119	66.8408913	74.4304006
46.4843244	48.6148556	54.1348738
38.6458494	40.4171162	45.0063137
32.8783137	34.3852362	38.28954
29.658515	31.0178644	34.5398156
27.5695025	28.8331044	32.106985
26.9273744	28.161545	31.3591719
19.4570819	20.3488637	22.6593963
18.1487069	18.9805213	21.1356831
20.1417269	21.0648894	23.45672
20.0624106	20.9819375	23.36435
20.3987031	21.3336438	23.7559919
19.5447856	20.4405869	22.7615306
21.0967306	22.0636644	24.5689012
21.50753	22.4932906	25.0473125
20.4898044	21.4289206	23.8620862
17.6279806	18.4359281	20.5292531
18.1718213	19.0046975	21.1626025
18.1199794	18.9504794	21.1022288
19.6577525	20.5587319	22.8930913
20.4005531	21.3355775	23.758145
21.8309681	22.8315537	25.4239838
25.7675706	26.9485825	30.0084844
33.2230837	34.7458056	38.69105
42.1917988	44.1255881	49.1358669
61.5215263	64.3412625	71.6469481
86.0290706	89.9720631	100.188021
112.239087	117.383369	130.711762
108.804266	113.791119	126.711644
79.6662006	83.3175662	92.7779306
56.3278187	58.9095069	65.5984412
41.0736544	42.9561969	47.8336969
32.5546706	34.04676	37.9126313
25.1360012	26.2880662	29.27297
22.1197725	23.1335962	25.7603206
19.8383969	20.7476563	23.1034663
19.3939119	20.2827987	22.5858275
12.4968456	13.0696156	14.5536162
11.83212	12.374425	13.77949
11.9010425	12.446505	13.8597556
13.03256	13.6298863	15.1775025
13.0618037	13.6604713	15.2115606
13.1101288	13.71101	15.2678394
12.9411325	13.5342687	15.0710281
12.8887894	13.4795237	15.0100681
12.06593	12.6189513	14.05178
12.7834706	13.3693788	14.8874156
13.3924106	14.0062269	15.5965775
15.7922556	16.5160669	18.3913988
19.4942038	20.3876862	22.702625
26.1448737	27.34318	30.4478856
41.9698169	43.8934319	48.8773506
71.8195037	75.1112294	83.6398063
2671.36968324051	2677.39023924051	2692.98895224051
1577.03649090247	1581.77350990247	1594.04674890247
53.7984862	56.2642488	62.6528244
32.8464225	34.3518844	38.2524
22.9677663	24.0204544	26.74788
17.7795638	18.5944613	20.7057875
14.0513225	14.6953406	16.3639356
13.1937806	13.7984944	15.3652581
9.23598762	9.659303	10.756077
9.05241263	9.46731419	10.5422893
8.7337755	9.13407319	10.1712089
8.89225875	9.29982063	10.355776
9.162065	9.58199288	10.6699896
9.06936038	9.485039	10.5620263
8.92429831	9.33332881	10.3930884
9.13424456	9.55289681	10.6375887
9.12162844	9.53970262	10.6228981
9.60182925	10.0419134	11.1821301
10.4188961	10.8964267	12.1336725
11.8602925	12.4038894	13.8122988
14.4353738	15.0969944	16.811195
21.0842112	22.05057	24.5543213
32.127925	33.6004556	37.4156494
46.4481331	48.5770031	54.0927237
1755.56899599168	1758.83264349168	1767.28847789168
65.5549769	68.5595762	76.3442325
41.6339513	43.5421731	48.4862087
26.2830019	27.4876394	30.6087494
18.3876131	19.2303775	21.4139075
13.7112425	14.3396725	15.9678856
11.2749105	11.7916756	13.1305731
10.3010093	10.7731375	11.9963838
7.79927531	8.15674194	9.08290662
7.34029238	7.67672219	8.54838263
7.05394344	7.37724906	8.21490544
7.16298088	7.491284	8.34188856
7.20775131	7.53810631	8.39402756
7.23941381	7.57122006	8.43090113
7.56499069	7.91171906	8.81006244
8.42865225	8.81496525	9.81586888
9.586836	10.0262326	11.1646706
12.5358106	13.1103675	14.5989963
16.0844281	16.8216306	18.7316581
25.3699294	26.5327181	29.5453981
34.6909556	36.2809563	40.4005094
29.5800163	30.9357656	34.4483944
20.3048281	21.2354656	23.6466662
13.8802231	14.5163981	16.1646762
10.5917619	11.0772189	12.3349912
8.7300265	9.1301525	10.1668449
7.0714305	7.39553731	8.23527063
6.46290837	6.75912475	7.52659575
6.35053869	6.64160494	7.39573175
6.50107788	6.79904394	7.57104756
6.84117056	7.15472388	7.96711344
8.06375931	8.433348	9.39091981
10.3602541	10.8350991	12.0653812
13.3961462	14.0101369	15.6009294
17.6637794	18.4733694	20.5709437
15.1364888	15.8302444	17.627705
11.0495536	11.5559919	12.8681269
8.24495994	8.62285356	9.601943
7.08708612	7.41191063	8.25350281
6.52955306	6.82882394	7.60420888
6.92938706	7.2469835	8.069849
8.39973263	8.78472012	9.78218881
9.62055944	10.0615018	11.2039431
8.92270931	9.33166638	10.3912379
7.46053656	7.8024775	8.68841694
