#?RADIANCE
genskyvec -m 1
NROWS=146
NCOLS=1
NCOMP=3
FORMAT=ascii

1.67630363	1.75313419	1.95219525
13.7587756	14.3893856	16.0232425
14.2370906	14.8896225	16.5802781
15.2061781	15.9031281	17.7088625
17.4559525	18.2560163	20.3289119
22.5974394	23.6331544	26.3166019
30.5464388	31.9464838	35.5738762
42.0295044	43.9558544	48.9468625
68.1204563	71.2426425	79.3319538
383.665684748575	388.492657748575	400.998882748575
249.149894860338	252.631933560338	261.653585460338
56.9053294	59.5134881	66.271
34.8308912	36.4273063	40.5634763
24.8202356	25.9578306	28.9052381
19.7740675	20.6803781	23.0285481
16.1451256	16.8851094	18.8023462
14.9573863	15.6429338	17.4191231
13.157446	13.7604941	15.3229431
13.5199675	14.1396312	15.7451294
13.4627381	14.0797819	15.6784844
13.3534941	13.9655294	15.5512575
14.2441956	14.8970537	16.5885544
13.8088628	14.4417694	16.0815737
14.2203556	14.8721219	16.5607887
14.4530625	15.115495	16.8317969
13.6752269	14.3020069	15.9259406
13.99402	14.6354106	16.2972025
13.3639132	13.9764262	15.5633912
13.7205881	14.34945	15.9787712
13.166628	13.7700983	15.333635
13.45118	14.0676912	15.6650213
13.1231462	13.7246244	15.2829994
13.3190763	13.9295337	15.5111756
15.1238087	15.8169838	17.6129375
17.3665831	18.1625506	20.2248325
22.3700344	23.3953263	26.05177
28.9841262	30.3125644	33.7544319
40.6697594	42.5337875	47.3633269
62.1161331	64.9631206	72.3394181
341.415542725692	345.721530925692	356.877974125692
68.1646181	71.2888275	79.3833819
49.1959094	51.4507181	57.2927375
33.9785562	35.5359063	39.5708625
25.5466013	26.717485	29.7511456
19.4201394	20.31023	22.6163719
16.1910181	16.9331069	18.8557913
14.1231619	14.7704719	16.4475969
13.8073981	14.4402331	16.0798625
12.5841606	13.1609331	14.6553038
12.4904487	13.0629256	14.5461694
12.3016019	12.8654256	14.3262419
12.5605237	13.1362163	14.6277781
12.971375	13.5658969	15.10625
12.6564219	13.2365081	14.7394606
13.3171513	13.9275212	15.5089356
13.4875713	14.1057519	15.7074025
13.4748469	14.0924431	15.6925838
12.87766	13.4678862	14.9971094
12.8077169	13.3947381	14.9156556
12.530725	13.1050481	14.5930712
12.749975	13.3343488	14.8484106
10.1421139	10.6069592	11.8113369
10.3987058	10.8753133	12.1101613
11.8453837	12.3882975	13.7949375
15.6633244	16.3812256	18.2412469
21.2584044	22.2327469	24.7571831
30.9447737	32.3630762	36.03777
41.6903975	43.601205	48.5519438
43.8916225	45.9033219	51.115455
31.4479238	32.8892875	36.6237306
22.55274	23.5864063	26.2645469
16.8321369	17.6036081	19.6024269
13.1099712	13.7108438	15.2676544
11.1314261	11.6416131	12.9634731
10.0205424	10.4798164	11.6697575
9.78331994	10.2317224	11.3934931
9.79041369	10.2391408	11.4017538
9.63956531	10.0813788	11.2260781
10.2116678	10.6797017	11.8923387
9.99742019	10.4556351	11.64283
9.60887637	10.0492832	11.1903381
9.90598387	10.3600079	11.5363438
9.87281538	10.3253204	11.4977163
9.41772075	9.84936581	10.9677209
9.75334	10.2003682	11.3585775
7.95421737	8.318785	9.26334938
8.58343119	8.97683813	9.99612219
9.5994685	10.0394444	11.1793809
11.2488104	11.76438	13.1001775
14.9182762	15.6020294	17.373575
17.8058125	18.6219113	20.7363538
21.2573763	22.2316706	24.7559869
22.4549256	23.4841094	26.1506338
18.2833562	19.1213431	21.2924925
15.03808	15.7273225	17.5130962
11.8515346	12.3947294	13.8021012
9.60042219	10.0404416	11.1804926
8.80077569	9.20414344	10.249237
8.16542388	8.53967238	9.50931656
7.85355669	8.21351119	9.1461215
7.56799063	7.91485681	8.81355631
7.54894063	7.8949335	8.791371
7.62571519	7.97522694	8.88078131
7.80374437	8.16141587	9.08811131
7.76278681	8.11858106	9.04041256
7.77780394	8.13428656	9.05790119
7.78594719	8.14280281	9.06738488
7.65292875	8.00368781	8.91247356
7.88072563	8.24192538	9.17776225
6.69134087	6.99802719	7.79262456
7.36942975	7.70719494	8.58231519
8.292362	8.67242856	9.65714694
10.2868201	10.7582992	11.9798613
12.198042	12.7571194	14.2056381
12.7658325	13.3509337	14.8668769
12.0832669	12.6370838	14.0719731
9.8971675	10.3507874	11.5260766
8.42467425	8.81080438	9.81123506
7.34911681	7.68595119	8.55865938
6.61144525	6.91446969	7.6995795
6.47907875	6.77603631	7.5454275
6.40676519	6.70040856	7.46121244
6.31908794	6.60871244	7.35910481
6.21848194	6.50349556	7.24194081
6.25099081	6.53749438	7.27979994
6.37294794	6.66504138	7.42182937
6.44833519	6.74388369	7.50962406
6.07087481	6.34912287	7.07003981
6.54718519	6.84726431	7.62474325
7.843819	8.20332706	9.13478119
8.94596175	9.35598537	10.4183187
8.29223556	8.67229606	9.65699931
7.12071006	7.44707594	8.292661
6.34798594	6.63893506	7.39275887
5.84790981	6.11593894	6.81037869
5.63966869	5.89815319	6.56786425
5.54655837	5.80077556	6.45942975
5.63731781	5.8956945	6.56512669
5.65069231	5.90968219	6.58070219
5.62126175	5.87890275	6.546428
6.08690225	6.36588513	7.08870538
6.23712344	6.52299131	7.26365056
5.86619412	6.13506113	6.83167206
5.3452725	5.59026394	6.22501544
5.31889919	5.56268175	6.19430144
5.56412225	5.81914425	6.47988413
