#?RADIANCE
genskyvec -m 1
NROWS=146
NCOLS=1
NCOMP=3
FORMAT=ascii

0.767728013	0.802915544	0.8940833
7.42177006	7.76193425	8.64327
7.78759313	8.14452413	9.06930206
8.44860225	8.83583	9.83910237
9.903849	10.3577749	11.5338582
13.2498927	13.8571787	15.4306031
18.517195	19.3658981	21.5648175
26.0468912	27.2407056	30.3337756
71.5196822811325	73.4586865811325	78.4824797811325
192.165211205099	194.801835605099	201.633105605099
62.6610048107896	64.3795161107896	68.8320255107896
26.8002219	28.0285631	31.2110925
16.7732588	17.5420331	19.5338594
12.1847792	12.7432482	14.1901919
9.93841481	10.3939243	11.5741124
8.24480638	8.62269306	9.6017645
7.79153919	8.14865113	9.07389706
6.85117212	7.16518406	7.97876144
7.17064494	7.49929937	8.35081406
7.20076294	7.53079781	8.385889
7.07527981	7.39956319	8.23975319
7.60717506	7.955837	8.85918975
7.32117137	7.65672469	8.52611425
7.58530038	7.93295963	8.83371494
7.64684062	7.99732056	8.90538356
7.19481381	7.52457588	8.37896056
7.33901275	7.67538387	8.54689238
6.99983606	7.32066163	8.15189294
7.2537845	7.58624938	8.44763688
6.98654781	7.30676437	8.13641762
7.21671275	7.54747856	8.40446369
7.68698744	8.03930756	8.95213794
7.98808056	8.3542005	9.30278581
9.02566069	9.43933637	10.5111343
10.5517932	11.0354169	12.288445
13.7712031	14.4023831	16.0377156
17.9350475	18.75707	20.8868575
24.7752356	25.9107662	28.8528281
35.7349544	37.372805	41.6163344
42.6539287	44.6089	49.6740587
30.792775	32.2041081	35.8607544
23.3540969	24.4244913	27.197795
16.9474169	17.7241744	19.7366813
13.1579956	13.7610719	15.3235844
10.3717969	10.8471718	12.0788219
8.92301812	9.33198944	10.3915986
7.98353994	8.34945187	9.29749769
7.77612644	8.13253187	9.0559475
7.30284825	7.63756181	8.50477563
7.29298025	7.6272415	8.49328362
7.26618731	7.59922081	8.462081
7.39198819	7.73078763	8.60858688
7.58252125	7.930053	8.83047831
7.48698244	7.83013544	8.71921538
7.70837963	8.06168031	8.977051
7.7683315	8.12437988	9.04686975
7.725305	8.07938131	8.996762
7.46942244	7.81177094	8.69876556
7.40368312	7.74301844	8.62220631
7.30876231	7.643747	8.51166313
7.440784	7.78181988	8.66541362
6.378286	6.67062381	7.42804581
6.58870631	6.89068856	7.67309794
7.52374588	7.86858394	8.7620295
9.89095881	10.3442944	11.5188461
13.175005	13.7788581	15.3433913
18.0936919	18.9229856	21.0716119
21.9133869	22.9177475	25.5199662
21.2012138	22.1729344	24.6905837
15.7059219	16.4257781	18.2908563
11.8652404	12.4090644	13.8180631
9.29130956	9.71716188	10.8205063
7.57884837	7.92621225	8.82620081
6.65457119	6.95957213	7.74980313
6.14096912	6.42243025	7.15167069
6.069629	6.34782	7.06858894
6.11240338	6.39255488	7.11840338
6.06203375	6.33987675	7.05974394
6.37434044	6.6664975	7.42345088
6.261094	6.54806069	7.29156612
6.04267006	6.31962563	7.03719312
6.17910862	6.46231769	7.19608744
6.15105587	6.43297913	7.16341769
5.90938138	6.18022794	6.88196744
6.09664356	6.37607294	7.10004962
5.09610475	5.32967606	5.93483887
5.48801381	5.73954744	6.39124981
6.09913031	6.37867356	7.10294563
7.07126306	7.39536231	8.23507519
9.08613706	9.50258487	10.5815637
10.4416259	10.9201988	12.1601427
11.6051453	12.1370472	13.5151594
11.7752259	12.3149221	13.7132319
9.70220362	10.1468881	11.2990242
8.23374612	8.61112581	9.58888431
6.76746438	7.07763975	7.8812765
5.69901931	5.96022419	6.63698325
5.35296506	5.59830912	6.23397431
5.09587869	5.32943981	5.93457575
4.97646656	5.20455431	5.79551006
4.84003512	5.06186981	5.63662444
4.85550113	5.07804481	5.65463587
4.91392538	5.13914687	5.72267569
5.02321113	5.25344144	5.84994831
4.99256119	5.22138681	5.81425381
4.99293262	5.22177525	5.81468637
4.98847556	5.21711381	5.80949563
4.90481738	5.12962119	5.71206875
5.04779581	5.27915306	5.87857925
4.26909594	4.46476281	4.97171838
4.66104575	4.87467681	5.42817637
5.15173262	5.38785356	5.9996225
6.20711481	6.49160738	7.228703
7.06772637	7.39166356	8.230957
7.105343	7.43100444	8.27476444
6.70001056	7.00709412	7.802721
5.66409244	5.92369656	6.59630806
4.9749005	5.20291675	5.79368644
4.49386631	4.69983494	5.23348181
4.12851694	4.31774038	4.80800212
4.11980544	4.30862975	4.79785706
4.11627581	4.30493825	4.79374644
4.07593875	4.26275231	4.74677044
4.00887825	4.1926185	4.66867306
4.02619569	4.21072956	4.68884069
4.09738725	4.28518412	4.77174919
4.13335181	4.32279731	4.81363319
3.81870144	3.99372519	4.44719637
4.03884112	4.22395475	4.70356762
4.69898244	4.91435225	5.47235681
5.18154331	5.41903025	6.03433906
4.78882725	5.008315	5.57698881
4.21412981	4.40727737	4.9077055
3.86926737	4.0466085	4.5060845
3.6430785	3.81005275	4.24266863
3.57563487	3.73951806	4.16412494
3.53216675	3.69405762	4.11350269
3.59790325	3.76280719	4.19005838
3.57889581	3.74292837	4.16792269
3.4749625	3.63423169	4.04688363
3.68277056	3.85156394	4.28889331
3.73052269	3.90150475	4.34450475
3.55761031	3.72066737	4.14313394
3.31547025	3.46742925	3.8611415
3.32430625	3.47667019	3.87143187
3.39926225	3.55506163	3.95872431
