#?RADIANCE
genskyvec -m 1
NROWS=146
NCOLS=1
NCOMP=3
FORMAT=ascii

1.36081119	1.42318175	1.58477806
10.8765242	11.3750307	12.66662
11.3842412	11.9060182	13.2578968
12.2962799	12.8598587	14.3200418
14.320205	14.9765462	16.6770725
18.9474837	19.8159113	22.0659269
26.165525	27.3647787	30.4719375
36.4782731	38.1501931	42.4819925
59.7527531	62.4914156	69.5870625
332.791280502066	336.903711102066	347.558650102066
127.469334644797	130.196503344797	137.262357144797
43.1054813	45.0811475	50.1999294
26.569325	27.7870856	30.9421938
19.044305	19.9171687	22.17868
15.297945	15.9991019	17.8157337
12.5290465	13.1032922	14.5911188
11.6752883	12.2104064	13.5968475
10.2319804	10.7009458	11.915996
10.5841823	11.0692905	12.3261635
10.5532917	11.0369841	12.2901869
10.3876999	10.8638039	12.0973441
11.1053587	11.6143538	12.9331156
10.7141763	11.2052435	12.4775537
11.0652141	11.5723687	12.8863636
11.1864642	11.6991763	13.02757
10.5616674	11.0457443	12.2999416
10.7918983	11.2865281	12.5680671
10.3158846	10.7886953	12.0137081
10.6618364	11.1505035	12.4165979
10.2751152	10.7460572	11.9662307
10.5843241	11.0694386	12.3263285
10.932385	11.4334531	12.7316756
11.3003806	11.8183144	13.1602369
12.8171325	13.404585	14.9266194
14.9323006	15.6166962	17.3899075
19.4850994	20.3781637	22.6920219
25.4646606	26.6317913	29.6557206
35.4838513	37.1101931	41.3239037
52.9009413	55.3255675	61.6075575
149.17985089193	152.40934649193	160.77669969193
50.789755	53.1176181	59.1489063
37.6563506	39.3822656	43.8539606
26.6565569	27.8783163	31.0437856
20.2771919	21.2065631	23.6144813
15.6473225	16.3644919	18.2226125
13.2089806	13.8143919	15.3829594
11.61979	12.1523644	13.532215
11.2678747	11.7843194	13.1223794
10.4287494	10.906735	12.1451506
10.351287	10.8257206	12.0549375
10.2481137	10.7178179	11.9347825
10.4188519	10.8963822	12.1336219
10.6948343	11.1850138	12.4550275
10.5149232	10.9968575	12.245505
10.9045573	11.40435	12.6992681
11.0086069	11.5131669	12.82044
10.9746287	11.4776313	12.7808712
10.5869595	11.072195	12.3293969
10.5236656	11.0060008	12.2556863
10.3754888	10.8510318	12.0831213
10.5747969	11.0594751	12.3152319
8.97267438	9.38392138	10.4494286
9.2971565	9.72327644	10.8273142
10.6590811	11.1476194	12.4133881
14.0732769	14.7183012	16.3895056
19.0249894	19.8969681	22.1561869
26.9628994	28.1986975	31.4005438
34.3452437	35.9194012	39.9979019
34.39633	35.9728269	40.057395
25.1775869	26.3315606	29.3213988
18.48743	19.33477	21.5301538
14.1022525	14.7486044	16.4232487
11.1696006	11.6815404	13.0079306
9.61146381	10.0519889	11.1933521
8.74964687	9.15067206	10.1896944
8.5523525	8.944335	9.95992806
8.55620781	8.94836719	9.96441769
8.45683875	8.84444369	9.84869375
8.87231156	9.27895862	10.3325466
8.71921931	9.11884969	10.1542586
8.43254819	8.81903975	9.82040569
8.63241563	9.02806756	10.0531682
8.60383937	8.99818169	10.0198879
8.28965019	8.669592	9.65398944
8.56568581	8.95827956	9.97545512
7.323156	7.65880044	8.52842569
7.91274844	8.27541594	9.21505512
8.88695713	9.29427625	10.3496031
10.3761274	10.8516991	12.0838656
13.572085	14.1941375	15.8058238
15.9267687	16.656745	18.54805
18.3376481	19.1781219	21.3557213
18.8919481	19.7578275	22.0012494
15.484715	16.1944319	18.0332438
12.9074112	13.499	15.0317556
10.3733164	10.8487607	12.0805919
8.56708125	8.95973913	9.97707981
7.90767737	8.27011212	9.20914938
7.38431975	7.7227675	8.59965613
7.133482	7.460433	8.30753469
6.91543856	7.23239581	8.05360475
6.90508837	7.22157131	8.04155125
6.96715538	7.28648331	8.11383344
7.10283662	7.42838319	8.27184563
7.068402	7.39237025	8.23174375
7.07524019	7.39952169	8.23970706
7.08017737	7.4046855	8.24545725
6.99231981	7.31280075	8.14313969
7.19499431	7.52476463	8.37917069
6.32968319	6.6197935	7.37144394
6.96409962	7.28328738	8.11027481
7.81651881	8.17477544	9.10298762
9.55726831	9.99530912	11.1302347
11.1100807	11.6192913	12.9386138
11.403275	11.9259262	13.2800644
10.740002	11.2322517	12.5076288
8.904811	9.31294813	10.3703958
7.68856394	8.04095613	8.95397438
6.79245694	7.10377787	7.91038275
6.19221069	6.47602038	7.21134588
6.07742075	6.355969	7.07766331
6.02081381	6.29676769	7.01173981
5.95464225	6.22756313	6.93467744
5.87556688	6.1448635	6.84258763
5.90190212	6.17240581	6.87325719
6.00466788	6.27988175	6.9929365
6.08697194	6.36595806	7.08878644
5.83899112	6.10661106	6.79999187
6.28781519	6.57600656	7.322685
7.42376906	7.764025	8.64559825
8.31202175	8.69298912	9.68004238
7.70480956	8.05794644	8.97289325
6.6808715	6.98707781	7.78043194
6.01531725	6.29101906	7.0053385
5.59380194	5.85018419	6.51444863
5.41894675	5.66731513	6.31081531
5.34632481	5.5913645	6.22624106
5.42339444	5.67196644	6.31599513
5.45508781	5.70511275	6.35290481
5.46683425	5.71739744	6.36658444
5.88177469	6.15135594	6.84981725
5.99051219	6.26507719	6.97645088
5.64858062	5.90747375	6.57824306
5.20463275	5.44317844	6.06122894
5.18478531	5.422421	6.03811462
5.4128835	5.66097381	6.30375413
