#?RADIANCE
genskyvec -m 1
NROWS=146
NCOLS=1
NCOMP=3
FORMAT=ascii

9.65867781	10.1013668	11.2483375
26.3442781	27.5517238	30.6801094
27.0024937	28.2401062	31.446655
27.9231	29.2029094	32.5187819
29.0426113	30.37373	33.8225425
29.5412225	30.895195	34.4032175
29.6012119	30.9579325	34.47308
29.8829031	31.2525362	34.8011344
28.5387294	29.8467519	33.2357281
28.0622963	29.3484844	32.6808856
28.3879569	29.68907	33.0601419
27.0772925	28.3183337	31.533765
26.7261181	27.9510638	31.1247931
26.2620675	27.465745	30.5843669
26.3017413	27.5072381	30.6305719
28.2382131	29.5324619	32.8857525
32.1871419	33.6623844	37.4846119
36.5062594	38.1794606	42.5145825
46.6115575	48.74792	54.2830469
65.0271125	68.0075181	75.7294944
81.443535	85.1763575	94.84779
106.031777	110.891573	123.482869
98.8122225	103.341114	115.075079
87.9027588	91.9316281	102.370096
67.2164638	70.2972163	78.2791769
47.5856069	49.7666131	55.4174088
38.7560437	40.5323606	45.134645
32.3901244	33.8746681	37.7209994
28.9723594	30.3002587	33.7407288
26.6874131	27.910585	31.0797175
25.9730056	27.1634362	30.2477319
19.0905056	19.9654869	22.2324881
17.8573013	18.6757631	20.7963181
19.7990669	20.7065231	23.0576644
19.8023388	20.7099463	23.0614756
20.2074813	21.1336588	23.5332981
19.4385431	20.3294744	22.6378025
20.9734481	21.9347306	24.4253294
21.3832356	22.3632994	24.90256
20.363215	21.2965294	23.7146625
17.5202725	18.3232844	20.4038181
17.9598663	18.7830275	20.9157625
17.8050681	18.6211338	20.7354869
19.160945	20.0391544	22.3145181
19.7447037	20.64967	22.9943544
21.0045081	21.9672131	24.4615019
24.6186144	25.7469656	28.67043
31.6071394	33.0557981	36.8091494
40.0462181	41.88167	46.6371612
58.8730844	61.5714306	68.5626156
84.3195287	88.1841712	98.1971231
116.744231	122.094981	135.958375
120.065594	125.568594	139.826381
87.6347475	91.6513413	102.057979
60.3180837	63.0826594	70.2454356
42.9687613	44.9381619	50.040705
33.4175675	34.9492044	38.9175431
25.38517	26.548655	29.5631475
22.0423931	23.05267	25.6702075
19.6217363	20.5210644	22.8511469
19.0804875	19.9550088	22.2208187
12.4260381	12.995565	14.4711581
11.7836325	12.3237156	13.7230237
11.8770775	12.4214431	13.8318487
13.0264931	13.6235406	15.1704381
13.0937388	13.6938675	15.24875
13.1585206	13.7616194	15.3241937
12.9778056	13.5726213	15.1137356
12.8788106	13.4690894	14.9984487
12.00495	12.5551763	13.9807669
12.6035094	13.1811675	14.6778363
13.0939087	13.6940438	15.2489469
15.2497963	15.948745	17.7596606
18.5929812	19.4451613	21.6530794
24.6097081	25.7376506	28.6600563
39.1087444	40.9012262	45.5453931
66.9894919	70.0598419	78.0148525
2325.36781213383	2331.19960613383	2346.30929413383
1853.01636058042	1858.24394158042	1871.78814858042
57.5211025	60.1574862	66.9881231
34.3489156	35.92324	40.0021781
23.6410787	24.7246294	27.5320081
18.0465469	18.8736806	21.01671
14.1116819	14.7584669	16.4342312
13.1550281	13.7579675	15.3201288
9.26718088	9.69192681	10.7924059
9.08113244	9.49735119	10.5757354
8.78171187	9.18420662	10.2270363
8.95193169	9.36222844	10.4252708
9.2354025	9.6586905	10.7553959
9.14641106	9.565621	10.6517585
8.985187	9.39700794	10.4639997
9.15947119	9.57928056	10.6669687
9.08860656	9.50516819	10.5844411
9.49414487	9.92929338	11.0567232
10.1979722	10.6653783	11.8763888
11.46633	11.9918713	13.3534987
13.7876256	14.4195575	16.0568394
19.7316281	20.635995	22.9791275
29.4865181	30.8379831	34.3395075
41.868375	43.7873425	48.7592162
1382.74978911317	1385.66672591317	1393.22425161317
63.34357	66.246815	73.7688706
42.4391581	44.3842856	49.4239387
26.9820669	28.2187431	31.4228663
18.7976375	19.6591969	21.8914163
13.906405	14.5437831	16.1951706
11.3726595	11.8939063	13.24441
10.3478321	10.8221081	12.0509131
7.86372006	8.22414019	9.15795738
7.40423606	7.74359669	8.62285044
7.12525738	7.45183169	8.29795669
7.23857625	7.57034387	8.42992569
7.27685331	7.61037581	8.47450275
7.27376131	7.60714163	8.47090169
7.55127381	7.89737375	8.79408806
8.30807606	8.68886275	9.675447
9.33815137	9.76614944	10.8750556
11.9765825	12.52551	13.9477313
15.1145725	15.8073244	17.6021819
23.3026419	24.3706794	27.1378706
31.7941069	33.2513375	37.0268894
28.5041744	29.810615	33.1954881
20.1796331	21.1045331	23.5008656
13.9747894	14.6153013	16.2748094
10.6984833	11.1888302	12.4592763
8.805725	9.20932056	10.2550008
7.1350495	7.46207231	8.30936019
6.52622319	6.8253415	7.600331
6.41189219	6.70577056	7.46718325
6.54065419	6.84043387	7.61713712
6.82703694	7.13994281	7.950654
7.92149125	8.28455944	9.22523731
9.99040575	10.4482985	11.6346598
12.7411556	13.3251263	14.8381388
16.7433062	17.5107062	19.498975
14.7544712	15.4307188	17.1828131
11.0450941	11.5513281	12.862935
8.29155081	8.67158006	9.65620244
7.1095245	7.43537756	8.27963413
6.55098131	6.85123456	7.629164
6.89765363	7.21379581	8.03289275
8.23806987	8.61564794	9.5939195
9.43095594	9.86320706	10.9831344
8.85712594	9.2630775	10.3148614
7.41644575	7.75636581	8.63706956
