#?RADIANCE
genskyvec -m 1
NROWS=146
NCOLS=1
NCOMP=3
FORMAT=ascii

13.1851888	13.7895094	15.35525
30.2541919	31.6408406	35.2335288
29.9524144	31.3252337	34.8820844
30.5244606	31.9234981	35.54828
31.9284187	33.3918038	37.1833069
34.5580025	36.14191	40.245675
39.3084481	41.1100837	45.777965
46.0435225	48.1538506	53.6215206
58.1234175	60.7874044	67.6895656
74.5486125	77.9654212	86.818075
83.3775625	87.1990306	97.1001337
96.2478425	100.659201	112.088631
83.2340619	87.0489538	96.9330044
68.1787419	71.3035969	79.3998294
55.176315	57.7052281	64.2574206
44.559645	46.6019613	51.8934237
38.2340756	39.9864694	44.5267694
34.213665	35.7817906	39.844665
31.5765575	33.023815	36.7735331
29.9139069	31.2849606	34.83724
30.7686006	32.1788275	35.8326006
30.7329344	32.1415256	35.7910625
31.2581362	32.6907994	36.4027075
31.0520881	32.4753075	36.1627463
32.9008988	34.4088575	38.3158425
32.9968838	34.5092406	38.4276231
34.0129963	35.5719237	39.61097
33.5004144	35.0358481	39.0140256
32.4506681	33.9379894	37.7915112
31.2830812	32.7168894	36.4317588
30.3458137	31.7366631	35.3402325
21.5526988	22.54053	25.0999144
20.2445844	21.1724581	23.5765056
22.5580987	23.5920094	26.2707863
23.6003213	24.6820006	27.4845431
27.1355175	28.3792269	31.6015731
31.3363125	32.7725594	36.4937475
39.8648331	41.69197	46.4259213
53.63292	56.0910956	62.4600081
74.8734387	78.3051356	87.1963631
98.3554519	102.86341	114.543125
109.764137	114.794994	127.829487
95.1649056	99.5266369	110.827475
71.914385	75.2104588	83.7502981
51.5656069	53.9290281	60.0524487
39.0863706	40.8778275	45.5193388
30.2885663	31.6767913	35.2735631
27.9283637	29.20841	32.5249062
23.00741	24.0619156	26.7940481
21.557515	22.5455669	25.105525
20.1954206	21.1210444	23.5192519
20.4383644	21.3751238	23.8021812
21.2027531	22.1745437	24.6923725
20.2063406	21.1324663	23.5319706
22.4686737	23.4984887	26.1666444
23.1354137	24.1957863	26.9431188
23.5812419	24.6620475	27.4623213
22.1375819	23.1522194	25.7810581
22.2932781	23.3150544	25.9623819
21.3067694	22.2833287	24.8135094
21.42768	22.4097812	24.9543212
14.3374088	14.9945394	16.6971081
14.2244631	14.8764169	16.5655725
15.526465	16.2380937	18.0818637
19.31934	20.2048106	22.4989825
24.8352063	25.9734875	28.9226712
36.070315	37.7235375	42.0068894
57.0899125	59.70653	66.4859625
96.8352219	101.273493	112.772697
2310.50509492015	2316.60948192015	2332.42539492015
91.4614481	95.6534119	106.514477
55.4664012	58.0086106	64.5952506
33.4782719	35.01269	38.9882388
23.5327012	24.6112819	27.4057894
18.3892619	19.2321025	21.4158281
16.0359225	16.7709006	18.6751662
14.9767888	15.6632256	17.4417194
14.0281513	14.6711075	16.3369513
14.8096225	15.4883956	17.2470381
14.3788006	15.0378287	16.7453138
13.77108	14.4022544	16.0375731
14.5176531	15.1830462	16.9070175
14.5745687	15.2425694	16.9732994
13.7039194	14.3320156	15.9593575
14.2272413	14.8793238	16.5688106
10.9358687	11.4370956	12.73573
11.7034625	12.2398719	13.6296594
13.0095275	13.6057956	15.1506769
15.2274569	15.9253813	17.7336431
21.0550613	22.0200838	24.5203744
27.5536931	28.8165712	32.0885731
46.19023	48.30728	53.7923738
1577.82951357095	1581.32001357095	1590.36359667095
3141.3223092212	3145.8314029212	3157.5140989212
70.0019519	73.2103738	81.52311
41.8993713	43.8197556	48.7953081
26.1435981	27.341845	30.4464006
20.03639	20.9547225	23.3340475
15.2860456	15.9866562	17.8018762
12.9705119	13.5649931	15.1052431
11.6054981	12.1374169	13.51557
10.8990206	11.3985587	12.69282
10.6595881	11.1481506	12.4139787
10.7534923	11.2463606	12.5233369
10.6692497	11.1582577	12.4252313
10.7385059	11.2306881	12.5058844
10.8193941	11.3152814	12.6000869
10.6256427	11.1126499	12.3744462
10.9238912	11.4245688	12.7217819
9.41988544	9.85162956	10.9702419
10.5731909	11.0577925	12.31336
12.57884	13.1553687	14.6491063
17.2378556	18.0279225	20.0749194
25.036805	26.1843244	29.1574488
40.1866706	42.0285594	46.80073
48.6619244	50.8922619	56.6708694
36.2290413	37.8895369	42.1917381
24.8036075	25.9404362	28.8858688
16.6934106	17.4585238	19.4408675
12.6378319	13.2170631	14.7178075
10.6771919	11.1665619	12.43448
9.578783	10.0178093	11.15529
8.94497144	9.35494894	10.417165
8.65700488	9.05378381	10.0818039
8.63407137	9.02979925	10.0550956
8.81299194	9.21692038	10.2634634
8.98241306	9.39410675	10.4607693
9.10307131	9.52029531	10.6012847
10.7225793	11.2140306	12.4873375
14.9568006	15.64232	17.4184413
22.4356287	23.4639256	26.1281594
24.18176	25.29009	28.1616756
19.27069	20.1539287	22.4423269
14.0296325	14.6726569	16.3386775
10.8163786	11.3121272	12.5965725
8.96966588	9.38077513	10.4459224
8.27111931	8.65021231	9.6324085
8.08916694	8.45992	9.42050925
8.29630456	8.67655169	9.6617385
9.35763606	9.78652787	10.8977482
11.6420412	12.1756344	13.5581281
13.6991562	14.3270331	15.9538094
12.3456056	12.9114444	14.3774862
9.27109488	9.69601925	10.7969636
8.53151587	8.92254338	9.93566175
10.3198753	10.7928684	12.0183544
