#?RADIANCE
genskyvec -m 1
NROWS=146
NCOLS=1
NCOMP=3
FORMAT=ascii

16.7127394	17.4787387	19.4633763
33.3184475	34.8455425	38.8021094
32.8589044	34.3649375	38.2669337
33.197625	34.7191819	38.6614019
34.3812019	35.9570063	40.0397769
36.97849	38.6733356	43.0645356
41.1864912	43.0742037	47.9651031
47.1313331	49.2915175	54.8883681
58.17687	60.8433088	67.7518144
73.3697606	76.7325394	85.4452062
79.6628669	83.3140762	92.7740556
95.0168562	99.3717862	110.655059
85.0276881	88.9247812	99.0218275
73.1048313	76.4554675	85.1366694
61.5000031	64.3187519	71.6218825
49.7790713	52.0606094	57.9718788
43.2819831	45.2657387	50.4054794
37.9521775	39.6916519	44.1984769
35.4782706	37.1043556	41.3174044
33.3541275	34.8828569	38.8436612
33.5091344	35.0449675	39.0241794
33.5929675	35.1326444	39.1218119
33.7325225	35.2785956	39.284335
33.753145	35.3001638	39.3083537
35.289275	36.9066987	41.097305
35.2407719	36.8559744	41.0408169
36.3006731	37.9644519	42.2751619
35.7924106	37.432895	41.6832481
35.2478675	36.8633938	41.0490813
34.1467438	35.7118013	39.7667319
33.4253369	34.9573312	38.9265938
26.2352625	27.4377125	30.5531531
25.0899556	26.23991	29.2193456
27.25383	28.5029612	31.739355
28.4225206	29.7252175	33.1003913
32.1331113	33.6058775	37.4216887
36.7366887	38.4204519	42.7829381
44.9070194	46.9652588	52.2979687
58.1759988	60.8423969	67.7508
78.7986913	82.410295	91.7676456
104.333284	109.115224	121.504825
119.663775	125.148363	139.358444
112.341313	117.490275	130.830813
88.4746294	92.5297169	103.036078
65.9640356	68.9873869	76.8206219
50.8387181	53.1688256	59.2059262
39.3149331	41.1168644	45.7855181
35.0387112	36.6446494	40.8055013
29.2945225	30.6371869	34.115915
27.0670619	28.3076344	31.5218506
25.38059	26.5438662	29.5578144
25.2802937	26.4389725	29.4410087
25.8052225	26.9879594	30.0523337
24.8667106	26.006435	28.9593581
26.9005469	28.1334887	31.3279319
27.57929	28.84334	32.1183825
28.0269312	29.3114988	32.6396981
26.7657925	27.9925575	31.1709987
26.9208387	28.15471	31.3515625
26.0251081	27.2179244	30.3084075
26.1399187	27.3379981	30.442115
19.6176744	20.5168175	22.8464181
19.6795781	20.5815581	22.91851
21.309495	22.2861794	24.8166837
25.5866925	26.7594138	29.7978381
32.1391762	33.6122206	37.4287506
45.0420638	47.10649	52.4552387
68.5389663	71.6803325	79.8193412
110.855097	115.935943	129.1
1573.5415189807	1580.7577189807	1599.4542439807
129.766494	135.714125	151.123912
82.5222894	86.304555	96.1040863
49.4932975	51.7617388	57.6390719
34.4765819	36.0567569	40.1508537
26.8000144	28.0283463	31.21085
22.769835	23.8134519	26.5173731
20.8687081	21.82519	24.3033506
19.4517225	20.3432581	22.6531513
19.9742981	20.8897869	23.2617362
19.4778019	20.370535	22.6835238
18.89104	19.7568806	22.0001919
19.6155169	20.5145594	22.8439044
19.6931369	20.59574	22.9343006
18.8811806	19.7465675	21.98871
19.4173837	20.3073462	22.6131619
16.57352	17.3331369	19.3012438
17.6238525	18.4316119	20.524445
19.6013463	20.4997412	22.8274006
22.582755	23.6177981	26.2995037
30.4541506	31.8499644	35.4663981
39.3650425	41.1692719	45.843875
65.1309319	68.1160969	75.8504019
108.270828	113.233214	126.090406
4349.33444588451	4356.73752788451	4375.91828988451
1720.18287617592	1725.85224517592	1740.54106317592
73.0478156	76.3958394	85.0702762
44.927715	46.9869013	52.3220725
33.4650988	34.9989131	38.9728963
24.6045887	25.7323	28.654095
20.4141594	21.3498094	23.7739919
18.1837094	19.0171294	21.1764462
16.8391337	17.6109262	19.6105756
16.254125	16.9991031	18.9292844
16.1361119	16.8756844	18.7918494
15.9801881	16.7126131	18.6102619
16.0257675	16.7602806	18.6633437
16.1159656	16.8546131	18.7683869
15.9809262	16.713385	18.6111213
16.3254169	17.0736644	19.0123087
15.5041188	16.2147231	18.0558381
17.3111675	18.1045944	20.1602956
20.6523925	21.5989587	24.0514338
27.836385	29.1122194	32.4177913
40.3035838	42.15083	46.9368837
68.1904381	71.3158313	79.4134531
88.8036456	92.8738069	103.419248
68.9508894	72.1111375	80.2990587
46.3707913	48.4961169	54.002655
30.1097294	31.4897569	35.0652913
22.5068494	23.5384125	26.2111031
18.3073631	19.1464494	21.3204494
16.0468506	16.7823312	18.6878962
14.8522731	15.5330025	17.2967094
14.3867025	15.0460912	16.7545138
14.2508625	14.9040275	16.5963187
14.4244225	15.0855406	16.7984425
14.7430925	15.4188169	17.1695613
15.9577456	16.6891413	18.5841231
19.0817438	19.9563231	22.2222819
26.5221944	27.7377944	30.8873063
40.6467469	42.5097238	47.336525
46.2691244	48.3897919	53.8842544
37.7410431	39.4708387	43.9525912
26.8102788	28.0390831	31.2228056
20.1422963	21.0654837	23.4573837
16.1931013	16.9352844	18.8582175
14.7658194	15.4425863	17.1960275
14.1686388	14.8180331	16.50056
14.69298	15.3664094	17.1112013
17.4355269	18.2346562	20.305125
22.0953763	23.1080806	25.7319087
26.7014706	27.9252881	31.0960881
24.1227194	25.2283438	28.0929181
17.6761481	18.4863044	20.5853494
15.92824	16.658285	18.5497644
19.8966969	20.8086281	23.1713631
