#?RADIANCE
genskyvec -m 1
NROWS=146
NCOLS=1
NCOMP=3
FORMAT=ascii

1.01857659	1.06526125	1.18621738
9.68734806	10.1313515	11.2817256
10.1477617	10.6128669	11.8179151
10.9885061	11.4921449	12.797032
12.8388853	13.4273373	14.9519537
17.0717412	17.8541956	19.8814675
23.601675	24.6834175	27.4861194
32.8312575	34.3360206	38.2347369
53.4193919	55.8677831	62.2113387
334.859736722051	338.434488022051	347.696353622051
96.4352846255803	98.7782227255803	104.84857092558
37.0840631	38.7837475	43.1874837
23.0720381	24.1295062	26.8693125
16.6577137	17.4211925	19.3992969
13.4634063	14.08048	15.6792606
11.0445358	11.5507447	12.8622849
10.3334191	10.8070333	12.0341281
9.03254119	9.44653206	10.5191466
9.40723644	9.8384005	10.9555104
9.427141	9.85921706	10.9786919
9.27976538	9.70508938	10.8070611
9.98849275	10.4462979	11.6324313
9.63854169	10.0803071	11.2248844
9.99580969	10.4539505	11.6409557
10.0976355	10.5604424	11.7595375
9.50741263	9.943168	11.0721755
9.6925495	10.1367914	11.2877825
9.23076281	9.6538375	10.7499933
9.53422738	9.97121175	11.1034013
9.16045706	9.58031112	10.6681159
9.43350544	9.86587463	10.9861041
9.92413875	10.3789952	11.5574881
10.2854252	10.7568419	11.9782363
11.6583263	12.1926638	13.5770906
13.6230125	14.2474	15.865135
17.7643869	18.5785875	20.68811
23.1370088	24.1974544	26.9449756
32.0151513	33.48251	37.2843125
47.0090794	49.1636606	54.7459931
110.187489785755	112.941172285755	120.075727885755
43.5019331	45.49577	50.6616288
32.6550894	34.15178	38.0295731
23.4171575	24.4904425	27.2712331
17.9831444	18.8073713	20.94287
13.9704544	14.610765	16.2697594
11.8629619	12.4066812	13.8154088
10.4786063	10.9588763	12.2032113
10.1626099	10.628397	11.8352088
9.45136362	9.88455144	11.0069013
9.41828638	9.84995819	10.96838
9.36687825	9.79619356	10.9085106
9.54723494	9.98481538	11.1185512
9.82536331	10.275692	11.4424538
9.68803325	10.1320672	11.2825212
10.0272394	10.4868207	11.6775569
10.120004	10.5838373	11.7855894
10.0654309	10.5267631	11.7220344
9.69153988	10.1357351	11.2866087
9.59532944	10.0351138	11.17456
9.44243656	9.87521494	10.9965056
9.60953513	10.0499712	11.1911056
8.07440237	8.44447863	9.40331444
8.33846744	8.72064725	9.71084125
9.563608	10.0019391	11.1376187
12.6745681	13.255485	14.7605912
17.0204237	17.800525	19.8217025
23.8009144	24.8917881	27.7181488
29.7129569	31.0747994	34.603215
29.4191606	30.76754	34.2610669
21.6140969	22.6047425	25.1714175
16.1116413	16.8500906	18.76335
12.4134549	12.982405	14.4565031
9.93450444	10.3898368	11.5695608
8.58329419	8.97669531	9.99596194
7.82472869	8.18336181	9.11254894
7.69452425	8.04718944	8.96091506
7.737383	8.09201237	9.01082737
7.66091319	8.01203819	8.92177219
8.09704113	8.468155	9.42967912
7.94482675	8.30896431	9.25241294
7.64549138	7.99590938	8.90381206
7.84135606	8.20075144	9.13191275
7.80233275	8.15993931	9.086467
7.46084019	7.80279488	8.68877056
7.71208144	8.06555156	8.98136194
6.32967075	6.61978056	7.37142931
6.84881294	7.16271669	7.97601394
7.65496175	8.005814	8.91484125
8.94779337	9.35790119	10.4204513
11.6652969	12.199955	13.5852113
13.5675594	14.1894038	15.8005531
15.3888288	16.0941488	17.921575
15.8099838	16.5346062	18.4120431
12.9655144	13.5597675	15.0994244
10.8993463	11.3989003	12.6931988
8.81220506	9.21609775	10.2625481
7.28498337	7.61887812	8.48397081
6.77636325	7.08694644	7.89164013
6.38433944	6.67695494	7.43509581
6.19527781	6.47922781	7.2149175
5.99563794	6.27043781	6.98242044
6.007566	6.28291275	6.99631169
6.08421719	6.36307687	7.08557831
6.23444219	6.52018725	7.26052787
6.19554056	6.47950256	7.21522388
6.19911806	6.48324394	7.21938969
6.194994	6.47893112	7.21458738
6.080245	6.35892263	7.08095238
6.27120669	6.55863688	7.30334325
5.21817688	5.45734306	6.07700194
5.74122612	6.00436556	6.68613663
6.40025163	6.69359638	7.45362681
7.83349294	8.19252769	9.12275644
9.05101769	9.46585562	10.5406651
9.19604362	9.61752906	10.7095594
8.68084625	9.07871856	10.1095685
7.24949481	7.58176319	8.44264137
6.27742094	6.56513594	7.31058012
5.58633562	5.84237588	6.50575369
5.06406913	5.29617194	5.89753069
5.03112025	5.26171288	5.859159
5.01288744	5.24264463	5.83792531
4.95333681	5.18036444	5.76857381
4.86368438	5.08660306	5.66416613
4.88882194	5.11289294	5.69344081
4.98696881	5.21553831	5.80774137
5.03657175	5.26741438	5.86550756
4.61850069	4.83018169	5.37862906
4.91842219	5.14384969	5.72791287
5.81925969	6.0859755	6.77701312
6.50910175	6.80743538	7.58039175
5.99621613	6.27104244	6.98309375
5.21172988	5.45060069	6.06949406
4.72599112	4.942599	5.50381088
4.4015275	4.60326388	5.12594556
4.2941385	4.49095294	5.00088213
4.23044675	4.42434238	4.92670819
4.31749437	4.5153795	5.02808219
4.29573462	4.49262256	5.00274125
4.16508519	4.35598494	4.85058912
4.45356544	4.65768706	5.18654825
4.530379	4.73802137	5.27600425
4.29594387	4.49284125	5.00298481
3.95415462	4.13538644	4.60494281
3.96026194	4.14177375	4.61205519
4.07153981	4.25815194	4.7416475
