#?RADIANCE
genskyvec -m 1
NROWS=146
NCOLS=1
NCOMP=3
FORMAT=ascii

5.36534006	5.61125131	6.24838575
21.2056731	22.1775987	24.6957744
21.6245794	22.6157069	25.1836262
22.4596888	23.4890888	26.1561806
23.6681687	24.75296	27.5635575
24.6903056	25.821945	28.7539213
25.0576612	26.2061356	29.181735
25.5450688	26.7158844	29.7493638
24.6229706	25.7515238	28.6755031
24.4949344	25.6176181	28.526395
24.0601606	25.1629181	28.0200656
23.0172025	24.0721569	26.8054512
21.9848981	22.9925375	25.6032469
21.068355	22.0339869	24.5358562
20.6751469	21.6227575	24.0779331
21.6255044	22.6166737	25.1847025
24.3507594	25.4668363	28.35849
27.2960994	28.5471687	31.7885819
35.0837837	36.69179	40.8579912
50.74174	53.0674025	59.0929888
69.7979056	72.9969738	81.2854819
107.623165	112.555896	125.336163
118.015634	123.424674	137.439033
111.838409	116.964312	130.245146
79.444975	83.0862025	92.5202969
50.439205	52.751	58.7406587
37.6324837	39.357305	43.8261662
29.2188094	30.558005	34.0277413
24.9927081	26.1382069	29.1060925
22.1246862	23.1387325	25.7660431
21.0933981	22.0601794	24.56502
15.9442756	16.6750538	18.5684375
14.9626738	15.6484606	17.4252813
16.6622431	17.4259294	19.4045719
16.9106944	17.6857662	19.6939131
17.5371812	18.3409681	20.42351
17.0999963	17.8837463	19.9143712
18.5731394	19.4244069	21.6299687
19.0327769	19.9051119	22.1652556
18.1165975	18.9469413	21.0982887
15.4624919	16.1711869	18.0073594
15.5953806	16.3101675	18.16212
15.1203563	15.8133712	17.6089144
15.8371756	16.5630469	18.4437137
15.8158906	16.5407856	18.4189231
16.3620556	17.1119825	19.0549787
18.5698619	19.42098	21.6261538
23.4474112	24.5220837	27.3064669
28.7799531	30.0990325	33.5166531
42.1287519	44.0596525	49.0624444
61.8833937	64.7197156	72.0683744
100.029604	104.614284	116.492818
1878.51773000575	1885.43833100575	1903.36901200575
973.732362451008	978.900973451008	992.292442451008
70.6955094	73.9357187	82.3308169
46.1615981	48.2773369	53.7590288
33.5198519	35.0561788	39.0366625
23.7705194	24.8599994	27.68275
19.6402806	20.5404606	22.8727444
16.9105631	17.6856281	19.6937594
16.109325	16.8476688	18.7606531
10.4250287	10.902842	12.1408144
9.89712894	10.350748	11.5260319
10.0781729	10.5400903	11.7368731
11.2464625	11.7619246	13.0974431
11.4628236	11.9882038	13.3494144
11.6230031	12.1557246	13.5359569
11.4630479	11.9884369	13.3496763
11.2640256	11.7802939	13.1178994
10.2703778	10.7411029	11.9607112
10.4525233	10.9315972	12.172835
10.4867156	10.9673553	12.2126556
11.6465281	12.1803281	13.5633519
13.4932537	14.1116938	15.7140181
16.8382563	17.6100088	19.6095538
25.2578894	26.4155425	29.4149187
41.2637044	43.1549569	48.0550256
72.5273162	75.8514794	84.4641144
1240.52979217474	1245.59126117474	1258.70511317474
58.5439381	61.2272012	68.1792975
33.1358212	34.6545444	38.589425
22.2531206	23.273055	25.9156144
16.3024156	17.0496081	18.9855212
12.2062875	12.76574	14.21524
11.1557562	11.6670603	12.9918075
7.67429844	8.02603681	8.937361
7.54757469	7.893505	8.78978025
7.35740044	7.69461437	8.56830656
7.578784	7.926145	8.82612619
7.92268156	8.28580413	9.22662313
7.87184013	8.23263244	9.16741344
7.69658194	8.04934175	8.96331144
7.76553381	8.12145381	9.04361187
7.50346888	7.84737769	8.73841506
7.62567756	7.97518737	8.88073712
7.86327131	8.22367081	9.15743475
8.40176175	8.78684219	9.78455244
9.69632712	10.1407416	11.2921812
12.8930338	13.4839631	15.0150119
17.8305375	18.6477706	20.7651481
23.5106862	24.5882575	27.3801525
33.8993625	35.45308	39.4786338
39.2497894	41.0487369	45.7096531
33.3629488	34.8920806	38.8539338
22.98902	24.0426806	26.7726288
16.2674525	17.0130437	18.9448069
11.8978411	12.4431581	13.8560275
9.56867863	10.0072433	11.1435239
8.64048	9.03650206	10.0625603
6.355417	6.64670688	7.40141306
6.0308155	6.30722769	7.02338763
5.84147381	6.10920788	6.80288338
6.00480506	6.28002525	6.99309625
6.04229619	6.31923456	7.03675781
5.9340615	6.20603894	6.91070944
6.02826219	6.30455738	7.020414
6.33659306	6.62702025	7.37949125
6.80880975	7.12088012	7.92942675
8.16751519	8.54185937	9.51175238
9.64551856	10.087605	11.23301
13.7200694	14.3489063	15.9781656
18.1858344	19.0193531	21.1789225
18.4979813	19.3458037	21.5424406
14.6860188	15.3591275	17.1030919
10.9122947	11.4124406	12.7082775
8.61604212	9.01094356	10.0340999
7.10493056	7.430573	8.27428425
5.60975556	5.86686887	6.533028
5.14395437	5.37971869	5.99056394
5.10800538	5.342122	5.94869825
5.1838015	5.42139231	6.03696906
5.23454094	5.47445706	6.09605931
5.73728375	6.00024244	6.68154519
6.79659488	7.10810538	7.9152015
8.20394331	8.57995719	9.55417581
10.4866566	10.9672935	12.2125863
10.0059348	10.4645404	11.6527452
8.25247981	8.63071819	9.61070175
6.3648625	6.65658513	7.41241306
5.33815662	5.58282213	6.21672869
4.94226375	5.16878387	5.75567819
5.08029237	5.313139	5.91642406
5.77622656	6.04097013	6.72689738
6.50993394	6.80830581	7.581361
6.37006231	6.66202331	7.41846881
5.37081975	5.61698213	6.25476756
