#?RADIANCE
genskyvec -m 1
NROWS=146
NCOLS=1
NCOMP=3
FORMAT=ascii

9.10599544	9.52335369	10.6046906
25.2769525	26.4354794	29.43712
25.0677531	26.2166894	29.1934881
25.80447	26.9871738	30.0514575
27.5783994	28.8424094	32.1173475
31.0374675	32.4600194	36.1457194
37.0624325	38.761125	43.1622931
45.6667556	47.759815	53.1827456
61.9090631	64.7465594	72.0982675
83.7320206	87.5697394	97.5129206
91.912445	96.1250931	107.03971
100.570691	105.180185	117.122967
77.0805538	80.6134125	89.7667338
57.8109681	60.460635	67.3256944
44.5806256	46.6239025	51.9178556
35.5094256	37.13694	41.3536875
30.4038263	31.7973306	35.4077912
27.4378569	28.6954256	31.9536725
25.6368031	26.8118219	29.8561956
24.7775475	25.9131856	28.8555212
25.9214469	27.1095125	30.1876856
26.3998681	27.60986	30.7448462
27.0688594	28.3095138	31.5239431
27.1084162	28.3508844	31.5700119
28.8808487	30.2045538	33.6341556
28.7817462	30.1009081	33.5187419
29.5866575	30.9427125	34.45613
28.8131469	30.1337481	33.5553113
27.704705	28.9745012	32.2644394
26.3880694	27.5975212	30.7311081
25.4114225	26.5761131	29.5937212
17.8005006	18.6163569	20.7301688
16.6938694	17.4590044	19.4414025
18.9419612	19.8101356	22.0594944
20.2464662	21.1744262	23.5786981
24.2163475	25.3262625	28.2019569
29.142845	30.4785569	33.9392725
39.1993931	40.9960313	45.6509594
56.5994306	59.1935694	65.9147563
85.0079406	88.9041356	98.998835
114.66655	119.922106	133.538775
111.587827	116.702264	129.953325
80.08614	83.7567544	93.2669906
55.9972787	58.5638194	65.2135012
38.509595	40.2746175	44.8476337
28.9577119	30.2849387	33.7236706
22.7675462	23.8110575	26.5147037
21.6396137	22.6314281	25.2011344
17.9914231	18.8160281	20.9525125
17.2680994	18.0595513	20.1101381
16.4163206	17.168735	19.1181763
16.9588806	17.7361631	19.7500312
17.9277681	18.7494569	20.8783794
17.1373019	17.9227606	19.9578156
19.3248044	20.2105238	22.5053475
19.9247356	20.8379512	23.2040163
20.2504675	21.1786131	23.5833563
18.7566506	19.6163306	21.843685
18.7363056	19.5950519	21.8199894
17.7028425	18.5142225	20.6164363
17.7225475	18.5348287	20.6393838
11.2740331	11.7907588	13.12955
11.161843	11.6734281	12.9988981
12.3872294	12.9549775	14.4259606
16.1084581	16.8467606	18.7596425
21.6785075	22.6721056	25.2464294
33.5229856	35.0594569	39.0403125
56.8548862	59.4607313	66.2122538
1890.42578959513	1895.20584759513	1907.59055859513
2267.18322058757	2272.24576058757	2285.36234758757
59.9943075	62.744045	69.8683731
35.9487887	37.5964394	41.8653606
22.4746925	23.5047819	26.1736537
16.3310513	17.0795594	19.0188719
13.1069731	13.7077088	15.2641638
11.8942941	12.4394481	13.851895
11.4575252	11.9826606	13.3432406
10.9590574	11.4613484	12.7627356
11.8956823	12.440901	13.853515
11.6044042	12.1362718	13.514295
11.0386383	11.5445755	12.855415
11.7146574	12.2515788	13.6426956
11.6996427	12.2358749	13.6252075
10.7972923	11.2921669	12.5743462
11.2116323	11.7254988	13.0568812
8.05959738	8.42899531	9.38607362
8.68807225	9.08627544	10.1179846
9.72446769	10.1701724	11.3249548
11.6167291	12.1491619	13.52865
16.5719144	17.3314594	19.2993775
22.0000131	23.0083469	25.6208506
36.4854131	38.15766	42.490305
55.3754356	57.913475	64.4893138
1347.33848421278	1349.78324481278	1356.11739921278
37.5297219	39.2498338	43.7064912
23.6188525	24.7013825	27.5061238
15.50674	16.217465	18.0588913
12.4942012	13.0668519	14.5505394
10.1171444	10.5808466	11.7822581
8.92813344	9.33733925	10.3975544
8.14033637	8.51343481	9.48010094
7.84683587	8.20648231	9.13829481
7.83582719	8.194969	9.12547437
8.0636735	8.43325844	9.39081944
8.031321	8.39942294	9.35314312
8.09831425	8.46948688	9.43116275
8.13899519	8.51203219	9.47853881
7.90423881	8.26651638	9.20514475
8.13906044	8.51210044	9.47861481
6.49333531	6.79094638	7.56203038
7.32281556	7.65844425	8.52802931
8.67680381	9.07449081	10.1048602
12.0071844	12.5575144	13.9833675
17.1278087	17.9128331	19.9467606
24.26713	25.3793719	28.2610962
26.0914469	27.2873044	30.3856662
18.9473806	19.8158044	22.0658069
13.5878038	14.2105775	15.8241287
9.80408319	10.2534363	11.4176717
7.71086213	8.06427662	8.97994206
6.88870919	7.20444125	8.02247588
6.41573131	6.70978538	7.47165406
6.11626906	6.39659775	7.12290519
5.94346725	6.21587606	6.92166306
5.972677	6.2464245	6.95568056
6.13215137	6.41320781	7.14140156
6.21642888	6.50134819	7.23954981
5.89267556	6.16275644	6.86251194
6.78256838	7.09343606	7.89886663
9.33804188	9.76603619	10.8749278
13.170732	13.7743893	15.3384156
13.1087836	13.7096031	15.2662719
10.2944575	10.7662854	11.9887534
7.88873	8.25029631	9.18708331
6.38912681	6.68196156	7.44067088
5.57835894	5.83403344	6.49646387
5.25795994	5.4989495	6.12333262
5.26877131	5.51025625	6.1359235
5.33030863	5.57461438	6.20758881
5.63651963	5.89486	6.56419737
6.76650894	7.07664038	7.88016362
7.59784156	7.94607569	8.84832006
6.85854762	7.17289756	7.98735075
5.41800437	5.6663295	6.309718
5.14719331	5.38310613	5.994336
5.91869512	6.18996856	6.89281406
