#?RADIANCE
genskyvec -m 1
NROWS=146
NCOLS=1
NCOMP=3
FORMAT=ascii

26.4023131	27.61242	30.7476969
31.7711062	33.2272819	37.000105
30.982655	32.40269	36.0818844
30.4742781	31.8710131	35.4898381
29.2888031	30.6312075	34.1092531
26.6395294	27.8605087	31.0239556
26.7610875	27.9876344	31.1655162
27.4757013	28.7350031	31.9977469
28.5077875	29.8143938	33.1996969
29.5642056	30.9192313	34.4299844
36.0963656	37.7507813	42.0372263
37.2077475	38.9131006	43.3315244
41.8412044	43.758925	48.7275713
43.3899438	45.3786488	50.5312075
43.0067931	44.9779388	50.0849987
42.6591081	44.6143156	49.6800869
39.7631831	41.5856619	46.3075431
38.4677412	40.2308456	44.7988938
33.8959231	35.449485	39.4746287
30.3055606	31.694565	35.2933537
29.9939388	31.3686606	34.9304425
26.7189181	27.9435338	31.1164094
27.3245762	28.5769525	31.8217494
25.9213006	27.10936	30.1875156
27.9401744	29.2207656	32.5386638
30.8496981	32.2636425	35.9270475
32.5996569	34.0938081	37.9650206
34.8815375	36.4802738	40.6224594
33.1344169	34.6530787	38.5877944
33.6886887	35.2327531	39.2332875
32.2790238	33.7584781	37.591615
17.70813	18.5197544	20.6225963
15.668705	16.3868544	18.2475137
16.8711119	17.6443719	19.6478169
16.0152431	16.7492744	18.6510869
16.2803244	17.0265069	18.9597956
16.4175569	17.1700262	19.1196138
18.4673325	19.31375	21.5067469
20.7251394	21.6750413	24.1361525
23.1890981	24.25193	27.0056375
24.5899981	25.71704	28.6371025
28.7069019	30.0226325	33.4315819
32.4451969	33.9322675	37.7851363
35.7693062	37.4087325	41.6563394
37.0304869	38.7277175	43.1250906
35.3292819	36.9485388	41.1438944
31.654375	33.1052	36.86416
29.5538863	30.9084387	34.4179656
24.7532781	25.8878012	28.8272544
21.6975738	22.6920469	25.268635
18.9859581	19.8561481	22.1107338
17.5341356	18.3377819	20.4199625
16.6154213	17.3769612	19.3500444
15.0856575	15.7770825	17.5685056
16.3425556	17.0915894	19.0322681
16.9344081	17.7105694	19.72153
17.7729775	18.5875706	20.6981125
17.2202044	18.0094631	20.0543625
18.0801894	18.9088663	21.0558881
17.5395644	18.3434613	20.4262869
17.7746694	18.5893419	20.7000856
11.0450147	11.5512456	12.8628413
10.6630189	11.15174	12.4179769
10.9228706	11.4235019	12.7205944
12.0870844	12.6410756	14.0764169
13.2792406	13.88787	15.4647806
15.2703412	15.9702325	17.7835856
17.9986938	18.8236338	20.9609794
22.0593625	23.0704169	25.6899687
26.9243575	28.1583913	31.3556606
34.8070087	36.4023288	40.5356644
41.2358675	43.1258425	48.0226063
38.4688631	40.2320169	44.8001975
31.1656531	32.5940775	36.2950012
24.7746281	25.9101294	28.8521187
19.7355381	20.6400837	22.9836787
16.5736419	17.3332656	19.3013881
13.8076988	14.4405506	16.0802162
12.8440413	13.4327263	14.9579562
11.5674619	12.0976375	13.4712731
10.8474184	11.3445925	12.6327225
11.115075	11.6245163	12.9444312
11.2263836	11.7409269	13.0740606
10.7753216	11.2691919	12.5487606
11.2133324	11.727275	13.05886
9.04511769	9.45968513	10.5337944
9.35880913	9.78775412	10.8991137
9.889433	10.3426984	11.5170694
10.6604388	11.1490425	12.41497
12.3619069	12.9284938	14.3964706
13.8716287	14.50741	16.1546675
17.3672794	18.1632794	20.2256444
22.8333713	23.8799019	26.5913663
33.6068556	35.1471675	39.1379862
49.3412081	51.6026806	57.4619512
70.5416269	73.7747837	82.1516094
65.7377744	68.7507544	76.5571225
43.8346525	45.8437381	51.0491063
26.4443081	27.6563381	30.7966025
19.4501131	20.3415744	22.6512775
15.9402837	16.6708806	18.5637894
13.27711	13.8856431	15.4623019
11.5973462	12.1288912	13.5060769
10.3886144	10.86476	12.0984081
9.63689575	10.0785861	11.2229694
9.2704865	9.69538344	10.796255
9.12104081	9.53908844	10.6222125
8.96893938	9.38001575	10.4450775
9.04820581	9.46291519	10.5373906
8.87904112	9.28599706	10.3403831
9.46859669	9.90257281	11.0269706
10.5637881	11.0479619	12.3024106
12.3335737	12.8988619	14.3634762
15.0815844	15.7728231	17.5637637
23.0404062	24.0964244	26.832475
38.1477156	39.8961519	44.4261988
2876.95454218171	2881.30913598171	2892.59151898171
5824.95892760513	5829.98849560513	5843.01969760513
50.3829888	52.6922062	58.6751906
28.0944669	29.38213	32.7183494
18.1475175	18.9792775	21.1342975
13.6975669	14.3253694	15.9519563
11.14878	11.6597656	12.9836831
9.94604312	10.4019036	11.5829969
9.09816519	9.51516406	10.5955725
8.69615737	9.09473131	10.1274006
8.65800038	9.054825	10.0829632
9.72730881	10.1731445	11.3282625
11.1071059	11.6161819	12.9351506
13.6530075	14.2787706	15.9000675
19.6744775	20.5762238	22.9125694
32.9544519	34.4648619	38.3782062
2067.66530126376	2070.24816246376	2076.94013186376
40.078775	41.9157194	46.6750775
22.6790844	23.7185425	26.4116856
14.5214587	15.1870256	16.91145
11.5249194	12.0531437	13.4217288
9.70625037	10.1511192	11.3037375
9.61762788	10.058436	11.2005306
11.8870838	12.4319106	13.8435019
14.8226644	15.5020363	17.2622281
21.6238206	22.6149106	25.1827419
25.2898287	26.448945	29.452115
15.2147387	15.9120806	17.7188319
12.0438869	12.5958975	14.02611
15.5751119	16.2889706	18.1385175
