#?RADIANCE
genskyvec -m 1
NROWS=146
NCOLS=1
NCOMP=3
FORMAT=ascii

5.87394113	6.14316338	6.84069413
22.154775	23.1702019	25.8010844
22.0716631	23.0832794	25.7042925
23.042945	24.0990781	26.8354294
25.4050994	26.5694994	29.5863569
30.3478775	31.7388206	35.3426331
38.6855019	40.4585856	45.0524913
50.8834594	53.2156162	59.2580331
76.1155894	79.6042181	88.6429469
110.328708	115.385434	128.486974
112.277473	117.423515	130.756469
108.944511	113.937793	126.874967
71.1575425	74.4189275	82.8688919
49.346235	51.607935	57.4678044
37.0065088	38.7026394	43.0971656
29.2522856	30.5930144	34.0667263
25.3549856	26.5170875	29.527995
22.8807825	23.9294837	26.6465794
22.043735	23.0540706	25.6717675
21.8831981	22.8861756	25.4848075
23.0951269	24.1536537	26.8962025
24.2562719	25.3680175	28.2484525
24.8784938	26.0187587	28.9730819
25.2823025	26.4410737	29.44335
26.8449756	28.0753706	31.2632144
26.3392488	27.5464619	30.67425
26.90437	28.1374863	31.3323819
25.7473463	26.9274319	29.9849313
24.7475581	25.8818194	28.820595
23.2237181	24.2881369	27.0459569
22.3051775	23.3274988	25.9762406
16.5916331	17.352085	19.3223425
15.8207425	16.5458594	18.4245744
18.1014963	18.9311481	21.0807025
20.0013706	20.9181	23.2932631
25.1279006	26.2795944	29.2635331
31.9322469	33.3958056	37.1877619
45.3133881	47.3902494	52.7712181
70.8245056	74.0706263	82.4810413
1012.34192096778	1017.72128296778	1031.65876996778
1871.98967948443	1879.25487248443	1898.07837948443
111.202609	116.299388	129.504719
68.2543412	71.3826619	79.4878713
46.1814231	48.2980719	53.7821188
31.698745	33.1516025	36.9158312
24.192855	25.301695	28.1745975
19.5286219	20.4236838	22.7427075
18.8919881	19.7578719	22.0012975
16.2077794	16.950635	18.8753094
15.97699	16.7092669	18.6065356
15.574645	16.2884831	18.1379731
16.3650313	17.1150944	19.0584438
17.5194187	18.3223919	20.4028244
16.9742556	17.7522431	19.7679369
19.0087062	19.8799388	22.1372231
19.506565	20.4006169	22.7170225
19.6472525	20.5477506	22.8808631
18.0780875	18.9066663	21.0534419
17.7909175	18.6063338	20.7190081
16.6798013	17.4442912	19.4250181
16.5605037	17.3195262	19.2860863
11.0123496	11.5170827	12.8247994
11.0255322	11.5308681	12.8401519
12.4673719	13.0387937	14.5192937
16.7093437	17.4751881	19.4594244
23.4781888	24.5542706	27.3423094
38.0014775	39.7432125	44.2558919
66.005285	69.0305269	76.8686619
1480.8887198949	1486.0718988949	1499.5010508949
76.9959425	80.5249187	89.6681956
44.2368206	46.2643413	51.5174656
27.8661225	29.1433194	32.4524231
18.515155	19.363765	21.5624419
14.1175556	14.7646106	16.4410713
11.80293	12.3438994	13.7454987
11.1173194	11.6268632	12.9470444
11.0475218	11.5538659	12.8657613
10.8977764	11.3972574	12.6913694
11.9645356	12.5129092	13.9336994
11.8069618	12.3481131	13.7501919
11.2632606	11.7794925	13.1170063
11.8242	12.3661413	13.7702675
11.6811052	12.2164894	13.6036219
10.6896736	11.1796167	12.4490181
10.9554521	11.4575775	12.7585387
8.13572612	8.50861319	9.47473206
8.79160931	9.19455831	10.2385631
9.9630675	10.4197068	11.6028225
12.0150988	12.5657913	13.9925869
17.2858631	18.0781319	20.1308294
22.7855206	23.8298562	26.5356394
34.7726725	36.3664188	40.4956756
44.9194106	46.9782156	52.3123987
36.7803763	38.4661419	42.8338156
26.9042919	28.1374031	31.33229
18.1969969	19.0310262	21.1919212
12.8379969	13.4264056	14.9509194
10.8312126	11.3276413	12.6138494
9.23733013	9.66070775	10.7576414
8.475766	8.86423856	9.87073594
7.96644781	8.3315765	9.27759269
7.89535394	8.257224	9.19479806
8.02762344	8.39555569	9.34883687
8.34624206	8.72877781	9.71989419
8.33688281	8.71898956	9.70899625
8.37102987	8.75470175	9.74876256
8.33112844	8.71297138	9.70229394
8.03586738	8.40417775	9.35843737
8.20340988	8.57939913	9.55355494
6.69753819	7.0045085	7.79984169
7.53368613	7.87897988	8.77360587
8.88530981	9.29255275	10.3476852
12.0671706	12.6202487	14.0532262
16.3644656	17.1145037	19.057785
20.2670844	21.1959906	23.6027094
20.0286694	20.9466494	23.325055
14.812815	15.491735	17.25076
11.2689554	11.7854484	13.1236394
8.71722344	9.11676206	10.1519336
7.23962862	7.5714445	8.43115112
6.73784519	7.04666287	7.84678275
6.491152	6.78866306	7.55948794
6.35183425	6.64295994	7.39724088
6.23514819	6.52092575	7.26134987
6.26961237	6.55696931	7.3014865
6.39330131	6.68632737	7.44553256
6.43613406	6.73112338	7.49541475
6.11627219	6.39660113	7.12290919
6.930108	7.24773775	8.07068875
9.17309256	9.59352562	10.6828305
11.9208769	12.4672513	13.8828563
11.3056819	11.8238598	13.1664106
9.01036788	9.42334231	10.493324
7.28112137	7.61483913	8.47947306
6.20916975	6.49375644	7.23109587
5.6735485	5.93358594	6.60732025
5.48260181	5.73388756	6.384947
5.54552556	5.79969519	6.45822688
5.58383556	5.83976119	6.50284231
5.79700981	6.062706	6.7511015
6.71694125	7.02480094	7.82243825
7.23010969	7.56148944	8.42006575
6.56470269	6.86558475	7.64514381
5.49864475	5.75066569	6.40363044
5.33885169	5.58354887	6.21753787
5.93270987	6.2046255	6.90913538
