#?RADIANCE
genskyvec -m 1
NROWS=146
NCOLS=1
NCOMP=3
FORMAT=ascii

0.293399788	0.30684725	0.341688506
8.07823969	8.44849206	9.40778363
7.51520588	7.85965256	8.75208394
7.39029312	7.72901462	8.60661269
7.54739181	7.89331375	8.78956712
8.06214919	8.43166394	9.38904506
8.13184731	8.50455681	9.47021394
8.300368	8.68080144	9.66647094
8.34212956	8.72447694	9.71510594
8.77427213	9.17642619	10.2183705
7.9685855	8.33381212	9.28008312
8.32497069	8.70653188	9.69512275
7.71395713	8.06751338	8.98354638
7.50294294	7.8468275	8.73780275
7.50200762	7.84584931	8.73671337
7.50731706	7.85140219	8.74289687
8.414744	8.80041962	9.79967156
8.62919619	9.02470081	10.0494177
10.9235081	11.4241686	12.7213348
14.5645256	15.2320656	16.9616044
18.9043131	19.77076	22.0156494
29.2231588	30.5625538	34.0328063
64.2999927632488	66.1604077632488	70.9805852632488
197.585449383371	200.175884383371	206.887474983371
73.8361488406155	75.9875425406155	81.5616144406155
27.9072894	29.1863713	32.5003656
19.4719319	20.3643938	22.6766869
13.9813329	14.6221434	16.2824288
11.4317221	11.9556755	13.3131929
9.40576025	9.836856	10.9537913
8.49634544	8.88576125	9.8947025
7.41518031	7.7550425	8.63559575
6.81202856	7.12424625	7.93317537
7.12723806	7.45390281	8.30026313
7.13830906	7.46548144	8.31315625
7.28012031	7.61379244	8.47830737
7.19686675	7.52672313	8.38135138
7.66396463	8.01522962	8.92532556
7.90047262	8.2625775	9.20075938
7.75541544	8.11087175	9.03182763
7.00853188	7.32975613	8.16201975
7.08601813	7.41079375	8.25225913
6.93978919	7.2578625	8.08196312
7.15627894	7.48427488	8.33408375
7.00342531	7.32441519	8.15607269
7.08522837	7.409968	8.25133944
7.59754069	7.945761	8.84796963
8.88473544	9.29195281	10.3470158
9.88194031	10.334862	11.5083422
12.6253854	13.2040477	14.7033144
15.8601006	16.5870206	18.4704069
21.7722756	22.7701725	25.3556319
31.39885	32.8379638	36.56658
34.4753663	36.0554862	40.1494381
33.9268925	35.481875	39.5106969
25.0264512	26.1734975	29.1453919
18.7992275	19.6608581	21.8932681
13.1599588	13.7631244	15.3258706
10.4805214	10.9608782	12.2054403
8.67604988	9.07370262	10.1039844
7.90857506	8.27105106	9.2101955
4.94537294	5.17203569	5.75929919
4.55080681	4.7593855	5.299794
4.51539906	4.72235456	5.25855881
4.97569756	5.20375019	5.79461475
5.05569544	5.28741456	5.88777887
5.17321044	5.41031575	6.02463481
5.172204	5.40926306	6.02346275
5.17532881	5.41253125	6.02710181
4.73625425	4.95333231	5.51576306
4.83854563	5.06031238	5.63489006
4.75915788	4.977286	5.54243625
5.02164425	5.25180275	5.84812344
5.33220813	5.57660075	6.20980094
5.87317606	6.14236325	6.83980319
7.47991025	7.8227395	8.71097988
9.889096	10.3423469	11.5166779
12.9209064	13.5131125	15.0474719
17.9724506	18.7961863	20.9304175
17.1679381	17.9548037	19.9934956
12.8176082	13.40508	14.9271719
10.5443679	11.0276508	12.2797964
8.22240325	8.5992635	9.57567381
6.04096587	6.31784344	7.03520875
5.49228594	5.74401569	6.39622519
3.19261619	3.33894438	3.71806787
3.12814119	3.27151412	3.64298137
2.96631319	3.102269	3.45451912
3.07119437	3.21195744	3.57666206
3.24482638	3.3935475	3.77887094
3.2234995	3.37124313	3.754034
3.16228813	3.30722619	3.68274812
3.23841594	3.38684312	3.77140531
3.09468813	3.23652781	3.60402225
3.1290715	3.27248713	3.64406469
3.08971119	3.23132287	3.59822613
3.03131663	3.17025194	3.53022106
3.32411162	3.47646662	3.871205
3.93331575	4.11359269	4.58067419
4.67521456	4.88949494	5.444677
5.22031244	5.4595765	6.07948913
6.39444462	6.68752331	7.44686394
7.43077162	7.77134788	8.653753
8.08339506	8.45388431	9.41378831
7.15571694	7.48368712	8.33342887
6.0656105	6.34361744	7.0639095
4.92576262	5.15152644	5.73646138
4.0255395	4.21004337	4.68807662
3.72715619	3.89798394	4.34058413
2.1248535	2.22224263	2.47456913
2.04299831	2.13663563	2.37924187
1.94435125	2.03346725	2.26435906
2.0647085	2.15934094	2.40452525
2.09158631	2.1874505	2.43582644
2.02281156	2.11552362	2.35573256
2.05347031	2.14758762	2.39143731
2.086389	2.18201506	2.42977406
2.09762419	2.19376519	2.44285819
2.2989745	2.40434419	2.67734756
2.33905675	2.44626344	2.72402675
2.96030781	3.09598838	3.44752531
3.52855881	3.69028431	4.10930106
3.74492456	3.91656681	4.36127688
3.42475512	3.58172288	3.98841294
3.05350606	3.19345819	3.55606237
2.755122	2.8813985	3.20856938
2.36253512	2.47081794	2.75136956
1.48622825	1.55434706	1.73083687
1.312923	1.37309856	1.52900838
1.37345769	1.43640775	1.59950606
1.43167681	1.49729531	1.66730706
1.3581265	1.42037394	1.58165169
1.37953394	1.44276238	1.60658231
1.51831888	1.58790831	1.76820888
1.63533519	1.71028794	1.90448413
1.93467419	2.02334669	2.25308944
1.93911381	2.02798975	2.25825975
1.91445738	2.00220344	2.22954531
1.53648263	1.60690463	1.78936219
1.05742081	1.10588594	1.23145469
0.979441056	1.02433217	1.14064094
0.987917269	1.03319683	1.150512
1.07794548	1.12735123	1.25535731
1.10979056	1.160656	1.29244375
1.16722225	1.22071994	1.35932763
0.93825225	0.981255475	1.092673
