#?RADIANCE
genskyvec -m 1
NROWS=146
NCOLS=1
NCOMP=3
FORMAT=ascii

9.77517194	10.2232013	11.3840037
26.2114362	27.4127938	30.5254031
25.9848025	27.1757694	30.2614681
26.6986881	27.9223781	31.0928506
28.4145525	29.7168862	33.0911162
31.7275356	33.1817138	36.9493606
37.5381612	39.2586581	43.7163181
45.8122169	47.9119419	53.3521469
61.2559119	64.0634725	71.337615
82.0213013	85.780605	95.5206406
90.5915575	94.7436606	105.501427
100.35042	104.949828	116.866433
78.7772638	82.3878906	91.742695
59.9745744	62.7234075	69.8453937
46.5759856	48.7107175	54.24162
37.16795	38.8714781	43.2851756
31.8033037	33.2609513	37.0375975
28.6714263	29.9855331	33.3902669
26.7014769	27.9252944	31.0960981
25.7066831	26.8849056	29.9375756
26.8271537	28.0567325	31.2424594
27.2097606	28.4568744	31.6880337
27.8719237	29.1493881	32.4591819
27.8611944	29.1381656	32.4466856
29.6711081	31.0310344	34.5544806
29.6181837	30.9756844	34.4928469
30.4677013	31.8641369	35.4821794
29.7412619	31.1044025	34.6361806
28.6211863	29.9329887	33.3317575
27.3234156	28.5757375	31.8203969
26.3402919	27.5475531	30.6754656
18.4226238	19.2669938	21.4546806
17.2680263	18.0594756	20.1100562
19.5411412	20.4367763	22.7572894
20.7971569	21.75036	24.2200244
24.6943381	25.8261606	28.758615
29.4873631	30.8388675	34.3404931
39.2804519	41.0808037	45.7453606
55.992035	58.5583338	65.2073937
82.9308881	86.7318856	96.5799287
111.308073	116.409681	129.627531
112.029927	117.164637	130.4682
83.2322469	87.047055	96.9308919
58.8221531	61.518165	68.5033019
40.6340956	42.4964888	47.3217919
30.54959	31.9497812	35.5775475
23.937535	25.0346713	27.8772556
22.6435625	23.6813919	26.3703175
18.7753381	19.6358731	21.8654481
17.9423075	18.7646625	20.8953125
17.0047525	17.7841369	19.8034531
17.506355	18.3087281	20.38761
18.4506306	19.2962806	21.4872962
17.6194631	18.4270187	20.5193331
19.8399788	20.74931	23.1053106
20.4572644	21.3948881	23.8241913
20.8092212	21.7629762	24.2340737
19.3145963	20.1998494	22.4934594
19.32847	20.2143581	22.5096137
18.2967994	19.135405	21.3081506
18.3354494	19.1758263	21.3531612
11.7226626	12.2599513	13.6520181
11.6051813	12.1370856	13.5152012
12.8416188	13.4301925	14.9551375
16.5801906	17.3401156	19.3090144
22.1405875	23.1553644	25.78456
33.8903506	35.4436581	39.46814
56.8718788	59.4785069	66.2320475
1726.40802272111	1731.14079872111	1743.40303772111
2498.468234998	2503.886931998	2517.926344998
64.9094481	67.8844625	75.5924644
38.7657919	40.5425569	45.1459987
24.033515	25.1350512	27.9890325
17.34544	18.1404381	20.2002119
13.8474431	14.4821162	16.1265012
12.4804731	13.0524956	14.5345525
11.9571494	12.5051844	13.9250975
11.3908626	11.9129425	13.2656094
12.3118517	12.8761462	14.3381788
11.9981259	12.5480394	13.9728181
11.4237326	11.9473194	13.3038894
12.1182475	12.6736669	14.1127088
12.1174714	12.672855	14.1118056
11.2166588	11.7307544	13.0627344
11.6533649	12.1874775	13.5713156
8.4490705	8.83631925	9.83964769
9.09855669	9.51557344	10.5960274
10.1717059	10.6379083	11.8457981
12.114125	12.6693556	14.1079075
17.2084581	17.9971787	20.0406837
22.8171531	23.8629381	26.5724788
38.0798125	39.8251375	44.3471187
58.9864231	61.6899637	68.6946075
1511.75813264511	1514.47881894511	1521.52787644511
41.6244494	43.532235	48.4751413
25.9339237	27.1225613	30.2022188
16.8582388	17.6309075	19.6328256
13.4652256	14.0823825	15.6813781
10.794188	11.2889197	12.5707313
9.46154325	9.89519625	11.0187567
8.59576094	8.98973325	10.010481
8.247882	8.62590925	9.60534531
8.20734056	8.58351025	9.55813275
8.41964087	8.80554094	9.80537419
8.381328	8.76547206	9.76075481
8.45108894	8.8384305	9.84199744
8.50041038	8.89001262	9.89943644
8.27138044	8.650485	9.63271194
8.51828931	8.90871056	9.92025756
6.87081944	7.18573175	8.00164225
7.74535988	8.10035531	9.0201175
9.18762975	9.60872894	10.6997602
12.7109213	13.2935056	14.8029306
18.2259894	19.0613488	21.2256856
26.4278287	27.6391038	30.7774106
28.9238581	30.2495319	33.6842431
21.0163575	21.9796069	24.4753006
14.9406825	15.6254637	17.3996719
10.6497031	11.1378135	12.4024656
8.31831719	8.69957313	9.6873735
7.36354406	7.70103956	8.57546094
6.814903	7.1272525	7.93652281
6.47312137	6.76980581	7.53848963
6.2855785	6.57366731	7.32008025
6.31031456	6.59953706	7.34888762
6.47542375	6.77221394	7.54117094
6.57209187	6.87331244	7.65374888
6.29441019	6.58290387	7.33036581
7.27566225	7.60912988	8.4731155
10.0522786	10.5130074	11.7067162
14.3458738	15.0033919	16.7069663
14.4508963	15.1132287	16.8292744
11.3524588	11.8727789	13.2208838
8.61930494	9.01435606	10.0378981
6.92220944	7.23947725	8.06149019
5.99192881	6.26655863	6.97810081
5.62696406	5.88486637	6.55306894
5.61786769	5.87535319	6.54247531
5.69747462	5.9586085	6.63518419
6.08857594	6.3676355	7.09065437
7.35637744	7.69354469	8.56711513
8.32381531	8.70532356	9.6937775
7.50627456	7.850312	8.74168294
5.87782275	6.14722275	6.8452145
5.55550063	5.8101275	6.46984381
6.44360712	6.73893887	7.50411781
