#?RADIANCE
genskyvec -m 1
NROWS=146
NCOLS=1
NCOMP=3
FORMAT=ascii

23.8230169	24.9149056	27.7438894
29.9052106	31.275865	34.8271125
32.8806631	34.3876919	38.2922737
34.7640119	36.3573619	40.4855931
35.4643281	37.0897744	41.3011656
32.8455094	34.3509281	38.2513337
31.73515	33.1896775	36.9582288
30.3126337	31.7019606	35.3015894
27.24089	28.48943	31.7242875
24.3292806	25.4443694	28.333475
27.73081	29.001805	32.2948413
24.9206575	26.0628531	29.0221825
27.6891169	28.9582006	32.2462863
29.1559519	30.4922637	33.9545369
30.5599619	31.9606263	35.589625
34.5262119	36.1086625	40.20865
37.4540194	39.1706588	43.6183275
41.4419544	43.341375	48.2626112
42.9090944	44.8757606	49.9712194
43.9233875	45.9365431	51.1524487
44.1185081	46.140605	51.3796819
40.4040219	42.2558731	47.0538519
37.4964556	39.2150412	43.6677506
33.1007913	34.61791	38.5486306
30.9654756	32.3847256	36.0618794
28.853875	30.1763431	33.6027444
27.3351856	28.58805	31.8341038
27.4483431	28.7063894	31.9658819
26.0245869	27.2173806	30.3078044
27.2427931	28.4914206	31.726505
28.2475469	29.5422275	32.8966238
17.078525	17.8612887	19.889365
16.1055337	16.8437037	18.7562369
18.3789613	19.2213275	21.4038319
17.86532	18.6841469	20.805655
17.5901356	18.3963481	20.48518
16.1331206	16.872555	18.7883638
17.04616	17.8274413	19.8516737
16.9048019	17.6796025	19.6870506
15.923445	16.65327	18.54418
14.319315	14.975615	16.6760337
15.5992588	16.314225	18.1666369
16.865095	17.6380769	19.6408087
19.5756431	20.4728588	22.7974688
22.0352006	23.0451475	25.66183
24.5753694	25.7017406	28.6200694
28.6825656	29.9971825	33.4032394
33.4395331	34.9721788	38.9431269
36.8713088	38.5612419	42.9397131
38.3787113	40.1377337	44.6952094
36.3330494	37.9983125	42.3128637
32.6805244	34.1783806	38.0591969
28.4314513	29.73456	33.1107975
23.6910769	24.7769169	27.590235
21.701605	22.6962613	25.2733287
19.4100412	20.2996675	22.6046125
17.9795587	18.8036206	20.9386962
16.0063263	16.7399494	18.6407025
15.7967006	16.5207169	18.396575
15.4030563	16.1090281	17.9381431
16.0799338	16.8169294	18.7264238
10.7344162	11.2264094	12.5011238
10.3744926	10.8499896	12.0819619
10.4611425	10.9406092	12.1828719
11.1989012	11.7121844	13.0420556
10.9894757	11.4931593	12.7981612
10.907727	11.4076631	12.7029575
11.0019898	11.5062463	12.8127331
11.60318	12.1349931	13.51287
12.2022637	12.7615338	14.2105537
14.33547	14.99251	16.6948488
16.66124	17.42488	19.403405
21.2456362	22.2193956	24.742315
27.7129944	28.9831713	32.2740925
37.1828662	38.88708	43.3025481
45.2495556	47.3234912	52.6968819
42.47718	44.4240475	49.4682169
31.6024094	33.0508512	36.8036394
24.7666625	25.9018006	28.8428438
18.9787744	19.8486325	22.102365
15.7082056	16.4281644	18.2935175
13.6085844	14.2323081	15.8483306
12.1682956	12.72601	14.1709944
10.891055	11.3902275	12.6835413
10.7974981	11.292384	12.5745869
8.73463206	9.134969	10.1722077
8.61991006	9.01498919	10.0386042
8.45068163	8.83800425	9.84152363
8.526458	8.91725369	9.92977188
8.75356	9.15476475	10.1942508
8.86121912	9.26735812	10.3196283
9.33956656	9.76763056	10.8767037
10.2393203	10.7086219	11.9245425
11.5678238	12.098015	13.4716956
13.3484106	13.9602125	15.5453369
16.3359281	17.0846563	19.0245494
21.8897881	22.8930694	25.4924825
29.511225	30.8638225	34.3682837
51.0979775	53.4399669	59.5078569
2302.02826048363	2305.54839548363	2314.66876808363
73.2305831	76.5869794	85.2831213
43.460275	45.4522019	50.6131138
27.2273444	28.475265	31.7085131
18.91419	19.78109	22.0271519
14.9249444	15.6090044	17.3813431
12.5983381	13.1757625	14.6718162
10.8841087	11.3829644	12.6754512
9.80971413	10.2593272	11.4242306
9.24814906	9.67202225	10.7702394
8.58672381	8.98028187	9.99995656
8.19356837	8.56910669	9.54209375
8.12447169	8.496843	9.46162475
8.2856905	8.66545119	9.64937756
8.74820256	9.14916156	10.1880119
9.95195231	10.4080832	11.5898794
11.4443538	11.9688875	13.327905
14.8685156	15.5499894	17.3156269
19.85516	20.7651881	23.1229887
34.9501038	36.5519837	40.7023113
2494.83559055494	2497.84478935494	2505.64136565494
5348.28576932785	5353.29025732785	5366.25644232785
52.9853806	55.4138756	61.7058931
24.48629	25.6085781	28.5163269
16.4925856	17.248495	19.2069912
12.5571194	13.1326538	14.6238125
10.4284319	10.9064013	12.14478
9.25300556	9.67710194	10.7758969
9.09759994	9.51457306	10.5949131
8.91847263	9.32723563	10.3863054
9.02473875	9.43837238	10.5100613
9.94067488	10.3962889	11.5767456
12.0679781	12.6210956	14.0541687
17.5377556	18.3415656	20.4241763
29.7759819	31.1407125	34.6766137
44.5928375	46.636675	51.9320788
36.96892	38.6633275	43.0533906
19.655225	20.5560906	22.8901488
12.6417244	13.2211375	14.7223438
10.4784986	10.9587631	12.203085
10.9659109	11.4685125	12.7707162
10.9955483	11.4995131	12.8052319
13.2046494	13.8098613	15.3779156
18.82253	19.6852288	21.9204044
18.2507388	19.0872312	21.2545081
13.8432388	14.4777188	16.1216056
13.57185	14.1938925	15.8055513
