#?RADIANCE
genskyvec -m 1
NROWS=146
NCOLS=1
NCOMP=3
FORMAT=ascii

20.5928287	21.5366675	23.9820675
35.5983412	37.2299306	41.4572375
35.037305	36.6431813	40.803865
35.1326487	36.7428931	40.9149
35.9839475	37.6332113	41.9063088
38.1866663	39.9368856	44.4715556
41.4528481	43.3527687	48.2752975
46.0790456	48.1910012	53.6628925
54.9454331	57.4637637	63.9885381
67.3122556	70.3973975	78.390735
71.4752825	74.7512281	83.2389256
86.8313262	90.8110962	101.122326
81.3043869	85.03084	94.6857444
74.2370794	77.6396112	86.4552744
65.7035838	68.7149956	76.5173019
54.0473644	56.5245331	62.9426631
47.8041119	49.9951306	55.6718756
41.32234	43.2162794	48.12331
38.9834844	40.7702275	45.3995194
36.3219969	37.9867556	42.299995
35.71352	37.35039	41.5913719
35.7239625	37.3613112	41.6035344
35.4639263	37.0893569	41.3007006
35.5857756	37.21679	41.4426044
36.7350044	38.4186906	42.7809756
36.6125256	38.2906	42.63834
37.6340775	39.3589744	43.8280237
37.2265419	38.932755	43.35341
37.1110238	38.8119431	43.2188819
36.1918081	37.8505987	42.1483781
35.7075719	37.3441681	41.5844462
30.1251988	31.5059356	35.0833056
29.1344994	30.4698294	33.9295544
31.0017106	32.4226219	36.1040781
32.0704481	33.5403431	37.3487113
35.4134263	37.0365406	41.2418881
39.6400969	41.4569331	46.1641969
46.5027387	48.6341125	54.1563169
57.5742644	60.2130837	67.0500306
74.8231944	78.2525869	87.1378494
97.9301975	102.41866	114.047894
114.871644	120.136594	133.777606
117.337531	122.715494	136.649331
99.1935344	103.739901	115.519138
78.9219381	82.53919	91.9111725
62.5966606	65.4656725	72.8990319
48.6445138	50.8740537	56.6505919
42.1730625	44.1059925	49.1140462
35.5754912	37.2060325	41.4306244
32.3505331	33.8332631	37.6748925
30.2092819	31.5938756	35.1812281
29.5988856	30.9555025	34.4703719
29.7172019	31.0792412	34.6081613
28.7602262	30.0784012	33.4936819
30.4186062	31.81279	35.4250025
31.0426725	32.4654606	36.1517813
31.470245	32.9126313	36.649725
30.4535812	31.8493706	35.4657356
30.6436794	32.0481806	35.6871194
29.9102406	31.281125	34.8329687
30.049125	31.4263756	34.9947131
24.2490838	25.3604988	28.2400806
24.4138175	25.5327844	28.4319269
26.1265475	27.3240137	30.4265437
30.3205762	31.7102687	35.3108419
36.8147931	38.5021381	42.8738994
49.1399969	51.3922462	57.2276225
70.7997194	74.0447025	82.45218
108.056738	113.009328	125.841075
153.762669	160.810119	179.069438
153.6771	160.720619	178.969794
110.395104	115.454891	128.564325
67.6677019	70.7691375	78.8046831
46.9302394	49.0812063	54.6541763
36.1075031	37.76243	42.0501981
29.8149288	31.1814431	34.7219694
26.732215	27.9574431	31.131895
24.6034856	25.731145	28.6528119
24.6750956	25.8060375	28.7362062
23.9965338	25.096375	27.9459656
23.3944244	24.4666675	27.2447588
24.0323	25.1337806	27.9876181
24.1313231	25.2373419	28.1029381
23.4359813	24.51013	27.293155
23.9853262	25.0846544	27.9329131
21.6480225	22.6402225	25.2109275
22.8555512	23.903095	26.6171944
25.2145438	26.3702094	29.3644388
28.5232056	29.8305213	33.2176531
37.2015375	38.9066063	43.3242925
46.9882131	49.1418381	54.7216931
75.0928981	78.5346538	87.4519437
122.718643	128.343234	142.916081
3476.57386463579	3486.05610863579	3510.62379663579
3170.11748605572	3179.07576705572	3202.28589205572
115.152549	120.430374	134.104756
69.6023781	72.7924844	81.0577744
50.3206156	52.6269756	58.6025531
35.4843369	37.1107019	41.3244706
28.59469	29.9052788	33.3009019
25.1100431	26.2609206	29.2427406
22.8067281	23.8520375	26.5603381
21.6683069	22.6614369	25.2345494
21.1710725	22.14141	24.6554769
20.85883	21.81486	24.2918475
20.8305112	21.7852419	24.2588675
20.9090081	21.8673369	24.3502838
20.8400663	21.7952363	24.269995
21.208415	22.180465	24.6989675
21.1281625	22.096535	24.6055056
23.400295	24.4728069	27.2515944
27.7447325	29.0163669	32.3110569
36.6034069	38.2810625	42.6277194
52.33747	54.7362694	60.95135
92.4931887	96.7324588	107.716023
1666.65076403732	1672.79237703732	1688.70480803732
116.406057	121.741321	135.564562
76.4433194	79.9469694	89.0246263
47.4335769	49.6076131	55.2403538
34.4038081	35.9806481	40.0661019
26.8182556	28.0474244	31.232095
22.8088625	23.8542669	26.5628213
20.7354794	21.6858556	24.1481944
19.9549462	20.8695481	23.2392
19.594275	20.4923462	22.8191681
19.6890219	20.5914356	22.9295094
20.1184806	21.0405781	23.4296512
22.5025781	23.5339481	26.20613
27.073675	28.3145531	31.5295544
37.4546287	39.1712969	43.6190381
58.888515	61.5875725	68.5805875
72.3887962	75.7066119	84.3027863
62.1511556	64.99975	72.3802019
43.033155	45.0055069	50.1156981
31.1225469	32.5489969	36.2448019
24.0110006	25.1115019	27.9628112
21.433005	22.4153506	24.9605206
20.1344494	21.0572775	23.448245
20.9260563	21.8851662	24.3701369
25.6665313	26.8429131	29.8908163
33.1224688	34.6405825	38.5738775
41.6578969	43.5672175	48.514095
38.232305	39.9846169	44.5247063
26.9291456	28.1634006	31.3612356
23.6293375	24.7123481	27.5183325
30.385275	31.7779325	35.3861875
