#?RADIANCE
genskyvec -m 1
NROWS=146
NCOLS=1
NCOMP=3
FORMAT=ascii

4.53854956	4.74656625	5.28551962
20.704355	21.6533044	24.1119481
19.9033775	20.8156138	23.1791425
19.6235075	20.5229181	22.8532106
19.76454	20.670415	23.017455
20.3853175	21.3196444	23.7404031
20.1500719	21.0736144	23.4664394
20.3191306	21.250425	23.6633231
20.1513062	21.0749081	23.467875
20.9221313	21.8810612	24.3655675
19.82329	20.7318562	23.0858731
20.6486638	21.5950594	24.0470906
19.9563875	20.8710562	23.2408781
19.9525094	20.8669987	23.2363606
20.2962375	21.2264819	23.6366606
20.8182681	21.7724381	24.2446081
23.4391987	24.5134944	27.2969025
24.5881619	25.7151194	28.6349669
31.7696075	33.2257125	36.9983556
45.0560406	47.1211081	52.4715162
59.509195	62.2366981	69.30342
94.7150356	99.0561544	110.303557
105.851991	110.703529	123.273459
106.774529	111.668351	124.347836
75.2915713	78.7424325	87.6833169
47.3132431	49.4817644	55.1002175
35.2749481	36.8917144	41.0806181
27.4842587	28.7439519	32.0077094
24.5094506	25.6328006	28.5433
21.8295744	22.830095	25.42236
21.0118581	21.9749031	24.4700625
18.6359838	19.4901325	21.7031569
17.4954675	18.297345	20.3749313
18.208135	19.0426744	21.2048906
17.98366	18.8079119	20.9434719
17.9614438	18.7846756	20.9175969
17.5024875	18.3046844	20.3831062
18.2991075	19.137815	21.3108375
18.6497012	19.5044781	21.7191294
18.3631687	19.204815	21.38544
16.9882469	17.7668731	19.7842294
17.4297488	18.2286125	20.2983956
17.4883719	18.2899212	20.3666656
18.4071613	19.2508219	21.4366731
18.6172119	19.4705038	21.6812994
19.2894125	20.1735112	22.46413
21.3268931	22.3043731	24.8369456
25.4459369	26.6122081	29.6339144
30.8697194	32.2845825	35.9503644
43.99905	46.01567	51.2405625
64.2150656	67.158255	74.7837988
101.750739	106.414313	118.497218
1242.08765021015	1249.45593821015	1268.54650721015
735.404501050308	741.367270050308	756.816264050308
80.1008863	83.7721775	93.2841606
52.2954206	54.6922937	60.9023794
37.7865387	39.5184206	44.0055738
27.4677575	28.7266962	31.9884944
22.8988944	23.9484269	26.6676725
20.15671	21.0805588	23.4741688
19.1882306	20.0676906	22.3462963
13.7696625	14.4007706	16.03592
13.0234338	13.62034	15.1668731
12.8566731	13.4459381	14.9726675
13.526365	14.1463219	15.7525794
13.4869813	14.1051337	15.7067144
13.563985	14.1856662	15.7963919
13.5364469	14.1568669	15.7643206
13.6291844	14.2538544	15.8723206
13.0340244	13.6314163	15.1792088
13.5468694	14.1677669	15.7764587
13.7873719	14.4192919	16.0565437
15.0403006	15.7296469	17.5156837
16.8898794	17.6639975	19.6696713
20.3661163	21.2995625	23.7180406
29.3104169	30.6538094	34.1344244
46.4648669	48.5945038	54.1122106
80.36681	84.0502913	93.5938481
798.995086615978	804.683764615978	819.422650615978
72.3782181	75.69555	84.2904737
41.8231587	43.7400537	48.7065587
28.0346344	29.3195531	32.64867
20.7554181	21.7067069	24.1714144
16.0351788	16.7701231	18.6743037
14.7529388	15.4291138	17.1810256
10.8073619	11.3027	12.586075
10.5410324	11.02416	12.2759106
10.1394031	10.6041238	11.8081781
10.2274584	10.6962167	11.9107281
10.4145006	10.8918331	12.1285562
10.3348802	10.8085612	12.0358294
10.2323784	10.7013637	11.9164587
10.4186973	10.8962191	12.1334419
10.3373807	10.8111747	12.0387413
10.609885	11.0961694	12.356095
10.9361394	11.4373806	12.7360475
11.5019419	12.0291144	13.3949713
12.8938425	13.4848106	15.0159556
16.4059406	17.1578788	19.1060862
21.9922131	23.0001869	25.611765
28.6733644	29.98756	33.3925244
40.9656788	42.8432719	47.7079494
48.3242088	50.5390638	56.2775688
42.6134887	44.566605	49.6269619
30.0124144	31.3879831	34.9519594
21.4784856	22.462915	25.0134869
15.9522906	16.6834356	18.5777719
13.1179213	13.71916	15.2769131
12.0020938	12.55219	13.9774394
9.23227806	9.65542362	10.7517575
8.77524231	9.17744056	10.2195019
8.46485131	8.852823	9.85802506
8.55920681	8.95150356	9.9679105
8.57658087	8.96967375	9.98814344
8.52900306	8.91991506	9.93273481
8.70826356	9.10739181	10.1414988
9.12727406	9.54560669	10.6294699
9.65514775	10.0976759	11.244225
11.1707325	11.6827237	13.00925
12.8865238	13.477155	15.00743
17.7346269	18.5474625	20.6534512
23.3049819	24.3731256	27.1405938
24.2371975	25.3480694	28.2262388
19.7024325	20.6054594	22.945125
14.9452794	15.6302706	17.4050231
12.0285731	12.5798825	14.0082775
10.1610619	10.626776	11.8334038
8.29207731	8.67213056	9.65681569
7.69139556	8.04391756	8.9572715
7.60328612	7.95176994	8.85466075
7.68889812	8.04130563	8.95436306
7.77214769	8.12837075	9.05131412
8.36151425	8.74475006	9.73768119
9.58458112	10.0238754	11.1620431
11.2838674	11.8010437	13.1410044
14.1816794	14.8316719	16.5157475
13.7395969	14.3693281	16.0009056
11.5868106	12.1178731	13.4938081
9.21888838	9.6414205	10.7361644
7.91498919	8.27775944	9.21766512
7.41602169	7.75592225	8.6365755
7.56902037	7.91593356	8.81475538
8.39136125	8.77596519	9.77244038
9.3167975	9.74381694	10.8501875
9.18258931	9.60345744	10.6938917
7.92353244	8.28669419	9.2276145
