#?RADIANCE
genskyvec -m 1
NROWS=146
NCOLS=1
NCOMP=3
FORMAT=ascii

0.15305565	0.160070706	0.178246062
4.42018563	4.62277725	5.14767469
4.71986025	4.93618688	5.49667081
5.20362625	5.44212563	6.06005669
6.23200787	6.51764163	7.25769275
8.42920312	8.81554162	9.81651006
11.8005578	12.341415	13.7427331
16.5648306	17.3240512	19.2911269
48.3056235893033	49.4653616893033	52.4701429893033
66.7504833027499	68.1163720027499	71.6552658027499
33.5975707896729	34.5000114896729	36.8381507896729
14.3271488	14.9838087	16.6851581
9.33828544	9.76628925	10.8752107
6.91647837	7.23348356	8.05481588
5.67879331	5.939071	6.61342819
4.75994094	4.97810487	5.54334825
4.52236113	4.72963575	5.26666675
4.01416706	4.19814969	4.6748325
4.23002969	4.42390594	4.92622225
4.30094969	4.4980765	5.00881463
4.2990185	4.49605669	5.00656544
4.66558725	4.87942644	5.43346525
4.51619244	4.72318456	5.25948275
4.67473025	4.88898875	5.44411331
4.73191244	4.94879144	5.51070669
4.41568294	4.61806825	5.14243106
4.48756694	4.69324687	5.22614581
4.23144537	4.4253865	4.92787094
4.34089194	4.53984944	5.05533063
4.14296894	4.33285506	4.82483306
4.27067575	4.46641487	4.973558
4.19250113	4.38465737	4.88251737
4.29135262	4.48803944	4.99763788
5.03593181	5.26674519	5.86476262
5.93215838	6.20404881	6.90849306
7.75961344	8.115262	9.0367175
9.85572844	10.3074503	11.4778176
13.706007	14.3341994	15.9617881
18.8682706	19.7330644	21.9736731
20.0481131	20.9669825	23.3476975
13.9309394	14.56944	16.2237394
11.0238435	11.529104	12.8381853
8.27021431	8.64926544	9.63135475
6.71983056	7.02782262	7.82580319
5.35713438	5.60266931	6.23882963
4.62014475	4.83190138	5.380544
4.16883794	4.35990944	4.85495956
4.21443681	4.40759844	4.90806312
3.88156081	4.0594655	4.520401
3.93805744	4.11855169	4.58619631
3.91848875	4.09808594	4.56340688
4.05172006	4.23742394	4.71856606
4.23031025	4.42419931	4.92654894
4.1015975	4.28958744	4.7766525
4.33997056	4.53888575	5.05425775
4.38537156	4.58636756	5.10713087
4.35102462	4.55044656	5.067131
4.0911725	4.27868419	4.76451138
4.04124069	4.22646406	4.70636162
3.93012556	4.11025638	4.57695906
4.02471194	4.20917756	4.68711256
2.92540731	3.0594885	3.40688069
2.97119788	3.10737775	3.46020775
3.4272785	3.58436206	3.99135169
4.69225594	4.9073175	5.46452331
6.15260619	6.43460044	7.16522306
8.14418387	8.51745906	9.48458094
9.32541975	9.75283444	10.8602294
8.759414	9.16088712	10.2010669
6.404298	6.69782813	7.45833913
5.04980944	5.28125887	5.880924
4.02805519	4.21267425	4.69100625
3.38033662	3.53526863	3.93668381
2.983892	3.12065356	3.47499088
2.74183419	2.86750144	3.1930945
2.77985138	2.90726137	3.23736875
2.85419906	2.9850165	3.32395275
2.82198312	2.95132394	3.2864345
3.07837169	3.21946356	3.5850205
2.97300456	3.10926731	3.46231169
2.78791875	2.91569831	3.24676375
2.89911194	3.03198787	3.37625769
2.87188925	3.0035175	3.3445545
2.6645475	2.78667244	3.10308787
2.7922575	2.92023581	3.25181644
1.92546281	2.01371313	2.24236213
2.09844587	2.19462469	2.44381537
2.304084	2.40968781	2.68329813
2.70696831	2.83103775	3.15249037
3.49217181	3.65222981	4.06692556
3.91446369	4.09387656	4.5587195
4.16404813	4.35490019	4.84938137
4.21239363	4.4054615	4.90568362
3.43473919	3.59216475	4.00004044
2.96929594	3.10538862	3.45799294
2.45761031	2.57025075	2.86209219
2.05037888	2.1443545	2.38783706
1.97303106	2.06346162	2.29775931
1.933312	2.02192219	2.25150306
1.91681919	2.00467331	2.23229575
1.84461544	1.92916031	2.14820844
1.86941056	1.95509175	2.17708437
1.91437806	2.00212025	2.22945269
1.993309	2.084669	2.32137469
1.96734831	2.05751837	2.29114125
1.96563663	2.05572819	2.28914756
1.95859225	2.048361	2.28094394
1.88340394	1.9697265	2.19338087
1.96264975	2.05260456	2.28566944
1.32535138	1.3860965	1.54348219
1.45863106	1.525485	1.69869737
1.58181812	1.65431825	1.84215925
1.94204869	2.03105925	2.26167775
2.18704687	2.28728656	2.54699825
2.12404412	2.22139619	2.4736265
2.01473756	2.10707956	2.34633
1.72611925	1.80523294	2.01020981
1.5151095	1.58455187	1.76447131
1.39428662	1.45819131	1.623763
1.24364569	1.300646	1.44832906
1.29963506	1.35920175	1.51353356
1.32317625	1.38382187	1.54094919
1.30013319	1.35972238	1.51411331
1.252061	1.30944706	1.45812925
1.26063963	1.31841906	1.46812012
1.30008406	1.35967125	1.51405631
1.296584	1.35601081	1.50998038
0.988994856	1.03432364	1.15176683
1.00195381	1.04787671	1.16685869
1.19717264	1.25204294	1.39420731
1.33230056	1.39336419	1.55157494
1.19143762	1.24604502	1.38752831
1.04494282	1.09283602	1.21692288
0.980079775	1.0250002	1.14138475
0.921081512	0.963297762	1.07267621
0.927233294	0.969731331	1.07984047
0.906738794	0.9482975	1.05597291
0.949219188	0.992724988	1.10544473
0.901529306	0.942849363	1.0499061
0.747034056	0.781273087	0.869983462
0.774563131	0.810063931	0.902043394
0.783289062	0.819189787	0.912205394
0.764111356	0.799133112	0.889871387
0.698883981	0.730916137	0.813908669
0.719063475	0.752020531	0.837409388
0.682999994	0.714304131	0.795410438
