#?RADIANCE
genskyvec -m 1
NROWS=146
NCOLS=1
NCOMP=3
FORMAT=ascii

25.9281844	27.1165594	30.1955325
37.1615775	38.8648137	43.2777556
36.9055756	38.5970806	42.9796206
36.878335	38.5685906	42.9478937
36.4328406	38.1026794	42.4290825
34.7593688	36.3525069	40.4801844
34.963145	36.5656212	40.7174988
35.9028625	37.5484075	41.8118775
36.9857387	38.6809175	43.0729769
38.9627806	40.7485737	45.3754081
45.0440644	47.1085819	52.4575694
48.3221744	50.5369381	56.2752
53.3498344	55.7950325	62.1303294
56.3007081	58.8811556	65.5668687
57.2608075	59.8852594	66.6849856
56.331735	58.913605	65.6030031
53.9553344	56.4282888	62.8354875
50.1155969	52.4125594	58.3637906
45.8061375	47.9055819	53.3450656
41.0265113	42.9068913	47.778795
39.8517962	41.6783362	46.4107413
36.5714612	38.2476512	42.5905163
35.9612038	37.6094275	41.8798225
34.0732138	35.6349019	39.6810981
35.3242887	36.9433181	41.1380825
36.4718894	38.1435162	42.4745581
37.7232663	39.4522488	43.9318881
38.8790213	40.6609762	45.2778625
37.6796394	39.4066206	43.8810819
37.8477225	39.5824081	44.0768281
37.1067388	38.8074637	43.2138906
24.1714269	25.2792838	28.1496425
22.26851	23.2891481	25.9335362
23.9596081	25.0577563	27.9029625
23.3214444	24.3903438	27.1597669
23.7927069	24.8832056	27.7085906
23.9136531	25.0096956	27.8494431
26.4353331	27.6469525	30.7861506
29.2069575	30.5456069	34.0139369
32.4890831	33.9781656	37.836245
35.3170494	36.9357481	41.1296487
41.6863438	43.596965	48.5472213
48.0823206	50.2860919	55.9958725
53.52846	55.9818462	62.338355
56.8671044	59.4735112	66.2264844
55.5945981	58.1426837	64.7445475
50.3629163	52.6712138	58.6518162
45.6483125	47.7405244	53.1612656
38.4614944	40.2243106	44.7916169
33.0924025	34.6091369	38.5388619
28.9150581	30.2403319	33.6739956
26.5468913	27.7636231	30.91607
25.0138513	26.1603175	29.1307162
22.7104294	23.7513231	26.4481881
23.7421613	24.8303431	27.6497256
23.9228081	25.0192706	27.8601056
24.4031344	25.5216131	28.4194881
23.4289719	24.5027994	27.2849925
24.1272175	25.2330469	28.098155
23.5637413	24.6437456	27.4419413
23.96575	25.0641825	27.9101162
16.6301163	17.3923294	19.3671575
16.2521438	16.9970331	18.9269756
16.6635306	17.4272744	19.4060694
18.2112963	19.0459825	21.2085744
19.7101013	20.6134794	22.9540569
22.4094294	23.4365281	26.09765
26.5456262	27.7623	30.914595
33.1647669	34.6848162	38.6231356
41.5859012	43.4919213	48.4302494
53.8507844	56.3189431	62.7137275
64.20971	67.1526538	74.7775625
63.707355	66.6272725	74.1925269
54.2699494	56.75732	63.2018838
43.41843	45.4084406	50.5643825
33.0738587	34.5897444	38.5172687
26.6855481	27.9086344	31.0775463
21.7948956	22.7938294	25.3819719
20.055845	20.9750725	23.3567062
18.0133438	18.8389531	20.9780406
16.8174375	17.5882338	19.585305
16.8667438	17.6398006	19.6427275
16.7983406	17.5682656	19.5630706
16.17061	16.9117638	18.8320244
16.6823413	17.4469488	19.4279794
14.1172544	14.764295	16.44072
14.5354481	15.2016581	16.9277431
15.2347144	15.93297	17.7420944
16.2743381	17.0202444	18.9528225
18.7509981	19.6104187	21.8371012
21.1587094	22.1284838	24.6410825
27.2698425	28.5197087	31.7580044
36.3817706	38.0492663	42.369605
52.1914875	54.5835963	60.7813406
71.3331462	74.6025787	83.0733963
95.6362556	100.019582	111.376391
100.4899	105.095686	117.028875
77.3899975	80.93704	90.1271031
49.9297712	52.2182175	58.14738
35.5679219	37.1981162	41.4218113
27.9444544	29.2252413	32.5436475
22.1615844	23.1773244	25.8090137
18.8101537	19.6722862	21.9059919
16.5939812	17.3545375	19.325075
15.3084719	16.01011	17.8279906
14.6435044	15.3146644	17.0535825
14.3026606	14.9582	16.6566406
14.0414312	14.6849969	16.3524181
14.1128344	14.7596712	16.4355712
14.0220206	14.664695	16.3298131
14.8398	15.5199562	17.2821844
16.569695	17.3291394	19.2967913
19.5057625	20.3997756	22.7160862
24.5151144	25.6387219	28.5498944
38.5092394	40.2742444	44.8472181
59.2942319	62.0118844	69.0530794
1974.42152339867	1979.69696839867	1993.36522639867
5822.88183696117	5829.70244896117	5847.37403696117
90.80852	94.9705744	105.754103
55.9458469	58.5100294	65.1536056
34.8351775	36.4317881	40.5684694
24.2518531	25.363395	28.2433031
18.6606981	19.5159812	21.7319394
16.273205	17.0190594	18.9515031
14.6615337	15.3335213	17.0745794
13.8865556	14.5230238	16.1720538
13.7532494	14.3836044	16.0168056
15.7025406	16.4222406	18.2869181
18.2703256	19.1077131	21.2773169
23.0784119	24.1361719	26.8767363
34.2394381	35.808745	39.8746794
56.2141219	58.7906006	65.4660313
1909.93281888103	1914.22607698103	1925.34950948103
76.8414012	80.3632981	89.488225
45.704255	47.7990319	53.2264162
27.2271525	28.4750644	31.70829
20.0718362	20.9917937	23.375325
15.9827331	16.715275	18.6132237
15.7281644	16.4490369	18.3167594
20.6155619	21.5604387	24.0085381
26.8251369	28.0546225	31.2401094
40.7850125	42.6543244	47.4975494
49.1514325	51.4042038	57.2409413
28.9818069	30.3101362	33.7517294
21.3644906	22.3436962	24.8807313
29.2591756	30.6002206	34.0747487
