#?RADIANCE
genskyvec -m 1
NROWS=146
NCOLS=1
NCOMP=3
FORMAT=ascii

15.1963944	15.892895	17.6974681
34.1742819	35.7406013	39.7988013
34.6408362	36.2285387	40.3421419
35.2272706	36.8418525	41.0250931
35.82897	37.4711319	41.7258238
35.6066575	37.2386294	41.4669219
35.1270412	36.7370288	40.9083688
35.1554256	36.7667138	40.9414231
33.7393213	35.2857056	39.2922519
33.4356769	34.9681444	38.9386331
34.5329656	36.1157244	40.2165181
33.9569175	35.513275	39.5456625
34.7846175	36.3789106	40.5095869
35.5964894	37.2279938	41.4550787
36.9480956	38.6415481	43.0291388
40.3928256	42.2441619	47.0408125
46.6337938	48.771175	54.3089413
50.759135	53.0855937	59.1132462
61.4563344	64.2730819	71.571025
72.3086881	75.6228331	84.2094956
74.2328769	77.6352137	86.4503725
76.9130119	80.43819	89.571615
66.3545356	69.3957806	77.2753875
59.3251094	62.0441756	69.0890375
51.3528381	53.7065094	59.8046638
42.8527106	44.8167925	49.9055569
39.5940381	41.4087625	46.11056
36.5582656	38.2338513	42.5751475
34.9819419	36.58528	40.7393888
33.7183669	35.2637919	39.2678525
33.5865487	35.1259319	39.1143356
25.5133088	26.6826681	29.7123763
23.9904144	25.0899738	27.9388387
25.9064856	27.093865	30.1702638
25.4929669	26.6613944	29.688685
25.4937106	26.6621706	29.6895531
24.4293506	25.5490281	28.4500144
25.8747112	27.0606319	30.1332575
26.3182337	27.524485	30.6497787
25.59961	26.7729269	29.8128813
23.2275694	24.2921663	27.0504425
24.4321844	25.55199	28.4533156
25.2654694	26.4234713	29.4237469
28.0111388	29.2949806	32.6213056
30.3958319	31.7889731	35.3984806
33.7665175	35.3141475	39.3239256
40.8767969	42.7503175	47.6044394
50.5808494	52.8991369	58.9056169
63.2130988	66.110365	73.6169263
78.6704012	82.2761275	91.6182431
87.52053	91.5318831	101.924952
84.9832294	88.8782925	98.9700619
71.6814606	74.9668588	83.4790394
56.4888019	59.07787	65.78592
45.7574475	47.8546606	53.2883631
38.1064556	39.8530013	44.3781456
33.5390719	35.0762788	39.0590475
28.8323387	30.1538187	33.5776613
27.0937344	28.3355288	31.5529125
25.4408038	26.6068412	29.6279406
25.3290356	26.4899481	29.4977756
18.0061088	18.8313887	20.969615
17.2456938	18.0361213	20.0840494
17.1712763	17.9582931	19.9973838
18.1429213	18.9744706	21.1289444
18.0539519	18.8814231	21.0253331
18.11468	18.944935	21.0960556
18.1508831	18.9827981	21.1382163
18.5498094	19.4000081	21.6027988
18.3951394	19.2382494	21.4226737
20.3096975	21.2405581	23.6523369
22.5463694	23.5797444	26.2571294
28.3283463	29.62673	32.9907237
37.4951775	39.2137056	43.6662613
52.8348119	55.2564062	61.5305431
78.6591544	82.26436	91.6051375
103.271156	108.004419	120.2679
97.1814306	101.635576	113.175888
71.1318213	74.3920281	82.8389363
46.5418269	48.6749913	54.2018381
34.0145606	35.5735612	39.6127938
26.5769444	27.7950544	30.9510681
22.5488713	23.58236	26.2600394
19.436685	20.3275344	22.6356425
18.7036106	19.5608575	21.7819144
14.8000862	15.4784244	17.235935
14.4788869	15.1425019	16.86187
14.0508481	14.6948438	16.3633831
14.1295044	14.7771063	16.4549881
14.369545	15.0281481	16.7345325
14.3515044	15.0092813	16.7135238
14.51156	15.1766725	16.8999219
15.1908331	15.8870775	17.6909919
16.0579819	16.7939719	18.7008569
17.6917881	18.5026612	20.6035619
20.7452694	21.696095	24.1595981
26.3171769	27.5233794	30.6485469
33.9821844	35.5397	39.5750862
54.1209537	56.6014956	63.0283644
87.2599881	91.2593944	101.62153
2699.97705773389	2706.27566373389	2722.59478873389
2123.74530230669	2129.65875830669	2144.97998430669
79.2507825	82.8831075	92.29414
48.1890206	50.3976837	56.1201344
32.6466544	34.1429587	38.0197506
24.6262944	25.7549981	28.6793738
19.7704394	20.676585	23.0243275
17.1822081	17.969725	20.0101131
15.9780669	16.7103962	18.6077925
13.9101262	14.5476725	16.1995019
13.114745	13.7158381	15.273215
12.7402644	13.3241919	14.8370981
12.7981081	13.3846875	14.9044663
13.0502513	13.6483881	15.1981069
13.8123156	14.44538	16.0855931
15.1032887	15.7955225	17.5890387
18.4359513	19.2809319	21.4702013
23.1138444	24.1732275	26.9179987
34.4295213	36.00754	40.0960494
50.496535	52.8109587	58.8074275
88.3230031	92.3711375	102.859514
1512.81533872396	1517.60126572396	1530.00120572396
56.4048513	58.9900738	65.6881537
34.98951	36.5931956	40.7482025
23.5555975	24.6352275	27.4324581
18.0071844	18.8325125	20.9708687
15.3028831	16.0042644	17.821485
13.9667619	14.6069038	16.2654575
13.1386725	13.7408612	15.30108
12.8893475	13.48011	15.0107206
13.5279294	14.1479575	15.7544012
15.4859525	16.195725	18.0346844
20.7573	21.7086769	24.1736075
30.2741362	31.6617006	35.2567588
42.5725606	44.5238038	49.5792969
52.0819387	54.4690281	60.6537613
35.2901356	36.9075987	41.0983063
22.0412419	23.0514663	25.6688644
16.6738338	17.4380494	19.41807
16.0478338	16.7833575	18.6890406
15.1592844	15.8540856	17.6542513
17.258695	18.0497181	20.0991881
23.1972119	24.2604175	27.0150875
25.8952413	27.0821069	30.1571675
21.3406175	22.3187294	24.8529275
18.8125119	19.6747512	21.90874
