#?RADIANCE
genskyvec -m 1
NROWS=146
NCOLS=1
NCOMP=3
FORMAT=ascii

26.8709825	28.1025694	31.2935
36.60936	38.2872881	42.6346525
37.3196706	39.030155	43.4618694
37.7495325	39.4797169	43.9624775
37.4560569	39.1727925	43.6207037
35.1977712	36.8110044	40.9907412
34.4841431	36.064665	40.1596612
34.2962244	35.8681344	39.940815
33.3887006	34.9190137	38.8839231
33.1186306	34.6365675	38.5694075
37.855265	39.5902988	44.0856144
38.2955156	40.0507238	44.5983206
42.6561644	44.6112387	49.6766619
45.8654663	47.9676319	53.4141619
48.5717844	50.7979906	56.5658931
52.009805	54.3935869	60.5697544
54.5173362	57.0160463	63.489985
53.8425431	56.3103244	62.70413
52.5582875	54.9672063	61.2085094
48.5143388	50.7379106	56.4989925
46.2267869	48.3455131	53.8349475
41.8718656	43.7909912	48.7632781
39.2870137	41.0876662	45.7530031
36.030085	37.6814631	41.9600388
35.5637675	37.1937731	41.4169731
35.2329463	36.8477869	41.0317031
35.5427225	37.1717637	41.3924662
36.36891	38.0358175	42.3546275
35.3532156	36.97357	41.1717669
35.9612138	37.6094344	41.8798319
35.9544356	37.6023462	41.8719394
23.6545512	24.7387181	27.5476963
21.9494469	22.9554631	25.5619625
23.7566856	24.845535	27.6666425
22.9148713	23.9651344	26.6862775
22.7387075	23.7808975	26.4811212
21.8867444	22.8898856	25.4889381
23.4637738	24.5391962	27.3255225
24.6298869	25.758755	28.6835562
25.5645025	26.7362087	29.7719956
25.6784925	26.8554225	29.9047444
29.2312862	30.5710525	34.04227
33.0398813	34.5542075	38.4776969
38.4215156	40.1824988	44.7450587
43.9303562	45.9438294	51.1605625
48.1907025	50.3994419	56.1220931
51.6330369	53.9995494	60.1309762
51.9142725	54.293675	60.4585
48.9995	51.24531	57.0640056
43.4784312	45.4711925	50.6342588
38.00651	39.748475	44.2617525
33.5938781	35.1335944	39.1228713
29.9100119	31.2808881	34.8327044
25.9577831	27.1475163	30.2300044
25.3060225	26.4658806	29.4709737
24.2869494	25.4001019	28.2841788
23.9580275	25.056105	27.9011231
22.6134469	23.6498956	26.3352431
23.0461775	24.1024594	26.8391956
22.5994594	23.6352656	26.3189556
23.1589663	24.2204175	26.9705487
16.2151769	16.9583712	18.883925
15.7212194	16.4417756	18.30867
15.8061256	16.5305725	18.4075519
16.7547319	17.522655	19.5122819
17.1614625	17.9480281	19.9859525
18.165345	18.9979238	21.1550594
19.8128613	20.7209481	23.0737281
22.6452575	23.6831669	26.3722913
25.9920494	27.1833519	30.2699113
32.6801138	34.1779506	38.0587175
40.8018163	42.6718987	47.5171175
51.8921737	54.2705625	60.4327637
59.2412612	61.9564825	68.9913869
59.0761738	61.7838319	68.7991331
49.3845356	51.6479925	57.51241
39.3041069	41.1055425	45.7729094
30.1629588	31.5454256	35.1272794
25.6013363	26.77473	29.8148906
21.2980144	22.2741737	24.8033138
18.8710087	19.73593	21.9768631
17.7256713	18.5380969	20.6430219
16.9991969	17.7783256	19.7969837
16.0791244	16.8160844	18.7254813
16.3464794	17.0956906	19.0368381
13.8067681	14.4395769	16.0791312
13.8764794	14.5124831	16.1603156
14.0034994	14.6453275	16.3082437
14.4220669	15.0830775	16.7956994
15.4876469	16.1974963	18.0366575
16.4603606	17.2147931	19.1694625
18.9480775	19.81653	22.0666162
22.5813775	23.6163562	26.2978956
28.6592425	29.9727894	33.3760769
36.7110656	38.3936563	42.7530988
51.5365219	53.8986094	60.0185794
76.0694762	79.5559913	88.5892506
88.0056256	92.0392175	102.489889
81.0703094	84.7860294	94.4131281
62.7310863	65.6062588	73.05558
47.9715925	50.1702888	55.86692
34.67235	36.2614988	40.3788437
26.6656188	27.8877906	31.0543369
21.2408906	22.21443	24.7367881
18.1548238	18.9869188	21.1428063
16.3330375	17.0816331	19.0211831
15.1416581	15.8356494	17.6337231
14.4165844	15.0773444	16.7893144
14.1203419	14.7675225	16.444315
13.8944163	14.5312431	16.1812063
13.9405913	14.5795337	16.2349794
14.6235031	15.2937456	17.0302875
15.81667	16.5415994	18.4198306
18.021855	18.847855	20.9879537
23.8349706	24.9274069	27.75781
31.7012794	33.1542537	36.9187831
52.2941487	54.6909619	60.9008975
82.5535438	86.3372456	96.1404756
4277.70511200266	4284.10416200266	4300.68356200266
2754.32483521589	2759.88543321589	2774.29244521589
67.8965969	71.0085231	79.0712506
40.8231294	42.6941875	47.5419381
26.8994869	28.1323788	31.3266956
21.0415969	22.0060013	24.5046938
17.2174181	18.00655	20.0511175
15.1266425	15.8199462	17.6162363
14.24176	14.8945069	16.5857162
15.5737944	16.2875944	18.1369831
16.7255919	17.4921819	19.4783487
18.7210806	19.5791325	21.8022619
23.7727162	24.8622981	27.6853106
35.5399831	37.1688969	41.3892737
66.9151144	69.9820531	77.9282288
2874.79657197327	2879.92665497327	2893.21824697327
84.2499919	88.1114525	98.1161419
44.5975419	46.6415962	51.9375575
27.7101456	28.9801931	32.2707756
18.9491456	19.8176481	22.0678613
17.0349463	17.815715	19.8386163
21.0902813	22.0569187	24.5613912
24.4566025	25.5775287	28.4817538
35.6110425	37.2432131	41.47203
53.6672369	56.1269813	62.4999719
36.9866775	38.6818994	43.0740706
25.2237712	26.37986	29.375185
30.72524	32.1334794	35.7821038
