#?RADIANCE
genskyvec -m 1
NROWS=146
NCOLS=1
NCOMP=3
FORMAT=ascii

14.24193	14.894685	16.5859144
32.2502062	33.7283406	37.5580538
31.874655	33.3355763	37.1206938
32.3344144	33.8164081	37.6561225
33.6544212	35.1969119	39.1933775
36.3618781	38.0284625	42.3464387
40.8060375	42.6763131	47.5220325
47.0592931	49.2161763	54.8044731
58.3605088	61.0353631	67.9656787
73.7333262	77.1127656	85.8686062
80.1485869	83.8220619	93.3397094
93.69837	97.9928681	109.119548
82.5869481	86.3721806	96.1793794
69.8572431	73.0590325	81.354585
58.1386312	60.8033181	67.707285
47.2775356	49.4444206	55.0586306
41.1184388	43.0030325	47.8858513
36.4171131	38.0862306	42.4107662
34.00568	35.5642731	39.6024506
32.1335025	33.6062869	37.4221438
32.58841	34.0820462	37.9519213
32.6721431	34.1696137	38.0494325
32.9020794	34.4100906	38.3172144
32.819355	34.3235744	38.2208756
34.4782519	36.0585044	40.1527994
34.4000013	35.9766681	40.0616712
35.4649912	37.09047	41.30194
34.9130375	36.5132156	40.6591431
34.2100825	35.7780437	39.8404944
33.0610144	34.57631	38.5023069
32.3064619	33.7871737	37.62357
24.4893319	25.6117587	28.51987
23.3029313	24.3709813	27.1382075
25.5973788	26.7705906	29.8102825
26.7693438	27.99627	31.1751319
30.5051856	31.9033394	35.5258306
35.0400306	36.6460294	40.8070369
43.4345719	45.4253219	50.5831825
56.8853719	59.4926144	66.2477575
77.317205	80.8609075	90.0423319
100.92406	105.549746	117.534481
112.928844	118.104769	131.515069
102.420199	107.114469	119.276881
79.7516687	83.4069519	92.8774619
58.98298	61.6863681	68.6906
45.4486094	47.5316688	52.9286962
35.3960775	37.0183969	41.2216838
32.0948506	33.5658638	37.3771306
26.7733494	28.0004606	31.1797987
24.9249044	26.0672938	29.0271275
23.3848137	24.4566162	27.2335637
23.4407081	24.515075	27.2986588
24.0676437	25.1707425	28.0287756
23.0764525	24.1341244	26.8744544
25.2070663	26.3623906	29.3557319
25.8665956	27.0521481	30.1238069
26.3050156	27.5106631	30.634385
24.9544456	26.0981912	29.0615331
25.1194506	26.2707575	29.2536944
24.1984675	25.3075625	28.1811325
24.3434756	25.4592175	28.3500069
17.5694981	18.3747675	20.4611481
17.5932994	18.3996594	20.4888644
19.1602862	20.0384644	22.3137506
23.3672375	24.4382344	27.2130963
29.69129	31.0521388	34.5779813
42.2321138	44.1677506	49.1828187
65.0877206	68.0709063	75.80008
105.821286	110.671428	123.237712
1432.76275337183	1439.42157837183	1456.67407137183
110.821494	115.900819	129.060875
69.67385	72.8672331	81.14101
42.2174469	44.1524112	49.1657362
29.7031062	31.0644987	34.591745
23.2498556	24.3154725	27.0763944
20.0097163	20.9268256	23.3029831
18.4994156	19.3473056	21.5441125
17.2883581	18.0807406	20.1337344
17.9273381	18.7490087	20.8778806
17.4442462	18.2437725	20.3152781
16.8360256	17.6076769	19.6069531
17.5674831	18.37266	20.4588
17.6371944	18.4455644	20.5399819
16.8102206	17.5806881	19.576905
17.3652513	18.1611594	20.2232819
14.3620888	15.0203506	16.72585
15.3429281	16.0461437	17.8681188
17.1309631	17.9161312	19.9504338
19.9087762	20.8212619	23.18543
27.2368756	28.4852306	31.7196138
35.509545	37.1370631	41.3538256
59.4395694	62.16388	69.2223338
99.1468931	103.691128	115.464826
3913.78691468898	3920.11544068898	3936.51210868898
1324.28741241711	1328.86776141711	1340.73502841711
59.1750563	61.8872444	68.9142887
36.6937825	38.3755812	42.7329719
27.6557562	28.9233106	32.2074344
20.6615131	21.6084988	24.0620531
17.3241875	18.1182131	20.1754619
15.4836919	16.19336	18.0320494
14.4228312	15.0838781	16.7965894
13.9884681	14.6296044	16.2907375
13.9602675	14.6001144	16.2578962
13.8322844	14.4662612	16.1088494
13.8876375	14.5241538	16.1733144
13.9788994	14.6195994	16.2795931
13.8318344	14.4657919	16.108325
14.1754194	14.8251269	16.50846
13.1110175	13.7119375	15.2688719
14.7218687	15.3966194	17.1448425
17.6439169	18.4525969	20.5478144
24.076665	25.1801781	28.0392825
35.1547681	36.7660262	40.9406606
58.8949006	61.5942475	68.5880219
74.2848875	77.6896081	86.5109406
55.290895	57.8250613	64.3908625
37.1878019	38.8922431	43.3082969
24.4144625	25.5334575	28.4326769
18.3776238	19.2199319	21.402275
15.1509637	15.8453819	17.6445606
13.3977956	14.0118606	15.6028506
12.4476494	13.0181644	14.4963256
12.0612575	12.6140644	14.04634
11.9784013	12.5274106	13.9498469
12.1661369	12.7237519	14.1684838
12.4451525	13.0155562	14.49342
13.2689519	13.87711	15.4527994
15.8792425	16.6070412	18.4927025
22.2622225	23.2825756	25.9262169
34.08643	35.6487238	39.6964919
37.9030625	39.6402838	44.1412762
30.2508756	31.6373725	35.2296675
21.5239513	22.510465	25.0664369
16.295795	17.0426856	18.9778125
13.2368981	13.84359	15.4154719
12.1274219	12.6832594	14.1233931
11.7160512	12.2530369	13.6443188
12.1395438	12.6959406	14.1375112
14.2544113	14.9077375	16.6004506
18.0454106	18.8724912	21.0153856
21.6072488	22.59758	25.1634412
19.3762844	20.2643625	22.5652981
14.2820875	14.9366825	16.6326825
12.9597981	13.5537888	15.0927656
16.0964894	16.834245	18.745705
