#?RADIANCE
genskyvec -m 1
NROWS=146
NCOLS=1
NCOMP=3
FORMAT=ascii

10.661885	11.1505531	12.4166519
29.2608806	30.602	34.0767331
28.5099575	29.8166631	33.2022244
28.7492006	30.0668737	33.4808431
29.8701981	31.2392481	34.7863369
32.3897931	33.874325	37.7206144
36.8257213	38.5135662	42.8866244
43.4566156	45.4483756	50.6088525
56.2172444	58.7938663	65.4696694
74.7847169	78.2123475	87.0930387
88.16896	92.2100413	102.680123
108.743779	113.727872	126.641197
95.1433269	99.5040525	110.802341
76.58658	80.0967944	89.1914594
60.1920181	62.9508169	70.0986256
46.4552675	48.5844662	54.1010312
38.8410744	40.6212887	45.2336712
33.4860025	35.0207769	38.9972425
30.7417369	32.1507287	35.8013162
28.7584912	30.0765869	33.4916631
29.2116369	30.5505019	34.0193862
29.4708381	30.8215825	34.3212475
29.8425181	31.2102994	34.7541006
29.9903787	31.3649363	34.9262969
31.8744369	33.3353481	37.1204394
31.9338219	33.397455	37.1895988
33.1485481	34.667855	38.6042488
32.573065	34.0659962	37.93405
31.827	33.2857356	37.0651944
30.4991869	31.8970638	35.5188438
29.527245	30.8805775	34.3869406
21.58851	22.5779825	25.1416187
20.1644531	21.0886562	23.4831862
22.1354056	23.1499444	25.778525
22.9692819	24.0220419	26.749645
26.1463287	27.3447006	30.4495794
30.0586344	31.4363187	35.0057875
38.1890012	39.9393306	44.4742775
51.9844763	54.3670969	60.5402581
75.4483944	78.9064419	87.8659444
105.905944	110.759963	123.3363
131.853194	137.896444	153.554025
118.439481	123.867969	137.932656
86.2054013	90.1564731	100.393383
58.9971894	61.7012256	68.7071469
43.1508244	45.1285706	50.2527338
32.2731575	33.7523419	37.5847844
28.9180931	30.2435056	33.6775319
23.4813206	24.5575456	27.345955
21.7261306	22.7219125	25.3018919
20.3075169	21.23828	23.6497975
20.4852938	21.4242031	23.85683
21.2613963	22.2358788	24.7606694
20.45427	21.3917563	23.8207025
22.7211131	23.7624962	26.4606306
23.5032494	24.5804825	27.3714944
24.0078063	25.1081619	27.9590913
22.6537894	23.6920875	26.3822269
22.7543281	23.7972338	26.4993094
21.6991606	22.6937069	25.2704825
21.6737631	22.6671413	25.2409031
14.6494119	15.3208431	17.0604613
14.41333	15.0739394	16.7855244
15.4886375	16.1985338	18.0378106
18.8879987	19.7536975	21.9966481
23.8673469	24.9612662	27.795515
34.18352	35.7502638	39.80956
54.0504775	56.5277894	62.9462881
95.5779862	99.9586362	111.308536
2937.63438796948	2944.36323196948	2961.79709396948
1108.14103542927	1113.25015942927	1126.48739842927
64.7154469	67.6815713	75.3665344
37.4142694	39.1290881	43.5720369
25.4558056	26.6225294	29.6454094
19.462305	20.3543269	22.6654787
16.6810056	17.4455525	19.4264237
15.4410963	16.1488131	17.9824437
14.4642269	15.12717	16.8447969
15.2437312	15.9424019	17.7525988
14.9190519	15.6028425	17.37448
14.3933206	15.0530137	16.7622225
15.1816469	15.8774738	17.6802962
15.2441237	15.9428119	17.7530531
14.3125269	14.9685169	16.66813
14.7238	15.3986412	17.1470937
11.3290256	11.8482719	13.193595
11.9598606	12.5080194	13.928255
13.0563613	13.6547775	15.2052212
15.0133544	15.7014656	17.4843038
20.14248	21.0656763	23.4575981
25.7947506	26.9770087	30.0401388
41.6570456	43.5663269	48.5131031
66.5659062	69.6168425	77.5215494
1485.36475981495	1489.51351041495	1500.26254091495
73.37785	76.7410006	85.4546287
45.3641619	47.4433488	52.8303487
28.3227506	29.620875	32.9842037
21.6101181	22.6005806	25.1667819
16.3090919	17.0565919	18.9932994
13.711355	14.3397938	15.9680175
12.2318419	12.7924675	14.2449994
11.4700219	11.9957306	13.3577969
11.2290625	11.7437281	13.0771787
11.3519513	11.8722475	13.2202925
11.3017763	11.8197737	13.16186
11.3904969	11.9125612	13.2651844
11.460255	11.9855169	13.3464225
11.2131731	11.7271087	13.0586762
11.4400581	11.9643944	13.3229006
9.83182038	10.2824441	11.4499744
10.81833	11.31417	12.5988475
12.5603925	13.1360762	14.6276244
16.6080087	17.3692081	19.34141
23.2330469	24.2978931	27.0568206
35.8830394	37.527675	41.78879
44.1621244	46.1862219	51.4304775
36.41578	38.0848363	42.4092131
25.9256894	27.1139487	30.1926288
17.7519412	18.5655725	20.6736169
13.4502063	14.0666731	15.6638875
11.3649388	11.8858281	13.2354156
10.1946018	10.661855	11.8724625
9.54598319	9.98350712	11.1170938
9.26106725	9.68553281	10.785285
9.23737625	9.66075594	10.757695
9.38975044	9.82011431	10.9351481
9.49448212	9.92964519	11.0571156
9.4896185	9.924559	11.0514519
10.9066519	11.40654	12.7017069
14.6090925	15.2786775	17.0135088
21.0987281	22.0657531	24.5712294
23.0741306	24.1316944	26.8717494
19.4401631	20.3311712	22.6396913
14.6719444	15.3444087	17.0867025
11.4723075	11.99812	13.3604594
9.58134044	10.0204849	11.1582706
8.8553065	9.26117456	10.3127431
8.65332425	9.04993444	10.0775183
8.79592	9.199066	10.2435819
9.73438663	10.180546	11.3365037
11.7984287	12.3391894	13.7402544
13.7883625	14.4203306	16.0577006
12.742995	13.3270488	14.8402813
9.78755381	10.2361499	11.3984213
9.03635206	9.45051794	10.5235862
10.6884941	11.1783837	12.4476438
