#?RADIANCE
genskyvec -m 1
NROWS=146
NCOLS=1
NCOMP=3
FORMAT=ascii

15.0736763	15.7645531	17.5545525
27.8793631	29.157165	32.4678438
26.7269431	27.9519275	31.1257531
26.5835125	27.8019213	30.9587163
26.69739	27.9210187	31.0913369
26.894575	28.1272413	31.3209738
29.2757175	30.61752	34.0940131
32.5908494	34.0845969	37.9547637
38.255775	40.0091662	44.5520394
46.0086269	48.117355	53.5808819
56.7843625	59.3869769	66.130125
67.4444975	70.5357037	78.5447425
69.4157706	72.597325	80.8404563
63.5714481	66.4851375	74.0342519
54.2538519	56.7404869	63.1831356
44.7114894	46.7607669	52.0702581
37.2892112	38.9982988	43.4263962
33.0935812	34.6103675	38.5402356
28.79735	30.1172281	33.5369162
26.2153337	27.4168694	30.5299419
26.9460219	28.1810469	31.38089
26.0137813	27.2060781	30.2952181
27.3091181	28.5607869	31.8037475
27.1207494	28.3637838	31.5843756
29.7503825	31.1139406	34.6467994
31.43499	32.8757575	36.6086662
32.8277706	34.332375	38.2306763
33.2652281	34.7898831	38.7401319
31.3694119	32.8071737	36.5322956
30.4011675	31.7945525	35.4046944
28.6327362	29.9450687	33.3452094
17.8639919	18.6827588	20.8041075
16.1530962	16.8934463	18.8116256
17.4627369	18.2631106	20.3368138
17.4744356	18.2753469	20.3504381
19.0825025	19.9571163	22.2231662
20.8775013	21.8343838	24.31359
25.2346769	26.3912656	29.3878856
31.7696138	33.2257213	36.998365
41.9708506	43.8945125	48.8785544
54.9132306	57.4300856	63.9510362
71.5416856	74.8206769	83.3162581
79.1005856	82.7260256	92.1192256
68.8585256	72.0145369	80.1914925
52.920735	55.3462662	61.63061
40.0005869	41.8339437	46.58402
29.7163494	31.0783475	34.6071687
25.912325	27.0999725	30.1770612
20.5044775	21.444265	23.8791737
18.2659931	19.1031844	21.2722712
16.6097069	17.370985	19.3433894
16.4679144	17.2226938	19.17826
16.9836406	17.7620563	19.7788656
16.3666881	17.1168275	19.0603725
18.5888556	19.440845	21.6482737
19.5204956	20.4151837	22.7332431
20.2662781	21.1951475	23.6017694
19.2184325	20.0992756	22.3814662
19.4641825	20.3562913	22.6676644
18.416775	19.2608762	21.44787
18.2175744	19.0525469	21.2158856
11.8626663	12.4063725	13.815065
11.5373594	12.0661544	13.4362175
12.1241313	12.6798206	14.1195619
14.1858169	14.8360013	16.5205675
17.0197194	17.7997906	19.820885
22.5380375	23.5710287	26.2474237
32.639	34.1349525	38.0108375
52.7882562	55.2077169	61.4763269
82.4693369	86.2491756	96.0424213
1580.05970205895	1584.62530495895	1596.45439395895
69.15642	72.3260863	80.5384156
38.9200063	40.7038394	45.3255919
25.4061706	26.5706206	29.5876038
18.6402087	19.4945519	21.70808
15.0108925	15.6988919	17.4814356
13.2128525	13.8184388	15.3874669
11.9506269	12.4983644	13.9175019
12.30187	12.8657063	14.3265537
12.0652494	12.6182406	14.0509894
11.7628431	12.3019756	13.6988119
12.50411	13.077215	14.5620781
12.6360894	13.2152456	14.7157825
11.8805825	12.4251081	13.8359288
12.1454069	12.7020719	14.14434
9.50602694	9.94171956	11.0705606
9.93046988	10.3856164	11.5648594
10.7317113	11.2235806	12.4979713
12.0691031	12.6222706	14.055475
15.4929887	16.2030863	18.0428787
19.2177931	20.0986087	22.3807237
30.1333769	31.5144862	35.0928281
49.9985887	52.2901894	58.2275275
2136.41237055035	2140.53768055035	2151.22598895035
4008.52212987849	4013.41050387849	4026.07587187849
61.4066688	64.2211406	71.513185
34.5955969	36.1812288	40.2894575
24.4351956	25.5551419	28.4568231
16.8689581	17.6421181	19.6453087
13.3070062	13.91691	15.4971194
11.4148975	11.9380787	13.2935975
10.2302437	10.69913	11.9139731
9.7034825	10.1482246	11.3005138
9.59481394	10.0345762	11.1739594
9.5158195	9.95196125	11.0819656
9.592803	10.0324731	11.1716194
9.66924019	10.1124138	11.2606375
9.48230756	9.916913	11.0429369
9.60827744	10.0486571	11.18964
8.69368506	9.09214531	10.1245213
9.50925106	9.94509138	11.0743156
11.0259537	11.5313088	12.8406431
14.230275	14.8824962	16.5723431
19.7931137	20.7002975	23.0507313
34.0705944	35.6321619	39.6780488
50.6793125	53.0021131	59.020285
50.7041981	53.02814	59.0492681
34.1753388	35.7417069	39.8000319
21.0535856	22.0185419	24.5186569
14.8711656	15.55276	17.3187125
11.5913169	12.1225844	13.4990556
9.761337	10.2087321	11.3678919
8.76575313	9.16751625	10.2084506
8.37844937	8.76246119	9.75740331
8.24130069	8.61902687	9.59768206
8.29985362	8.6802635	9.665872
8.39412656	8.77885737	9.77566063
8.88179931	9.28888138	10.3435968
10.4016701	10.8784116	12.1136119
13.9615438	14.6014469	16.25938
21.3476838	22.3261187	24.86116
26.5435006	27.7600756	30.9121188
24.2996381	25.4133712	28.2989544
17.4569725	18.2570819	20.3300994
12.7117656	13.2943875	14.8039106
9.80754713	10.2570585	11.4217056
8.66344775	9.06052225	10.0893067
8.13190613	8.50461806	9.47028262
8.32140081	8.702798	9.69096506
9.82161062	10.2717681	11.4380863
12.3318362	12.897045	14.3614519
15.4337687	16.1411469	17.9739087
14.6492912	15.3207169	17.0603219
10.4665088	10.9462232	12.1891219
9.20162512	9.623366	10.7160613
11.4908431	12.0175063	13.3820444
