#?RADIANCE
genskyvec -m 1
NROWS=146
NCOLS=1
NCOMP=3
FORMAT=ascii

14.33118	14.9880244	16.6898544
31.0371669	32.4597038	36.1453688
30.7661613	32.1762763	35.8297625
30.6881238	32.0946625	35.73888
30.9582637	32.3771838	36.0534806
31.691995	33.144545	36.9079706
31.2979069	32.7323937	36.4490225
31.2260931	32.6572869	36.3653887
30.8887675	32.3045044	35.9725469
31.6393544	33.0894906	36.8466669
30.1608413	31.543215	35.1248181
31.5981025	33.0463487	36.798625
31.4708087	32.9132212	36.6503813
33.0424994	34.556945	38.4807456
35.95694	37.6049663	41.8748556
39.5922869	41.4069325	46.1085206
49.242875	51.4998388	57.3474344
52.2435831	54.6380794	60.8420094
70.54146	73.7746075	82.1514112
87.4603931	91.468995	101.854922
84.8337744	88.7219806	98.7960113
89.3512419	93.4465075	104.056975
71.33813	74.6077919	83.0791994
63.3740662	66.2787088	73.804385
50.9069737	53.2402094	59.2854163
40.331635	42.1801681	46.9695519
36.2377175	37.8986125	42.2018438
32.7481125	34.2490675	38.1379106
32.1384494	33.6114594	37.4279031
30.7253112	32.1335538	35.7821875
30.8679781	32.2827594	35.9483325
29.7852881	31.1504463	34.6874512
28.9589194	30.2862019	33.7250763
29.8405094	31.2081981	34.7517619
29.7525687	31.1162256	34.6493469
29.7074675	31.06906	34.5968244
29.1520831	30.48822	33.9500325
29.8395769	31.207225	34.7506775
30.0794194	31.4580587	35.0299919
29.8109031	31.1772356	34.7172819
28.8916788	30.2158788	33.6467675
30.007515	31.3828594	34.9462519
31.4079319	32.8474625	36.5771544
34.3679988	35.9431969	40.0243994
38.4726762	40.2360063	44.80464
44.6422419	46.6883419	51.9896137
56.8797838	59.48677	66.24125
70.56199	73.79608	82.1753231
97.1885125	101.642991	113.184129
126.870562	132.685444	147.75135
144.576256	151.202687	168.371119
132.807938	138.894988	154.665912
102.633459	107.337498	119.525206
77.6881925	81.2488963	90.4743781
58.0689969	60.7304919	67.6261894
46.7011969	48.8416669	54.3874369
40.019065	41.8532706	46.6055394
34.7644731	36.3578413	40.4861256
32.0905344	33.56135	37.3721037
30.3896837	31.7825431	35.39132
29.9397306	31.3119675	34.8673138
24.8661012	26.005795	28.9586487
24.1152794	25.2205613	28.0842537
23.9844737	25.0837594	27.9319187
24.7889456	25.925105	28.868795
24.7254194	25.8586681	28.7948125
24.8312	25.969295	28.9180012
24.9719631	26.1165125	29.081935
25.5943806	26.7674563	29.80679
26.0037394	27.1955775	30.2835237
28.8286519	30.1499638	33.57337
32.74787	34.2488131	38.1376269
42.5213631	44.4702569	49.5196731
59.0673925	61.774645	68.7889025
87.8841888	91.9122138	102.348478
139.3834	145.771788	162.323588
1018.58716642897	1027.44484742897	1050.39435342897
160.715637	168.081769	187.166756
108.300041	113.263784	126.124413
67.10639	70.1820969	78.1509869
48.2825431	50.4954919	56.2290475
36.9188506	38.610965	42.99508
31.0865475	32.5113456	36.2028781
27.0800419	28.3212088	31.5369644
25.7641838	26.9450412	30.0045419
21.9212081	22.9259288	25.529075
21.4567131	22.4401456	24.9881325
20.9506487	21.9108881	24.3987788
21.0199375	21.98335	24.4794694
21.2897787	22.2655594	24.7937212
21.3226275	22.299915	24.8319781
21.6659087	22.6589288	25.2317588
22.6772588	23.7166325	26.4095581
24.2115969	25.3212937	28.1964225
26.8817544	28.1138331	31.3060438
32.0484731	33.5173606	37.3231194
41.416305	43.3145487	48.2327406
54.2794406	56.7672463	63.2129344
88.3161494	92.363975	102.851518
144.4794	151.101369	168.258306
2628.87267935205	2638.44036635205	2663.22936735205
1308.69839745878	1316.89131045878	1338.11839145878
111.723208	116.843842	130.110981
69.0140713	72.1772144	80.37264
47.1395088	49.3000681	54.8978869
35.7007087	37.3369906	41.5764519
28.7460275	30.0635531	33.4771469
25.1643362	26.3177	29.3059681
23.42769	24.5014575	27.2834975
21.1204169	22.0884363	24.5964862
20.0393581	20.9578269	23.3375031
19.573155	20.4702575	22.7945706
19.6599913	20.5610725	22.8956981
20.0606331	20.9800781	23.36228
21.3146613	22.2915825	24.8226981
23.3557106	24.4261806	27.1996725
28.6816106	29.9961831	33.4021269
36.0357075	37.6873425	41.9665856
53.343145	55.7880381	62.1225419
74.7297188	78.1548319	87.0289956
118.098024	123.510839	137.534992
125.624616	131.382411	146.300344
75.4045012	78.8605344	87.814825
49.2701988	51.5284156	57.3792556
34.2978719	35.8698562	39.9427312
26.7505175	27.9765806	31.1532069
23.0177438	24.0727244	26.8060838
21.3294356	22.3070369	24.83991
20.2564531	21.1848731	23.5903294
19.9793975	20.8951188	23.2676738
20.9972319	21.9596025	24.4530275
23.9802006	25.0792938	27.9269444
31.7736706	33.2299606	37.0030881
45.0998963	47.1669725	52.5225875
59.7138806	62.450765	69.541795
68.3048875	71.435525	79.5467331
48.5185494	50.7423138	56.5038956
32.0971469	33.5682644	37.3798025
24.9815519	26.12654	29.0931012
24.2081362	25.317675	28.1923938
23.14515	24.2059681	26.9544581
26.2099381	27.4112256	30.5236575
34.2899687	35.8615906	39.9335269
37.0768537	38.7762081	43.1790881
31.1124862	32.5384744	36.2330844
28.0241719	29.3086138	32.6364875
