#?RADIANCE
genskyvec -m 1
NROWS=146
NCOLS=1
NCOMP=3
FORMAT=ascii

8.02736794	8.39528875	9.34853906
26.5618269	27.7792431	30.9334631
25.8062319	26.9890163	30.0535081
25.5347806	26.7051231	29.7373806
25.734705	26.9142119	29.9702119
26.6029706	27.8222725	30.9813763
26.3325713	27.5394806	30.6664769
26.4307038	27.6421094	30.7807588
26.2890019	27.4939125	30.615735
27.2294544	28.47747	31.7109706
25.5655969	26.7373531	29.77327
26.7568856	27.9832419	31.1606256
25.9509031	27.1403194	30.2219919
26.3090669	27.5148981	30.6391012
27.3819894	28.6369969	31.88861
28.8191606	30.1400369	33.5623169
34.0684756	35.6299469	39.6755819
36.7736525	38.4591094	42.8259837
50.9186194	53.2523887	59.2989788
75.64246	79.1094025	88.0919556
94.7503431	99.0930556	110.344682
134.032831	140.176013	156.092412
117.960004	123.366497	137.374246
102.467259	107.163672	119.33168
71.4248944	74.6985338	83.1802475
47.8952988	50.0904994	55.77807
38.2613719	40.0150181	44.5585581
31.6936356	33.1462619	36.9098825
29.6121425	30.969365	34.4858094
27.2048787	28.4517681	31.6823481
26.7437913	27.9695475	31.1453731
25.3304681	26.4914475	29.4994431
24.27336	25.3858881	28.2683519
25.0281938	26.1753162	29.1474163
24.89044	26.0312519	28.9869925
24.8869487	26.0275987	28.9829275
24.4200319	25.5392825	28.4391625
25.19739	26.3522706	29.3444612
25.5173963	26.6869425	29.7171375
25.1913237	26.3459244	29.3373987
23.8283019	24.9204331	27.7500456
24.3478831	25.4638275	28.3551413
24.6244156	25.7530338	28.6771862
25.97779	27.1684381	30.2533025
27.0207238	28.2591731	31.4678856
29.0879087	30.4211044	33.8752975
34.0902056	35.6526725	39.7008881
42.142975	44.0745244	49.0790081
56.2962375	58.87648	65.5616613
85.4512963	89.3678113	99.515155
129.879819	135.832637	151.255888
1349.85617066752	1358.66684566752	1381.49458366752
1245.63762911622	1254.20636711622	1276.40723511622
123.576675	129.2406	143.915325
79.2158981	82.8466225	92.253515
55.30581	57.8406587	64.4082269
42.6085194	44.5614081	49.621175
33.4995925	35.03499	39.0130687
29.2447675	30.5851506	34.0579681
26.6866081	27.9097438	31.0787794
25.8120819	26.995135	30.0603231
20.1560725	21.0798925	23.4734294
19.3358994	20.2221275	22.5182663
19.1820513	20.0612287	22.3390975
19.993485	20.9098519	23.2840806
19.9516687	20.8661181	23.2353813
20.0312419	20.94934	23.3280506
19.9888444	20.9049987	23.2786763
20.1305444	21.0531931	23.4436962
19.567855	20.4647144	22.7883981
20.5051306	21.4449494	23.879935
21.4030256	22.3839981	24.9256075
24.4561188	25.5770237	28.48119
29.5315825	30.8851144	34.3919894
38.9844506	40.7712363	45.4006438
61.2731669	64.0815206	71.357715
103.830392	108.589294	120.919164
1518.39142262238	1526.45959162238	1547.36352862238
161.274538	168.666281	187.81765
81.4517325	85.1849319	94.8573337
50.1558719	52.45468	58.4106938
35.1732206	36.7853269	40.9621494
27.5742769	28.8380969	32.1125444
22.6063488	23.6424731	26.3269787
21.1887425	22.1598925	24.6760594
16.7231513	17.48963	19.4755044
16.3913769	17.1426475	19.0891256
15.9109312	16.6401819	18.5296056
16.0224144	16.756775	18.6594375
16.2574356	17.0025675	18.93314
16.1656369	16.90656	18.8262319
16.0744062	16.81115	18.7199894
16.3847081	17.1356737	19.0813594
16.4871294	17.2427894	19.2006381
17.151335	17.9374369	19.9741594
18.2584969	19.0953438	21.2635419
20.2406369	21.1683331	23.57191
23.7326138	24.8203581	27.6386081
32.7889231	34.2917481	38.1854363
47.1836006	49.34618	54.9492394
63.2485813	66.1474719	73.6582481
85.340565	89.2519987	99.386205
82.7613919	86.5546144	96.3825444
60.2921731	63.0555644	70.2152638
40.8671275	42.7402025	47.5931781
29.77548	31.1401887	34.6760294
22.996025	24.0500075	26.7807875
19.5668669	20.4636806	22.7872475
18.1617544	18.9941681	21.1508775
14.9628831	15.6486806	17.4255231
14.3017731	14.9572719	16.6556087
13.8912981	14.5279856	16.1775769
13.9990769	14.6407	16.3030919
14.0547812	14.6989587	16.3679656
14.1371181	14.7850687	16.4638531
14.5861881	15.25472	16.9868313
15.7497537	16.4716187	18.3419013
17.3210225	18.1149013	20.171775
21.3300225	22.3076475	24.8405894
26.0018794	27.1936312	30.2813569
37.3195594	39.0300375	43.4617394
47.3804975	49.5521037	55.1785394
42.4250538	44.3695319	49.4075112
31.8380512	33.2972931	37.0780656
23.4893425	24.5659381	27.3552981
18.8967844	19.7628875	22.0068819
16.2648344	17.0103056	18.9417556
13.9827962	14.623675	16.2841331
13.1305437	13.7323581	15.2916119
12.9650144	13.5592444	15.0988406
13.1669481	13.7704331	15.3340088
13.6251469	14.2496331	15.8676212
15.2830175	15.9834894	17.7983494
18.39086	19.2337738	21.4176906
22.363415	23.3884056	26.0440613
27.6556981	28.9232506	32.2073669
24.7077412	25.84018	28.7742256
19.5091062	20.4032731	22.7199825
15.623515	16.3395925	18.1948894
13.9830556	14.6239469	16.284435
13.1982925	13.8032131	15.3705106
13.7357619	14.3653187	15.9964413
15.7362762	16.4575225	18.3262056
17.4041506	18.2018394	20.2685844
16.507635	17.2642356	19.2245187
14.47212	15.1354225	16.85399
