#?RADIANCE
genskyvec -m 1
NROWS=146
NCOLS=1
NCOMP=3
FORMAT=ascii

6.60618938	6.90897256	7.69345819
25.5866194	26.7593388	29.7977525
24.8506513	25.9896375	28.9406544
24.5860694	25.7129281	28.6325281
24.7972569	25.9337962	28.8784725
25.6148163	26.7888262	29.8305894
25.3214244	26.4819887	29.48891
25.4581181	26.6249469	29.6481013
25.2561388	26.4137094	29.4128781
26.1788713	27.3787362	30.4874781
24.664595	25.795055	28.72398
25.7757081	26.9570937	30.0179594
24.9875062	26.1327669	29.1000338
25.25603	26.4135981	29.4127544
26.1546694	27.3534231	30.4592919
27.4515144	28.7097075	31.9695781
32.2637681	33.742525	37.5738494
34.8595969	36.4573262	40.5969063
48.0127631	50.213345	55.914865
71.6172337	74.8996869	83.4042425
91.6151588	95.8141856	106.693495
132.625875	138.704556	154.4539
118.846358	124.293501	138.40651
102.827698	107.540638	119.75144
70.9961925	74.2501831	82.6809881
46.9872512	49.1408325	54.7205725
37.2797169	38.9883694	43.4153375
30.69691	32.1038531	35.7491138
28.5848813	29.8950188	33.2894762
26.1947887	27.3953825	30.5060156
25.7304788	26.9097919	29.9652875
23.67913	24.7644244	27.5763212
22.5417212	23.5748831	26.2517131
23.4187631	24.4921238	27.2731031
23.2378906	24.3029606	27.0624625
23.2308331	24.2955813	27.054245
22.7052831	23.7459413	26.4421963
23.5761931	24.6567694	27.4564444
23.9352075	25.0322363	27.8745456
23.5797512	24.6604881	27.4605862
22.0546425	23.06548	25.6844688
22.6031513	23.6391281	26.3232525
22.8223169	23.86834	26.5784919
24.1554056	25.2625294	28.130985
24.9763625	26.1211112	29.0870563
26.6875544	27.9107325	31.0798831
31.0253175	32.4473106	36.1315694
38.4808412	40.2445444	44.8141488
50.6686	52.9909088	59.0078088
76.934055	80.4601981	89.5961281
117.233465	122.606635	136.528119
1204.88917774123	1213.10149674123	1234.37885274123
1203.98800989704	1212.36012189704	1234.05157789704
118.580297	124.015223	138.096637
75.6836287	79.1524594	88.139905
52.3819437	54.7827819	61.0031431
40.1621662	42.00293	46.77219
31.2788475	32.7124606	36.4268275
27.3144625	28.5663744	31.8099706
24.8588119	25.9981744	28.95016
24.0926181	25.1968631	28.0578638
18.1314944	18.9625181	21.1156356
17.3330556	18.1274881	20.1857894
17.2038119	17.9923194	20.0352744
18.0423675	18.8693094	21.0118425
17.9990612	18.8240169	20.9614069
18.0790412	18.907665	21.0545531
18.0351213	18.8617306	21.0034031
18.16503	18.9975931	21.1546912
17.54372	18.3478056	20.431125
18.3849088	19.2275506	21.41076
19.0853294	19.9600725	22.2264562
21.6610363	22.6538319	25.2260806
25.8500556	27.0348506	30.1045469
33.6842687	35.2281319	39.2281413
52.6429931	55.0557956	61.307155
88.9785625	93.0567394	103.622951
1148.02481379591	1154.91052579591	1172.75078879591
147.800156	154.574319	172.125606
74.0497694	77.4437169	86.23713
45.0590338	47.1242394	52.4750031
31.65412	33.104935	36.863865
24.7899594	25.926165	28.8699756
20.2289231	21.1560825	23.5582675
19.0527419	19.9259906	22.1885069
14.6192969	15.2893481	17.0253906
14.3585175	15.0166156	16.7216894
13.9168519	14.5547081	16.2073356
14.04182	14.6854025	16.3528719
14.2826838	14.9373069	16.6333781
14.1901056	14.8404844	16.52556
14.0861631	14.7317788	16.4045112
14.3638888	15.0222356	16.7279481
14.3941494	15.0538806	16.7631869
14.9390137	15.6237188	17.3977256
15.7929688	16.5168125	18.3922281
17.30692	18.1001544	20.1553519
20.1723769	21.0969413	23.4924138
27.5782269	28.8422294	32.117145
39.3328	41.1355544	45.8063287
52.3230212	54.721155	60.9345175
70.8138931	74.0595269	82.4686819
70.1254181	73.3394944	81.6668937
52.1719187	54.5631306	60.7585513
35.547685	37.1769513	41.3982425
25.94973	27.1390912	30.2206256
20.075815	20.9959563	23.37996
17.077535	17.8602544	19.8882125
15.9105769	16.6398125	18.5291944
12.7972838	13.3838275	14.903505
12.2635437	12.8256219	14.2819187
11.9050594	12.4507075	13.8644337
12.0330044	12.5845175	14.0134388
12.0806225	12.6343175	14.0688925
12.1114137	12.6665219	14.1047538
12.4707169	13.0422906	14.52319
13.3826994	13.9960731	15.5852725
14.5946669	15.2635888	16.9967063
17.774645	18.5893162	20.7000575
21.3989375	22.3797219	24.9208475
30.5293988	31.9286613	35.5540294
38.79549	40.573615	45.1805831
35.2390656	36.8541869	41.0388281
26.7022844	27.9261369	31.0970381
19.8542262	20.7642087	23.1219006
16.0901506	16.8276162	18.7383219
13.887525	14.524035	16.1731813
11.7758694	12.3155988	13.7139831
11.048805	11.5552094	12.8672563
10.9447081	11.4463412	12.7460262
11.1188513	11.6284656	12.94883
11.4324206	11.9564069	13.3140069
12.7010363	13.2831681	14.7914169
15.13712	15.830905	17.6284394
18.2457288	19.0819919	21.2486731
22.5273031	23.5598031	26.2349225
20.3093131	21.2401581	23.6518906
16.2518437	16.9967181	18.9266269
13.0624075	13.6611031	15.2122625
11.590605	12.1218381	13.4982237
10.95044	11.452335	12.7527006
11.3558025	11.8762763	13.2247781
12.9150056	13.5069425	15.0406012
14.22378	14.8757019	16.5647788
13.5793244	14.2017106	15.8142581
11.90197	12.4474763	13.8608356
