#?RADIANCE
genskyvec -m 1
NROWS=146
NCOLS=1
NCOMP=3
FORMAT=ascii

4.115703	4.30433931	4.79307931
16.6662337	17.4301025	19.4092212
16.8328881	17.6043962	19.6033025
17.4203206	18.2187525	20.2874169
18.8278119	19.6907519	21.9265575
21.9748456	22.982025	25.59154
27.5221806	28.7836119	32.0518737
36.3321306	37.9973513	42.311795
56.6154644	59.2103387	65.9334294
87.7579819	91.7802188	102.201489
100.485602	105.091196	117.023876
100.588497	105.198804	117.143688
61.2848644	64.0937538	71.3713356
40.2398919	42.08422	46.86271
29.2682869	30.6097481	34.0853612
22.6848225	23.7245438	26.4183669
19.7479225	20.6530356	22.9981025
17.6550731	18.4642631	20.5608044
17.0876363	17.8708187	19.8999775
16.5631325	17.322275	19.2891469
16.7025569	17.4680919	19.4515206
16.9723925	17.7502925	19.7657638
16.6393519	17.4019875	19.3779113
16.5656719	17.3249312	19.2921062
17.0542744	17.8359263	19.8611244
16.5131269	17.2699787	19.2309144
17.02022	17.8003125	19.8214669
16.6141788	17.3756613	19.3485962
16.7418212	17.5091556	19.4972481
16.2687075	17.0143556	18.9462669
16.3846131	17.1355725	19.0812462
13.6350681	14.2600088	15.879175
13.2736338	13.8820087	15.4582556
14.7154331	15.3898894	17.1373494
15.8524106	16.5789794	18.4614556
19.1360225	20.0130887	22.2854937
23.84802	24.9410531	27.7730075
33.2328238	34.7559944	38.7023937
52.2273275	54.6210775	60.82308
91.1561006	95.3340894	106.158884
1874.47287595133	1880.77594395133	1897.10666895133
626.28271375761	631.00948075761	643.25613275761
60.9256694	63.7180944	70.9530244
39.58122	41.3953581	46.0956306
26.5129175	27.7280925	30.8765056
20.133655	21.0564469	23.4473206
16.3627169	17.1126737	19.0557475
15.6818331	16.4005831	18.2628012
13.730775	14.3601031	15.9906337
13.3345494	13.9457144	15.5291937
12.8196188	13.4071844	14.9295156
12.9601144	13.5541187	15.093135
13.2590825	13.8667906	15.4413069
12.7132869	13.2959794	14.8056831
13.5643737	14.1860738	15.7968438
13.76624	14.3971912	16.0319344
13.8975981	14.5345719	16.1849125
13.3086725	13.9186525	15.4990581
13.4372794	14.0531537	15.6488331
13.14688	13.7494463	15.3106388
13.3684988	13.9812206	15.5687313
10.1724366	10.6386713	11.8466494
10.2161421	10.6843809	11.8975494
11.144215	11.6549906	12.9783663
13.9184675	14.5563988	16.2092163
18.6532156	19.5081556	21.7232263
28.9986794	30.3277844	33.7713788
48.2425087	50.4536238	56.1824244
469.998431938482	473.578628238482	482.854625038482
62.3426431	65.200015	72.6032125
38.93559	40.7201369	45.3437431
24.8424644	25.9810769	28.9311206
16.51712	17.2741537	19.2355631
12.8297788	13.41781	14.9413463
11.0171557	11.5221094	12.8303969
10.3843182	10.8602652	12.0934025
10.1493833	10.6145621	11.8198025
9.82038475	10.2704858	11.4366569
10.2354696	10.7045942	11.9200581
9.98493088	10.4425741	11.6282863
9.65708406	10.0997004	11.2464787
9.98034012	10.4377702	11.6229362
10.0170536	10.4761695	11.6656931
9.660357	10.1031226	11.2502913
9.97980675	10.4372137	11.6223169
8.34812287	8.73074494	9.72208556
8.80200363	9.20542869	10.2506665
9.61279031	10.0533761	11.1948962
11.0492008	11.5556231	12.8677156
14.8758994	15.5577113	17.3242256
18.9514894	19.8200981	22.0705894
27.6641788	28.9321187	32.2172419
35.2207656	36.8350475	41.0175181
31.3335356	32.769655	36.4905175
24.3745644	25.4917288	28.3862125
17.1211419	17.9058606	19.9389969
12.508525	13.0818319	14.5672206
10.7237047	11.2152075	12.4886487
9.34804869	9.776501	10.8865831
8.69953006	9.09825831	10.1313281
8.27251888	8.65167575	9.63403763
8.10958738	8.48127656	9.44429087
8.086532	8.45716462	9.41744081
8.17947419	8.55436644	9.52568006
8.14410162	8.51737244	9.48448506
8.17716569	8.55195225	9.52299138
8.22232362	8.59918	9.57558162
8.13880362	8.51183163	9.47831581
8.31835006	8.69960775	9.68741275
7.44851669	7.78990681	8.67441894
8.0508725	8.41987038	9.37591244
9.07444794	9.49036037	10.5679524
11.4918062	12.0185131	13.3831663
14.8566537	15.5375837	17.3018119
18.2389781	19.0749306	21.2408113
18.4570363	19.3029831	21.4947581
14.5083475	15.1733138	16.89618
11.4932753	12.0200506	13.3848781
9.25009462	9.67405731	10.7725078
8.03045169	8.39851387	9.35213094
7.55417137	7.900404	8.7974625
7.2951195	7.62947894	8.495775
7.12698844	7.45364187	8.29997231
7.0281195	7.35024169	8.18483144
7.04867675	7.37174081	8.208772
7.15396319	7.48185294	8.33138662
7.23427119	7.56584181	8.424912
7.12580413	7.45240331	8.29859313
7.78920294	8.14620781	9.07117631
9.57877756	10.0178039	11.1552856
11.8987939	12.4441542	13.8571356
11.5947967	12.126225	13.5031094
9.74496094	10.1916039	11.3488194
8.23290088	8.61024169	9.58789987
7.30976844	7.64479938	8.51283481
6.82549275	7.13832756	7.9488555
6.64823975	6.95295044	7.74242944
6.66397631	6.96940831	7.76075613
6.73156769	7.04009762	7.839472
6.99495256	7.3155545	8.14620563
7.78022481	8.13681825	9.06072056
8.2661805	8.64504663	9.62665588
7.71024987	8.063636	8.97922875
6.79430913	7.10571488	7.91253937
6.63171656	6.93566988	7.72318694
7.17151194	7.500206	8.35182375
