#?RADIANCE
genskyvec -m 1
NROWS=146
NCOLS=1
NCOMP=3
FORMAT=ascii

3.74406944	3.91567244	4.36028094
21.2774837	22.2527013	24.7794044
20.4853475	21.4242594	23.856895
20.16207	21.0861656	23.4804125
20.2673831	21.196305	23.60306
20.9028263	21.8608737	24.343085
20.5960625	21.5400488	23.9858325
20.7450888	21.6959044	24.1593869
20.5840269	21.5274613	23.971815
21.4615012	22.4451531	24.9937075
20.2698137	21.1988475	23.60589
21.27247	22.2474575	24.7735644
20.5890581	21.5327238	23.977675
20.6838031	21.63181	24.0880138
21.1599675	22.1297988	24.6425456
21.8394406	22.8404131	25.4338494
24.9555006	26.099295	29.0627631
26.5524519	27.7694388	30.9225444
35.4112019	37.0342138	41.2392975
52.6202769	55.0320388	61.2807
72.5614675	75.8872012	84.5038819
120.057889	125.560525	139.817406
126.409391	132.203159	147.21429
111.272374	116.372376	129.585969
72.0827069	75.3864962	83.9463244
44.4579419	46.4955962	51.7749812
33.5316844	35.0685537	39.050445
26.6675681	27.88983	31.056605
24.3274625	25.4424725	28.33136
22.0068425	23.0154887	25.6288037
21.4621994	22.4458819	24.9945206
19.1547244	20.03265	22.3072744
18.0374238	18.8641363	21.0060825
18.817105	19.6795556	21.9140881
18.5672669	19.4182662	21.62313
18.5062056	19.3544063	21.5520206
18.0006706	18.8257006	20.9632844
18.8087256	19.6707919	21.9043294
19.1702575	20.0488944	22.3253625
18.8986775	19.7648663	22.009085
17.5077337	18.31017	20.3892144
18.0164381	18.8421906	20.9816431
18.1333188	18.9644275	21.1177613
19.1709769	20.0496462	22.3262013
19.457485	20.3492856	22.6598656
20.2568188	21.1852556	23.5907538
22.6135262	23.6499781	26.3353369
27.4203325	28.6770981	31.9332638
33.9034944	35.4574044	39.4834475
49.7807094	52.0623244	57.9737881
74.2605887	77.6642006	86.4826513
457.709252360345	463.248976360345	477.601931360345
1724.35233986951	1732.23159586951	1752.64608986951
111.971707	117.10374	130.400412
69.9390194	73.1445556	81.4498188
46.3869462	48.5130144	54.0214675
34.5078725	36.0894831	40.187295
25.9514594	27.1409006	30.2226381
22.4018894	23.4286419	26.0888681
20.1875438	21.1128075	23.5100787
19.5345881	20.4299244	22.7496594
13.9640006	14.6040169	16.2622431
13.2586794	13.8663687	15.4408363
13.1356975	13.7377506	15.2976156
13.8532444	14.4881856	16.1332594
13.7981513	14.4305656	16.0690963
13.8716888	14.507475	16.1547394
13.8489706	14.483715	16.1282806
13.9692725	14.6095306	16.2683837
13.3640806	13.9766025	15.5635869
13.9422981	14.5813213	16.2369706
14.2137206	14.8651819	16.5530625
15.5712963	16.2849812	18.1340731
17.5545144	18.3590956	20.443695
21.2773063	22.2525156	24.7791981
31.0072594	32.4284238	36.1105381
49.2412656	51.4981556	57.34556
77.8800519	81.4495481	90.6978075
352.959259984278	357.537617884278	369.399740884278
57.2634225	59.887995	66.68803
34.5457737	36.1291219	40.231435
24.6147094	25.7428831	28.6658837
19.1950706	20.0748463	22.3542619
15.4844863	16.1941919	18.0329744
14.6917862	15.36516	17.10981
10.7204353	11.2117887	12.48484
10.5708236	11.0553186	12.3106056
10.2086881	10.6765857	11.8888675
10.3278514	10.8012107	12.0276437
10.5386426	11.0216642	12.2731275
10.4547791	10.933956	12.1754606
10.3502594	10.8246463	12.05374
10.5541585	11.0378916	12.2911981
10.4710664	10.9509895	12.1944325
10.7598823	11.2530444	12.5307819
11.0772906	11.585	12.9004287
11.5935388	12.1249081	13.5016413
12.9993481	13.5951519	15.1388244
16.5001488	17.2564044	19.2157994
21.8852444	22.8883175	25.4871937
27.5448194	28.8072894	32.0782387
36.6492056	38.3289606	42.6810544
39.6735356	41.4919031	46.20314
33.8273644	35.3777837	39.3947844
24.5719325	25.698145	28.616065
18.4800287	19.3270294	21.5215344
14.53063	15.1966175	16.9221313
12.4208225	12.99011	14.4650844
11.6999262	12.2361731	13.6255412
8.94426125	9.35420612	10.4163368
8.64504556	9.04127669	10.0678759
8.38801794	8.77246869	9.76854619
8.53020763	8.92117525	9.93413894
8.55839319	8.95065256	9.96696225
8.50504825	8.8948625	9.90483838
8.68452219	9.08256263	10.1138503
9.08134781	9.49757613	10.5759868
9.55025581	9.987976	11.1220694
10.9481769	11.4499694	12.7500656
12.3534525	12.9196519	14.3866269
16.5307256	17.288385	19.2514081
20.6022519	21.5465206	23.9930419
20.1691288	21.093545	23.4886325
16.4319263	17.1850562	19.1363481
12.9679981	13.5623637	15.1023162
10.9479517	11.4497323	12.7498019
9.61705306	10.0578338	11.19986
7.91641675	8.2792525	9.21932775
7.44034994	7.78136594	8.66490794
7.43950281	7.78047975	8.66392119
7.55201031	7.89814394	8.79494587
7.59536344	7.94348406	8.84543419
8.09063181	8.461452	9.42221519
9.14327694	9.56234306	10.6481088
10.464045	10.9436443	12.1862519
12.5626044	13.1383906	14.6302
11.9031448	12.4487056	13.8622038
10.260353	10.7306185	11.9490363
8.51453356	8.90478275	9.91588431
7.41669256	7.75662431	8.63735719
7.06127506	7.38491656	8.22344369
7.20786619	7.53822656	8.39416113
7.88592581	8.24736381	9.18381869
8.48290706	8.87170681	9.87905294
8.33861738	8.72080369	9.71101512
7.39421956	7.73312106	8.61118525
