#?RADIANCE
genskyvec -m 1
NROWS=146
NCOLS=1
NCOMP=3
FORMAT=ascii

25.7696437	26.9507519	30.0108987
37.8288037	39.5626219	44.0547956
37.7532331	39.4835912	43.9667906
37.7324781	39.4618831	43.9426175
37.6875812	39.4149281	43.8903325
37.0708494	38.7699306	43.1720969
36.8922419	38.583135	42.9640919
37.5665544	39.2883544	43.749385
38.0348356	39.7780963	44.2947363
39.8151906	41.6400513	46.3681094
43.1237475	45.1002525	50.2212013
47.0611494	49.2181169	54.8066325
51.2623387	53.6118619	59.6992694
56.1934888	58.7690212	65.4420037
60.8270062	63.6149106	70.8381231
62.2573294	65.11079	72.5038519
64.1958706	67.1381756	74.7614387
57.9945725	60.6526569	67.5395169
56.1130537	58.6848994	65.34833
49.753485	52.0338506	57.9420825
45.9773806	48.084675	53.5444931
42.8985713	44.8647519	49.9589613
40.208485	42.0513725	46.8261344
38.2491831	40.0022706	44.5443638
37.9840069	39.72494	44.2355431
37.2475281	38.9547056	43.3778537
37.8354962	39.5696231	44.0625906
37.8508294	39.5856581	44.0804469
37.6751681	39.401945	43.8758744
37.5088156	39.2279687	43.6821438
37.469285	39.1866269	43.6361081
29.0750819	30.4076894	33.8603581
27.4880831	28.7479531	32.012165
29.1119837	30.4462819	33.9033338
28.5853188	29.8954794	33.2899881
28.7633556	30.0816756	33.4973263
28.4272613	29.7301787	33.1059188
30.4287756	31.8234281	35.4368475
32.3923388	33.8769869	37.7235794
34.6043	36.1903294	40.2995944
36.5034462	38.1765225	42.5113087
42.5413837	44.4911956	49.5429887
49.8266037	52.1103225	58.027235
58.4440863	61.1227731	68.0630144
67.7233075	70.8272931	78.86944
72.8806131	76.2209712	84.87555
72.4135087	75.7324581	84.3315694
66.1689338	69.2016756	77.0592412
57.6759775	60.3194562	67.1684856
48.28308	50.4960538	56.2296725
41.4146156	43.3127831	48.2307725
36.7265344	38.4098331	42.7711106
33.5070312	35.0427694	39.0217325
30.109175	31.4891781	35.064645
30.1580181	31.5402606	35.1215275
29.7129638	31.0748075	34.6032244
29.6585163	31.0178638	34.5398169
28.4279669	29.7309131	33.1067375
28.8205038	30.1414425	33.5638794
28.3072412	29.6046531	32.9661406
28.7680081	30.0865406	33.5027444
21.5790288	22.5680669	25.1305775
21.0561219	22.0211937	24.5216094
21.2683975	22.2431987	24.7688244
22.58058	23.6155231	26.2969681
23.421015	24.4944794	27.2757269
25.1889062	26.3433987	29.3345844
28.0957519	29.3834731	32.7198456
33.2834062	34.808895	38.7613019
40.2247325	42.068365	46.8450544
53.7705275	56.2350094	62.6202637
70.4781962	73.7084438	82.0777356
86.8854625	90.86771	101.185362
86.7214694	90.6962044	100.994388
73.35937	76.7216719	85.4331013
54.0408756	56.5177475	62.9351069
41.2418894	43.1321412	48.0296206
31.9062362	33.3686037	37.1574738
28.285465	29.5818812	32.9407831
24.7662138	25.90133	28.8423212
22.8118806	23.8574225	26.5663356
22.4016231	23.4283619	26.0885575
22.0525144	23.0632525	25.6819925
21.1961213	22.1676088	24.6846481
21.6547438	22.6472531	25.218755
18.3758006	19.2180262	21.4001538
18.6153544	19.4685569	21.6791338
18.8803913	19.7457431	21.9877925
19.5714981	20.4685256	22.7926425
21.2533106	22.22742	24.7512531
22.8252256	23.8713812	26.5818788
27.0582206	28.2983875	31.511555
33.7242644	35.2699587	39.2747181
45.6793794	47.7730169	53.1974494
62.7145338	65.5889456	73.0363025
93.9462794	98.2521375	109.408272
138.655681	145.010738	161.476106
2144.04553043673	2150.18378043673	2166.08742343673
89.9806988	94.1048075	104.790029
60.9843969	63.7795125	71.0214163
45.1929856	47.2643287	52.6310006
33.6163169	35.1570631	39.1490031
27.2542788	28.5034337	31.7398806
23.2467881	24.3122656	27.0728256
21.0270125	21.9907494	24.48771
19.8543331	20.7643231	23.1220269
19.1760869	20.0549906	22.3321519
18.668965	19.5246269	21.7415681
18.6480425	19.5027438	21.7172013
17.7045044	18.5159606	20.6183706
18.0916737	18.9208738	21.0692625
19.1312288	20.0080762	22.2799113
21.1117337	22.0793544	24.5863744
24.5645931	25.6904687	28.6075181
34.1109213	35.6743381	39.7250131
47.9913087	50.1909081	55.8898813
85.6974319	89.6252288	99.8018019
3032.68442817097	3038.89816617097	3054.99743417097
4575.36247060502	4582.53111360502	4601.10445160502
92.8945325	97.1522006	108.183424
56.1188169	58.6909275	65.3550425
36.633805	38.3128531	42.6631219
26.3896706	27.5991969	30.7329725
22.1762675	23.1926781	25.8261112
19.5540663	20.4502938	22.7723394
18.2581394	19.09497	21.2631244
17.7750863	18.5897781	20.7005706
18.8754737	19.7405994	21.982065
20.5359787	21.47721	23.9158588
23.774345	24.8640025	27.6872075
31.4575569	32.89936	36.6349481
46.97563	49.1286775	54.7070394
80.2026481	83.8786063	93.4026738
94.815685	99.1614012	110.420786
64.5919644	67.5524269	75.2227287
38.3070813	40.0628213	44.6117913
26.777735	28.0050469	31.184905
20.6470188	21.5933394	24.045175
19.5391175	20.4346606	22.7549331
23.5556237	24.6352556	27.4324869
28.0556912	29.3415763	32.6731913
39.8759219	41.7035669	46.4388363
52.4007256	54.8024244	61.0250163
34.9901613	36.593875	40.7489606
25.8930506	27.0798156	30.1546169
32.1539575	33.62768	37.445965
