#?RADIANCE
genskyvec -m 1
NROWS=146
NCOLS=1
NCOMP=3
FORMAT=ascii

15.7650919	16.4876581	18.3597644
30.16817	31.5508769	35.1333488
29.6886875	31.0494175	34.5749506
29.4404419	30.7897956	34.2858487
29.52469	30.8779019	34.3839637
29.9382175	31.3103825	34.8655488
29.6521719	31.0112281	34.5324288
29.866035	31.2348931	34.7814856
29.8614256	31.2300731	34.7761206
30.8872125	32.3028756	35.9707356
30.5151625	31.9137731	35.5374512
32.3593556	33.8424938	37.6851694
33.0839813	34.60033	38.5290544
35.3904981	37.01256	41.2151862
39.0111394	40.7991481	45.4317262
43.1757487	45.154635	50.2817587
52.8738331	55.2972144	61.5759881
53.6024881	56.0592669	62.4245656
66.1725187	69.2054231	77.063415
70.0218869	73.2312219	81.5463275
62.5813138	65.4496213	72.8811575
60.4864963	63.2587931	70.44157
49.6148638	51.8888769	57.7806469
45.1307469	47.1992375	52.5585181
39.4940588	41.3042006	45.994125
34.3163537	35.8891838	39.964255
32.8408056	34.3460094	38.2458575
31.0379881	32.4605619	36.1463275
30.9748281	32.3945087	36.0727731
30.0195944	31.3954906	34.96032
30.0778538	31.4564206	35.0281675
27.3548787	28.6086431	31.8570375
26.2663594	27.4702331	30.5893656
27.1653144	28.4103906	31.6362738
26.8752444	28.1070263	31.2984644
26.8173138	28.0464406	31.2309981
26.3266719	27.5333119	30.6596075
27.30492	28.5563937	31.7988556
27.9476706	29.2286037	32.5473912
28.1981863	29.4906031	32.83914
27.6380606	28.9048037	32.1868256
29.527615	30.8809631	34.3873694
31.7851825	33.2420019	37.0164944
35.9321556	37.5790444	41.8459912
41.5888775	43.4950313	48.4337156
49.2887575	51.547825	57.4008675
62.8166875	65.6957844	73.15527
74.0888331	77.48457	86.2826269
92.105445	96.3269406	107.26447
97.4287212	101.894209	113.463883
92.0164312	96.2338438	107.160796
76.825835	80.3470175	89.4700938
60.4403081	63.2104869	70.3877775
48.2317669	50.4423888	56.169915
40.2096556	42.0525956	46.827495
35.3302031	36.9495031	41.1449688
32.4806287	33.9693244	37.8264013
29.6746638	31.0347531	34.5586219
28.5888419	29.8991637	33.29409
27.5413862	28.8037	32.0742419
27.4391781	28.6968056	31.9552113
21.9422794	22.9479669	25.553615
21.2600806	22.2345006	24.7591362
21.1468219	22.1160506	24.6272381
21.92412	22.9289756	25.5324656
21.9973275	23.0055362	25.6177225
22.3782075	23.4038737	26.0612881
22.9519925	24.0039581	26.7295087
24.1898025	25.2985006	28.1710413
25.3642881	26.5268181	29.5388294
29.5478594	30.902135	34.4109463
35.4584975	37.0836769	41.2943769
49.2061331	51.4614131	57.3046462
71.0707288	74.3281331	82.7677881
102.496583	107.194341	119.365819
129.295238	135.221281	150.575081
119.973406	125.4722	139.719037
83.8700869	87.7141275	97.6737125
60.2284538	62.9889244	70.1410575
41.9093162	43.8301588	48.8068944
33.1611438	34.6810275	38.6189144
27.9728175	29.2549075	32.5766806
25.2191	26.3749756	29.369745
22.9717888	24.0246625	26.7525656
22.5085281	23.5401688	26.2130587
19.03966	19.9123088	22.1732694
18.7973681	19.6589137	21.8911025
18.4618062	19.3079719	21.500315
18.608795	19.4616975	21.671495
19.0469344	19.9199181	22.1817431
19.2947463	20.1790881	22.4703412
20.1226531	21.0449406	23.4345081
21.7391263	22.7355019	25.3170256
24.37126	25.4882744	28.3823625
28.559195	29.8681562	33.2595625
36.9192812	38.6114131	42.9955813
52.6136256	55.0250813	61.2729544
73.0170444	76.3636562	85.0344375
123.97506	129.657256	144.3793
2164.18658002848	2172.63363002848	2194.51924902848
1604.86646030428	1612.54677830428	1632.44581630428
104.035064	108.803336	121.157515
66.9360244	70.0039237	77.9525806
44.193685	46.2192288	51.46723
32.6744381	34.1720144	38.0521069
26.6134881	27.8332706	30.9936269
22.9350862	23.986275	26.7098194
20.9280269	21.8872269	24.3724325
20.0113775	20.9285656	23.3049163
18.3100194	19.1492306	21.3235462
17.6755169	18.4856444	20.5846138
17.52197	18.3250606	20.4057944
17.8608837	18.6795075	20.8004887
18.6408119	19.4951812	21.7087794
20.8514944	21.8071875	24.2833037
24.1492344	25.256075	28.1237981
32.9153037	34.4239206	38.3326144
45.4569256	47.5403656	52.9383806
75.859905	79.336815	88.3451862
112.512321	117.669143	131.029987
1722.58381801689	1729.70284301689	1748.14761801689
103.431312	108.171906	120.454384
55.535895	58.0812875	64.67618
36.9510025	38.6445881	43.0325231
26.7979313	28.0261688	31.208425
21.8173756	22.8173369	25.4081538
19.49934	20.3930594	22.7086081
18.8715806	19.7365256	21.9775294
18.472335	19.3189844	21.512575
18.7394588	19.59835	21.8236619
20.6049319	21.5493225	23.99616
25.4443881	26.6105887	29.6321138
38.11637	39.86337	44.3896937
59.8968838	62.6421562	69.7549169
77.1782819	80.7156175	89.8805512
69.3047406	72.4812062	80.7111475
42.3483563	44.2893206	49.3181913
26.817455	28.0465862	31.2311631
21.6964894	22.6909106	25.2673694
22.6200137	23.6567631	26.3428906
22.6647281	23.7035288	26.3949669
27.7367075	29.0079725	32.3017087
39.3238769	41.1262181	45.7959325
38.2079794	39.959175	44.4963763
29.1831706	30.5207319	33.9862344
28.4216113	29.7242681	33.0993375
