#?RADIANCE
genskyvec -m 1
NROWS=146
NCOLS=1
NCOMP=3
FORMAT=ascii

0.6464747	0.676104725	0.752873656
9.74572469	10.1924042	11.3497098
9.24334675	9.66700013	10.7646477
9.14717475	9.56641931	10.6526478
9.34718563	9.77559913	10.8855773
9.97311088	10.4302122	11.614519
10.01243	10.4713322	11.6603094
10.1403644	10.6051316	11.8092996
10.1532532	10.6186117	11.8243102
10.6374976	11.1250508	12.3882531
9.57595	10.0148474	11.1519926
10.0379133	10.4979831	11.6899872
9.34197338	9.77014731	10.8795076
9.1982585	9.61984413	10.7121388
9.35698156	9.78584175	10.8969845
9.538196	9.97536119	11.108024
10.9803345	11.4835987	12.787515
11.4862111	12.0126606	13.3766513
15.0769937	15.7680225	17.5584156
21.0060906	21.9688687	24.4633444
27.9906137	29.2735181	32.5974056
45.0746994	47.1406219	52.4932463
126.214059760449	129.112352860449	136.621577160449
141.661633573371	144.851744173371	153.117033573371
46.3606875	48.4855481	53.9908844
28.0520662	29.3377875	32.6689712
20.1532819	21.0769756	23.47018
14.9617285	15.6474744	17.4241806
12.7278218	13.3111794	14.8226088
10.8025215	11.297637	12.5804378
10.073309	10.5350017	11.7312082
9.38532794	9.8154885	10.9299973
8.844443	9.24981306	10.3000913
9.20739306	9.62939719	10.7227764
9.27179162	9.69674763	10.7977727
9.43501037	9.86744831	10.9878573
9.34604194	9.77440225	10.8842459
9.79453625	10.2434522	11.4065519
9.99317062	10.45119	11.6378803
9.79293563	10.2417775	11.4046895
9.01154906	9.42457762	10.4947005
9.06031675	9.4755815	10.5514947
8.92275612	9.33171588	10.3912934
9.20136769	9.62309725	10.7157594
9.18068619	9.60146781	10.6916758
9.49562363	9.93083862	11.0584456
10.4649534	10.9445962	12.1873119
12.3712419	12.9382575	14.4073425
14.4429781	15.104945	16.82005
19.137265	20.0143869	22.28694
24.947845	26.0912875	29.053845
34.9933037	36.5971619	40.7526206
49.5774719	51.8497712	57.7371013
84.9384351559689	87.0895626559689	92.6629476559689
38.6369619	40.4078206	44.9959644
27.6406656	28.9075287	32.1898594
20.8394962	21.7946388	24.2693313
15.1251075	15.81834	17.6144481
12.3541912	12.9204237	14.387485
10.5672967	11.0516325	12.3064994
9.82724769	10.2776641	11.4446506
6.83367644	7.14688625	7.95838613
6.42579837	6.72031363	7.483378
6.41724556	6.71136906	7.47341756
6.95144706	7.27005481	8.09553988
7.03732906	7.35987306	8.19555656
7.14523675	7.47272662	8.32122394
7.10953994	7.43539375	8.27965225
7.07955338	7.40403269	8.24473025
6.59183481	6.8939605	7.67674144
6.73135238	7.03987237	7.83922094
6.72492875	7.0331545	7.83174044
7.23332194	7.56484894	8.42380675
7.92554431	8.28879819	9.22995781
9.06787825	9.483489	10.5602999
11.9030078	12.4485604	13.8620456
16.182915	16.9246313	18.8463562
21.3719525	22.3514994	24.8894206
28.229565	29.5234194	32.8756812
23.7857163	24.875895	27.7004487
16.922755	17.6983787	19.7079581
13.3942006	14.0081038	15.5986656
10.5228609	11.0051592	12.2547481
8.05763456	8.42694275	9.38378731
7.40013138	7.73930381	8.61807031
4.90218531	5.12686869	5.70900369
4.82426881	5.04538094	5.61826337
4.64780813	4.86083225	5.41275994
4.77463544	4.99347275	5.56046112
4.97535488	5.20339175	5.79421563
4.94345131	5.170026	5.75706113
4.85680175	5.079405	5.65615075
4.93180025	5.15784094	5.74349263
4.77128394	4.98996769	5.55655812
4.83753537	5.05925569	5.63371313
4.86764244	5.09074244	5.66877544
4.9332545	5.15936188	5.74518637
5.45115769	5.70100219	6.34832756
6.57092156	6.87208856	7.652386
7.9838635	8.34979056	9.29787538
9.11381838	9.53153569	10.6138019
11.1207267	11.6304254	12.9510136
12.4691454	13.0406465	14.5213581
12.6171023	13.1953847	14.6936675
10.6637034	11.1524566	12.4187714
8.79991369	9.20324238	10.2482336
7.12570469	7.45229931	8.29847744
5.95301206	6.22585844	6.93277919
5.53480581	5.78848438	6.44574281
3.71298044	3.88315875	4.32407531
3.58290212	3.74711844	4.17258831
3.45926456	3.61781387	4.02860187
3.59770325	3.76259806	4.1898255
3.62534587	3.79150731	4.2220175
3.542021	3.70436356	4.12497894
3.58683006	3.75122644	4.17716288
3.67688869	3.84541256	4.28204344
3.774865	3.94787969	4.39614519
4.20128062	4.39383919	4.89274156
4.45509469	4.65928663	5.18832931
5.59702569	5.85355575	6.51820294
6.62770856	6.93147825	7.71851944
6.835746	7.14905063	7.960796
6.107964	6.38791206	7.11323331
5.28654113	5.52884081	6.15661812
4.66730056	4.88121825	5.43546075
4.05831262	4.2443185	4.72624331
2.98451087	3.12130081	3.47571162
2.74025831	2.8658535	3.19125938
2.79292219	2.92093094	3.25259088
2.86005425	2.99113988	3.33077169
2.79543194	2.92355569	3.25551369
2.89733544	3.03012981	3.37418875
3.20100262	3.34771494	3.72783456
3.51703781	3.67823537	4.09588387
4.10589213	4.29407894	4.781654
4.05224906	4.237977	4.71918194
3.80748469	3.98199419	4.43413344
3.15562412	3.30025675	3.67498737
2.51983156	2.63532375	2.93455388
2.37802281	2.48701531	2.76940581
2.4057565	2.51602019	2.80170419
2.60111956	2.72033756	3.02922075
2.74282125	2.86853388	3.19424394
2.78592344	2.91361162	3.24444031
2.40231081	2.51241675	2.79769137
