#?RADIANCE
genskyvec -m 1
NROWS=146
NCOLS=1
NCOMP=3
FORMAT=ascii

0.828931987	0.866924706	0.965360425
8.88257981	9.28969756	10.3445046
9.08269762	9.49898719	10.57756
9.60244231	10.0425546	11.1828447
10.875374	11.3738264	12.6652779
13.7328787	14.3623012	15.9930819
18.0653306	18.893325	21.0385831
24.4402325	25.5604094	28.4626913
38.3785331	40.1375481	44.6950025
244.683348102439	247.403602502439	254.451543702439
240.177145984332	242.727191584332	249.334131684332
40.35243	42.2019163	46.9937706
24.6178856	25.7462037	28.6695813
17.2490425	18.0396244	20.0879494
13.4908588	14.1091888	15.7112288
10.882812	11.3816068	12.6739436
9.92621694	10.3811678	11.5599078
8.68195281	9.07987419	10.1108581
8.8263895	9.23093237	10.2790677
8.74227769	9.14296513	10.1811109
8.70283594	9.10171569	10.1351777
9.27676862	9.70195337	10.8035699
9.01819944	9.43153375	10.5024452
9.28159588	9.70700206	10.8091926
9.48609875	9.92087656	11.0473521
8.98907525	9.40107388	10.4685274
9.22814413	9.65109994	10.7469439
8.80325475	9.20673625	10.2521241
9.00334919	9.41600244	10.4851501
8.59864831	8.99275287	10.0138433
8.72337944	9.12320056	10.1591037
8.12981687	8.50243325	9.46785
8.08810269	8.45880731	9.41927013
9.13429344	9.55294875	10.6376464
10.2552648	10.7252979	11.9431106
12.7889224	13.3750813	14.8937675
15.9566544	16.6880006	18.5828544
21.9426463	22.9483519	25.5540425
32.3312006	33.8130444	37.6523781
157.958381235679	160.11626313568	165.70714253568
38.5351625	40.301355	44.8774081
30.6421144	32.0465431	35.6852963
21.7617494	22.7591631	25.3433706
16.6082787	17.3694919	19.3417263
12.5509494	13.1262	14.6166269
10.3499379	10.8243091	12.0533662
8.94185587	9.35169031	10.4135367
8.77699319	9.17927194	10.221541
7.87431281	8.2352185	9.17029419
7.80140394	8.158968	9.08538538
7.65056213	8.00121263	8.90971725
7.83903644	8.19832519	9.1292115
8.13862619	8.51164669	9.47810888
7.91115794	8.2737525	9.21320356
8.42058687	8.80653025	9.80647513
8.55700594	8.94920169	9.96534738
8.56753269	8.96021112	9.97760581
8.13432913	8.50715213	9.47310506
8.0853225	8.45589969	9.41603331
7.8501285	8.20992575	9.14212938
7.95516294	8.31977419	9.2644505
5.96040075	6.23358537	6.94138331
6.00329444	6.27844537	6.991337
6.689485	6.99608625	7.79046312
8.63031963	9.02587575	10.0507271
11.2449904	11.7603849	13.0957281
15.6944862	16.4138162	18.2775387
20.7455969	21.6964363	24.1599788
23.1458581	24.2067075	26.9552813
17.6392281	18.4476925	20.5423519
13.3844038	13.9978537	15.5872531
10.1530611	10.6184104	11.8240866
7.96181638	8.32673281	9.27219963
6.72373606	7.03190719	7.83035131
6.00215169	6.27725025	6.99000619
5.86114144	6.129777	6.82578787
5.87195512	6.14108619	6.83838138
5.77347212	6.0380895	6.72368994
6.17206013	6.45494613	7.18787869
6.03638819	6.31305569	7.02987744
5.77931725	6.0442025	6.73049694
5.99296037	6.26763756	6.97930213
5.96794406	6.24147481	6.9501685
5.62940475	5.887419	6.55591125
5.81562369	6.08217281	6.77277869
4.48912113	4.69487225	5.227956
4.78193175	5.00110344	5.56895819
5.21151225	5.45037319	6.06924063
5.98860131	6.26307875	6.97422569
7.69075862	8.04325131	8.95653
8.98265319	9.394358	10.4610481
10.6428059	11.1306001	12.3944344
11.5375934	12.0663982	13.436491
9.86216056	10.3141759	11.4853091
8.40357331	8.78873675	9.78666181
6.74512306	7.05427437	7.85525825
5.48964888	5.74125769	6.393154
5.06330181	5.29536969	5.89663719
4.715763	4.93190206	5.49189925
4.5379215	4.74590937	5.284788
4.35976406	4.55958644	5.07730881
4.35691413	4.55660581	5.07398987
4.41565987	4.61804406	5.14240425
4.54267081	4.75087663	5.29031913
4.52035462	4.72753744	5.26432988
4.53183606	4.73954525	5.27770094
4.52968588	4.73729613	5.27519675
4.41559175	4.61797306	5.14232487
4.52914794	4.73673388	5.27457075
3.65567725	3.82322919	4.25734119
3.9554545	4.13674587	4.60645637
4.34603863	4.54523181	5.06132438
5.26975931	5.51128962	6.13707394
6.15569894	6.437835	7.16882469
6.50820937	6.80650206	7.5793525
6.32375963	6.61359844	7.36454544
5.36811575	5.61415438	6.2516185
4.63070894	4.84294975	5.39284675
4.08253213	4.26964788	4.754449
3.66107881	3.82887819	4.26363156
3.61691775	3.78269312	4.21220238
3.59026875	3.75482256	4.18116731
3.54297394	3.70536006	4.12608856
3.47863506	3.63807231	4.05116056
3.496877	3.65715038	4.07240506
3.56094931	3.72415944	4.1470225
3.57111175	3.7347875	4.15885738
3.23027506	3.37832919	3.76192444
3.40920969	3.56546481	3.97030888
4.00878581	4.19252162	4.66856538
4.55321387	4.76190262	5.30259725
4.28261019	4.47889637	4.98745669
3.76662825	3.93926531	4.38655275
3.40951319	3.56578231	3.97066219
3.15708806	3.30178763	3.67669219
3.06463394	3.20509631	3.56902169
3.01327062	3.15137888	3.50920512
3.06960731	3.2102975	3.57481362
3.03625488	3.17541644	3.535972
2.93460456	3.06910738	3.41759188
3.13434769	3.27800525	3.6502095
3.22023013	3.367824	3.75022644
3.07402625	3.21491913	3.57995981
2.81812213	2.94728575	3.28193819
2.81199431	2.94087725	3.27480181
2.89038687	3.02286287	3.36609644
