#?RADIANCE
genskyvec -m 1
NROWS=146
NCOLS=1
NCOMP=3
FORMAT=ascii

3.4334015	3.59076569	3.99848238
21.0360544	22.0002075	24.49824
20.2684331	21.1974025	23.6042806
19.961105	20.8759894	23.2463713
20.0826787	21.0031356	23.3879569
20.7390413	21.6895781	24.1523425
20.4391388	21.3759319	23.8030819
20.5871519	21.5307287	23.9754544
20.4209975	21.3569588	23.7819531
21.2970669	22.2731825	24.8022106
20.0748387	20.9949356	23.3788244
21.0760706	22.0420563	24.5448412
20.3784431	21.3124556	23.7323987
20.4789	21.4175162	23.8493869
20.981105	21.9427381	24.4342462
21.7007913	22.6954094	25.27238
24.92895	26.0715269	29.03184
26.5868031	27.8053644	30.96255
35.714125	37.3510219	41.5920794
53.2655944	55.7069313	62.032225
72.8618831	76.2013831	84.853735
118.425611	123.85345	137.9165
120.683607	126.214926	140.54612
105.606781	110.447088	122.987899
69.1500256	72.3194	80.5309713
43.0803819	45.0548969	50.1706988
32.7599025	34.2613956	38.1516387
26.1711781	27.3706912	30.4785213
23.9665769	25.0650444	27.9110781
21.7041556	22.6989281	25.2762981
21.2003981	22.1720844	24.6896319
18.9774562	19.8472569	22.1008306
17.888035	18.7079031	20.8321075
18.6698019	19.5255	21.7425406
18.4364219	19.2814225	21.47075
18.3878181	19.2305938	21.4141488
17.8921825	18.7122394	20.8369394
18.6936312	19.5504219	21.7702931
19.047455	19.9204631	22.1823494
18.7687781	19.6290144	21.8578075
17.3853887	18.1822181	20.246735
17.8830987	18.70274	20.82636
18.0011906	18.8262456	20.9638862
19.0403194	19.9129988	22.17404
19.366565	20.2541963	22.5539806
20.2288944	21.1560519	23.5582363
22.7169644	23.7581594	26.4557994
27.6806069	28.9493019	32.2363762
34.5614012	36.1454663	40.2496363
51.1363387	53.4800862	59.5525319
76.7835975	80.3028431	89.4208975
464.688655483892	470.414654483891	485.250253483891
1194.9209533007	1202.7479783007	1223.0270843007
108.931204	113.92388	126.859465
68.0164294	71.1338469	79.2108031
45.3596206	47.4386012	52.82506
33.8863969	35.4395213	39.4635337
25.6019463	26.7753694	29.8156031
22.1425762	23.157445	25.786875
19.9786056	20.8942912	23.2667506
19.3420344	20.2285431	22.5254125
13.8751556	14.5111012	16.1587775
13.1832663	13.7874994	15.3530125
13.0672731	13.6661894	15.2179294
13.782455	14.4141512	16.0508175
13.7323881	14.3617887	15.9925106
13.8052638	14.4380044	16.0773806
13.7798081	14.4113812	16.0477337
13.8946381	14.531475	16.1814644
13.2990956	13.9086394	15.4879062
13.8818388	14.5180887	16.1665575
14.1813344	14.8313125	16.5153481
15.6118625	16.3274062	18.1813175
17.7434937	18.5567375	20.6637775
21.7458594	22.7425437	25.3248662
32.0900837	33.5608763	37.3715769
51.5762656	53.9401775	60.0648656
82.5260237	86.3084688	96.1084344
357.733852534494	362.472880534494	374.751258534494
57.2711381	59.8960625	66.6970156
34.444895	36.0236188	40.1139531
24.450935	25.5716006	28.4751525
19.0658894	19.9397431	22.2038194
15.3946469	16.1002331	17.92835
14.5953681	15.2643225	16.9975231
10.6974938	11.1877956	12.4581237
10.5440687	11.0273363	12.2794456
10.1874524	10.6543797	11.8641388
10.3053452	10.7776732	12.0014319
10.5146825	10.9966047	12.2452237
10.4325606	10.9107211	12.1495875
10.3298674	10.8033191	12.0299925
10.5329558	11.0157162	12.2665056
10.4593494	10.938735	12.1807856
10.7602189	11.2533963	12.5311731
11.1138425	11.623225	12.942995
11.7015325	12.2378537	13.6274106
13.1965219	13.8013619	15.3684506
16.9461931	17.7228937	19.735255
22.7483	23.7909287	26.4922925
28.8954887	30.2198625	33.6512063
38.6312488	40.4018475	44.9893119
41.4024987	43.3001125	48.2166619
34.591085	36.1765081	40.2842019
24.8289888	25.9669838	28.9154281
18.5577	19.4082606	21.6119906
14.5412225	15.2076962	16.9344656
12.4134056	12.9823531	14.4564463
11.6744394	12.2095175	13.5958562
8.96995488	9.38107763	10.4462607
8.65987756	9.05678838	10.0851492
8.40252012	8.78763544	9.78543519
8.540141	8.93156362	9.94570694
8.56918544	8.96193969	9.97953138
8.52318269	8.91382813	9.92595669
8.71137769	9.11064869	10.1451254
9.13880844	9.55767044	10.6429044
9.65672831	10.0993269	11.246065
11.1667338	11.6785419	13.0045919
12.7211081	13.3041575	14.8147912
17.2107825	17.9996094	20.0433925
21.5506606	22.5384006	25.0975425
20.8971531	21.8549394	24.3364775
16.8332756	17.6047994	19.6037531
13.1521525	13.7549581	15.3167775
11.0299984	11.5355406	12.8453531
9.659448	10.1021729	11.2492331
7.97345931	8.33890944	9.28575838
7.48994975	7.83323881	8.72267112
7.48048094	7.82333606	8.71164406
7.59436338	7.94243794	8.84426931
7.65798575	8.00897669	8.91836313
8.202376	8.57831775	9.55235081
9.340471	9.76857569	10.8777579
10.775107	11.2689661	12.5485106
13.0079331	13.60413	15.1488238
12.2430025	12.8041381	14.2579969
10.4378138	10.9162139	12.1557056
8.61412013	9.00893387	10.0318615
7.514892	7.85932431	8.75171831
7.14506319	7.47254519	8.321022
7.30801319	7.64296381	8.510791
8.03924544	8.40771056	9.3623715
8.68122425	9.07911344	10.1100083
8.50120231	8.89084044	9.90035919
7.51986544	7.86452569	8.7575105
