#?RADIANCE
genskyvec -m 1
NROWS=146
NCOLS=1
NCOMP=3
FORMAT=ascii

0.6827336	0.714025563	0.795100181
8.00968775	8.37679831	9.32794944
8.20879919	8.58503538	9.55983156
8.69876338	9.09745656	10.1304356
9.88313725	10.3361133	11.5097362
12.5208158	13.0946862	14.5815325
16.5185469	17.2756481	19.2372269
22.3925406	23.4188644	26.0779819
35.0754125	36.6830325	40.8482406
204.932417927937	207.392267927937	213.765524127937
175.515799015481	177.771175215481	183.614654015481
35.2793394	36.8963087	41.0857338
21.7048681	22.6996744	25.27713
15.2836375	15.9841369	17.79907
12.0024269	12.5525382	13.9778281
9.72238775	10.1679961	11.3225316
8.89472237	9.30239725	10.3586459
7.79337194	8.15056775	9.07603175
7.93858225	8.30243356	9.24514088
7.87553294	8.23649456	9.17171463
7.84532556	8.20490269	9.13653587
8.37075675	8.75441625	9.74844375
8.13523519	8.50809987	9.47415988
8.37346475	8.75724813	9.75159662
8.55571444	8.94785088	9.96384156
8.09911619	8.47032562	9.43209619
8.31254975	8.69354163	9.68065744
7.923957	8.28713813	9.228109
8.10542394	8.47692231	9.4394415
7.73937819	8.09409944	9.01315131
7.858124	8.218288	9.15144087
7.32667756	7.66248331	8.53252725
7.29523644	7.62960144	8.49591131
8.25586419	8.63425794	9.61464225
9.28439463	9.70992819	10.8124504
11.5901422	12.1213555	13.4976869
14.4385337	15.1003	16.8148763
19.8397837	20.7491075	23.1050838
29.0230175	30.3532375	33.7997212
117.5496663119	119.4312919119	124.3064187119
32.9266237	34.4357594	38.3457975
26.3885513	27.5980256	30.7316694
18.9436369	19.8118869	22.0614469
14.5991881	15.2683181	17.0019731
11.1114966	11.6207735	12.940265
9.20739212	9.62939781	10.7227756
7.99062969	8.35686663	9.30575406
7.86937894	8.2300585	9.16454844
7.07331444	7.39750769	8.2374645
7.020586	7.3423625	8.17605775
6.8911015	7.20694344	8.02526225
7.06657788	7.39046238	8.22961912
7.34018669	7.67661175	8.54825981
7.13331006	7.460253	8.30733444
7.59274131	7.94074169	8.84238031
7.71296388	8.06647463	8.98238962
7.71925494	8.07305375	8.98971587
7.32400494	7.65968812	8.52941437
7.27785625	7.61142444	8.47567044
7.06533175	7.38915931	8.228168
7.16279975	7.49109462	8.34167794
5.35682381	5.60234444	6.238468
5.39555475	5.64285081	6.28357356
6.01517	6.29086512	7.00516719
7.76558037	8.12150275	9.04366631
10.0843787	10.5465783	11.7441003
13.952185	14.59166	16.2484837
18.1485937	18.9804044	21.1355513
19.9050894	20.8174062	23.1811369
15.1935231	15.8898931	17.6941256
11.6421145	12.1757119	13.5582137
8.90983225	9.31819969	10.3762432
7.05149775	7.37469125	8.212057
5.98906431	6.263563	6.974765
5.36575963	5.61169031	6.24887469
5.25631806	5.49723238	6.12142075
5.276343	5.51817531	6.14474156
5.19311444	5.431132	6.04781487
5.55640994	5.81107844	6.47090262
5.43281188	5.68181562	6.32696262
5.19805037	5.43629406	6.053563
5.38894612	5.63593925	6.27587706
5.36399213	5.60984175	6.24681625
5.05607631	5.28781325	5.88822269
5.22426362	5.46370869	6.08409063
4.02063919	4.20491831	4.68236963
4.28266506	4.47895362	4.98752056
4.662114	4.87579425	5.42942069
5.35046881	5.59569856	6.23106725
6.84074444	7.15427831	7.96661731
7.94218075	8.30619713	9.24933138
9.29846687	9.72464687	10.82884
10.0047255	10.4632753	11.651337
8.55143775	8.94337856	9.95886194
7.32258094	7.65819894	8.527756
5.919439	6.19074644	6.89368019
4.84839638	5.07061469	5.646362
4.49195831	4.69783944	5.23125988
4.20371994	4.39639037	4.89558231
4.057229	4.24318525	4.72498137
3.90353737	4.08244931	4.54599463
3.90640819	4.08545175	4.54933794
3.96219075	4.14379094	4.61430144
4.07806013	4.26497112	4.74924106
4.05705919	4.24300769	4.72478369
4.06603	4.25238963	4.735231
4.06222787	4.24841337	4.73080306
3.95742337	4.13880506	4.60874931
4.05911681	4.24515944	4.72718006
3.26339069	3.41296287	3.80049069
3.52717356	3.68883544	4.10768756
3.86519875	4.04235356	4.50134644
4.66742406	4.88134787	5.43560475
5.41721344	5.66550237	6.30879687
5.68505438	5.94561925	6.62072006
5.51599225	5.76880819	6.42383275
4.70392962	4.91952644	5.47811856
4.0781615	4.26507706	4.74935925
3.616325	3.78207306	4.211512
3.25373519	3.40286475	3.789246
3.22584688	3.37369819	3.75676775
3.20889112	3.35596506	3.73702125
3.16931888	3.314579	3.69093581
3.11131619	3.253918	3.62338706
3.12713763	3.27046475	3.64181262
3.18363219	3.32954844	3.70760512
3.19050413	3.3367355	3.71560806
2.874295	3.00603331	3.34735619
3.02456469	3.16319044	3.522358
3.5414685	3.70378575	4.12433538
4.00019231	4.1835345	4.65855781
3.75806256	3.93030706	4.37657738
3.3163545	3.46835388	3.86217119
3.01590531	3.15413438	3.51227331
2.80260156	2.93105413	3.26386319
2.729114	2.85419812	3.17828088
2.68580981	2.80890925	3.12784956
2.73753906	2.86300956	3.18809263
2.70394669	2.82787756	3.1489715
2.60262075	2.72190738	3.03096888
2.77060894	2.89759525	3.22660506
2.84062944	2.97082487	3.30814994
2.71681262	2.84133294	3.16395481
2.49969994	2.6142695	2.91110888
2.49774375	2.61222338	2.90883069
2.55797281	2.67521313	2.97897281
