#?RADIANCE
genskyvec -m 1
NROWS=146
NCOLS=1
NCOMP=3
FORMAT=ascii

6.24243544	6.52854656	7.26983637
18.3967787	19.2399625	21.4245831
18.5104112	19.358805	21.5569175
18.9917913	19.8622487	22.1175256
20.2275938	21.1546912	23.5567206
23.0353831	24.09117	26.8266237
27.7051563	28.9749737	32.2649637
34.9504281	36.55232	40.7026881
51.2351169	53.5833906	59.6675656
75.4826975	78.9423206	87.9058969
86.4900519	90.45418	100.724872
99.2726275	103.822612	115.611248
68.3958544	71.5306638	79.652675
47.4360737	49.610225	55.2432631
35.0236706	36.6289206	40.7879837
26.659025	27.8808956	31.0466588
22.8902913	23.9394312	26.6576537
20.0859375	21.0065437	23.39175
19.2852988	20.1692062	22.4593388
18.490015	19.3374744	21.5331644
18.4628719	19.3090863	21.5015537
18.6945469	19.5513788	21.7713594
18.3021431	19.1409919	21.3143725
18.2446894	19.080905	21.2474631
18.6901537	19.5467869	21.7662444
18.1494106	18.9812575	21.1365019
18.6675925	19.5231894	21.7399675
18.2719313	19.1093931	21.2791869
18.4605825	19.3066931	21.4988887
18.0004175	18.8254369	20.9629887
18.1279606	18.9588244	21.1115206
15.3616656	16.0657413	17.8899406
14.9599481	15.6456106	17.422105
16.4225806	17.1752813	19.1254644
17.511115	18.3137081	20.3931544
20.662085	21.6090975	24.0627219
25.1443256	26.2967737	29.2826638
33.7016906	35.2463512	39.24843
50.4963713	52.8107888	58.8072362
83.0694475	86.876795	96.7412975
1377.16709370215	1383.14405670215	1398.62978170215
1349.38032812917	1355.29877112917	1370.63298412917
81.04286	84.7573219	94.3811656
52.139925	54.5296706	60.72129
34.2435331	35.8130294	39.8794531
25.3698388	26.532625	29.5452937
19.9151413	20.8279181	23.1928431
18.5159119	19.3645569	21.5633237
15.9758994	16.7081269	18.6052656
15.2975831	15.9987213	17.8153119
14.6182275	15.2882281	17.0241463
14.6746363	15.347225	17.0898375
14.9357344	15.6202888	17.3939088
14.3260725	14.9826825	16.6839056
15.2104575	15.9076013	17.713845
15.4355556	16.1430194	17.9759931
15.5828681	16.2970806	18.1475488
14.9755938	15.6619737	17.4403269
15.1282119	15.8215862	17.6180631
14.8361169	15.516105	17.2778969
15.086115	15.77756	17.56904
11.6176387	12.1501125	13.52971
11.6649206	12.1995625	13.5847731
12.6673087	13.2478931	14.7521381
15.5928769	16.3075494	18.1592062
20.5665362	21.5091675	23.951445
31.5321525	32.9773769	36.7218225
53.3241319	55.7681506	62.1003969
97.657345	102.133306	113.730127
1239.74703100063	1244.21897960063	1255.80541960063
57.8707719	60.5231812	67.3953425
35.0433244	36.6494769	40.8108719
21.77514	22.7731656	25.3589656
16.0610913	16.7972238	18.7044769
13.3131494	13.9233344	15.5042725
12.2071338	12.7666256	14.2162231
11.7480969	12.2865494	13.6816381
11.2615288	11.7776831	13.1149888
11.6668519	12.201585	13.5870238
11.3573656	11.8779106	13.2265994
10.9875356	11.4911319	12.7959013
11.3490406	11.8692044	13.216905
11.4036544	11.9263219	13.2805062
11.0269163	11.5323156	12.8417619
11.3960356	11.9183544	13.271635
9.604689	10.0449037	11.1854606
10.1349681	10.5994881	11.8030163
11.0884425	11.596665	12.9134181
12.7460144	13.3302062	14.8437963
17.2537275	18.0445219	20.0934037
22.3000956	23.3221831	25.9703213
34.7568137	36.3498319	40.4772075
48.5730231	50.799285	56.567335
47.4449919	49.6195525	55.2536481
36.5213831	38.19528	42.5321969
24.3720556	25.4891075	28.38329
16.7729938	17.5417556	19.53355
13.7638125	14.3946537	16.0291087
11.4407669	11.9651356	13.3237287
10.3504611	10.8248555	12.0539737
9.6987615	10.143288	11.2950156
9.39625575	9.82691669	10.9427231
9.30524812	9.7317375	10.8367375
9.3689915	9.79840256	10.9109713
9.3146865	9.74160925	10.8477294
9.35054006	9.77910669	10.8894831
9.41054531	9.84186112	10.9593656
9.33188488	9.75959612	10.8677581
9.54698256	9.98455219	11.1182581
8.63234844	9.02799719	10.0530899
9.38462319	9.814751	10.9291769
10.7090675	11.1998994	12.4716012
13.8372994	14.4715088	16.1146894
18.5998362	19.4523288	21.6610612
24.8358494	25.9741581	28.9234181
26.4043175	27.6145144	30.7500294
20.565005	21.5075675	23.9496625
15.5917325	16.3063544	18.1578744
11.8335494	12.3759206	13.781155
9.87116469	10.3235941	11.4957938
9.00057531	9.41310163	10.4819201
8.52909281	8.92000944	9.93284019
8.24739937	8.62540494	9.60478462
8.10583756	8.47735475	9.43992363
8.11528969	8.48724	9.4509315
8.23879369	8.61640475	9.59476238
8.35222863	8.73503875	9.72686637
8.35403131	8.73692419	9.72896625
9.29995037	9.726198	10.8305669
11.8077619	12.3489506	13.7511225
15.492565	16.2026406	18.0423838
15.5581369	16.2712181	18.1187475
12.8858644	13.4764669	15.0066631
10.4244818	10.9022706	12.1401788
8.9056065	9.31378012	10.3713212
8.06964969	8.43950812	9.39777988
7.76633388	8.12229056	9.04454331
7.73222444	8.08661781	9.00482025
7.84811038	8.20781512	9.13977906
8.34948194	8.73216619	9.72366806
9.55285094	9.99068894	11.1250931
10.4335455	10.9117487	12.1507344
9.63844831	10.0802097	11.2247769
8.16012175	8.53412719	9.50314237
7.84966369	8.20943956	9.14158769
8.73380519	9.13410406	10.1712438
