#?RADIANCE
genskyvec -m 1
NROWS=146
NCOLS=1
NCOMP=3
FORMAT=ascii

23.58708	24.6681563	27.4691219
37.4513506	39.1678681	43.6152212
37.641785	39.3670331	43.8369975
37.7781431	39.50964	43.9957981
37.8217719	39.5552669	44.0466075
37.0838413	38.7835175	43.1872281
36.49904	38.17191	42.5061744
36.6722381	38.3530469	42.7078781
36.0619988	37.7148381	41.9972025
36.6056213	38.2833762	42.6302988
38.8917487	40.6742856	45.2926838
40.4837606	42.339265	47.146715
43.4078181	45.3973419	50.5520225
47.0898844	49.2481706	54.8400969
51.50158	53.8620694	59.9778837
56.2363263	58.8138219	65.49189
63.3783125	66.28315	73.8093319
61.6175362	64.4416719	71.7587594
64.9656587	67.9432494	75.6579263
60.4147325	63.1837406	70.3579931
54.8187175	57.3312394	63.8409669
50.6366394	52.957485	58.9705894
45.2054013	47.2773162	52.6454606
41.8291744	43.7463425	48.7135594
39.9784594	41.8108031	46.5582506
37.7996162	39.5320956	44.0208037
37.7138531	39.4424025	43.9209263
37.245645	38.9527369	43.3756619
36.9669187	38.6612338	43.0510563
36.7422069	38.4262231	42.7893631
36.8960037	38.5870688	42.9684719
28.6292819	29.9414569	33.3411862
27.0750187	28.315955	31.5311156
28.7806063	30.0997181	33.5174163
28.1655563	29.4564769	32.8011387
28.0415231	29.3267613	32.6566938
27.1807362	28.4265175	31.6542325
28.6979206	30.0132413	33.4211219
29.7001244	31.0613806	34.5882725
30.26914	31.6564731	35.2509381
29.8534875	31.2217706	34.7668744
33.2134025	34.7356819	38.6797775
37.1384119	38.8405869	43.2507781
43.5049319	45.4989069	50.6651219
51.2824912	53.6329375	59.7227375
59.44559	62.1701787	69.2293469
69.2931106	72.4690431	80.6976094
72.7093888	76.0419	84.6761469
73.4758869	76.8435306	85.5687981
65.1650037	68.15173	75.89008
56.1134463	58.6853087	65.3487881
47.6062531	49.788205	55.4414519
40.71185	42.5778094	47.4123437
34.7311044	36.3229481	40.44727
32.7908519	34.293765	38.1876825
31.0547125	32.4780519	36.1658006
30.19292	31.5767606	35.1621725
28.3971256	29.69866	33.0708219
28.4454144	29.7491638	33.1270581
27.8092981	29.0838906	32.3862481
28.2492313	29.5439875	32.8985875
21.0282156	21.9920081	24.4891113
20.4095462	21.3449812	23.7686175
20.4395144	21.3763231	23.8035181
21.4524169	22.4356519	24.9831288
21.6592631	22.6519775	25.2240175
22.3577838	23.3825144	26.0375037
23.545345	24.6245056	27.4205181
25.8840438	27.0703944	30.1441263
28.6240337	29.9359669	33.3350737
35.6243231	37.2571037	41.4874956
45.1647606	47.2348106	52.5981294
63.0145012	65.9026625	73.38564
82.5317394	86.3144406	96.1150831
93.0602113	97.3254694	108.376374
81.2188519	84.9413819	94.5861231
62.2198356	65.0715737	72.4601881
44.4970962	46.5365456	51.8205794
35.9673225	37.6158219	41.8869444
28.79683	30.1166837	33.5363106
25.0872912	26.2371225	29.2162425
23.343175	24.4130681	27.1850719
22.2808406	23.3020456	25.9478981
21.0113125	21.9743313	24.4694256
21.2264175	22.1992944	24.7199337
17.7832438	18.5983087	20.7100712
17.7936988	18.6092431	20.7222475
17.6942644	18.5052506	20.6064456
18.0144675	18.8401294	20.9793506
18.8131875	19.6754581	21.9095237
19.435735	20.3265388	22.6345344
21.2256425	22.1984838	24.7190319
24.2108544	25.3205181	28.1955588
29.3265694	30.6707031	34.1532344
36.8889469	38.5796875	42.9602556
51.7530394	54.1250544	60.2707319
79.2520163	82.8843975	92.2955825
107.352524	112.272859	125.020957
2090.67364015079	2096.71574615078	2112.37040215079
106.006651	110.865287	123.453594
76.39195	79.8932462	88.9647938
51.3684025	53.7227869	59.8227881
37.3446631	39.0562919	43.4909744
28.5168731	29.8238944	33.2102762
23.8189569	24.9106562	27.73916
21.2514906	22.2255162	24.7491325
19.6557838	20.5566737	22.8908
18.6649006	19.520375	21.7368331
18.3279419	19.1679731	21.3444188
17.0943194	17.8778069	19.9077594
16.9437844	17.720375	19.7324512
17.2526119	18.043355	20.0921044
18.1044519	18.9342375	21.0841444
19.693415	20.5960287	22.9346244
24.0288006	25.1301194	27.9835419
30.1932594	31.5771169	35.1625681
46.6033519	48.7393362	54.27349
70.1961081	73.4134294	81.74922
2174.92091704112	2180.77545704112	2195.94403304112
4645.48144849765	4652.30056049765	4669.96831749765
96.8976906	101.338834	112.845445
56.79716	59.4003631	66.1450288
35.09429	36.7027781	40.8702288
26.4700856	27.6832956	30.82662
21.3990869	22.3798787	24.9210206
18.8163575	19.678775	21.9132194
17.6516006	18.4606312	20.5567612
18.0080025	18.8333675	20.9718194
18.5233606	19.3723475	21.5719981
19.81956	20.7279569	23.08153
23.4948	24.571645	27.361655
31.9331456	33.3967463	37.1888119
53.3381194	55.7827825	62.1166869
85.4352175	89.3509988	99.4964406
84.1647888	88.0223431	98.0169231
52.413225	54.8154963	61.0395706
32.5431225	34.0346812	37.89918
22.3983312	23.4249219	26.0847262
19.7150969	20.6187044	22.9598737
22.3611531	23.3860381	26.0414269
24.3216444	25.4363863	28.3245831
32.3904488	33.8750087	37.7213769
46.6694569	48.8084719	54.3504744
37.1614913	38.8647256	43.2776556
27.0024031	28.2400131	31.4465519
29.9342206	31.3062044	34.8608956
