#?RADIANCE
genskyvec -m 1
NROWS=146
NCOLS=1
NCOMP=3
FORMAT=ascii

18.6753656	19.5313188	21.74902
34.80562	36.4008775	40.5340475
35.4452475	37.0698194	41.2789469
35.9684975	37.6170519	41.888315
36.4755637	38.1473588	42.4788356
36.2166537	37.8765813	42.1773119
35.5672806	37.1974469	41.4210656
35.4614856	37.0868038	41.2978569
34.06079	35.62191	39.6666312
33.7775906	35.3257281	39.3368187
34.5454656	36.1287994	40.2310756
34.4257294	36.003575	40.0916319
35.4496662	37.0744406	41.2840913
37.0137869	38.7102512	43.1056413
39.4682756	41.2772387	45.9640975
44.0468619	46.0656756	51.2962431
52.84086	55.2627306	61.5375881
57.5070231	60.1427594	66.971725
71.6553169	74.9395187	83.4485937
82.4786106	86.2588763	96.0532181
79.72571	83.3798025	92.8472419
78.2170994	81.8020481	91.0903356
64.41139	67.3635781	75.0124369
56.339345	58.9215625	65.611865
48.2054663	50.4148825	56.1392869
40.6927069	42.5577881	47.3900494
37.9857531	39.726765	44.2375762
35.62822	37.26118	41.4920344
34.6477456	36.2357675	40.35019
33.8557213	35.4074406	39.4278112
34.0739462	35.6356688	39.6819513
27.03451	28.2735912	31.4839412
25.7357088	26.9152606	29.9713794
27.6278738	28.8941513	32.174965
27.2555919	28.5048044	31.7414087
27.181525	28.427345	31.6551512
26.0923269	27.2882231	30.38669
27.3421975	28.5953819	31.84227
27.6663463	28.934385	32.2197662
26.9940594	28.2312863	31.4368338
24.9832194	26.1282837	29.0950425
26.3797119	27.5887806	30.7213744
27.695615	28.9649962	32.2538519
31.1026862	32.528225	36.2216738
34.8589231	36.4566244	40.5961244
40.1706531	42.0118081	46.7820756
50.8469238	53.1774069	59.2154838
63.7254256	66.6461744	74.2135725
82.7423325	86.5346881	96.36034
99.944995	104.525805	116.394288
103.60326	108.351756	120.654644
90.7431213	94.9021744	105.677934
70.858445	74.10612	82.5205675
53.9558406	56.4288175	62.8360769
43.6103475	45.6091544	50.7878869
36.7988031	38.4854156	42.8552756
32.9141344	34.4226963	38.3312538
28.9911744	30.3199363	33.7626425
27.7185769	28.98901	32.2805956
26.4893569	27.70345	30.8490631
26.6454337	27.8666825	31.0308306
19.7818706	20.68854	23.0376388
19.1316975	20.008565	22.2804563
19.1400769	20.01733	22.290215
20.1206369	21.0428319	23.4321581
20.0041988	20.9210581	23.2965581
20.0397556	20.958245	23.337965
20.1116706	21.0334569	23.4217188
20.664	21.6110981	24.0649513
20.8823319	21.8394381	24.3192181
23.5134125	24.5911094	27.3833306
26.95183	28.1871206	31.3876531
35.6136413	37.2459325	41.4750569
50.0095475	52.3016506	58.2402875
74.4996075	77.9141719	86.761
112.559929	117.718909	131.085425
132.737694	138.821506	154.584119
98.1672575	102.666588	114.323969
67.8299581	70.93883	78.9936431
43.9108887	45.9234706	51.1378912
32.8571719	34.363125	38.2649162
26.5863263	27.804865	30.9619956
23.2416531	24.3068944	27.0668431
20.6597213	21.6066244	24.0599681
20.2176475	21.1442919	23.5451387
16.5555788	17.3143756	19.2803512
16.3525762	17.1020694	19.04394
16.0086644	16.742395	18.643425
16.1269619	16.8661138	18.7811925
16.4075987	17.159615	19.1080187
16.4251844	17.178005	19.1284969
16.715885	17.4820281	19.4670419
17.6217694	18.429435	20.5220206
18.9732769	19.8428844	22.0959625
21.3322175	22.3099419	24.843145
25.9007112	27.087825	30.1635375
34.3293431	35.90277	39.9793837
46.0410206	48.1512319	53.6186062
77.7935075	81.3590412	90.5970262
1406.1129261331	1412.0999571331	1427.6118321331
5614.66522897225	5622.59457297225	5643.13882897225
116.511871	121.851983	135.687775
71.1822512	74.44477	82.8976681
44.627205	46.6726175	51.9721019
31.5018456	32.9456781	36.6865263
24.7436088	25.87769	28.8159969
20.6638006	21.6108906	24.0647194
18.4889969	19.3364088	21.5319788
17.5279913	18.3313569	20.4128069
15.6646125	16.3825725	18.2427475
15.0215819	15.7100719	17.493885
14.7535788	15.4297838	17.1817725
14.903605	15.5866869	17.35649
15.2836487	15.98415	17.7990838
16.4092306	17.1613219	19.1099187
18.2128594	19.0476163	21.210395
22.9341769	23.9853262	26.7087606
29.5700637	30.9253588	34.436805
45.7009431	47.7955681	53.2225594
66.2080787	69.2426131	77.1048275
1205.99622172476	1210.84631372476	1223.41248172476
95.7305381	100.118188	111.486191
51.9706937	54.3526806	60.524205
33.7944081	35.3433188	39.3564075
23.9765856	25.0755119	27.9227356
19.1687413	20.0473081	22.3235975
16.8469362	17.619085	19.61966
15.8310112	16.5565981	18.4365338
15.2162656	15.9136762	17.7206088
15.1584019	15.8531619	17.6532219
16.1161931	16.8548506	18.7686525
18.7465419	19.6057569	21.83191
25.656625	26.8325525	29.8792781
37.7399663	39.469715	43.95134
50.1793719	52.4792575	58.43806
53.5061794	55.9585431	62.3124075
35.4125338	37.0356063	41.2408488
23.0191706	24.0742156	26.8077456
18.2934831	19.1319344	21.3042863
18.1864887	19.0200356	21.1796837
17.6736425	18.483685	20.5824312
20.4350362	21.3716412	23.798305
27.3711881	28.6256994	31.8760306
28.6300613	29.9422731	33.3420937
23.2756906	24.3424925	27.1064831
21.5495931	22.5372831	25.0962988
