#?RADIANCE
genskyvec -m 1
NROWS=146
NCOLS=1
NCOMP=3
FORMAT=ascii

18.1289144	18.9598231	21.1126331
34.8391537	36.4359475	40.5731
35.4623513	37.0877088	41.2988644
35.9821381	37.6313175	41.9042012
36.4620125	38.1331881	42.4630544
36.1213738	37.7769375	42.0663531
35.4508269	37.075655	41.2854456
35.3458544	36.9658712	41.163195
33.9294294	35.4845281	39.51365
33.652905	35.1953275	39.1916138
34.60973	36.1960075	40.3059144
34.4931231	36.0740556	40.1701175
35.6696988	37.3045594	41.5403388
37.3190838	39.0295388	43.4611831
39.8293862	41.6548987	46.3846431
44.5317431	46.5727788	51.8609288
53.3355163	55.7800581	62.1136575
57.9174775	60.5720269	67.4497331
71.4213912	74.6948706	83.1761675
80.92309	84.6320625	94.2416875
77.768625	81.3330156	90.5680481
75.5572037	79.0202419	87.9926644
62.4688275	65.3319831	72.7501619
54.6970812	57.2040288	63.6993125
47.2437675	49.4091056	55.0193081
40.2137519	42.0568794	46.8322656
37.76723	39.4982275	43.98309
35.5698956	37.2001806	41.4241087
34.6215263	36.208345	40.3196556
33.8716037	35.4240512	39.4463069
34.0934513	35.6560663	39.7046675
26.660895	27.8828512	31.048835
25.3039856	26.46375	29.4685994
27.2232469	28.4709781	31.7037413
26.8069825	28.0356338	31.218965
26.7145925	27.9390094	31.1113719
25.6023881	26.7758306	29.8161163
26.8917769	28.124315	31.317715
27.253395	28.5025075	31.7388525
26.618275	27.8382794	30.9992038
24.6063331	25.7341231	28.6561269
26.0856506	27.2812425	30.3789156
27.4723619	28.7315106	31.9938569
31.0022981	32.4232331	36.1047594
34.8494412	36.4467062	40.5850819
40.227365	42.0711162	46.8481194
50.9173575	53.2510681	59.2975081
63.6270119	66.5432475	74.09896
81.6000494	85.3400463	95.0300606
96.4786587	100.9006	112.357444
98.03906	102.532512	114.174669
85.1730288	89.0767912	99.1910931
66.7791794	69.8398913	77.7699225
51.1049844	53.4472931	59.5160156
41.8565756	43.775	48.7454731
35.6330644	37.2662456	41.497675
32.0903906	33.5611994	37.3719356
28.364415	29.6644475	33.0327262
27.2411231	28.4896744	31.7245587
26.0627806	27.2573225	30.3522794
26.2584225	27.4619325	30.5801225
19.2311212	20.1125487	22.3962463
18.5725362	19.4237769	21.6292669
18.5746062	19.4259413	21.6316763
19.5562506	20.4525794	22.7748863
19.4418163	20.3328994	22.6416181
19.49623	20.3898062	22.7049875
19.6018775	20.5002962	22.82802
20.2040469	21.130065	23.5292981
20.460555	21.39833	23.8280238
23.1753319	24.237535	26.9896075
26.6959169	27.9194769	31.0896188
35.5133756	37.1410706	41.3582856
50.036475	52.3298125	58.2716475
74.2942544	77.699405	86.5218531
109.783724	114.815474	127.852306
123.995425	129.678538	144.403012
90.2424938	94.3786006	105.0949
62.9916244	65.8787381	73.3589994
41.3008938	43.1938481	48.098335
31.1797669	32.6088381	36.3114375
25.5006219	26.6693975	29.6976006
22.4364188	23.4647525	26.1290788
19.99857	20.9151694	23.29
19.6416431	20.5418838	22.8743313
15.9367913	16.6672275	18.5597225
15.7544519	16.47653	18.3473737
15.4160838	16.1226544	17.9533144
15.5403637	16.2526313	18.0980513
15.8327825	16.5584525	18.438595
15.8624331	16.58946	18.4731256
16.1807162	16.9223337	18.8437925
17.1197906	17.9044462	19.9374244
18.5138506	19.3624025	21.5609238
20.9294844	21.8887525	24.3741294
25.5927656	26.7657675	29.8049112
34.1939363	35.7611575	39.8216888
46.1440806	48.2590175	53.7386306
78.3940706	81.9871319	91.2964288
1782.60619566283	1788.60795766283	1804.15799566283
4629.8987170343	4637.5030800343	4657.2053230343
107.154489	112.065721	124.790329
65.9007069	68.9211538	76.7468675
41.7204269	43.6326138	48.5869162
29.7199669	31.0821319	34.61138
23.5223306	24.6004375	27.3937181
19.7712756	20.6774581	23.0252987
17.7446362	18.5579331	20.6651075
16.8698856	17.6430888	19.6463887
14.9881975	15.6751556	17.4550063
14.3927825	15.0524506	16.7615944
14.1460194	14.7943775	16.4742187
14.3172625	14.97347	16.6736463
14.7153569	15.3898094	17.1372594
15.8723744	16.5998569	18.4847019
17.7123337	18.52415	20.62749
22.5201825	23.5523581	26.2266306
29.2792863	30.6212519	34.0981706
45.7757219	47.8737763	53.3096469
66.6370206	69.691215	77.6043656
1511.57603660054	1516.41853860054	1528.96497860054
91.0084525	95.1796825	105.986936
48.8854038	51.1259825	56.9311281
31.8772894	33.33833	37.1237619
22.7289175	23.7706606	26.46972
18.2567437	19.0935106	21.2615019
16.0943506	16.8320081	18.7432131
15.1180225	15.8109313	17.6061994
14.5572456	15.2244519	16.9531269
14.5449669	15.2116106	16.9388275
15.5352487	16.2472806	18.0920919
18.1894656	19.02315	21.1831494
25.1704406	26.3240838	29.3130769
37.3959287	39.1099088	43.5506769
49.6158888	51.8899506	57.7818419
51.7367975	54.1080669	60.2518144
33.7450544	35.2917012	39.29893
21.8750788	22.8776856	25.4753531
17.4341738	18.2332394	20.3035512
17.4022481	18.19985	20.2663694
16.9773956	17.7555256	19.7715925
19.7680125	20.6740444	23.0214975
26.6828438	27.905805	31.0743956
27.630995	28.8974156	32.1785975
22.2803719	23.3015563	25.9473506
20.7547969	21.7060575	24.1706912
