#?RADIANCE
genskyvec -m 1
NROWS=146
NCOLS=1
NCOMP=3
FORMAT=ascii

11.2474281	11.7629362	13.0985694
29.8081506	31.1743581	34.7140769
29.055395	30.3870994	33.8374306
29.269705	30.6112319	34.0870112
30.3257506	31.71568	35.3168638
32.6912756	34.1896231	38.0717138
36.9067937	38.5983544	42.9810381
43.2297213	45.2110838	50.3446162
55.2855912	57.8195125	64.3846819
72.845535	76.1842862	84.8346969
85.8035406	89.7362038	99.9253638
106.135164	110.999686	123.603253
94.6735144	99.0127156	110.2552
77.5356669	81.0893844	90.2967456
61.5748094	64.3969881	71.7090037
47.7116363	49.8984194	55.56418
39.9288062	41.7588775	46.5004256
34.3964519	35.9729538	40.057535
31.5079038	32.9520144	36.6935819
29.3789144	30.7254494	34.2141981
29.7709875	31.1354913	34.6707969
29.9269513	31.2986006	34.8524306
30.2655106	31.6526794	35.24671
30.3588856	31.7503331	35.3554544
32.235885	33.7133637	37.5413756
32.3257088	33.8073025	37.6459831
33.5632162	35.1015294	39.0871625
33.0378031	34.5520344	38.4752763
32.3044294	33.7850481	37.6212012
31.0166925	32.43829	36.1215263
30.0608938	31.4386831	35.0084175
21.9516675	22.9577831	25.5645475
20.4973981	21.4368606	23.8709287
22.4671413	23.4968844	26.1648594
23.240025	24.3051913	27.0649469
26.3032169	27.5087806	30.6322881
30.0417163	31.4186244	34.9860825
37.8862863	39.6227406	44.1217406
51.0444	53.3839337	59.4454613
73.201675	76.5567494	85.2494538
101.826507	106.493545	118.585462
127.814112	133.67225	148.850181
118.672506	124.111669	138.204044
88.1620237	92.202775	102.672026
60.9853175	63.7804775	71.0224894
44.7146269	46.7640456	52.0739125
33.3748856	34.9045669	38.8678375
29.7830219	31.1480762	34.6848125
24.1212419	25.2267988	28.0911981
22.2300331	23.2489075	25.8887256
20.716955	21.6664806	24.1266212
20.8309344	21.7856838	24.2593606
21.5563513	22.5443506	25.1041694
20.7055975	21.6546044	24.1133944
22.9658662	24.0184663	26.7456644
23.7490506	24.8375481	27.6577469
24.2689256	25.3812487	28.2631844
22.9304825	23.9814631	26.7044594
23.0643362	24.1214519	26.8603419
22.0274675	23.0370606	25.652825
22.0245619	23.0340213	25.6494388
14.9153856	15.5990075	17.37021
14.669995	15.3423694	17.0844344
15.7283831	16.4492663	18.3170125
19.0798587	19.9543494	22.220085
23.9427325	25.0401062	27.8833075
33.9711488	35.5281581	39.5622356
53.1593981	55.5958688	61.9085513
92.8575481	97.1135144	108.140361
2664.93542050585	2671.55862650585	2688.71878850585
1308.98335665124	1314.34095065124	1328.22201865124
68.175645	71.3003631	79.3962262
39.2305669	41.0286337	45.6872669
26.5373619	27.7536581	30.9049712
20.1795156	21.10441	23.5007294
17.183275	17.9708394	20.0113544
15.8253375	16.5506656	18.4299262
14.7603419	15.4368581	17.1896481
15.4996731	16.2100744	18.0506638
15.1410569	15.8350212	17.6330225
14.6048263	15.2742137	17.0085375
15.397745	16.1034737	17.9319569
15.4725262	16.1816837	18.0190456
14.5540525	15.2211131	16.9494075
14.9839069	15.6706706	17.45001
11.5663	12.0964225	13.4699219
12.2009038	12.7601125	14.2089694
13.29682	13.9062569	15.485255
15.2478481	15.9467106	17.7573912
20.3584787	21.2915738	23.7091444
25.99185	27.1831412	30.2696769
41.9153825	43.8365037	48.81396
67.4630281	70.5550825	78.5663213
1797.07195765804	1801.46947025804	1812.86305025804
79.1353338	82.7623644	92.1597013
48.5835238	50.8102669	56.5795638
30.0529856	31.4304156	34.9992075
22.7520931	23.7948962	26.49671
17.0065244	17.7859894	19.805515
14.20061	14.8514706	16.5377956
12.6151762	13.1933719	14.691425
11.7755481	12.3152619	13.7136094
11.4883256	12.0148719	13.3791125
11.5796394	12.1103756	13.4854575
11.5154425	12.0432319	13.4106906
11.6010513	12.1327662	13.5103912
11.6762913	12.2114525	13.5980131
11.4367106	11.9608938	13.3190031
11.67174	12.2066938	13.5927137
10.0724766	10.5341312	11.7302394
11.0750269	11.5826325	12.8977937
12.8514631	13.4404881	14.9665994
16.9631719	17.7406519	19.7550306
23.7544194	24.8431625	27.6640006
37.2190469	38.9249169	43.3446831
46.7078062	48.8485788	54.395135
39.0502744	40.8400775	45.4773006
27.650965	28.9183	32.2018556
18.7348431	19.5935219	21.8182844
14.0804244	14.7257781	16.3978294
11.8004394	12.3412931	13.7425962
10.5204594	11.0026462	12.2519531
9.80892037	10.2584961	11.423305
9.49968356	9.93508594	11.0631756
9.46256744	9.89626819	11.0199481
9.6131605	10.0537651	11.1953281
9.72492638	10.1706504	11.3254881
9.76093762	10.2083137	11.3674269
11.2376925	11.7527531	13.08723
15.0753325	15.7662856	17.5564831
21.9491856	22.95519	25.5616581
24.3098375	25.4240381	28.3108338
20.6093581	21.5539538	24.0013181
15.4619362	16.1706069	18.0067131
11.9933612	12.5430556	13.9672694
9.93525538	10.3906203	11.5704325
9.14177769	9.56077544	10.6463625
8.90203425	9.310044	10.3671612
9.05404406	9.46902081	10.54419
10.0753139	10.5370986	11.7335438
12.2638806	12.8259763	14.2823125
14.4406025	15.1024638	16.8172862
13.3713119	13.9841619	15.5720069
10.1844958	10.6512857	11.8606956
9.35825544	9.78717506	10.89847
11.1321775	11.6424038	12.9643494
