#?RADIANCE
genskyvec -m 1
NROWS=146
NCOLS=1
NCOMP=3
FORMAT=ascii

1.52361456	1.593447	1.77437637
12.69684	13.2787775	14.7865288
12.7921793	13.3784864	14.8975588
13.1670342	13.7705226	15.3341094
14.3373075	14.9944331	16.69699
17.3319525	18.1263331	20.1845038
22.2839363	23.305285	25.9515044
30.4098956	31.8036819	35.4148594
50.5383156	52.8546544	58.8560844
83.7949856	87.6355825	97.5862475
481.811636073681	485.726482273681	495.869506073681
66.5036106	69.5516913	77.4490019
37.0293944	38.726575	43.1238181
24.6093913	25.73732	28.6596869
18.8242425	19.6870213	21.9224
15.2087625	15.9058319	17.7118744
14.0836275	14.7291263	16.4015581
12.5090989	13.0824341	14.5678887
12.7471885	13.3314344	14.8451631
12.4985175	13.071365	14.5555644
12.2408763	12.8019163	14.2555225
12.714625	13.2973775	14.8072406
12.1172388	12.6726116	14.1115356
12.2576588	12.819467	14.2750656
12.3801687	12.9475931	14.4177387
11.7406807	12.2787951	13.6730006
12.1692458	12.7270019	14.1721025
11.8179823	12.3596384	13.7630256
12.3569754	12.9233369	14.3907281
12.0452398	12.5973132	14.0276864
12.4170181	12.9861306	14.4606531
11.51031	12.037865	13.4047144
11.2859465	11.8032194	13.1434269
12.4424256	13.0127012	14.4902412
13.46303	14.080085	15.6788219
16.2246119	16.9682387	18.8949125
20.2153031	21.141835	23.5424044
28.43314	29.7363269	33.112765
45.009675	47.0726181	52.4175212
368.321137072419	371.879408972419	381.098577072419
499.471679169272	502.858424169272	511.633169769271
54.2275813	56.7130125	63.1525413
34.6031244	36.1890987	40.2982231
24.40516	25.5237281	28.4218425
17.6854319	18.4960119	20.5961594
14.45614	15.1187125	16.83538
12.6051875	13.182925	14.6797931
12.5191069	13.0928981	14.5795425
11.2676146	11.7840462	13.1220756
11.0878128	11.5960033	12.9126819
10.7133159	11.2043413	12.4765475
10.7695767	11.2631819	12.54207
10.9442515	11.4458613	12.7454931
10.4628089	10.9423547	12.1848125
11.0213482	11.5264946	12.83528
11.1951821	11.7082943	13.0377238
11.2933778	11.8109906	13.1520812
10.9121503	11.4122907	12.7081106
11.0713504	11.5787876	12.8935113
10.9526328	11.4546279	12.7552544
11.2383782	11.7534701	13.0880287
8.3106585	8.69156363	9.67845519
8.24485012	8.62273881	9.60181519
8.91113131	9.31955844	10.3777556
11.1276783	11.6376958	12.9591106
14.51331	15.1785031	16.90196
21.5105238	22.4964231	25.0507994
31.924585	33.3877931	37.1788412
40.2675719	42.1131669	46.8949456
29.499985	30.8520669	34.355195
20.4975144	21.4369825	23.8710656
14.5851706	15.2536563	16.9856462
11.0964153	11.6050005	12.9227019
9.39929787	9.83009819	10.9462654
8.46144325	8.84925919	9.85405631
8.27873762	8.65817956	9.64128037
8.20451912	8.58055931	9.55484669
7.89249175	8.25423069	9.19146475
8.29104737	8.67105356	9.65561594
7.98970325	8.35589756	9.30467556
7.63889963	7.98901562	8.89613544
7.97295856	8.33838569	9.28517462
8.05707144	8.42635375	9.38313125
7.75406356	8.10945775	9.03025344
8.11736875	8.48941431	9.45335306
6.16365312	6.44615375	7.17808819
6.47858125	6.77551587	7.54484819
6.87514756	7.19025838	8.0066825
7.78114363	8.13777925	9.06179063
10.0288239	10.4884787	11.6794021
12.0713625	12.6246326	14.0581094
15.4290506	16.136215	17.9684169
17.6576756	18.4669844	20.5638344
14.901125	15.5840913	17.3536019
12.2174856	12.7774531	14.2282813
9.42961056	9.86180106	10.9815685
7.544335	7.89011688	8.78600706
6.97504231	7.2947315	8.12301838
6.55755162	6.85810581	7.63681569
6.32474463	6.61462856	7.36569262
6.03552888	6.31215713	7.02887669
5.95762019	6.23067763	6.93814537
5.96229438	6.23556587	6.94358887
6.06742056	6.34551044	7.06601719
6.02342931	6.29950281	7.01478594
6.06690513	6.3449715	7.06541706
6.13752194	6.41882487	7.14765631
6.04922281	6.32647875	7.0448245
6.25212244	6.53867813	7.28111806
4.94264931	5.16918744	5.75612738
5.26168181	5.50284187	6.12766706
5.67736069	5.93757287	6.61176
6.87010737	7.184987	8.00081294
8.23319394	8.61054881	9.58824106
9.0369255	9.45111819	10.5242531
8.86792869	9.27437406	10.3274412
7.37873106	7.71692275	8.59314756
6.28998769	6.57827875	7.32521525
5.55572462	5.81036181	6.47010469
4.99546669	5.22442556	5.81763769
4.95535763	5.182478	5.77092713
4.89128225	5.11546587	5.69630588
4.77340156	4.99218238	5.55902425
4.66685369	4.88075094	5.43494031
4.702098	4.91761106	5.47598562
4.82020956	5.04113563	5.61353588
4.85557856	5.07812588	5.65472606
4.30660981	4.503996	5.01540625
4.47382394	4.678874	5.21014106
5.22510188	5.4645855	6.08506694
6.03373388	6.31027981	7.02678625
5.70935856	5.97103725	6.64902413
5.02181113	5.25197725	5.84831781
4.56913281	4.77855119	5.321136
4.25233062	4.447229	4.95219362
4.13229162	4.32168831	4.81239844
4.04323694	4.22855194	4.70868687
4.12037319	4.30922362	4.79851819
4.07056675	4.25713425	4.74051438
3.87206612	4.04953569	4.50934413
4.09878169	4.28664238	4.773373
4.22445394	4.4180745	4.91972869
4.06623181	4.25260062	4.73546606
3.74393944	3.91553663	4.36012969
3.73938356	3.91077181	4.35482406
3.80390013	3.97824563	4.429959
