#?RADIANCE
genskyvec -m 1
NROWS=146
NCOLS=1
NCOMP=3
FORMAT=ascii

0.662470731	0.692833925	0.771502413
2.53332025	2.64943056	2.95026256
2.34573375	2.45324637	2.73180231
2.27144431	2.37555213	2.6452865
2.247537	2.35054912	2.61744431
2.33325444	2.44019525	2.71726931
2.30727012	2.41301987	2.68700838
2.29432056	2.39947681	2.67192762
2.31572856	2.42186587	2.696859
2.43553944	2.54716806	2.8363885
2.22741531	2.329505	2.59401081
2.38173531	2.490898	2.77372931
2.28804831	2.39291719	2.66462319
2.31602762	2.42217881	2.69720719
2.40258725	2.51270587	2.79801319
2.438923	2.55070694	2.84032919
2.70061894	2.82439731	3.14509613
2.67156269	2.79400925	3.1112575
3.12202875	3.26512162	3.63586275
3.55776194	3.72082613	4.14331056
3.81420881	3.98902663	4.44196437
4.58630694	4.79651256	5.34113675
4.87657975	5.10008962	5.67918387
5.30339244	5.54646444	6.17624281
4.87598681	5.09946919	5.67849306
4.0336815	4.2185585	4.69755863
3.65012037	3.81741756	4.25086975
3.19753625	3.34409012	3.72379769
3.04253631	3.18198581	3.54328719
2.75357994	2.87978581	3.20677356
2.63219931	2.75284194	3.06541588
2.87111894	3.00271181	3.34365744
2.80469662	2.93324512	3.26630325
2.71000619	2.83421469	3.15602819
2.68997844	2.813269	3.13270419
2.67615681	2.79881381	3.11660769
2.68916331	2.8124165	3.13175487
2.65994638	2.78186044	3.0977295
2.64709494	2.76841987	3.08276256
2.659457	2.78134875	3.0971595
2.70717313	2.83125169	3.15272869
2.69864612	2.82233394	3.1427985
2.71615388	2.84064425	3.16318763
2.72957331	2.85467881	3.17881581
2.810648	2.93946931	3.27323394
2.9248755	3.05893237	3.4062615
3.11186431	3.25449138	3.62402544
3.2706305	3.42053425	3.80892206
3.61929619	3.78518056	4.21497225
4.00689625	4.19054556	4.66636494
4.41876812	4.621295	5.14602413
4.86183031	5.08466406	5.66200663
5.32481431	5.56886812	6.20119038
5.44520669	5.69477862	6.34139737
5.18337669	5.420948	6.03647456
4.70842831	4.92423119	5.48335756
4.27388881	4.46977519	4.9773
3.84859931	4.0249935	4.48201487
3.48813131	3.64800388	4.06221975
3.22926175	3.37726956	3.76074475
3.026121	3.16481813	3.52417019
3.0121595	3.15021681	3.50791088
2.93880206	3.07349719	3.42248019
2.86649363	2.99787469	3.33827094
2.81166112	2.94052894	3.27441388
2.80247769	2.9309245	3.26371906
2.79750431	2.92572312	3.25792712
2.79812669	2.92637425	3.25865181
2.79915613	2.92745081	3.25985081
2.82576869	2.95528287	3.29084331
2.8489035	2.97947837	3.31778581
2.91273831	3.04623875	3.39212675
3.04824375	3.18795506	3.54993419
3.25512156	3.40431438	3.7908605
3.5293605	3.69112281	4.11023475
3.89561444	4.07416344	4.53676788
4.31238769	4.5100385	5.022135
4.77123075	4.98991219	5.55649606
5.09100425	5.32434188	5.92889881
5.00621025	5.23566125	5.83014919
4.65187094	4.86508169	5.41749163
4.24488238	4.4394395	4.94351956
3.85810481	4.03493456	4.49308469
3.48876969	3.6486715	4.06296313
3.22273775	3.37044656	3.75314688
3.128498	3.27188737	3.64339663
3.01862237	3.15697544	3.51543719
2.95191456	3.0872105	3.43775075
2.91538781	3.04900981	3.39521225
2.88751713	3.01986163	3.36275437
2.88526294	3.01750412	3.36012931
2.88846506	3.020853	3.36385844
2.89156738	3.02409756	3.36747131
2.91710013	3.05080056	3.39720662
2.95021312	3.08543119	3.43576919
3.03048575	3.16938319	3.52925369
3.16508619	3.31015256	3.68600675
3.29781006	3.44895969	3.84057506
3.55907831	3.72220256	4.14484338
3.84951031	4.025946	4.48307569
4.10618706	4.29438725	4.78199706
4.39678519	4.59830431	5.12042313
4.57429456	4.78394975	5.32714769
4.60035506	4.81120444	5.357497
4.40000344	4.60167031	5.12417106
4.12136206	4.31025775	4.79966975
3.7824	3.95576006	4.40492044
3.51023219	3.67111775	4.08795825
3.30322188	3.45461938	3.8468775
3.21166463	3.35886563	3.74025113
3.07516031	3.216105	3.58128069
3.00948281	3.14741737	3.50479363
2.96357581	3.09940625	3.45133119
2.95305525	3.0884035	3.43907894
2.96603756	3.10198088	3.45419831
2.98968081	3.12670787	3.48173262
3.06551056	3.206013	3.57004281
3.16955863	3.31482988	3.69121544
3.35506344	3.50883694	3.907251
3.55538588	3.71834081	4.14054331
3.83427412	4.0100115	4.46533194
4.08790969	4.27527219	4.76071194
4.19223344	4.38437737	4.88220544
4.085096	4.27232937	4.75743494
3.87589337	4.05353831	4.51380119
3.62468425	3.79081569	4.22124719
3.38504956	3.54019762	3.94217256
3.23509631	3.38337162	3.7675395
3.12480894	3.26802931	3.6391005
3.04679412	3.18643894	3.54824587
3.03014206	3.16902369	3.52885319
3.07882931	3.21994219	3.58555337
3.19605331	3.34253894	3.72207044
3.36119388	3.51524875	3.91439075
3.55815375	3.72123556	4.14376675
3.79147656	3.96525256	4.41549069
3.81309594	3.98786275	4.44066831
3.68032237	3.84900356	4.28604225
3.43186163	3.58915513	3.99668906
3.2918985	3.44277706	3.83369031
3.18968344	3.33587719	3.71465231
3.2046925	3.351574	3.73213163
3.32444906	3.47681969	3.87159794
3.48528469	3.64502675	4.05890456
3.48305719	3.64269719	4.05631063
3.31332556	3.46518644	3.85864406
