#?RADIANCE
genskyvec -m 1
NROWS=146
NCOLS=1
NCOMP=3
FORMAT=ascii

14.050725	14.6947162	16.3632394
31.7982644	33.2556844	37.0317306
31.1843981	32.613685	36.3168331
31.3522431	32.7892212	36.5123019
32.0246894	33.4924875	37.2954212
33.217355	34.7398169	38.68438
36.038305	37.6900594	41.9696094
40.46408	42.3186831	47.1237969
48.1463144	50.3530181	56.0703975
59.5488588	62.27818	69.3496131
70.75357	73.9964387	82.3984319
86.5666931	90.5343319	100.814129
85.9188431	89.8567881	100.059656
77.7959213	81.361565	90.5998381
66.10411	69.13388	76.9837488
53.3427456	55.7876206	62.122075
45.0218581	47.0853587	52.4317075
39.0255712	40.8142425	45.4485331
35.0571431	36.6639281	40.8269681
32.0642431	33.5338519	37.3414856
32.270215	33.7492656	37.5813575
31.5380419	32.9835331	36.72868
31.7542294	33.2096325	36.9804488
31.2886581	32.72272	36.4382513
33.14482	34.663955	38.5999044
33.4865762	35.0213788	38.9979106
34.7843287	36.3786094	40.50925
34.6402175	36.2278925	40.3414219
33.7639762	35.3114919	39.3209669
32.8041881	34.3077138	38.2032138
31.9156206	33.3784206	37.1684019
22.0682463	23.0797081	25.7003138
20.3929262	21.3276006	23.7492638
22.3846394	23.4106025	26.0687812
22.6624231	23.7011175	26.3922825
24.7766156	25.9122094	28.8544344
27.0402581	28.2796044	31.4906363
32.9011094	34.4090781	38.3160869
41.7900194	43.705395	48.6679625
55.6600212	58.2111038	64.8207356
72.1469819	75.4537194	84.0211781
93.0356063	97.2997394	108.347713
100.59961	105.210431	117.156631
86.9085944	90.8919019	101.212302
66.0208794	69.0468331	76.88682
49.8506644	52.1354837	58.0552562
37.11542	38.8165406	43.224
32.7213694	34.2210975	38.1067625
25.8918931	27.0786044	30.1532688
23.3231713	24.3921494	27.1617775
21.2556338	22.22985	24.7539581
21.0098075	21.9727569	24.4676744
21.4076631	22.3888456	24.9310069
20.1996112	21.1254263	23.5241306
22.396045	23.4225306	26.0820625
23.113975	24.1733663	26.9181525
23.6934406	24.7793894	27.5929875
22.4060994	23.4330438	26.0937706
22.7603306	23.8035112	26.5063037
21.8487019	22.8500988	25.4446331
22.0175381	23.026675	25.6412587
14.3167844	14.97297	16.6730888
13.9571375	14.5968381	16.2542506
14.7487494	15.4247325	17.1761487
17.4763319	18.2773287	20.3526456
20.9525463	21.91287	24.4009875
27.9570275	29.2383906	32.5582894
40.7242306	42.5907562	47.4267631
65.5685919	68.5738181	76.3600931
98.6273244	103.147747	114.859737
1675.20174032545	1680.43284232545	1693.98619232545
78.0703	81.64852	90.9193681
45.2900369	47.3658275	52.7440231
29.8435275	31.211355	34.7552769
21.9062156	22.9102488	25.5116144
17.9550187	18.7779556	20.9101163
16.0386163	16.7737206	18.6783075
14.4992406	15.1637887	16.8855756
14.99931	15.6867781	17.4679469
14.3902206	15.0497719	16.7586113
13.7533	14.3836587	16.0168631
14.5274037	15.1932425	16.9183737
14.6542475	15.3259	17.0660938
13.8240444	14.4576469	16.0992537
14.3646644	15.023045	16.72885
10.7529281	11.2457713	12.5226813
11.29458	11.8122456	13.1534794
12.1085269	12.6635006	14.1013894
13.6627575	14.2889663	15.9114194
17.6569875	18.466265	20.5630337
21.9406031	22.9462144	25.5516637
34.2590344	35.8292381	39.8975019
55.7069794	58.2602138	64.8754237
2306.92497040252	2311.26108790252	2322.49559390252
3330.93817609832	3335.67553409832	3347.94964409832
61.8222288	64.6557463	71.9971425
36.1101444	37.7651919	42.0532769
26.1496138	27.3481344	30.4534031
18.4487894	19.2943588	21.4851556
14.7370281	15.4124744	17.1624969
12.6750044	13.2559413	14.7610969
11.4810431	12.0072569	13.37063
10.9637037	11.4662063	12.7681488
10.872741	11.3710744	12.6622131
10.7091114	11.1999444	12.4716544
10.7541163	11.2470138	12.524065
10.8409721	11.3378503	12.6252162
10.632146	11.1194532	12.3820225
10.8950316	11.3943869	12.6881725
9.19536212	9.61681631	10.7087669
10.0476618	10.5081794	11.7013394
11.5349175	12.0636006	13.4333737
15.0149631	15.7031494	17.4861775
20.9199813	21.8788131	24.3630625
34.966115	36.5687281	40.7209575
49.9265963	52.2148956	58.143685
48.3370962	50.5525456	56.29258
33.3488387	34.8773269	38.8375044
21.1758363	22.1463931	24.6610269
14.9724275	15.6586631	17.4366425
11.9452312	12.49272	13.911215
10.2341498	10.7032137	11.9185194
9.24250156	9.66611594	10.7636644
8.80491694	9.20847544	10.2540606
8.6873705	9.08554131	10.1171667
8.80354556	9.20704125	10.2524627
8.90139488	9.30937531	10.3664162
8.87410344	9.28083287	10.3346334
10.226479	10.6951922	11.9095869
13.8006938	14.433225	16.0720587
21.0030544	21.9656931	24.4598081
25.3445019	26.5061263	29.5157875
22.8864937	23.9354581	26.6532312
16.6816138	17.4461888	19.4271306
12.2621575	12.8241719	14.2803056
9.62832356	10.0696224	11.2129881
8.56785413	8.96054731	9.97797988
8.16727931	8.54161269	9.51147781
8.26412738	8.64289938	9.62426544
9.32093525	9.74814444	10.8550071
11.5943569	12.1257656	13.502595
14.3734381	15.0322194	16.7390669
13.6314656	14.2562419	15.8749794
9.80163862	10.2508819	11.4148275
8.73426219	9.13458231	10.1717768
10.6722886	11.1614337	12.4287712
