#?RADIANCE
genskyvec -m 1
NROWS=146
NCOLS=1
NCOMP=3
FORMAT=ascii

6.664492	6.96994738	7.7613565
18.7208931	19.5789331	21.8020419
18.8252344	19.6880575	21.9235563
19.2866719	20.1706431	22.4609381
20.4884719	21.4275275	23.8605344
23.2257644	24.2902763	27.0483387
27.7269387	28.9977569	32.2903325
34.6819637	36.2715537	40.39004
50.2432738	52.5460887	58.51248
73.3252256	76.6859625	85.3933419
83.9187381	87.7650019	97.7303612
98.1158244	102.612808	114.264063
69.3071544	72.48373	80.71396
48.7269031	50.9602181	56.7465431
36.1571781	37.8143812	42.1080513
27.4603087	28.718905	31.9798213
23.527485	24.6058275	27.3997188
20.5725275	21.5154337	23.9584225
19.720005	20.6238381	22.9655906
18.8645756	19.7292019	21.9693719
18.8014675	19.6632013	21.895875
19.0210281	19.8928244	22.1515719
18.6165713	19.4698312	21.6805506
18.5601175	19.4107912	21.6148056
18.9959906	19.8666387	22.1224162
18.4566425	19.3025719	21.4943006
18.9750612	19.8447513	22.0980419
18.5828963	19.4346106	21.6413331
18.7812075	19.6420125	21.8722825
18.325195	19.1651012	21.3412169
18.4548244	19.3006687	21.4921813
15.687305	16.406305	18.269175
15.2779375	15.9781775	17.7924325
16.7407006	17.5079813	19.4959413
17.8146462	18.6311494	20.7466406
20.92449	21.8835281	24.3683131
25.3343344	26.4954919	29.503945
33.6923475	35.2365813	39.2375481
49.9753994	52.2659369	58.2005188
81.2128194	84.9350687	94.5790944
1276.75695643322	1282.55868743322	1297.59045043322
1365.0471893461	1371.0389453461	1386.5630263461
84.7665525	88.6516781	98.7177225
54.7046263	57.21192	63.7081006
35.8917769	37.5368156	41.7989662
26.4975356	27.712005	30.85859
20.6700981	21.6174763	24.0720525
19.1020137	19.9775212	22.2458875
16.4323775	17.1855269	19.1368731
15.6876456	16.4066606	18.2695694
14.9710331	15.6572075	17.4350188
15.0064912	15.6942887	17.4763106
15.2566569	15.9559212	17.7676475
14.6337656	15.3044806	17.0422425
15.5216006	16.233005	18.0761975
15.7500088	16.471885	18.3422
15.8997288	16.6284669	18.5165612
15.289895	15.9906819	17.8063581
15.4469462	16.1549313	17.9892575
15.1552688	15.8498856	17.649575
15.4105094	16.1168225	17.9468219
11.894665	12.4398356	13.8523287
11.9418244	12.4891594	13.90725
12.9542394	13.5479762	15.0862919
15.8948225	16.6233331	18.510845
20.8785644	21.8354981	24.3148312
31.8541194	33.3140994	37.0967794
53.7765769	56.2413381	62.6273106
99.3046969	103.856148	115.648579
1470.81873010798	1475.65775910798	1488.19529610798
62.3005731	65.1560144	72.5542112
37.401	39.1152106	43.5565831
22.9651569	24.0177256	26.7448394
16.77346	17.5422438	19.5340931
13.8045756	14.437285	16.07658
12.5833175	13.1600519	14.6543219
12.0695469	12.6227325	14.0559931
11.5460212	12.0752144	13.4463056
11.9456969	12.4932081	13.91176
11.6229375	12.1556575	13.5358806
11.2444769	11.7598506	13.0951306
11.6121212	12.1443425	13.5232831
11.6698681	12.2047369	13.590535
11.2898212	11.8072719	13.1479394
11.6680525	12.2028375	13.58842
9.84873987	10.3001403	11.4696787
10.3926064	10.8689344	12.1030569
11.3705806	11.8917294	13.2419887
13.0638681	13.6626319	15.2139662
17.6797381	18.4900594	20.5895294
22.8816606	23.930405	26.6476038
36.0135338	37.6641537	41.940765
51.2320663	53.5802019	59.6640156
51.3022825	53.653635	59.7457856
39.4955138	41.3057231	45.9958181
26.1168888	27.3139125	30.4152963
17.7725244	18.5870969	20.697585
14.457395	15.120025	16.8368412
11.8985338	12.4438837	13.8568356
10.6990404	11.189415	12.4599269
9.99313675	10.4511552	11.6378406
9.65612456	10.0986973	11.2453625
9.54781538	9.98542444	11.1192275
9.6030115	10.0431499	11.1835081
9.54366881	9.98108662	11.1143987
9.57921775	10.0182649	11.1557975
9.64160988	10.0835163	11.2284587
9.563971	10.0023199	11.1380425
9.78557969	10.2340873	11.3961244
8.8657715	9.272119	10.3249309
9.64681563	10.0889615	11.2345219
11.0299788	11.53552	12.8453281
14.2940981	14.9492431	16.64667
19.3390131	20.2253844	22.5218931
26.2648069	27.4686075	30.5875569
28.2576594	29.5528025	32.9084019
22.0237719	23.0331925	25.6485169
16.5639406	17.3231212	19.2900881
12.4251975	12.9946856	14.4701769
10.2779999	10.749075	11.9695875
9.30783812	9.73444669	10.8397531
8.78312825	9.18568825	10.2286851
8.47331219	8.86167206	9.86787825
8.32116856	8.70255525	9.69069413
8.32675925	8.70840213	9.6972055
8.45286756	8.84029037	9.84406987
8.57271169	8.96562725	9.98363681
8.60109294	8.99530931	10.0166897
9.60773988	10.0480944	11.1890144
12.2683556	12.8306537	14.2875219
16.2702725	17.0159925	18.9480894
16.4604069	17.21484	19.1695169
13.6148769	14.2388913	15.8556587
10.92156	11.42213	12.7190669
9.25459081	9.67875906	10.7777425
8.33071169	8.71253612	9.70180856
7.99556831	8.36203194	9.31150644
7.94729012	8.31154088	9.25528238
8.07322963	8.4432525	9.4019495
8.63097244	9.0265585	10.0514869
9.93084313	10.3860055	11.565295
10.9125264	11.4126831	12.7085475
10.067243	10.5286585	11.7241456
8.45129225	8.83864275	9.8422345
8.10294594	8.47433069	9.43655613
9.06908137	9.48474681	10.5617007
