#?RADIANCE
genskyvec -m 1
NROWS=146
NCOLS=1
NCOMP=3
FORMAT=ascii

17.8499106	18.6680313	20.78771
35.1168169	36.7263356	40.8964625
35.674635	37.3097194	41.5460856
36.1392475	37.7956287	42.0871669
36.5767225	38.253155	42.5966431
36.2452531	37.9064925	42.21062
35.5489181	37.1782431	41.3996806
35.4463931	37.0710188	41.2802819
34.081655	35.6437306	39.6909319
33.9028137	35.45669	39.4826531
34.8163894	36.4121394	40.5465863
34.8758525	36.47433	40.6158394
36.0977275	37.7522069	42.0388131
37.8790225	39.6151437	44.1132812
40.5558337	42.4146425	47.23065
45.3282719	47.4058169	52.7885544
54.3087063	56.7978544	63.2470175
58.4979269	61.1790794	68.1257138
71.62478	74.90758	83.4130306
79.8056375	83.4633963	92.9403181
75.9075706	79.386665	88.4006981
73.2847087	76.6435881	85.3461556
60.7396919	63.5235931	70.7364356
53.441335	55.890725	62.23689
46.5221956	48.6544613	54.1789756
39.9046506	41.7336131	46.472295
37.71186	39.4403175	43.9186031
35.6453531	37.2790969	41.5119856
34.8353369	36.4319562	40.5686569
34.1135494	35.6770863	39.7280756
34.3745612	35.9500631	40.0320444
27.0608763	28.3011637	31.5146463
25.6965612	26.8743206	29.9257894
27.5875275	28.8519562	32.1279781
27.1524394	28.3969269	31.6212813
27.0408931	28.2802681	31.491375
25.9346444	27.1233144	30.2030556
27.2160644	28.4634662	31.6953769
27.5989388	28.8638894	32.1412644
27.0260225	28.264715	31.4740563
25.1106919	26.2615981	29.243495
26.6811894	27.9040788	31.0724694
28.2010856	29.4936344	32.8425163
31.8920569	33.3537756	37.1409581
36.00152	37.6515888	41.9267731
41.6782975	43.5885531	48.5378525
52.739385	55.1566056	61.4194106
65.3477713	68.3428738	76.1029275
82.9516781	86.75363	96.6041438
95.71434	100.101242	111.467337
95.393885	99.7660956	111.094138
82.1496813	85.9148731	95.6701612
64.6232144	67.5851094	75.2591219
49.8892856	52.175875	58.1002331
41.2856988	43.17796	48.0806394
35.4644431	37.0898962	41.3013019
32.1499069	33.6234437	37.4412475
28.5993506	29.9101544	33.3063288
27.5681244	28.8316625	32.1053794
26.4407625	27.65263	30.7924719
26.6584788	27.8803256	31.0460212
19.6365731	20.5365813	22.8684263
18.9765256	19.8462812	22.0997463
18.97166	19.8411931	22.0940806
19.9419344	20.8559369	23.2240431
19.8322956	20.741275	23.0963619
19.9094219	20.8219363	23.1861819
20.0629112	20.98246	23.3649344
20.7465338	21.6974162	24.1610675
21.1227913	22.0909194	24.5992525
24.04491	25.1469681	28.0023031
27.8725894	29.1500825	32.4599544
37.3159081	39.0262188	43.4574862
52.7794994	55.19856	61.4661287
78.0403531	81.6171975	90.884505
112.01907	117.153272	130.455556
120.671956	126.20275	140.532556
86.6522262	90.6237869	100.913747
61.0132981	63.8097394	71.0550725
40.6485112	42.5115675	47.3385819
31.0671875	32.4910994	36.1803306
25.6533831	26.8291612	29.8755019
22.7219625	23.763385	26.4616213
20.3630462	21.2963537	23.7144663
20.036965	20.9553225	23.3347138
16.3544306	17.1040106	19.0460981
16.1736294	16.91492	18.8355394
15.8391738	16.5651337	18.4460387
15.9655244	16.6972788	18.593185
16.2729031	17.0187438	18.9511519
16.327055	17.0753763	19.0142144
16.7115019	17.4774462	19.4619394
17.7419712	18.5551469	20.6620062
19.3033737	20.1881119	22.4803894
21.94626	22.9521281	25.5582487
27.0706669	28.3114044	31.5260481
36.5590688	38.2346919	42.5760825
49.5953663	51.868485	57.7579413
84.5388	88.4134944	98.4524888
2088.3056725021	2094.7073905021	2111.2936345021
3709.03129747223	3716.65254147223	3736.39854747223
104.13093	108.903599	121.269181
64.6059638	67.5670688	75.2390331
41.3464019	43.2414431	48.1513319
29.7711081	31.1356188	34.67094
23.7622112	24.8513137	27.6730781
20.1132637	21.03512	23.4235706
18.1324113	18.9634813	21.1167063
17.2734525	18.0651544	20.1163781
15.4490775	16.15716	17.9917394
14.8557412	15.5366281	17.30075
14.6260312	15.2963925	17.0332338
14.8172712	15.4963956	17.2559481
15.2673031	15.9670531	17.7800469
16.5697169	17.3291606	19.2968181
18.599985	19.4524825	21.6612338
23.9072769	25.003025	27.8420156
31.3942244	32.8331244	36.5611925
49.6830275	51.9601644	57.8600281
72.7763781	76.1119594	84.7541625
1743.74406462684	1748.94580762684	1762.42305862684
92.3090588	96.5398869	107.501589
49.277555	51.5361075	57.3878213
32.3055969	33.7862688	37.6225619
23.1745363	24.2367025	26.9886806
18.70121	19.55835	21.7791181
16.5511475	17.3097413	19.27519
15.6608975	16.3786906	18.2384231
15.1338969	15.827535	17.6246856
15.1592481	15.8540481	17.6542119
16.2665744	17.0121238	18.9437825
19.211645	20.0921781	22.3735631
26.9264594	28.16059	31.3581081
40.4125025	42.2647413	47.0637275
53.4329419	55.8819488	62.2271156
54.1827562	56.6661287	63.1003375
34.8273413	36.4235956	40.559345
22.5116931	23.5434775	26.2167419
18.0329894	18.8594994	21.0009194
18.1657569	18.998355	21.15554
17.8133819	18.6298275	20.7451688
20.9081994	21.86649	24.34934
28.443835	29.7475094	33.1252187
29.1171969	30.4517344	33.9094037
23.2535638	24.3193531	27.080715
21.8589325	22.8608	25.4565488
