#?RADIANCE
genskyvec -m 1
NROWS=146
NCOLS=1
NCOMP=3
FORMAT=ascii

1.79464581	1.87690044	2.09001475
13.6940369	14.3216787	15.9478475
13.7878	14.4197413	16.0570444
14.1827125	14.8327538	16.5169506
15.4194081	16.12613	17.9571875
18.5814988	19.43315	21.6397056
23.7726594	24.86224	27.6852462
32.2419712	33.7197275	37.548465
53.1766962	55.6139588	61.9286956
87.4220206	91.4288687	101.810241
505.564214470146	509.702350170146	520.423925870146
73.4297944	76.7953238	85.51512
41.0099819	42.8896044	47.7595431
27.1952513	28.4416988	31.6711369
20.6978206	21.6464712	24.1043375
16.6139519	17.375425	19.3483313
15.3035337	16.0049469	17.8222419
13.5611696	14.1827244	15.7931144
13.7858338	14.417685	16.0547544
13.5067744	14.1258338	15.729765
13.2377679	13.844498	15.416485
13.7507312	14.3809725	16.0138738
13.1246183	13.7261612	15.2847125
13.2808937	13.8896013	15.4667069
13.4211962	14.0363331	15.6301019
12.738795	13.3226569	14.8353894
13.1928406	13.7975119	15.3641606
12.8080919	13.3951279	14.9160912
13.36778	13.9804681	15.5678931
13.0222166	13.6190686	15.1654594
13.4036819	14.0180156	15.6097044
12.4067663	12.9754112	14.4487156
12.16368	12.7211806	14.1656206
13.4024231	14.0166994	15.6082387
14.4961169	15.1605206	16.8819369
17.455365	18.2554012	20.3282288
21.7408613	22.7373169	25.3190475
30.4935994	31.8912225	35.5123406
48.2396219	50.4506044	56.1790644
412.757359060522	416.606397860522	426.578879060522
652.876383793305	656.773464393305	666.870466293305
61.9251269	64.76336	72.116975
39.0756269	40.8665912	45.5068263
27.2551194	28.5043125	31.7408594
19.5553806	20.4516675	22.7738706
15.8576831	16.5844919	18.4675956
13.7247113	14.3537606	15.9835719
13.5698431	14.1917931	15.8032137
12.1866562	12.7452119	14.19238
11.9788294	12.5278569	13.9503456
11.5748394	12.1053519	13.479865
11.64014	12.1736463	13.5559138
11.8363831	12.3788856	13.7844562
11.3245756	11.8436163	13.1884106
11.9330444	12.4799744	13.897025
12.1208744	12.6764137	14.1157687
12.2234612	12.7837044	14.2352388
11.80307	12.3440431	13.74566
11.9639056	12.5122494	13.932965
11.8247381	12.3667044	13.7708931
12.1222088	12.6778081	14.1173206
8.98340738	9.39514688	10.4619281
8.91829025	9.32704531	10.3860928
9.64723312	10.0893986	11.2350081
12.05217	12.6045594	14.0357556
15.7619312	16.4843519	18.3560844
23.5094481	24.5869631	27.3787125
35.4621237	37.0874694	41.2986006
46.0493675	48.1599625	53.6283294
33.8741594	35.426725	39.449285
23.2512356	24.3169194	27.0780038
16.3338625	17.0824975	19.0221462
12.2425064	12.80362	14.2574181
10.2727729	10.7436089	11.9635012
9.20008194	9.62175181	10.7142637
8.97239675	9.38363188	10.4491042
8.88295731	9.2900925	10.3449436
8.548511	8.94031769	9.95545425
8.98056169	9.39217025	10.4586133
8.66082794	9.0577825	10.0862571
8.28387237	8.66354925	9.64726106
8.64110262	9.03715262	10.0632841
8.72627394	9.12622812	10.162474
8.39343831	8.77813744	9.774859
8.77805894	9.18038688	10.2227818
6.69198994	6.99870594	7.79338044
7.03808437	7.360663	8.19643612
7.48731062	7.83047894	8.71959781
8.4925765	8.88181944	9.89031287
11.0065207	11.5109855	12.8180094
13.3378725	13.9491919	15.5330644
17.3166431	18.1103206	20.1666738
20.0588931	20.9782581	23.3602537
16.9836938	17.7621131	19.77893
13.8336338	14.4676737	16.1104187
10.5562149	11.0400409	12.2935919
8.35441056	8.73732063	9.72940787
7.667053	8.01845944	8.92892225
7.15833294	7.48642306	8.33647575
6.88176444	7.19717819	8.01438856
6.56173	6.86247581	7.64168169
6.47394662	6.77066906	7.53945075
6.47866581	6.77560444	7.54494669
6.59251987	6.89467669	7.67753919
6.54531906	6.84531275	7.62257
6.59073787	6.89281312	7.67546369
6.66360081	6.96901575	7.76031881
6.56652487	6.86749025	7.64726575
6.78255256	7.09341944	7.89884812
5.39150369	5.63861413	6.27885575
5.74990588	6.01344306	6.69624488
6.23007425	6.51561919	7.255441
7.58464437	7.93227363	8.83295081
9.17081794	9.59114656	10.6801829
10.1822713	10.6489577	11.8581039
10.0210362	10.4803337	11.6703334
8.27891931	8.65836969	9.64149175
6.99723919	7.31794575	8.14886863
6.121564	6.40213562	7.12907169
5.47889831	5.73001431	6.38063394
5.41290688	5.66099794	6.30378125
5.33408856	5.57856744	6.211991
5.20475588	5.44330681	6.06137219
5.08990269	5.32319	5.92761638
5.12672744	5.3617025	5.97050163
5.25268181	5.49342969	6.11718606
5.29188606	5.53443063	6.16284275
4.71972075	4.93604125	5.49650831
4.92422562	5.14991906	5.73467131
5.78856756	6.05387681	6.74126963
6.74126038	7.05023456	7.85075981
6.39022244	6.68310762	7.44194706
5.588788	5.84494075	6.50860975
5.04688419	5.27819963	5.87751756
4.67417531	4.88840819	5.44346694
4.52684719	4.73432731	5.27189075
4.42639575	4.629272	5.15490675
4.50662263	4.71317606	5.24833787
4.4575405	4.66184425	5.1911775
4.26409569	4.45953325	4.965895
4.53528437	4.74315163	5.28171688
4.68848	4.90336844	5.46012581
4.4991435	4.70535419	5.23962788
4.12254819	4.31149819	4.80105125
4.11029006	4.29867819	4.78677538
4.20156894	4.39414069	4.89307744
