#?RADIANCE
genskyvec -m 1
NROWS=146
NCOLS=1
NCOMP=3
FORMAT=ascii

11.4828325	12.0091281	13.372715
30.0907175	31.4698762	35.0431519
29.3406938	30.6854756	34.1696862
29.0289837	30.3594781	33.8066738
29.154905	30.4911706	33.9533194
29.79402	31.1595788	34.6976194
29.4315106	30.780455	34.2754488
29.5723175	30.9277125	34.4394288
29.3613762	30.7071031	34.1937712
30.2952088	31.6837387	35.2812981
29.1520344	30.4881663	33.9499737
30.3975344	31.7907537	35.4004619
30.0234469	31.39952	34.9648063
30.7923981	32.203715	35.8603162
32.3818869	33.8660562	37.7114088
34.7594956	36.3526362	40.4803287
41.8355744	43.7530369	48.721015
45.6377569	47.7294856	53.1489731
63.2357694	66.1340737	73.6433269
89.4188531	93.5172094	104.135707
100.509796	105.116485	117.052042
121.216592	126.772342	141.166825
98.8373438	103.367392	115.104339
85.2960131	89.2054138	99.3343269
63.4350306	66.3424669	73.8753825
46.0700869	48.1816306	53.6524581
39.18504	40.98102	45.6342481
34.0407206	35.6009169	39.6432575
32.5707175	34.06354	37.9313156
30.5243294	31.92336	35.5481275
30.1850694	31.5685513	35.15303
27.72707	28.9978925	32.2904844
26.5130469	27.7282263	30.8766531
27.3632444	28.6173925	31.8667781
27.071985	28.3127831	31.527585
26.98218	28.2188644	31.4229994
26.4018306	27.6119144	30.747135
27.2839319	28.5344444	31.7744137
27.6863806	28.95534	32.2431006
27.4451806	28.7030837	31.9622012
26.0819169	27.2773375	30.3745681
26.9221512	28.1560819	31.3530888
27.5560931	28.8190806	32.0913706
29.5313244	30.8848425	34.3916888
31.44557	32.8868237	36.6209875
34.7122381	36.3032162	40.4252975
42.2833713	44.2213575	49.2425119
53.4910731	55.9427469	62.2948162
74.2123694	77.6137694	86.42649
111.365113	116.469338	129.693956
156.977444	164.17225	182.813325
181.797644	190.130038	211.718519
146.447019	153.159169	170.549763
102.131712	106.812749	118.940912
69.69082	72.8849812	81.1607706
51.6184494	53.9842925	60.1139875
41.7943925	43.7099687	48.6730575
34.415555	35.9929356	40.0797856
31.0156225	32.43717	36.1202781
28.801475	30.1215419	33.5417194
28.1171956	29.4059006	32.7448206
22.2311988	23.25013	25.8900869
21.3996619	22.3804806	24.9216937
21.1870106	22.1580825	24.67404
21.9110256	22.9152813	25.5172181
21.834605	22.83536	25.4282206
21.9297369	22.9348506	25.5390081
21.9850906	22.9927394	25.6034713
22.3122106	23.3348531	25.9844294
22.0368187	23.0468394	25.6637125
23.4871981	24.5636944	27.3528019
25.1664769	26.3199406	29.3084613
30.1148062	31.4950663	35.0712025
38.7780206	40.5553463	45.1602387
55.1378606	57.6650106	64.2126369
91.88179	96.0930369	107.004003
846.013962811793	853.353768811793	872.370512811793
2706.61234746725	2716.98646646725	2743.86486046725
145.42085	152.085962	169.354706
77.5690675	81.1243137	90.3356494
50.19039	52.4907806	58.450895
36.0098869	37.6603381	41.9365175
29.0826956	30.4156512	33.8692238
24.5778175	25.7042994	28.6229175
23.2458775	24.3113131	27.0717625
19.1043075	19.9799206	22.2485594
18.695915	19.5528094	21.7729513
18.1863175	19.0198556	21.1794825
18.241015	19.0770619	21.2431838
18.4372588	19.2822994	21.4717256
18.3834419	19.2260163	21.4090525
18.4255388	19.2700412	21.4580769
18.9120475	19.77885	22.0246562
19.3950575	20.2839963	22.5871606
20.55349	21.4955244	23.9362519
22.7159981	23.7571462	26.4546731
26.7296788	27.9547888	31.12894
32.91283	34.4213356	38.3297356
49.6336469	51.9085194	57.8025219
77.5143344	81.0670713	90.2719025
110.517282	115.582647	128.70659
1088.6950998161	1095.2419238161	1112.2041928161
110.416916	115.477685	128.589704
69.272665	72.4476619	80.6737956
45.2386069	47.3120394	52.6841281
32.8498881	34.3555069	38.2564356
25.6370931	26.8121263	29.8565344
22.102435	23.115465	25.74013
20.5492069	21.4910456	23.9312663
17.8399231	18.6575869	20.7760781
16.9957138	17.7746831	19.7929269
16.5455006	17.303835	19.2686144
16.5887781	17.349095	19.3190138
16.71592	17.4820656	19.4670825
17.0988656	17.8825625	19.9130537
17.9365538	18.7586456	20.8886131
20.1610806	21.0851294	23.47926
23.2995263	24.3674206	27.1342425
31.044825	32.4677125	36.1542875
40.791375	42.66098	47.5049581
62.6957744	65.56933	73.01446
78.329955	81.9200713	91.22176
59.8337431	62.5761219	69.6813844
41.0152206	42.8950831	47.7656438
28.764825	30.0832106	33.4990369
22.55997	23.5939669	26.2729656
19.3916281	20.2804106	22.5831669
17.35795	18.1535219	20.2147794
16.3820031	17.1328456	19.07821
16.0986244	16.8364775	18.74819
16.4631169	17.217675	19.1726719
17.5975519	18.4041069	20.4938163
20.9394613	21.8991856	24.3857487
27.0075156	28.2453594	31.4525019
34.6634688	36.2522119	40.3685006
42.9795619	44.9494587	50.0532844
35.0379481	36.6438525	40.8046125
25.244155	26.4011769	29.3989219
19.8331019	20.7421213	23.0973025
18.3655619	19.2073169	21.3882281
17.34643	18.1414744	20.2013644
18.5458994	19.3959194	21.5982475
22.3743631	23.399855	26.0568112
24.9513806	26.094985	29.0579631
22.5659387	23.6002112	26.2799181
19.8334638	20.7424969	23.0977231
