#?RADIANCE
genskyvec -m 1
NROWS=146
NCOLS=1
NCOMP=3
FORMAT=ascii

9.78126069	10.2295688	11.3910937
28.9217562	30.2473356	33.6817981
28.2053275	29.49807	32.847455
27.9439206	29.2246831	32.5430263
28.1068175	29.3950444	32.7327306
28.69295	30.0080406	33.4153319
28.3239281	29.6221094	32.9855775
28.495335	29.8013681	33.1851919
28.1779506	29.4694375	32.8155725
29.0308594	30.3614406	33.8088575
28.0670263	29.3534313	32.6863938
29.09112	30.42446	33.879035
28.6956537	30.0108712	33.4184825
29.235075	30.575015	34.0466825
30.4458394	31.8412725	35.4567181
32.5042794	33.9940562	37.8539456
38.6567725	40.4285394	45.0190356
42.4904944	44.437975	49.4837256
58.72906	61.4208088	68.3948894
85.6813912	89.6084488	99.7831281
102.290212	106.978501	119.125476
131.168519	137.180413	152.756669
109.713718	114.742247	127.770774
93.7809738	98.0792606	109.215776
67.8064912	70.914285	78.9663125
47.4731938	49.6490456	55.2864912
39.3428725	41.1460869	45.8180569
33.5383188	35.0754906	39.0581681
31.65882	33.1098487	36.8693344
29.4512981	30.80115	34.298495
29.0016513	30.3308931	33.7748419
25.8736675	27.0595419	30.1320431
24.6122737	25.7403381	28.6630475
25.5649894	26.7367181	29.7725619
25.2585106	26.4161906	29.4156412
25.19177	26.3463906	29.3379162
24.5778594	25.7043437	28.6229675
25.5209431	26.6906525	29.7212669
25.9249944	27.1132219	30.1918175
25.6112913	26.7851437	29.8264869
24.0701263	25.17334	28.0316694
24.8293494	25.9673625	28.9158494
25.2779069	26.4364762	29.4382313
27.0233238	28.2618919	31.4709138
28.4358938	29.7392038	33.11597
30.9401644	32.3582531	36.0323994
37.0579806	38.7564687	43.1571087
46.9217381	49.0723144	54.6442763
64.1911063	67.1331956	74.755895
98.3243681	102.830889	114.506919
145.893888	152.5807	169.905594
800.524014592074	809.194508592074	831.658989592074
160.804113	168.1743	187.269806
108.579586	113.556149	126.449981
71.9138037	75.2098506	83.7496231
51.6099919	53.9754494	60.1041412
40.8322756	42.7037537	47.55259
32.8067175	34.31036	38.20616
29.2479931	30.5885244	34.0617275
26.9337731	28.1682369	31.3666244
26.2409537	27.4436656	30.5597806
20.2530269	21.1812906	23.5863387
19.4578144	20.3496294	22.6602469
19.2755631	20.159025	22.4480006
20.0074406	20.9244481	23.3003338
19.93567	20.8493887	23.21675
20.0126069	20.9298506	23.30635
20.0265462	20.94443	23.3225831
20.2638213	21.1925788	23.5989087
19.8580606	20.7682212	23.1263669
21.0040394	21.9667237	24.4609556
22.2090725	23.2269881	25.8643175
26.005815	27.1977487	30.2859419
32.5843363	34.0777856	37.9471769
45.1174131	47.1852931	52.5429894
74.3513481	77.7591244	86.5883456
130.948899	136.950713	152.500906
2805.50199044613	2815.40540944613	2841.06429644613
678.291860292937	685.217478292937	703.161160292937
76.9794588	80.507685	89.6489962
48.1568319	50.3640181	56.0826463
33.9261881	35.4811363	39.5098756
26.9664037	28.2023625	31.4046231
22.4869475	23.5175987	26.1879244
21.2208988	22.1935238	24.7135069
17.1898425	17.9777113	20.0190069
16.8330613	17.6045775	19.6035056
16.3682875	17.1185006	19.0622363
16.4325856	17.1857475	19.1371169
16.620275	17.3820375	19.3556969
16.55257	17.3112281	19.2768487
16.53532	17.2931887	19.2567587
16.9085425	17.6835162	19.6914087
17.1923106	17.9802919	20.02188
18.0428406	18.8698044	21.0123925
19.5856263	20.4833019	22.809095
22.4445806	23.4732906	26.1385862
27.0473312	28.287	31.4988725
39.4463931	41.25435	45.9386144
59.9860406	62.7354	69.8587469
84.0188969	87.8697575	97.8470063
112.841839	118.013743	131.41373
97.1855019	101.639841	113.180622
63.8386625	66.7645994	74.3454475
41.7652069	43.6794437	48.639065
30.1034862	31.4832288	35.0580219
23.2842706	24.3514662	27.1164731
19.95725	20.8719563	23.2418813
18.5341194	19.3835987	21.5845269
15.8917256	16.6200969	18.5072387
15.1627938	15.8577537	17.6583375
14.7580306	15.4344387	17.1869563
14.8062044	15.4848219	17.2430588
14.8881437	15.5705156	17.3384838
15.11465	15.8074056	17.6022713
15.7164619	16.4367994	18.30313
17.3136675	18.1072106	20.1632094
19.5599925	20.4564919	22.7792431
25.1796556	26.3337219	29.3238081
32.2050375	33.6811012	37.50545
48.3933837	50.6114144	56.3581325
61.5294906	64.3495894	71.6562213
50.5810237	52.8993194	58.90582
35.8010694	37.4419513	41.6933312
25.4464769	26.61277	29.6345419
20.0786469	20.9989175	23.3832569
17.2614294	18.0525763	20.1023725
15.3098462	16.0115469	17.8295937
14.4421862	15.10412	16.8191306
14.2010769	14.8519588	16.5383356
14.4535056	15.1159594	16.8323131
15.2259794	15.9238375	17.7319225
17.6223319	18.4300206	20.5226737
22.0379606	23.048035	25.6650431
27.75138	29.0233188	32.3187956
34.6198106	36.2065519	40.3176569
29.4013438	30.7489044	34.2403169
21.9198475	22.9245088	25.5274906
17.3482906	18.1434206	20.2035306
15.9059925	16.6350175	18.5238537
15.0181431	15.706475	17.4898806
15.846185	16.5724687	18.4542013
18.6640519	19.5194881	21.7358456
20.8201269	21.7743806	24.2467712
19.2221269	20.1031413	22.38577
16.8793375	17.6529737	19.657395
