#?RADIANCE
genskyvec -m 1
NROWS=146
NCOLS=1
NCOMP=3
FORMAT=ascii

2.31111775	2.41704394	2.69148925
14.9149613	15.5985625	17.3697162
14.2901269	14.94509	16.6420444
14.14376	14.7920137	16.4715875
14.3681287	15.0266694	16.7328862
15.1278575	15.8212163	17.6176513
15.0878506	15.7793763	17.5710606
15.2147687	15.9121137	17.7188669
15.1764331	15.8720194	17.6742219
15.8200537	16.5451406	18.4237712
14.4748025	15.1382306	16.8571138
15.1531406	15.8476581	17.647095
14.3333012	14.9902437	16.6923237
14.2609794	14.9146081	16.6080994
14.6021612	15.2714281	17.0054356
15.0142525	15.7024037	17.4853481
17.3004925	18.0934312	20.1478675
18.256145	19.0928831	21.2608025
24.1669887	25.2746406	28.1444731
34.5556638	36.1394656	40.2429537
46.7320638	48.8739481	54.4233856
77.6938131	81.2547769	90.4809281
470.182987927534	474.766593927534	486.642314927534
96.6723725	101.103186	112.583047
62.0927994	64.9387163	72.3122412
37.8313781	39.5653131	44.0577925
27.6135206	28.8791381	32.1582463
21.0258187	21.9895006	24.48632
18.3815056	19.2239906	21.4067956
16.0263638	16.7609056	18.6640375
15.2494331	15.9483644	17.7592344
14.4346556	15.0962438	16.8103625
13.7514637	14.3817406	16.0147281
14.209175	14.8604269	16.5477687
14.2391575	14.8917844	16.5826856
14.3841113	15.0433844	16.7514981
14.2143381	14.8658281	16.5537819
14.7430831	15.4188069	17.1695488
14.9572987	15.6428425	17.4190238
14.6978081	15.3714581	17.116825
13.7441913	14.3741319	16.0062562
13.8646875	14.5001506	16.1465831
13.7815087	14.4131606	16.049715
14.2644569	14.9182456	16.6121506
14.4361225	15.0977775	16.8120656
15.069955	15.7606625	17.55022
16.7814125	17.55056	19.543355
19.8707256	20.7814681	23.1411169
24.0132113	25.113815	27.9653863
32.9913619	34.5034663	38.4211906
45.3362594	47.4141694	52.7978544
67.1946319	70.2743825	78.2537456
521.058342271162	525.655755271162	537.567247271162
359.723530470367	363.526876070367	373.381012370367
58.2862006	60.9576475	67.8791381
39.9423069	41.7729937	46.5161456
29.7215456	31.0837831	34.6132194
21.9220381	22.9267981	25.5300444
18.1771838	19.0103044	21.1688456
15.894005	16.6224806	18.5098931
14.9608087	15.6465119	17.4231094
11.3581044	11.8786844	13.22746
10.8409306	11.3378081	12.6251694
10.7925076	11.287165	12.5687763
11.3849737	11.9067856	13.2587506
11.4524094	11.9773112	13.3372862
11.5483025	12.0775981	13.44896
11.4928056	12.0195594	13.3843313
11.4647394	11.990205	13.3516444
10.9385419	11.4398925	12.738845
11.1974031	11.710615	13.0403069
11.3430681	11.8629575	13.2099469
12.3052237	12.8692112	14.3304575
13.75206	14.3823625	16.0154219
16.2269331	16.9706669	18.8976169
21.9670494	22.9738731	25.5824631
31.3534131	32.7904456	36.5136656
44.270995	46.3000794	51.5572631
57.8636225	60.5157025	67.3870131
43.2918212	45.2760294	50.4169363
29.0485575	30.3799475	33.8294662
21.6636937	22.6566119	25.2291794
16.8280519	17.5993388	19.5976713
13.2502363	13.8575381	15.431005
12.16049	12.717845	14.1619044
9.22838475	9.65135237	10.7472232
9.0391465	9.45344031	10.5268406
8.78745494	9.19021306	10.2337246
8.90456525	9.31269119	10.3701089
9.10872025	9.52620287	10.6078651
9.06346119	9.47886981	10.5551578
8.96132656	9.37205394	10.4362134
9.05610137	9.4711725	10.546586
8.92237956	9.33132162	10.3908554
9.07795675	9.4940295	10.5720382
9.29655956	9.72265119	10.8266187
9.70788606	10.1528303	11.3056419
10.7273023	11.2189696	12.49284
13.0937513	13.6938794	15.2487625
16.3671012	17.1172612	19.0608525
19.5034275	20.3973337	22.7133675
24.46741	25.5888294	28.4943369
27.1490125	28.3933419	31.61729
25.8073031	26.9901362	30.0547563
20.65588	21.6026069	24.0554937
16.3646206	17.1146625	19.0579644
13.0028269	13.5987894	15.142875
10.9932967	11.4971569	12.8026106
10.1526719	10.6180033	11.8236338
8.01845469	8.38596675	9.33815913
7.69704906	8.04983012	8.9638555
7.49142481	7.83478169	8.72438906
7.60552631	7.95411256	8.8572695
7.62885456	7.97851	8.88443725
7.55824956	7.90466931	8.80221194
7.65913006	8.01017325	8.91969556
7.92997581	8.293433	9.23511825
8.29588162	8.67610919	9.66124594
9.34101013	9.76913925	10.8783863
10.3444779	10.8185996	12.0470062
13.0522431	13.6504706	15.2004238
15.6774919	16.3960425	18.2577469
16.023185	16.7575813	18.6603344
13.9848212	14.6257913	16.2864906
11.6537488	12.1878787	13.5717631
9.97105856	10.4280642	11.6121294
8.69718137	9.09580206	10.1285932
7.27006119	7.60327213	8.46659288
6.83513294	7.14840975	7.96008244
6.799763	7.11141844	7.91889094
6.86814456	7.18293444	7.99852731
6.89572581	7.21177969	8.03064781
7.28641994	7.62038063	8.48564369
8.10108106	8.47238038	9.43438444
9.10818238	9.52564062	10.6072372
10.6779082	11.1673125	12.4353144
10.4478763	10.9267361	12.1674237
9.37705106	9.80683194	10.9203589
7.8816645	8.24290731	9.17885562
6.92059881	7.23779275	8.05961456
6.577949	6.879438	7.66057006
6.67763994	6.98369794	7.77666856
7.22139212	7.55237237	8.40991331
7.77797281	8.13446294	9.05809787
7.72626637	8.08038688	8.9978815
6.89117913	7.20702488	8.02535275
