#?RADIANCE
genskyvec -m 1
NROWS=146
NCOLS=1
NCOMP=3
FORMAT=ascii

0.552240794	0.577551819	0.643130419
8.69180175	9.090176	10.122328
8.23419544	8.61159581	9.58940775
8.14482987	8.51813444	9.48533344
8.32206081	8.70348831	9.6917345
8.88204644	9.28913956	10.3438831
8.92046994	9.329325	10.388631
9.03914963	9.45344369	10.526843
9.05603906	9.47110731	10.5465126
9.49382331	9.92895713	11.0563501
8.54736431	8.93911856	9.95411787
8.96103231	9.37174575	10.43587
8.3338545	8.71582238	9.70546825
8.19475462	8.5703475	9.54347469
8.31989244	8.70122062	9.68920862
8.45821681	8.84588525	9.85029869
9.70036219	10.1449629	11.2968806
10.1197408	10.5835615	11.7852823
13.2210235	13.8269869	15.3969844
18.3322319	19.1724594	21.3494125
24.4115681	25.5304294	28.429305
39.1621263	40.9570575	45.6075644
114.673674928548	117.196673728548	123.733541828548
144.272014291038	147.126817391038	154.523361791038
42.2246906	44.1599875	49.1741725
25.4496281	26.6160669	29.6382119
18.1969394	19.0309656	21.1918544
13.4596666	14.0765671	15.6749056
11.4080156	11.9308806	13.285585
9.66257612	10.1054431	11.2528751
8.99268994	9.404855	10.4727373
8.35239737	8.73521512	9.72706362
7.86400375	8.22443719	9.15828856
8.18983456	8.56520181	9.53774519
8.24686962	8.62485087	9.60416681
8.39500562	8.77977638	9.77668488
8.31789125	8.69912769	9.68687856
8.72385856	9.12370138	10.1596611
8.90674406	9.31496944	10.3726464
8.73154637	9.13174194	10.1686147
8.0303685	8.39842662	9.352034
8.07354175	8.44357894	9.40231288
7.944454	8.3085745	9.25197887
8.18370975	8.55879613	9.53061194
8.14387225	8.51713275	9.48421788
8.39652625	8.78136675	9.7784545
9.21121106	9.63339219	10.7272236
10.8540571	11.3515361	12.6404556
12.5868506	13.1637463	14.6584363
16.5785506	17.3384019	19.3071075
21.4757356	22.46004	25.0102837
29.95432	31.3272237	34.8843025
42.2270638	44.1624706	49.1769387
77.2888555035188	79.1501086035188	83.9724536035188
34.3048569	35.8771606	39.9508662
24.6872081	25.8187056	28.7503125
18.6362256	19.4903856	21.7034394
13.4994381	14.1181631	15.7212225
11.0186663	11.5236884	12.8321575
9.41351819	9.84497087	10.9628276
8.75026875	9.15132225	10.1904176
6.054842	6.33235531	7.05136831
5.69138075	5.95223569	6.62808756
5.68619881	5.94681619	6.62205288
6.16734094	6.45001056	7.18238269
6.24716512	6.53349319	7.27534456
6.34731119	6.63822956	7.3919735
6.318234	6.60781969	7.35811037
6.29269556	6.58111069	7.32836881
5.85237206	6.12060562	6.81557537
5.96938963	6.24298656	6.951852
5.94900544	6.22166806	6.92811294
6.37127875	6.66329544	7.41988537
6.94116306	7.25929944	8.08356306
7.88767612	8.249194	9.18585556
10.2792566	10.7503876	11.9710511
13.8751951	14.5111412	16.1588225
18.2014388	19.0356706	21.1970919
24.0657363	25.1687487	28.0265569
20.61193	21.5566419	24.0043113
14.8119381	15.4908175	17.2497381
11.8175254	12.3591612	13.7624944
9.30876619	9.73541844	10.8408348
7.12774762	7.454436	8.3008565
6.55536056	6.8558145	7.634264
4.31845475	4.51638394	5.02920087
4.25442681	4.44942106	4.95463494
4.10010662	4.28802806	4.77491613
4.21600456	4.40923812	4.90988888
4.39853712	4.60013669	5.12246337
4.37140756	4.57176356	5.09086881
4.29494556	4.49179688	5.00182225
4.36175956	4.56167356	5.07963294
4.21399331	4.40713456	4.90754669
4.26654587	4.46209581	4.96874844
4.27937625	4.47551419	4.98369069
4.31606325	4.51388269	5.02641562
4.7518575	4.96965081	5.53393444
5.69114906	5.95199337	6.62781775
6.87055394	7.18545406	8.001333
7.80123612	8.15879231	9.08519031
9.48228419	9.91688837	11.0429111
10.6463139	11.1342691	12.3985212
10.8577675	11.3554161	12.6447776
9.25264006	9.67671794	10.7754705
7.68584675	8.03811456	8.95080969
6.2520615	6.53861419	7.28104694
5.23210119	5.4719055	6.093218
4.87441569	5.09782656	5.67666381
3.24879031	3.39769319	3.78348725
3.14110925	3.28507669	3.65808381
3.034633	3.17372025	3.53408325
3.16167313	3.30658287	3.68203188
3.18760563	3.33370413	3.71223281
3.11176506	3.25438731	3.62390956
3.14843481	3.29273806	3.666615
3.21796512	3.36545506	3.74758875
3.29102794	3.4418665	3.83267637
3.64262687	3.8095805	4.24214262
3.83878863	4.01473281	4.47058944
4.79657356	5.01641631	5.58600975
5.66025913	5.91968738	6.59184381
5.8503555	6.11849669	6.81322687
5.25415913	5.49497456	6.11890625
4.57830525	4.78814419	5.33181825
4.0644965	4.25078562	4.733445
3.54467462	3.70713888	4.12806937
2.59564113	2.71460825	3.02284081
2.38468375	2.49398162	2.77716312
2.43658525	2.548262	2.83760688
2.49720819	2.61166337	2.90820706
2.4342735	2.54584438	2.83491463
2.511904	2.627033	2.92532181
2.76189125	2.88847781	3.21645269
3.01895906	3.157328	3.51582969
3.51154344	3.67248912	4.08948519
3.47303794	3.63221869	4.04464225
3.28467138	3.43521887	3.82527388
2.73209462	2.8573155	3.18175206
2.17505856	2.27474869	2.53303719
2.05555387	2.14976669	2.39386394
2.07740912	2.17262369	2.41931625
2.23870581	2.341313	2.6071595
2.35166375	2.45944819	2.73870863
2.39393981	2.50366181	2.78794238
2.0665625	2.16128006	2.40668444
