#?RADIANCE
genskyvec -m 1
NROWS=146
NCOLS=1
NCOMP=3
FORMAT=ascii

22.6943656	23.734525	26.4294806
37.438685	39.1546237	43.60047
37.5116944	39.2309794	43.6854956
37.5556525	39.2769525	43.7366894
37.5735437	39.2956631	43.757525
36.9926288	38.6881237	43.0810025
36.4115225	38.0803825	42.4042531
36.6132937	38.2914025	42.6392356
36.1576	37.8148225	42.1085431
36.9474412	38.6408656	43.0283787
38.8988906	40.6817562	45.3010013
40.9259331	42.801705	47.6616631
43.72874	45.7329725	50.9257631
47.5545688	49.7341531	55.3812613
52.1757413	54.5671287	60.7630038
56.6081737	59.2027131	65.9249387
63.6181706	66.5340025	74.0886656
61.00269	63.7986456	71.0427188
64.1511831	67.0914406	74.7094
59.2766212	61.9934656	69.0325706
53.5480575	56.00234	62.3611769
49.7100088	51.9883831	57.89145
44.4205256	46.4564638	51.7314044
41.3780294	43.2745194	48.1881644
39.6236662	41.4397494	46.1450656
37.487125	39.2052844	43.6568825
37.5114819	39.2307563	43.6852487
37.0277319	38.724835	43.1218825
36.9508131	38.6443919	43.0323037
36.6900063	38.3716281	42.7285706
36.9084744	38.6001094	42.9829944
29.35011	30.6953219	34.1806512
27.8469875	29.1233106	32.4301412
29.4735819	30.8244556	34.3244431
28.8863244	30.21028	33.6405337
28.7757387	30.0946275	33.51175
27.9858369	29.2685181	32.5918388
29.4810981	30.8323138	34.3331969
30.5348862	31.9344031	35.5604225
31.2559031	32.6884662	36.400105
31.1374363	32.5645675	36.2621381
34.6989212	36.2892869	40.4097875
38.9559631	40.7414444	45.3674681
45.5681594	47.6567013	53.0679231
53.810775	56.2770994	62.6671331
62.2238306	65.0757538	72.4648394
71.7539537	75.0426762	83.5634637
74.0273294	77.4202494	86.2110019
73.9442219	77.3333287	86.1142125
64.938225	67.9145587	75.6259794
55.8504219	58.4102313	65.0424731
47.4833469	49.6596675	55.2983181
40.806425	42.6767181	47.5224856
35.0971438	36.7057638	40.8735506
33.2262462	34.7491144	38.6947344
31.5929863	33.0409981	36.7926675
30.7865662	32.1976169	35.8535225
29.0885169	30.4217375	33.8760019
29.1522794	30.488425	33.9502606
28.5536162	29.8623237	33.2530669
28.9898656	30.3185681	33.7611181
21.9499325	22.9559713	25.5625281
21.3471037	22.3255137	24.8604831
21.3891669	22.3695037	24.9094681
22.407695	23.4347112	26.0956269
22.6675944	23.7065275	26.398305
23.4578887	24.5330419	27.3186681
24.8007	25.9373987	28.8824831
27.3963381	28.6520031	31.9053206
30.5583975	31.95899	35.5878025
38.2230512	39.9749387	44.5139306
48.7219094	50.9549931	56.7407238
67.6870875	70.78941	78.8272562
87.2300025	91.2280462	101.586617
95.790135	100.180518	111.555605
81.5365087	85.2735963	94.9560613
62.1036794	64.9500981	72.3249119
44.7131775	46.7625306	52.0722237
36.3920756	38.0600469	42.3816088
29.4579406	30.808095	34.3062275
25.8693769	27.055055	30.1270462
24.174705	25.2827125	28.1534594
23.1497681	24.2107988	26.9598356
21.9189312	22.9235469	25.5264238
22.1385406	23.1532231	25.7821763
18.7786925	19.6393819	21.8693544
18.8017244	19.6634706	21.896175
18.7389287	19.5977969	21.8230475
19.0894956	19.96443	22.2313106
19.9711244	20.8864662	23.2580394
20.6923619	21.6407606	24.0979806
22.7355094	23.7775538	26.4773975
26.0838025	27.2793106	30.376765
31.8850225	33.3464175	37.1327675
40.38592	42.2369394	47.0327725
57.10882	59.726305	66.5079831
87.9592919	91.9907506	102.435928
117.78596	123.184468	137.171575
2000.77824039911	2007.02219039911	2023.19977139911
105.91208	110.766388	123.343456
76.3174494	79.8153325	88.8780369
51.7626769	54.1351312	60.2819513
38.0130894	39.755355	44.2694138
29.3318956	30.6762731	34.1594394
24.7112131	25.8438081	28.7782681
22.1785781	23.1950963	25.8288044
20.6054725	21.5498894	23.9967919
19.6340013	20.5338919	22.8654325
19.2993587	20.1839119	22.4757144
18.18769	19.0212894	21.1810806
18.0696769	18.8978694	21.0436444
18.4613631	19.3075094	21.4997956
19.4245438	20.3148369	22.6215013
21.2286131	22.2015887	24.7224913
26.1668306	27.3661425	30.4734569
33.1674388	34.6876138	38.6262525
51.8398762	54.2158706	60.3718575
78.6942544	82.3010738	91.6460275
2411.90861938238	2418.49373238238	2435.55521938238
3841.27407006789	3848.42313306789	3866.94567706789
97.7608706	102.241577	113.850694
57.6829644	60.3267675	67.1766231
36.1737231	37.8316837	42.1273162
27.5911869	28.8557825	32.1322381
22.4928163	23.5237388	26.1947619
19.8842975	20.7956606	23.1569225
18.7267563	19.585065	21.80887
19.2737794	20.15716	22.445925
19.9365713	20.8503294	23.2178006
21.4462175	22.4291662	24.9759081
25.6254494	26.7999481	29.8429725
35.1799137	36.792325	40.9699437
59.2557594	61.9716475	69.0082738
94.0586681	98.3696813	109.53916
89.1243456	93.2092069	103.792727
54.4875213	56.9848638	63.4552631
34.1204787	35.6843331	39.7361431
23.6892362	24.7749931	27.5880919
21.01475	21.9779263	24.4734281
24.0576231	25.1602637	28.0171094
26.3860944	27.5954562	30.7288069
35.4037025	37.0263706	41.2305625
50.8525131	53.1832513	59.2219919
39.7599119	41.5822394	46.3037306
28.8383319	30.1600887	33.5846431
32.3702175	33.85385	37.6978175
