#?RADIANCE
genskyvec -m 1
NROWS=146
NCOLS=1
NCOMP=3
FORMAT=ascii

23.0989037	24.1576025	26.9005975
37.4133687	39.1281481	43.5709906
37.5754688	39.2976775	43.7597681
37.677765	39.4046594	43.8788994
37.7287487	39.4579806	43.9382731
37.1024569	38.802985	43.208905
36.4849106	38.157135	42.4897219
36.6233581	38.3019288	42.6509556
36.002055	37.6521475	41.9273938
36.568555	38.2446131	42.5871306
38.4772088	40.2407462	44.80992
40.1024694	41.9404975	46.70267
42.7416894	44.700685	49.7762625
46.30019	48.4222825	53.9204356
50.7098206	53.0340194	59.0558144
55.4750394	58.0176456	64.6053106
63.1169681	66.0098263	73.5049719
61.55374	64.3749513	71.6844638
65.878925	68.8983731	76.7215019
61.8126069	64.6456837	71.9859363
55.8586163	58.4188013	65.0520163
51.7928	54.1666344	60.3170331
45.8776469	47.9803706	53.4283469
42.4458769	44.3913106	49.4317625
40.2859394	42.1323769	46.916335
37.8348425	39.5689381	44.0618312
37.6579425	39.3839312	43.8558156
37.0752525	38.7745338	43.1772231
36.9000944	38.5913481	42.9732375
36.6366937	38.3158744	42.6664856
36.8536225	38.542745	42.9191163
29.1733744	30.5104862	33.9748275
27.6734906	28.9418575	32.2280875
29.3335531	30.6780056	34.1613694
28.7417269	30.0590544	33.4721381
28.601215	29.9121044	33.3085025
27.7368556	29.0081269	32.3018825
29.1822931	30.5198131	33.9852144
30.1118556	31.4919819	35.0677675
30.6063844	32.0091762	35.6436869
30.1622319	31.5446681	35.126435
33.3690087	34.89842	38.860995
37.1417225	38.84405	43.2546344
43.3172756	45.30265	50.44658
51.0160337	53.3542675	59.4124269
59.3656506	62.0865737	69.1362513
70.0143206	73.2233069	81.5375144
74.303275	77.7088419	86.5323606
76.69605	80.2112831	89.3189438
68.7950575	71.9481594	80.1175794
59.5427375	62.2717762	69.3424825
50.317745	52.6239744	58.5992094
42.6904919	44.64714	49.7166388
36.2821825	37.9451175	42.2536294
33.8904731	35.4437844	39.4682806
31.9188131	33.3817575	37.17212
30.9041925	32.3206331	35.99051
29.04733	30.3786644	33.8280381
29.0193694	30.3494219	33.7954756
28.3766931	29.6772894	33.0470238
28.8003319	30.1203469	33.5403906
21.7322925	22.7283569	25.3090675
21.1138781	22.0815975	24.5888744
21.1337	22.1023281	24.6119569
22.121815	23.1357313	25.7626956
22.2982438	23.3202444	25.9681631
22.946775	23.9985012	26.7234325
24.0633494	25.1662538	28.0237781
26.2931044	27.4982037	30.6205112
28.9103569	30.2354125	33.66852
35.673775	37.3088237	41.5450881
44.9726725	47.0339169	52.3744256
62.8613956	65.7425406	73.2073369
83.7490031	87.5875019	97.5327031
97.4111375	101.875811	113.443388
87.4998725	91.510285	101.900897
67.5199981	70.6146638	78.6326694
48.0429575	50.2449262	55.9500312
38.3796456	40.13871	44.6962962
30.4338656	31.8287506	35.4427744
26.3656844	27.5741094	30.7050356
24.3310956	25.4462719	28.3355912
23.1254538	24.18537	26.9315212
21.7854163	22.7839144	25.370935
21.9475194	22.9534469	25.5597169
18.5415562	19.3913756	21.5931875
18.5267013	19.3758431	21.5758912
18.4076687	19.2513531	21.437265
18.7073031	19.5647225	21.7862144
19.4683025	20.3606	22.6724625
20.0584625	20.9778075	23.3597519
21.7748794	22.772895	25.3586619
24.65313	25.7830656	28.7106262
29.5867044	30.9427606	34.4561856
36.8844419	38.5749787	42.9550087
51.2956362	53.646685	59.7380444
78.14751	81.7292681	91.0092925
106.766599	111.660075	124.338609
1909.14609987437	1915.53574987437	1932.09076887437
117.132658	122.501243	136.41075
84.6671544	88.5477275	98.6019706
56.4113675	58.9968875	65.6957425
40.5357625	42.3936494	47.2072762
30.5562775	31.9567737	35.5853344
25.2852675	26.4441744	29.4468025
22.4023775	23.4291513	26.089435
20.6069188	21.5514037	23.9984756
19.5205694	20.4152625	22.7333306
19.1184781	19.9947412	22.2650631
17.9235575	18.7450525	20.8734769
17.7149325	18.5268644	20.6305169
17.9880975	18.8125525	20.9486394
18.7905125	19.6517437	21.8831181
20.3278581	21.2595506	23.6734863
24.54042	25.6651906	28.5793662
30.5167131	31.9153944	35.5392569
46.40282	48.5296169	54.039955
69.286595	72.4622275	80.6900137
1729.79150297296	1735.53375197296	1750.41140297296
4915.51007589099	4922.68316389099	4941.26808189099
107.399284	112.321745	125.075431
62.5288031	65.394705	72.8200063
38.0612375	39.8057088	44.3254838
28.3928156	29.6941506	33.0658006
22.7389619	23.7811644	26.4814187
19.8563881	20.7664725	23.1244212
18.5554944	19.4059538	21.6094206
18.9155219	19.7824813	22.0287019
19.3662512	20.2538694	22.5536138
20.5734012	21.51635	23.9594419
24.1465331	25.2532488	28.1206525
32.475415	33.9638719	37.82033
53.6730169	56.1330288	62.506705
86.45263	90.41504	100.681293
88.8021869	92.8722844	103.417556
56.7037975	59.3027206	66.0363013
34.9494756	36.5513269	40.70158
23.8178638	24.9095156	27.7378881
20.8224781	21.7768419	24.2495125
23.4832419	24.5595544	27.3481925
25.3144931	26.4747394	29.4808388
33.4031544	34.9341313	38.9007588
48.1825931	50.3909606	56.1126481
39.2150881	41.0124456	45.6692406
28.5693238	29.8787506	33.2713619
31.28077	32.7144719	36.4290656
