#?RADIANCE
genskyvec -m 1
NROWS=146
NCOLS=1
NCOMP=3
FORMAT=ascii

22.9415975	23.9930869	26.7174025
37.2123275	38.9178931	43.3368581
37.5733538	39.295465	43.7573038
37.8616275	39.5969494	44.0930219
37.9768188	39.7174219	44.2271712
37.0787631	38.7782056	43.1813106
36.4485275	38.1190838	42.4473488
36.527775	38.201965	42.5396406
35.6003562	37.2320388	41.4595844
35.7528237	37.3914937	41.637145
38.2814375	40.0360019	44.5819256
39.1216163	40.9146869	45.5603825
41.9890969	43.9135937	48.8998031
45.2463531	47.3201431	52.6931512
49.1940231	51.4487481	57.2905419
54.4556269	56.9515081	63.4181187
62.23423	65.0866312	72.4769519
62.4112213	65.2717344	72.6830719
67.1891819	70.2686837	78.247405
64.0333662	66.9682269	74.5721938
58.517435	61.1994831	68.1484337
53.780885	56.2458419	62.6323238
47.4681631	49.6437837	55.2806325
43.2845212	45.2683956	50.408435
40.9231512	42.7987944	47.6584219
38.2625019	40.0161994	44.5598737
37.8861606	39.6226063	44.1215912
37.2753062	38.9837563	43.4102037
36.714885	38.3976469	42.7575456
36.4716787	38.1432963	42.4743119
36.5859381	38.2627925	42.6073775
27.4573275	28.7157869	31.9763487
25.84309	27.0275613	30.0964331
27.6789694	28.9475869	32.2344681
27.0323638	28.2713463	31.4814406
26.8775963	28.1094837	31.3012019
25.8780681	27.0641463	30.1371688
27.3938475	28.6493975	31.9024187
28.2464438	29.5410719	32.8953375
28.46494	29.7695825	33.1497975
27.45454	28.7128731	31.9731031
30.3147944	31.7042225	35.3041056
33.4809437	35.0154863	38.9913525
39.18121	40.9770131	45.6297869
45.8928612	47.9962825	53.4460625
53.4998756	55.9519494	62.305065
64.2230737	67.1666275	74.7931244
70.5819219	73.8169244	82.1985356
74.5120956	77.9272294	86.7755481
68.5224769	71.6630888	79.8001381
59.6155781	62.3479562	69.4273131
50.2709912	52.5750769	58.5447612
42.2606294	44.1975744	49.2160294
35.2653325	36.8816587	41.0694206
32.7692525	34.271175	38.1625294
30.5901387	31.9921856	35.6247688
29.4654963	30.8159969	34.3150269
27.3953106	28.6509287	31.9041238
27.3383613	28.5913694	31.8378031
26.6123863	27.8321194	30.9923444
27.0435813	28.2830775	31.4945056
19.56618	20.4629638	22.78645
18.9170844	19.7841162	22.0305219
18.9205112	19.7877	22.0345131
19.9137037	20.8264144	23.1911681
20.0026831	20.9194712	23.2947931
20.4960075	21.4354088	23.8693106
21.3432831	22.3215175	24.8560331
23.1248569	24.1847469	26.9308256
24.9906588	26.1360619	29.1037062
30.5622225	31.9629906	35.5922556
38.0684256	39.8132269	44.3338556
53.4106938	55.8586819	62.201205
72.8427831	76.1814088	84.8314937
89.0068594	93.0863344	103.655901
84.8592494	88.7486313	98.8256669
66.7728044	69.8332212	77.7624988
46.9657562	49.1183512	54.6955413
37.0374356	38.7349806	43.1331806
28.6653962	29.979225	33.3832444
24.3796312	25.49703	28.3921144
22.2984638	23.3204769	25.9684212
21.0411775	22.005565	24.5042056
19.63052	20.5302512	22.8613788
19.7961787	20.7035012	23.0543006
16.2027369	16.9453619	18.86944
16.1747875	16.9161294	18.8368875
15.9943587	16.7274325	18.6267631
16.2470256	16.99168	18.9210162
16.8691437	17.6423137	19.6455262
17.2862094	18.0784944	20.1312319
18.5567006	19.4072138	21.6108244
20.8016231	21.75503	24.2252231
24.5337381	25.6581994	28.5715831
30.1885256	31.5721656	35.1570556
41.2799488	43.1719456	48.0739437
61.9238069	64.7619787	72.1154363
85.7358237	89.6653844	99.846515
2044.15088804983	2049.80502604983	2064.45438804983
1853.53553245519	1858.76651445519	1872.31958145519
83.0278294	86.8332738	96.6928375
54.4068306	56.900475	63.3612906
38.3083413	40.0641387	44.6132581
28.2690525	29.564715	32.9216669
22.9654506	24.0180331	26.7451837
20.0896656	21.0104419	23.3960925
18.3014325	19.1402488	21.3135462
17.2017994	17.9902144	20.0329306
16.8174638	17.5882631	19.5853388
15.3494938	16.05301	17.8757631
15.1058406	15.7981919	17.5920112
15.2368963	15.9352531	17.7446356
15.8545975	16.5812656	18.4640019
17.0096844	17.7892925	19.809195
20.1474869	21.0709125	23.4634275
24.6540094	25.783985	28.71165
36.5826831	38.2593881	42.6035837
53.7023437	56.1637006	62.5408569
95.9437225	100.341129	111.734463
5227.37336513194	5233.42198413194	5249.09344013194
101.796483	106.462151	118.550482
58.8480556	61.5452556	68.5334681
34.7717106	36.3654144	40.4945569
25.349185	26.5110206	29.5212381
19.9614713	20.8763706	23.2467975
17.2482619	18.0388069	20.08704
15.9853794	16.7180419	18.6163063
15.9486869	16.6796694	18.573575
16.1430587	16.8829488	18.7999394
16.99295	17.7717925	19.7897069
19.6645044	20.5657944	22.9009544
25.9073969	27.0948188	30.1713237
41.9733906	43.8971669	48.88151
67.9908894	71.1071369	79.1810588
74.5785556	77.9967431	86.852955
50.29181	52.5968494	58.5690069
30.6144956	32.0176606	35.6531338
20.556835	21.4990238	23.9401481
17.6815662	18.4919713	20.5916581
19.5159919	20.4104731	22.728
20.6973619	21.6459906	24.1038038
26.882355	28.1144619	31.3067444
38.8319887	40.6117862	45.2230875
32.775755	34.2779762	38.1701019
24.0512425	25.1535906	28.0096781
25.6586888	26.8347094	29.8816819
