#?RADIANCE
genskyvec -m 1
NROWS=146
NCOLS=1
NCOMP=3
FORMAT=ascii

22.6122725	23.6486675	26.3338781
33.6298838	35.1712525	39.164805
33.0092694	34.5221937	38.4420469
32.7287756	34.2288431	38.1153894
32.0736544	33.543695	37.3524444
30.3750906	31.7672806	35.3743269
30.6090775	32.0119938	35.6468237
31.6510694	33.1017431	36.8603094
33.1596931	34.6795125	38.6172294
35.6477806	37.2816362	41.5148137
42.4911344	44.4386431	49.4844681
47.1146081	49.2740269	54.8688906
53.4663587	55.9168981	62.2660331
57.4294775	60.0616606	66.8814163
58.501155	61.1824556	68.1294738
56.0827469	58.653205	65.313035
51.9529631	54.3341388	60.5035581
46.6356969	48.7731656	54.3111575
41.2830675	43.1752062	48.077575
35.9661356	37.6145813	41.8855637
34.6778637	36.2672656	40.385265
31.5312369	32.9764156	36.7207525
31.2067725	32.63708	36.3428894
29.6922325	31.0531262	34.5790819
31.2257925	32.6569731	36.3650413
32.7505963	34.251665	38.1408006
34.2611737	35.8314756	39.8999931
35.5795806	37.2103106	41.4353887
34.5079094	36.0895231	40.1873406
34.6349813	36.2224181	40.3353244
33.7728375	35.32076	39.3312863
21.3600312	22.3390313	24.8755369
19.4054656	20.2948812	22.5992825
20.7946669	21.7477531	24.2171219
20.0508088	20.9698025	23.3508381
20.3913506	21.3259544	23.7474287
20.5382687	21.4796062	23.9185262
22.9778275	24.0309787	26.7595969
25.8864287	27.07289	30.1469044
29.6716881	31.0316388	34.5551531
33.3834469	34.9135213	38.8778087
41.30153	43.1945169	48.0990763
49.946995	52.2362312	58.1674412
57.0560556	59.6711225	66.446535
60.8084187	63.5954675	70.8164744
57.5952406	60.2350213	67.0744612
48.9056675	51.1471744	56.9547269
42.2498563	44.186305	49.2034794
33.7486894	35.2955006	39.3031613
28.1967025	29.4890519	32.8374144
24.2137287	25.323525	28.1989081
22.1387606	23.1534519	25.7824313
20.95502	21.9154569	24.4038675
19.1005269	19.9759675	22.244155
20.3671131	21.3006081	23.7192031
20.83628	21.7912756	24.265585
21.5195412	22.5058525	25.0613
20.7814475	21.7339294	24.2017294
21.5414644	22.5287788	25.0868306
21.0007494	21.963285	24.457125
21.31366	22.2905344	24.8215344
14.1654919	14.8147425	16.4968962
13.6952256	14.3229237	15.9492338
13.9375925	14.5763987	16.2314888
15.2625256	15.9620575	17.7744837
16.6051956	17.366265	19.3381331
19.20757	20.0879169	22.3688169
23.4277787	24.5015525	27.2836037
30.7405594	32.1495	35.7999456
40.7320163	42.5989006	47.4358306
57.5339394	60.1709081	67.0030681
72.315035	75.6294706	84.2168875
67.6610606	70.7621887	78.7969469
51.57964	53.9437056	60.0687925
37.7468806	39.4769444	43.95939
27.3242881	28.5766513	31.8214131
21.6068944	22.5972069	25.16303
17.4980544	18.3000469	20.3779431
16.2901938	17.036825	18.9712875
14.7726388	15.4497169	17.2039681
13.9103625	14.54792	16.1997781
14.2481913	14.9012331	16.5932063
14.3598081	15.017965	16.723195
13.818445	14.4517894	16.0927312
14.3168181	14.9730081	16.6731294
11.5376919	12.0665025	13.4366037
11.8501862	12.3933194	13.8005306
12.3279931	12.893025	14.356975
13.196295	13.801125	15.3681862
15.328355	16.0309044	17.8511488
17.4421288	18.2415594	20.3128137
23.0442125	24.1004062	26.8369094
32.08171	33.5521225	37.3618281
49.244505	51.5015419	57.3493319
74.5162294	77.9315556	86.7803606
2798.30478464858	2803.37534264858	2816.51272864858
100.226244	104.819939	116.721826
67.6717856	70.7734069	78.8094381
40.1474575	41.9875494	46.7550631
27.5117675	28.7727225	32.0397475
21.2791769	22.25447	24.781375
16.9322575	17.7083194	19.7190269
14.5357788	15.2020013	16.9281262
13.0513275	13.6495138	15.19936
12.2069238	12.7664081	14.2159813
11.844535	12.3874106	13.7939494
11.7173331	12.2543762	13.6458113
11.52381	12.0519831	13.4204381
11.64509	12.1788238	13.56168
10.9783519	11.4815244	12.7852069
11.60683	12.1388081	13.5171212
12.8825269	13.4729756	15.0027769
15.2628469	15.9623931	17.7748575
19.311105	20.1961956	22.4893925
30.7034325	32.110675	35.75671
48.5932206	50.8204081	56.5908569
2419.22254494281	2423.78375944281	2435.60141344281
4417.60458754497	4422.84925854497	4436.43775854497
65.0751362	68.0577475	75.7854244
38.2906787	40.0456669	44.59269
24.6450225	25.7745831	28.7011831
17.6213038	18.4289475	20.5214787
13.8387206	14.4729944	16.1163437
12.2442044	12.805395	14.2593956
11.2543775	11.7702031	13.1066619
10.83987	11.3366969	12.6239325
10.7809175	11.2750431	12.5552781
11.7854631	12.3256281	13.7251525
13.5096906	14.1288825	15.7331606
17.0135075	17.7932944	19.81365
25.1067781	26.2575056	29.2389387
38.7417231	40.5173856	45.1179681
56.2898813	58.8698313	65.55426
46.3631125	48.4880869	53.9937119
29.3729837	30.7192437	34.2072887
18.6036056	19.4562706	21.6654506
14.2363412	14.8888375	16.5794044
11.8135912	12.3550475	13.7579112
11.6579638	12.1922881	13.5766719
14.5173169	15.1826944	16.9066269
18.3894094	19.2322594	21.4160044
26.3640338	27.5723838	30.703115
30.2450862	31.6313206	35.2229256
19.0445887	19.9174663	22.1790119
14.7853806	15.4630444	17.2188106
19.34229	20.2288106	22.5257088
