#?RADIANCE
genskyvec -m 1
NROWS=146
NCOLS=1
NCOMP=3
FORMAT=ascii

17.9443456	18.7667944	20.8976862
30.9991037	32.4198937	36.1010419
30.5739106	31.9752131	35.6058675
30.3590562	31.7505106	35.3556525
30.4485769	31.8441344	35.4599063
30.76493	32.1749887	35.8283262
30.4803569	31.8773744	35.4969181
30.6882594	32.094805	35.7390369
30.60484	32.00756	35.6418862
31.4659762	32.908165	36.6447531
31.2637075	32.6966275	36.409195
32.8242231	34.3286662	38.2265456
33.5453837	35.08288	39.0663969
35.6746513	37.3097375	41.5461069
39.0451337	40.8347006	45.4713131
43.2368756	45.2185638	50.3529469
52.9395419	55.3659356	61.6525106
54.6127119	57.1157925	63.6010575
68.4521594	71.5895494	79.7182494
74.6861669	78.1092812	86.9782663
67.75834	70.8639287	78.9102375
66.0416219	69.0685281	76.9109763
53.8946456	56.3648156	62.7648081
48.6145925	50.8427594	56.6157469
41.9625988	43.8858844	48.8689481
36.0970413	37.751485	42.03801
34.2116756	35.77971	39.84235
32.2296019	33.7067888	37.5340575
31.9497469	33.4141119	37.2081469
30.9622781	32.3813812	36.058155
30.9289025	32.3464756	36.0192856
27.7978638	29.07193	32.3729287
26.6531994	27.8748025	31.0398731
27.5898125	28.8543444	32.1306375
27.2758169	28.5259594	31.7649631
27.2017994	28.44855	31.6787644
26.6629788	27.8850306	31.0512625
27.6567969	28.9244006	32.2086463
28.2691669	29.5648362	32.9218037
28.4221663	29.7248481	33.0999825
27.6664862	28.9345331	32.2199306
29.4129806	30.761075	34.25387
31.4229325	32.86315	36.5946256
35.3136925	36.932235	41.1257394
40.4890987	42.3448488	47.1529331
47.7411812	49.9293181	55.5985863
61.0916062	63.891635	71.1462688
73.4811644	76.84905	85.5749456
93.8695256	98.1718669	109.318877
103.872535	108.633364	120.968231
101.05571	105.687424	117.6878
85.2069719	89.1122844	99.2306244
66.482825	69.5299512	77.4247925
52.2810744	54.6772894	60.8856713
42.7584019	44.7181606	49.7957256
37.0005063	38.6963625	43.0901756
33.6598169	35.2025575	39.1996625
30.4808737	31.8779131	35.4975194
29.21387	30.5528381	34.0219875
28.0498131	29.3354287	32.6663462
27.9026362	29.1815069	32.4949456
22.2009744	23.2185175	25.8548863
21.4841387	22.4688275	25.0200713
21.3496025	22.3281269	24.8633925
22.1268988	23.1410475	25.7686206
22.1644025	23.1802694	25.8122962
22.4906806	23.5215025	26.1922737
22.9715575	24.0244181	26.7522919
24.0555825	25.1581281	28.0147312
24.9687881	26.1131919	29.0782362
28.7199388	30.0362681	33.4467637
33.96633	35.5231194	39.5566237
46.5512887	48.6848912	54.2128594
67.17141	70.2500981	78.22671
99.0150694	103.553261	115.311309
133.860506	139.995781	155.891731
133.312194	139.422344	155.253187
94.2930475	98.6148106	109.812113
66.60815	69.6610187	77.570745
45.1226794	47.1908	52.5491225
34.98367	36.5870875	40.7414006
28.9937425	30.3226212	33.7656294
25.8549887	27.0400087	30.1102912
23.3757588	24.4471463	27.2230206
22.8243462	23.8704606	26.5808531
19.212535	20.0931087	22.3745988
18.9384269	19.8064369	22.0553775
18.5626688	19.4134569	21.617775
18.68856	19.5451188	21.7643869
19.079005	19.9534569	22.2190925
19.2687769	20.1519281	22.4400975
19.9533481	20.867875	23.2373375
21.3721994	22.3517563	24.8897081
23.6260287	24.7088856	27.5144787
27.2935212	28.5444731	31.7855819
34.6071094	36.1932663	40.3028638
48.3588906	50.5753369	56.3179594
66.6685275	69.7241669	77.6410606
114.082014	119.310757	132.858019
2388.15698391993	2396.44330191993	2417.91240891993
2538.33770711241	2546.97848811241	2569.36595711241
116.497379	121.836833	135.670912
73.5285	76.8985538	85.6300681
47.4836012	49.6599312	55.2986131
34.3959444	35.9724244	40.056945
27.5769769	28.8409206	32.1156919
23.47265	24.5484781	27.3358556
21.2681344	22.2429244	24.7685156
20.2605275	21.189135	23.5950756
18.4114481	19.2553069	21.4416681
17.7164975	18.5285031	20.6323394
17.4963256	18.2982394	20.3759281
17.7692369	18.5836606	20.6937581
18.4288331	19.2734881	21.4619137
20.3132481	21.2442738	23.6564719
23.1758944	24.2381206	26.9902613
30.7937438	32.2051212	35.8618819
41.7036294	43.6150431	48.5673544
68.2042006	71.3302244	79.4294788
100.812482	105.433044	117.404526
1934.90332999406	1941.74567999406	1959.47358699406
110.207432	115.258602	128.345758
58.6790569	61.3685094	68.3366538
38.4716913	40.2349737	44.8034919
27.5201131	28.7814506	32.0494675
22.1840269	23.2007931	25.8351487
19.6887125	20.5911112	22.9291469
18.8474625	19.7113037	21.94944
18.313955	19.1533431	21.3281281
18.4468444	19.2923244	21.4828894
20.0353531	20.95364	23.3328412
24.2507069	25.3621963	28.24197
35.3754956	36.99687	41.1977144
54.6992662	57.2063131	63.7018556
71.7964906	75.0871581	83.6129994
68.8793912	72.0363612	80.2157931
42.9105956	44.8773275	49.9729638
27.169755	28.4150363	31.6414469
21.7538044	22.7508525	25.3341206
22.2928162	23.31457	25.961845
22.06499	23.0763019	25.6965225
26.5150862	27.7303588	30.8790287
37.0739881	38.7732131	43.1757531
37.0860275	38.7858019	43.1897712
28.8356031	30.1572338	33.5814631
27.5136813	28.7747225	32.0419737
