#?RADIANCE
genskyvec -m 1
NROWS=146
NCOLS=1
NCOMP=3
FORMAT=ascii

22.8068475	23.8521612	26.560475
37.1611606	38.8643787	43.2772694
37.4799294	39.1977588	43.6485025
37.71281	39.4413125	43.9197131
37.8342612	39.5683306	44.0611519
37.09529	38.7954894	43.2005575
36.4370381	38.1070675	42.4339675
36.4951669	38.1678606	42.5016644
35.5954231	37.2268781	41.4538375
35.8154931	37.4570344	41.7101269
37.8575906	39.5927294	44.0883212
38.8263519	40.6058925	45.2165256
41.3418994	43.2367356	48.14609
44.4840256	46.5228775	51.8053606
48.450555	50.6712056	56.4247131
53.6148256	56.0721712	62.4389369
61.8464406	64.681065	72.0253381
62.0791088	64.9243987	72.2962994
68.0175113	71.1349794	79.2120669
65.5533387	68.5578681	76.3423325
59.6319794	62.36511	69.4464119
55.1582431	57.6863281	64.2363744
48.2624975	50.4745262	56.2057025
44.0594744	46.0788656	51.3109313
41.2912813	43.1837969	48.08714
38.3043525	40.0599681	44.6086113
37.8095769	39.5425137	44.0324044
37.0579781	38.7564669	43.1571063
36.6433044	38.3227888	42.6741844
36.354475	38.02072	42.3378181
36.5404069	38.2151731	42.5543488
28.2404587	29.5348131	32.8883688
26.7032369	27.9271338	31.098145
28.4715594	29.7765056	33.157505
27.8628013	29.1398431	32.4485537
27.6968919	28.9663344	32.2553419
26.7122869	27.9365981	31.1086856
28.143885	29.4338113	32.7759012
28.9278963	30.2537569	33.6889481
29.0985325	30.4322125	33.8876663
28.1256887	29.4147819	32.7547087
30.8641312	32.2787363	35.943855
33.9384525	35.4939625	39.5241587
39.4718344	41.28096	45.9682444
46.1626069	48.2783912	53.7602069
53.9538831	56.4267687	62.8337975
65.3692544	68.3653425	76.1279475
72.4852406	75.8074825	84.4151087
78.334025	81.9243331	91.2265031
73.0956325	76.4458462	85.1259581
64.1195462	67.0583563	74.6725594
53.9002531	56.37068	62.7713387
44.9301794	46.9894769	52.3249406
37.3810113	39.094305	43.5333038
34.2763294	35.8473281	39.9176444
31.7898525	33.2468887	37.021935
30.4662862	31.8626575	35.4805306
28.3227731	29.6208994	32.9842325
28.1654144	29.4563281	32.8009731
27.4322887	28.6896013	31.9471875
27.8398613	29.1158525	32.4218387
20.5823331	21.5256894	23.9698444
19.9374506	20.8512513	23.2188238
19.9337469	20.8473756	23.2145106
20.9032575	21.8613244	24.3435869
20.9716969	21.9328988	24.4232894
21.4307669	22.4130088	24.957915
22.2347688	23.2538637	25.8942437
23.9563094	25.0543056	27.89912
25.7862287	26.9680975	30.0302125
31.2522212	32.6846131	36.3958188
38.6971069	40.4707225	45.0660069
54.19502	56.6789562	63.1146219
74.7817887	78.2092856	87.089625
94.0154175	98.3244575	109.488794
92.7396094	96.9901725	108.002999
73.9055988	77.292935	86.0692312
51.8328281	54.2084987	60.3636538
40.3488444	42.1981656	46.9895937
30.9200644	32.3372325	36.0089937
26.15088	27.3494613	30.4548806
23.6824306	24.7678756	27.5801675
22.2370675	23.256265	25.8969188
20.7358531	21.6862444	24.1486287
20.8326244	21.7874525	24.2613281
17.2983038	18.0911438	20.1453169
17.2424987	18.03278	20.0803269
17.0474594	17.8288025	19.8531894
17.2841112	18.0762994	20.12879
17.8831	18.7027419	20.8263606
18.2860275	19.1241369	21.2956044
19.5324294	20.4276662	22.7471444
21.7447213	22.7413544	25.3235413
25.4384056	26.6043313	29.6251438
31.0256331	32.4476394	36.1319381
42.0409094	43.9677831	48.960145
62.6615456	65.5335319	72.974595
86.9550531	90.9404913	101.266405
2125.57328423192	2131.55174023192	2147.04146523192
2156.25863479242	2162.15337279242	2177.42610979242
94.4333244	98.7615169	109.975486
61.3425687	64.1541038	71.4385388
42.6788538	44.6349662	49.7030844
31.0649894	32.4887981	36.1777688
24.9874194	26.1326769	29.0999344
21.69137	22.6855569	25.2614087
19.6404394	20.5406244	22.8729306
18.417675	19.2618169	21.4489175
17.9498913	18.7725931	20.904145
16.5466581	17.305045	19.2699625
16.2393	16.9836006	18.9120181
16.3453963	17.0945594	19.0355775
16.9317275	17.7077638	19.7184094
18.0762644	18.9047587	21.0513163
21.2125875	22.18483	24.7038269
25.7041519	26.8822575	29.9346262
37.580955	39.3034119	43.766155
54.6553375	57.1603713	63.6506988
96.7317762	101.165318	112.652231
4640.96266856278	4647.29469956278	4663.70043656278
115.274407	120.557826	134.246675
66.5193881	69.5681906	77.4673744
38.7580681	40.5344794	45.1370044
27.9587813	29.240225	32.5603331
21.8097181	22.8093294	25.3992344
18.7081087	19.5655625	21.7871538
17.2724156	18.0640675	20.1151669
17.2652131	18.0565344	20.1067806
17.4087075	18.2066063	20.2738931
18.2009763	19.0351856	21.1965538
20.8662925	21.8226644	24.3005381
27.2143794	28.4617031	31.6934131
43.5506231	45.5466906	50.7183306
70.4048013	73.6316913	81.9922656
79.7629775	83.4187819	92.8906394
55.7179312	58.2716669	64.8881775
33.8063762	35.355835	39.3703444
22.5092044	23.5408763	26.2138456
19.2438056	20.1258131	22.4110169
21.1448263	22.1139638	24.6249131
22.23975	23.2590719	25.9000456
28.60557	29.9166569	33.3135731
41.220635	43.1099131	48.0048656
35.5584756	37.1882387	41.41081
26.21518	27.4167087	30.5297625
27.6410044	28.907885	32.1902544
