#?RADIANCE
genskyvec -m 1
NROWS=146
NCOLS=1
NCOMP=3
FORMAT=ascii

22.6755237	23.7148187	26.4075388
35.6098762	37.241995	41.4706706
34.8309363	36.4273537	40.5635325
34.491425	36.0722813	40.1681419
33.8399419	35.3909394	39.4094356
32.2553337	33.733705	37.5640275
32.6161919	34.1110987	37.9842744
33.8817306	35.4346406	39.4580987
35.7531981	37.3918869	41.6375819
38.8152562	40.5942869	45.2036012
46.0474231	48.1579281	53.6260644
51.5924638	53.9571169	60.0837275
58.2171738	60.8854581	67.798755
62.2187381	65.0704275	72.4589087
62.9184394	65.8021988	73.2737713
59.5169806	62.24484	69.3124875
54.7145963	57.2223475	63.7197119
48.7446813	50.9788106	56.7672462
43.17295	45.1517081	50.2784987
37.6730431	39.3997212	43.8733969
36.3826919	38.0502319	42.3706788
33.3283137	34.8558588	38.8135994
33.0287131	34.5425288	38.4646919
31.5942338	33.0423006	36.7941187
33.3137819	34.8406612	38.7966738
34.8646856	36.4626488	40.6028356
36.53293	38.2073537	42.5456419
37.8118606	39.5449044	44.0350662
36.7430675	38.427125	42.7903687
36.7421156	38.4261287	42.7892587
35.8013269	37.4422194	41.6936294
22.9338962	23.9850337	26.7084356
20.8575025	21.8134719	24.2903
22.3268819	23.350195	26.0015156
21.5874294	22.5768513	25.1403606
22.0409212	23.05113	25.6684894
22.3186612	23.3416025	25.9919438
25.0436162	26.1914475	29.1653775
28.3635287	29.6635206	33.0316931
32.7563963	34.2577294	38.1475556
37.2224794	38.92851	43.3486825
46.2515312	48.3713913	53.8637644
55.9942456	58.5606475	65.2099694
63.3189112	66.2210263	73.7401525
66.4207781	69.4650606	77.3525338
61.8215344	64.6550187	71.9963325
51.6397031	54.0065206	60.1387394
44.3724562	46.4061931	51.6754269
35.3240125	36.9430288	41.1377581
29.6018631	30.958615	34.4738394
25.5239463	26.6937931	29.7247638
23.46553	24.5410331	27.327565
22.3502362	23.3746219	26.0287138
20.4818087	21.4205588	23.8527756
21.9304525	22.9355981	25.5398419
22.493325	23.5242688	26.1953519
23.2455	24.3109175	27.0713231
22.4479319	23.476795	26.1424887
23.2317231	24.29651	27.0552794
22.6205588	23.6573312	26.3435269
22.9202488	23.97076	26.6925394
15.2978619	15.9990137	17.8156375
14.8032131	15.4816944	17.2395775
15.0934494	15.7852306	17.5775781
16.5781531	17.3379856	19.3066419
18.1342625	18.9654163	21.1188606
21.126745	22.0950544	24.6038563
26.0037575	27.1955956	30.2835425
34.5081613	36.0897838	40.1876319
46.2462781	48.3658987	53.8576494
65.4522887	68.4521831	76.2246488
80.95133	84.6615981	94.2745731
72.472295	75.79394	84.4000312
53.8550944	56.3234494	62.718745
39.1015875	40.8937437	45.53706
28.4189694	29.7215044	33.0962594
22.6314425	23.6687175	26.3562037
18.4854481	19.3326963	21.5278475
17.3403144	18.13508	20.1942425
15.8365512	16.5623913	18.4429838
14.9710275	15.6571994	17.4350106
15.3892894	16.0946294	17.9221094
15.5275675	16.2392469	18.0831475
14.9383331	15.6230044	17.3969344
15.4664225	16.1753006	18.01194
12.4765119	13.0483519	14.5299406
12.8303356	13.4183925	14.9419963
13.3818888	13.9952231	15.5843256
14.3654981	15.0239163	16.7298194
16.7860275	17.5553875	19.5487294
19.2046619	20.084875	22.3654313
25.6674363	26.8438619	29.8918713
36.2047113	37.8640925	42.1634025
56.4048131	58.9900319	65.6881094
86.1938931	90.14445	100.379966
3154.95055204995	3160.65972104995	3175.45167104995
103.500718	108.244494	120.535231
68.9821788	72.1438606	80.3355038
41.0635994	42.9456787	47.8219838
28.3575825	29.657305	33.0247713
22.0982544	23.11109	25.7352594
17.7498006	18.5633338	20.6711262
15.3632331	16.0673819	17.8917663
13.9071863	14.5446	16.19608
13.0809025	13.6804419	15.2338006
12.7437144	13.3278012	14.8411194
12.6400738	13.2194094	14.7204212
12.4430987	13.0134081	14.4910269
12.5842512	13.1610287	14.6554113
11.8504956	12.3936419	13.8008894
12.5644637	13.1403337	14.6323656
13.9952769	14.6367269	16.2986669
16.6872862	17.4521188	19.4337375
21.2833419	22.2588275	24.7862256
34.2982369	35.8702406	39.9431581
54.8496919	57.3636331	63.8770388
2678.78279728686	2683.92611228686	2697.25201228686
3799.72257618195	3805.18063418195	3819.32196118195
65.4478587	68.4475494	76.2194819
38.93775	40.7223956	45.3462556
25.3805338	26.5438087	29.5577475
18.3776819	19.2199925	21.4023425
14.5994656	15.2686062	17.0022925
13.0119137	13.6082925	15.1534569
12.038685	12.5904556	14.0200506
11.6496638	12.183605	13.5670044
11.6141794	12.1464963	13.5256813
12.6889269	13.2705006	14.7773131
14.5936313	15.2625062	16.9955019
18.5120056	19.3604713	21.558775
27.5767894	28.8407238	32.11547
42.3398294	44.2804037	49.3082631
59.3723763	62.0936087	69.1440825
47.4735319	49.6493988	55.286885
30.2065606	31.5910262	35.1780588
19.3868281	20.2753888	22.5775769
15.0160244	15.70426	17.4874125
12.5955163	13.1728094	14.6685275
12.4861837	13.0584675	14.5412025
15.5312956	16.2431456	18.0874887
19.7425463	20.6474137	22.9918431
28.1608731	29.4515788	32.7956844
31.7259687	33.1800756	36.9475375
20.0273488	20.9452687	23.3235175
15.6840169	16.4028663	18.265345
20.5429113	21.4844594	23.9239319
