#?RADIANCE
genskyvec -m 1
NROWS=146
NCOLS=1
NCOMP=3
FORMAT=ascii

7.96048562	8.325341	9.27064931
26.7235888	27.9484194	31.1218475
26.0246962	27.2174938	30.3079294
25.7832463	26.9649763	30.0267381
26.0143956	27.2067212	30.2959325
26.8749719	28.10674	31.2981456
26.5927825	27.8116181	30.9695144
26.7020837	27.9259275	31.0968025
26.5067394	27.7216319	30.8693106
27.4207738	28.6775581	31.9337781
25.8044438	26.9871469	30.0514256
26.9550006	28.1904388	31.3913462
26.1695281	27.368965	30.4765988
26.5450306	27.7616769	30.9139025
27.6508831	28.9182144	32.20176
29.1995756	30.5378894	34.0053413
34.6505037	36.2386513	40.3534006
37.515685	39.2351531	43.6901444
52.0448481	54.430235	60.6105669
76.9803694	80.5086344	89.6500625
95.0726494	99.4301419	110.720024
131.009269	137.013844	152.571213
113.432716	118.631724	132.101869
98.2530163	102.756274	114.423821
69.2139869	72.3862931	80.6054606
46.9455494	49.0972175	54.6720063
37.87285	39.60869	44.1060944
31.5710612	33.0180663	36.7671337
29.6077119	30.9647294	34.48065
27.2707837	28.520695	31.7591006
26.8564181	28.0873387	31.2765394
25.1481687	26.3007919	29.2871388
24.0629781	25.1658631	28.0233431
24.9091362	26.0508044	29.0087669
24.7656869	25.9007819	28.8417075
24.7705981	25.9059169	28.8474269
24.2656544	25.3778306	28.2593781
25.0978806	26.2482	29.2285756
25.4301681	26.5957175	29.6155531
25.0685425	26.2175144	29.1944075
23.60506	24.6869581	27.4900606
24.15772	25.2649481	28.1336813
24.449395	25.56999	28.47336
25.8859481	27.0723881	30.146345
26.9938625	28.2310794	31.4366031
29.1540862	30.4903125	33.952365
34.3819125	35.9577488	40.040605
42.8032994	44.765115	49.8480106
57.4441337	60.0769887	66.898485
87.3829462	91.3879975	101.764741
132.160581	138.217944	153.912025
1188.61782563889	1197.29175663889	1219.76519363889
176.454175	184.541656	205.495612
117.487181	122.872019	136.823619
76.139505	79.6292312	88.6708038
53.637415	56.0957944	62.4652438
41.6315988	43.5397119	48.4834694
32.8942106	34.4018619	38.3080519
28.85512	30.177645	33.6041938
26.3786694	27.5876906	30.7201606
25.575155	26.7473475	29.7843981
19.7480762	20.6531956	22.99828
18.9340594	19.8018706	22.0502925
18.796945	19.6584713	21.8906119
19.6411238	20.5413419	22.8737269
19.5990637	20.4973537	22.8247437
19.6766256	20.5784719	22.9150706
19.62991	20.5296131	22.8606663
19.7736763	20.6799681	23.0280944
19.2033375	20.0834925	22.3638894
20.1800931	21.1050131	23.5014006
21.1280119	22.0963788	24.6053312
24.323825	25.4386644	28.32712
29.6426056	31.0012231	34.5212837
39.5522681	41.3650812	46.0619144
62.9025363	65.7855688	73.2552494
107.650184	112.584149	125.367606
1660.20467950264	1668.61189850264	1690.39430450264
975.623945304877	982.756382304877	1001.23592030488
78.5732219	82.1744887	91.5050675
48.5424875	50.76735	56.5317731
34.1488712	35.7140275	39.7692088
26.8680069	28.0994544	31.2900331
22.06982	23.0813537	25.7021462
20.7365862	21.6870119	24.1494837
16.2698713	17.0155738	18.9476231
15.95462	16.6858706	18.5804831
15.4838544	16.1935313	18.0322394
15.6008469	16.3158813	18.168485
15.8416494	16.5677231	18.4489206
15.7498294	16.4716975	18.3419906
15.6602713	16.3780338	18.2376931
15.97931	16.7116925	18.6092369
16.0982575	16.8360944	18.7477631
16.791885	17.5615131	19.5555506
17.961005	18.7842181	20.9170887
20.0556669	20.9748869	23.3564981
23.7081494	24.7947719	27.6101181
33.2180525	34.740545	38.6851925
48.4224763	50.6418388	56.3920119
65.4730825	68.4739312	76.2488675
88.3552775	92.4048937	102.897091
83.4873081	87.3138138	97.2279481
59.2792325	61.9961944	69.0356087
39.8250588	41.6503731	46.3796013
28.9499012	30.2767706	33.714575
22.3627644	23.387725	26.0433044
19.0316919	19.9039769	22.1639944
17.6744706	18.4845488	20.5833938
14.5188294	15.1842762	16.90839
13.8717788	14.5075694	16.1548456
13.4696306	14.0869875	15.6865087
13.5806275	14.2030713	15.8157719
13.641325	14.2665531	15.8864631
13.7377112	14.3673569	15.99871
14.206905	14.858055	16.5451256
15.4266919	16.1337481	17.9656688
17.0778463	17.86058	19.8885762
21.2779981	22.2532388	24.7800031
26.1913144	27.3917494	30.5019675
38.0612263	39.8056987	44.3254731
48.3678806	50.5847406	56.3284319
42.4467744	44.3922506	49.43281
31.388105	32.8267256	36.5540656
22.9487494	24.0005669	26.7257325
18.3822919	19.2248119	21.4077113
15.7966075	16.5206162	18.3964662
13.5652725	14.187015	15.7978925
12.7272206	13.3105512	14.82191
12.5666413	13.1426112	14.6349013
12.77971	13.3654462	14.8830388
13.2700681	13.8782794	15.4541012
15.0052481	15.6929875	17.4748625
18.2474362	19.0837762	21.2506606
22.3699494	23.3952375	26.0516712
27.7458306	29.0175125	32.3123338
24.4884675	25.6108556	28.5188613
19.0885	19.9633888	22.2301506
15.2057519	15.90268	17.7083656
13.6114425	14.2353006	15.85166
12.8358263	13.4241325	14.94839
13.4070131	14.0215025	15.6135869
15.48209	16.1916838	18.0301844
17.1537312	17.9399431	19.9769494
16.1762019	16.9176106	18.838535
14.1498819	14.7984175	16.4787156
