#?RADIANCE
genskyvec -m 1
NROWS=146
NCOLS=1
NCOMP=3
FORMAT=ascii

3.81439544	3.98922187	4.44218144
21.416335	22.3979156	24.9411075
20.5258531	21.4666212	23.9040681
20.1443113	21.0675919	23.4597313
20.201335	21.1272306	23.5261388
20.8838781	21.8410556	24.3210188
20.5777956	21.520945	23.9645588
20.6900419	21.6383362	24.0952775
20.6156169	21.5604981	24.0086063
21.5651469	22.5535475	25.1144119
20.1916594	21.1171106	23.5148713
21.3362663	22.3141769	24.84786
20.5992369	21.5433681	23.98953
20.7332031	21.683475	24.145545
21.2803694	22.2557181	24.7827638
21.8993438	22.9030644	25.5036131
25.04792	26.1959475	29.1703913
26.4614362	27.6742519	30.8165494
35.3648362	36.9857231	41.1853013
52.5147394	54.9216644	61.1577931
72.4678475	75.7892881	84.3948562
122.1058	127.702294	142.202362
347.08090556305	353.16478456305	368.92758856305
118.342708	123.766759	137.819957
75.7045744	79.1743644	88.1642906
46.1584356	48.2740325	53.7553481
34.4156506	35.9930325	40.0798931
27.1458012	28.3899819	31.6135481
24.68814	25.8196775	28.7513963
22.2510375	23.2708744	25.9131894
21.6709925	22.6642462	25.2376788
20.0077744	20.9247956	23.3007206
18.93971	19.8077788	22.0568706
19.5685944	20.4654887	22.7892613
19.3303381	20.2163106	22.51179
19.2458775	20.1279781	22.4134269
18.7917613	19.6530481	21.88457
19.5003838	20.3941513	22.709825
19.8315094	20.7404538	23.0954463
19.6127225	20.5116381	22.8406506
18.3983619	19.2416194	21.4264262
18.8742988	19.7393706	21.9806956
19.0132731	19.8847138	22.1425413
19.9926681	20.9089994	23.2831306
20.312375	21.2433562	23.6554525
21.1710244	22.1413631	24.6554256
23.5762319	24.6568075	27.4564869
28.272045	29.5678475	32.9251556
34.9957056	36.5996756	40.7554181
51.0132437	53.35135	59.4091763
75.7469688	79.2187037	88.2136637
358.604388007165	364.217612007165	378.760965007166
1724.3186604535	1732.5060604535	1753.7188664535
120.778018	126.313671	140.656075
75.2745131	78.7245925	87.6634469
49.6814606	51.9585281	57.8582056
36.7095306	38.3920481	42.7513094
27.5458025	28.8083175	32.0793844
23.6126081	24.6948531	27.4988519
21.2522369	22.2262969	24.7500012
20.4782744	21.4168612	23.8486581
15.1562244	15.8508825	17.6506881
14.4288962	15.09022	16.8036525
14.2719531	14.9260838	16.62088
14.9388094	15.6235031	17.3974881
14.8754594	15.5572506	17.3237125
14.9466331	15.6316875	17.4066025
14.9305137	15.6148281	17.3878262
15.06092	15.7512125	17.5396987
14.4933081	15.1575844	16.8786656
15.0820006	15.7732594	17.5642494
15.3849994	16.0901444	17.917115
16.7880681	17.5575206	19.5511044
18.863935	19.7285319	21.9686281
22.7491562	23.7918244	26.49329
32.7310963	34.23127	38.1180931
51.25684	53.6061094	59.6928625
80.1539219	83.8276412	93.3459256
103.977216	108.742835	121.09013
62.2115144	65.0628738	72.4504963
37.9365756	39.6753344	44.1803056
26.9936	28.2308063	31.4362981
20.9845812	21.946375	24.4382937
16.9351944	17.7113894	19.7224475
15.9738181	16.7059513	18.6028444
11.9602556	12.5084338	13.9287144
11.7695694	12.3090075	13.706645
11.37908	11.9006206	13.2518856
11.4850012	12.0113969	13.3752412
11.6838513	12.2193612	13.60682
11.5987731	12.1303844	13.5077381
11.4988737	12.0259044	13.3913975
11.7100944	12.2468081	13.6373819
11.6424931	12.1761044	13.5586512
11.9506019	12.4983381	13.9174731
12.3000644	12.8638169	14.32445
12.8706819	13.4605881	14.9889825
14.3483612	15.0059938	16.7098631
18.0257019	18.8518775	20.9924312
23.6592844	24.7436669	27.55321
29.6005762	30.9572688	34.4723406
39.1370994	40.9308819	45.5784169
42.6968556	44.6537925	49.7240469
37.0744775	38.7737231	43.17632
27.2741931	28.5242581	31.7630725
20.6114387	21.5561306	24.0037413
16.2110506	16.9540563	18.8791219
13.8670375	14.5026094	16.1493219
13.0256381	13.6226481	15.1694425
10.1772766	10.6437331	11.8522875
9.82538044	10.2757094	11.4424744
9.54182613	9.979159	11.1122525
9.67353269	10.1169024	11.2656362
9.69948737	10.1440472	11.2958619
9.65263744	10.0950504	11.2413006
9.84638094	10.2976742	11.4669306
10.2780202	10.7490942	11.96961
10.7923206	11.28697	12.5685594
12.2948769	12.8583925	14.31841
13.8321825	14.4661569	16.1087294
18.2792881	19.11709	21.2877569
22.6697881	23.7088194	26.4008594
22.4180144	23.4455056	26.1076469
18.4856975	19.3329594	21.5281362
14.7055131	15.3795131	17.125795
12.4358081	13.0057838	14.4825369
10.9365944	11.4378562	12.7365769
9.1265995	9.54490156	10.6286862
8.59965719	8.99380769	10.0150174
8.57706375	8.97017875	9.9887065
8.69010231	9.08839819	10.1203488
8.75065087	9.15172194	10.1908634
9.30001669	9.72626694	10.8306444
10.4479621	10.9268261	12.1675225
11.90542	12.4510856	13.8648544
14.2205831	14.8723594	16.5610544
13.5658875	14.1876562	15.7986063
11.7684875	12.3078762	13.7053844
9.82368062	10.2739334	11.4404937
8.63200056	9.0276335	10.0526844
8.22864881	8.60579481	9.58294763
8.38732513	8.77174381	9.76773938
9.13494681	9.55363213	10.6384069
9.82432137	10.2746016	11.4412413
9.67108987	10.1143481	11.2627919
8.61850438	9.01351875	10.0369677
