#?RADIANCE
genskyvec -m 1
NROWS=146
NCOLS=1
NCOMP=3
FORMAT=ascii

8.4554825	8.84302513	9.84711506
26.6562813	27.8780269	31.0434638
25.9580419	27.1477863	30.2303063
26.3199356	27.526265	30.6517606
27.71158	28.9816944	32.2724463
30.83155	32.2446606	35.9059106
36.1841475	37.842585	42.1394563
44.1392775	46.1623262	51.40387
60.0229925	62.7740431	69.9017781
83.1630694	86.9747087	96.8503262
98.3656306	102.874048	114.554983
118.281296	123.702502	137.748434
94.3430675	98.6671294	109.870376
70.6398294	73.8774869	82.2659744
53.4120625	55.8601162	62.2028031
40.7650269	42.6334213	47.4742737
34.0439356	35.6042825	39.6470019
29.5136631	30.8663725	34.3711231
27.3641763	28.6183688	31.8678669
25.978255	27.1689225	30.2538425
26.6786794	27.9014506	31.0695469
27.3176419	28.5696975	31.8136712
27.8214063	29.0965544	32.4003481
28.1567319	29.44725	32.7908638
30.0277044	31.4039731	34.9697637
29.9596588	31.3328069	34.8905194
31.0390037	32.4616212	36.1475069
30.2692906	31.6566313	35.2511112
29.4531794	30.8031156	34.3006831
27.9929413	29.2759513	32.6001144
26.9653806	28.2012919	31.4034331
19.7488919	20.6540494	22.9992319
18.4625888	19.3087912	21.5012256
20.4243	21.3604125	23.7858
21.4894112	22.4743406	25.0262094
25.0770637	26.2264306	29.2043338
29.6249319	30.9827406	34.5007044
38.8933675	40.6759788	45.2945725
55.3559469	57.8930937	64.4666181
84.6424269	88.5218694	98.5731644
123.378394	129.033219	143.684425
966.716226172635	973.351620172635	990.543295172635
110.605034	115.674421	128.808787
75.1599169	78.604745	87.5299912
49.8864631	52.1729256	58.0969481
36.3518062	38.0179287	42.3347094
27.5270356	28.7886888	32.0575269
25.1388325	26.2910281	29.2762656
20.6439069	21.590085	24.0415494
19.4333619	20.3240575	22.6317706
18.3942675	19.2373369	21.4216575
18.8159406	19.67834	21.9127313
19.7745888	20.6809225	23.0291569
19.1307375	20.0075612	22.2793388
21.3855981	22.3657694	24.9053125
22.136815	23.1514188	25.7801656
22.5604244	23.594445	26.2734975
21.1455731	22.1147444	24.6257838
21.1056375	22.07298	24.5792744
19.9879875	20.9041025	23.2776781
19.8758281	20.7868025	23.1470581
13.26232	13.8701775	15.44508
13.0576494	13.656125	15.2067219
14.1664569	14.8157519	16.4980206
17.6769675	18.48716	20.5863
22.9694906	24.0222581	26.7498856
34.1249319	35.6889906	39.7413294
56.0367688	58.6051206	65.2594888
808.892583667547	813.626788667547	825.892696667547
3071.15383581671	3077.48881781671	3093.90226181671
85.9052931	89.8426206	100.043875
50.2715225	52.5756319	58.5453812
29.9621538	31.3354163	34.893425
20.9610019	21.9217137	24.4108375
16.4036756	17.15551	19.1034488
14.4528156	15.1152375	16.83151
13.6714263	14.2980331	15.9215163
13.0370025	13.6345325	15.1826769
13.9577187	14.5974475	16.2549294
13.7531494	14.3835013	16.0166881
13.2604556	13.868225	15.4429075
14.0083869	14.6504381	16.3139356
14.0116925	14.653895	16.317785
13.0330131	13.6303587	15.1780294
13.3625525	13.9750038	15.5618069
10.0865984	10.5489009	11.7466844
10.6789467	11.1683988	12.4365263
11.7258088	12.2632425	13.6556831
13.6291244	14.2537925	15.8722519
18.605085	19.4578169	21.6671719
24.0316075	25.133055	27.9868081
38.5424981	40.3090306	44.8859544
58.7596756	61.4528256	68.4305394
66.8253613	69.8881906	77.8237019
52.0494294	54.4350269	60.6159
33.25471	34.7788813	38.7278825
21.6104862	22.6009662	25.167215
17.0463469	17.8276363	19.8518913
13.3884888	14.0021281	15.5920125
11.5739612	12.1044312	13.4788419
10.5000968	10.9813513	12.2282388
10.0344956	10.4944103	11.6860069
9.96606975	10.4228483	11.6063181
10.1998029	10.6672925	11.8785194
10.1942207	10.6614548	11.8720188
10.2844221	10.7557908	11.9770669
10.3227893	10.7959167	12.0217488
10.0428069	10.5031026	11.6956869
10.2293438	10.6981878	11.9129231
8.58911113	8.98277831	10.0027357
9.46864737	9.90262631	11.02703
10.9923388	11.4961537	12.8014944
14.5937063	15.2625838	16.9955875
20.2055738	21.1316625	23.5310756
29.1663038	30.5030913	33.9665931
33.3227688	34.8500613	38.8071444
26.4501156	27.6624125	30.8033656
19.3181969	20.2036137	22.4976512
13.8259025	14.4595881	16.1014144
10.8145759	11.3102438	12.5944769
9.45087675	9.88404169	11.0063344
8.69278381	9.09120256	10.1234718
8.279466	8.65894119	9.64212837
8.08125731	8.45164787	9.41129788
8.09913569	8.470346	9.432119
8.24637825	8.624337	9.60359525
8.31174631	8.69270106	9.67972175
8.123253	8.4955685	9.4602055
9.24664363	9.67044762	10.7684881
12.2709769	12.8333969	14.2905762
17.0796256	17.86244	19.8906475
17.8020275	18.6179537	20.7319456
14.7452281	15.4210519	17.1720481
11.4361712	11.9603288	13.318375
9.237446	9.66082825	10.7577756
7.97326388	8.33870481	9.28553056
7.49656562	7.84015781	8.73037562
7.42698469	7.76738794	8.64934294
7.51493556	7.85937012	8.75176919
8.10168431	8.47301094	9.43508706
9.6317695	10.0732261	11.2169988
10.9276251	11.4284731	12.7261294
10.0571543	10.5181061	11.7123944
7.99094763	8.35719925	9.30612494
7.51850081	7.86309844	8.75592119
8.67153994	9.06898519	10.0987314
