#?RADIANCE
genskyvec -m 1
NROWS=146
NCOLS=1
NCOMP=3
FORMAT=ascii

17.722475	18.5347537	20.6392994
32.5230988	34.0137394	37.8758625
31.87405	33.3349438	37.1199919
31.5616544	33.00823	36.7561787
31.6171744	33.0662944	36.8208356
32.1748663	33.6495475	37.4703169
31.8895112	33.3511144	37.1379975
31.9980612	33.4646362	37.2644094
32.0042419	33.4711	37.2716094
32.9665819	34.4775494	38.3923331
32.0172194	33.4846725	37.2867213
33.6177775	35.1585931	39.1507062
33.7558331	35.3029731	39.3114812
35.3879481	37.009895	41.2122169
38.2383069	39.9908937	44.5316975
41.8553825	43.7737537	48.7440825
51.4015231	53.757425	59.8613594
54.3951494	56.8882594	63.3476875
72.458025	75.7790188	84.3834119
88.4837787	92.5392787	103.046733
84.9767906	88.8715556	98.9625569
88.32243	92.3705331	102.858832
70.69275	73.9328306	82.3276019
62.9094481	65.7927944	73.2632963
51.2052419	53.5521481	59.6327744
41.51229	43.4149369	48.3445244
37.8645144	39.5999719	44.0963869
34.7226569	36.3141119	40.4374306
34.1274744	35.6916475	39.74429
32.7160506	34.2155369	38.1005694
32.5991487	34.0932756	37.9644256
31.02184	32.4436738	36.1275194
29.9695219	31.3431244	34.9020069
30.6243262	32.0279406	35.6645819
30.3713069	31.7633262	35.3699206
30.2642969	31.6514119	35.2452981
29.7979719	31.1637131	34.7022238
30.5786462	31.980165	35.6113825
31.0439619	32.4668094	36.1532819
31.0936019	32.5187256	36.2110931
30.3569475	31.7483075	35.3531969
31.6502631	33.1008981	36.85937
33.1279381	34.6463019	38.5802481
36.1615919	37.8189975	42.11319
40.23085	42.0747625	46.8521794
46.4195869	48.5471512	54.05948
58.9162719	61.6165987	68.6129125
72.8775475	76.217765	84.87198
100.072274	104.658921	116.542506
128.743419	134.644156	149.932444
143.853937	150.447244	167.529906
129.98465	135.942269	151.377944
99.9844419	104.567063	116.440211
75.8621481	79.33916	88.3477962
57.3434044	59.9716419	66.7811756
46.7869131	48.9313106	54.4872606
40.7087156	42.5745312	47.4086944
35.87142	37.5155256	41.7752606
33.4962588	35.0315044	39.0091875
31.848935	33.3086769	37.0907394
31.3561031	32.7932569	36.5167975
25.9816488	27.172475	30.2577975
25.1522069	26.305015	29.2918425
24.9182531	26.0603394	29.0193838
25.62321	26.7976044	29.8403631
25.5941719	26.7672369	29.8065475
25.8180113	27.0013344	30.0672256
26.1197906	27.3169463	30.4186731
26.9013344	28.1343125	31.3288475
27.3550694	28.6088444	31.8572619
30.2307988	31.6163744	35.2062856
34.1714369	35.7376262	39.7954875
44.2191313	46.24584	51.4968656
61.6277069	64.4523056	71.7706038
92.298785	96.529145	107.489636
145.770181	152.451313	169.761531
1165.30305635072	1174.25211835072	1197.43831835072
156.819063	164.006587	182.628869
105.510517	110.346419	122.875806
65.7694644	68.7838969	76.5940263
47.7875262	49.9777869	55.6525594
37.1413844	38.8436987	43.2542406
31.799785	33.2572738	37.0335013
28.080095	29.3670981	32.7016125
26.9235988	28.1575962	31.354775
22.9159269	23.9662412	26.6875075
22.4628119	23.4923569	26.1598162
21.9323537	22.9375837	25.5420544
21.9950813	23.0031887	25.6151069
22.2820925	23.3033563	25.9493569
22.3563181	23.3809838	26.0357975
22.7695406	23.8131431	26.5170281
23.8302288	24.9224469	27.7522881
25.383315	26.5467144	29.5609862
28.0875844	29.37493	32.7103325
33.40274	34.9336987	38.9002762
43.3241044	45.30979	50.4545319
57.1415425	59.7605281	66.5460912
94.3139075	98.6366206	109.836401
156.227856	163.3883	181.94035
4226.49407367712	4236.81999167712	4263.57356667712
1475.53489794172	1483.79794794172	1505.20679794172
111.103597	116.195833	129.389406
68.3118569	71.4428144	79.5548531
46.8224069	48.9684331	54.5285981
35.8058187	37.4469169	41.6988625
29.2741162	30.6158456	34.0921494
25.9409431	27.1299031	30.2103925
24.3719363	25.4889819	28.3831525
21.9681025	22.9749719	25.5836881
20.9622131	21.9229812	24.4122462
20.5208806	21.4614181	23.8982756
20.6406606	21.5866906	24.0377713
21.0664312	22.031975	24.5336163
22.343735	23.3678194	26.0211412
24.4186538	25.5378413	28.4375575
29.9132888	31.2843137	34.83652
37.7091	39.4374319	43.9153906
56.5020694	59.0917456	65.8013694
80.13791	83.8108912	93.3272781
127.749039	133.604212	148.774431
131.688191	137.72389	153.361888
76.4778194	79.9830525	89.0648075
49.5881938	51.8609837	57.7495856
34.6055275	36.1916138	40.3010237
27.270515	28.5204144	31.7587912
23.7471331	24.8355425	27.6555181
22.10236	23.1153831	25.7400413
21.0981037	22.0651006	24.5705025
20.8850638	21.8422944	24.3223975
21.94316	22.9488875	25.5546394
24.9954594	26.1410838	29.1092962
33.1891581	34.7103269	38.6515412
47.5614762	49.7413731	55.3893044
63.2835963	66.184095	73.6990256
71.466535	74.7420831	83.2287381
49.6967094	51.9744756	57.8759644
32.6310738	34.1266625	38.0016063
25.6235488	26.7979619	29.8407594
24.98106	26.1260244	29.0925281
23.9974631	25.0973456	27.9470456
27.2174006	28.464865	31.6969338
35.7533206	37.3920144	41.637725
38.3945806	40.1543306	44.7136912
31.96554	33.4306269	37.22654
28.9875094	30.3161031	33.7583731
