#?RADIANCE
genskyvec -m 1
NROWS=146
NCOLS=1
NCOMP=3
FORMAT=ascii

23.9050337	25.0006794	27.8394038
37.4251869	39.1405075	43.5847506
37.6814144	39.4084788	43.8831512
37.8541369	39.5891163	44.0842987
37.9291644	39.6675837	44.1716737
37.1969206	38.9017762	43.318915
36.5767106	38.2531381	42.5966262
36.6897938	38.3714094	42.7283256
35.9504056	37.5981331	41.8672463
36.3253431	37.9902519	42.3038906
38.4409825	40.2028594	44.7677288
39.7342675	41.5554175	46.2738662
42.42196	44.3662975	49.4039094
45.8446331	47.9458431	53.3898956
50.0784663	52.3737281	58.3205519
55.04626	57.5692131	64.1059594
62.8263356	65.7058775	73.1665094
61.9895544	64.8307381	72.1920019
66.6768988	69.7329206	77.65081
63.050825	65.9406525	73.4279419
57.1722544	59.7926462	66.5818587
52.8606831	55.2834631	61.5606744
46.7246119	48.866155	54.4147056
42.9958431	44.9664844	50.0722462
40.6781156	42.5425287	47.3730587
38.1330412	39.880805	44.4091056
37.8358331	39.5699737	44.0629812
37.2417719	38.9486844	43.3711494
36.91498	38.606915	42.9905713
36.6752531	38.3561987	42.7113869
36.8469837	38.5358019	42.911385
28.71047	30.0263656	33.4357363
27.1816506	28.4274756	31.6552981
28.8959625	30.2203613	33.65176
28.2891606	29.585745	32.9450869
28.1391806	29.4288912	32.7704212
27.2234081	28.4711475	31.7039294
28.6770662	29.99143	33.3968362
29.5599488	30.9147788	34.4250256
29.9335031	31.3054537	34.8600606
29.2717506	30.6133731	34.089395
32.31321	33.79423	37.6314262
35.82487	37.4668406	41.72105
41.7813425	43.6963206	48.6578588
49.1007394	51.3511881	57.1819056
57.2318219	59.8549456	66.65123
68.13032	71.252955	79.3434369
73.4150075	76.7798638	85.4979012
76.8163563	80.3371025	89.45905
69.7147625	72.9100225	81.1886531
60.52918	63.3034325	70.4912781
51.0579612	53.3981163	59.4612531
43.08684	45.0616519	50.1782169
36.3492744	38.0152819	42.3317619
33.7953375	35.3442887	39.3574875
31.6835912	33.1357556	36.8981844
30.5879519	31.9898988	35.62222
28.6358569	29.9483337	33.3488444
28.5773681	29.8871644	33.2807306
27.90174	29.1805681	32.4939038
28.3237969	29.6219712	32.9854238
21.1438563	22.1129487	24.6237838
20.5141012	21.4543287	23.8903825
20.5249981	21.4657275	23.9030731
21.5081969	22.4939875	25.0480888
21.6440281	22.6360456	25.2062756
22.2217812	23.2402769	25.8791162
23.2200012	24.2842525	27.0416294
25.25568	26.4132306	29.4123463
27.5626962	28.8259856	32.0990594
33.8254375	35.37577	39.3925438
42.40053	44.3438869	49.3789519
59.3712469	62.0924288	69.1427719
80.1191475	83.7912725	93.3054344
95.6121169	99.9943356	111.348291
88.3657812	92.4158731	102.909323
68.7797175	71.9321188	80.0997144
48.6748169	50.9057444	56.6858825
38.5834469	40.351855	44.9336406
30.26043	31.6473644	35.240795
26.0100975	27.2022256	30.2909281
23.8738012	24.9680169	27.8030338
22.6077469	23.6439369	26.3286094
21.2214012	22.1940481	24.7140919
21.3695237	22.3489606	24.8865912
17.9051138	18.7257644	20.8519975
17.8778937	18.6972969	20.8202975
17.7304431	18.5430869	20.6485788
18.0067825	18.8320925	20.9703987
18.7057444	19.5630906	21.7843981
19.2228262	20.1038712	22.3865837
20.7538756	21.7050963	24.1696188
23.3684175	24.4394675	27.2144694
27.8072975	29.0817981	32.3839169
34.4251419	36.00296	40.0909475
47.4832537	49.65957	55.29821
71.8548306	75.1481731	83.6809406
98.8427325	103.373022	115.110593
2003.033342642	2009.257023642	2025.381992642
119.361286	124.832012	139.006181
86.5316944	90.4977294	100.773377
57.1774925	59.7981238	66.5879569
40.6667875	42.5306787	47.3598631
30.3208937	31.7106006	35.3112087
24.8670506	26.0067906	28.9597531
21.8926638	22.8960769	25.4958337
20.0403219	20.9588375	23.3386281
18.9206319	19.7878269	22.0346538
18.5055687	19.3537394	21.5512781
17.2217981	18.0111312	20.0562206
16.9825594	17.7609256	19.7776081
17.1923862	17.9803694	20.0219656
17.9118444	18.7328031	20.8598356
19.2927338	20.1769856	22.4679994
23.0718187	24.1292781	26.8690581
28.4498556	29.7538081	33.1322294
42.7201287	44.6781344	49.7511519
63.2632006	66.1627619	73.6752725
1642.08825667307	1647.29997667307	1660.80310867307
5465.99605341797	5472.85788441797	5490.63629741797
108.537082	113.511709	126.400497
62.9119	65.7953606	73.2661562
37.7476556	39.4777556	43.9602931
27.8516581	29.1281906	32.4355775
22.1180056	23.1317469	25.7582612
19.206275	20.08656	22.3673075
17.8779537	18.69736	20.8203675
18.0923044	18.9215356	21.0699981
18.4280081	19.272625	21.4609525
19.4756394	20.3682731	22.6810056
22.6842081	23.7238994	26.4176513
30.206425	31.5908856	35.1779
49.4367581	51.7026087	57.5732294
79.8973606	83.55932	93.0471438
84.9344331	88.8272606	98.9132337
55.6497294	58.2003394	64.8087487
34.0825238	35.6446363	39.6919394
23.0437156	24.099885	26.8363275
19.9964663	20.9129731	23.2875538
22.3547087	23.3792956	26.0339213
23.9042044	24.9998125	27.83844
31.2912062	32.7253862	36.44122
45.1711731	47.2415169	52.6055969
37.4559438	39.1726744	43.6205725
27.3742906	28.6289425	31.8796406
29.6058431	30.962775	34.4784744
