#?RADIANCE
genskyvec -m 1
NROWS=146
NCOLS=1
NCOMP=3
FORMAT=ascii

20.2732781	21.2024706	23.6099225
32.3546369	33.8375594	37.679675
32.0124444	33.47968	37.2811606
31.8213975	33.2798781	37.0586712
31.9529325	33.4174412	37.2118544
32.4574212	33.9450519	37.7993738
32.4551681	33.9426944	37.7967475
32.9542656	34.4646688	38.3779894
33.6741912	35.2175912	39.2164025
35.5572519	37.1869575	41.4093844
35.9226475	37.5691006	41.8349194
39.8615175	41.6885038	46.4220625
42.072465	44.0007838	48.9968931
46.6206463	48.7574244	54.2936312
52.4846537	54.8901975	61.122755
55.6802244	58.2322337	64.8442638
62.6469137	65.51823	72.9575569
56.4817625	59.07051	65.7777237
59.8247725	62.5667412	69.6709356
54.03342	56.5099481	62.9264219
47.1082694	49.2673956	54.8615056
44.5075256	46.5474531	51.8327256
39.3487025	41.1521819	45.8248438
37.5499237	39.2709588	43.7300169
35.5885619	37.2197031	41.4458494
33.3581844	34.8871	38.8483875
33.1581337	34.67788	38.6154125
32.3021875	33.7827031	37.6185913
32.6023175	34.0965925	37.9681181
32.0306081	33.49868	37.3023163
32.2124531	33.6888563	37.5140881
29.5897781	30.9459738	34.4597625
28.636205	29.9486975	33.3492494
29.6226425	30.9803481	34.4980387
29.4928456	30.8446006	34.3468794
29.7206337	31.0828263	34.6121563
29.6396	30.9980794	34.5177831
31.0083188	32.4295313	36.1117712
32.4192625	33.905145	37.7549331
34.0641769	35.6254506	39.6705756
35.7547244	37.3934812	41.6393575
40.3357281	42.1844481	46.97432
46.4398581	48.5683494	54.0830875
54.3141612	56.8035575	63.2533713
65.2159756	68.2050394	75.94944
75.3977694	78.8534981	87.8069887
84.1789094	88.0371062	98.0333631
81.53869	85.2758781	94.95861
79.2502056	82.8825019	92.29347
67.2692031	70.3523731	78.3405963
57.4908425	60.1258369	66.9528794
48.5166569	50.7403356	56.501695
41.6536962	43.5628225	48.5092025
36.5286744	38.2029038	42.5406875
34.1970638	35.7644281	39.8253319
32.6232631	34.1184956	37.9925106
31.686	33.1382738	36.9009887
30.2224175	31.6076106	35.1965263
29.9410094	31.3133056	34.8688019
29.3463112	30.6913488	34.1762244
29.5137169	30.8664288	34.3711831
24.1588237	25.2661037	28.1349644
23.6507956	24.7347894	27.5433237
23.8056969	24.8967919	27.7237194
24.95547	26.0992631	29.0627269
25.6156281	26.7896781	29.831535
26.9789438	28.2154794	31.4192288
29.16732	30.504155	33.9677769
33.1566025	34.6762806	38.6136306
38.5427137	40.3092544	44.8862044
49.9351219	52.2238131	58.1536138
65.5660231	68.57113	76.3571019
90.1309375	94.2619362	104.964976
109.488721	114.506942	127.508738
110.545046	115.6117	128.738925
87.8897013	91.9179756	102.354889
65.6681294	68.6779169	76.4760131
47.50395	49.6812131	55.3223125
38.8982619	40.6810981	45.3002712
31.9658969	33.4310006	37.2269537
28.4019631	29.70372	33.0764537
26.6433056	27.8644563	31.0283494
25.5725819	26.7446588	29.7814044
24.29527	25.4088025	28.2938675
24.3753025	25.4925025	28.3870713
21.2090987	22.1811819	24.6997637
21.2947125	22.27072	24.7994706
21.3964156	22.3770844	24.9179119
21.9443531	22.9501363	25.5560294
23.2954444	24.3631512	27.1294888
24.501605	25.624595	28.5341619
27.7872625	29.0608456	32.3605844
33.02077	34.5342206	38.4554412
42.3027819	44.2416575	49.2651175
55.6673894	58.2188081	64.8293137
81.2809244	85.00629	94.6584119
126.037513	131.814216	146.781175
1438.12211924322	1445.43910124322	1464.39674524322
152.360706	159.343888	177.43675
110.274867	115.329116	128.424281
79.548085	83.1940363	92.640385
54.8804931	57.3958469	63.9129119
40.94713	42.8238738	47.6863475
32.0546338	33.5238037	37.330295
27.3060756	28.5576044	31.8002019
24.7047519	25.8370531	28.7707438
23.0815419	24.1394456	26.8803819
22.0671269	23.0785369	25.69901
21.71661	22.7119538	25.2908037
20.6788244	21.6266038	24.0822162
20.7135681	21.6629388	24.1226775
21.4423256	22.4250963	24.971375
22.9842394	24.0376831	26.7670631
25.7944056	26.9766475	30.0397356
33.5363744	35.0734562	39.055905
44.5264081	46.5672012	51.854715
73.5751894	76.9473831	85.6844419
113.902924	119.123479	132.649463
3143.12114903904	3152.42171803904	3176.51865503904
1939.02814471455	1946.74849471455	1966.75131271455
101.437925	106.087168	118.13292
61.2778394	64.0864044	71.3631519
39.3975356	41.203255	45.881715
30.483015	31.8801519	35.5000119
25.0976706	26.2479806	29.2283306
22.3512831	23.375715	26.029935
21.1705531	22.1408694	24.6548756
22.1181613	23.13191	25.758445
23.3242638	24.3932913	27.1630481
25.8309269	27.0148444	30.08227
32.2982363	33.7785706	37.61399
46.4716237	48.6015725	54.1200812
80.6776912	84.3754181	93.9559
121.563215	127.134859	141.570513
101.837394	106.504936	118.598148
60.0942306	62.8485481	69.9847425
38.0969144	39.8430212	44.3670331
26.6385794	27.859515	31.0228481
23.9033075	24.9988744	27.8373944
28.1829025	29.4746175	32.8213388
31.9764012	33.4419844	37.2391863
44.6062544	46.6507056	51.9477031
63.6814187	66.6001475	74.16232
46.7028831	48.8434287	54.3894019
33.3389919	34.8670269	38.826035
39.0140025	40.802145	45.4350594
