#?RADIANCE
genskyvec -m 1
NROWS=146
NCOLS=1
NCOMP=3
FORMAT=ascii

1.14646031	1.19900637	1.33514862
12.1059694	12.6608256	14.0984112
12.2111433	12.7708213	14.2208956
12.5838258	13.160583	14.6549144
13.7446325	14.3745944	16.00677
16.7214813	17.4878819	19.4735588
21.7101338	22.7051806	25.2832619
29.9880556	31.3625056	34.9235906
50.482725	52.7965156	58.7913425
309.326507631766	313.205803231766	323.256734531766
377.5048791806	381.3403778806	391.2778378806
59.559195	62.2889881	69.3616475
33.2315681	34.7546806	38.7009325
22.2624325	23.2827925	25.9264594
17.2389669	18.0290862	20.076215
14.1257413	14.77317	16.4506025
13.2290356	13.8353656	15.4063162
11.8007874	12.3416562	13.7430009
12.0852333	12.6391401	14.074265
11.8632017	12.4069319	13.8156875
11.5972554	12.1287952	13.5059701
12.0439062	12.5959169	14.0261313
11.4385721	11.9628394	13.3211711
11.5638379	12.0938473	13.4670533
11.6663988	12.2011069	13.5864931
11.0442164	11.5504093	12.8619119
11.4709861	11.9967405	13.35892
11.148535	11.6595092	12.9833988
11.705655	12.2421624	13.63221
11.4261924	11.9498916	13.306755
11.8180182	12.3596773	13.7630681
10.9901074	11.4938194	12.7988956
10.776915	11.2708582	12.5506175
11.893171	12.4382762	13.85059
12.8746506	13.46474	14.9936063
15.5294587	16.2412231	18.08535
19.3385581	20.2249094	22.5213638
27.3140319	28.5659237	31.8094675
43.1150331	45.0911362	50.2110512
71.7017769	74.9881081	83.5027013
275.573704516428	278.381501416428	285.656252716428
45.7328619	47.8289506	53.2597344
29.9235006	31.2949944	34.8484137
21.6396875	22.6315056	25.20122
16.0307081	16.7654481	18.6690963
13.3288975	13.9398056	15.5226125
11.8008444	12.3417156	13.7430669
11.8245264	12.3664831	13.7706475
10.6859366	11.1757093	12.444665
10.5347781	11.0176216	12.2686263
10.1744746	10.6408048	11.8490237
10.2168233	10.6850941	11.8983444
10.3669842	10.8421366	12.0732175
9.89404569	10.3475231	11.5224444
10.4155293	10.8929071	12.1297512
10.5820156	11.0670226	12.32364
10.6835337	11.1731942	12.441865
10.3393929	10.8132831	12.0410863
10.5132334	10.9950894	12.2435381
10.4218926	10.8995631	12.1371606
10.7148733	11.2059734	12.478365
7.88692531	8.24840919	9.18498219
7.81253437	8.17060887	9.09834787
8.42610575	8.81230181	9.812903
10.5042732	10.9857183	12.2331025
13.601045	14.2244256	15.8395519
19.8377956	20.7470269	23.1027687
28.3844337	29.6853856	33.0560406
33.8527587	35.4043419	39.4243619
24.6983606	25.8303688	28.7632994
17.6216438	18.4293012	20.5218738
12.8886561	13.479385	15.009915
10.1166372	10.5803173	11.7816679
8.734028	9.13433694	10.1715038
7.94172544	8.30572094	9.24880156
7.81675737	8.17502512	9.10326575
7.75879862	8.11441	9.03576837
7.454366	7.79602394	8.68123056
7.82866237	8.18747575	9.11713025
7.53152269	7.87671744	8.77108631
7.19535875	7.52514581	8.37959531
7.52068119	7.86537894	8.75846069
7.61257413	7.96148337	8.86547737
7.33620231	7.67244487	8.54361962
7.69686938	8.04964225	8.96364575
5.79473544	6.06032731	6.74845281
6.08297381	6.36177663	7.08413025
6.42034863	6.71461444	7.47703144
7.22997062	7.56134419	8.41990369
9.20183169	9.62358206	10.7162999
10.9113474	11.4114504	12.7071734
13.4992156	14.1179281	15.7209612
15.0921681	15.7838912	17.5760881
12.6864435	13.2679044	14.77442
10.5569587	11.0408187	12.2944581
8.34635506	8.72889631	9.72002594
6.82755119	7.14048062	7.95125294
6.40632075	6.69994356	7.46069469
6.10447294	6.384261	7.10916775
5.92326731	6.19475	6.89813856
5.65908275	5.91845719	6.59047375
5.58912213	5.84529006	6.50899887
5.59276213	5.84909681	6.51323769
5.69143512	5.95229225	6.62815081
5.64926981	5.90819444	6.57904587
5.69406313	5.9550405	6.63121113
5.76846287	6.03285069	6.71785581
5.68849969	5.94922256	6.62473237
5.88772681	6.15758075	6.85674894
4.60063731	4.81149969	5.35782588
4.87918	5.10280887	5.68221213
5.21843969	5.45761775	6.07730787
6.23377806	6.51949281	7.2597545
7.33277369	7.66885869	8.53962656
7.87018463	8.23090119	9.16548669
7.68752962	8.0398745	8.95276956
6.49895319	6.79682175	7.568573
5.638153	5.89656831	6.56609944
5.07566281	5.30829713	5.91103262
4.60351425	4.81450856	5.361176
4.60166863	4.81257838	5.35902681
4.55516612	4.76394431	5.30487069
4.44516556	4.64890231	5.176766
4.343199	4.54226225	5.0580175
4.37917156	4.57988356	5.09991062
4.49495831	4.70097694	5.23475369
4.52746594	4.73497456	5.27261175
3.96930769	4.151234	4.62258981
4.08714956	4.27447694	4.75982631
4.71059981	4.926502	5.48588619
5.34853187	5.59367263	6.22881144
5.04710919	5.27843488	5.8777795
4.49362356	4.69958125	5.23319956
4.15042613	4.340654	4.8335175
3.89844219	4.07712075	4.54006112
3.812193	3.98691825	4.43961669
3.73376013	3.90489056	4.34827481
3.81218631	3.98691113	4.43960862
3.75713625	3.92933825	4.3754985
3.53310469	3.69503844	4.114595
3.70492037	3.87472931	4.31468894
3.79691737	3.97094281	4.42182694
3.67792006	3.84649125	4.28324475
3.41740994	3.57404112	3.97985888
3.42471131	3.581677	3.98836175
3.45056369	3.6087145	4.01846919
