#?RADIANCE
genskyvec -m 1
NROWS=146
NCOLS=1
NCOMP=3
FORMAT=ascii

20.9678731	21.9289006	24.418835
31.2255694	32.65674	36.3647787
30.4275875	31.8221825	35.4354619
30.1358469	31.5170744	35.0957081
29.60955	30.9666556	34.4827919
28.3087956	29.60628	32.9679525
29.0178056	30.3477875	33.7936562
30.498105	31.8959356	35.5175869
32.763495	34.265155	38.1558231
36.0467331	37.6988744	41.9794288
43.4805019	45.4733563	50.6366694
49.0792706	51.328735	57.1569019
55.1873994	57.7168194	64.2703275
57.8401663	60.4911706	67.3596975
56.8177631	59.4219088	66.1690244
52.2546294	54.6496344	60.8548719
46.6757869	48.8150944	54.3578463
41.6011331	43.5078494	48.4479894
36.3120794	37.9763819	42.288445
31.8157969	33.27402	37.0521488
31.1785844	32.6076031	36.3100625
28.6431619	29.9559731	33.35735
28.9140431	30.2392681	33.672815
27.8243881	29.0996706	32.40382
29.7071081	31.0686812	34.5964037
31.4476988	32.88905	36.6234669
32.9556225	34.4660869	38.3795713
34.1402013	35.7049594	39.7591119
32.83673	34.3417456	38.2411081
32.7234931	34.2233194	38.1092375
31.5781419	33.0254725	36.77538
19.6870531	20.5893769	22.9272131
17.8174288	18.6340606	20.7498813
19.1064769	19.98219	22.2510844
18.5398937	19.3896381	21.5912537
19.15168	20.0294637	22.3037288
19.6691987	20.5707031	22.9064219
22.3954531	23.4219088	26.0813687
25.8596238	27.044855	30.1156875
30.5644962	31.9653663	35.5949063
35.5449862	37.1741319	41.3951006
44.75499	46.8062606	52.1209175
54.1089481	56.58894	63.0143831
59.3063344	62.0245394	69.0671713
59.0827675	61.7907256	68.8068106
52.3175488	54.715435	60.9281475
41.9938381	43.918555	48.9053281
35.91373	37.559775	41.8245338
28.2924744	29.5892125	32.9489456
23.9173869	25.0136006	27.8537931
20.7781738	21.7305075	24.1979181
19.375815	20.2638725	22.5647519
18.7602675	19.6201125	21.8478963
17.3725344	18.1687744	20.2317637
18.930615	19.7982675	22.0462787
19.5869394	20.4846731	22.8106231
20.3374337	21.269565	23.6846369
19.5987575	20.4970337	22.8243881
20.2485225	21.1765794	23.5810931
19.602175	20.5006094	22.82837
19.7691581	20.6752437	23.0228338
13.0132681	13.6097087	15.1550344
12.5933625	13.1705594	14.6660225
12.9109063	13.5026556	15.0358269
14.3583213	15.01641	16.7214619
15.9997181	16.7330394	18.6330063
19.1006113	19.9760562	22.2442556
24.1970112	25.3060419	28.1794381
33.2025012	34.7242819	38.6670806
45.7886012	47.8872444	53.3246463
64.7637638	67.7321006	75.4228044
75.28513	78.7356937	87.6758131
59.5423013	62.2713212	69.3419737
41.7555394	43.669335	48.6278088
29.9160294	31.2871794	34.8397106
22.0977938	23.1106094	25.7347244
17.9343894	18.7563838	20.8860925
14.9343394	15.6188294	17.392285
14.27857	14.9330044	16.6285856
13.2493225	13.8565831	15.4299413
12.6326487	13.2116438	14.7117737
13.1330744	13.735005	15.29456
13.2976513	13.907125	15.4862244
12.753085	13.3376031	14.8520313
13.1948775	13.7996431	15.366535
10.5512337	11.0348306	12.2877925
10.8955431	11.3949212	12.6887669
11.4610525	11.9863513	13.3473512
12.4325981	13.0024231	14.4787962
14.8302206	15.50994	17.2710281
17.26004	18.0511244	20.1007569
23.844695	24.9375744	27.769135
34.8546669	36.4521706	40.591165
56.4645731	59.0525306	65.7577044
88.5647219	92.6239275	103.141003
3790.57458074161	3795.71988374161	3809.05094874161
75.4146494	78.8711506	87.8266487
49.6770944	51.9539606	57.8531188
30.1760644	31.5591344	35.1425444
21.3807881	22.3607388	24.8997119
17.0041806	17.7835375	19.8027881
13.9823175	14.6231738	16.283575
12.33789	12.9033763	14.3685025
11.3825444	11.9042437	13.2559213
10.8432094	11.34019	12.62782
10.6649113	11.1537187	12.4201781
10.6458841	11.1338206	12.3980206
10.4935247	10.9744788	12.2205856
10.6344031	11.1218125	12.3846475
9.95076956	10.4068475	11.5885012
10.6479519	11.1359813	12.4004269
12.00224	12.5523431	13.9776087
14.5992769	15.2684094	17.0020737
19.0436469	19.9164775	22.1779131
31.6709688	33.1225531	36.8834837
51.6947787	54.0641225	60.2028806
3043.24995088568	3047.85086888568	3059.77142488568
2518.74655140891	2522.59246950891	2532.55687760891
45.5708169	47.6594769	53.0710156
28.0372981	29.3223394	32.6517713
18.9942888	19.8648613	22.1204338
14.2342913	14.8866956	16.5770194
11.6228175	12.1555287	13.5357394
10.5300781	11.0127063	12.2631537
9.88789306	10.3410863	11.515275
9.67275063	10.116085	11.2647256
9.69815275	10.1426525	11.2943075
10.5848317	11.0699687	12.3269194
12.2906181	12.8539363	14.3134487
15.8975275	16.6261625	18.5139956
24.1820763	25.2904219	28.1620444
36.1846719	37.8431356	42.1400688
45.7521237	47.8490938	53.2821637
34.39641	35.9729119	40.0574881
22.330695	23.3541856	26.0059563
14.9088275	15.5921488	17.3625719
11.9074425	12.4532	13.8672081
10.2511739	10.7210188	11.9383469
10.2719803	10.7427794	11.9625775
12.7294237	13.3128556	14.8244756
16.2822944	17.0285662	18.96209
22.7634412	23.8067669	26.5099269
24.4494325	25.5700319	28.4734056
15.6735244	16.3918919	18.2531238
12.5795163	13.1560756	14.6498938
16.4579756	17.2123006	19.1666869
