#?RADIANCE
genskyvec -m 1
NROWS=146
NCOLS=1
NCOMP=3
FORMAT=ascii

13.7105925	14.3389938	15.9671288
31.0134094	32.4348581	36.1177025
30.55225	31.9525606	35.5806425
30.427095	31.8216688	35.4348894
30.7022944	32.1094813	35.7553819
31.5922744	33.040255	36.7918394
31.2955294	32.7299062	36.4462537
31.2629169	32.6957988	36.4082731
31.0320681	32.4543694	36.13943
31.8482619	33.3079706	37.089955
30.0904013	31.469545	35.0427831
31.4115094	32.8512037	36.5813213
30.9048044	32.3212737	35.9912213
31.9609475	33.4258244	37.2211894
34.1892581	35.756265	39.8162425
37.0581081	38.7566025	43.1572562
45.4246569	47.5066181	52.9008025
48.8828388	51.1233	56.9281406
67.6291519	70.7288194	78.759785
91.407615	95.5971338	106.451803
96.2571044	100.668893	112.099437
110.210661	115.261974	128.3495
88.8384406	92.9102063	103.459765
78.1785269	81.7617106	91.0454175
59.8999513	62.645365	69.7584887
45.0102494	47.0732181	52.4181887
38.9082506	40.6915444	45.3119006
34.18798	35.7549275	39.8147544
32.9977394	34.5101356	38.4286213
31.1258188	32.5524194	36.2486125
31.0156969	32.4372506	36.1203669
30.4632063	31.8594363	35.4769456
29.6446819	31.0033963	34.5237044
30.3729937	31.7650887	35.3718837
30.3429606	31.7336775	35.3369062
30.350675	31.7417456	35.3458906
29.8985937	31.2689444	34.819405
30.5317506	31.9311206	35.5567688
30.7418337	32.1508338	35.8014294
30.4150212	31.8090437	35.4208306
29.3831731	30.7298994	34.2191537
30.1321175	31.5131725	35.0913637
31.0124269	32.4338288	36.1165575
33.2089638	34.7310412	38.6746075
36.1233544	37.7790081	42.06866
40.8373187	42.7090288	47.5584638
50.7582756	53.0846969	59.112245
63.2440388	66.1427206	73.6529581
88.4644944	92.5191081	103.024285
126.780306	132.591069	147.64625
166.22985	173.848713	193.588519
174.001806	181.976869	202.6396
136.973556	143.251506	159.517112
100.053088	104.638858	116.520156
70.4827375	73.713195	82.0830275
53.9306681	56.4024881	62.80676
44.4710931	46.5093506	51.7902975
37.4571	39.1738819	43.6219163
33.7877438	35.3363469	39.3486444
31.591265	33.0391956	36.7906612
30.8254719	32.2383063	35.8988344
25.8527419	27.0376563	30.1076719
25.0424575	26.1902344	29.16403
24.8809681	26.0213438	28.9759613
25.6822481	26.8593513	29.90912
25.6283212	26.8029519	29.8463156
25.7005619	26.8785019	29.9304456
25.7139875	26.8925462	29.9460831
26.0673869	27.2621419	30.3576456
26.0229681	27.2156881	30.3059162
28.0149113	29.2989275	32.6257013
30.6965169	32.1034406	35.7486519
37.8592294	39.5944437	44.09023
50.1699463	52.4694006	58.4270856
72.4338063	75.7536888	84.3552094
118.547162	123.980575	138.058069
1294.85859104486	1303.80854804486	1326.99709804486
1931.96178772209	1942.14625072209	1968.53331272209
144.419525	151.038737	168.188581
82.7418044	86.5341363	96.3597244
56.2260319	58.8030562	65.4799019
41.1921144	43.080085	47.9716512
33.6416456	35.1835537	39.1784994
28.6724825	29.9866381	33.3914981
26.9635656	28.1993963	31.4013194
22.7825306	23.8267294	26.5321581
22.26369	23.2841088	25.9279231
21.7038975	22.6986575	25.2759981
21.7704362	22.7682481	25.35349
22.0051806	23.0137494	25.6268669
21.9600162	22.9665163	25.57427
22.070475	23.0820381	25.7029081
22.7512612	23.7940256	26.4957406
23.6390738	24.7225306	27.5296725
25.4536856	26.6203131	29.6429406
28.9246438	30.2503544	33.68516
35.2051875	36.8187588	40.9993781
44.2289237	46.25608	51.5082706
68.0211938	71.1388288	79.2163512
106.940891	111.842349	124.541591
152.748625	159.749613	177.888519
1786.63640305227	1794.93269705227	1816.42762205227
127.425905	133.266263	148.398112
79.3137206	82.9489306	92.3674406
52.8436313	55.26563	61.540815
39.0000919	40.7875944	45.4188594
30.6716931	32.0774787	35.7197463
26.4727106	27.6860431	30.82968
24.4970931	25.619875	28.5289075
21.6474525	22.6396275	25.2102637
20.5250394	21.4657719	23.9031213
19.97619	20.891765	23.26394
20.0166456	20.9340744	23.3110538
20.2336413	21.1610175	23.5637638
20.9403038	21.9000669	24.3867281
22.2876906	23.30921	25.9558744
25.8458919	27.030495	30.0996969
30.7545775	32.1641612	35.8162706
42.3752337	44.31743	49.3494937
56.643045	59.2391825	65.9655506
87.306765	91.3083225	101.676004
105.027932	109.841709	122.313784
74.8125944	78.2415012	87.1254994
50.5993737	52.9185094	58.9271888
35.4515569	37.0764194	41.2862937
27.6574625	28.9250956	32.2094219
23.6542169	24.7383669	27.5473069
21.3661838	22.345465	24.8827025
20.1322388	21.054965	23.4456706
19.7526344	20.6579638	23.0035887
20.3611262	21.2943437	23.7122312
22.2679956	23.2886113	25.9329381
27.5097838	28.7706475	32.0374369
36.6099881	38.287945	42.6353844
47.4587969	49.6339894	55.2697256
57.6260369	60.2672275	67.1103238
45.23232	47.3054681	52.67681
31.7573106	33.2128538	36.9840362
24.760695	25.8955594	28.8358931
23.1754738	24.2376819	26.9897706
21.893165	22.8966012	25.4964156
23.8445156	24.9373906	27.7689281
29.581025	30.9368206	34.4495706
32.8111906	34.3150363	38.2113687
29.0257363	30.3560813	33.80289
25.590595	26.763495	29.8023825
