#?RADIANCE
genskyvec -m 1
NROWS=146
NCOLS=1
NCOMP=3
FORMAT=ascii

0.434137781	0.454035738	0.505589625
1.69690594	1.77468056	1.97618838
1.57110056	1.64310919	1.82967769
1.519182	1.58881106	1.76921412
1.49980606	1.568547	1.74664913
1.55330437	1.62449731	1.80895225
1.53197131	1.60218663	1.78410819
1.52067194	1.59036938	1.77094906
1.53336113	1.60364006	1.78572662
1.61470106	1.68870819	1.88045406
1.47930488	1.54710631	1.72277394
1.58584731	1.65853188	1.84685144
1.52643787	1.5963995	1.77766419
1.546722	1.61761319	1.80128663
1.60402138	1.67753881	1.86801663
1.62438656	1.69883775	1.89173375
1.79039756	1.87245737	2.08506712
1.76140437	1.84213531	2.05130219
2.04116306	2.13471644	2.37710469
2.29779606	2.40311169	2.67597519
2.43760775	2.54933144	2.8387975
2.88794025	3.02030419	3.36324731
3.03014469	3.16902613	3.52885619
3.28279056	3.43325163	3.82308344
3.07855225	3.2196525	3.58523094
2.58996294	2.70866963	3.01622794
2.3735735	2.48236225	2.76422444
2.09938	2.1956015	2.44490313
2.01418719	2.10650406	2.345689
1.83310669	1.91712406	2.1348055
1.75992663	1.84058988	2.04958131
1.92691988	2.01523688	2.24405888
1.88419544	1.97055444	2.19430275
1.81791969	1.901241	2.11711913
1.80125725	1.88381475	2.09771412
1.7872515	1.869167	2.08140306
1.79309619	1.87527963	2.08821006
1.7697875	1.85090269	2.06106506
1.75917287	1.83980162	2.04870356
1.76946062	1.85056075	2.06068425
1.80667825	1.88948425	2.10402731
1.80364694	1.88631406	2.10049725
1.81819256	1.90152625	2.11743713
1.8274665	1.91122531	2.12823725
1.88070806	1.96690713	2.19024125
1.95284238	2.04234775	2.27424787
2.06717469	2.16192019	2.4073975
2.15881938	2.25776525	2.51412531
2.36957919	2.47818469	2.7595725
2.59527606	2.71422606	3.02241569
2.83368125	2.96355813	3.30005813
3.08263694	3.22392425	3.58998769
3.33856169	3.49157894	3.88803337
3.41958181	3.57631263	3.98238819
3.28608144	3.43669325	3.82691588
3.02462856	3.16325737	3.52243212
2.77536537	2.90256962	3.23214444
2.52808319	2.64395362	2.94416363
2.31115606	2.41708406	2.69153394
2.15376806	2.25248231	2.5082425
2.02639262	2.11926888	2.35990331
2.02744456	2.12036888	2.36112819
1.97990525	2.07065081	2.30576487
1.92977025	2.01821794	2.24737831
1.88768212	1.97420081	2.19836331
1.87766031	1.96371969	2.18669206
1.8715985	1.95737994	2.17963237
1.87202263	1.95782356	2.18012644
1.87479256	1.96072037	2.18335231
1.89666462	1.98359506	2.20882412
1.91381387	2.00153025	2.22879588
1.95632581	2.04599056	2.27830463
2.04084356	2.13438225	2.37673256
2.16753644	2.266882	2.52427719
2.33294688	2.43987344	2.71691119
2.54813519	2.66492456	2.96751575
2.78960969	2.91746675	3.24873319
3.05425444	3.194241	3.55693425
3.23420994	3.38244444	3.76650738
3.19961106	3.34625981	3.72621394
3.00758256	3.14543	3.50258088
2.77443769	2.90159931	3.23106394
2.54719863	2.66394513	2.96642513
2.32613388	2.43274837	2.708977
2.16110331	2.26015387	2.51678519
2.10788219	2.20449338	2.45480469
2.03645787	2.12979569	2.37162506
1.99136525	2.08263613	2.31911081
1.96487644	2.05493325	2.28826256
1.94280319	2.03184831	2.26255631
1.94017344	2.02909788	2.25949369
1.94242762	2.0314555	2.262119
1.9451025	2.03425287	2.265234
1.96424438	2.05427219	2.28752631
1.98671931	2.07777725	2.31370037
2.038593	2.13202844	2.3741115
2.1230915	2.22039988	2.47251706
2.20351244	2.30450681	2.56617406
2.35984031	2.46799937	2.74823063
2.53190406	2.64794956	2.94861338
2.68369737	2.80670012	3.12538944
2.85350025	2.98428563	3.32313894
2.95841431	3.09400819	3.44532006
2.97828619	3.11479075	3.46846263
2.86787331	2.99931731	3.33987769
2.70822356	2.83235044	3.15395238
2.50853306	2.62350731	2.921396
2.34480762	2.45227787	2.73072394
2.21717831	2.31879881	2.582089
2.1633075	2.26245919	2.51935206
2.075808	2.17094919	2.41745169
2.03218013	2.12532163	2.36664319
1.99977769	2.09143431	2.32890813
1.99161906	2.08290175	2.31940656
2.00057206	2.09226475	2.32983294
2.01633706	2.10875256	2.34819281
2.065203	2.15985806	2.40510119
2.13034575	2.22798644	2.48096519
2.24353044	2.34635894	2.61277844
2.36524913	2.47365638	2.75453
2.53062687	2.64661394	2.94712606
2.68104519	2.80392631	3.12230056
2.74591181	2.871766	3.19784331
2.68684181	2.80998875	3.12905125
2.56618212	2.68379863	2.988533
2.41684163	2.52761344	2.81461369
2.27125844	2.37535781	2.64506994
2.17918694	2.27906631	2.53784494
2.10921869	2.20589131	2.45636144
2.05762075	2.15192837	2.39627087
2.04574588	2.13950931	2.38244188
2.07713069	2.17233238	2.41899181
2.15048869	2.24905275	2.5044235
2.25143906	2.35462988	2.62198856
2.37095131	2.47961975	2.76117044
2.51132919	2.62643163	2.92465237
2.52693225	2.64274975	2.94282312
2.4503085	2.56261431	2.85358862
2.30088663	2.40634394	2.67957431
2.21448731	2.31598475	2.57895519
2.15025756	2.24881106	2.50415431
2.15868731	2.25762694	2.51397112
2.23185675	2.33415006	2.59918331
2.33110925	2.43795181	2.714771
2.33110025	2.43794256	2.71476094
2.22694031	2.329008	2.5934575
