#?RADIANCE
genskyvec -m 1
NROWS=146
NCOLS=1
NCOMP=3
FORMAT=ascii

20.1213262	21.0435531	23.4329619
29.7803744	31.1453087	34.6817294
28.9422694	30.2687875	33.7056856
28.6712931	29.9853919	33.3901113
28.2269906	29.5207256	32.872685
27.1197694	28.36276	31.5832331
28.0519806	29.3376937	32.66887
29.7228394	31.0851338	34.6147225
32.3228975	33.8043625	37.6427081
35.9468919	37.5944563	41.86315
43.6556994	45.6565837	50.8407013
49.6226656	51.8970375	57.7897319
55.4528131	57.9943988	64.5794256
57.2475775	59.8714244	66.66958
55.1256194	57.65221	64.1983812
49.7564306	52.0369306	57.9455113
43.7475656	45.7526625	50.9476894
38.9683506	40.7543988	45.3818937
33.82316	35.3733888	39.3898919
29.7552675	31.1190494	34.6524894
29.4113831	30.7594031	34.2520075
27.14916	28.3934956	31.6174619
27.67177	28.9400594	32.2260831
26.755125	27.9814	31.158575
28.7519931	30.0697919	33.4840925
30.5545737	31.9549912	35.5833475
32.0117156	33.4789181	37.2803125
33.1144119	34.6321538	38.5644938
31.691275	33.14379	36.9071306
31.4766781	32.9193581	36.6572163
30.2158388	31.6007306	35.1888644
18.6729669	19.5288106	21.7462263
16.8707469	17.6439887	19.6473906
18.1093044	18.939315	21.0897944
17.6351188	18.443395	20.5375675
18.3666919	19.2084969	21.3895425
19.0450875	19.9179875	22.1795925
21.8829137	22.8858806	25.4844788
25.5840338	26.7566344	29.7947425
30.7065319	32.1139144	35.7603188
36.2946994	37.958205	42.2682037
46.0573231	48.1682844	53.6375944
55.4787962	58.0215738	64.609685
59.2890313	62.0064419	69.0470175
56.9029413	59.5109881	66.2682188
48.8419463	51.0805325	56.8805175
38.37386	40.1326625	44.6895619
32.7886706	34.291485	38.1851425
25.7351106	26.9146356	29.9706825
21.90184	22.9056731	25.5065187
19.1404562	20.0177262	22.2906587
18.0208669	18.8468219	20.9868019
17.6369306	18.44529	20.5396769
16.4478244	17.2016838	19.1548631
18.0959969	18.9253963	21.0742975
18.8057988	19.6677319	21.9009219
19.5597506	20.4562412	22.7789619
18.8140075	19.6763163	21.9104813
19.3957687	20.2847419	22.58799
18.7062762	19.5636481	21.78502
18.8058575	19.6677906	21.90099
12.3166762	12.8811894	14.3437962
11.9248225	12.4713775	13.8874506
12.2717575	12.8342125	14.2914844
13.757065	14.3875975	16.0212506
15.5118319	16.2227906	18.0648225
18.8112269	19.6734075	21.9072419
24.2911888	25.4045344	28.2891144
34.1016281	35.6646181	39.7141913
47.9411806	50.1384825	55.8315012
67.45084	70.5423331	78.5521281
74.3475319	77.755125	86.5839012
54.4055769	56.8991631	63.35983
37.0979863	38.7983075	43.203695
26.487705	27.7017244	30.8471419
19.7994319	20.706905	23.0580888
16.2705031	17.0162338	18.9483575
13.7242831	14.3533112	15.9830713
13.2850594	13.8939575	15.4715588
12.4538762	13.0246781	14.5035781
11.9342994	12.4812888	13.8984869
12.4812356	13.05329	14.5354394
12.6533919	13.2333375	14.73593
12.1052675	12.6600919	14.0975944
12.51025	13.0836356	14.56923
9.96088294	10.4174245	11.60028
10.3105527	10.7831175	12.0074981
10.9013113	11.400955	12.6954869
11.9009912	12.4464525	13.8596969
14.3775494	15.0365206	16.7438569
16.9140369	17.689265	19.6978075
23.8722131	24.9663556	27.8011825
35.7197113	37.3568644	41.5985806
59.3685581	62.0896162	69.1396369
2767.4379504615	2771.7757417615	2783.0145707615
3662.14161281151	3667.01988881151	3679.65902581151
64.0530956	66.9888594	74.5951681
42.3047531	44.2437213	49.2674144
26.13164	27.3293406	30.4324725
18.8322969	19.6954444	21.93178
15.1684763	15.8636969	17.664955
12.6549162	13.2349325	14.7377044
11.30324	11.8213037	13.1635656
10.5548388	11.0386025	12.2919894
10.1338803	10.59835	11.8017488
10.0226307	10.4820009	11.6721894
10.0374651	10.4975162	11.689465
9.89636037	10.3499446	11.5251381
10.0375268	10.497581	11.6895362
9.35007375	9.77861825	10.88894
10.0563852	10.5173037	11.7114994
11.4101794	11.9331456	13.2881056
14.0443875	14.6880881	16.3558606
18.5685037	19.41956	21.6245712
31.4142106	32.8540275	36.5844675
51.6255594	53.9917288	60.12227
2908.56200162175	2912.76258102175	2923.64587892175
69.4187569	72.6004431	80.843925
38.184625	39.9347525	44.4691794
24.0164269	25.1171788	27.9691312
16.66508	17.428895	19.4078756
12.749305	13.3336494	14.84763
10.5860462	11.0712412	12.3283331
9.6869815	10.1309684	11.2812975
9.17871587	9.59940694	10.6893788
9.03617325	9.45033088	10.5233775
9.086446	9.50290756	10.5819231
9.89411238	10.3475918	11.5225188
11.5402506	12.0691781	13.439585
15.0846481	15.7760275	17.5673306
23.17368	24.2358062	26.9876837
33.908685	35.4628319	39.48949
40.172005	42.0132213	46.7836494
29.4320319	30.7809994	34.276055
19.4113275	20.3010131	22.60611
13.2832275	13.8920394	15.469425
10.8060649	11.3013431	12.5845631
9.4519945	9.88521081	11.0076356
9.52595137	9.96255731	11.093765
11.7519838	12.2906144	13.6861638
15.0547569	15.7447688	17.5325225
20.7296206	21.6797281	24.1413731
21.6641881	22.6571275	25.2297531
14.0743663	14.7194419	16.3907744
11.4731425	11.998995	13.3614325
14.9606881	15.6463869	17.42297
