#?RADIANCE
genskyvec -m 1
NROWS=146
NCOLS=1
NCOMP=3
FORMAT=ascii

3.7068185	3.87671425	4.31689919
15.9500081	16.6810488	18.5751137
16.1254594	16.8645412	18.7794419
16.7196175	17.4859313	19.4713875
18.1234213	18.9540775	21.1062362
21.2475262	22.22137	24.7445156
26.8201719	28.0494306	31.2343281
35.7089531	37.34561	41.5860531
56.2612012	58.8398388	65.5208619
88.0693769	92.1058975	102.564133
100.631046	105.243297	117.193241
97.2982106	101.757694	113.31187
58.1493263	60.8145019	67.7197388
37.9207631	39.6587975	44.1618913
27.5609212	28.8241269	32.0969881
21.4612844	22.4449256	24.9934562
18.7365494	19.5953062	21.8202731
16.8165319	17.5872906	19.5842544
16.2939488	17.040755	18.9756625
15.8240763	16.5493456	18.4284562
15.9893913	16.7222381	18.6209794
16.2513769	16.9962313	18.9260844
15.9404056	16.6710069	18.5639306
15.8617431	16.5887388	18.4723225
16.3452738	17.0944338	19.0354362
15.8222019	16.5473862	18.4262744
16.3113525	17.0589556	18.99593
15.9168712	16.6463937	18.5365238
16.0248894	16.7593631	18.6623206
15.5644019	16.2777681	18.1260438
15.6735438	16.391915	18.2531481
12.987535	13.5827975	15.1250688
12.6420625	13.2214888	14.722735
14.0418812	14.6854663	16.3529425
15.15493	15.84953	17.6491788
18.3675975	19.2094444	21.3905963
22.9775781	24.0307175	26.7593063
32.2378819	33.71545	37.5437025
51.0471737	53.3868356	59.4486931
89.8966769	94.0169381	104.692181
1960.23877266649	1966.17794066649	1981.56575966649
447.350551207514	451.676966107514	462.886351907514
55.8990119	58.4610469	65.0990619
36.5284869	38.2027081	42.5404688
24.61564	25.7438569	28.6669656
18.7984706	19.6600687	21.8923888
15.3809269	16.0858856	17.9123731
14.82178	15.5011125	17.2611988
13.0111838	13.6075306	15.1526081
12.6660763	13.2466056	14.7507031
12.1889269	12.7475844	14.1950219
12.3375338	12.9030037	14.3680869
12.6332175	13.2122394	14.712435
12.1114025	12.66651	14.1047388
12.9335594	13.5263487	15.0622081
13.1253631	13.7269431	15.2855812
13.2502	13.8574994	15.4309612
12.6796781	13.2608281	14.7665406
12.8008025	13.3875044	14.9076006
12.5183944	13.0921544	14.5787144
12.7293731	13.3128044	14.8244194
9.66416275	10.1071038	11.2547225
9.70551244	10.1503488	11.30288
10.5939936	11.0795519	12.3375906
13.2609531	13.8687481	15.4434869
17.804475	18.6205119	20.7347938
27.6830313	28.9518363	32.2391981
45.6772512	47.7707906	53.1949669
336.979880215897	340.255938415897	348.743927115897
55.7944644	58.3517088	64.9773081
35.2123631	36.8262625	41.0077337
22.7129169	23.7539244	26.4510856
15.3061831	16.0077156	17.825325
12.0046263	12.5548381	13.9803887
10.3730668	10.8484984	12.0803006
9.82264594	10.2728497	11.4392906
9.625089	10.0662394	11.2092206
9.32751475	9.755026	10.8626699
9.73135556	10.1773773	11.3329741
9.49608156	9.93131844	11.0589785
9.18339288	9.60429806	10.6948274
9.49094075	9.9259415	11.0529913
9.52333494	9.95982056	11.0907194
9.17944813	9.60017175	10.6902316
9.48185881	9.91644375	11.0424166
7.92103838	8.28408556	9.2247095
8.34930881	8.73198556	9.72346681
9.11247137	9.53012644	10.6122341
10.4687602	10.9485787	12.1917431
14.0623969	14.7069238	16.3768344
17.8426619	18.6604513	20.7792687
25.671645	26.8482612	29.8967713
32.1423819	33.6155744	37.4324844
28.2591531	29.5543631	32.91014
22.0631875	23.0744175	25.6944212
15.656895	16.3745025	18.2337606
11.56868	12.09891	13.4726919
9.99588381	10.4540276	11.6410394
8.78482144	9.18745894	10.2306571
8.21381069	8.590277	9.56566769
7.82958106	8.18843681	9.11820031
7.69011487	8.04257819	8.95578
7.67672731	8.02857688	8.94018937
7.77047013	8.12661656	9.04936044
7.73833337	8.09300662	9.0119345
7.76947112	8.12557169	9.04819712
7.81053375	8.16851613	9.09601781
7.72830075	8.08251438	9.00025056
7.8968605	8.25879962	9.19655269
7.05920269	7.38274944	8.22103031
7.62015506	7.96941206	8.87430619
8.56612437	8.95873825	9.97596688
10.7985647	11.2934981	12.5758287
13.8480675	14.4827706	16.12723
16.7529556	17.5207988	19.5102131
16.8328606	17.6043663	19.6032706
13.2808994	13.8896081	15.4667169
10.6103687	11.0966781	12.35666
8.62948469	9.02500263	10.0497552
7.54270462	7.88841144	8.78410838
7.13171875	7.45858875	8.30548094
6.90820212	7.22482756	8.04517731
6.76002569	7.06985994	7.8726135
6.66953469	6.97522162	7.76722944
6.69034238	6.99698294	7.79146181
6.7891635	7.10033312	7.90654688
6.86167463	7.176168	7.99099238
6.74048125	7.04941975	7.8498525
7.34249806	7.679029	8.55095125
8.97273356	9.38398356	10.4494969
11.035825	11.5416326	12.8521381
10.7088283	11.1996496	12.4713231
9.03551931	9.44964675	10.522616
7.69397744	8.04661775	8.96027831
6.87599856	7.19114838	8.00767381
6.45200675	6.74772344	7.51389975
6.29627119	6.58485006	7.33253281
6.31728138	6.60682337	7.35700094
6.37529037	6.66749112	7.42455738
6.5978485	6.90024988	7.68374481
7.30162906	7.63628687	8.50335606
7.72316544	8.0771435	8.99427019
7.21938181	7.55026969	8.40757206
6.40500994	6.69857262	7.45916831
6.26608306	6.55327831	7.29737631
6.74294581	7.05199738	7.85272275
