#?RADIANCE
genskyvec -m 1
NROWS=146
NCOLS=1
NCOMP=3
FORMAT=ascii

0.227032594	0.237438256	0.264398381
4.90964444	5.13466969	5.71769038
5.08154575	5.31444975	5.91788388
5.45505569	5.705079	6.35286731
6.32219762	6.61196481	7.3627265
8.25287838	8.63113475	9.61116469
11.1493643	11.6603758	12.9843638
15.2730693	15.9730869	17.7867631
38.3568095072583	39.4457289072583	42.2670207072583
76.5297959946565	78.0625403946565	82.0337553946565
49.8186237954888	51.1096187954888	54.4544699954888
20.0870219	21.0076769	23.3930119
12.6283844	13.2071862	14.7068069
9.00108969	9.41363987	10.4825204
7.15053713	7.47826969	8.32739675
5.79703944	6.06273688	6.75113588
5.35292762	5.59826994	6.23393062
4.64811606	4.8611545	5.41311869
4.81749644	5.03829812	5.61037631
4.82859138	5.0499015	5.62329719
4.788839	5.00832725	5.57700231
5.1884335	5.42623675	6.04236369
5.02786925	5.25831306	5.855373
5.22876388	5.46841531	6.08933156
5.3164845	5.5601565	6.19148962
4.99548787	5.22444762	5.81766219
5.10273362	5.33660875	5.94255888
4.82949037	5.050842	5.62434444
4.95709056	5.18429025	5.77294512
4.71456975	4.93065413	5.49050963
4.8087135	5.02911256	5.60014775
4.72790856	4.94460437	5.50604381
4.76223181	4.98050062	5.54601594
5.41973106	5.66813494	6.31172875
6.20478356	6.48916925	7.22598794
7.85766944	8.21781263	9.15091187
9.83603112	10.2868485	11.4548791
13.4603152	14.0772444	15.6756575
19.0914331	19.9664562	22.2335662
24.0999138	25.2044906	28.0663581
18.5600744	19.4107444	21.6147556
15.17163	15.8669938	17.6686275
11.2395544	11.7546996	13.0893975
8.86363988	9.26989031	10.3224486
6.84623544	7.16002087	7.97301206
5.74800931	6.01145963	6.69403619
5.04023144	5.271242	5.86977
4.96963306	5.19740781	5.78755212
4.51812062	4.725201	5.26172825
4.52361112	4.73094319	5.26812237
4.48349381	4.688987	5.2214025
4.61625094	4.82782887	5.37600919
4.8132465	5.03385344	5.60542681
4.7041865	4.91979481	5.4784175
4.97502137	5.20304294	5.79382731
5.0491905	5.28061169	5.88020337
5.02854525	5.25902013	5.85616025
4.76089531	4.979103	5.54445956
4.69771063	4.91302225	5.47087581
4.554433	4.76317756	5.304017
4.61517119	4.82669981	5.37475156
3.40917494	3.56542863	3.97026856
3.42362944	3.58054556	3.98710181
3.84842031	4.02480606	4.48180631
5.07055325	5.30295344	5.90508206
6.5619665	6.86272319	7.64195688
8.85094912	9.25661781	10.3076684
10.89153	11.3907244	12.6840942
11.3214785	11.8403803	13.1848073
8.60862888	9.00319119	10.0254668
6.79719069	7.10872819	7.91589506
5.31860656	5.56237581	6.19396069
4.31377831	4.51149281	5.02375438
3.70667281	3.87656181	4.31672963
3.34089081	3.49401481	3.89074581
3.32076325	3.47296469	3.86730569
3.37135156	3.52587169	3.92622013
3.33097819	3.483648	3.87920181
3.6125675	3.77814337	4.20713625
3.51966494	3.68098288	4.09894325
3.334905	3.48775475	3.88377481
3.46834175	3.62730731	4.03917319
3.44188512	3.59963806	4.00836206
3.20164788	3.34839006	3.72858613
3.31595175	3.46793281	3.86170238
2.35271919	2.46055212	2.73993775
2.52103275	2.63657981	2.93595281
2.72862463	2.85368656	3.17771106
3.1558985	3.30054375	3.675307
4.03430231	4.21920769	4.69828144
4.59479525	4.80539012	5.35102225
5.15804175	5.39445169	6.00696969
5.45229981	5.7021965	6.34965744
4.6142385	4.82572425	5.37366544
4.00980831	4.19359106	4.66975619
3.28420238	3.43472813	3.82472756
2.70110587	2.82490656	3.14566306
2.550616	2.66751913	2.97040481
2.44090206	2.55277656	2.84263394
2.38464206	2.49393819	2.77711469
2.28873437	2.39363463	2.66542206
2.30888187	2.4147055	2.6888855
2.36026675	2.46844556	2.74872738
2.45461775	2.56712088	2.858607
2.4342485	2.54581819	2.83488537
2.43781931	2.54955269	2.839044
2.42989719	2.54126731	2.82981781
2.33857125	2.44575575	2.72346131
2.41301	2.52360606	2.81015137
1.70914619	1.787482	1.99044325
1.85223975	1.93713413	2.15708762
2.00226263	2.094033	2.33180206
2.43602744	2.54767856	2.836957
2.78779256	2.91556625	3.24661694
2.83265113	2.96248106	3.29885844
2.74554719	2.87138463	3.19741869
2.36920637	2.47779494	2.75913837
2.06686494	2.16159612	2.40703637
1.86813313	1.953756	2.17559681
1.66075337	1.73687112	1.93408575
1.69964594	1.77754631	1.97937944
1.715316	1.7939345	1.9976285
1.69025888	1.76772894	1.96844738
1.639808	1.71496588	1.90969312
1.65145175	1.72714338	1.92325338
1.69366919	1.77129556	1.97241894
1.68389725	1.76107581	1.96103881
1.34865637	1.41046944	1.57062263
1.3774625	1.44059619	1.60417013
1.62935287	1.7040315	1.89751738
1.83644213	1.92061212	2.13868987
1.6869855	1.76430569	1.96463525
1.49139131	1.55974681	1.73684969
1.38243769	1.44579937	1.60996406
1.29060969	1.3497625	1.50302244
1.28232869	1.34110206	1.49337862
1.25700725	1.31462025	1.46388988
1.30384825	1.36360788	1.51843994
1.25057969	1.30789787	1.45640419
1.09032688	1.14030025	1.26977662
1.14006831	1.19232156	1.32770469
1.16372606	1.21706363	1.35525612
1.13064388	1.182465	1.31672887
1.03558831	1.08305269	1.20602894
1.05291606	1.10117481	1.22620862
1.02736538	1.07445281	1.19645256
