#?RADIANCE
genskyvec -m 1
NROWS=146
NCOLS=1
NCOMP=3
FORMAT=ascii

0.479085219	0.501043262	0.557934669
6.71816031	7.02607588	7.82385781
6.91970175	7.23685444	8.05856963
7.36852756	7.70625131	8.58126456
8.42484612	8.81098456	9.81143544
10.7360851	11.228154	12.5030683
14.2296881	14.8818806	16.5716588
19.3342013	20.2203513	22.5162912
29.9661294	31.339575	34.8980569
125.912508066957	127.937863666957	133.185383066957
86.3402988149472	88.1217007149472	92.7371570149472
27.5728094	28.8365619	32.1108369
17.3204425	18.1142956	20.1710994
12.3431153	12.9088402	14.3745863
9.78281912	10.2311986	11.3929082
7.99625863	8.36275362	9.31230931
7.36261144	7.70006412	8.57437481
6.47642362	6.77325975	7.54233556
6.62293663	6.92648781	7.71296194
6.59184087	6.89396681	7.67674856
6.57599087	6.87739031	7.65828987
7.0284815	7.35062	8.18525294
6.827303	7.14022094	7.95096369
7.02707631	7.3491505	8.1836165
7.17543619	7.50431019	8.35639394
6.778961	7.08966319	7.89466531
6.95355675	7.27226119	8.09799669
6.61927812	6.92266156	7.7087015
6.77274025	7.0831575	7.88742081
6.46530181	6.76162812	7.52938313
6.57631506	6.87772925	7.65866738
6.13460462	6.41577388	7.14425856
6.11867737	6.39911656	7.12570994
6.95376069	7.2724745	8.09823406
7.84376625	8.20327187	9.13471969
9.80300156	10.2523064	11.4164136
12.1551998	12.7123113	14.1557431
16.6454675	17.4083831	19.3850344
23.8979444	24.9932669	27.8311494
62.1129668347688	63.5663468347688	67.3319281347688
24.6869544	25.8184388	28.7500156
20.1049744	21.0264537	23.4139206
14.7570194	15.4333819	17.1857794
11.6073237	12.1393263	13.5176956
8.96763787	9.37865519	10.4435624
7.50658475	7.85063612	8.74204363
6.57569637	6.87708206	7.65794675
6.52058625	6.81944637	7.59376656
5.88373744	6.1534085	6.85210294
5.86166487	6.13032425	6.8263975
5.76397606	6.02815806	6.71263069
5.92017556	6.19151675	6.894538
6.15492763	6.43702831	7.1679265
5.97780162	6.25178413	6.96164856
6.36255225	6.65416913	7.40972275
6.45816437	6.75416338	7.52107087
6.45781562	6.75379881	7.52066488
6.11862219	6.39905887	7.12564581
6.07692712	6.35545269	7.07708831
5.89847581	6.16882219	6.86926669
5.98553044	6.25986713	6.97064931
4.45810394	4.66243337	5.19183369
4.4900615	4.69585581	5.229051
5.00908138	5.23866412	5.83349294
6.47124106	6.76783937	7.5363
8.334423	8.71641775	9.706131
11.3056176	11.8237913	13.1663344
14.2250094	14.8769888	16.5662094
15.1183931	15.8113169	17.6066294
11.5951696	12.1266142	13.5035412
9.06584294	9.48136025	10.5579291
7.06484225	7.38864719	8.22759794
5.69750213	5.95863731	6.63521631
4.895892	5.12028694	5.70167444
4.41910138	4.6216435	5.146412
4.35715931	4.55686231	5.0742755
4.39120137	4.59246469	5.11392019
4.33046669	4.52894619	5.04318969
4.64126387	4.85398831	5.40513875
4.53491944	4.74276975	5.28129181
4.33273431	4.53131781	5.04583038
4.48951681	4.69528606	5.22841663
4.46445787	4.66907869	5.19923325
4.20194156	4.39453044	4.89351144
4.34356112	4.54264088	5.05843906
3.32122769	3.47345056	3.86784675
3.53684456	3.69894981	4.1189505
3.83982	4.01581163	4.47179031
4.39343725	4.59480281	5.11652394
5.56190663	5.81682725	6.47730412
6.37578219	6.66800544	7.42513013
7.28829844	7.622345	8.48783156
7.73152012	8.0858805	9.00400025
6.61566969	6.91888762	7.70449863
5.72359131	5.98592238	6.66559937
4.69441569	4.90957625	5.4670385
3.89480319	4.07331494	4.53582313
3.64154713	3.80845125	4.24088513
3.44134788	3.59907606	4.00773644
3.341623	3.49478062	3.89159862
3.22429769	3.37207781	3.75496362
3.23563881	3.38393869	3.76817119
3.28686675	3.4375145	3.82783031
3.38592819	3.5411165	3.94319575
3.36654412	3.52084381	3.92062125
3.37151356	3.52604094	3.92640856
3.36503906	3.51926981	3.91886875
3.27386119	3.42391312	3.81268438
3.35785212	3.5117535	3.91049856
2.67672594	2.79940906	3.1172705
2.88606569	3.0183435	3.36106419
3.144536	3.28866063	3.66207437
3.76404313	3.93656169	4.38354225
4.31165787	4.50927531	5.02128525
4.46030744	4.66473781	5.19439994
4.31781344	4.51571306	5.028454
3.7180085	3.88841725	4.329931
3.25641544	3.40566781	3.79236731
2.92187175	3.05579075	3.40276331
2.64643625	2.76773119	3.08199569
2.64277869	2.76390587	3.07773613
2.64020112	2.76121012	3.07473431
2.61185919	2.73156913	3.04172769
2.5629905	2.68046081	2.98481625
2.574952	2.6929705	2.99874631
2.61995625	2.7400375	3.05115762
2.62165937	2.74181875	3.05314094
2.34142094	2.44873619	2.72678
2.44849469	2.56071731	2.85147612
2.84189956	2.97215331	3.30962919
3.17477081	3.320281	3.69728538
2.97674525	3.11317938	3.46666819
2.64553419	2.76678763	3.08094506
2.42884375	2.54016569	2.828591
2.27343669	2.37763581	2.64760669
2.22803381	2.33015194	2.59473119
2.19646744	2.29713881	2.55796937
2.24107044	2.34378613	2.60991319
2.20675613	2.30789913	2.56995144
2.105662	2.2021715	2.45221906
2.22641363	2.3284575	2.5928445
2.27352725	2.3777305	2.647712
2.18329525	2.28336287	2.54262931
2.02355581	2.116302	2.35659962
2.02757675	2.12050725	2.361282
2.06075263	2.15520369	2.39991825
