#?RADIANCE
genskyvec -m 1
NROWS=146
NCOLS=1
NCOMP=3
FORMAT=ascii

0.5834042	0.610143563	0.679422844
7.47819925	7.82094962	8.70898637
7.68193813	8.03402662	8.94625762
8.15925913	8.53322488	9.50213762
9.29848544	9.724666	10.8288626
11.8149834	12.3565042	13.7595337
15.6254694	16.3416369	18.1971613
21.2122019	22.1844269	24.7033787
33.092035	34.6087531	38.5384344
169.507989790714	171.796780390714	177.726832890714
127.929902020723	129.983250820723	135.303298920723
31.8851519	33.3465537	37.1329175
19.8013344	20.7088944	23.0603056
14.0188425	14.6613719	16.3261113
11.0559908	11.5627227	12.8756227
8.99352025	9.40572288	10.4737048
8.25286313	8.63111912	9.61114694
7.24404831	7.57606688	8.43629831
7.39300894	7.73185488	8.60977544
7.34575888	7.68243938	8.55474887
7.32251119	7.65812612	8.52767494
7.81974406	8.17814913	9.10674419
7.597787	7.94601869	8.84825656
7.82046287	8.17890044	9.10758137
7.98838625	8.35452044	9.303142
7.55466725	7.90092275	8.79804006
7.75176162	8.10705031	9.02757269
7.384285	7.72273131	8.59961563
7.55452556	7.9007745	8.79787494
7.21222369	7.54278381	8.39923587
7.329053	7.66496769	8.53529363
6.83559888	7.14889694	7.960625
6.811831	7.12403981	7.93294512
7.72438119	8.07841506	8.99568575
8.69982137	9.098563	10.1316676
10.8682037	11.3663285	12.6569289
13.5125394	14.1318638	15.7364806
18.5432056	19.3931013	21.5951094
26.9030775	28.1361344	31.3308775
88.4004056919872	90.0930187919872	94.4784324919872
29.1497513	30.4857806	33.9473156
23.5411437	24.6201113	27.4156244
17.0791319	17.8619237	19.8900706
13.2901606	13.8992912	15.4775006
10.1870352	10.6539405	11.8636523
8.48193931	8.87069469	9.87792625
7.39374594	7.73262575	8.61063356
7.30536188	7.64019069	8.50770313
6.57847475	6.87998806	7.66118237
6.54104675	6.8408445	7.61759431
6.42601106	6.72053637	7.48362569
6.59472562	6.89698356	7.68010775
6.853109	7.16720975	7.98101713
6.65815519	6.9633205	7.75397694
7.08692244	7.4117395	8.25331219
7.19647587	7.52631406	8.38089644
7.19938313	7.52935456	8.38428206
6.82622775	7.13909637	7.94971144
6.78147762	7.09229506	7.89759619
6.58283881	6.884552	7.66626475
6.676546	6.98255413	7.77539463
4.98371212	5.21213213	5.80394856
5.01971512	5.24978512	5.84587663
5.59828125	5.85486881	6.51966531
7.23064325	7.56204756	8.42068731
9.35501419	9.78378581	10.8946944
12.8256712	13.4135144	14.9365644
16.4212263	17.173865	19.1238875
17.7317631	18.5444688	20.6501162
13.5622237	14.183825	15.7943413
10.4923701	10.9732703	12.2192404
8.09953506	8.47076338	9.43258438
6.4680175	6.764468	7.53254569
5.52417819	5.77736938	6.43336619
4.96683438	5.19448081	5.78429288
4.88060875	5.10430312	5.68387588
4.90853956	5.13351412	5.7164035
4.83574794	5.05738612	5.63163175
5.17828319	5.415621	6.03054256
5.06156238	5.29355044	5.8946115
4.8396105	5.06142581	5.63613019
5.01613256	5.24603863	5.84170475
4.99064244	5.21938012	5.81201925
4.70083906	4.916294	5.47451912
4.85814313	5.08080781	5.65771269
3.72756763	3.8984145	4.34106356
3.97013781	4.15210219	4.6235565
4.31661569	4.51446056	5.02705906
4.94716431	5.17390887	5.76138519
6.29617494	6.58474944	7.33242056
7.26624019	7.59927581	8.46214231
8.40986031	8.79531187	9.79398494
8.98582787	9.3976775	10.4647453
7.68305981	8.03519944	8.94756338
6.6111165	6.91412581	7.69919638
5.38145725	5.62810719	6.2671555
4.43500069	4.63827156	5.16492819
4.12691338	4.3160635	4.80613481
3.88016119	4.05800175	4.51877138
3.75580344	3.92794444	4.37394631
3.61852788	3.78437687	4.21407744
3.62603019	3.792223	4.22281462
3.68054369	3.84923525	4.2863
3.78980387	3.96350306	4.41354244
3.76930575	3.94206556	4.38967094
3.77635825	3.94944119	4.39788444
3.77107875	3.94391963	4.39173569
3.67148231	3.8397585	4.27574731
3.76575431	3.93835137	4.38553506
3.01550125	3.15371163	3.51180269
3.25558875	3.40480294	3.7914045
3.5580145	3.72109006	4.14360438
4.27878	4.47489075	4.98299637
4.93508381	5.161275	5.74731644
5.1429945	5.37871513	5.98944613
4.9840825	5.21251944	5.80437975
4.26980931	4.46550869	4.97254912
3.71987669	3.89037094	4.33210662
3.31725994	3.46930081	3.86322569
2.99418913	3.13142281	3.48698294
2.97876931	3.11529625	3.46902544
2.96921619	3.10530537	3.45789975
2.93492631	3.06944363	3.41796637
2.88070119	3.01273319	3.35481669
2.894821	3.02750012	3.37126037
2.94633669	3.081377	3.43125481
2.95061919	3.08585569	3.43624187
2.64737162	2.7687095	3.08308525
2.77758713	2.90489306	3.23473194
3.238754	3.38719681	3.77179913
3.63886312	3.80564406	4.23775956
3.4151595	3.5716875	3.97723794
3.02383319	3.16242538	3.52150575
2.76238244	2.88899163	3.21702475
2.57590681	2.69396894	2.99985825
2.51605106	2.63137013	2.93015137
2.478223	2.59180813	2.88609731
2.52723688	2.64306831	2.943178
2.49263056	2.606876	2.90287606
2.38938044	2.49889369	2.78263269
2.53539869	2.65160431	2.95268306
2.59439881	2.71330881	3.02139369
2.48605763	2.60000187	2.89522144
2.29542013	2.40062694	2.67320819
2.29668681	2.40195162	2.67468331
2.343596	2.45101069	2.729313
