#?RADIANCE
genskyvec -m 1
NROWS=146
NCOLS=1
NCOMP=3
FORMAT=ascii

12.3406094	12.90622	14.3716687
30.2536556	31.6402806	35.2329031
29.7591169	31.1230775	34.6569737
29.617785	30.9752644	34.49238
29.8982894	31.2686256	34.81905
30.8040706	32.2159219	35.87391
30.5035863	31.9016675	35.5239725
30.4965556	31.8943119	35.5157813
30.2589825	31.6458513	35.2391113
31.1020469	32.5275544	36.2209244
29.3288937	30.6731362	34.1559444
30.630815	32.0347269	35.6721394
30.0508125	31.4281412	34.9966781
30.9868525	32.4070819	36.086775
33.0330575	34.5470713	38.4697494
35.7049206	37.3413969	41.5813569
43.6817594	45.6838394	50.8710519
47.1222125	49.2819794	54.8777456
65.481615	68.4828531	76.2588
89.897355	94.0176469	104.692967
96.4756175	100.897413	112.353892
112.531397	117.689101	131.052206
90.9799275	95.1498319	105.953708
79.7799888	83.436565	92.9104494
60.50426	63.2773694	70.4622556
44.8707019	46.927275	52.2556756
38.4947081	40.2590481	44.8302987
33.5934212	35.1331175	39.1223406
32.3375481	33.8196856	37.6597713
30.3975419	31.7907606	35.4004738
30.2621181	31.6491306	35.2427594
29.4777919	30.8288563	34.3293481
28.6023406	29.9132806	33.3098094
29.3815981	30.7282531	34.2173206
29.333455	30.6779044	34.1612544
29.3444269	30.6893775	34.1740312
28.8701413	30.193355	33.6216856
29.55633	30.9109938	34.4208125
29.78957	31.154925	34.6924425
29.4381094	30.787355	34.2831331
28.2843731	29.5807381	32.9395094
28.9979288	30.3270012	33.7705069
29.7635656	31.1277256	34.6621544
31.8416613	33.3010731	37.0822706
34.43342	36.0116187	40.1005894
38.7122231	40.4865325	45.0836119
47.8868963	50.0817119	55.7682838
59.8905856	62.6355694	69.7475806
83.6167238	87.4491575	97.3786469
121.584459	127.157063	141.595237
163.390512	170.879244	190.281875
176.646531	184.742844	205.719619
140.117644	146.539713	163.178719
101.150627	105.786698	117.798331
70.5388762	73.7719069	82.148405
53.423215	55.8717781	62.21579
43.7240944	45.7281131	50.9203531
36.5115006	38.184945	42.52069
32.8246175	34.3290788	38.2270056
30.5931938	31.9953806	35.6283244
29.8377125	31.2052719	34.748505
24.6366825	25.7658625	28.6914713
23.8228594	24.9147406	27.7437081
23.6705256	24.7554238	27.5663
24.4950969	25.6177887	28.5265831
24.4420556	25.562315	28.4648112
24.5115081	25.6349538	28.545695
24.5051181	25.6282688	28.5382537
24.8095675	25.9466719	28.89281
24.6458962	25.7755006	28.7022019
26.44285	27.6548125	30.7949025
28.7903044	30.1098575	33.5287081
35.2278275	36.8424344	41.0257412
46.2814706	48.4027044	53.8986331
66.4010637	69.4444438	77.3295744
109.072982	114.072153	127.024575
1083.32624441584	1091.71583841584	1113.45255041584
2013.91643154741	2024.21279454741	2050.88975654741
145.250037	151.907325	169.155769
81.5777731	85.31675	95.0041125
54.6295537	57.1334056	63.6206725
39.7429694	41.5645206	46.2840012
32.2755419	33.7548369	37.5875613
27.3501625	28.6037112	31.8515463
25.7200056	26.8988375	29.9530906
21.4589212	22.4424556	24.9907031
20.9792437	21.9407906	24.4320775
20.43505	21.371655	23.7983212
20.5125119	21.4526681	23.8885312
20.7486413	21.6996206	24.1635231
20.6903394	21.6386456	24.0956262
20.7530069	21.7041862	24.1686087
21.3565663	22.3354087	24.8715025
22.0824263	23.094535	25.7168275
23.6709375	24.7558525	27.5667788
26.6832275	27.9062063	31.0748413
32.1335444	33.6063294	37.4221913
40.1273538	41.9665225	46.7316525
61.2231069	64.0291644	71.2994125
95.7143094	100.101217	111.467293
136.136962	142.376563	158.542837
1457.81436446603	1465.47382646603	1485.31880846603
121.661716	127.237877	141.685219
76.130535	79.6198525	88.6603575
50.4838812	52.7977256	58.7926906
37.0716819	38.7707988	43.1730656
29.0315506	30.3621613	33.8096594
24.9826906	26.1277288	29.094425
23.1191144	24.1787387	26.9241363
20.1972575	21.1229638	23.5213894
19.161045	20.0392587	22.3146344
18.6362219	19.4903819	21.7034344
18.6876881	19.5442075	21.7633731
18.8685538	19.7333638	21.9740062
19.4426031	20.3337225	22.6425331
20.6062631	21.5507175	23.9977131
23.6851894	24.7707606	27.5833788
27.9335906	29.2138787	32.5309938
38.0707344	39.8156419	44.3365456
50.4806362	52.7943331	58.7889119
77.5768812	81.1324894	90.3447487
94.5965419	98.9322212	110.165566
69.2829231	72.4583881	80.6857381
47.1650219	49.32675	54.9275994
33.0854638	34.6018794	38.5307819
25.8330094	27.0170213	30.084695
22.0746469	23.0863994	25.707765
19.7784556	20.6849669	23.0336606
18.6095931	19.4625325	21.6724225
18.2646906	19.1018212	21.2707544
18.7847444	19.6457106	21.8764025
20.3947994	21.3295613	23.7514444
24.9159081	26.0578887	29.0166531
32.8344413	34.3393525	38.238445
42.3876844	44.3304519	49.3639925
51.853805	54.2304369	60.3880812
41.3151631	43.2087744	48.1149544
29.3093344	30.6526781	34.1331637
22.8525681	23.8999794	26.6137231
21.23263	22.2057925	24.7271694
20.029305	20.947315	23.3257956
21.6887856	22.6828556	25.2584
26.6875075	27.9106819	31.0798263
29.6721456	31.0321169	34.5556881
26.4672137	27.6802925	30.8232775
23.2570625	24.3230094	27.0847888
