#?RADIANCE
genskyvec -m 1
NROWS=146
NCOLS=1
NCOMP=3
FORMAT=ascii

10.4216706	10.89933	12.1369025
29.2602869	30.6013837	34.0760462
28.5419519	29.8501244	33.2394831
28.268595	29.5642381	32.9211363
28.4210775	29.7237088	33.098715
29.0136919	30.3434825	33.7888625
28.6468631	29.9598438	33.3616613
28.8104619	30.1309413	33.5521862
28.52017	29.8273425	33.214115
29.3863188	30.7331925	34.2228187
28.3890863	29.6902513	33.0614587
29.4645319	30.81499	34.3139038
29.08408	30.4170988	33.8708356
29.6907519	31.0515775	34.5773569
31.0086956	32.4299263	36.1122125
33.1673687	34.6875381	38.6261669
39.5871587	41.4015669	46.1025462
43.4404562	45.4314756	50.5900337
60.0975762	62.8520456	69.9886375
86.8845944	90.8668094	101.184368
101.767902	106.432259	118.517214
127.822012	133.680519	148.859406
105.918495	110.773079	123.350922
90.7675187	94.9276931	105.706345
66.2316669	69.2672863	77.1323013
46.9338825	49.0850169	54.65842
39.2315037	41.0296131	45.6883587
33.6586319	35.2013187	39.1982844
31.907505	33.36993	37.15895
29.7598225	31.1238125	34.6577931
29.3425225	30.6873856	34.1718144
26.373885	27.5826863	30.7145875
25.1233069	26.2747919	29.2581863
26.051625	27.2456556	30.3392887
25.7477575	26.9278631	29.98541
25.6737675	26.8504794	29.89924
25.0664569	26.215335	29.1919775
25.99503	27.1864681	30.2733812
26.3992394	27.6092037	30.7441156
26.1042775	27.3007206	30.4006069
24.607365	25.7352025	28.6573281
25.3910469	26.5548031	29.56999
25.8914594	27.07815	30.152765
27.7050394	28.9748544	32.2648294
29.25821	30.5992119	34.0736262
31.9771313	33.4427487	37.2400369
38.5117712	40.2768925	44.8501694
48.78627	51.0223069	56.81568
67.0756312	70.1499275	78.115165
102.235834	106.921626	119.062142
149.549944	156.404312	174.163394
641.965540854409	650.530803854409	672.722628854409
155.584838	162.715831	181.191544
106.135916	111.000481	123.604125
70.9703006	74.2231037	82.6508325
51.4468125	53.8047913	59.914105
41.0067675	42.8862444	47.7557987
33.2029919	34.7247956	38.6676531
29.707975	31.0695888	34.5974144
27.4295619	28.6867506	31.9440112
26.74435	27.9701325	31.1460244
20.7743787	21.7265375	24.1934938
19.9689306	20.8841706	23.2554844
19.7784031	20.6849119	23.0336
20.5089525	21.4489444	23.8843831
20.4351375	21.3717475	23.7984219
20.5165237	21.4568631	23.8932031
20.54142	21.4829006	23.922195
20.8033306	21.7568175	24.2272156
20.4322087	21.3686838	23.79501
21.6625063	22.65537	25.2277938
22.9974963	24.0515475	26.7825031
27.1133075	28.3560006	31.5757087
34.272115	35.8429212	39.9127362
47.8818681	50.0764525	55.7624281
79.2986144	82.93314	92.3498525
139.582362	145.979881	162.555281
3259.74228540575	3269.88781740575	3296.17397940575
149.018231	155.848219	173.544156
76.9449613	80.4716038	89.6088225
48.6201456	50.8485669	56.622215
34.4366225	36.0149663	40.1043175
27.5070463	28.7677838	32.0342506
23.032085	24.0877225	26.822785
21.7528956	22.7499025	25.3330606
17.6901431	18.5009419	20.6016475
17.3196631	18.1134788	20.1701912
16.8424	17.614345	19.61438
16.90393	17.6786931	19.6860356
17.0936419	17.8771	19.9069731
17.0293325	17.8098431	19.8320769
17.0277738	17.8082125	19.8302631
17.4317006	18.2306531	20.3006688
17.7692831	18.5837075	20.6938112
18.7034163	19.560655	21.7816875
20.4144113	21.3500725	23.774285
23.5870331	24.6681044	27.4690669
28.6227381	29.9346119	33.3335644
42.2119987	44.1467156	49.1593937
64.78139	67.7505369	75.4433294
91.293475	95.4777656	106.318862
608.284883357086	613.854364357086	628.284432357086
101.235592	105.875553	117.897292
65.3747494	68.37109	76.1343475
42.6888725	44.645445	49.7147537
30.8207756	32.2333919	35.8933625
23.8981706	24.9935025	27.8314119
20.5177631	21.4581613	23.8946481
19.0608744	19.9344988	22.1979781
16.4008488	17.1525538	19.1001581
15.6403419	16.3571912	18.2144825
15.2228525	15.9205644	17.7282787
15.2692856	15.9691281	17.7823562
15.3631056	16.0672469	17.8916194
15.6314819	16.3479238	18.2041656
16.2968281	17.0437656	18.9790163
18.0633581	18.8912606	21.0362862
20.5509344	21.4928525	23.9332781
26.7475669	27.9734994	31.1497738
34.5146306	36.0965512	40.195165
52.2791394	54.6752656	60.8834169
66.1912456	69.2250063	77.0852231
53.2015806	55.6399831	61.9576756
37.2444025	38.9514375	43.3742113
26.3390606	27.5462669	30.6740319
20.7342162	21.6845337	24.1467219
17.8202912	18.6370556	20.7532144
15.8465013	16.5727981	18.4545725
14.9486194	15.6337631	17.4089125
14.69525	15.3687813	17.1138444
14.9773838	15.6638462	17.4424131
15.8472625	16.573595	18.4554594
18.4989106	19.3467775	21.543525
23.3628181	24.4336138	27.2079494
29.6109819	30.9681519	34.4844556
36.9045369	38.595995	42.9784119
30.9456988	32.3640412	36.0388456
22.8138963	23.8595325	26.5686856
18.0061525	18.8314331	20.9696669
16.5553794	17.3141675	19.28012
15.6299444	16.3463163	18.2023737
16.557785	17.3166819	19.28292
19.6503975	20.5510413	22.8845263
21.9283519	22.9334031	25.5373963
20.1167719	21.03879	23.4276594
17.6625838	18.4721194	20.5695525
