#?RADIANCE
genskyvec -m 1
NROWS=146
NCOLS=1
NCOMP=3
FORMAT=ascii

19.7340594	20.6385369	22.9819556
31.6942044	33.1468575	36.9105462
31.3601938	32.797535	36.52156
31.1750837	32.6039394	36.3059856
31.31138	32.746485	36.4647138
31.8296337	33.28849	37.0682619
31.8519644	33.3118444	37.0942675
32.3719675	33.8556819	37.6998544
33.149585	34.66894	38.6054556
35.09992	36.7086656	40.8767844
35.5007869	37.1279037	41.3436256
39.5780938	41.3920894	46.0919906
41.8378487	43.7554156	48.7236638
46.4245231	48.5523131	54.0652306
52.2374519	54.6316656	60.8348675
55.0947769	57.6199531	64.1624606
61.479215	64.2970106	71.5976744
55.0153662	57.5369006	64.0699813
57.7810337	60.4293275	67.2908306
51.9092756	54.2884481	60.4526794
45.3209612	47.3981719	52.7800394
42.8606931	44.82514	49.9148519
38.0536712	39.7977969	44.316675
36.4050762	38.07364	42.3967463
34.6264225	36.2134663	40.3253575
32.5410419	34.0325056	37.8967581
32.4010156	33.8860606	37.733685
31.5925269	33.0405162	36.79213
31.9107481	33.3733231	37.1627269
31.3598669	32.797195	36.52118
31.5493119	32.9953244	36.7418056
28.9987087	30.3278156	33.771415
28.0746138	29.3613662	32.6952281
29.051685	30.3832194	33.8331094
28.94044	30.266875	33.7035575
29.1940256	30.5320844	33.9988775
29.1559606	30.4922737	33.9545475
30.5397475	31.9394844	35.5660831
32.0019206	33.4686762	37.2689063
33.7548713	35.3019694	39.3103631
35.635305	37.2685875	41.5002838
40.3822956	42.2331487	47.0285506
46.703035	48.84359	54.38958
54.6563094	57.1613888	63.6518306
65.5542037	68.55877	76.3433375
75.3055319	78.7570331	87.6995706
82.8705606	86.6687906	96.5096856
79.2198513	82.8507587	92.258125
75.8768575	79.354545	88.3649275
63.9901406	66.92302	74.5218556
54.6293575	57.1332	63.6204425
46.2761462	48.3971362	53.8924331
39.9753481	41.8075512	46.5546281
35.2280631	36.8426819	41.0260181
33.1678813	34.6880744	38.6267625
31.7556819	33.2111494	36.9821394
30.9148381	32.3317656	36.0029069
29.5352475	30.888945	34.3962606
29.2962463	30.6389919	34.1179231
28.7350575	30.0520806	33.46437
28.9136462	30.238855	33.6723525
23.6801156	24.7654544	27.5774694
23.1980375	24.2612794	27.0160481
23.3749119	24.4462606	27.2220337
24.5371969	25.6618175	28.5756131
25.2437038	26.4007069	29.3983994
26.6799975	27.9028306	31.0710831
28.9905294	30.3192638	33.76189
33.18161	34.7024344	38.6427525
38.8849175	40.6671413	45.2847269
50.7134144	53.0377775	59.0600006
66.795005	69.8564394	77.7883525
90.9300994	95.0977188	105.895686
107.877363	112.821754	125.632194
106.017847	110.876992	123.466612
82.8486412	86.6458669	96.4841456
61.7876463	64.6195775	71.9568662
44.9756681	47.0370513	52.3779169
37.14447	38.8469231	43.2578325
30.7862513	32.197285	35.8531569
27.4989762	28.7593444	32.0248525
25.9295875	27.1180256	30.1971669
24.9597119	26.1036969	29.0676644
23.7575113	24.8463975	27.6676006
23.8677894	24.9617294	27.79603
20.7896456	21.7425056	24.2112762
20.9015856	21.859575	24.3416394
21.0412919	22.0056837	24.50434
21.6171169	22.6079019	25.1749356
23.030675	24.0862481	26.82114
24.30782	25.4219275	28.3084825
27.77546	29.0485019	32.34684
33.2752062	34.80032	38.7517531
43.0512581	45.0244375	50.1367781
57.0715031	59.6872775	66.4645225
83.7719162	87.6114606	97.5593863
129.781392	135.729713	151.141263
1306.34347128575	1313.69807828575	1332.75325928575
144.247981	150.859338	167.988806
102.654771	107.359784	119.550052
74.1341006	77.5319131	86.3353481
51.5434525	53.9058594	60.0266475
38.8189006	40.5980994	45.2078462
30.7015569	32.1087113	35.7545231
26.3550413	27.5629787	30.6926425
23.9758681	25.0747637	27.9218988
22.4942406	23.5252275	26.19642
21.5579812	22.5460531	25.1060663
21.2528775	22.2269675	24.7507488
20.2689363	21.1979288	23.6048656
20.3634094	21.2967313	23.7148881
21.1555812	22.1252106	24.63744
22.7845056	23.8287937	26.5344556
25.731485	26.9108437	29.9664594
33.8523475	35.4039131	39.4238825
45.3887394	47.4690556	52.8589719
75.8900006	79.3682925	88.3802369
118.0276	123.437201	137.452987
3477.01575306647	3486.44324006647	3510.86905906647
1528.06609975733	1535.29736275733	1554.03285675733
94.464785	98.7944206	110.01213
57.5175706	60.1537931	66.9840081
37.4626169	39.1796512	43.6283381
29.2739575	30.6156788	34.0919638
24.3020375	25.41588	28.3017506
21.7691769	22.7669319	25.3520238
20.6938987	21.6423694	24.0997694
21.7050844	22.6999006	25.2773813
23.0136575	24.06845	26.8013231
25.6784656	26.855395	29.9047163
32.4358162	33.9224581	37.7742131
47.0718344	49.2292931	54.8190762
81.9806512	85.7380963	95.4733094
120.661949	126.192285	140.5209
97.3717137	101.834583	113.397469
57.0966631	59.7135919	66.4938256
36.5519163	38.2272119	42.5677544
25.8200869	27.0035062	30.0696444
23.3313519	24.4007056	27.1713069
27.6802856	28.9489638	32.236
31.6836875	33.1358569	36.8982975
44.4850431	46.5239412	51.8065444
63.0339106	65.922965	73.408245
45.4344406	47.5168494	52.9121931
32.4600962	33.9478494	37.8024881
38.4140344	40.1746762	44.7363469
