#?RADIANCE
genskyvec -m 1
NROWS=146
NCOLS=1
NCOMP=3
FORMAT=ascii

16.7596638	17.5278137	19.5180256
27.624315	28.8904288	32.1708188
26.74863	27.9746069	31.1510094
26.8376431	28.0677013	31.2546719
27.2234612	28.4712031	31.7039919
27.7222169	28.9928188	32.2848338
30.4881888	31.8855625	35.5060388
34.0998762	35.6627856	39.71215
40.1029025	41.9409531	46.7031762
47.9350694	50.1320913	55.8243838
57.3726244	60.0022019	66.8152044
65.9104488	68.9313425	76.7582137
65.3013394	68.2943137	76.048855
58.6152862	61.3018181	68.2623894
49.97473	52.2652381	58.1997419
41.9319681	43.8538488	48.8332744
35.4860113	37.1124531	41.3264188
32.2116113	33.6879775	37.5131081
28.3208006	29.6188363	32.9819325
26.1951494	27.3957606	30.5064356
27.2442412	28.4929344	31.72819
26.3978056	27.6077044	30.7424463
27.8696144	29.14697	32.45649
27.6180319	28.8838556	32.1634988
30.1785894	31.5617744	35.1454856
31.7834344	33.2401731	37.01446
32.9187362	34.4275113	38.3366137
33.2213462	34.7439887	38.6890256
31.1084144	32.5342163	36.2283437
30.1280606	31.5089294	35.0866387
28.325345	29.6235887	32.9872244
17.7380675	18.5510625	20.65746
16.2060388	16.948815	18.8732831
17.67989	18.4902169	20.5897031
17.9450675	18.7675506	20.8985275
19.9163719	20.8292037	23.1942763
22.0951969	23.1078931	25.7317
26.856625	28.0875513	31.2767788
33.9508388	35.5069181	39.5385825
44.6159213	46.6608156	51.9589594
57.4628563	60.0965688	66.9202863
70.3008488	73.5229694	81.8712
72.3748613	75.6920406	84.2865625
61.2179381	64.0237594	71.2933937
47.2323287	49.3971412	55.005985
36.4080456	38.0767469	42.4002062
27.7964713	29.0704762	32.3713081
24.7317606	25.8652994	28.8021969
19.9366487	20.8504119	23.2178888
18.0299213	18.8562919	20.9973475
16.5605456	17.31957	19.2861375
16.5524006	17.3110513	19.2766506
17.1497556	17.935785	19.9723212
16.5249369	17.2823294	19.2446669
18.7294225	19.5878531	21.811975
19.5744363	20.4715969	22.7960613
20.2254788	21.15248	23.5542569
19.0781412	19.9525544	22.218085
19.245405	20.127485	22.4128794
18.1881787	19.0218038	21.1816506
18.006935	18.8322531	20.9705788
11.9582087	12.5062931	13.9263325
11.7685644	12.3079563	13.7054756
12.5741138	13.1504262	14.6436031
14.9649412	15.6508344	17.4279244
18.3139912	19.1533825	21.32817
24.7265713	25.8598706	28.7961525
36.30486	37.9688319	42.2800381
58.0943387	60.7569944	67.6557019
1469.23541823521	1473.19964073521	1483.47058733521
88.4768031	92.5319875	103.038606
59.8060394	62.5471469	69.6491213
35.083135	36.6911119	40.8572362
23.7555787	24.8443762	27.6653544
17.9015387	18.7220256	20.847835
14.7086825	15.3828294	17.1294862
13.1246606	13.7262088	15.2847631
11.9923656	12.542015	13.9661094
12.3939038	12.9619581	14.4337363
12.1542419	12.7113119	14.1546275
11.8184975	12.3601788	13.7636256
12.5054419	13.0786094	14.5636306
12.5911156	13.1682088	14.6634031
11.8393181	12.3819544	13.7878744
12.1235575	12.6792194	14.1188925
9.73041619	10.1763925	11.3318806
10.2840607	10.7554144	11.9766469
11.3268706	11.8460188	13.1910844
12.9243175	13.5166812	15.0514469
17.0118487	17.7915581	19.8117175
21.5216606	22.5080694	25.0637687
34.8764069	36.4749087	40.616485
59.2546694	61.9705069	69.0070025
3549.08352402734	3553.90041102735	3566.38060002735
3390.39058664501	3394.99594164501	3406.92801264501
56.0737506	58.643795	65.3025569
32.3502413	33.83296	37.6745538
23.2032344	24.266715	27.0221006
16.3527569	17.1022581	19.0441481
13.1078112	13.708585	15.2651388
11.3641212	11.8849744	13.2344663
10.2669611	10.7375287	11.9567319
9.77882656	10.2270218	11.3882569
9.68067025	10.124367	11.2739469
9.59355025	10.0332543	11.1724887
9.65323369	10.0956734	11.241995
9.71641644	10.161752	11.3155781
9.55507781	9.993018	11.127685
9.71275281	10.1579202	11.3113113
9.02291675	9.43646719	10.50794
10.0340785	10.4939735	11.6855213
11.8866544	12.4314587	13.8430006
15.7604706	16.4828263	18.3543825
22.5974356	23.6331513	26.3165975
40.3132475	42.1609369	46.9481387
59.4250369	62.1486825	69.20541
52.0563056	54.44222	60.6239094
33.6313725	35.1728088	39.1665394
20.650535	21.5970163	24.0492687
14.8042813	15.4828113	17.2408212
11.6071463	12.1391394	13.5174894
9.84074644	10.2917799	11.46037
8.88608225	9.29336075	10.3485837
8.51718469	8.90755544	9.91897206
8.38474075	8.76904106	9.76472994
8.46004706	8.84779912	9.8524305
8.61263181	9.00737706	10.0301277
9.34572775	9.77407263	10.8838794
11.1861156	11.6988125	13.0271631
15.4731587	16.1823444	18.0197831
24.3826619	25.5001981	28.3956425
29.8621075	31.2307875	34.776915
25.6891844	26.8666037	29.9171956
17.8497013	18.6678138	20.7874669
12.9459994	13.5393575	15.0766962
10.0061922	10.4648082	11.6530444
8.88410581	9.29129375	10.3462814
8.36176981	8.74501725	9.73797887
8.64675844	9.04306794	10.0698713
10.4294209	10.9074356	12.14593
13.3634519	13.9759431	15.5628544
16.7406925	17.5079719	19.4959312
15.460545	16.1691537	18.0050956
10.9262522	11.4270389	12.7245325
9.61293069	10.0535234	11.1950594
12.230825	12.7914044	14.2438156
