#?RADIANCE
genskyvec -m 1
NROWS=146
NCOLS=1
NCOMP=3
FORMAT=ascii

6.10874131	6.38872519	7.11413862
23.0466663	24.1029694	26.8397625
22.7985931	23.8435275	26.5508613
23.6309525	24.7140394	27.5202156
25.7948994	26.9771656	30.0403119
30.3925994	31.7855925	35.3947144
38.1283637	39.8759125	44.40366
49.4789388	51.7467231	57.6223525
72.9707525	76.3152413	84.98053
105.722231	110.567837	123.122367
113.044908	118.226129	131.650231
115.581789	120.879273	134.604622
77.3949331	80.9422	90.1328575
53.8290275	56.29619	62.6883925
40.1455131	41.985515	46.7527981
31.3730775	32.8110094	36.5365644
26.9355425	28.1700881	31.3686856
24.0589181	25.1616188	28.0186175
23.0075231	24.0620337	26.7941781
22.6435394	23.6813662	26.37029
23.7700756	24.8595381	27.682235
24.8921112	26.0329994	28.9889406
25.5062731	26.6753106	29.7041812
25.9429212	27.1319725	30.2126956
27.5949231	28.8596906	32.1365887
27.1658775	28.4109781	31.6369281
27.8457438	29.1220063	32.4286925
26.7357019	27.9610881	31.1359537
25.77006	26.9511869	30.0113831
24.2172694	25.3272275	28.2030287
23.252515	24.3182544	27.0794938
17.2873988	18.0797375	20.1326175
16.4059413	17.1578794	19.1060875
18.6078431	19.4607006	21.6703837
20.3452025	21.2776875	23.6936831
25.1718781	26.3255894	29.3147506
31.5367238	32.9821556	36.7271431
44.0711731	46.0911006	51.3245575
67.7513287	70.8565956	78.9020719
111.278425	116.37868	129.593004
1727.14777397206	1734.50230497206	1753.55728597206
124.618004	130.329657	145.128056
77.0494731	80.5809019	89.7305313
51.5880919	53.952545	60.0786337
34.9656575	36.5682488	40.7204238
26.3735744	27.5823625	30.7142262
20.995605	21.9579031	24.4511331
20.0611825	20.9806537	23.3629206
17.06873	17.8510463	19.8779587
16.6782575	17.4426781	19.4232219
16.1819325	16.9236031	18.8452094
16.9286425	17.7045369	19.7148175
18.0770569	18.90559	21.0522425
17.5423481	18.34637	20.4295256
19.6430731	20.5433794	22.875995
20.2045575	21.1305981	23.5298912
20.4019369	21.3370269	23.7597569
18.8499625	19.7139188	21.9523519
18.5909606	19.4430456	21.6507225
17.4538037	18.25377	20.3264106
17.3116987	18.1051519	20.1609175
11.5504631	12.0798613	13.4514788
11.5182919	12.046215	13.4140131
12.898695	13.4898844	15.0216063
17.0082662	17.7878106	19.8075425
23.5185819	24.5965175	27.3893506
37.4511263	39.1676369	43.6149606
64.6216531	67.5834756	75.2573025
1455.83643265965	1461.18493865965	1475.04241365965
998.278518902183	1002.34820070218	1012.89239250218
50.803905	53.1324125	59.1653813
31.5212175	32.9659387	36.7090856
20.4906225	21.4297762	23.8630381
15.3666038	16.0709075	17.8956925
12.6903587	13.2719981	14.7789806
11.8019056	12.3428256	13.7443031
11.6238185	12.1565775	13.5369075
11.4124415	11.9355106	13.2907388
12.4751118	13.0468863	14.5283056
12.3319263	12.8971381	14.361555
11.8062844	12.347405	13.749405
12.4088744	12.9776113	14.4511669
12.2873956	12.8505675	14.3096969
11.2790962	11.7960537	13.1354487
11.5413356	12.0703144	13.4408494
8.62473112	9.02003081	10.0442196
9.26858419	9.693394	10.7940401
10.4279261	10.9058732	12.1441887
12.4693788	13.0408931	14.5216325
17.736455	18.549375	20.65558
23.2976194	24.3654262	27.1320219
36.0604287	37.7131962	41.995375
48.3361262	50.55153	56.2914506
41.7526444	43.666305	48.6244356
30.7927881	32.2041225	35.8607706
20.6240331	21.5693019	24.0184081
14.3496388	15.0073306	16.7113506
11.9609013	12.5091069	13.9294669
10.0491965	10.5097846	11.7031281
9.12291163	9.54104525	10.6243917
8.52783244	8.9186915	9.93137262
8.40259056	8.78770906	9.78551788
8.51416931	8.90440163	9.91546056
8.83349819	9.23836681	10.2873446
8.83336488	9.23822656	10.2871897
8.88098019	9.28802438	10.3426411
8.85182144	9.25753006	10.3086849
8.55005	8.94192725	9.95724612
8.71346731	9.1128345	10.1475599
7.17800175	7.50699331	8.35938169
8.02933237	8.39734338	9.35082681
9.432809	9.86514644	10.9852938
12.735165	13.3188606	14.8311606
17.3397356	18.1344744	20.1935687
22.1292737	23.1435312	25.7713856
22.4251731	23.4529913	26.1159831
16.7699562	17.5385806	19.5300138
12.6743256	13.2552306	14.7603075
9.67707312	10.1206055	11.2697594
7.96403131	8.32904919	9.27477875
7.32758537	7.66343269	8.53358425
7.00485962	7.32591537	8.15774344
6.83145556	7.14456369	7.95579975
6.7075795	7.01501013	7.81153581
6.743569	7.05264894	7.85344819
6.8714665	7.18640863	8.00239588
6.91444344	7.23135525	8.05244612
6.61960269	6.92300119	7.70907969
7.50201462	7.84585675	8.73672169
9.91491969	10.3693528	11.5467506
13.0369419	13.6344682	15.1826063
12.5813034	13.1579469	14.6519775
10.0981478	10.5609786	11.7601337
8.10610325	8.47763269	9.44023338
6.85410356	7.16824969	7.98217525
6.2041745	6.48853212	7.22527856
5.97320306	6.24697469	6.95629319
6.02019406	6.29611944	7.011018
6.06817037	6.3462945	7.06689031
6.35088606	6.64196838	7.3961365
7.38656369	7.72511425	8.6022695
8.0218355	8.38950275	9.34209619
7.30115631	7.63579244	8.50280556
6.06914606	6.34731506	7.06802675
5.86118519	6.12982269	6.82583881
6.5556765	6.85614481	7.63463212
