#?RADIANCE
genskyvec -m 1
NROWS=146
NCOLS=1
NCOMP=3
FORMAT=ascii

19.8685387	20.7791806	23.13857
27.5609444	28.8241544	32.09702
26.8341344	28.0640287	31.2505863
26.8270462	28.0566187	31.2423325
26.8611706	28.0923056	31.2820725
26.556155	27.7733094	30.9268562
28.4399425	29.7434375	33.1206844
30.9711581	32.39067	36.0684981
34.9367119	36.5379781	40.6867156
39.9882662	41.8210612	46.5696706
48.0981244	50.30262	56.0142794
54.422505	56.9168675	63.379545
57.1682781	59.7884881	66.5772256
54.761765	57.2716769	63.7746406
49.3180794	51.5784894	57.4350156
42.9409875	44.9091163	50.0083606
36.9237769	38.6161156	43.0008169
33.6191913	35.1600694	39.1523519
29.287685	30.6300375	34.1079525
26.5781575	27.7963225	30.9524819
27.1851287	28.4311131	31.6593487
25.6701194	26.8466662	29.8949944
26.8917031	28.1242394	31.3176319
26.3133031	27.5193294	30.6440369
28.5711325	29.8806419	33.2734662
30.3778756	31.7701944	35.3775687
31.5170219	32.9615512	36.7042
32.2302106	33.7074256	37.5347681
30.3003375	31.6891038	35.2872706
29.7484887	31.1119613	34.6445969
28.1493581	29.439535	32.7822763
17.2927631	18.0853469	20.1388631
15.7401225	16.461545	18.3306856
17.0803731	17.8632219	19.8915169
17.0552475	17.8369469	19.8622581
18.4493019	19.2948925	21.4857494
19.8870888	20.7985806	23.1601756
23.5181825	24.5960969	27.3888825
28.5445544	29.8528463	33.2425138
35.6556881	37.2899038	41.5240219
43.72387	45.72788	50.9200944
54.0094344	56.484865	62.8984906
59.9189194	62.6652006	69.7805775
56.4187594	59.0046188	65.7043525
47.8694069	50.0634206	55.7479162
38.6004069	40.3695913	44.9533906
29.8883756	31.2582587	34.8075063
26.2446363	27.447515	30.5640681
20.9809869	21.9426144	24.4341094
18.5339381	19.3834094	21.5843175
16.6795744	17.4440544	19.4247544
16.268755	17.0144069	18.9463231
16.4690075	17.223835	19.1795313
15.6554269	16.3729681	18.23205
17.5581187	18.3628644	20.4478937
18.315345	19.1547963	21.3297469
18.987835	19.8581094	22.1129175
18.0523131	18.87971	21.023425
18.3885944	19.231405	21.4150525
17.530725	18.3342156	20.4159925
17.4782587	18.2793463	20.35489
11.5874513	12.1185438	13.4945525
11.3636069	11.8844387	13.2338656
11.9960444	12.545865	13.9703925
13.9444806	14.5836019	16.2395106
16.4989931	17.2551956	19.2144544
21.1957262	22.1671969	24.6841906
29.1651769	30.501915	33.9652806
43.3104244	45.2954838	50.4386025
62.0972744	64.9433969	72.3174544
74.4222719	77.8332913	86.6709437
62.6426744	65.5137944	72.9526181
39.6045306	41.4197381	46.12278
26.9061937	28.1393937	31.3345062
19.9189256	20.8318756	23.1972481
15.7942713	16.5181756	18.3937469
13.6349912	14.2599275	15.8790838
12.0518775	12.6042537	14.0354163
12.1067494	12.6616413	14.09932
11.6555563	12.1897669	13.5738669
11.2733313	11.790025	13.1287344
11.8749206	12.4191875	13.829335
11.99893	12.5488806	13.973755
11.3861775	11.9080431	13.2601531
11.7223444	12.2596194	13.6516469
9.48448625	9.91919244	11.0454756
9.97422438	10.431375	11.6158169
10.8655619	11.363565	12.6538519
12.2058469	12.7652825	14.2147288
15.5536525	16.2665275	18.1135231
19.1185275	19.9947938	22.2651206
29.2834775	30.6256362	34.1030512
47.2536456	49.4194356	55.0308119
2158.82782932172	2162.63392182172	2172.49519682172
5097.61414120663	5102.76266720663	5116.10205520663
72.1614325	75.4688331	84.0380025
40.9699431	42.8477306	47.7129156
28.3228169	29.6209462	32.9842844
18.9206737	19.7878706	22.0347031
14.5552994	15.2224163	16.95086
12.2642144	12.826325	14.2827006
10.7158844	11.2070281	12.47954
9.924865	10.3797536	11.5583331
9.57510919	10.0139674	11.1510138
9.36534306	9.79458794	10.9067231
9.36005888	9.78906119	10.9005694
9.41298387	9.84441194	10.9622044
9.29195494	9.71783594	10.8212556
9.45260837	9.88585363	11.00835
8.93149319	9.34085294	10.4014688
9.85980344	10.3117113	11.4825638
11.5772775	12.1079025	13.4827056
15.0067031	15.69451	17.4765569
21.0351156	21.9992238	24.4971456
38.0762175	39.8213781	44.3429319
62.4532312	65.3156675	72.7319944
2309.19325743832	2312.44751863832	2320.87903183832
45.0414744	47.1058756	52.454555
25.8831206	27.06943	30.1430525
17.5867519	18.39281	20.48124
13.0470813	13.6450731	15.1944156
10.5795115	11.0644037	12.3207231
9.21773575	9.64021494	10.7348213
8.67139744	9.06883606	10.0985658
8.40241387	8.78752438	9.78531163
8.40150269	8.78657137	9.78425056
8.54290506	8.9344545	9.94892525
9.44961044	9.88271806	11.0048594
11.3423071	11.8621625	13.2090631
15.5854806	16.2998137	18.1505925
25.0645794	26.2133719	29.1897931
33.9613125	35.5178719	39.5507812
32.4439394	33.9309525	37.783675
22.0168656	23.0259706	25.6404769
15.1145463	15.8072963	17.60215
11.0166844	11.521615	12.8298475
9.42008638	9.85184069	10.9704756
8.58349212	8.97690187	9.99619225
8.84087938	9.24608625	10.2959409
10.9789447	11.4821462	12.7858969
14.3362938	14.9933719	16.6958075
18.9807431	19.8506937	22.1046588
18.1639469	18.9964606	21.1534331
12.1295425	12.6854806	14.1258644
10.2759573	10.7469373	11.9672087
13.4807375	14.0986044	15.6994438
