#?RADIANCE
genskyvec -m 1
NROWS=146
NCOLS=1
NCOMP=3
FORMAT=ascii

23.46083	24.5361175	27.3220919
33.0047644	34.5174819	38.4368019
31.443315	32.8844656	36.6183619
30.6833006	32.0896181	35.7332619
29.5292706	30.8826944	34.3892988
27.4107444	28.6670706	31.9220988
28.3389987	29.6378675	33.0031281
29.8369175	31.2044406	34.7475794
32.0227394	33.4904475	37.2931506
34.2372919	35.8065	39.8721812
42.0104187	43.9358944	48.9246356
44.1559469	46.1797619	51.4232838
49.1696375	51.4232437	57.2621425
49.8486469	52.1333763	58.0529081
47.8274756	50.0195669	55.6990831
45.4702006	47.55425	52.9538394
40.81722	42.6880081	47.5350544
38.6403	40.4113125	44.9998531
33.3458637	34.8742156	38.8340394
29.6666112	31.0263294	34.5492419
29.7886119	31.1539244	34.6913231
27.0586106	28.2987963	31.5120087
28.5070538	29.8136269	33.1988425
27.7473812	29.0191362	32.3141413
30.8561625	32.2704025	35.9345737
34.4902813	36.0710856	40.1668087
36.6368131	38.3159981	42.6666231
38.8494144	40.6300112	45.2433844
36.3891894	38.0570262	42.378245
36.3187731	37.9833819	42.2962394
34.0833513	35.6455044	39.6929037
18.4189713	19.263175	21.4504306
16.1432994	16.8831994	18.8002175
17.3028169	18.0958631	20.1505712
16.5933075	17.3538338	19.3242906
17.2971131	18.0898975	20.1439306
17.9679325	18.7914619	20.9251537
20.6492194	21.5956413	24.0477375
23.7970106	24.8877069	27.7136025
27.4086744	28.6649044	31.9196862
30.1227575	31.5033831	35.0804631
36.0921587	37.7463825	42.0323294
41.3104488	43.2038419	48.1094637
43.6861388	45.6884187	50.8761506
42.3849575	44.3276019	49.3608181
37.6371131	39.3621456	43.8315594
31.5903975	33.0382894	36.7896544
28.827615	30.1488794	33.5721594
23.5030944	24.5803194	27.3713137
20.4972956	21.436755	23.87081
17.9739631	18.7977694	20.9321806
16.9079044	17.6828475	19.6906631
16.554505	17.3132519	19.2791019
15.4738675	16.1830869	18.0206094
17.4899763	18.2915994	20.3685369
18.5488275	19.3989825	21.6016581
19.6641469	20.5654194	22.9005381
18.9703306	19.8398031	22.0925313
19.7371494	20.6417688	22.9855575
18.8484181	19.712305	21.9505569
18.8028962	19.664695	21.8975394
11.4959094	12.0228044	13.3879444
11.0896844	11.5979619	12.9148619
11.4682281	11.9938563	13.3557094
12.9589338	13.552885	15.0917587
14.6708206	15.3432306	17.0853925
17.4435769	18.2430744	20.3144994
21.3965775	22.3772525	24.9180975
27.8736175	29.1511587	32.4611525
36.9806281	38.6755731	43.0670262
49.5783206	51.8506587	57.7380894
53.8657	56.3345425	62.7310994
40.5181063	42.3751844	47.1867125
29.439465	30.7887719	34.2847119
22.6195212	23.6562481	26.3423181
18.0770863	18.9056188	21.052275
15.2845725	15.9851137	17.8001575
12.9282756	13.5208206	15.056055
12.3911956	12.9591244	14.43058
11.5754063	12.1059456	13.4805263
11.1147506	11.6241762	12.9440519
11.7393519	12.2774031	13.6714525
11.97098	12.5196488	13.9412038
11.3955937	11.9178906	13.2711187
11.7961219	12.3367769	13.7375681
9.33479506	9.76263975	10.8711462
9.729656	10.175598	11.3309956
10.4364588	10.9147956	12.1541238
11.4440675	11.9685875	13.32757
13.6792675	14.3062325	15.9306488
15.7292525	16.450175	18.318025
20.90571	21.8638888	24.3464444
30.2802831	31.6681281	35.2639144
51.4350619	53.7924994	59.9004175
82.9114	86.7114987	96.5572337
2763.02394848026	2767.29462038026	2778.35952388026
56.2111431	58.7874844	65.4625631
35.3551338	36.9755762	41.1740025
22.3378081	23.3616225	26.01424
17.0679131	17.8501925	19.8770094
14.2617538	14.9154169	16.6090019
12.1108206	12.6659006	14.1040613
10.7901769	11.2847269	12.5660619
9.95222831	10.4083725	11.5902012
9.47788244	9.91228506	11.037785
9.33458163	9.76241638	10.8709
9.341827	9.76999463	10.8793375
9.21606175	9.63846456	10.7328731
9.3385595	9.76657625	10.8755312
9.01572319	9.42894369	10.49956
9.78818956	10.2368137	11.3991606
11.1409769	11.6516044	12.9745969
13.4258369	14.0411875	15.6355075
17.0858994	17.8690013	19.8979537
28.6020831	29.91301	33.3095088
52.3095981	54.7071187	60.9188894
4859.66646380576	4865.22867680576	4879.63990180576
2460.45711016576	2463.99882836576	2473.17509836576
34.91249	36.5126444	40.6585075
21.5870188	22.5764225	25.1398825
15.4683056	16.1772688	18.0141313
12.2786781	12.8414513	14.2995462
10.2910857	10.76276	11.9848281
9.38662506	9.81684525	10.9315081
8.80934263	9.21310375	10.2592144
8.612388	9.00712219	10.0298443
8.68716862	9.08533075	10.1169337
9.75979487	10.2071193	11.3660944
11.345631	11.86564	13.2129344
14.41317	15.0737719	16.7853388
21.76051	22.7578662	25.3419294
34.295825	35.8677144	39.9403481
43.3735331	45.3614875	50.5120969
28.2855569	29.5819744	32.9408881
18.0957613	18.9251506	21.0740237
12.8169294	13.4043712	14.9263812
10.6311263	11.1183869	12.3808338
9.2895095	9.71527888	10.8184069
9.39984319	9.83066944	10.9469006
11.5890338	12.1201963	13.496395
14.5417587	15.2082544	16.9350912
20.007985	20.9250187	23.3009675
20.9461694	21.9061994	24.3935594
13.6417206	14.2669669	15.8869225
11.322585	11.841535	13.1860919
14.4831925	15.147005	16.866885
