#?RADIANCE
genskyvec -m 1
NROWS=146
NCOLS=1
NCOMP=3
FORMAT=ascii

6.55273781	6.85307156	7.63120994
21.3821013	22.3621144	24.9012388
20.824495	21.7789519	24.2518631
20.7180106	21.6675844	24.1278513
20.8886281	21.8460219	24.3265481
21.1874687	22.1585588	24.6745725
20.9458569	21.9058744	24.3931963
21.1285281	22.0969169	24.6059319
20.7368288	21.6872669	24.1497675
21.1980813	22.1696606	24.6869344
20.9440475	21.9039831	24.3910894
21.2649188	22.2395619	24.7647725
21.0376631	22.0018887	24.5001119
21.0776975	22.0437581	24.5467381
21.3678419	22.3472019	24.8846337
22.3784031	23.4040806	26.0615194
25.2860987	26.445045	29.4477706
27.6684138	28.9365488	32.222175
36.0551569	37.7076844	41.9892369
52.7142644	55.1303313	61.3901556
70.8258594	74.0720406	82.4826175
107.974621	112.923484	125.745463
110.088567	115.134287	128.207324
100.879928	105.503588	117.483095
70.4118087	73.6390131	82.0004219
45.1798831	47.2506256	52.6157412
34.4688131	36.0486325	40.1418075
27.6101306	28.875595	32.1542994
24.6728513	25.8036881	28.7335919
22.354545	23.3791294	26.0337337
21.548355	22.5359881	25.0948562
17.86271	18.6814156	20.8026144
16.7632256	17.5315381	19.5221725
17.5870388	18.3931112	20.4815731
17.3155219	18.10915	20.16537
17.3024131	18.0954394	20.1501025
16.8044144	17.5746162	19.5701406
17.6249694	18.4327794	20.5257456
17.9597037	18.7828581	20.9155725
17.6456675	18.4544275	20.5498506
16.2469719	16.9916237	18.9209525
16.7345913	17.5015938	19.4888269
16.8420319	17.6139587	19.6139512
17.8571519	18.6756063	20.7961444
18.2621506	19.0991675	21.2677969
19.1058631	19.9815475	22.25037
21.6001681	22.5901756	25.1551975
26.5296875	27.7456331	30.896035
33.5605763	35.0987681	39.08409
49.9768806	52.2674881	58.2022456
75.4603225	78.91892	87.8798381
120.687994	126.219513	140.551225
1665.44525011718	1672.74845611718	1691.67040611718
112.658797	117.822304	131.200556
69.7864331	72.9849769	81.2721194
46.0217006	48.1310275	53.59611
33.8522975	35.4038581	39.4238237
25.0980281	26.2483531	29.2287469
21.3486031	22.3270788	24.8622263
19.0156994	19.8872525	22.1453675
18.2480213	19.0843862	21.25134
13.4128563	14.0276119	15.62039
12.7994031	13.3860412	14.9059719
12.6607675	13.2410525	14.7445188
13.2142219	13.8198725	15.3890619
13.17432	13.7781425	15.3425944
13.227815	13.8340894	15.4048931
13.20694	13.8122581	15.3805837
13.2966994	13.9061325	15.485115
12.8441962	13.4328881	14.9581375
13.3619269	13.9743481	15.5610787
13.7246462	14.3536919	15.9834944
15.2111325	15.90831	17.7146319
17.63381	18.4420256	20.5360413
22.2839306	23.3052763	25.9514944
33.8028244	35.3521188	39.3662069
56.4018375	58.9869181	65.6846425
877.155705910233	881.797270910233	893.823163910233
1300.54428549489	1306.70887649489	1322.68076449489
67.2693694	70.3525463	78.3407931
39.0415912	40.8309963	45.4671887
26.0198981	27.2124775	30.3023413
19.4899556	20.3832462	22.69768
15.42312	16.1300138	17.9615088
14.2605187	14.9141244	16.6075612
11.1849888	11.6976344	13.0258513
10.9119269	11.4120587	12.7078525
10.5784531	11.0632981	12.3194925
10.6275136	11.1146088	12.3766269
10.7602459	11.2534237	12.5312031
10.7001774	11.1906019	12.4612494
10.6335588	11.1209294	12.383665
10.801985	11.2970769	12.5798125
10.8082406	11.3036175	12.5870969
11.12146	11.6311944	12.9518681
11.6231606	12.1558887	13.5361394
12.55982	13.1354775	14.6269575
14.3019944	14.9575	16.6558625
18.9099062	19.7766094	22.0221613
26.4991619	27.7137069	30.8604831
35.8046475	37.4456925	41.6974969
51.3958588	53.7515	59.8547625
56.7347794	59.33512	66.0723794
45.1344463	47.2031075	52.5628275
30.4894944	31.8869281	35.5075588
21.5415894	22.5289119	25.0869781
16.0411356	16.776355	18.6812419
13.3589525	13.9712381	15.5576131
12.2254094	12.7857413	14.2375075
10.1910181	10.6581056	11.8682894
9.69237244	10.1366057	11.2875756
9.40882269	9.84005988	10.9573581
9.43989737	9.87255888	10.9935475
9.45749975	9.89096844	11.0140481
9.47504837	9.90932106	11.034485
9.69186262	10.1360723	11.2869825
10.2595174	10.7297444	11.9480637
11.052165	11.5587219	12.8711662
13.1330006	13.7349294	15.2944737
15.7652594	16.4878337	18.3599581
22.2955813	23.3174619	25.9650644
29.415485	30.7636956	34.2567869
28.9762763	30.3043544	33.7452906
22.5421219	23.5752988	26.25218
16.5906556	17.35106	19.3212031
13.1387038	13.7408944	15.3011163
11.150855	11.6619356	12.9861012
9.64704862	10.0892044	11.2347919
9.05234131	9.46723988	10.5422063
8.88888288	9.29628981	10.3518437
8.9638015	9.37464194	10.4390931
9.19426613	9.61566981	10.70749
10.0779631	10.5398697	11.7366269
11.791465	12.3319075	13.7321456
14.2297325	14.8819281	16.5717087
17.9777962	18.8017781	20.9366438
16.8655869	17.6385937	19.6413812
13.612555	14.2364631	15.8529562
10.8454275	11.3425081	12.6304037
9.69450194	10.1388337	11.290055
9.11635606	9.53418888	10.6167575
9.37319425	9.80279819	10.9158663
10.5250396	11.0074369	12.2572856
11.7868925	12.3271244	13.7268187
11.3853013	11.9071262	13.2591306
9.93520981	10.3905741	11.5703806
