#?RADIANCE
genskyvec -m 1
NROWS=146
NCOLS=1
NCOMP=3
FORMAT=ascii

22.6103669	23.646675	26.3316569
30.7187375	32.1266806	35.7745325
32.5293712	34.0202994	37.883165
33.7779437	35.3260981	39.3372313
34.3113456	35.8839475	39.9584225
32.5888956	34.0825537	37.9524875
31.8484137	33.3081344	37.0901356
31.1504825	32.5782138	36.2773369
28.9895125	30.3181962	33.7607031
27.2000775	28.4467456	31.6767563
30.2481444	31.6345156	35.2264856
28.3844563	29.6854081	33.056065
30.901785	32.3181156	35.9877044
32.5353381	34.0265381	37.8901156
34.4218575	35.9995256	40.087125
38.9888113	40.7757969	45.4057206
44.2535475	46.2818337	51.5369481
48.5329537	50.75738	56.5206725
53.6386712	56.0971063	62.4667056
56.1562125	58.7300381	65.3985912
54.7175944	57.2254838	63.7232019
50.6655656	52.9877381	59.0042756
44.7334031	46.7836837	52.0957781
39.2581606	41.0574919	45.7194012
35.8398112	37.4824669	41.7384487
32.5396594	34.0310562	37.8951456
30.9004106	32.3166769	35.9861037
30.3183212	31.7079094	35.3082125
28.8428031	30.1647631	33.5898494
29.2319019	30.5716956	34.0429863
29.6187775	30.9763037	34.4935356
19.641565	20.5418013	22.8742394
18.4959037	19.3436331	21.5400213
20.4937225	21.4330181	23.8666494
20.0041387	20.920995	23.2964869
19.8316638	20.740615	23.0956256
18.6187006	19.4720569	21.68303
19.7029619	20.6060131	22.9457431
19.8578506	20.7680025	23.1261225
19.157985	20.03606	22.3110725
17.5027231	18.30493	20.38338
18.9412412	19.8093806	22.0586556
20.3633375	21.2966556	23.714805
23.5498687	24.6292375	27.4257856
26.9186556	28.1524256	31.3490194
30.9788356	32.3986988	36.0774363
38.1013869	39.8476994	44.3722431
45.5583912	47.6464838	53.0565444
53.3693088	55.8153994	62.1530094
56.7830406	59.3855962	66.1285862
54.1127312	56.5928969	63.0187869
47.2359375	49.4009169	55.0101863
38.9472275	40.7323075	45.3572937
31.2021475	32.632245	36.3375013
27.2238681	28.4716288	31.704465
23.928965	25.0257075	27.8672762
22.02953	23.0392162	25.655225
19.6302269	20.5299456	22.8610363
19.195805	20.0756125	22.3551169
18.5243256	19.3733581	21.5731231
18.96511	19.8343437	22.0864519
13.1997719	13.8047619	15.3722356
12.7449919	13.3291369	14.8426075
12.7830012	13.3688887	14.8868694
13.5531438	14.17433	15.7837656
13.4165706	14.0314937	15.6247156
13.4360012	14.0518187	15.647345
13.59816	14.2214094	15.8361912
14.2722963	14.9264413	16.6212775
14.8825381	15.564655	17.3319575
17.4822325	18.2834994	20.359515
20.7823281	21.7348525	24.2027575
28.0715875	29.3582019	32.691705
38.9811694	40.767805	45.3968225
54.3037312	56.7926506	63.2412237
67.833235	70.9422562	78.9974581
65.2883506	68.2807294	76.0337263
48.3136156	50.5279881	56.2652375
35.88	37.5244981	41.7852531
25.5386362	26.7091569	29.7418706
20.23449	21.1619044	23.5647519
17.0089719	17.7885494	19.8083675
15.1303838	15.8238569	17.6205919
13.5623969	14.1840069	15.7945406
13.3983444	14.012435	15.6034894
10.9041819	11.4039563	12.6988275
10.7651625	11.2585663	12.5369319
10.5512513	11.0348519	12.287815
10.6411406	11.1288606	12.3924969
10.8986038	11.3981225	12.6923319
11.0070231	11.5115131	12.8185969
11.4968125	12.0237481	13.3889962
12.5162256	13.089885	14.5761869
14.1353687	14.7832394	16.4618162
16.5695213	17.3289575	19.2965894
21.1851356	22.1561206	24.6718575
29.7663681	31.1306581	34.6654187
40.6732325	42.5374231	47.3673713
67.7052556	70.8084106	78.8484169
2681.80356223973	2686.33480403973	2698.07485703973
2462.2415673305	2466.7313052305	2478.3638362305
62.9887294	65.8757088	73.3556269
40.4045594	42.2564337	47.0544781
26.7019288	27.9257656	31.0966237
19.7704362	20.67658	23.0243213
15.9936894	16.7267344	18.6259856
13.5622456	14.1838494	15.7943669
12.1921156	12.75092	14.1987362
11.5300019	12.0584613	13.4276494
10.6117494	11.0981219	12.3582675
10.1399064	10.6046512	11.8087675
10.0317294	10.4915175	11.6827856
10.2084781	10.6763662	11.8886244
10.7130319	11.204045	12.4762187
12.145555	12.7022262	14.1445125
14.1563931	14.8052294	16.4863019
19.2653969	20.1483938	22.43616
26.5938	27.81268	30.9706969
45.0175838	47.0808875	52.42673
72.0517387	75.3541063	83.9102563
4714.97513595464	4719.99380295464	4732.99673895464
68.6707475	71.8181544	79.9728138
34.9789488	36.5821494	40.7359019
22.8531338	23.9005687	26.61438
16.3394125	17.0883006	19.0286075
13.04291	13.6407081	15.189555
11.4503719	11.97518	13.3349119
11.2090438	11.7227913	13.0538681
10.9380175	11.439345	12.738235
11.0406413	11.5466706	12.8577475
12.2058787	12.7653144	14.2147637
15.2683825	15.9681844	17.7813063
23.1847531	24.2473875	27.0005794
37.71545	39.4440725	43.9227869
51.8870675	54.2652237	60.426815
46.8886206	49.0376806	54.6057081
27.105155	28.3474762	31.5662137
16.571745	17.3312819	19.2991794
13.19519	13.79997	15.3669006
13.907415	14.5448381	16.1963444
13.8750825	14.511025	16.1586925
17.121945	17.9067006	19.9399331
24.8618819	26.0013831	28.9537344
24.5182312	25.6419825	28.553525
18.35603	19.1973462	21.3771269
17.7916856	18.6071356	20.7199
