#?RADIANCE
genskyvec -m 1
NROWS=146
NCOLS=1
NCOMP=3
FORMAT=ascii

0.602692794	0.630316187	0.701886
8.87818369	9.28510013	10.3393852
8.30781681	8.68859131	9.67514413
8.17694981	8.55172656	9.52273969
8.32867988	8.710411	9.69944163
8.88421487	9.29140787	10.3464087
8.93786344	9.34751469	10.4088883
9.07478169	9.4907085	10.5683398
9.12729856	9.54563269	10.6295011
9.59348075	10.033181	11.1724074
8.65978094	9.05668688	10.0850367
9.08945556	9.50605525	10.5854284
8.447224	8.83438806	9.83749762
8.273762	8.65297569	9.6354855
8.34601231	8.72853744	9.71962706
8.3934095	8.77810731	9.77482544
9.47892363	9.91337369	11.0389969
9.73724963	10.1835409	11.3398393
12.4694257	13.0409407	14.5216881
16.8701469	17.64336	19.6466938
22.0414881	23.0517206	25.6691494
34.7903744	36.3849313	40.5162906
84.3388172202517	86.5782497202516	92.3804197202517
242.994408805742	245.979579405742	253.713898205742
48.7116275	50.9442425	56.7287537
28.8700787	30.1932906	33.6216144
20.21674	21.1433412	23.5440806
14.6557359	15.327457	17.0678262
12.1659524	12.7235578	14.1682659
10.1376891	10.6023317	11.8061835
9.28309738	9.70857231	10.8109407
8.56577206	8.95836956	9.97555663
8.00575406	8.37268419	9.32336769
8.27407969	8.65330806	9.63585625
8.30726594	8.68801563	9.67450344
8.45015494	8.83745344	9.84090938
8.38970756	8.77423588	9.77051438
8.80383463	9.20734394	10.2527999
9.00915506	9.42207412	10.4919124
8.86482313	9.27112681	10.3238271
8.18660381	8.561823	9.53398306
8.23217156	8.60947937	9.58705069
8.092519	8.46342569	9.42441387
8.29706025	8.67734194	9.66261844
8.20207831	8.57800656	9.55200325
8.38027713	8.76437281	9.75953125
9.05803575	9.47319581	10.5488375
10.5006104	10.9818888	12.2288369
11.9714494	12.52014	13.9417506
15.4712462	16.180345	18.0175581
19.8221438	20.7306581	23.0845381
27.4860569	28.7458337	32.0098056
39.7807263	41.6040087	46.3279725
76.3423846118245	78.2915997118245	83.3418497118245
38.628715	40.3991956	44.9863563
27.8257887	29.1011356	32.4054519
20.7502925	21.7013456	24.165445
14.7398025	15.4153762	17.1657287
11.8008091	12.3416781	13.7430256
9.91443894	10.3688504	11.5461906
9.08492588	9.50131806	10.5801541
6.26352419	6.55060225	7.29439625
5.85407144	6.12238275	6.81755425
5.812198	6.07859	6.76878913
6.27238144	6.55986538	7.30471119
6.35767094	6.64906387	7.404038
6.47326938	6.76996069	7.53866213
6.46234731	6.75853794	7.52594244
6.45089456	6.74656056	7.51260487
6.01205881	6.28761137	7.00154381
6.11477819	6.39503856	7.12116913
6.06557519	6.34358056	7.06386806
6.41886888	6.71306694	7.47530831
6.89698744	7.21309912	8.03211687
7.7206525	8.07451569	8.99134375
9.87810869	10.3308544	11.5038811
13.1793733	13.7834281	15.3484787
17.5201156	18.3231206	20.403635
23.9270844	25.0237406	27.8650844
22.1254238	23.1395056	25.7669013
16.2750975	17.0210381	18.9537087
13.0068119	13.6029563	15.1475156
10.1159557	10.5796028	11.7808737
7.60438387	7.95291781	8.85593925
6.8850465	7.20061069	8.01821056
4.522034	4.72929381	5.26628575
4.42054381	4.62315194	5.14809181
4.24183919	4.43625681	4.93997569
4.349162	4.5484985	5.064962
4.53030356	4.73794238	5.27591631
4.50868131	4.71532906	5.25073519
4.4414275	4.64499275	5.17241294
4.51305156	4.71989969	5.25582488
4.36324269	4.5632245	5.08135987
4.40661381	4.6085835	5.13186931
4.39837256	4.59996444	5.1222715
4.40690831	4.6088915	5.13221231
4.80495025	5.025177	5.59576525
5.670776	5.93068625	6.60409144
6.77506738	7.08559112	7.89013088
7.69851531	8.05136387	8.96556306
9.4490725	9.88215525	11.0042324
10.8751609	11.3736067	12.6650331
11.5010983	12.0282331	13.3939886
10.0132004	10.4721384	11.6612076
8.36464013	8.7480195	9.74132144
6.75582681	7.06546869	7.86772369
5.59409794	5.85049375	6.51479338
5.154785	5.39104606	6.003177
3.44048194	3.59817069	4.00672813
3.30077525	3.45206062	3.84402806
3.17988275	3.32562712	3.7032385
3.30182181	3.45315519	3.84524688
3.32932738	3.48192125	3.87727931
3.255715	3.40493519	3.79155169
3.29059288	3.44141156	3.83216981
3.34907856	3.50257788	3.90028131
3.40868038	3.5649115	3.96969256
3.73590713	3.90713606	4.35077531
3.92498725	4.10488237	4.57097481
4.86715569	5.0902335	5.66820875
5.78009906	6.04502019	6.73140756
6.13080531	6.41180019	7.139834
5.61094694	5.86811506	6.53441556
4.9362085	5.16245119	5.7486265
4.37350088	4.57395269	5.09330644
3.7833465	3.95674994	4.40602263
2.77108025	2.89808787	3.22715406
2.53818825	2.65452181	2.955932
2.58031519	2.6985795	3.004992
2.6389775	2.75993037	3.07330913
2.57358119	2.69153669	2.99714975
2.64471006	2.76592588	3.07998562
2.88698006	3.01929969	3.36212887
3.15099444	3.29541494	3.66959594
3.67983306	3.84849194	4.28547225
3.6982015	3.86770231	4.30686381
3.53547531	3.69751781	4.11735575
2.93715925	3.07177894	3.42056681
2.33964831	2.44688219	2.7247155
2.20497337	2.3060345	2.56787537
2.22157737	2.32339944	2.58721194
2.38243463	2.49162944	2.77454362
2.51724587	2.6326195	2.93154244
2.57643675	2.69452331	3.00047544
2.22165538	2.32348125	2.58730294
