#?RADIANCE
genskyvec -m 1
NROWS=146
NCOLS=1
NCOMP=3
FORMAT=ascii

10.0073186	10.4659875	11.6543569
27.4420494	28.6998081	31.9585538
27.0469937	28.2866456	31.4984794
27.6464244	28.9135506	32.1965662
29.291915	30.6344575	34.112875
32.6757275	34.1733638	38.0536094
38.4734181	40.2367812	44.8055037
46.8031975	48.9483425	54.506225
62.7854381	65.6631	73.1188762
84.8083281	88.6953725	98.7663687
94.853645	99.2010894	110.464982
108.260732	113.222674	126.078654
85.6653625	89.5916869	99.7644625
65.3194525	68.31326	76.0699494
50.5955075	52.9144675	58.9226894
39.8205162	41.6456231	46.3743112
33.9080425	35.46216	39.4887444
30.1084175	31.4883869	35.0637644
28.0831725	29.3703163	32.7051963
26.9035769	28.1366556	31.3314575
27.8293212	29.10483	32.4095637
28.3385494	29.6373981	33.0026031
28.9107538	30.2358306	33.6689856
29.05105	30.3825544	33.8323712
30.8777788	32.29301	35.9597475
30.7862094	32.1972425	35.8531081
31.7326744	33.1870875	36.9553456
30.9664788	32.3857725	36.0630462
29.9912975	31.3658969	34.9273669
28.6146594	29.9261625	33.3241563
27.6294437	28.8957912	32.1767913
20.0251	20.942915	23.3208994
18.84805	19.7119181	21.9501244
21.0744044	22.0403138	24.5429019
22.3674225	23.3925937	26.0487275
26.3882456	27.5977056	30.7313125
31.4350087	32.8757756	36.6086875
41.4170994	43.3153813	48.2336663
58.7256194	61.4172087	68.3908825
87.55022	91.5629313	101.959523
121.228525	126.784831	141.180731
127.734106	133.588612	148.757019
96.6557969	101.085848	112.563743
67.6432175	70.7435294	78.7761669
46.3435	48.4675756	53.9708713
34.5904331	36.1758281	40.2834456
26.8139144	28.0428862	31.2270394
24.9252169	26.0676225	29.0274944
20.7001988	21.6489575	24.1071069
19.6533406	20.5541175	22.8879531
18.6414444	19.4958431	21.7095169
19.09948	19.9748738	22.2429394
20.0507194	20.9697106	23.3507369
19.2828362	20.1666313	22.4564688
21.5315819	22.518445	25.0753219
22.205125	23.2228594	25.8597194
22.5824956	23.6175275	26.2992006
21.1017981	22.0689638	24.5748037
21.0890294	22.05561	24.5599338
20.0160756	20.9334794	23.3103913
20.0035531	20.9203825	23.2958062
13.3682037	13.9809131	15.5683894
13.2693081	13.8774844	15.453215
14.59239	15.2612081	16.9940569
18.5191694	19.3679644	21.5671175
24.4938356	25.6164687	28.5251131
37.0489638	38.7470413	43.1466087
61.6346913	64.4596112	71.7787369
1404.2687120176	1409.4174310176	1422.7572800176
2801.45454147641	2807.83870447641	2824.37953547641
78.82197	82.4346456	91.7947569
46.6844656	48.8241694	54.3679531
28.4619756	29.7664806	33.1463431
20.3216481	21.253055	23.6662544
16.1409219	16.8807138	18.79745
14.3841869	15.0434631	16.7515863
13.6861256	14.313405	15.9386319
13.0510388	13.6492119	15.1990238
13.9719919	14.6123769	16.27155
13.6912669	14.3187837	15.9446213
13.1380975	13.7402588	15.3004087
13.8590788	14.4942838	16.1400531
13.8568219	14.4919256	16.1374238
12.9155569	13.5075187	15.0412419
13.3262956	13.9370825	15.5195812
10.1251259	10.5891931	11.7915538
10.8375271	11.3342469	12.6212031
12.0841663	12.6380238	14.0730194
14.2505519	14.9037006	16.595955
19.9463156	20.8605188	23.2291462
26.2546344	27.45797	30.5757113
43.4450462	45.4362756	50.5953788
67.3244044	70.4101037	78.4048844
1372.75599445611	1376.04674135611	1384.57279755611
51.762115	54.1345431	60.2813006
32.3539056	33.8367925	37.6788225
20.9944213	21.9566637	24.4497537
16.6080875	17.3692906	19.3415025
13.1425569	13.7449244	15.3056038
11.4354681	11.9595925	13.3175569
10.4003921	10.8770774	12.112125
9.94840687	10.4043756	11.58575
9.86982981	10.3221958	11.4942394
10.0789913	10.5409444	11.7378263
10.0472847	10.5077852	11.7009019
10.1235562	10.5875524	11.789725
10.1698827	10.6360009	11.843675
9.92762925	10.3826446	11.5615519
10.1693683	10.6354641	11.8430769
8.60814325	9.00268281	10.0249008
9.63570944	10.0773462	11.2215875
11.3936581	11.9158688	13.2688656
15.52491	16.2364688	18.0800513
22.0543944	23.0652187	25.68418
32.2848262	33.7645456	37.5983713
36.009585	37.6600231	41.9361644
26.8509781	28.0816481	31.2702031
19.1859319	20.0652862	22.3436169
13.6075637	14.2312437	15.8471431
10.6555182	11.1438956	12.40924
9.31932144	9.74645606	10.8531263
8.57545894	8.96850056	9.9868365
8.15329506	8.52698744	9.49519219
7.94613094	8.31032844	9.25393219
7.9620905	8.32701931	9.27251856
8.12988944	8.502509	9.46793469
8.24657262	8.62454056	9.60382169
8.16209675	8.53619294	9.50544281
9.45173975	9.88494431	11.0073381
12.88106	13.4714437	15.0010694
18.2853319	19.1234087	21.2947944
18.7572275	19.6169344	21.8443556
14.9823925	15.6690838	17.4482444
11.3876106	11.909545	13.2618244
9.13596381	9.55469575	10.6395918
7.86046688	8.22073812	9.15416919
7.38356587	7.72197913	8.59877844
7.31983175	7.65532394	8.5245545
7.4592905	7.80117431	8.68696594
8.1489065	8.52239769	9.49008119
9.8412225	10.2922787	11.4609244
11.1762209	11.6884656	13.0156431
10.1157519	10.5793906	11.7806369
7.945097	8.30924706	9.252728
7.46769381	7.80996281	8.69675194
8.72989706	9.13001706	10.1666929
