#?RADIANCE
genskyvec -m 1
NROWS=146
NCOLS=1
NCOMP=3
FORMAT=ascii

21.5618525	22.5501044	25.1105756
30.5556469	31.9561112	35.5845975
32.5107256	34.0007994	37.8614513
33.9220575	35.4768175	39.5050644
34.670965	36.2600494	40.3772294
33.1772613	34.6978856	38.6376875
32.5339456	34.0250831	37.8884919
31.8501525	33.3099525	37.0921606
29.5558712	30.9105156	34.4202769
27.6377606	28.9044912	32.1864769
30.4023669	31.7958088	35.4060919
28.2350569	29.5291619	32.8820763
30.38146	31.7739437	35.3817456
31.66098	33.1121069	36.8718512
33.2742937	34.7993644	38.7506906
37.7154225	39.4440475	43.9227556
43.0777244	45.0521175	50.1676025
48.0293631	50.2307075	55.9342
54.45419	56.9500069	63.4164456
59.29605	62.0137856	69.0551969
58.8023313	61.4974375	68.4802206
55.4535519	57.9951725	64.5802869
48.4969581	50.7197331	56.4787494
42.2989844	44.2376887	49.2606969
37.9608519	39.7007219	44.2085756
33.6939625	35.2382681	39.2394294
31.5434656	32.9892069	36.7349969
30.5043475	31.9024637	35.5248569
28.8258162	30.1469994	33.570065
29.0288825	30.3593713	33.8065544
29.4073075	30.7551412	34.2472619
19.6806644	20.5826938	22.9197744
18.5980631	19.4504744	21.658995
20.69135	21.6397025	24.0968019
20.3052469	21.2359037	23.6471544
20.2191319	21.1458425	23.5468656
19.0005744	19.8714319	22.1277525
20.1186962	21.0408006	23.4298994
20.2068219	21.1329662	23.5325275
19.3012019	20.18584	22.4778594
17.3505006	18.1457306	20.2061056
18.5500919	19.4003044	21.6031294
19.6696338	20.5711575	22.9069306
22.5407388	23.573855	26.2505688
25.5012619	26.6700675	29.6983456
29.2213737	30.5606863	34.0307275
36.1819025	37.8402375	42.1368425
44.3366494	46.3687431	51.633725
53.84571	56.3136375	62.7078194
60.78062	63.5663969	70.7840994
60.487155	63.2594812	70.4423356
53.68823	56.14894	62.5244206
43.8538944	45.8638631	51.0715187
34.5590075	36.1429619	40.2468469
29.3807263	30.7273413	34.2163044
25.3051663	26.4649875	29.4699775
22.9170919	23.9674581	26.6888644
20.1147569	21.0366813	23.4253094
19.4258131	20.3161631	22.6229787
18.6174038	19.4707006	21.6815187
18.9962119	19.86687	22.1226712
13.2478025	13.8549931	15.4281719
12.7964075	13.3829087	14.9024825
12.8630169	13.4525706	14.9800544
13.6907231	14.318215	15.9439887
13.5431119	14.1638381	15.7720812
13.4945556	14.1130581	15.7155356
13.5147581	14.1341856	15.7390631
13.9730838	14.6135162	16.2728219
14.2977669	14.95308	16.6509412
16.4975725	17.2537119	19.2127987
19.2774669	20.1610188	22.4502194
25.6892944	26.8667188	29.9173256
35.6414288	37.2749925	41.5074169
51.1350037	53.47869	59.5509769
70.0346006	73.2445188	81.5611344
74.5955794	78.0145406	86.8727744
56.8965275	59.5042831	66.2607519
41.1587287	43.0451687	47.9327713
28.1887737	29.4807575	32.8281769
21.7115219	22.7066319	25.2848769
17.794235	18.6098044	20.7228719
15.5537144	16.2665925	18.1135975
13.7514769	14.3817525	16.0147438
13.480005	14.0978381	15.6985888
10.9074394	11.4073638	12.7026244
10.7493513	11.2420287	12.5185144
10.5150994	10.9970394	12.2457081
10.5975156	11.0832344	12.3416894
10.8146306	11.3103006	12.5945375
10.8532806	11.3507206	12.6395494
11.1723019	11.6843644	13.0110756
11.9876037	12.5370344	13.9605631
13.2601081	13.8678619	15.4425025
15.2672331	15.96698	17.7799644
19.0514619	19.9246544	22.1870162
26.0083987	27.2004519	30.2889513
35.1765587	36.788815	40.9660356
59.4448681	62.16942	69.228505
2501.07512708899	2505.46118818899	2516.82508718898
3454.78872263716	3460.08561563716	3473.80937563716
75.5036462	78.9642294	87.9302881
46.5633562	48.6975088	54.2269106
29.5295475	30.8829856	34.38962
21.1570081	22.1267037	24.6390981
16.7181444	17.4843925	19.4696731
13.9084369	14.5459069	16.1975369
12.3523006	12.9184475	14.3852831
11.600355	12.1320394	13.5095819
10.54086	11.0239812	12.2757106
10.0151951	10.474225	11.6635319
9.84166569	10.2927413	11.4614406
9.95412656	10.4103575	11.5924106
10.3320731	10.8056263	12.03256
11.4469769	11.9716294	13.33096
13.0733225	13.6725175	15.224975
17.1971231	17.9853244	20.0274831
23.0281312	24.0835875	26.8181794
37.5541512	39.27538	43.7349412
58.8750956	61.5735356	68.5649594
3755.66327293768	3760.30101893768	3772.31700093768
76.8004056	80.3204275	89.4404838
37.903145	39.6403713	44.1413725
24.0577737	25.16042	28.0172831
16.8143469	17.585005	19.5817088
13.2131487	13.81875	15.3878131
11.4607494	11.9860337	13.3469994
10.9950894	11.49903	12.8046975
10.5894594	11.0748081	12.3323075
10.5620914	11.0461869	12.3004369
11.4630888	11.9884788	13.3497225
13.9348431	14.5735237	16.2282862
20.2973669	21.2276625	23.637975
31.8957206	33.3576075	37.1452256
44.6926675	46.74108	52.0483394
45.5413375	47.6286481	53.036685
27.2746538	28.5247419	31.7636081
16.6662169	17.4300838	19.4092
13.0381138	13.6356919	15.1839694
13.3474894	13.9592494	15.5442644
13.05587	13.6542631	15.2046475
15.6651356	16.38312	18.2433563
22.1764881	23.19291	25.8263694
22.9132181	23.9634075	26.6843531
17.6942131	18.5051975	20.6063869
16.5876431	17.3479094	19.3176931
