#?RADIANCE
genskyvec -m 1
NROWS=146
NCOLS=1
NCOMP=3
FORMAT=ascii

13.62672	14.2512763	15.8694512
30.9828894	32.4029381	36.0821569
30.5454075	31.9454038	35.5726744
30.9711675	32.3906781	36.0685069
32.172735	33.6473169	37.4678338
34.5003731	36.08164	40.1785612
38.7562106	40.5325325	45.1348375
44.910465	46.9688612	52.3019819
56.0230125	58.5907325	65.2434706
71.5177831	74.7956775	83.2884194
81.1485025	84.8678056	94.5042012
96.0274881	100.428741	111.831996
85.7505594	89.6807931	99.8636725
71.8081325	75.0993356	83.6265575
58.6690644	61.3580612	68.3250194
47.1155844	49.2750469	54.8700281
40.2537912	42.0987556	46.8788975
35.5900544	37.221265	41.4475875
32.724805	34.2246906	38.1107644
30.7395981	32.1484956	35.798825
31.3617688	32.7991825	36.523395
31.2500975	32.6823919	36.3933456
31.6641438	33.1154162	36.8755363
31.4784269	32.9211856	36.6592519
33.3085288	34.8351681	38.7905581
33.4343656	34.9667744	38.9371094
34.5395781	36.1226425	40.2242188
34.0883906	35.650775	39.6987769
33.1622025	34.682135	38.62015
32.0171206	33.4845706	37.2866075
31.103315	32.5288831	36.222405
22.3453119	23.3694706	26.0229794
20.9634569	21.9242819	24.4136938
23.1669188	24.2287363	26.9798094
24.0504962	25.15281	28.0088081
27.2886863	28.5394169	31.7799512
31.1161825	32.5423406	36.23739
39.0170194	40.8052981	45.4385719
51.7193819	54.0898525	60.231535
71.6242975	74.9070756	83.4124663
94.9050525	99.2548669	110.524856
111.071894	116.162688	129.3525
101.980073	106.654153	118.764306
78.7348337	82.3435119	91.6932856
56.8530625	59.4588269	66.2101331
42.9273925	44.8948975	49.9925294
32.8714281	34.3780319	38.2815181
29.8366644	31.2041769	34.7472844
24.4227637	25.5421387	28.4423444
22.6551113	23.6934688	26.383765
21.1215656	22.0896369	24.5978231
21.2342894	22.2075275	24.7291006
21.9126431	22.9169719	25.5191
20.9033519	21.8614206	24.3436956
23.1432563	24.2039875	26.9522531
23.8409544	24.9336638	27.7647788
24.3239625	25.4388106	28.3272831
22.9353331	23.9865363	26.71011
23.12455	24.184425	26.9304656
22.1497144	23.16491	25.7951888
22.2625813	23.28295	25.9266319
15.0909981	15.7826687	17.5747269
14.9367125	15.6213119	17.3950481
16.1587463	16.8993556	18.8182075
19.7689569	20.6750338	23.0226
24.957065	26.1009288	29.0645844
35.4590887	37.0842981	41.2950662
55.00934	57.5306	64.0629656
92.4221125	96.65812	107.633261
2118.11544920767	2124.26691720767	2140.20478620767
104.690555	109.488867	121.920878
63.8799663	66.8077944	74.3935462
37.9186656	39.6566031	44.1594469
26.1997662	27.4005862	30.5118119
20.190095	21.1154719	23.5130487
17.3230756	18.1170506	20.1741656
15.9977919	16.7310231	18.6307644
14.886195	15.5684781	17.3362156
15.5925887	16.3072494	18.1588694
15.1348944	15.8285769	17.6258475
14.5332313	15.1993375	16.9251594
15.2937262	15.9946887	17.8108194
15.3690013	16.0734137	17.8984831
14.5024356	15.16713	16.8892956
15.0210944	15.70956	17.4933162
11.6943169	12.2303062	13.6190075
12.4417137	13.0119587	14.489415
13.7178331	14.3465681	15.9755613
15.8808219	16.6086919	18.49454
21.5485875	22.5362313	25.0951263
27.8467575	29.1230656	32.4298719
45.9635156	48.070175	53.5283462
75.9672037	79.44903	88.4701406
3300.23376215108	3305.28988415108	3318.38982015108
1654.81077148621	1658.61818398621	1668.48285328621
49.4140231	51.67883	57.5467487
30.3546838	31.7459388	35.3505612
22.9016113	23.9512681	26.6708356
17.1135531	17.8979237	19.9301594
14.3108381	14.9667506	16.666165
12.7106725	13.293245	14.8026387
11.8381281	12.38071	13.7864888
11.5097562	12.0372862	13.4040706
11.5515087	12.0809531	13.4526969
11.45005	11.974845	13.33454
11.5165944	12.0444381	13.4120356
11.6006531	12.1323488	13.5099288
11.40512	11.9278531	13.2822138
11.6963338	12.2324156	13.6213562
10.219583	10.6879794	11.9015562
11.3838825	11.9056431	13.2574794
13.4373519	14.0532313	15.6489187
18.1437475	18.975335	21.1299069
26.0984312	27.2946088	30.3937994
42.6547369	44.6097437	49.6749975
54.1135338	56.593735	63.0197213
42.4816031	44.4286756	49.4733713
29.0336987	30.3644112	33.8121644
19.2325306	20.1140219	22.3978856
14.3656006	15.0240244	16.72994
11.9430581	12.4904488	13.9086881
10.5928719	11.0783763	12.3362819
9.82840763	10.2788759	11.446
9.49388762	9.929024	11.0564238
9.44235137	9.87512619	10.996405
9.60883281	10.0492371	11.1902869
9.77781394	10.2259637	11.3870812
9.99157662	10.4495239	11.6360231
11.7335075	12.2712925	13.6646475
16.2115669	16.9545944	18.87972
24.4388656	25.55898	28.4610981
27.1666769	28.411815	31.6378625
22.2538875	23.2738556	25.9165094
16.1561925	16.8966837	18.8152344
12.3142106	12.8786112	14.3409238
10.0730132	10.5346921	11.7308631
9.22145687	9.64410694	10.7391556
8.95068419	9.36092381	10.4238181
9.17190962	9.59228869	10.6814537
10.4289313	10.9069227	12.1453619
12.9920494	13.5875169	15.1303238
15.4904856	16.2004644	18.0399606
14.1043887	14.7508394	16.4257363
10.490061	10.9708563	12.2165525
9.56937981	10.0079749	11.1443413
11.6438263	12.1775006	13.5602056
