#?RADIANCE
genskyvec -m 1
NROWS=146
NCOLS=1
NCOMP=3
FORMAT=ascii

1.993993	2.08538438	2.32217106
15.2622325	15.9617494	17.7741412
14.5131919	15.1783787	16.9018219
14.1844538	14.8345744	16.5189794
14.1793075	14.8291925	16.5129856
14.5923594	15.2611744	16.9940187
14.3217019	14.9781138	16.6788156
14.4124469	15.0730169	16.7844969
14.3233588	14.9798469	16.6807456
15.0108625	15.6988619	17.4814037
14.1489544	14.7974456	16.4776375
14.9523381	15.6376525	17.4132438
14.4561375	15.11871	16.8353756
14.4848219	15.1487106	16.8687825
14.7076425	15.3817419	17.128275
14.9088756	15.5922	17.3626313
16.5077375	17.2643425	19.2246375
16.9603269	17.7376744	19.7517138
21.3263144	22.3037675	24.8362694
29.6523588	31.0114244	34.532645
40.7940025	42.6637256	47.5080169
70.1852487	73.4020725	81.7365738
98.7312238	103.256404	114.980751
460.643397863531	465.697529863531	478.792331863531
69.4377794	72.6203431	80.8660837
39.7070856	41.5269925	46.2422131
27.8348169	29.1105775	32.4159663
20.9045794	21.8627031	24.3451269
18.3159094	19.1553869	21.3304025
16.1667575	16.9077331	18.8275369
15.5245787	16.2361213	18.0796675
13.7533937	14.3837581	16.0169738
12.8485531	13.4374469	14.9632131
13.3380106	13.9493356	15.5332256
13.0910306	13.6910331	15.2455956
12.9852431	13.5803994	15.1224
12.5964006	13.1737356	14.6695594
13.15431	13.7572144	15.3192906
13.41708	14.0320319	15.6253094
13.255975	13.8635419	15.4376894
12.2951925	12.8587231	14.3187769
12.6791494	13.2602756	14.7659256
12.7568606	13.34155	14.8564275
13.4459194	14.0621881	15.6588944
13.4778781	14.0956144	15.6961156
13.7476025	14.3777019	16.01023
14.7341681	15.4094813	17.1591681
17.1308606	17.916025	19.9503169
19.5671056	20.4639306	22.7875281
26.5134775	27.7286775	30.8771556
36.8798631	38.5701875	42.949675
57.6940513	60.3383606	67.1895362
570.268970544172	574.761394944172	586.400868944172
569.764872008092	574.028431408091	585.074948508091
62.2937488	65.1488763	72.5462644
39.7132281	41.5334175	46.2493675
28.2736525	29.5695281	32.9270269
20.1436938	21.0669456	23.4590119
16.8022256	17.5723281	19.5675925
14.8074331	15.4861044	17.2444894
14.1548013	14.8035631	16.4844463
9.88926044	10.3425164	11.5168675
9.32848431	9.75604063	10.8637987
9.19373456	9.6151145	10.7068712
9.67101644	10.1142711	11.2627058
9.60294944	10.0430844	11.1834364
9.64616125	10.0882774	11.2337592
9.63619944	10.0778591	11.2221576
9.73715219	10.1834386	11.3397252
9.29748469	9.72361994	10.8276961
9.67648125	10.1199867	11.2690688
9.75997256	10.2073046	11.3663025
10.3927264	10.8690581	12.1031962
11.1417341	11.6523963	12.9754781
12.538495	13.1131756	14.6021219
16.608005	17.3692038	19.3414069
24.10988	25.2149138	28.0779644
36.54258	38.2174475	42.55688
53.7916094	56.2570556	62.6448131
41.4213512	43.3198262	48.2386175
25.9352488	27.1239456	30.2037594
18.6950494	19.5519056	21.7719425
14.2576525	14.9111281	16.6042256
11.1784862	11.6908331	13.0182781
10.5084032	10.9900383	12.2379112
7.44275119	7.78387713	8.66770456
7.32314906	7.658793	8.52841775
7.03555681	7.35801956	8.19349269
7.11018644	7.43606975	8.28040488
7.24754444	7.57972337	8.44036988
7.18016581	7.50925612	8.36190156
7.10053144	7.42597213	8.26916075
7.24254719	7.574497	8.43455013
7.15763988	7.48569812	8.33566844
7.31532375	7.65060919	8.5193045
7.40733338	7.74683581	8.62645731
7.51013663	7.854351	8.74618037
8.13892181	8.5119555	9.47845306
9.61128369	10.0518006	11.1931397
11.804585	12.3456291	13.7474237
14.1194738	14.7666144	16.443305
18.5008906	19.34885	21.54583
21.6435744	22.6355706	25.2057475
21.32958	22.3071863	24.8400744
16.8097863	17.5802356	19.5763987
13.0371794	13.6347169	15.1828819
10.2716167	10.7423979	11.9621539
8.71098294	9.11023619	10.1446666
8.18859131	8.56390156	9.53629744
6.06149044	6.33930844	7.05911119
5.86182437	6.13049106	6.82658319
5.67132044	5.93125575	6.60472556
5.772901	6.037492	6.72302456
5.78471794	6.0498505	6.73678625
5.72393556	5.9862825	6.66600025
5.81940137	6.08612381	6.77717831
5.99169362	6.26631275	6.97782706
6.15006481	6.43194269	7.16226356
6.72607481	7.03435306	7.833075
7.20699444	7.53731494	8.39314619
9.05465756	9.46966381	10.5449046
11.0711247	11.5785509	12.8932469
11.6606609	12.1951069	13.5798125
10.2203686	10.6888007	11.9024704
8.51762281	8.90801338	9.91948187
7.38254081	7.72090738	8.59758469
6.51489925	6.81349856	7.58714356
5.24554988	5.48597081	6.10888031
4.92086194	5.146401	5.730754
4.93446475	5.1606275	5.74659575
5.00217125	5.23143725	5.8254455
4.96900256	5.1967485	5.78681812
5.15408069	5.39030925	6.00235694
5.60227338	5.85904412	6.52431463
6.16053794	6.44289569	7.17446019
7.22255331	7.55358688	8.41126569
7.16150137	7.48973681	8.34016569
6.56214319	6.86290812	7.64216325
5.55477631	5.80937	6.46900019
4.76801825	4.98655219	5.55275469
4.55300437	4.7616835	5.30235312
4.59837256	4.80913125	5.35518838
4.90027763	5.12487369	5.706782
5.19441006	5.432487	6.04932381
5.2216085	5.46093231	6.08099875
4.66024606	4.87384056	5.42724519
