#?RADIANCE
genskyvec -m 1
NROWS=146
NCOLS=1
NCOMP=3
FORMAT=ascii

11.6807313	12.2160981	13.6031844
29.2092469	30.5480038	34.0166031
29.9525056	31.3253288	34.8821906
30.8555594	32.2697737	35.9338731
31.90278	33.3649881	37.1534462
32.2556319	33.734015	37.5643731
32.1251906	33.5975962	37.412465
32.2819588	33.7615456	37.59503
30.8010456	32.2127575	35.870385
30.2918587	31.6802337	35.2773944
30.6363887	32.0405569	35.6786306
29.4690275	30.8196912	34.3191419
29.3458006	30.6908169	34.1756338
29.2409531	30.581165	34.0535325
29.7265719	31.0890381	34.6190706
32.2748806	33.7541462	37.5867919
37.3800519	39.0933025	43.5321881
42.3592187	44.3006806	49.3308419
54.58099	57.0826187	63.5641156
74.6817231	78.1046319	86.9730888
88.4303119	92.4833688	102.984473
106.717848	111.609086	124.281831
93.7210244	98.0165663	109.145953
81.5630444	85.3013494	94.9869612
63.49564	66.4058562	73.94597
46.7595994	48.9027456	54.4554512
39.4277281	41.2348325	45.9168788
33.9577956	35.5141944	39.5466844
31.1072125	32.5329588	36.2269431
29.1402088	30.4758006	33.9362038
28.6904275	30.005405	33.412395
21.6216106	22.6126006	25.1801687
20.3669313	21.3004137	23.7189856
22.3907494	23.4169913	26.0758956
22.3293331	23.3527619	26.00437
22.6434825	23.6813075	26.3702238
21.7573481	22.7545606	25.3382475
23.2494356	24.315035	27.0759056
23.5973881	24.6789337	27.4811262
22.5420537	23.5752312	26.2521025
19.7219081	20.6258281	22.9678069
20.293275	21.2233831	23.6332131
20.3509244	21.2836744	23.7003487
22.0717625	23.0833837	25.70441
23.1739	24.2360375	26.9879388
25.1247038	26.2762512	29.2598131
30.079385	31.4580212	35.0299506
38.7284331	40.503485	45.1024912
50.3499294	52.6576331	58.6366912
73.5454819	76.9163131	85.6498469
101.697695	106.358823	118.435431
125.243294	130.983625	145.856269
112.822191	117.993194	131.390844
81.3698231	85.0992738	94.7619481
57.7340638	60.3802063	67.2361312
42.7219369	44.6800244	49.7532575
34.340445	35.9143819	39.9923138
27.1045262	28.3468175	31.5654831
24.1166037	25.2219462	28.0857956
21.8959231	22.8994863	25.4996275
21.49953	22.484925	25.037995
14.6556937	15.3274119	17.0677775
13.9969712	14.6384988	16.3006406
14.0825081	14.7279544	16.4002513
15.2363569	15.9346888	17.7440081
15.2491669	15.9480856	17.7589256
15.2694613	15.9693106	17.78256
15.07546	15.7664187	17.55663
15.0268794	15.7156112	17.5000531
14.265405	14.9192356	16.613255
15.153905	15.8484581	17.6479856
16.0611069	16.7972381	18.7044975
19.1805844	20.0596938	22.33739
24.1670175	25.27467	28.1445081
33.1905956	34.7118294	38.653215
53.9736681	56.4474587	62.8568388
92.5961681	96.8401694	107.835967
2908.04878847219	2915.09481947219	2933.35043247219
1249.71061939994	1254.67990239994	1267.55489239994
57.5344413	60.1714362	67.0036569
36.1769937	37.8351056	42.1311262
25.6368887	26.8119131	29.856295
20.1670425	21.0913637	23.4862025
16.3061775	17.0535425	18.9899006
15.3589344	16.062885	17.88676
11.4202131	11.9436413	13.2997913
11.2018506	11.7152669	13.0454869
10.8720094	11.3703087	12.66136
11.0277263	11.5331625	12.8427056
11.2962294	11.8139744	13.1554044
11.1985444	11.7118112	13.0416388
11.0617431	11.5687406	12.8823244
11.3144669	11.8330475	13.1766406
11.4129969	11.9360913	13.2913863
12.0744787	12.6278912	14.0617362
13.2802137	13.8888894	15.4659156
15.4405194	16.14821	17.9817725
18.953845	19.8225625	22.0733313
28.165605	29.4565269	32.8011962
43.6266038	45.6261544	50.8068181
63.7426269	66.6641631	74.2336063
1897.39385884932	1901.69298194932	1912.83162844932
77.6391025	81.1975594	90.4172063
48.0096131	50.2100513	55.9111994
30.5829531	31.9846712	35.6163988
21.6819025	22.675655	25.2503844
16.4121319	17.164355	19.1132975
13.7015119	14.3294969	15.9565531
12.5604381	13.1361237	14.6276769
10.110754	10.5741638	11.7748175
9.540773	9.97805781	11.1110256
9.21912925	9.64167269	10.736445
9.30938681	9.73606675	10.8415569
9.37047062	9.79995063	10.9126931
9.487303	9.92213762	11.0487581
9.95233875	10.4084876	11.5903287
11.209755	11.723535	13.054695
12.9335675	13.5263544	15.0622181
17.1844544	17.9720744	20.01273
22.4814319	23.5118306	26.1815025
35.4888344	37.1154037	41.3297063
47.3041963	49.472305	55.0896813
37.9615794	39.7014863	44.2094275
25.7085731	26.8868825	29.9397775
17.6067713	18.4137481	20.5045531
13.4712644	14.0886975	15.6884106
11.2267794	11.74134	13.0745194
9.52474638	9.961297	11.0923613
8.807658	9.21134188	10.2572525
8.62982112	9.02535431	10.0501461
8.83301013	9.23785613	10.2867762
9.41903469	9.85074044	10.9692513
11.2687919	11.7852794	13.12345
14.63724	15.3081119	17.0462844
19.0475988	19.9206138	22.1825169
24.6562319	25.7863088	28.7142387
20.5311725	21.4721819	23.91026
14.7020744	15.37592	17.1217931
11.122815	11.6326106	12.9534469
9.90561975	10.3596277	11.5359212
9.19613612	9.61762556	10.7096669
9.83307137	10.2837526	11.4514319
12.0018706	12.5519556	13.9771788
13.6757919	14.3025994	15.9265994
12.4769444	13.0488031	14.5304406
10.6245143	11.1114706	12.3731338
