#?RADIANCE
genskyvec -m 1
NROWS=146
NCOLS=1
NCOMP=3
FORMAT=ascii

12.6756456	13.2566119	14.761845
29.8609719	31.2295969	34.7755925
30.6514775	32.0563375	35.6962038
31.562855	33.0094862	36.7575769
32.5443875	34.0360044	37.9006531
32.6689287	34.1662525	38.0456906
32.4662956	33.9543319	37.8097081
32.5745469	34.0675444	37.9357744
31.0128462	32.4342669	36.1170444
30.3971956	31.7904	35.4000694
31.1366775	32.5637738	36.2612575
29.8727319	31.2418988	34.7892881
30.0580188	31.4356763	35.0050681
30.1097531	31.4897812	35.0653194
30.7005462	32.1076544	35.7533475
33.5349825	35.0719994	39.0542831
38.8291063	40.6087725	45.2197331
44.089635	46.1104088	51.3460581
56.2042106	58.7802337	65.4544906
75.1397731	78.5836775	87.5065312
86.6173981	90.5873569	100.873197
100.235844	104.829985	116.732994
86.9780694	90.9645675	101.293211
75.3958206	78.85146	87.8047231
59.9269919	62.6736444	69.7899819
45.3159956	47.3929769	52.7742544
38.9409812	40.7257744	45.35002
34.0996956	35.6625969	39.7119387
31.4309506	32.871535	36.6039631
29.6839763	31.0444906	34.5694656
29.2910706	30.6335775	34.111895
21.5587506	22.5468606	25.1069625
20.2220606	21.1489062	23.5502769
22.283245	23.3045587	25.9506969
22.1271456	23.1413031	25.7689056
22.3664025	23.39153	26.0475431
21.401085	22.3819662	24.9233463
22.9124256	23.9625775	26.6834288
23.2756875	24.3424913	27.1064794
22.2496119	23.2693819	25.9115256
19.4379138	20.3288169	22.6370713
20.1329981	21.0557594	23.4465569
20.3096594	21.2405163	23.6522913
22.2236869	23.2422719	25.8813375
23.4882725	24.5648194	27.3540519
25.6015231	26.7749262	29.8151081
30.8427494	32.2563756	35.9189538
39.8585056	41.6853525	46.4185544
51.6846494	54.0535306	60.1910869
74.2340594	77.6364525	86.4517519
98.8746431	103.406398	115.147775
114.583381	119.835125	133.441906
99.9152138	104.494664	116.359619
72.60857	75.93646	84.5587356
52.97715	55.4052669	61.6963081
40.1126487	41.9511438	46.7145244
32.8517844	34.3574888	38.2586413
26.306405	27.5121138	30.6360012
23.7139469	24.8008344	27.6168675
21.6670194	22.6600912	25.2330519
21.3830325	22.3630875	24.9023263
14.3081756	14.9639681	16.663065
13.632095	14.2568988	15.8757125
13.6910438	14.3185525	15.9443638
14.8168881	15.495995	17.2554994
14.7944737	15.4725562	17.2294012
14.8078013	15.4864931	17.2449206
14.6419087	15.312995	17.0517225
14.6588937	15.3307588	17.071505
13.9658494	14.6059506	16.2643956
14.9845219	15.6713131	17.4507269
16.0147075	16.7487138	18.6504619
19.37694	20.2650481	22.5660619
24.7151331	25.8479081	28.7828325
34.3355881	35.9093025	39.9866563
56.08986	58.6606444	65.3213212
94.59656	98.9322325	110.165569
2566.35133843655	2572.62598243655	2588.88306343655
94.7802756	99.124385	110.379556
51.9760831	54.3583181	60.5304831
33.42528	34.95727	38.9265244
24.1621244	25.2695544	28.1388081
19.2954256	20.1797994	22.4711325
15.751505	16.4734494	18.3439413
14.9577675	15.6433312	17.4195681
10.9733028	11.4762444	12.7793244
10.7718996	11.2656125	12.5447775
10.4302916	10.9083456	12.1469438
10.5759764	11.0607069	12.3166037
10.8338071	11.3303544	12.6168694
10.7387501	11.23094	12.5061687
10.6305081	11.1177388	12.3801137
10.9278413	11.4287006	12.7263813
11.0941969	11.6026806	12.92012
11.8348175	12.3772469	13.7826319
13.15521	13.7581575	15.3203388
15.4920588	16.2021112	18.0417938
19.2723625	20.1556781	22.4442731
29.2492625	30.5898525	34.0632044
46.1479881	48.2631025	53.7431812
1430.55079512312	1433.69227642312	1441.83157892312
2733.64287867735	2738.17396377735	2749.91361077735
74.034345	77.4275744	86.2191656
44.5841056	46.6275431	51.9219088
28.4818187	29.7872337	33.1694519
20.3724844	21.3062225	23.7254556
15.5845788	16.2988731	18.1495425
13.08983	13.68978	15.2441975
12.0619612	12.6148025	14.0471619
9.61696569	10.0577428	11.1997581
9.07938125	9.49551913	10.5736962
8.76476206	9.16648	10.2072958
8.85939456	9.26545	10.3175043
8.93376025	9.34322381	10.4041084
9.09434762	9.51117144	10.5911256
9.61101094	10.0515156	11.1928231
10.9755306	11.4785738	12.7819225
12.8264894	13.4143694	14.9375169
17.40612	18.2038988	20.2708775
23.1405875	24.2011981	26.9491444
37.33845	39.0497931	43.4837381
49.3598256	51.6221494	57.4836338
37.1522669	38.8550775	43.2669131
24.5193344	25.6431363	28.5548106
16.6716813	17.4357981	19.4155619
12.7628944	13.3478594	14.863455
10.6668244	11.15572	12.4224062
9.02530881	9.4389685	10.5107256
8.34406425	8.72650025	9.71735869
8.190213	8.5655975	9.53818594
8.42481875	8.810956	9.81140387
9.06223825	9.47759075	10.5537325
11.029441	11.5349569	12.8447038
14.6167394	15.2866725	17.0224113
19.2546662	20.1371731	22.423665
24.840485	25.979005	28.9288156
20.0118194	20.9290281	23.3054319
14.0028362	14.6446331	16.3074712
10.5536585	11.0373688	12.2906162
9.42293881	9.85482313	10.973798
8.75973131	9.16121844	10.2014382
9.45406731	9.88737838	11.0100494
11.7252262	12.2626319	13.6550019
13.3169738	13.927335	15.508725
11.9780688	12.5270625	13.9494594
10.2072263	10.6750569	11.8871675
