#?RADIANCE
genskyvec -m 1
NROWS=146
NCOLS=1
NCOMP=3
FORMAT=ascii

25.3228037	26.4834319	29.4905156
34.4430537	36.0216912	40.1118075
35.4298675	37.0537356	41.261035
35.7278081	37.3653313	41.6080131
34.7464631	36.3390069	40.4651513
31.0089006	32.4301425	36.1124512
29.5481656	30.9024556	34.4113044
28.5976631	29.9083906	33.3043656
27.1899488	28.436155	31.6649625
26.2506763	27.4538313	30.5711006
31.5297863	32.9749006	36.7190656
31.3413231	32.7777994	36.4995844
36.10257	37.7572681	42.0444506
38.94728	40.7323625	45.3573544
40.8078775	42.6782388	47.5241781
44.0387056	46.0571444	51.286745
45.0676769	47.1332781	52.4850681
45.7129531	47.8081288	53.2365462
43.1332206	45.1101575	50.2322325
39.7105919	41.5306594	46.2462975
38.4233931	40.1844644	44.7472462
33.8016569	35.3508969	39.3648481
32.0526587	33.5217375	37.3279944
28.8286719	30.1499862	33.5733944
28.6290856	29.9412519	33.3409575
29.3922662	30.7394106	34.229745
30.2063719	31.5908275	35.1778381
32.3227794	33.8042387	37.6425712
31.5848412	33.0324794	36.7831825
33.195335	34.7167875	38.6587369
33.58809	35.127545	39.116135
19.2870038	20.1709919	22.461325
17.4886206	18.2901844	20.3669575
19.2005637	20.08059	22.3606569
18.0088994	18.8343075	20.9728662
17.44712	18.2467806	20.3186269
16.3503962	17.09979	19.0414006
17.54846	18.352765	20.4366456
18.4169325	19.2610425	21.4480556
19.2297162	20.1110794	22.3946094
19.3711331	20.2589762	22.5593019
22.2838506	23.3051931	25.9514031
25.1486869	26.3013363	29.2877437
29.31956	30.6633713	34.1450725
32.9984131	34.5108394	38.4294031
35.6939219	37.3298906	41.5685481
37.8143175	39.5474725	44.0379262
38.3899813	40.14952	44.7083337
35.3947063	37.0169631	41.2200881
31.5623981	33.0090075	36.757045
27.6304963	28.8968925	32.1780163
24.7582806	25.893035	28.8330831
22.2096288	23.22757	25.8649656
19.0700744	19.9441187	22.2086913
18.6491531	19.5039044	21.7184931
17.9181388	18.7393856	20.8671669
17.8873919	18.7072287	20.8313581
17.0772087	17.8599125	19.8878331
17.92523	18.7468025	20.8754256
17.8396194	18.6572681	20.775725
18.6345769	19.4886606	21.7015181
11.868945	12.4129369	13.8223756
11.3951944	11.9174744	13.2706563
11.3954056	11.917695	13.2709
12.0996137	12.6541787	14.0910075
12.3299369	12.8950588	14.3592413
13.1204887	13.7218437	15.2799038
14.4697231	15.1329181	16.8511988
16.6665956	17.43048	19.4096394
18.8809337	19.74631	21.9884225
23.3745706	24.4459037	27.2216375
28.6941931	30.0093425	33.4167812
36.7115788	38.3941906	42.753695
41.9703638	43.894005	48.8779906
40.8611244	42.7339244	47.5861869
33.1049744	34.6222856	38.5535044
26.4118444	27.6223856	30.7587956
20.7482513	21.6992106	24.1630669
18.1614475	18.9938456	21.15052
15.1724831	15.86789	17.6696213
13.3781356	13.9913	15.579955
12.584155	13.1609275	14.6552969
12.1214287	12.6769925	14.116415
11.5165375	12.0443794	13.4119713
11.9082606	12.4540544	13.8681619
9.647909	10.0901049	11.235795
9.71834162	10.1637651	11.31782
9.80205375	10.2513166	11.41531
10.1304155	10.5947281	11.797715
10.961255	11.4636469	12.7652987
11.704425	12.2408775	13.6307794
13.4619756	14.0789831	15.6775938
15.8149069	16.5397569	18.4177788
19.4741219	20.3666837	22.6792381
24.5699594	25.6960819	28.6137662
35.2942444	36.9118962	41.1030919
58.0786831	60.74062	67.6374694
70.6799281	73.9194244	82.3126694
59.5257856	62.2540487	69.3227431
41.1989162	43.0871988	47.9795731
29.9472294	31.31981	34.8760444
21.8478987	22.8492594	25.4437
17.4841412	18.2854969	20.3617413
14.4960425	15.1604456	16.88185
12.5951556	13.1724337	14.6681094
11.3804306	11.9020344	13.2534613
10.5561806	11.0400062	12.2935538
10.0497982	10.5104137	11.7038281
9.87526344	10.3278801	11.5005688
9.57485325	10.0137004	11.1507144
9.64016806	10.0820097	11.2267794
10.1292288	10.5934856	11.7963319
10.9878538	11.4914612	12.7962713
12.4189437	12.9881437	14.462895
15.7788675	16.5020662	18.3758069
20.3522681	21.2850788	23.7019125
34.3331988	35.9068019	39.9838712
61.3419581	64.1534631	71.4378263
5461.29654237783	5467.34509237783	5483.01643037783
2328.36830046064	2332.53886796064	2343.34445236064
42.3560556	44.2973756	49.3271619
24.2874625	25.4006363	28.284775
16.7732431	17.5420156	19.5338381
13.7036556	14.3317394	15.95905
11.6077619	12.1397837	13.5182069
10.3654299	10.8405106	12.0714075
9.79122506	10.2399888	11.4026987
10.50387	10.9852981	12.2326344
11.1742894	11.6864431	13.0133906
12.3840306	12.9516331	14.4222369
15.2076125	15.9046262	17.7105306
21.6527194	22.6451337	25.2163969
42.762115	44.7220444	49.8000487
2135.22381627285	2138.78947627285	2148.02778197285
52.870605	55.2938406	61.5722281
25.5691737	26.7410931	29.7774331
16.610765	17.3720925	19.3446206
12.3159862	12.88047	14.3429925
11.2595756	11.7756381	13.1127156
13.2211437	13.8271112	15.3971256
14.9529556	15.6383	17.413965
20.7847938	21.73743	24.2056275
31.2843737	32.7182394	36.4332625
21.0365781	22.000755	24.4988513
15.165985	15.8610919	17.6620531
17.8930869	18.713185	20.8379925
