#?RADIANCE
genskyvec -m 1
NROWS=146
NCOLS=1
NCOMP=3
FORMAT=ascii

25.1566862	26.3097019	29.2970588
29.6666906	31.0264113	34.549335
29.3326262	30.6770369	34.1602894
29.2791125	30.6210712	34.0979675
28.8671	30.1901762	33.6181437
27.3891725	28.6445081	31.8969769
28.0113431	29.2951944	32.6215456
29.1967038	30.5348856	34.0019962
30.8199606	32.2325406	35.892415
32.9521556	34.46246	38.3755313
39.4960369	41.3062669	45.9964275
42.8950456	44.8610694	49.9548575
47.8222437	50.0140931	55.6929894
49.8746606	52.1605819	58.0832012
49.3616287	51.6240344	57.4857319
46.8919887	49.0412038	54.6096331
42.8593819	44.8237681	49.9133231
39.535915	41.3479756	46.0428681
34.8349631	36.4315669	40.56822
30.9052631	32.3217531	35.9917563
30.4954475	31.893155	35.5144906
27.7370562	29.0083362	32.302115
28.1115494	29.3999944	32.7382431
26.7653606	27.9921069	31.1704944
28.2954481	29.5923225	32.9524094
30.0281188	31.4044063	34.9702487
31.1137225	32.5397688	36.234525
32.3469106	33.8294756	37.6706744
30.8510306	32.2650369	35.9285987
30.9915662	32.4120094	36.0922612
29.9084344	31.2792363	34.8308637
18.37075	19.2127438	21.39427
16.73124	17.4980875	19.4849238
18.0355356	18.8621631	21.0038856
17.5574463	18.3621619	20.4471113
18.1365338	18.9677913	21.1215056
18.5427838	19.3926619	21.5946206
20.9419456	21.9017856	24.3886431
23.82107	24.9128675	27.7416206
27.4791525	28.7386125	32.0017644
30.9942769	32.4148463	36.0954188
37.6589944	39.3850306	43.8570394
44.083	46.1034688	51.3383294
48.089065	50.2931462	56.0037256
48.7912775	51.0275431	56.8215119
44.8825913	46.9397063	52.2695187
37.8995837	39.6366462	44.137225
33.3667756	34.8960862	38.8583925
27.037225	28.2764313	31.487105
23.1060338	24.1650587	26.9089038
20.1504325	21.073995	23.4668606
18.7316013	19.5901325	21.8145125
17.9892894	18.8138006	20.9500287
16.5256988	17.2831269	19.2455544
17.7926144	18.6081094	20.7209838
18.2380081	19.0739181	21.2396838
18.8291881	19.6921925	21.9281588
18.09201	18.9212263	21.0696556
18.680935	19.5371437	21.7555075
18.1259331	18.9567044	21.10916
18.3416719	19.1823319	21.3604075
12.2811463	12.8440313	14.3024181
11.9667406	12.5152169	13.93627
12.3349013	12.90025	14.3650206
13.7097694	14.3381325	15.96617
15.2123162	15.909545	17.7160088
17.9265906	18.7482262	20.8770113
22.1928244	23.209995	25.8453944
29.2628538	30.6040669	34.0790338
38.5581419	40.3253881	44.9041713
51.2902969	53.6410988	59.7318269
58.9367662	61.6380331	68.6367788
50.8210231	53.1503175	59.1853181
38.5903169	40.3590375	44.9416413
28.9877475	30.3163531	33.75865
21.8009625	22.8001731	25.3890388
17.7384687	18.5514825	20.6579275
14.7094969	15.3836831	17.1304381
13.8841637	14.5205212	16.1692662
12.7311712	13.3146831	14.8265094
12.0419525	12.5938756	14.0238569
12.3584269	12.924855	14.3924187
12.4390581	13.0091812	14.48632
11.9510381	12.498795	13.9179812
12.3704756	12.9374556	14.4064506
10.1739678	10.640275	11.8484337
10.5418806	11.02505	12.2769
11.1583519	11.6697744	12.99483
12.1007869	12.6554075	14.0923775
14.372085	15.0308038	16.73749
16.63225	17.3945606	19.3696413
22.561715	23.5957919	26.2749963
31.9548537	33.4194494	37.2140906
49.1613263	51.4145525	57.2524662
70.9558675	74.2080112	82.6340256
2623.0917280062	2627.1805080062	2637.7741994062
71.6297738	74.9128056	83.4188456
49.4317313	51.69735	57.5673713
30.6949912	32.1018438	35.7468775
21.9027444	22.90662	25.5075725
17.4194675	18.21786	20.2864219
14.1872225	14.83747	16.5222038
12.3639813	12.9306625	14.3988881
11.2262969	11.7408356	13.0739594
10.5705675	11.0550519	12.3103075
10.2911206	10.7627975	11.9848675
10.1959533	10.663265	11.8740375
10.0527607	10.5135125	11.7072788
10.1723551	10.6385881	11.8465556
9.85181	10.3033506	11.4732556
10.5765931	11.0613556	12.3173263
11.996735	12.5465856	13.9711987
14.5658031	15.2334031	16.9630931
18.9465087	19.81489	22.0647894
31.44614	32.88742	36.6216544
51.1230362	53.4661744	59.53704
3854.09056511097	3858.88259911097	3871.29835411097
3816.77364916973	3821.08449046973	3832.25345746973
50.1818575	52.481855	58.4409537
30.8443181	32.2580144	35.9207806
20.2913681	21.2213875	23.6309913
14.8620931	15.5432725	17.3081456
11.9158356	12.4619775	13.8769825
10.6677988	11.1567394	12.4235419
9.8751995	10.3278112	11.500495
9.55878025	9.99689119	11.1319956
9.57331681	10.0120931	11.1489263
10.7758589	11.2697519	12.5493856
12.6723344	13.2531494	14.7579912
16.4953263	17.2513619	19.2101838
25.3767256	26.5398231	29.5533119
40.0243988	41.8588481	46.61175
54.8383038	57.3517244	63.8637775
40.36436	42.2143912	47.0076625
25.1300981	26.2818925	29.266095
16.0867169	16.8240225	18.7343206
12.5246662	13.0987137	14.58602
10.4989293	10.98013	12.22688
10.5151299	10.9970738	12.2457456
13.4956062	14.1141556	15.71676
17.63434	18.44258	20.53666
25.685135	26.86237	29.9124819
28.2732763	29.569135	32.9265869
17.2958663	18.0885925	20.1424788
13.4425294	14.0586431	15.6549456
18.1609606	18.9933356	21.1499506
