#?RADIANCE
genskyvec -m 1
NROWS=146
NCOLS=1
NCOMP=3
FORMAT=ascii

27.2115212	28.4587163	31.6900856
36.3742875	38.0414406	42.36089
36.4266769	38.0962319	42.4219025
36.1830331	37.8414212	42.1381612
34.7696337	36.36324	40.4921381
30.9607781	32.379815	36.0564094
29.9669981	31.3404844	34.8990694
29.6422131	31.0008144	34.5208306
29.34382	30.688745	34.1733269
29.3789462	30.7254812	34.2142344
35.9341181	37.5810969	41.8482763
36.5809687	38.257595	42.6015894
42.1410412	44.0725038	49.0767569
45.0755975	47.14156	52.4942919
46.4433338	48.5719844	54.0871331
48.4794706	50.7014444	56.4583869
47.5615156	49.7414175	55.38935
46.8613631	49.0091762	54.5739656
42.5439194	44.4938462	49.5459413
38.2236181	39.9755319	44.51459
37.02313	38.7200225	43.1165231
32.3978744	33.8827769	37.7300262
31.5610344	33.0075813	36.7554569
28.9387225	30.2650794	33.7015562
29.8667687	31.2356612	34.7823431
31.9947863	33.4612137	37.2605963
33.5844544	35.1237406	39.1118975
36.27053	37.9329275	42.2400562
35.1358606	36.7462556	40.9186419
36.53024	38.2045419	42.5425094
36.1364669	37.7927212	42.0839281
20.1404731	21.0635775	23.4552606
17.9920538	18.8166888	20.9532463
19.5079837	20.4020988	22.7186738
18.24727	19.0836025	21.2504688
17.9113806	18.7323181	20.8592962
17.2740125	18.065735	20.1170263
18.9118281	19.77862	22.0244025
20.5220094	21.4626025	23.8995906
22.2944819	23.3163119	25.9637844
23.1727475	24.23483	26.986595
26.9780406	28.2145356	31.4181788
30.6974606	32.1044281	35.7497544
35.3718969	36.9931063	41.1935231
39.1081588	40.9006131	45.54471
40.5473912	42.4058144	47.2208181
39.7699287	41.5927181	46.3154006
38.2189988	39.9707006	44.5092094
33.2361319	34.7594556	38.7062487
29.0340581	30.3647869	33.8125844
25.2188138	26.3746763	29.3694119
22.7219106	23.7633319	26.4615594
20.689365	21.6376256	24.0944906
18.1000975	18.929685	21.0790731
18.4503831	19.2960269	21.4870094
18.3913225	19.2342594	21.4182294
18.9010281	19.7673238	22.0118219
18.3190056	19.1586238	21.3340081
19.3854081	20.2739056	22.575925
19.1592819	20.0374156	22.3125831
19.7933706	20.7005669	23.0510319
12.4065994	12.9752356	14.4485194
11.9122425	12.4582194	13.8727994
11.9836975	12.5329525	13.9560162
12.8835669	13.4740625	15.0039881
13.5606831	14.1822138	15.7925462
14.9886781	15.6756575	17.4555644
17.1183681	17.9029594	19.9357675
20.3247113	21.2562594	23.6698219
23.76622	24.8555038	27.677745
30.2717344	31.6591912	35.25396
37.8809663	39.6171763	44.1155462
44.5027725	46.5424831	51.8271906
43.2740325	45.2574244	50.3962194
36.8600219	38.5494394	42.9265706
28.5863769	29.8965856	33.2912188
23.14004	24.2006262	26.9485063
18.6040844	19.4567687	21.6660081
16.6257838	17.3877994	19.3621119
14.2752469	14.9295288	16.6247162
12.9264219	13.5188825	15.0538956
12.6430644	13.2225381	14.7239025
12.50703	13.08027	14.56548
12.0191681	12.570045	13.9973225
12.5130887	13.0866031	14.5725319
10.1282353	10.5924475	11.7951762
10.31412	10.7868506	12.0116538
10.6087138	11.0949456	12.3547319
11.1609075	11.6724481	12.9978069
12.4648656	13.0361725	14.5163756
13.6401856	14.2653606	15.8851344
16.2999231	17.0470031	18.9826206
19.9563406	20.8710056	23.2408219
26.2252394	27.4272306	30.5414806
35.4745731	37.10049	41.3130975
54.6535269	57.1584781	63.6485912
82.9835513	86.786955	96.6412625
74.5347763	77.95095	86.8019569
46.3988538	48.5254675	54.035335
31.42419	32.8644625	36.5960894
24.0521406	25.1545288	28.0107231
18.7816375	19.6424625	21.8727837
15.6897906	16.408905	18.2720675
13.4344194	14.0501619	15.6455019
11.9886831	12.5381644	13.9618219
11.1275938	11.6376075	12.9590094
10.6179412	11.1045963	12.3654788
10.2904241	10.7620694	11.9840563
10.2485422	10.7182656	11.9352806
10.0596196	10.5206856	11.7152669
10.3947625	10.87119	12.1055687
11.2408444	11.7560506	13.0909006
12.6064625	13.1842575	14.681275
14.7561969	15.4325213	17.18482
20.132985	21.0557463	23.4465394
28.4775925	29.782815	33.1645331
57.0107594	59.6237506	66.3937856
3966.79385899515	3971.80602599515	3984.79217099515
4326.00181589923	4331.07225689923	4344.20930689923
56.8960981	59.5038356	66.2602519
30.5052356	31.90339	35.52589
20.133575	21.0563638	23.4472294
15.1509219	15.84534	17.6445137
12.9104306	13.5021587	15.0352744
11.3013281	11.8193044	13.1613394
10.3907913	10.8670375	12.1009431
10.0612998	10.5224412	11.7172206
11.1237319	11.6335694	12.9545138
12.2681969	12.8304881	14.2873375
14.2591488	14.9126937	16.6059675
18.7244188	19.5826206	21.8061481
29.0218081	30.351975	33.7983156
59.6972406	62.4333619	69.5224169
2386.6115128604	2389.9024335604	2398.4289372604
39.6817856	41.5005325	46.2127488
21.5632394	22.5515525	25.1121912
15.463285	16.1720181	18.0082863
12.1241044	12.6797937	14.1195306
11.5131894	12.0408787	13.40807
14.0139819	14.6562881	16.3204519
16.701275	17.4667506	19.4500275
24.226925	25.3373231	28.2142719
33.3953606	34.9259806	38.8916813
20.4792781	21.4179119	23.8498281
15.2148537	15.9121987	17.718965
19.0352581	19.9077056	22.1681431
