#?RADIANCE
genskyvec -m 1
NROWS=146
NCOLS=1
NCOMP=3
FORMAT=ascii

1.18484506	1.23915056	1.37985094
11.0601068	11.5670292	12.8804156
10.4318233	10.9099474	12.1487279
10.2731084	10.7439583	11.9638916
10.4283419	10.9063056	12.1446725
11.0035102	11.5078361	12.8145038
11.0048896	11.5092799	12.8161119
11.1523945	11.6635449	12.9878924
11.1557691	11.6670734	12.991824
11.6779268	12.2131656	13.5999225
10.7080817	11.1988677	12.4704536
11.2019366	11.7153575	13.0455897
10.5375306	11.0205007	12.2718319
10.3799219	10.8556668	12.0882824
10.4836951	10.9641979	12.2091392
10.5968404	11.0825279	12.3409046
11.904735	12.4503675	13.8640556
12.2902081	12.8535094	14.3129731
15.6149875	16.330675	18.1849556
21.1899156	22.1611206	24.6774238
27.9918638	29.2748231	32.5988594
44.8732381	46.9299281	52.2586294
163.081626723352	166.014474923352	173.613226123352
315.659684437256	319.459903237256	329.305932537256
57.3781481	60.0079781	66.8216394
33.8135319	35.3633162	39.3786756
23.75861	24.8475444	27.66888
17.399675	18.1971613	20.2633725
14.6196444	15.2897119	17.0257956
12.3709903	12.9379932	14.4070477
11.4652591	11.9907502	13.35225
10.4502742	10.929245	12.1702163
9.80415294	10.2535085	11.4177519
10.1368725	10.6014788	11.8052331
10.1267374	10.5908788	11.79343
10.2475036	10.7171803	11.9340725
10.1282169	10.5924279	11.7951544
10.5924192	11.0779049	12.335755
10.8084905	11.3038793	12.5873887
10.6358649	11.1233432	12.3863525
9.85867056	10.3105243	11.4812431
9.95528675	10.4115713	11.5937606
9.8409575	10.2920017	11.460615
10.1399064	10.6046507	11.8087675
10.0958316	10.5585569	11.7574381
10.3282388	10.8016166	12.028095
11.1630894	11.6747294	13.0003488
12.9317387	13.5244425	15.0600875
14.8057744	15.4843712	17.2425587
19.2785956	20.1621975	22.4515337
25.0817831	26.231365	29.2098294
35.5537025	37.1832469	41.4052512
52.9659169	55.3935206	61.6832287
156.629066345659	159.184781345659	165.806412645659
47.2021569	49.3655875	54.9708494
32.890435	34.3979131	38.3036556
24.2642119	25.3763213	28.2576994
17.2951625	18.0878575	20.14166
13.9739212	14.6143931	16.2737975
11.88544	12.4301881	13.841585
10.9902989	11.4940206	12.7991206
7.93152956	8.29505794	9.23692744
7.49246344	7.83586787	8.72559869
7.42889431	7.769385	8.65156663
7.880703	8.24190163	9.17773569
7.94997344	8.314347	9.25840719
8.05211419	8.42116919	9.37735812
8.03588487	8.40419587	9.35845756
8.02665456	8.3945425	9.34770856
7.59555587	7.9436855	8.84565844
7.72922837	8.0834845	9.00133113
7.71956156	8.07337462	8.99007362
8.17432681	8.54898306	9.51968562
8.82250888	9.22687394	10.2745481
9.94950169	10.4055204	11.5870228
12.7547144	13.3393025	14.8539256
17.2228812	18.0122625	20.0574819
23.5524675	24.6319562	27.4288112
32.2395981	33.7172463	37.5457019
28.9903106	30.3190325	33.7616356
20.796245	21.7494069	24.2189631
16.1041056	16.8422088	18.7545731
12.44733	13.0178306	14.4959531
9.53403737	9.97101375	11.1031813
8.64260531	9.03872406	10.0650346
6.26040725	6.54734256	7.29076631
6.10590181	6.38575562	7.11083194
5.90653475	6.17725075	6.87865219
5.99677137	6.27162319	6.98374019
6.162478	6.44492481	7.1767195
6.1391525	6.42053019	7.149555
6.07235413	6.35067013	7.07176287
6.140894	6.42235156	7.15158294
6.00691687	6.28223369	6.99555544
6.06651381	6.34456225	7.06496125
6.11015069	6.39019919	7.11578006
6.22145619	6.50660619	7.24540469
6.73162206	7.0401545	7.83953506
7.89177144	8.25347762	9.19062625
9.4600275	9.893612	11.0169915
10.9451108	11.4467618	12.7464944
13.5601644	14.1816706	15.7919412
15.5965963	16.3114388	18.1635362
16.1495181	16.8897019	18.8074594
13.7996375	14.4321188	16.0708275
11.3271881	11.8463487	13.191455
9.08206319	9.49832394	10.57682
7.60806506	7.95676788	8.86022631
6.98710763	7.30734975	8.13706937
5.29799887	5.54082356	6.16996156
5.07378706	5.30633544	5.90884825
4.92649944	5.15229731	5.7373195
5.02192387	5.25209519	5.84844906
5.044434	5.27563706	5.87466413
4.97902944	5.20723487	5.79849506
5.02242688	5.25262125	5.849035
5.12420644	5.35906563	5.96756562
5.26155369	5.50270806	6.12751794
5.75332681	6.01702075	6.70022881
6.18492219	6.4683975	7.2028575
7.55757919	7.90396812	8.80143069
8.98357706	9.39532394	10.4621249
9.56026056	9.99843925	11.1337213
8.74318019	9.14390956	10.1821624
7.58967781	7.93753781	8.83881294
6.62478606	6.92842187	7.71511575
5.77373331	6.0383625	6.72399381
4.69880731	4.91416881	5.47215287
4.39911156	4.6007375	5.12313225
4.39127681	4.5925435	5.114008
4.43729013	4.64066594	5.16759456
4.40705994	4.60905006	5.13238913
4.56470256	4.77391794	5.31597675
4.95586475	5.18300831	5.77151769
5.45240144	5.70230306	6.34977606
6.32588256	6.61581881	7.36701788
6.36825594	6.66013425	7.41636506
5.95549712	6.22845719	6.93567325
5.05341925	5.28503412	5.88512806
4.36213388	4.56206475	5.0800685
4.14636294	4.33640469	4.82878556
4.17713856	4.36859056	4.86462637
4.4441095	4.64779756	5.17553594
4.75410975	4.97200638	5.53655713
4.79847731	5.01840744	5.58822706
4.27853138	4.47463038	4.98270656
