#?RADIANCE
genskyvec -m 1
NROWS=146
NCOLS=1
NCOMP=3
FORMAT=ascii

0.521605931	0.54551285	0.607453587
7.76003306	8.11570087	9.03720544
7.25014444	7.58244244	8.44339762
7.12870812	7.45544069	8.30197519
7.253019	7.58544894	8.44674544
7.73580406	8.09036137	9.00898881
7.78109838	8.13773175	9.06173794
7.8981595	8.26015844	9.19806581
7.9521095	8.31658106	9.26089531
8.36660113	8.75007006	9.74360544
7.54710194	7.89301075	8.78922969
7.93380369	8.29743619	9.239576
7.37309619	7.71102969	8.58658519
7.22082306	7.55177731	8.40925075
7.27866013	7.61226519	8.47660675
7.300419	7.635021	8.50194663
8.21414969	8.59063119	9.56606231
8.40320281	8.78834944	9.78623137
10.7103567	11.2012484	12.4731047
14.4161406	15.0768794	16.7887975
18.8015181	19.663255	21.8959381
29.6006719	30.9573688	34.4724512
62.2268767010427	64.1330761010427	69.0718699010427
175.053201832238	177.625943632238	184.291689332238
62.3381850648005	64.3305337648004	69.4925406648005
25.6605538	26.83666	29.8838538
17.8608381	18.6794587	20.800435
12.8951131	13.4861393	15.0174347
10.6696478	11.1586736	12.4256949
8.87861606	9.28555312	10.3398889
8.12115087	8.49337019	9.45775762
7.53309531	7.878362	8.772918
7.04952419	7.37262706	8.20975856
7.26891337	7.60207144	8.46525588
7.29732869	7.63178944	8.498348
7.42011638	7.76020481	8.64134425
7.3743285	7.71231831	8.58802044
7.72533075	8.07940806	8.996792
7.90261756	8.26482081	9.20325725
7.78553056	8.142367	9.06689956
7.21603813	7.54677306	8.40367819
7.25182525	7.58420044	8.44535556
7.12936025	7.4561225	8.30273462
7.29444569	7.62877431	8.49499031
7.202285	7.5323895	8.38766144
7.34260506	7.67914094	8.55107581
7.89965656	8.26172381	9.19980881
9.10023475	9.51732825	10.597982
10.3264074	10.7997016	12.0259637
13.2596837	13.8674194	15.4420075
16.907215	17.6821288	19.6898594
23.3191375	24.3879306	27.15708
33.5462306	35.0837656	39.0673825
36.1717875	37.8296613	42.1250625
33.6744887	35.2179019	39.2167506
24.4714787	25.5930875	28.4990775
18.2763019	19.1139656	21.2842781
12.9790838	13.5739588	15.1152263
10.3845913	10.8605507	12.0937227
8.72692925	9.12691237	10.1632372
7.99329875	8.35965812	9.30886237
5.56747762	5.82265344	6.48379181
5.21242625	5.451329	6.07030531
5.17535662	5.41256031	6.02713425
5.57109413	5.82643556	6.48800356
5.64749313	5.90633637	6.5769765
5.75036669	6.01392506	6.69678131
5.74362138	6.00687031	6.68892594
5.73477619	5.99761994	6.678625
5.35644494	5.60194838	6.23802675
5.43914194	5.68843581	6.33433456
5.38898694	5.63598194	6.27592463
5.67662006	5.9367985	6.61089756
6.06793856	6.34605219	7.06662038
6.75144737	7.0608885	7.86262356
8.56154287	8.95394737	9.97063187
11.3329403	11.8523653	13.198153
14.9809275	15.6675525	17.4465381
20.3856456	21.3199869	23.740785
19.1148825	19.9909806	22.2608738
14.2469406	14.899925	16.59175
11.4657426	11.9912549	13.3528144
8.94609381	9.35612331	10.4184742
6.74765319	7.05692037	7.85820481
6.11275475	6.39292256	7.11881256
4.06476137	4.25106294	4.73375369
3.97582038	4.15804525	4.63017438
3.8218945	3.99706462	4.450915
3.9161605	4.09565113	4.56069556
4.07531063	4.26209575	4.74603919
4.05834206	4.24434938	4.72627781
4.00163237	4.18504044	4.66023463
4.06317231	4.24940081	4.73190275
3.93099044	4.11116056	4.57796625
3.96442719	4.14612994	4.61690594
3.94994944	4.1309885	4.60004537
3.94809488	4.12904894	4.59788562
4.28188856	4.47814169	4.98661631
5.01050437	5.24015219	5.83515006
5.94174194	6.21407156	6.91965394
6.724024	7.03220825	7.83068681
8.21225438	8.58864981	9.56385488
9.44556862	9.87849006	11.0001514
10.0369364	10.4969616	11.6888486
8.81089656	9.21472988	10.2610247
7.41034887	7.74998981	8.6299695
6.01664781	6.29241069	7.00688819
5.0025045	5.23178569	5.82583356
4.61670369	4.82830231	5.37653644
3.12725662	3.27058919	3.64195106
3.00563462	3.14339275	3.50031219
2.90183306	3.03483369	3.37942669
3.00971706	3.14766231	3.50506656
3.03486075	3.17395863	3.53434844
2.9705295	3.10667888	3.4594295
2.99876169	3.13620487	3.49230813
3.04388137	3.18339256	3.54485369
3.08994438	3.23156675	3.59849781
3.36464319	3.51885594	3.91840762
3.5233745	3.68486238	4.1032635
4.32711769	4.52544356	5.03928931
5.11208419	5.34638781	5.95344819
5.43201606	5.68098338	6.32603581
5.00194462	5.23120044	5.82518156
4.42967306	4.63269944	5.1587235
3.9423415	4.12303206	4.59118563
3.42693075	3.58399831	3.99094675
2.54563325	2.662308	2.96460225
2.343002	2.4503895	2.72862119
2.38080363	2.48992369	2.77264419
2.43223913	2.54371681	2.83254531
2.37324013	2.48201356	2.76383612
2.43069969	2.54210669	2.83075244
2.63636581	2.75719931	3.07026794
2.86374794	2.99500294	3.33507331
3.3231295	3.47543944	3.8700615
3.34751119	3.50093881	3.89845594
3.21250031	3.35973975	3.74122456
2.69152519	2.81488669	3.1345055
2.170312	2.26978463	2.52750944
2.05249906	2.14657188	2.39030631
2.06587719	2.16056306	2.40588625
2.20376206	2.30476775	2.56646481
2.32310856	2.42958431	2.70545363
2.37682081	2.48575825	2.76800594
2.06660556	2.16132469	2.40673462
