#?RADIANCE
genskyvec -m 1
NROWS=146
NCOLS=1
NCOMP=3
FORMAT=ascii

7.52306662	7.86787344	8.76123837
24.8036994	25.9405344	28.8859756
24.4779356	25.5998419	28.5065987
25.2048825	26.3601056	29.3531856
27.1468019	28.39103	31.6147137
31.2298687	32.6612394	36.3697869
38.1081294	39.8547519	44.3800956
48.0880344	50.2920681	56.0025256
68.0635069	71.1830825	79.2656287
95.6770144	100.062215	111.423863
104.823524	109.627923	122.075712
113.526784	118.730101	132.211424
81.6326831	85.3741781	95.0680662
58.7729213	61.4666794	68.4459687
44.3729813	46.4067413	51.676035
34.7110181	36.3019387	40.4238737
29.6575856	31.0168919	34.5387325
26.417455	27.6282538	30.7653281
24.9766063	26.1213656	29.0873394
24.2929419	25.4063663	28.2911562
25.3525663	26.5145588	29.5251775
26.238775	27.4413844	30.5572413
26.8475019	28.0780125	31.266155
27.1723562	28.417755	31.6444731
28.9164763	30.2418156	33.6756494
28.6314219	29.943695	33.3436794
29.4332819	30.7823075	34.2775125
28.4592856	29.7636675	33.14321
27.4859781	28.7457519	32.0097131
25.9923513	27.1836656	30.27026
25.0087912	26.1550256	29.1248219
18.3355113	19.1758875	21.3532306
17.3211962	18.1150825	20.1719763
19.5342306	20.4295488	22.7492406
21.0800975	22.0462669	24.5495306
25.5602706	26.7317838	29.7670663
31.3559262	32.7930713	36.5165894
42.7711456	44.7314875	49.810565
63.580605	66.4947125	74.0449156
100.101883	104.689878	116.576986
1396.82078220064	1403.35014420064	1420.26716320064
129.960862	135.917394	151.350244
85.9628087	89.9027731	100.110864
58.0778156	60.7397113	67.6364575
39.3120544	41.1138562	45.782165
29.4431131	30.7925887	34.2889612
23.1520425	24.2131775	26.962485
21.88223	22.885165	25.4836825
18.4035688	19.2470662	21.4324913
17.763885	18.5780638	20.6875281
17.0635456	17.8456244	19.8719225
17.7026	18.5139681	20.6161531
18.78191	19.6427487	21.8731019
18.15306	18.9850762	21.1407531
20.3340156	21.2659912	23.6806581
20.9514812	21.9117556	24.3997463
21.2304025	22.2034613	24.7245738
19.7033844	20.6064569	22.9462362
19.5491969	20.4452012	22.7666706
18.4336	19.2784725	21.4674637
18.3442669	19.1850456	21.3634281
12.1833044	12.7417025	14.1884725
12.1177194	12.6731144	14.1120944
13.4686694	14.0859819	15.6853875
17.5000925	18.3021794	20.3803169
23.7908044	24.8812162	27.7063769
37.22558	38.9317506	43.35229
63.8598719	66.7867794	74.370145
1711.38011636865	1716.85319336865	1731.03345236865
1593.08812213232	1598.12819613232	1611.18657813232
60.9666988	63.761005	71.000805
36.8931094	38.5840406	42.9651006
23.2908781	24.3583756	27.12417
17.0955506	17.879095	19.9091938
13.8799969	14.5161631	16.1644137
12.6834944	13.2648194	14.7709856
12.3136	12.8779737	14.3402138
11.9388894	12.4860881	13.9038325
12.9536237	13.5473319	15.0855744
12.7584656	13.3432275	14.8582962
12.2233494	12.7835869	14.2351106
12.8839525	13.4744656	15.0044375
12.8164269	13.4038456	14.9257981
11.8348475	12.3772781	13.7826669
12.1625694	12.7200213	14.1643275
9.10326981	9.52050256	10.6015164
9.7713365	10.2191879	11.379535
10.9547095	11.4567988	12.7576719
13.0401719	13.6378475	15.1863687
18.4801644	19.3271725	21.5216944
24.3761506	25.4933913	28.3880594
39.1511212	40.9455475	45.5947444
56.0414969	58.610065	65.2649981
51.7386219	54.109975	60.2539419
37.63676	39.3617769	43.8311475
24.4626906	25.5838969	28.4888431
16.5204244	17.2776106	19.2394131
13.4836225	14.1016213	15.7028031
11.0607367	11.5676862	12.88115
9.86790956	10.3201878	11.4920038
9.11447975	9.53222613	10.6145721
8.8708215	9.27740013	10.3308115
8.91324775	9.32177112	10.3802203
9.19475406	9.61618075	10.7080581
9.186185	9.60721875	10.6980795
9.25016431	9.67412931	10.7725874
9.25665744	9.68092063	10.7801489
8.98046594	9.39207081	10.4585009
9.17861	9.59929675	10.6892573
7.60794881	7.95664613	8.86009094
8.52017269	8.91068019	9.92245162
10.0439459	10.504293	11.6970131
13.6507888	14.2764481	15.8974812
18.9797388	19.8496425	22.1034881
25.6186125	26.7927994	29.8350131
26.8564781	28.0873981	31.2766081
19.9568013	20.8714863	23.2413569
14.7271531	15.4021469	17.1509963
10.9136554	11.4138631	12.7098606
8.796128	9.19928338	10.2438236
7.933628	8.2972525	9.23937156
7.467927	7.81020663	8.69702362
7.20663575	7.53693962	8.39272825
7.05431863	7.37764125	8.21534225
7.08789956	7.41276156	8.25445012
7.23634956	7.56801562	8.42733262
7.30925744	7.64426481	8.51223981
7.07233375	7.39648194	8.23632238
8.08789144	8.45858637	9.41902419
10.8487232	11.3459564	12.6342444
14.7354356	15.4108094	17.1606431
14.5281712	15.1940456	16.9192688
11.5992458	12.1308781	13.50829
9.1037975	9.52105481	10.6021312
7.53514469	7.88050531	8.77530444
6.68335169	6.98967187	7.78332038
6.3706805	6.66266969	7.41918856
6.38523619	6.67789275	7.43614006
6.46584944	6.76220069	7.53002088
6.87373456	7.18878075	8.00503725
8.12044062	8.4926275	9.45692981
8.97284756	9.38410206	10.4496286
8.1400455	8.51313081	9.47976094
6.61067231	6.91366131	7.69867937
6.31899275	6.60861294	7.35899406
7.19236112	7.52201081	8.37610438
