#?RADIANCE
genskyvec -m 1
NROWS=146
NCOLS=1
NCOMP=3
FORMAT=ascii

11.7840806	12.3241837	13.723545
29.4346331	30.78372	34.279085
28.998005	30.32708	33.770595
29.5032431	30.8554738	34.3589869
30.9321306	32.3498525	36.0230469
33.8218162	35.3719825	39.3883256
38.8644912	40.6457787	45.2609406
46.1059375	48.2191244	53.6942081
59.6125406	62.3447794	69.4237725
78.2962462	81.8848212	91.1825031
88.25373	92.2986887	102.778819
103.176587	107.905494	120.157737
86.9992294	90.9866912	101.317856
69.4935431	72.6786625	80.9310269
55.1854106	57.7147406	64.2680113
43.7709187	45.7770869	50.9748856
37.2979231	39.0074125	43.436545
33.0095156	34.52245	38.4423344
30.5697956	31.9709125	35.6010769
28.9884937	30.3171331	33.7595181
29.7614875	31.1255556	34.6597338
29.9892512	31.3637588	34.9249819
30.48358	31.8807456	35.5006725
30.4834906	31.8806494	35.5005669
32.3301419	33.81194	37.6511475
32.3443931	33.8268431	37.6677419
33.3885094	34.918815	38.8837013
32.769535	34.27147	38.1628556
31.8295456	33.2884	37.0681613
30.5500994	31.9503138	35.5781375
29.595335	30.9517881	34.4662375
21.4201181	22.4018738	24.9455131
20.1377881	21.0607713	23.4521356
22.3646363	23.3896813	26.0454831
23.473325	24.5491856	27.336645
27.1521756	28.39665	31.6209737
31.6567069	33.1076394	36.8668769
40.6479169	42.5109437	47.3378875
55.6844819	58.2366831	64.84922
79.9527956	83.6172962	93.1116975
108.457375	113.428328	126.30765
121.815038	127.398219	141.863769
102.112102	106.792244	118.91805
74.5856206	78.0041256	86.8611762
52.1824256	54.5741181	60.770785
39.0724831	40.8633044	45.5031675
30.05474	31.4322462	35.0012488
27.5758856	28.83978	32.1144187
22.7395406	23.7817688	26.4820919
21.3340988	22.3119119	24.8453387
20.0647063	20.9843369	23.3670244
20.3591681	21.2922931	23.7099475
21.1879331	22.1590444	24.6751144
20.3078869	21.2386644	23.6502275
22.5719388	23.6064856	26.286905
23.2704794	24.3370412	27.1004131
23.7080437	24.7946619	27.6099931
22.2694138	23.2900938	25.9345894
22.3568937	23.3815831	26.0364663
21.3251806	22.3025825	24.8349494
21.3719475	22.3514931	24.889415
14.439985	15.10182	16.8165681
14.3208569	14.9772306	16.677835
15.6216975	16.3376912	18.19277
19.4540419	20.3456837	22.6558537
25.1563306	26.3093281	29.296645
36.9250263	38.6174194	43.0022719
59.4495144	62.1742819	69.2339175
1236.26461819579	1241.04731019579	1253.43886519579
2824.51321617447	2831.21420417447	2848.57585417447
94.0207312	98.330005	109.494966
55.7730806	58.329345	64.952405
33.3789038	34.9087687	38.872515
23.4081619	24.4810338	27.2607575
18.3117212	19.1510088	21.3255263
16.0095425	16.7433113	18.6444456
15.0049838	15.6927131	17.4745562
14.1389675	14.7870044	16.4660056
14.9651013	15.6510006	17.4281075
14.6049194	15.2743087	17.0086438
14.0312413	14.6743387	16.3405506
14.7823619	15.459885	17.2152919
14.8219819	15.5013206	17.2614325
13.9129631	14.55064	16.2028056
14.3806731	15.0397856	16.7474931
11.1066275	11.6156813	12.9345956
11.8539156	12.39722	13.8048725
13.1543225	13.7572269	15.3193044
15.3755756	16.0802913	17.90614
21.2205619	22.1931687	24.7131131
27.7354638	29.0066712	32.3002619
46.1417006	48.2565263	53.7358562
74.5045187	77.9193075	86.766725
2103.59709636831	2107.80837636831	2118.71944546831
66.8291031	69.8921056	77.828065
40.6861362	42.5509169	47.3823994
25.6714769	26.8480863	29.8965762
19.8261225	20.7348187	23.0891744
15.2483406	15.9472213	17.7579638
13.0117175	13.6080881	15.15323
11.7014631	12.2377806	13.62733
11.0467162	11.5530225	12.8648219
10.850241	11.3475431	12.6360119
10.9843754	11.4878256	12.7922206
10.9235319	11.4241944	12.721365
11.0000028	11.5041694	12.8104206
11.0690596	11.5763912	12.8908431
10.8511038	11.3484475	12.6370144
11.1219613	11.6317163	12.9524506
9.60537494	10.0456203	11.18626
10.7317899	11.2236631	12.498065
12.6950669	13.2769231	14.7844638
17.2467762	18.0372531	20.0853087
24.7281906	25.861565	28.7980413
38.3786025	40.1376206	44.6950844
45.4011488	47.4820313	52.8734231
34.4174537	35.9949181	40.0819925
24.0384244	25.1401856	27.99475
16.4807412	17.2361081	19.1931981
12.620925	13.1993844	14.6981194
10.7652419	11.2586481	12.5370225
9.72951294	10.1754477	11.3308281
9.14415694	9.56326375	10.6491331
8.87858425	9.28551944	10.3398507
8.86685675	9.273254	10.3261934
9.04049038	9.454846	10.5284049
9.19027088	9.61149106	10.7028381
9.27160006	9.69654769	10.7975512
10.8262986	11.3225044	12.6081294
14.8748556	15.5566194	17.3230113
21.7819437	22.7802819	25.3668894
23.1905569	24.2534556	27.0073362
18.67645	19.5324544	21.7502844
13.8639937	14.4994281	16.1457787
10.8507606	11.3480875	12.636615
9.10992575	9.5274635	10.6092669
8.455224	8.84275469	9.846813
8.29739219	8.67768913	9.66300519
8.48862025	8.87768187	9.88570575
9.47893363	9.91338425	11.0390081
11.6331194	12.1663019	13.5477363
13.5196375	14.1392875	15.7447462
12.2497519	12.8112	14.2658594
9.3721485	9.8017045	10.9146481
8.68327025	9.08125306	10.1123929
10.3632507	10.8382333	12.0688712
