#?RADIANCE
genskyvec -m 1
NROWS=146
NCOLS=1
NCOMP=3
FORMAT=ascii

20.0572569	20.9765475	23.3583481
31.1619619	32.5902169	36.2907031
33.225525	34.7483606	38.6938956
34.7911794	36.3857725	40.5172294
35.7748388	37.4145181	41.6627831
34.5765963	36.1613563	40.26733
34.0254981	35.5849981	39.6255306
33.3834794	34.9135562	38.8778456
30.9584556	32.3773844	36.0537037
28.9929462	30.32179	33.7647044
31.3994475	32.8385881	36.5672756
29.0171419	30.3470931	33.79288
30.7537319	32.163275	35.8152844
31.69588	33.1486081	36.9124956
33.0773225	34.5933644	38.5212994
37.3914538	39.1052269	43.5454663
42.94951	44.9180275	50.0182881
48.444585	50.66496	56.4177594
56.4061706	58.9914525	65.6896919
64.0753988	67.0121856	74.6211444
64.920615	67.8961412	75.60547
62.8075087	65.6861856	73.1445813
54.4024413	56.8958844	63.3561781
47.2169262	49.3810338	54.9880481
41.5676731	43.4728575	48.4090225
35.9357275	37.5827825	41.8501531
33.16813	34.688335	38.627055
31.5322563	32.977485	36.7219419
29.6434275	31.0020831	34.5222413
29.5824863	30.9383469	34.4512694
29.9556606	31.3286256	34.8858613
20.4010956	21.3361456	23.7587756
19.3485844	20.2353938	22.5330381
21.5864844	22.5758625	25.1392606
21.3071269	22.2837019	24.8139263
21.3248213	22.3022075	24.8345325
20.0933731	21.0143188	23.4004081
21.295125	22.2711494	24.7999469
21.3464781	22.3248594	24.8597563
20.2382019	21.1657856	23.5690762
17.950555	18.7732875	20.9049175
18.9607875	19.8298206	22.0814144
19.8236212	20.7322038	23.08626
22.4696225	23.4994794	26.1677487
25.1157562	26.266895	29.2493931
28.5857819	29.8959631	33.2905275
35.4534863	37.078435	41.2885406
44.2749425	46.3042094	51.5618619
55.4065469	57.9460137	64.5255456
66.4844875	69.53169	77.4267287
69.74369	72.9402738	81.2223425
63.5564406	66.4694419	74.0167756
51.5841731	53.9484444	60.0740694
39.957075	41.7884406	46.5333469
33.0048756	34.5175987	38.4369306
27.8119075	29.0866194	32.3892863
24.7561538	25.8908088	28.830605
21.3956562	22.3762881	24.9170244
20.3928819	21.3275531	23.7492112
19.3977956	20.2868613	22.59035
19.7075694	20.6108306	22.9511056
13.7941275	14.4263581	16.0644119
13.3323794	13.9434456	15.5266681
13.4367487	14.0526013	15.6482162
14.3626662	15.0209544	16.7265225
14.2203056	14.8720694	16.5607306
14.1259519	14.7733925	16.4508494
14.0266081	14.6694956	16.3351556
14.3054631	14.9611288	16.6599031
14.3729763	15.0317369	16.7385275
16.2795725	17.0257175	18.9589181
18.6840244	19.5403731	21.7591056
24.4823188	25.604425	28.5117006
33.6887681	35.2328344	39.2333806
49.0618588	51.3105263	57.1366256
72.5825812	75.9092787	84.5284712
87.0377419	91.0269663	101.362701
70.0834137	73.2955694	81.6179781
49.3939769	51.6578656	57.5234037
32.4166519	33.902415	37.7518944
24.2018731	25.3111244	28.1850994
19.3217088	20.2072862	22.5017412
16.5925681	17.3530619	19.3234294
14.4686637	15.1318125	16.8499663
14.07326	14.7182875	16.3894869
11.3260281	11.8451369	13.1901044
11.1498063	11.6608381	12.9848794
10.897415	11.3968788	12.6909475
10.9860106	11.489535	12.794125
11.1891481	11.7019856	13.0306975
11.1728963	11.6849887	13.0117694
11.35411	11.8745062	13.2228075
12.0187875	12.5696469	13.9968787
13.0284987	13.6256394	15.1727744
14.7378913	15.4133756	17.1635025
17.9552125	18.7781581	20.9103419
23.8070781	24.8982369	27.7253281
31.7334431	33.1878906	36.95624
53.40939	55.85732	62.1996875
90.0670988	94.1951675	104.890646
4792.48990355118	4798.46664055118	4813.95186555118
2058.69025117236	2062.98307987236	2074.10540787236
55.5467906	58.0926819	64.6888706
33.8303231	35.3808794	39.3982338
23.4453456	24.5199238	27.3040631
18.0955663	18.9249456	21.0737944
14.7768425	15.454115	17.2088656
12.972975	13.5675706	15.1081106
12.1076106	12.6625431	14.1003244
10.8610762	11.358875	12.6486275
10.2788819	10.7499975	11.9706162
10.0494941	10.510095	11.7034719
10.1217089	10.5856225	11.7875744
10.4074175	10.8844256	12.1203075
11.2870906	11.8044162	13.1447581
12.6468412	13.2264887	14.7283025
16.1091331	16.8474688	18.7604288
20.9460106	21.9060369	24.3933769
32.8697187	34.3762475	38.2795287
50.1951244	52.4957325	58.45641
2425.85829097472	2429.97970907472	2440.65794407472
84.4722344	88.3438781	98.3749656
41.8403106	43.7579888	48.72653
26.01149	27.2036825	30.2925494
17.8418169	18.6595663	20.7782831
13.8408881	14.47526	16.1188688
11.8811206	12.4256725	13.8365544
11.1810256	11.6934862	13.0212344
10.6523213	11.1405531	12.4055169
10.5278387	11.010365	12.260545
11.2424869	11.7577669	13.0928137
13.303285	13.9130169	15.4927831
18.617995	19.4713194	21.6822081
28.2224087	29.5159369	32.8673494
39.6835938	41.5024237	46.2148544
44.3709975	46.4046669	51.6737269
27.96659	29.2483906	32.5694262
17.2509575	18.0416256	20.0901762
13.3111219	13.921215	15.5019112
13.2606375	13.8684169	15.4431194
12.7630681	13.3480412	14.8636594
14.9206225	15.6044844	17.3763094
20.5514069	21.4933462	23.9338281
22.0211869	23.0304887	25.6455081
17.5620463	18.3669712	20.452465
16.0133731	16.7473163	18.6489062
