#?RADIANCE
genskyvec -m 1
NROWS=146
NCOLS=1
NCOMP=3
FORMAT=ascii

18.8311019	19.694195	21.9303894
29.9867131	31.3611037	34.9220312
32.0780081	33.5482494	37.3575156
33.7133131	35.2585056	39.261965
34.8198669	36.4157756	40.5506387
33.8112344	35.3609137	39.3760019
33.3857162	34.9158944	38.8804494
32.7963369	34.2995006	38.1940681
30.3912744	31.7842063	35.3931725
28.4041169	29.7059719	33.0789625
30.6214794	32.0249631	35.6612644
28.0872013	29.3745312	32.7098875
29.5535806	30.9081181	34.4176087
30.2150987	31.5999556	35.1880012
31.33481	32.7709881	36.4919988
35.3703369	36.9914775	41.1917081
40.6211544	42.482955	47.3067206
46.2766375	48.3976487	53.8930038
54.5631175	57.0639263	63.5433006
63.789645	66.7133356	74.2883606
65.9292475	68.9510019	76.7801044
64.9478656	67.92464	75.6372062
56.1172894	58.6893287	65.3532619
48.4763888	50.6982219	56.4547962
42.1230175	44.0536531	49.0557675
35.8287175	37.4708656	41.7255275
32.6887931	34.1870281	38.0688256
30.7508863	32.1603031	35.8119719
28.7023663	30.0178913	33.4263
28.4980037	29.8041612	33.1883025
28.808765	30.1291669	33.5502081
19.6409475	20.5411569	22.8735194
18.6613731	19.5166869	21.7327275
20.8901325	21.8475975	24.3283031
20.6991269	21.6478356	24.1058581
20.7970138	21.7502087	24.2198588
19.6270756	20.5266506	22.8573675
20.8353619	21.7903125	24.2645156
20.8689581	21.8254525	24.3036413
19.687	20.5893206	22.9271531
17.2906462	18.0831331	20.1364
18.1268525	18.957665	21.11023
18.7740938	19.6345725	21.8639975
21.1308888	22.0993881	24.6086813
23.4200275	24.4934456	27.2745769
26.5040625	27.7188306	30.8661906
32.8260331	34.3305581	38.2286537
41.4366419	43.3358206	48.2564275
52.6349156	55.0473469	61.2977475
65.7732813	68.7878862	76.5984706
71.8270144	75.1190825	83.6485475
67.1227919	70.1992513	78.1700869
54.4204275	56.914695	63.3771263
41.6264956	43.534375	48.4775231
33.6993719	35.2439244	39.2457269
27.9411638	29.2218006	32.5398163
24.5617012	25.687445	28.6041494
20.9746244	21.9359619	24.4267013
19.807625	20.7154744	23.06763
18.7323388	19.5909044	21.8153713
18.9762725	19.8460181	22.0994513
13.2689125	13.8770719	15.4527556
12.8297856	13.4178188	14.9413581
12.9597644	13.5537525	15.092725
13.9079081	14.5453519	16.1969175
13.7864275	14.418305	16.0554431
13.6760506	14.3028687	15.9269006
13.5109425	14.1301938	15.7346181
13.6624431	14.28864	15.9110562
13.5624981	14.1841112	15.7946594
15.1784587	15.8741381	17.6765819
17.2131025	18.0020356	20.0460931
22.2788156	23.2999269	25.94554
30.3793488	31.7717356	35.3792844
44.3444681	46.3769219	51.6428313
68.3506356	71.4833725	79.6000163
89.2246925	93.3141587	103.909585
75.94853	79.4295012	88.4483969
52.6528819	55.0661394	61.3186706
33.4930144	35.0281094	39.0054088
24.4354462	25.5554056	28.4571169
19.1536031	20.0314762	22.3059688
16.2403044	16.98465	18.9131906
14.0163213	14.6587331	16.3231744
13.5616712	14.1832475	15.7936988
10.8584006	11.3560756	12.6455113
10.6852548	11.1749956	12.4438706
10.4424771	10.9210912	12.161135
10.5358282	11.0187219	12.2698506
10.7273184	11.2189881	12.4928575
10.6820004	11.1715919	12.4400806
10.7714594	11.2651525	12.5442644
11.3084237	11.826725	13.1696019
12.1014662	12.6561156	14.0931662
13.5360737	14.1564787	15.7638862
16.2354763	16.9796006	18.907565
21.1039194	22.07118	24.5772744
27.8016856	29.0759287	32.3773813
46.2895931	48.4111987	53.9080906
78.9195413	82.5366831	91.9083881
4923.24183595757	4928.99950495758	4943.91710495758
2280.24471731051	2284.85139731051	2296.78689831051
58.31412	60.98685	67.9116575
34.6448231	36.2327113	40.3467869
23.4935438	24.57033	27.3601913
17.8501012	18.6682306	20.7879294
14.3923712	15.0520206	16.7611175
12.5340069	13.1084819	14.5968969
11.6486875	12.1825831	13.5658662
10.3524547	10.8269437	12.0562969
9.77729806	10.2254231	11.3864794
9.53358706	9.97054275	11.1026569
9.58492619	10.0242357	11.1624469
9.80298394	10.2522863	11.4163925
10.49416	10.9751437	12.221325
11.620645	12.1532581	13.5332125
14.5037487	15.1685044	16.890825
18.4973088	19.3451013	21.5416581
28.2609488	29.55624	32.91223
42.28993	44.2282175	49.2501506
1786.14550478472	1789.60413408472	1798.56514038472
80.5261044	84.2168819	93.7793706
41.2725669	43.164225	48.0653437
25.4727569	26.6402575	29.6651506
17.3060525	18.099245	20.1543419
13.32992	13.9408731	15.5238031
11.3673469	11.88835	13.2382244
10.5622669	11.0463731	12.3006419
9.99962019	10.4579362	11.6453912
9.83551981	10.2863143	11.4542856
10.4046923	10.881575	12.1171319
12.1055819	12.66042	14.0979581
16.5078625	17.2644694	19.2247812
24.4050606	25.523625	28.4217306
34.1763594	35.742775	39.80122
40.0762244	41.9130506	46.6721069
26.3145244	27.5206062	30.6454581
16.4350481	17.18832	19.1399838
12.5911631	13.1682581	14.6634594
12.3276819	12.8927	14.3566131
11.7586425	12.29758	13.6939194
13.5247256	14.1446094	15.7506731
18.2728769	19.1103819	21.2802894
19.957885	20.8726206	23.2426194
16.2718563	17.0176487	18.9499331
14.6075563	15.2770675	17.0117156
