#?RADIANCE
genskyvec -m 1
NROWS=146
NCOLS=1
NCOMP=3
FORMAT=ascii

16.724125	17.4906469	19.4766381
32.7314075	34.231595	38.1184525
33.5146088	35.0506944	39.0305556
34.3227262	35.8958519	39.9716781
35.0745937	36.6821775	40.84729
34.770295	36.3639338	40.4929075
34.3774281	35.9530594	40.0353813
34.3828644	35.9587437	40.0417106
32.7874175	34.290175	38.1836838
32.1138844	33.5857687	37.3992963
33.4600931	34.9936813	38.9670719
32.3366006	33.8186944	37.6586694
33.1824656	34.7033281	38.6437494
33.8064688	35.3559294	39.3704512
34.9471469	36.5488919	40.6988687
38.5413163	40.3077931	44.8845769
44.7595087	46.8109862	52.1261825
50.1428769	52.4410894	58.3955619
62.1645744	65.0137813	72.3958313
76.9019481	80.4266181	89.5587294
81.6141606	85.3548081	95.0465025
86.02564	89.96848	100.184034
73.2601594	76.617915	85.3175644
63.8681319	66.7954194	74.3797663
53.461365	55.911675	62.2602169
43.3053938	45.2902219	50.4327425
39.0383844	40.8276438	45.463455
35.6219263	37.2545969	41.484705
33.5604262	35.0986137	39.0839163
32.3158744	33.7970175	37.6345312
32.0927213	33.5636356	37.3746487
23.5686025	24.6488294	27.4476025
22.1126331	23.1261281	25.7520056
24.1580125	25.2652531	28.1340181
23.8200837	24.9118375	27.740475
23.8898831	24.9848344	27.8217594
22.8074788	23.8528225	26.5612125
24.2810931	25.393975	28.2773569
24.6665944	25.7971463	28.7263062
23.7841537	24.8742594	27.69863
21.1894044	22.160585	24.6768281
22.2145581	23.2327256	25.870705
22.8138438	23.8594781	26.5686238
25.3244737	26.4851781	29.4924606
27.365265	28.619505	31.8691331
30.398995	31.7922825	35.4021656
37.2004756	38.9054962	43.3230563
47.4675975	49.6431931	55.2799769
61.0692838	63.8682894	71.1202706
81.1304288	84.8489031	94.4831456
95.5776844	99.9583262	111.308194
95.6177844	100.000256	111.354881
79.0956575	82.7208731	92.1134956
59.5058794	62.2332306	69.2995587
46.3828238	48.5087013	54.0166656
37.3561794	39.0683363	43.5043869
32.1342562	33.6070762	37.4230212
26.9762956	28.2127063	31.416145
25.0981319	26.248465	29.2288681
23.3999856	24.4724837	27.2512338
23.31206	24.3805281	27.1488362
15.9942512	16.7273194	18.6266394
15.2838769	15.9843869	17.7993475
15.2801438	15.9804838	17.7950037
16.3251125	17.0733444	19.0119544
16.2415288	16.9859325	18.9146156
16.2584581	17.0036388	18.9343306
16.191015	16.9331025	18.8557862
16.4216481	17.1743069	19.1243788
16.0338513	16.7687356	18.6727587
17.59554	18.4020037	20.4914756
19.34493	20.2315719	22.5287825
24.2358313	25.3466394	28.2246469
32.0949275	33.5659437	37.3772206
45.9046269	48.0085881	53.4597663
73.0330412	76.3803881	85.0530662
107.864676	112.808481	125.617412
1493.31195583663	1498.25479783663	1511.06129883663
75.5020069	78.9625144	87.9283875
45.8377969	47.938695	53.3819369
31.9091575	33.3716594	37.1608744
24.3638944	25.4805719	28.373785
20.3206563	21.2520188	23.6651
17.2292731	18.0189469	20.0649244
16.5945956	17.3551812	19.3257906
12.6369512	13.2161463	14.7167838
12.4079556	12.9766538	14.4500994
12.0298581	12.5812244	14.0097725
12.1443856	12.7010031	14.1431494
12.3881437	12.9559325	14.4270263
12.3252406	12.8901481	14.3537713
12.350965	12.9170512	14.3837288
12.8507713	13.4397637	14.9657938
13.3905031	14.0042338	15.5943563
14.61866	15.2886812	17.0246475
16.8667669	17.6398269	19.6427569
20.8991431	21.8570212	24.3387944
26.8752494	28.1070313	31.2984706
42.8875762	44.8532544	49.9461594
70.290565	73.5122131	81.8592237
3061.65323968977	3066.65805568977	3079.62510368977
3622.46959721794	3627.96636321794	3642.20802421794
73.7028662	77.0809112	85.8331325
43.90583	45.9181794	51.1319994
29.0469694	30.3782887	33.8276187
21.5564694	22.544475	25.1043063
17.0940544	17.8775325	19.9074544
14.7252419	15.4001475	17.1487731
13.7123375	14.3408181	15.9691606
11.4427869	11.9672481	13.3260794
10.8263644	11.3225719	12.6082038
10.4960656	10.9771362	12.2235456
10.5830231	11.0680787	12.3248112
10.7442844	11.23673	12.5126137
11.2001812	11.7135219	13.0435431
12.1027631	12.6574731	14.0946781
14.4432906	15.1052762	16.8204175
17.6668256	18.4765563	20.5744931
25.5571694	26.7285387	29.7634562
35.9845694	37.63386	41.9070319
60.7132219	63.49591	70.705615
74.1564931	77.5553281	86.3614169
45.0299375	47.0938094	52.4411181
28.4230669	29.7257875	33.10103
19.2665794	20.1496306	22.4375381
14.8301719	15.5098888	17.2709719
12.5853106	13.1621375	14.6566444
11.1173913	11.6269394	12.9471306
10.4027169	10.8795075	12.1148319
10.2323	10.7012806	11.9163669
10.6681581	11.1571162	12.42396
11.9090419	12.4548731	13.8690731
15.3740225	16.078665	17.9043306
21.6206975	22.6116456	25.1791063
29.4298119	30.7786775	34.2734719
36.3950075	38.0631106	42.3850213
26.3103019	27.5161919	30.6405412
17.2376175	18.0276737	20.0746431
13.0845562	13.684265	15.2380563
12.2174763	12.777445	14.2282694
11.4993475	12.0264	13.3919488
12.8220531	13.4097313	14.9323506
16.66872	17.4327012	19.4121144
18.6023681	19.4549756	21.6640088
15.8732981	16.6008237	18.4857806
13.8547275	14.489735	16.1349831
