#?RADIANCE
genskyvec -m 1
NROWS=146
NCOLS=1
NCOMP=3
FORMAT=ascii

18.45307	19.2988338	21.4901375
30.7456506	32.154825	35.8058737
32.8658319	34.3721794	38.2750019
34.5518487	36.135475	40.2385075
35.7457569	37.3841019	41.6289144
34.8581119	36.4557737	40.5951775
34.4551956	36.0343919	40.1259487
33.8930213	35.4464506	39.47125
31.4352963	32.8760806	36.609025
29.4594587	30.809685	34.3079975
31.5339569	32.9792637	36.7239244
28.9587637	30.2860406	33.7248956
30.2778956	31.66563	35.2611331
30.84184	32.2554237	35.9178944
31.9125381	33.3751944	37.16481
35.9318606	37.5787381	41.8456487
41.3338694	43.2283375	48.1367369
47.139475	49.3000344	54.8978513
56.0801144	58.6504538	65.3099706
66.5023012	69.5503206	77.4474744
69.3138113	72.4906919	80.7217137
69.1101738	72.2777194	80.4845581
59.5495944	62.2789506	69.3504694
51.4054231	53.7615013	59.8659006
44.3357906	46.3678481	51.6327256
37.3339806	39.0451175	43.4785319
33.9067956	35.460855	39.4872906
31.6923894	33.1449575	36.90843
29.55962	30.9144337	34.4246425
29.2326431	30.5724725	34.0438519
29.5406294	30.894575	34.4025269
20.3454131	21.2779106	23.69393
19.3539869	20.2410444	22.53933
21.6650963	22.65808	25.2308119
21.5091163	22.4949506	25.0491594
21.6484462	22.6406675	25.2114225
20.4632794	21.4011781	23.831195
21.7278056	22.7236619	25.3038406
21.7622294	22.7596625	25.34393
20.50685	21.4467456	23.8819356
17.9640794	18.7874319	20.9206681
18.7628044	19.6227681	21.8508506
19.3464875	20.2332	22.5305975
21.6818981	22.6756525	25.2503781
23.9213281	25.0177237	27.8583831
26.9891375	28.22614	31.4311037
33.3813644	34.9113412	38.8753831
42.2839644	44.2219787	49.2432044
54.0757481	56.5542175	62.9757188
68.8454287	72.0008431	80.1762444
76.7384094	80.2555831	89.3682769
72.7077575	76.0401938	84.6742462
58.9495831	61.6514369	68.6517044
44.8344725	46.8893831	52.2134813
35.9064537	37.5521631	41.8160594
29.5390187	30.89289	34.4006506
25.8123338	26.9953994	30.0606163
21.9349606	22.9403119	25.5450894
20.6243331	21.569615	24.018755
19.4557431	20.3474637	22.6578356
19.674235	20.5759712	22.9122881
13.7897869	14.42182	16.059355
13.33714	13.948425	15.5322131
13.4838438	14.1018544	15.7030625
14.4887144	15.1527781	16.8733131
14.3745075	15.0333381	16.7403112
14.2570944	14.9105444	16.6035756
14.0596456	14.704045	16.3736294
14.1663006	14.8155906	16.49784
13.98807	14.6291912	16.290275
15.5581275	16.2712056	18.1187344
17.5366131	18.3403731	20.4228481
22.5489275	23.5824187	26.2601056
30.5969163	31.999275	35.6326613
44.6486381	46.6950344	51.9970644
69.934255	73.1395706	81.4442694
94.9724881	99.3253875	110.603373
83.5261381	87.3544144	97.273145
57.4455856	60.078505	66.9001763
35.9773369	37.6262963	41.8986075
25.9546531	27.1442394	30.2263581
20.1679344	21.0922981	23.4872419
17.0050512	17.7844506	19.8038025
14.6148463	15.2846919	17.0202056
14.1071438	14.7537194	16.4289456
11.280485	11.7975063	13.137065
11.0998894	11.6086337	12.9267463
10.8493369	11.3465994	12.6349587
10.9509538	11.4528719	12.7532987
11.1498387	11.6608725	12.9849156
11.0913937	11.5997475	12.9168513
11.147455	11.6583819	12.9821444
11.6577738	12.1920862	13.5764506
12.3978675	12.9661025	14.4383506
13.7895756	14.4215963	16.0591113
16.4141812	17.1664963	19.1156825
21.1399569	22.1088719	24.6192425
27.6882469	28.9572906	32.2452737
45.8066369	47.9061063	53.3456475
78.1782294	81.7613981	91.0450731
4647.46339937594	4653.29711137594	4668.41172937594
2555.37941441729	2560.39306541729	2573.38295541729
63.0459744	65.9355806	73.4222962
37.0478706	38.7458975	43.1453356
24.8692763	26.0091187	28.9623481
18.7589512	19.6187356	21.8463631
15.0421706	15.7316025	17.5178606
13.05781	13.6562912	15.2069069
12.1167781	12.67213	14.1109962
10.7262681	11.2178888	12.4916331
10.1256398	10.5897325	11.7921537
9.86433225	10.3164456	11.4878369
9.91172469	10.3660119	11.5430306
10.1133321	10.5768581	11.7778175
10.7602075	11.2533831	12.5311575
11.8473369	12.3903406	13.7972131
14.6431581	15.314305	17.0531794
18.5091706	19.3575075	21.5554712
27.9331944	29.213465	32.5305325
41.4005906	43.29812	48.2144419
1650.60842521143	1653.97790211143	1662.70790711143
82.2852575	86.0566587	95.8280381
43.2613594	45.2441713	50.3814606
26.6572244	27.8790131	31.04456
18.04283	18.8697913	21.0123813
13.8606719	14.4959494	16.1419069
11.7916844	12.332135	13.7323987
10.8963831	11.3958013	12.6897463
10.2909823	10.7626506	11.9847056
10.1041242	10.5672312	11.7670962
10.643095	11.1309012	12.39477
12.2839819	12.8469987	14.3057231
16.5506681	17.3092406	19.2746337
24.1875562	25.2961525	28.1684256
33.7707275	35.3185512	39.3288281
40.3395612	42.1884569	46.9787844
27.0199337	28.258345	31.4669656
16.9934656	17.7723325	19.7903088
12.9865794	13.5817944	15.1239544
12.618515	13.1968631	14.6953125
11.9923394	12.5419869	13.9660787
13.6918737	14.3194181	15.9453306
18.331755	19.17196	21.3488575
20.1757375	21.10046	23.4963294
16.6165669	17.3781594	19.3513794
14.822215	15.5015669	17.261705
