#?RADIANCE
genskyvec -m 1
NROWS=146
NCOLS=1
NCOMP=3
FORMAT=ascii

26.0633875	27.2579581	30.3529875
34.5431269	36.1263519	40.2283512
36.0792237	37.7328563	42.0172675
36.7284569	38.4118425	42.7733506
36.0094719	37.6599044	41.9360331
32.2262219	33.703255	37.5301213
30.6355	32.0396263	35.6775944
29.4127369	30.7608194	34.2535844
27.4661106	28.7249725	31.986575
25.9581025	27.1478475	30.2303744
30.9830112	32.4030644	36.0823006
30.2213769	31.6065231	35.1953131
34.8133725	36.408985	40.5430756
37.6133512	39.3372938	43.8038837
39.6178881	41.4337069	46.1383363
43.4060844	45.3955263	50.5500031
45.1918625	47.2631544	52.6296913
46.7037744	48.8443606	54.3904394
44.8744019	46.9311425	52.2599844
41.9475556	43.87015	48.8514263
40.7086137	42.5744244	47.4085763
35.8983331	37.5436719	41.8066006
33.7725919	35.3204987	39.3309975
30.1163338	31.4966644	35.0729819
29.3998888	30.7473838	34.2386225
29.5736838	30.9291425	34.44102
29.92282	31.2942813	34.8476181
31.7888013	33.2457869	37.02071
31.0049094	32.4259656	36.1078019
32.7320606	34.2322806	38.1192156
33.4065706	34.9377031	38.9047375
19.3273544	20.2131913	22.508315
17.6651387	18.4747906	20.5725275
19.5447044	20.4405037	22.7614387
18.4065444	19.2501787	21.4359569
17.793865	18.6094144	20.7224381
16.4971569	17.2532769	19.212315
17.5752725	18.3808044	20.46787
18.1575394	18.9897588	21.1459669
18.5515125	19.4017894	21.6047831
18.3488275	19.1898144	21.3687388
20.9742994	21.9356206	24.4263213
23.58344	24.6643463	27.4648813
27.6092363	28.8746588	32.1532581
31.2494262	32.6816894	36.39256
34.2994188	35.871475	39.9445319
37.5449169	39.2657244	43.7241862
39.3057788	41.1072938	45.7748569
37.5599388	39.2814337	43.74168
34.0208138	35.5801006	39.620075
29.9363725	31.308455	34.8634013
26.7293469	27.9544412	31.1285538
23.8044669	24.8955019	27.722285
20.2755988	21.204895	23.612625
19.4775737	20.3702956	22.6832575
18.3771569	19.2194444	21.4017325
18.050925	18.87826	21.0218075
17.0380744	17.818985	19.8422581
17.7449831	18.5582931	20.6655119
17.6710438	18.4809675	20.5794044
18.5269019	19.3760506	21.5761219
11.9087725	12.4545925	13.86876
11.4436725	11.9681719	13.3271094
11.4354119	11.9595362	13.3174925
12.10716	12.6620713	14.0997969
12.175705	12.7337575	14.179625
12.7275088	13.3108531	14.8222463
13.7894631	14.42148	16.0589806
15.6549881	16.3725094	18.2315394
17.5343513	18.3380069	20.4202113
21.5089419	22.4947694	25.0489575
26.1314275	27.3291169	30.4322262
34.0257162	35.5852287	39.6257856
41.4347181	43.33381	48.254185
43.7456475	45.7506563	50.9454556
37.1752731	38.8791406	43.2937056
29.5576656	30.9123925	34.4223675
22.8012263	23.84628	26.5539294
19.6534806	20.5542656	22.8881194
16.1812944	16.9229375	18.8444669
14.0804281	14.7257812	16.3978325
12.9876562	13.5829231	15.1252106
12.319975	12.8846413	14.3476394
11.6018469	12.1335969	13.5113169
11.9274156	12.4740881	13.8904688
9.67857706	10.1221777	11.2715088
9.70139756	10.1460451	11.2980875
9.70686575	10.1517629	11.3044544
9.95823519	10.4146537	11.597195
10.6264187	11.1134606	12.37535
11.21783	11.73198	13.0641
12.6905681	13.2722181	14.7792231
14.6970669	15.3706819	17.11596
17.7309025	18.5435669	20.6491138
21.8277563	22.8281931	25.4202406
30.1496762	31.531535	35.1118125
48.4461094	50.6665544	56.4195337
64.3987344	67.3503425	74.9976962
67.5960319	70.6941825	78.7212131
50.1353925	52.433265	58.3868456
35.76958	37.4090156	41.6566569
24.9000712	26.0413238	28.9982088
19.2588969	20.1415944	22.4285906
15.595305	16.3100894	18.1620331
13.3379244	13.9492444	15.5331244
11.8810194	12.4255662	13.8364388
10.8526281	11.3500394	12.6387894
10.2245556	10.6931813	11.9073488
9.96712038	10.423945	11.6075425
9.61143375	10.0519573	11.1933156
9.55794381	9.99601531	11.1310225
9.91212394	10.3664306	11.5434956
10.5956987	11.0813369	12.3395762
11.8029437	12.3439088	13.7455119
14.6212725	15.2914119	17.0276894
18.2628756	19.0999237	21.2686413
28.6511438	29.9643188	33.366645
48.0455606	50.2476488	55.9530606
3811.08118525051	3816.09646525051	3829.09065525051
4250.45506142296	4255.80575542296	4269.66893842296
53.5496656	56.0040263	62.3630519
28.3769963	29.6776063	33.0473781
18.4220669	19.2664106	21.4540338
14.6150606	15.2849175	17.0204575
12.1355325	12.6917444	14.13284
10.6639669	11.1527331	12.4190781
9.94015013	10.3957406	11.5761331
10.5072106	10.9887919	12.2365244
10.9876287	11.4912275	12.7960094
11.9238013	12.4703081	13.8862606
14.2626275	14.9163319	16.61002
19.5247775	20.4196625	22.7382312
36.2795306	37.9423419	42.2505394
2239.60411879629	2242.88487879629	2251.38505189629
61.0142619	63.8107525	71.0562081
29.0535919	30.3852144	33.8353306
17.8441656	18.6620213	20.7810188
12.8004656	13.3871525	14.90721
11.4636831	11.9891019	13.3504144
13.2046494	13.8098612	15.3779144
14.5479544	15.2147356	16.9423063
19.6600706	20.5611562	22.8957925
30.0536519	31.4311094	34.9999831
21.7078631	22.7028056	25.280615
15.5551675	16.2681125	18.11529
17.7118038	18.5235963	20.6268731
