#?RADIANCE
genskyvec -m 1
NROWS=146
NCOLS=1
NCOMP=3
FORMAT=ascii

13.2117019	13.8172381	15.3861287
30.2315625	31.6171737	35.2071744
31.0403081	32.4629881	36.1490269
31.9533763	33.4179044	37.2123694
32.9031225	34.4111831	38.3184306
32.9249512	34.4340106	38.3438506
32.6910725	34.1894131	38.0714806
32.7774269	34.2797231	38.1720475
31.1842062	32.6134838	36.3166113
30.5241181	31.9231394	35.5478819
31.4409069	32.8819506	36.6155594
30.139755	31.52116	35.1002569
30.4687675	31.8652519	35.4834206
30.5985681	32.0010013	35.634585
31.2461863	32.6783019	36.3887887
34.2196056	35.7880038	39.8515825
39.6159844	41.4317175	46.1361169
44.9965012	47.0588394	52.4021769
57.0566237	59.671715	66.4471963
75.3938737	78.8494231	87.8024562
85.8207969	89.7542462	99.9454731
97.5057338	101.974746	113.553567
84.2508663	88.1123638	98.1171675
72.9535044	76.2972056	84.9604425
58.5377775	61.2207569	68.1721219
44.8058269	46.8594244	52.1801206
38.8285931	40.608235	45.2191344
34.2566913	35.8267881	39.8947725
31.6631944	33.1144206	36.8744275
30.01187	31.3874144	34.9513263
29.6415537	31.0001238	34.5200619
21.6189487	22.6098181	25.1770706
20.2470388	21.1750256	23.5793644
22.3223969	23.3455063	25.9962919
22.1255044	23.13959	25.7669956
22.3327962	23.3563831	26.0084031
21.3352744	22.3131394	24.8467044
22.8535444	23.9009981	26.614855
23.2240712	24.2885069	27.0463669
22.2139956	23.232135	25.8700494
19.4118444	20.3015531	22.6067119
20.1636163	21.0877794	23.4822119
20.3979206	21.332825	23.7550813
22.4041163	23.4309713	26.0914606
23.7554525	24.8442444	27.6652056
25.9607069	27.1505725	30.2334087
31.3634219	32.80091	36.5253194
40.5615681	42.4206375	47.2373294
52.5174012	54.9244487	61.160895
74.7034163	78.1273206	86.9983519
97.6195681	102.093804	113.686131
110.117525	115.164581	128.241025
94.8774769	99.2260288	110.492729
69.22896	72.4019494	80.6228956
51.1499125	53.4942812	59.5683381
39.1398469	40.933755	45.581615
32.3303175	33.8121225	37.65135
26.0676569	27.2624225	30.3579612
23.6363744	24.7197087	27.5265306
21.6603175	22.6530819	25.2252456
21.4218413	22.4036762	24.9475213
14.2526094	14.9058544	16.5983537
13.5690769	14.1909944	15.8023237
13.6167588	14.2408588	15.8578519
14.7305131	15.4056594	17.1549106
14.6943119	15.3678012	17.1127531
14.706	15.3800256	17.1263644
14.5539219	15.2209769	16.9492581
14.6017138	15.2709588	17.0049138
13.943145	14.5822056	16.2379562
15.0269344	15.7156675	17.5001188
16.1258937	16.8649969	18.7799488
19.6297775	20.5294744	22.8605112
25.1848562	26.3391606	29.3298669
35.1701275	36.78209	40.9585481
57.4626031	60.0963056	66.9199931
95.6930969	100.079032	111.442594
2302.71581090457	2308.64620490457	2324.01134190457
89.521295	93.6243506	104.255022
49.8773088	52.1633488	58.0862831
32.4400944	33.9269294	37.7791937
23.6724244	24.7574112	27.5685125
19.0393944	19.9120325	22.1729631
15.618615	16.3344687	18.18918
14.8826206	15.5647388	17.3320525
10.8823875	11.3811644	12.6734469
10.685806	11.1755719	12.4445125
10.3391249	10.8130006	12.0407713
10.4805923	10.9609514	12.2055238
10.7347836	11.2267943	12.50155
10.6420594	11.1298202	12.3935662
10.5485545	11.0320288	12.28467
10.8683445	11.3664769	12.6570925
11.0708919	11.5783075	12.8929781
11.8558769	12.3992706	13.8071575
13.2484106	13.8556294	15.4288769
15.7057462	16.4255925	18.2906519
19.6579131	20.5589025	22.89328
30.1197981	31.5002888	35.0770181
47.9043369	50.0999512	55.788595
1578.96445266461	1582.25072196461	1590.76515326461
3119.99254435085	3124.63924635085	3136.67844935085
72.562055	75.8878119	84.5045588
43.35635	45.3435137	50.4920837
27.7844106	29.0578631	32.3572638
19.9719794	20.8873612	23.259035
15.3598506	16.0638444	17.8878275
12.9424887	13.5356856	15.0726081
11.9533119	12.5011731	13.9206294
9.5154835	9.95160994	11.081575
8.98624962	9.39811919	10.4652381
8.67368431	9.07122812	10.101228
8.76994431	9.1719	10.2133325
8.8520215	9.25773881	10.3089175
9.03753994	9.45176069	10.5249681
9.58490819	10.0242168	11.1624244
11.0193831	11.5244369	12.8329888
12.9609225	13.5549644	15.0940744
17.7684544	18.5828406	20.692845
23.8137112	24.9051719	27.7330537
38.7928556	40.5708625	45.1775169
50.9619006	53.2976537	59.3493831
37.1299075	38.8316925	43.2408725
24.2435631	25.3547256	28.2336525
16.4456656	17.1994263	19.1523494
12.5972	13.1745725	14.67049
10.5462352	11.0296044	12.2819687
8.93048213	9.33979562	10.4002906
8.26016638	8.63875725	9.61965269
8.11416731	8.4860665	9.44962456
8.36633381	8.74979044	9.74329331
9.04100431	9.45538362	10.5290019
11.0980244	11.606685	12.9245738
14.8498375	15.5304556	17.293875
19.6724988	20.5741531	22.9102656
25.2997144	26.4592819	29.4636256
20.0495125	20.9684488	23.34933
13.8781881	14.5142731	16.1623081
10.4498259	10.9287737	12.1696931
9.35629137	9.78512113	10.8961816
8.70680356	9.105865	10.1397988
9.4411365	9.87385581	10.9949906
11.7991619	12.3399563	13.7411069
13.3741394	13.98712	15.5753
11.9421525	12.4895	13.9076331
10.1902196	10.6572704	11.86736
