#?RADIANCE
genskyvec -m 1
NROWS=146
NCOLS=1
NCOMP=3
FORMAT=ascii

10.004899	10.4634569	11.6515388
27.7287481	28.9996475	32.2924381
28.4166894	29.7191213	33.093605
29.3269706	30.6711225	34.1537019
30.4611775	31.857315	35.4745825
31.0703369	32.4943938	36.1839981
31.0635306	32.4872737	36.1760706
31.2950762	32.7294344	36.4457281
29.9257931	31.2973912	34.8510806
29.5245181	30.8777231	34.3837613
29.491185	30.8428625	34.3449431
28.37224	29.6726325	33.0418394
27.9053862	29.1843819	32.4981487
27.5636694	28.8270025	32.1001913
27.8409125	29.1169544	32.4230644
29.9863431	31.3607144	34.9215944
34.6379887	36.2255606	40.338825
39.2242144	41.02199	45.6798681
50.9966325	53.3339775	59.3898325
71.7733256	75.0629369	83.5860237
88.7568294	92.8248444	103.364722
114.16882	119.401531	132.959087
103.208327	107.938704	120.194699
90.3886556	94.53147	105.265124
68.3686306	71.50219	79.62097
48.4351987	50.6551425	56.4068275
39.6551656	41.4726925	46.1817463
33.3122463	34.8390556	38.7948881
30.1152631	31.4955437	35.0717344
27.8595375	29.1364337	32.4447562
27.2905587	28.541375	31.7821319
20.8979019	21.8557212	24.3373494
19.741265	20.6460744	22.9903512
21.7143612	22.7096013	25.2881862
21.7706019	22.7684219	25.3536825
22.1908087	23.2078862	25.8430481
21.4201756	22.4019331	24.94558
22.9037925	23.9535494	26.6733762
23.2525081	24.3182481	27.0794862
22.178505	23.1950187	25.8287194
19.34873	20.2355463	22.5332094
19.7597269	20.66538	23.0118512
19.6433369	20.5436575	22.8763044
21.0798544	22.0460125	24.5492456
21.8955919	22.8991394	25.4992431
23.5186588	24.5965963	27.38944
27.8629081	29.1399575	32.4486794
35.7389494	37.3769838	41.6209869
46.2760025	48.3969844	53.8922625
68.6758994	71.8235437	79.9788131
99.017105	103.55539	115.313677
134.023438	140.166169	156.081463
129.867594	135.819856	151.241656
92.4549625	96.69248	107.671514
63.1879681	66.0840812	73.5876581
45.2216744	47.2943331	52.6644131
35.3852762	37.0071	41.2091044
27.2606862	28.5101344	31.7473437
23.8082787	24.8994906	27.7267256
21.380255	22.360185	24.8990913
20.8466325	21.8021012	24.2776419
14.3117337	14.9676869	16.6672056
13.6866544	14.31396	15.93925
13.8127169	14.4457981	16.08606
15.0008181	15.6883544	17.4697038
15.0707069	15.7614469	17.5510956
15.1136831	15.8063931	17.6011456
14.8960856	15.578825	17.3477344
14.7663519	15.4431425	17.1966488
13.9061238	14.5434869	16.1948394
14.5840456	15.2524806	16.9843381
15.2593281	15.9587125	17.7707594
17.893935	18.7140731	20.8389806
22.1186175	23.1323862	25.7589744
29.7721619	31.1367175	34.672165
47.8050231	49.996085	55.6729369
82.5606869	86.3447113	96.1487994
2631.94075999149	2638.9899029915	2657.2536529915
1459.74829447878	1465.40806247878	1480.07199447878
62.4860875	65.3500325	72.77026
38.0047663	39.7466506	44.2597181
26.3208075	27.5271781	30.6527744
20.2873831	21.21722	23.6263481
16.1356537	16.8752069	18.7913169
15.0559319	15.745995	17.5338887
11.2044944	11.71803	13.0485656
10.990574	11.4943088	12.7994413
10.693242	11.1833475	12.4531725
10.8700165	11.368225	12.6590387
11.1605211	11.6720438	12.9973575
11.0655429	11.5727131	12.8867481
10.8943402	11.3936656	12.6873694
11.0786994	11.5864731	12.9020694
11.0600069	11.5669256	12.8803019
11.5707213	12.1010475	13.4750706
12.5271888	13.1013519	14.588955
14.277395	14.9317744	16.6272175
17.220805	18.0100919	20.0550644
24.8393856	25.9778563	28.9275369
37.3991281	39.1132537	43.5544044
53.2334738	55.6733388	61.9948175
1288.31001819882	1291.91076449882	1301.23998509882
73.8310044	77.2149225	85.9823538
48.6470656	50.8767231	56.6535637
31.1617625	32.5900094	36.2904706
21.9168231	22.9213425	25.5239681
16.384585	17.1355438	19.081215
13.5557556	14.1770612	15.7868087
12.3590963	12.925555	14.3931975
9.91408206	10.3684775	11.5457744
9.36061175	9.78963894	10.9012137
9.05503025	9.47005231	10.5453375
9.15579656	9.57543706	10.6626881
9.20038306	9.62206756	10.7146144
9.2390545	9.66251094	10.7596494
9.59796769	10.0378737	11.1776344
10.6077283	11.0939144	12.3535831
12.0152531	12.5659525	13.992765
15.5110913	16.2220188	18.0639606
19.7842637	20.6910413	23.040425
30.2980713	31.6867338	35.2846312
40.54169	42.3998519	47.2141806
35.1996925	36.8130094	40.9929763
24.8321556	25.9702931	28.919115
17.2773225	18.0691981	20.1208825
13.2681656	13.8762894	15.4518837
11.0228713	11.5280856	12.8370519
9.29229337	9.71818925	10.8216513
8.58694706	8.98051513	10.0002144
8.41546613	8.80117481	9.80051231
8.57011856	8.96291537	9.9806175
9.01649106	9.42974687	10.5004563
10.5317032	11.0144063	12.2650463
13.316235	13.9265619	15.5078656
16.9973906	17.7764375	19.7948794
22.0001975	23.0085394	25.6210644
19.1140162	19.990075	22.2598656
14.1889087	14.8392331	16.5241681
10.7973769	11.2922575	12.5744456
9.52943663	9.96620263	11.0978237
8.83655256	9.24156069	10.2909017
9.33493012	9.76277994	10.8713031
11.153595	11.6648019	12.9892912
12.7175881	13.3004775	14.8106912
11.8332756	12.3756362	13.7808375
10.0633487	10.5245859	11.7196094
