#?RADIANCE
genskyvec -m 1
NROWS=146
NCOLS=1
NCOMP=3
FORMAT=ascii

18.9463906	19.8147662	22.0646513
26.2555787	27.4589594	30.5768125
25.5495831	26.7206062	29.7546206
25.60254	26.7759894	29.8162919
25.7562906	26.9367869	29.9953475
25.6679475	26.844395	29.8924656
27.8029525	29.0772519	32.3788556
30.5742581	31.9755775	35.6062744
34.9987606	36.60287	40.7589756
40.58183	42.4418287	47.2609262
49.0214344	51.2682481	57.0895456
55.5932963	58.1413206	64.7430306
57.3742388	60.0038888	66.8170875
53.6268106	56.0847038	62.4528938
47.2174319	49.3815612	54.9886387
40.5691962	42.4286156	47.2462113
34.5435487	36.1267913	40.2288406
31.5657481	33.0125094	36.7609431
27.4493325	28.7074256	31.9670356
25.0845656	26.2342738	29.2130688
25.9039919	27.0912581	30.16736
24.6039237	25.7316025	28.6533213
25.9807462	27.1715313	30.2567475
25.5074256	26.6765156	29.705525
27.80506	29.0794569	32.3813106
29.5853281	30.9413244	34.4545825
30.6266756	32.0304	35.66732
31.2264325	32.6576419	36.3657825
29.1890156	30.5268463	33.9930444
28.5501812	29.85873	33.2490681
26.8841919	28.1163844	31.3088844
16.4023725	17.1541494	19.1019319
14.9288	15.6130344	17.3858294
16.2477031	16.9923869	18.9218031
16.3212094	17.0692662	19.0074106
17.8439963	18.6618462	20.7808219
19.45457	20.3462381	22.6564719
23.2744013	24.3411438	27.1049819
28.7022575	30.0177769	33.4261738
36.546105	38.2211325	42.560985
45.6330788	47.7245931	53.1435244
56.2878269	58.8676844	65.5518675
60.8977669	63.6889113	70.9205281
55.0474263	57.5704312	64.1073169
44.894375	46.9520331	52.2832437
35.4606762	37.0859563	41.296915
27.2401687	28.488675	31.7234475
24.0458225	25.1479219	28.0033669
19.2490163	20.1312638	22.4170862
17.1540956	17.9403256	19.9773756
15.5516581	16.2644438	18.1112044
15.3261181	16.028565	17.8485425
15.6754519	16.3939112	18.2553719
14.983655	15.6704031	17.4497156
16.917345	17.6927231	19.7016581
17.6756687	18.485805	20.5847912
18.3149869	19.1544256	21.3293306
17.349105	18.1442731	20.2044787
17.60918	18.4162662	20.5073594
16.716375	17.4825419	19.4676112
16.6134638	17.3749138	19.3477644
10.9736856	11.4766456	12.7797725
10.7744322	11.2682581	12.5477231
11.43295	11.9569612	13.3146237
13.4269206	14.0423194	15.6367669
16.1111437	16.8495719	18.7627713
21.1125744	22.0802319	24.5873513
29.793405	31.1589375	34.6969062
45.5338356	47.6208006	53.0279481
66.3156238	69.3550869	77.2300738
75.5313369	78.9931888	87.9625425
58.1646356	60.8305119	67.7375681
35.3892706	37.0112781	41.2137575
23.9309937	25.0278294	27.8696387
17.8161981	18.6327744	20.7484481
14.3223419	14.9787831	16.6795619
12.5237463	13.0977519	14.5849475
11.2148312	11.7288437	13.0606044
11.4036438	11.9263113	13.2804937
11.0682782	11.5755756	12.8899337
10.733263	11.2252044	12.4997806
11.3398592	11.8596037	13.2062131
11.4466196	11.9712562	13.3305437
10.8179945	11.31382	12.5984556
11.1154698	11.6249312	12.9448925
8.95077119	9.36101469	10.4239186
9.43604512	9.86853038	10.9890625
10.3323895	10.8059569	12.03293
11.6877912	12.2234825	13.6114088
15.1026287	15.7948325	17.58827
18.788715	19.6498638	21.8810244
29.4703088	30.8210312	34.3206337
48.7053981	50.9377256	56.7214963
2542.58257709845	2546.58469829845	2556.95381719845
5108.58264945713	5113.38843545713	5125.83978345713
61.2172569	64.0230444	71.2926
34.7534781	36.3463431	40.4733225
24.3597738	25.4762625	28.3689887
16.6252312	17.3872206	19.3614681
13.0023056	13.5982419	15.1422681
11.0796163	11.5874319	12.9031356
9.81015	10.2597823	11.4247369
9.18951156	9.61069769	10.7019525
8.96266081	9.37344919	10.4377661
8.81769519	9.22183938	10.2689414
8.8422575	9.24752744	10.2975467
8.90026119	9.30818969	10.3650951
8.77366438	9.17579069	10.217664
8.92477363	9.33382556	10.3936428
8.374882	8.75873044	9.75324813
9.28170519	9.70711606	10.8093194
10.9500244	11.4519006	12.7522169
14.34325	15.0006475	16.7039106
20.3235556	21.2550537	23.6684781
36.7820931	38.4679381	42.8358163
58.2310025	60.8999238	67.8148606
1805.36210179977	1808.04726929977	1815.00430739977
37.2530162	38.9604444	43.3842431
21.9812081	22.9886781	25.5989475
15.2672525	15.9670019	17.7799912
11.5883437	12.1194756	13.4955925
9.56870506	10.0072696	11.1435537
8.45870344	8.84639362	9.85086606
8.02020113	8.38779369	9.34019306
7.825342	8.18400325	9.11326331
7.85796544	8.21812206	9.15125625
7.99853669	8.36513594	9.314963
8.78830312	9.19110019	10.2347114
10.5505654	11.0341327	12.2870137
14.56382	15.2313269	16.9607813
23.3031387	24.3711969	27.1384481
30.2953431	31.6838787	35.281455
27.5491319	28.8117975	32.0832594
18.8269431	19.6898431	21.925545
13.2183681	13.82421	15.3938919
9.87061412	10.3230164	11.4951525
8.57276775	8.96568606	9.98370356
7.91869281	8.28163263	9.22197806
8.1765635	8.55132262	9.52229
10.0464799	10.5069429	11.6999631
13.0348075	13.6322356	15.1801219
16.870635	17.6438719	19.6472619
15.8739106	16.601465	18.4864925
10.8440237	11.3410414	12.6287706
9.33246637	9.7602035	10.868435
12.104365	12.6591481	14.0965431
