#?RADIANCE
genskyvec -m 1
NROWS=146
NCOLS=1
NCOMP=3
FORMAT=ascii

22.0011869	23.009575	25.6222162
30.7292556	32.1376781	35.7867794
32.6458875	34.1421569	38.0188594
34.00925	35.5680075	39.6066094
34.6904713	36.28045	40.3999463
33.1166644	34.6345106	38.567115
32.4363012	33.9229656	37.7747788
31.7436725	33.1985887	36.9681531
29.4810675	30.832285	34.333165
27.5956375	28.8604362	32.13742
30.4573444	31.8533044	35.4701187
28.3798881	29.6806319	33.0507462
30.651605	32.0564681	35.6963475
32.0508856	33.5198844	37.3259281
33.7610156	35.3083956	39.3175213
38.26554	40.0193775	44.5634144
43.634135	45.6340325	50.8155875
48.3986481	50.6169181	56.3642631
54.4433219	56.9386387	63.4037887
58.5251863	61.2075881	68.1574594
57.6749588	60.3183931	67.1672994
54.04971	56.5269875	62.9453944
47.4023262	49.5749331	55.2039631
41.4285494	43.3273563	48.2470006
37.3878031	39.10141	43.5412144
33.4306119	34.9628481	38.9327363
31.4443731	32.8855737	36.6195963
30.5528144	31.95315	35.5813013
28.9391488	30.2655244	33.70205
29.2052963	30.5438706	34.0120012
29.59074	30.94698	34.4608844
19.7530381	20.6583844	23.0040581
18.6463344	19.5009588	21.7152119
20.7165563	21.6660637	24.1261594
20.2947075	21.2248812	23.6348794
20.1783419	21.1031831	23.4993619
18.9547837	19.823545	22.0744263
20.0640563	20.9836594	23.3662681
20.1714038	21.0959244	23.4912806
19.3260512	20.2118287	22.5068
17.4616287	18.261955	20.335525
18.7405475	19.5994875	21.8249287
19.9597794	20.8746025	23.2448288
22.9420569	23.9935694	26.71794
26.0448719	27.2385944	30.3314256
29.8939681	31.2641063	34.8140181
36.9568975	38.6507537	43.0393894
44.9547631	47.0151906	52.3535719
54.0100175	56.4854775	62.8991719
59.80162	62.5425256	69.6439731
58.6359419	61.3234213	68.2864431
51.7172131	54.0875838	60.2290088
42.3571331	44.2985006	49.3284131
33.5605125	35.0987	39.0840144
28.7753306	30.0941994	33.5112719
24.9501844	26.0937337	29.05657
22.7172625	23.7584694	26.4561475
20.0392262	20.9576919	23.3373512
19.4318275	20.3224531	22.6299819
18.6662756	19.5218125	21.738435
19.0676619	19.941595	22.2058825
13.2922325	13.9014588	15.4799137
12.8375737	13.4259619	14.9504238
12.8942694	13.4852569	15.0164525
13.7051538	14.333305	15.9607956
13.5583363	14.17976	15.7898131
13.5289919	14.1490712	15.75564
13.5924287	14.2154125	15.829515
14.1191869	14.7663162	16.4429681
14.5340206	15.2001625	16.92608
16.8661544	17.6391856	19.6420437
19.8175956	20.7259	23.0792419
26.5331812	27.749285	30.9001019
36.8568675	38.54614	42.9228975
52.4728694	54.877875	61.1090306
69.8720144	73.0744794	81.3717869
71.8883969	75.1832775	83.7200344
54.1843531	56.6678006	63.1021975
39.5245062	41.3360431	46.0295825
27.4167256	28.6733263	31.9290644
21.3159631	22.2929425	24.8242162
17.6144031	18.4217281	20.5134412
15.4846025	16.1943131	18.03311
13.7522369	14.3825462	16.0156269
13.5144463	14.1338587	15.7387
10.9569969	11.4591925	12.7603369
10.8035437	11.2987044	12.5816269
10.5735706	11.0581913	12.313805
10.6574875	11.1459563	12.4115337
10.8862669	11.3852206	12.6779656
10.9458412	11.4475275	12.7473469
11.318075	11.8368206	13.1808413
12.1987325	12.7578412	14.2064406
13.5820006	14.2045094	15.8173725
15.7263763	16.4471687	18.3146756
19.776395	20.6828125	23.0312625
27.2510631	28.5000712	31.7361363
36.9996837	38.6955031	43.0892188
62.3803394	65.2394375	72.6471063
2580.67083778492	2585.16094758492	2596.79439058492
3054.9163603829	3059.9916723829	3073.1413653829
71.569885	74.8501694	83.3490894
44.70101	46.749805	52.0580537
28.7237488	30.0402531	33.4512012
20.7986306	21.7518994	24.2217388
16.5596069	17.3185875	19.2850431
13.8612706	14.4965775	16.142605
12.3585275	12.9249594	14.3925381
11.6317756	12.1649	13.546175
10.6136438	11.1001012	12.3604725
10.1011426	10.5641125	11.7636231
9.94592363	10.4017781	11.5828581
10.0770597	10.5389231	11.7355769
10.49445	10.9754431	12.2216613
11.7099669	12.2466737	13.6372338
13.4583737	14.075215	15.6733994
17.8927281	18.7128119	20.8375731
24.1920806	25.3008838	28.1736944
39.9355169	41.7658925	46.5082388
63.0768631	65.9678837	73.4582669
4160.33868720965	4165.14061020965	4177.58197520965
74.7724288	78.1995006	87.0787306
37.1779006	38.8818856	43.296765
23.7983869	24.8891444	27.7152044
16.7477725	17.5153781	19.5041763
13.2237525	13.8298406	15.4001625
11.5130669	12.0407488	13.4079275
11.1163137	11.6258112	12.9458744
10.7488662	11.2415219	12.5179525
10.7588325	11.2519456	12.5295575
11.7423969	12.28059	13.675
14.4024575	15.06257	16.7728625
21.2565306	22.2307881	24.7550038
33.7839356	35.3323631	39.3442081
47.1523112	49.3134569	54.9127987
46.3672112	48.4923737	53.9984825
27.4014125	28.6573119	31.91123
16.7274744	17.4941488	19.4805381
13.1552781	13.7582288	15.3204194
13.59148	14.2144231	15.8284131
13.3736781	13.9866387	15.5747625
16.1877025	16.9296388	18.8519288
23.1105337	24.1697675	26.9141444
23.5515931	24.6310419	27.427795
18.0033294	18.82848	20.9663775
17.0485544	17.8299456	19.8544625
