#?RADIANCE
genskyvec -m 1
NROWS=146
NCOLS=1
NCOMP=3
FORMAT=ascii

11.0772594	11.5849669	12.9003919
28.6791856	29.9936488	33.399305
29.4086	30.7564956	34.2487694
30.3169625	31.7064887	35.30663
31.3934581	32.8323244	36.5603012
31.8238469	33.2824381	37.0615219
31.7320288	33.1864119	36.9545931
31.9121375	33.374775	37.1643438
30.46153	31.8576837	35.4749925
29.9812769	31.3554175	34.9156969
30.2157144	31.6006012	35.1887188
29.0542912	30.3859456	33.8361444
28.8243744	30.1454906	33.5683881
28.6393869	29.9520262	33.3529556
29.0507444	30.3822356	33.8320156
31.4673994	32.9096544	36.6464112
36.4119125	38.0807912	42.40471
41.2754775	43.1672712	48.0687381
53.3394762	55.7842012	62.1182675
73.6900625	77.0675219	85.8182225
88.5091131	92.56578	103.076247
108.920858	113.913054	126.847413
96.4348587	100.854784	112.306425
84.0317988	87.8832575	97.8620369
64.8342506	67.8058181	75.5048913
47.1677825	49.3296375	54.9308162
39.4106269	41.216945	45.8969606
33.6803575	35.2240381	39.2235838
30.72315	32.131295	35.7796706
28.6691756	29.9831781	33.3876463
28.1832419	29.4749725	32.8217369
21.3059556	22.2824781	24.8125625
20.079655	20.9999737	23.3844344
22.0906969	23.1031856	25.7264587
22.0642088	23.0754838	25.6956106
22.4104462	23.4375931	26.0988338
21.557575	22.5456312	25.105595
23.0496144	24.1060562	26.8431988
23.3983737	24.4707994	27.2493581
22.3352344	23.3589306	26.0112406
19.5063919	20.400435	22.7168194
20.0275406	20.9454694	23.3237413
20.0274756	20.9454	23.3236669
21.6559575	22.6485231	25.22017
22.6567669	23.6952019	26.3856944
24.4878488	25.6102069	28.5181431
29.2200462	30.5592969	34.02918
37.6050056	39.328565	43.7941625
48.8230688	51.06079	56.8585331
71.7600844	75.0490863	83.5705994
100.711402	105.327326	117.286839
127.825438	133.684094	148.863387
117.49335	122.878463	136.8308
84.3455919	88.2114263	98.2274769
59.1616788	61.8732519	68.8987094
43.3187519	45.3041931	50.4482987
34.5266062	36.109075	40.2091131
27.0358256	28.2749662	31.4854737
23.9177212	25.0139494	27.8541794
21.63835	22.6301069	25.1996612
21.2035612	22.1753894	24.6933138
14.44601	15.1081181	16.823585
13.797645	14.4300344	16.0685062
13.8955281	14.5324063	16.1825013
15.0600262	15.7502775	17.5386562
15.089355	15.7809506	17.5728113
15.1159569	15.80877	17.6037925
14.9140081	15.5975669	17.3686075
14.8392663	15.5193988	17.2815619
14.0435975	14.6872631	16.3549412
14.8607019	15.5418175	17.3065263
15.6835537	16.4023813	18.2648062
18.6229106	19.47646	21.6879344
23.317535	24.3862556	27.1552137
31.8167781	33.2750463	37.0532925
51.5848462	53.9491506	60.0748544
88.8985019	92.9730106	103.529715
2931.9299077809	2939.0562077809	2957.5198637809
1273.50996048196	1278.66561948196	1292.02347248196
58.73776	61.4299062	68.4050181
36.5110181	38.1844394	42.5201244
25.6813019	26.85836	29.90802
20.0692644	20.989105	23.3723319
16.13543	16.8749694	18.7910544
15.1576575	15.8523831	17.6523581
11.2418319	11.7570819	13.0920513
11.0278942	11.5333394	12.8429019
10.7084651	11.1992706	12.4709019
10.8708309	11.3690756	12.6599881
11.1456103	11.65645	12.9799925
11.0479866	11.5543537	12.8663019
10.8989675	11.3985044	12.6927556
11.1282769	11.6383213	12.9598063
11.185005	11.69765	13.0258719
11.7915575	12.3320044	13.7322537
12.9011219	13.4924225	15.0244331
14.8969681	15.5797444	17.3487619
18.18679	19.0203519	21.180035
26.7751475	28.00234	31.1818919
41.1094394	42.9936206	47.8753681
59.5533369	62.2828637	69.3548281
1613.80170416175	1617.83168596175	1628.27299626175
76.0952844	79.5829869	88.6193044
47.8857187	50.0804775	55.7669125
30.516085	31.9147375	35.5385244
21.5664756	22.5549369	25.1159569
16.2550912	17.000115	18.9304088
13.5271113	14.147105	15.75345
12.3809106	12.9483681	14.4186031
9.92792231	10.3829511	11.5618931
9.36980906	9.79925775	10.9119231
9.05475675	9.46976625	10.5450188
9.14912575	9.56846031	10.6549194
9.20369919	9.62553519	10.718475
9.29134556	9.71719875	10.8205475
9.71638744	10.1617222	11.3155437
10.8767406	11.3752556	12.66687
12.4718594	13.0434856	14.5245206
16.4166181	17.1690469	19.1185225
21.2927831	22.2686994	24.7972194
33.3051087	34.8315944	38.7865781
44.4976862	46.5371631	51.8212656
36.6809825	38.3621938	42.7180638
25.1527069	26.3055375	29.292425
17.3026394	18.0956781	20.1503688
13.2525512	13.8599594	15.4337013
11.0305069	11.5360712	12.8459444
9.32148925	9.748724	10.8556519
8.61391556	9.00871969	10.0316224
8.44164775	8.82855637	9.83100275
8.62682619	9.02222206	10.0466578
9.15592587	9.57557181	10.66284
10.8669846	11.3650556	12.6555119
13.99294	14.6342794	16.2959444
18.0960119	18.9254125	21.0743169
23.4432994	24.5177831	27.3016763
19.7999875	20.7074881	23.0587381
14.3455338	15.0030356	16.7065687
10.86669	11.3647462	12.6551656
9.63645444	10.0781246	11.222455
8.94042406	9.35019344	10.4118693
9.52096387	9.95734081	11.0879556
11.5413087	12.070285	13.4408175
13.1558819	13.75886	15.3211225
12.0838087	12.63765	14.0726056
10.27804	10.7491169	11.969635
