#?RADIANCE
genskyvec -m 1
NROWS=146
NCOLS=1
NCOMP=3
FORMAT=ascii

15.3754444	16.0801519	17.9059862
31.9041169	33.3663856	37.155005
32.701015	34.1998106	38.0830594
33.5529	35.09074	39.07515
34.3874875	35.9635781	40.0470962
34.2196013	35.7879975	39.8515788
33.8834031	35.43639	39.4600475
33.9164281	35.4709306	39.4985094
32.3116544	33.7926044	37.6296144
31.6418456	33.0920962	36.8495675
32.7934562	34.2964869	38.1907144
31.5998969	33.0482237	36.8007137
32.2260963	33.7031256	37.5299769
32.6504394	34.1469175	38.0241594
33.5983838	35.1383094	39.1281194
36.9558744	38.6496844	43.0381969
42.8957562	44.8618113	49.9556869
48.33877	50.5542975	56.2945294
60.5782119	63.3547125	70.5483813
77.0632506	80.5953131	89.7465788
83.97737	87.8263325	97.7986513
91.0465444	95.219505	106.031278
77.7855469	81.3507144	90.5877563
67.5994994	70.6978081	78.7252556
55.6243075	58.173755	64.7791463
44.0588375	46.0782006	51.3101906
39.1193869	40.9123575	45.5577894
35.233015	36.84786	41.031785
32.9672362	34.478235	38.3930956
31.5543463	33.000585	36.7476662
31.2796375	32.7132869	36.4277462
22.9657869	24.0183844	26.7455731
21.54215	22.5294956	25.08763
23.605805	24.6877375	27.49093
23.3251881	24.3942587	27.1641269
23.4489506	24.5236931	27.3082581
22.3947325	23.4211562	26.0805338
23.885405	24.9801525	27.8165456
24.258985	25.370855	28.2516119
23.3146488	24.3832344	27.1518519
20.6244144	21.5696981	24.0188506
21.5344325	22.521425	25.0786406
21.9818831	22.9893837	25.599735
24.2893631	25.4026238	28.2869894
26.0523575	27.2464238	30.3401431
28.760715	30.0789144	33.4942519
35.0388637	36.6448094	40.8056787
44.98272	47.0444281	52.3861287
58.1852481	60.85207	67.7615737
79.729795	83.3840738	92.8519962
98.0609719	102.555437	114.200181
102.450411	107.146046	119.312031
85.74128	89.6710869	99.8528725
63.7262619	66.6470487	74.2145456
48.5904244	50.8174856	56.5876019
38.3440538	40.1014875	44.6548469
32.4556156	33.9431656	37.7972738
26.8286238	28.0582675	31.2441681
24.7067056	25.8390944	28.7730187
22.8853225	23.9342344	26.6518675
22.73273	23.7746438	26.47416
15.4579656	16.1664562	18.00209
14.7545144	15.4307619	17.1828613
14.7702625	15.4472319	17.2012012
15.8453906	16.5716375	18.4532794
15.7775388	16.5006756	18.3742581
15.7872831	16.5108656	18.3856069
15.6788094	16.3974225	18.2592819
15.8285381	16.5540137	18.4336519
15.3233156	16.0256344	17.8452794
16.6868475	17.4516613	19.4332262
18.1671694	18.9998312	21.1571844
22.4937206	23.5246831	26.1958144
29.42961	30.7784681	34.2732363
41.7745181	43.6891825	48.6499106
67.5095012	70.6036837	78.6204437
105.737089	110.583381	123.139675
1676.28434909296	1681.68524309296	1695.67850509296
81.8370356	85.5879019	95.3060563
48.0494206	50.2516844	55.9575581
32.5634456	34.0559363	37.9228494
24.3850394	25.5026869	28.3984131
20.0377256	20.9561206	23.3356025
16.7742062	17.5430225	19.5349606
16.0792663	16.8162331	18.7256463
12.0893225	12.6434163	14.0790244
11.8666387	12.4105275	13.8196931
11.4962181	12.0231275	13.388305
11.6197425	12.152315	13.53216
11.8648694	12.4086738	13.8176275
11.7863275	12.3265344	13.7261606
11.7575419	12.2964281	13.6926375
12.1796213	12.7378538	14.184185
12.5757331	13.15212	14.6454888
13.6177919	14.24194	15.8590531
15.5062569	16.2169606	18.0583306
18.8721731	19.7371469	21.9782194
23.9999163	25.0999119	27.9499031
37.7061287	39.4343269	43.911935
61.1998269	64.0048156	71.2723
2191.84008446862	2196.14423446862	2207.29588856862
3887.81087605811	3893.15825705811	3907.01286605811
75.3388781	78.7919081	87.7384063
44.609745	46.6543562	51.9517681
29.0604869	30.3924262	33.84336
21.2620162	22.2365244	24.7613919
16.6402312	17.4029075	19.3789356
14.2061319	14.8572462	16.5442269
13.1783744	13.7823831	15.3473169
10.8283138	11.3246094	12.6104744
10.232571	10.7015637	11.9166831
9.90160587	10.3554294	11.531245
9.98717219	10.4449175	11.6308962
10.1117193	10.5751731	11.7759413
10.4502294	10.9291963	12.1701631
11.2017906	11.7152063	13.0454181
13.1583594	13.7614506	15.3240069
15.8356513	16.5614513	18.4419356
22.4032137	23.4300263	26.0904094
30.94185	32.3600206	36.0343675
51.5112656	53.8722	59.9891681
65.4078131	68.40567	76.1728506
42.8295625	44.7925819	49.8785963
27.3039725	28.5554031	31.7977519
18.4695563	19.3160769	21.5093387
14.16547	14.8147219	16.4968713
11.94946	12.4971444	13.9161431
10.3975873	10.8741425	12.1088569
9.6830115	10.1268161	11.2766762
9.51065481	9.94655931	11.0759506
9.86361869	10.3157006	11.4870063
10.8646294	11.3625919	12.6527687
13.7325387	14.3619456	15.9926863
18.9155131	19.7824725	22.0286931
25.4983456	26.6670181	29.6949513
32.1729337	33.6475256	37.4680662
24.176335	25.2844162	28.1553588
16.1666462	16.907615	18.8274069
12.2216881	12.7818494	14.2331756
11.2274904	11.7420844	13.0753506
10.5121083	10.9939138	12.2422262
11.5808437	12.1116325	13.4868588
14.8085194	15.4872431	17.2457562
16.6672131	17.4311294	19.4103625
14.4937969	15.1580956	16.8792344
12.5245819	13.0986256	14.5859219
