#?RADIANCE
genskyvec -m 1
NROWS=146
NCOLS=1
NCOMP=3
FORMAT=ascii

19.384345	20.272795	22.5746856
30.001115	31.3761638	34.9387975
32.0690444	33.538875	37.3470769
33.6584769	35.2011569	39.1981044
34.6873131	36.2771481	40.3962681
33.5683144	35.1068612	39.0931
33.0939506	34.6107544	38.5406631
32.477655	33.9662131	37.8229381
30.0919969	31.47121	35.0446375
28.1091806	29.3975181	32.7354844
30.4442419	31.8396019	35.4548562
27.9785075	29.2608562	32.583305
29.5909556	30.9472069	34.4611363
30.3818169	31.7743156	35.3821594
31.6030819	33.051555	36.8044244
35.7277281	37.3652487	41.60792
41.0023894	42.8816656	47.7507025
46.5363288	48.6692406	54.195435
54.4310094	56.9257637	63.3894506
62.6550056	65.5266912	72.96698
64.1090225	67.0473506	74.6603025
62.4629519	65.3258375	72.7433175
54.0826569	56.5614437	62.9837663
46.8052063	48.9504437	54.5085656
40.973435	42.8513838	47.7169825
35.18876	36.8015788	40.980245
32.2884563	33.7683425	37.6026006
30.5644919	31.9653625	35.5949012
28.6037675	29.9147731	33.3114731
28.4971237	29.8032413	33.1872787
28.8275906	30.1488544	33.5721344
19.5598394	20.4563319	22.7790619
18.5634475	19.4142712	21.6186831
20.7575531	21.7089412	24.1739012
20.5242325	21.4649256	23.9021806
20.5793044	21.5225213	23.9663169
19.3979888	20.2870613	22.5905756
20.578955	21.5221569	23.9659088
20.6178075	21.5627894	24.0111575
19.4916187	20.3849831	22.6996144
17.1942894	17.9823606	20.0241837
18.0999544	18.9295338	21.078905
18.8408644	19.7044044	21.9417581
21.2945019	22.2705006	24.7992231
23.7133331	24.8001938	27.6161538
26.92079	28.1546594	31.3515056
33.3750463	34.9047337	38.8680244
41.9165406	43.8377156	48.8153075
52.8259363	55.2471219	61.5202069
64.6163106	67.57789	75.2510825
69.0353987	72.1995188	80.3974775
63.6201594	66.5360813	74.09098
51.6039369	53.9691144	60.0970881
39.7319513	41.552995	46.2711681
32.5266831	34.0174869	37.8800344
27.2018906	28.4486437	31.67887
24.0706562	25.1738937	28.0322869
20.67928	21.6270787	24.0827456
19.6248138	20.5242825	22.8547313
18.6149194	19.4681031	21.6786256
18.8897781	19.7555587	21.9987219
13.1988219	13.8037656	15.3711269
12.7587519	13.3435281	14.8586325
12.87351	13.4635456	14.9922756
13.78974	14.4217706	16.0593031
13.6588737	14.2849062	15.9068962
13.5567362	14.1780862	15.7879519
13.4261887	14.0415537	15.6359169
13.6364375	14.2614406	15.8807681
13.6220262	14.2463688	15.8639838
15.3463581	16.0497306	17.8721137
17.5176206	18.3205119	20.4007312
22.8280919	23.8743781	26.5852162
31.2851112	32.7190125	36.4341219
45.6331606	47.7246769	53.1436194
68.90456	72.0626838	80.2451056
85.9884912	89.9296306	100.140774
70.9173187	74.167695	82.5891325
49.6034831	51.876975	57.7673938
32.08963	33.5604031	37.37105
23.7018669	24.7882012	27.6028006
18.7599987	19.6198319	21.8475831
16.0110656	16.7449062	18.6462219
13.8901719	14.5268056	16.1762644
13.4767256	14.09441	15.6947706
10.8143956	11.3100537	12.594265
10.6436419	11.1314756	12.3954075
10.4014301	10.8781637	12.1133338
10.489771	10.9705531	12.2162144
10.6816893	11.171265	12.4397181
10.6511234	11.1392981	12.4041206
10.7833575	11.2775938	12.5581194
11.3709306	11.8920975	13.2423975
12.2530281	12.8146237	14.2696719
13.7897594	14.4217906	16.0593256
16.6787713	17.4432137	19.4238194
21.9075944	22.9116919	25.5132206
29.0430131	30.3741506	33.8230113
48.6580325	50.88819	56.6663362
82.6132181	86.3996587	96.2099863
4966.86328689917	4972.62221189917	4987.54305589917
2115.60558601305	2119.93568101305	2131.15454191305
55.4065788	57.9460456	64.5255825
33.3483075	34.8767706	38.8368844
22.87646	23.9249625	26.6415444
17.5254331	18.3286831	20.4098281
14.2230356	14.874925	16.5639119
12.4364775	13.0064825	14.4833163
11.5817738	12.112605	13.4879412
10.341884	10.815885	12.0439875
9.7760075	10.2240737	11.384975
9.54453619	9.98199362	11.11541
9.60413863	10.0443277	11.18482
9.85010262	10.3015656	11.4712662
10.61804	11.1046981	12.3655938
11.8325437	12.3748675	13.779985
14.929375	15.6136369	17.3865037
19.2343444	20.1159188	22.3999975
29.8019769	31.1678987	34.7068875
45.0776894	47.1437494	52.4967319
2057.32264617094	2061.02186117094	2070.60619307094
80.8457994	84.5512363	94.1516706
40.553875	42.4125937	47.22837
25.1109731	26.2618919	29.2438225
17.1427531	17.9284612	19.964165
13.250535	13.85785	15.4313531
11.3358969	11.8554588	13.2015975
10.60228	11.0882194	12.34724
10.0689918	10.5304869	11.7261806
9.92721581	10.3822132	11.5610719
10.5539321	11.0376544	12.290935
12.3901312	12.9580125	14.4293413
17.12816	17.9132	19.9471712
25.6569037	26.8328431	29.8796013
36.0215775	37.6725631	41.95013
41.249405	43.1400025	48.0383725
26.4968925	27.7113306	30.8578394
16.4341681	17.1873988	19.1389575
12.6341613	13.213225	14.7135325
12.4813206	13.0533806	14.5355381
11.9595419	12.507685	13.9278825
13.8734388	14.5093038	16.1567769
18.9359669	19.803865	22.0525125
20.483915	21.4227625	23.85523
16.5085275	17.2651688	19.2255575
14.9375788	15.622215	17.3960538
