#?RADIANCE
genskyvec -m 1
NROWS=146
NCOLS=1
NCOMP=3
FORMAT=ascii

0.232196494	0.242838812	0.270412181
3.60539975	3.77064725	4.19878875
3.79062544	3.96436238	4.4144995
4.12400656	4.31302331	4.80274963
4.85883669	5.08153312	5.6585205
6.498264	6.79610081	7.56777037
9.04318163	9.45765994	10.5315381
12.6560886	13.2361591	14.7390696
27.9909376846075	28.8933876846075	31.2315551846075
41.8450989320265	42.9744014320265	45.9003164320265
23.9780665241389	24.7717109241389	26.8279678241389
12.4212149	12.9905206	14.4655406
7.94788144	8.31215912	9.25597044
5.8153105	6.08184538	6.77241406
4.75475212	4.97267819	5.53730537
3.96238725	4.14399669	4.61453044
3.75500713	3.92711144	4.37301894
3.31050537	3.46223675	3.85535969
3.47916481	3.63862638	4.05177763
3.513328	3.67435537	4.09156344
3.47379644	3.63301231	4.04552581
3.75597975	3.92812856	4.37415163
3.62149213	3.78747706	4.21752963
3.75639012	3.92855794	4.37462937
3.79401069	3.96790288	4.41844188
3.55586581	3.71884294	4.14110231
3.62363275	3.78971588	4.22002244
3.43769612	3.59525706	4.00348381
3.54948944	3.71217406	4.13367631
3.4007485	3.55661606	3.96045537
3.5045145	3.66513806	4.08129956
3.60553006	3.77078344	4.19894044
3.704703	3.87450187	4.3144355
4.22674831	4.42047419	4.92240075
4.92109569	5.14664569	5.73102625
6.35878937	6.65023356	7.40534037
8.09938512	8.47060681	9.43240975
11.1091337	11.6183014	12.9375125
15.4278544	16.1349631	17.9670237
17.3757031	18.17209	20.2354563
12.6418731	13.2212919	14.7225144
10.0013591	10.4597542	11.6474172
7.45805637	7.79988375	8.68552844
5.95338594	6.2262495	6.93321456
4.73677394	4.953876	5.516368
4.09201213	4.27956263	4.7654895
3.68462631	3.85350488	4.2910545
3.65039775	3.81770744	4.25119256
3.40438363	3.56041775	3.96468869
3.4256145	3.58262156	3.98941369
3.41458919	3.57109125	3.97657406
3.49904644	3.65941919	4.07493131
3.61800544	3.7838305	4.21346913
3.54952625	3.71221269	4.13371925
3.69568625	3.86507175	4.30393469
3.73042194	3.90139956	4.3443875
3.70609463	3.87595719	4.31605637
3.54170038	3.70402825	4.12460544
3.50152025	3.66200644	4.07781225
3.42948237	3.58666688	3.99391825
3.49143006	3.651454	4.06606175
2.78227544	2.90979637	3.24019175
2.83849106	2.96858837	3.30565956
3.22276906	3.37047931	3.75318331
4.25038094	4.44518994	4.94992306
5.53628519	5.79003163	6.447466
7.35639494	7.69356275	8.56713531
8.616208	9.01111681	10.0342929
8.32476556	8.706317	9.69488375
6.2478515	6.53421094	7.27614394
4.89747475	5.12194212	5.70351775
3.90843344	4.08756975	4.55169662
3.25655038	3.40580881	3.79252438
2.88128306	3.01334194	3.35549438
2.66345669	2.78553175	3.10181744
2.6664145	2.78862513	3.10526206
2.7108235	2.83506944	3.15697994
2.68986369	2.81314906	3.13257062
2.87250075	3.00415706	3.34526675
2.805301	2.93387731	3.26700713
2.67785175	2.80058656	3.11858169
2.75540556	2.88169481	3.2088995
2.735107	2.86046588	3.18526019
2.5855155	2.70401812	3.01104844
2.67475262	2.79734556	3.11497269
2.06404019	2.15864181	2.40374675
2.21714469	2.31876381	2.58205006
2.42737225	2.53862675	2.82687744
2.80003031	2.92836494	3.26086894
3.54594962	3.70847206	4.12955413
3.99585569	4.17899881	4.65350706
4.33699575	4.53577481	5.05079356
4.40953037	4.61163381	5.13526594
3.67530019	3.84375138	4.28019344
3.18303612	3.32892525	3.70691112
2.65558125	2.77729531	3.09264581
2.25038313	2.3535255	2.62075862
2.14488019	2.24318725	2.49789194
2.07562913	2.170762	2.41724312
2.04568581	2.13944631	2.38237187
1.9867015	2.07775844	2.3136795
2.00482356	2.09671125	2.33478406
2.04065456	2.1341845	2.37651237
2.10204781	2.19839163	2.44800994
2.08412919	2.17965175	2.42714231
2.08224075	2.17767675	2.424943
2.07474644	2.16983888	2.41621512
2.01774769	2.11022769	2.34983537
2.07885319	2.17413394	2.42099788
1.61655831	1.69065044	1.88261706
1.75295925	1.83330312	2.04146719
1.90510531	1.9924225	2.21865413
2.27768925	2.38208337	2.65255925
2.55765062	2.67487612	2.97859744
2.540948	2.65740806	2.95914581
2.4174205	2.52821869	2.81528781
2.08440981	2.17994519	2.42746894
1.84918825	1.93394263	2.153534
1.69713344	1.77491869	1.97645344
1.55365281	1.62486188	1.80935819
1.581663	1.65415575	1.84197844
1.59572788	1.66886519	1.858358
1.57955806	1.65195431	1.83952706
1.543344	1.61408069	1.79735306
1.54965819	1.62068412	1.80470631
1.57958912	1.65198694	1.83956338
1.58045094	1.65288819	1.84056694
1.36663806	1.42927569	1.591564
1.41452856	1.47936119	1.64733656
1.63615588	1.71114644	1.90544006
1.79519425	1.87747394	2.09065338
1.65347187	1.72925606	1.92560594
1.47204744	1.53951606	1.714322
1.37375162	1.43671538	1.59984869
1.30221081	1.36189544	1.516533
1.29498594	1.35433931	1.50811906
1.27789362	1.33646356	1.48821356
1.31091413	1.37099775	1.52666881
1.28035781	1.33904094	1.49108344
1.18288931	1.237105	1.37757325
1.2364445	1.29311481	1.43994275
1.25037806	1.30768719	1.45616956
1.20763163	1.26298125	1.4063875
1.12974469	1.1815245	1.31568188
1.14169694	1.19402462	1.32960131
1.13714731	1.18926662	1.32430288
