#?RADIANCE
genskyvec -m 1
NROWS=146
NCOLS=1
NCOMP=3
FORMAT=ascii

21.6663363	22.6593762	25.2322538
27.2067719	28.4537475	31.6845556
26.6028231	27.8221188	30.9812062
26.5918125	27.810605	30.968385
26.5082556	27.7232163	30.8710744
25.8758112	27.061785	30.13454
27.4429388	28.7007375	31.9595906
29.5825225	30.9383869	34.4513138
32.8455944	34.3510169	38.2514337
36.9104556	38.6021825	42.985305
44.5766562	46.61975	51.9132325
49.8954544	52.1823275	58.1074169
53.4267563	55.8754794	62.2199131
52.3251831	54.72342	60.9370388
48.1361619	50.3424012	56.0585738
42.6886731	44.6452344	49.7145188
37.0148113	38.7113225	43.1068337
33.8762969	35.4289594	39.4517731
29.4105544	30.7585381	34.2510425
26.5172138	27.7325844	30.8815063
26.9693312	28.205425	31.408035
25.158	26.3110738	29.2985888
26.29513	27.5003231	30.6228719
25.5564163	26.72775	29.7625762
27.6404031	28.9072531	32.189555
29.5217406	30.8748194	34.38053
30.5993031	32.0017719	35.6354406
31.4773744	32.920085	36.6580262
29.5969162	30.9534419	34.4680762
29.2482669	30.5888131	34.0620462
27.737735	29.0090494	32.3029056
16.8467738	17.6189162	19.6194719
15.313465	16.0153306	17.8338056
16.5944387	17.3550169	19.3256081
16.4646925	17.2193231	19.1745075
17.6334063	18.4416038	20.5355719
18.7920731	19.6533775	21.8849363
22.006475	23.015105	25.628375
26.3237987	27.5303056	30.6562581
32.2833881	33.7630431	37.5966981
38.8340987	40.6139938	45.2255456
47.9402837	50.1375456	55.8304575
54.21093	56.6955975	63.1331512
53.0282125	55.4586725	61.7557756
46.8271631	48.9734062	54.5341363
38.6559075	40.4276356	45.0180306
30.2728556	31.66036	35.255265
26.5132769	27.7284675	30.8769225
21.1707231	22.1410475	24.6550713
18.5423162	19.3921719	21.5940725
16.5557488	17.3145537	19.2805475
15.9862894	16.7189956	18.6173669
16.0183131	16.7524863	18.6546631
15.1269275	15.8202444	17.6165675
16.87103	17.644285	19.6477206
17.5657325	18.3708288	20.4567588
18.2232269	19.0584575	21.2224681
17.3715206	18.1677138	20.230585
17.7611769	18.57523	20.6843706
16.9912187	17.7699819	19.78769
16.9907087	17.7694481	19.7870963
11.251315	11.7669981	13.1030937
11.0171813	11.5221344	12.8304269
11.5731812	12.1036169	13.4779331
13.3289406	13.9398494	15.522665
15.5616594	16.2749012	18.1228487
19.617555	20.5166919	22.8462781
26.3497462	27.5574413	30.6864756
38.0701712	39.8150506	44.3358869
53.6636194	56.1232006	62.49576
66.8025519	69.8643344	77.797145
61.0839569	63.883635	71.13736
40.5982619	42.459015	47.2800606
27.8730506	29.1505644	32.4604919
20.5652288	21.5078006	23.9499237
16.0922638	16.8298256	18.7407819
13.7118681	14.3403269	15.9686131
11.9553206	12.5032725	13.9229681
11.8625112	12.4062094	13.8148831
11.3193126	11.8381138	13.1822831
10.9117288	11.4118469	12.7076138
11.4570238	11.9821362	13.3426588
11.5833686	12.1142725	13.4897988
11.0267326	11.532125	12.8415487
11.3732024	11.8944737	13.2450425
9.22740675	9.65032956	10.7460862
9.67999825	10.1236646	11.273165
10.4913101	10.9721619	12.218005
11.7062375	12.2427731	13.6328906
14.7110944	15.3853506	17.1322956
17.8615913	18.6802475	20.8013144
26.6799794	27.9028087	31.0710587
41.9272006	43.84886	48.82772
71.7414756	75.029625	83.5489344
4230.92177765265	4235.62233265265	4247.80110265265
2342.45676314314	2345.98196624314	2355.11546634314
44.4047606	46.4399769	51.7130462
30.3714613	31.7634869	35.3700994
19.8923138	20.8040456	23.1662581
15.0526019	15.7425131	17.53001
12.53432	13.1088112	14.5972625
10.7991656	11.2941288	12.5765294
9.88227531	10.3352116	11.5087331
9.42402956	9.85596463	10.9750688
9.15703431	9.57673106	10.66413
9.1155695	9.53336569	10.615841
9.15306969	9.57258544	10.6595121
9.04227381	9.45671106	10.5304822
9.19602475	9.61750837	10.7095375
8.74197012	9.1426435	10.1807533
9.61020663	10.0506748	11.1918869
11.2252862	11.7397781	13.0727825
14.3836725	15.0429244	16.7509856
19.9018944	20.8140637	23.1774156
35.7409344	37.37906	41.6232975
59.8466488	62.5896194	69.6964113
3177.47035804548	3181.06722734548	3190.38639304548
50.21336	52.5148037	58.4776456
28.1569637	29.4474906	32.7911325
18.7211637	19.5792156	21.8023569
13.5659575	14.1877331	15.79869
10.7900725	11.2846169	12.56594
9.25428431	9.67843781	10.7773856
8.62888812	9.02437881	10.0490597
8.29540312	8.67560869	9.66068863
8.25239481	8.63062912	9.61060175
8.37742844	8.76139363	9.756214
9.3237445	9.751082	10.8582781
11.1776253	11.6899319	13.0172756
15.2544806	15.9536456	17.7651156
24.5250831	25.64915	28.5615044
34.575595	36.1603094	40.2661631
35.0440519	36.6502356	40.8117212
23.750565	24.8391331	27.6595137
15.9505731	16.6816406	18.5757725
11.3366113	11.856205	13.2024281
9.52964081	9.96641575	11.0980619
8.55317525	8.9451955	9.96088587
8.77931481	9.18169981	10.2242446
11.0112381	11.5159194	12.8235044
14.4445906	15.106635	16.8219306
19.5528612	20.4490344	22.7709387
19.1054031	19.9810675	22.2498344
12.4834487	13.0556063	14.5380163
10.4013314	10.8780593	12.1132181
13.7832144	14.4149475	16.0517038
