#?RADIANCE
genskyvec -m 1
NROWS=146
NCOLS=1
NCOMP=3
FORMAT=ascii

9.51741369	9.95362837	11.0838225
27.2524113	28.5014806	31.737705
27.9187856	29.198395	32.5137537
28.8287687	30.1500875	33.5735063
29.9869619	31.3613631	34.9223175
30.6745662	32.0804825	35.72309
30.7093219	32.1168319	35.7635663
30.965485	32.3847356	36.0618894
29.6380344	30.9964431	34.5159619
29.27347	30.61517	34.0913956
29.126755	30.4617306	33.9205356
28.0266669	29.31122	32.6393906
27.4573962	28.7158588	31.9764262
27.0450387	28.2846031	31.4962037
27.25952	28.5089138	31.7459831
29.2799794	30.6219787	34.0989788
33.7863731	35.3349137	39.3470481
38.2354825	39.9879412	44.5284075
49.8195044	52.102895	58.0189669
70.6542888	73.8926094	82.2828106
88.5696825	92.6291156	103.146776
116.397148	121.732031	135.554187
106.491106	111.371939	124.017781
93.5504912	97.8382225	108.947341
70.1028137	73.3158581	81.6405719
49.0411306	51.28885	57.1124888
39.7559112	41.5780569	46.2990744
33.1218975	34.6399831	38.5732106
29.8048175	31.1708712	34.7101956
27.4559438	28.71434	31.9747344
26.8439575	28.0743062	31.2620275
20.6702456	21.6176313	24.0722238
19.5465231	20.4424038	22.7635556
21.4985038	22.48385	25.0367994
21.5927506	22.5824181	25.14656
22.0477375	23.0582594	25.6764294
21.3182319	22.2953187	24.82686
22.7969544	23.841815	26.5489562
23.1473006	24.2082194	26.9569637
22.0727275	23.0843931	25.7055325
19.2487769	20.1310106	22.4168025
19.6096438	20.5084181	22.837065
19.4406631	20.3316919	22.6402725
20.7875512	21.7403125	24.2088375
21.5181675	22.5044169	25.0597019
23.0444075	24.1006081	26.8371331
27.2053475	28.4522562	31.6828931
34.8298619	36.4262306	40.5622794
45.0127556	47.0758387	52.4211075
66.9986881	70.06946	78.02556
97.5727263	102.044801	113.631565
136.0353	142.270238	158.424431
135.892819	142.121237	158.258519
96.3901831	100.808062	112.254411
65.0831525	68.0661288	75.7947587
46.0807144	48.1927469	53.6648344
35.74734	37.3857588	41.6307581
27.3261175	28.5785644	31.8235431
23.7199912	24.8071563	27.6239062
21.2242013	22.1969769	24.7173537
20.6440669	21.5902538	24.0417363
14.22256	14.8744262	16.5633575
13.6097731	14.2335544	15.8497144
13.7493288	14.3795031	16.0122406
14.9469956	15.6320637	17.4070219
15.037345	15.726555	17.5122425
15.0897844	15.7814	17.5733125
14.86715	15.5485606	17.3140362
14.7136463	15.3880225	17.13527
13.8259856	14.4596781	16.1015131
14.4393831	15.1011887	16.815865
15.04704	15.7366944	17.5235319
17.5416506	18.3456425	20.4287144
21.5528737	22.540715	25.1001219
28.8198663	30.140775	33.5631381
46.0167869	48.1258894	53.5903844
79.3302925	82.9662594	92.3867456
2384.63476969498	2391.47479469498	2409.19672569498
1593.34687985592	1599.23006085592	1614.47287385592
64.0774731	67.0143537	74.6235588
38.6092519	40.3788419	44.9636925
26.5676306	27.7853131	30.9402219
20.35125	21.2840131	23.7007256
16.105665	16.84384	18.75639
14.9807681	15.6673887	17.4463544
11.1673219	11.6791581	13.0052794
10.9544412	11.4565175	12.7573594
10.6690657	11.1580656	12.4250194
10.8530819	11.3505144	12.6393181
11.1518281	11.6629538	12.9872319
11.0593704	11.5662581	12.8795587
10.879608	11.378255	12.6702081
11.0437112	11.5498806	12.8613231
10.9910781	11.4948344	12.8000244
11.4577825	11.9829319	13.3435444
12.3450069	12.9108194	14.37679
13.9864269	14.6274731	16.2883606
16.7759581	17.5448562	19.5370012
23.9672137	25.0657119	27.91182
35.7494656	37.3879806	41.6332325
50.4658163	52.7788306	58.7716512
1201.35868847846	1204.76429907846	1213.58794597846
72.1309231	75.4369225	84.0024731
48.7292163	50.9626344	56.7492338
31.3527194	32.7897188	36.5128575
22.023115	23.0325075	25.647755
16.4099519	17.1620725	19.1107569
13.5427344	14.1634412	15.7716438
12.3260669	12.89101	14.3547312
9.89102275	10.3443601	11.5189194
9.34198375	9.7701575	10.8795187
9.0426605	9.45711544	10.5309331
9.14750512	9.5667655	10.6530325
9.1885775	9.60972063	10.7008656
9.2059085	9.62784519	10.7210475
9.53480406	9.97181631	11.1040737
10.4765123	10.956685	12.2007719
11.8009119	12.3417856	13.7431456
15.1005238	15.79263	17.5858194
19.1136063	19.989645	22.2593894
28.9788494	30.307045	33.7482888
38.7561537	40.5324763	45.1347738
34.3910075	35.9672631	40.0511981
24.5970356	25.7244	28.6453
17.2200363	18.0092881	20.05417
13.2473394	13.8545075	15.4276306
10.9990844	11.50321	12.8093525
9.26440787	9.68902681	10.7891756
8.56304675	8.95551937	9.97238231
8.39374788	8.77846112	9.77521931
8.535519	8.92673	9.94032319
8.94492594	9.35490106	10.4171125
10.372898	10.8483226	12.080105
13.0074544	13.60363	15.1482656
16.501185	17.2574875	19.2170037
21.3301394	22.30777	24.840725
18.7608106	19.62068	21.8485294
14.0857706	14.7313694	16.4040544
10.7464225	11.2389675	12.5151056
9.4672565	9.90117231	11.0254106
8.77895844	9.181327	10.223829
9.24147444	9.66504156	10.7624675
10.9698931	11.4726806	12.7753562
12.5043106	13.0774256	14.5623137
11.7008456	12.2371338	13.6266094
9.95430569	10.4105434	11.5926181
