#?RADIANCE
genskyvec -m 1
NROWS=146
NCOLS=1
NCOMP=3
FORMAT=ascii

0.718978675	0.751931894	0.83731065
2.86857669	3.00005312	3.34069669
2.63561675	2.75641581	3.06939544
2.54968769	2.66654819	2.96932381
2.52850475	2.64439456	2.94465456
2.63693969	2.75779944	3.07093613
2.62238144	2.74257406	3.05398206
2.61985631	2.73993288	3.05104094
2.64647087	2.76776756	3.08203619
2.77923981	2.90662175	3.23665656
2.53214006	2.64819619	2.94888819
2.69333937	2.81678419	3.13661831
2.5663395	2.68396337	2.98871662
2.57529731	2.6933315	2.99914825
2.65251181	2.77408525	3.08907131
2.680423	2.80327575	3.12157619
2.96571937	3.10164813	3.45382763
2.94442638	3.07937919	3.42903
3.46932319	3.62833363	4.04031612
4.01742531	4.20155712	4.67862669
4.38029881	4.58106238	5.10122306
5.39009737	5.63714356	6.27721806
5.87870938	6.14815	6.84624744
6.72369769	7.03186675	7.8303065
6.39049012	6.68338731	7.4422585
5.12712275	5.36211562	5.97096181
4.51003994	4.71674994	5.25231744
3.85627894	4.03302506	4.49095856
3.58943369	3.75394919	4.18019463
3.1930285	3.33937544	3.71854788
3.00605525	3.14383262	3.50080206
3.22310769	3.37083356	3.75357769
3.12445906	3.26766319	3.63869306
3.01925331	3.1576355	3.51617206
3.00008856	3.13759256	3.49385338
2.99807669	3.13548856	3.49151037
3.02215037	3.1606655	3.51954606
3.00586506	3.14363394	3.50058056
2.999645	3.13712875	3.4933365
3.00680944	3.14462125	3.50168037
3.03836175	3.17762006	3.53842569
3.01584887	3.15407531	3.51220762
3.01435681	3.15251475	3.51046988
3.01184169	3.14988437	3.50754087
3.07763806	3.21869638	3.58416625
3.18812838	3.33425088	3.71284156
3.38957663	3.54493181	3.94744444
3.58177	3.74593438	4.17126987
3.99075306	4.17366225	4.6475645
4.48238119	4.68782356	5.22010681
5.01954625	5.24960856	5.84568025
5.63971812	5.89820494	6.56792187
6.36304394	6.65468319	7.41029544
6.7053175	7.01264419	7.80890131
6.52766119	6.82684544	7.60200581
5.86541063	6.13424187	6.83075981
5.22961981	5.46931044	6.09032825
4.58945837	4.79980831	5.34480688
4.07740569	4.2642865	4.74847894
3.70679056	3.87668506	4.31686681
3.430437	3.587665	3.99502981
3.33919381	3.49224025	3.88876981
3.23950519	3.38798231	3.772674
3.15439975	3.29897619	3.67356137
3.10768787	3.25012356	3.61916175
3.110259	3.25281237	3.622156
3.115586	3.25838356	3.62835975
3.11706444	3.25992981	3.63008163
3.10983119	3.25236513	3.62165775
3.11735388	3.26023231	3.63041844
3.12097238	3.26401681	3.63463256
3.16797444	3.31317306	3.6893705
3.29734706	3.44847544	3.84003581
3.51967656	3.68099506	4.098957
3.83596456	4.01177944	4.46730069
4.28900606	4.48558531	4.99490506
4.83286869	5.05437512	5.62827881
5.48036962	5.73155306	6.38234725
6.00391631	6.27909556	6.99206106
6.02123619	6.29720944	7.01223169
5.56693437	5.82208531	6.48315906
5.03291306	5.263588	5.86124675
4.49646206	4.70254969	5.23650519
3.97392175	4.15605975	4.62796337
3.619751	3.78565587	4.21550181
3.444501	3.60237406	4.01140887
3.30717094	3.45874969	3.8514765
3.22624031	3.37410975	3.75722588
3.19016669	3.33638269	3.71521512
3.17008775	3.31538338	3.6918315
3.17138969	3.31674494	3.69334781
3.17343675	3.31888594	3.69573181
3.17131919	3.31667131	3.69326575
3.18173562	3.32756513	3.70539644
3.20219681	3.34896406	3.72922525
3.27108531	3.42100987	3.80945163
3.40515206	3.5612215	3.9655835
3.54990306	3.71260675	4.13415819
3.85435556	4.03101344	4.48871862
4.21262394	4.40570231	4.90595188
4.54710625	4.75551512	5.29548438
4.95445519	5.18153431	5.76987644
5.24167687	5.48192031	6.10437
5.35170531	5.59699181	6.23250719
5.12591244	5.36084987	5.96955256
4.77067606	4.98933206	5.55585019
4.31952937	4.51750781	5.03045225
3.9503265	4.13138331	4.60048481
3.67908175	3.84770612	4.28459738
3.52017425	3.6815155	4.0995365
3.35098487	3.50457138	3.90250131
3.27241625	3.42240188	3.81100169
3.22627231	3.374143	3.75726319
3.21670287	3.36413506	3.74611869
3.22301138	3.37073269	3.75346563
3.2389095	3.3873595	3.77198038
3.30362938	3.45504556	3.84735181
3.40747338	3.56364919	3.96828694
3.61072475	3.77621612	4.20499006
3.84727931	4.02361294	4.48047788
4.19746412	4.38984781	4.88829713
4.54192956	4.75010125	5.28945587
4.72539612	4.9419765	5.50311787
4.61916269	4.83087419	5.37940025
4.37098319	4.57131969	5.09037438
4.05544462	4.24131925	4.72290369
3.74352838	3.91510656	4.35965087
3.52837569	3.69009281	4.10908762
3.38891563	3.54424081	3.94667475
3.29934837	3.45056844	3.84236638
3.27839012	3.42864938	3.81795837
3.32068356	3.47288144	3.867213
3.43797512	3.59554887	4.00380862
3.62100119	3.78696369	4.21695787
3.85919937	4.03607931	4.4943595
4.1656905	4.35661788	4.85129406
4.22396387	4.41756212	4.91915819
4.08537294	4.27261894	4.75775737
3.76999887	3.94279031	4.39047775
3.57623981	3.74015063	4.16482944
3.4478315	3.60585706	4.01528737
3.45606875	3.61447169	4.02488019
3.58792319	3.75236956	4.17843594
3.79140487	3.96517756	4.41540706
3.80557069	3.9799925	4.4319045
3.58693044	3.75133125	4.17727969
