#?RADIANCE
genskyvec -m 1
NROWS=146
NCOLS=1
NCOMP=3
FORMAT=ascii

13.9874844	14.6285781	16.2895919
30.8727056	32.2877019	35.95384
31.6814506	33.1335181	36.8956938
32.5764769	34.0695663	37.9380269
33.4868706	35.021685	38.9982538
33.436135	34.9686237	38.9391688
33.1638744	34.6838837	38.6220969
33.22902	34.7520156	38.697965
31.6244588	33.0739106	36.82932
30.9544562	32.3732025	36.0490456
31.9646281	33.429675	37.2254775
30.6918375	32.0985475	35.743205
31.1318437	32.55872	36.2556287
31.3651731	32.8027431	36.5273606
32.1170238	33.5890569	37.4029531
35.2358713	36.85085	41.03511
40.8333462	42.7048744	47.5538369
46.2690925	48.3897581	53.8842181
58.4358419	61.1141481	68.0534094
76.2016594	79.6942325	88.7431906
85.3662731	89.2788969	99.4161488
95.2710669	99.6376562	110.951117
81.9191056	85.6737275	95.4016206
70.99684	74.2508594	82.6817406
57.4964881	60.1317431	66.9594537
44.5668612	46.6095081	51.9018269
38.9712525	40.7574344	45.385275
34.64797	36.2360019	40.35045
32.1685606	33.6429531	37.4629725
30.6030237	32.0056625	35.6397725
30.2674944	31.6547538	35.2490206
22.1113369	23.1247731	25.7504975
20.7174363	21.6669856	24.1271844
22.7936175	23.8383238	26.5450675
22.5650456	23.5992769	26.2788787
22.7416725	23.7839981	26.484575
21.7201487	22.7156563	25.2949256
23.2310462	24.2958006	27.0544888
23.6021038	24.6838675	27.4866181
22.6116969	23.6480644	26.3332062
19.8417737	20.7511875	23.1073994
20.6499112	21.5963644	24.0485431
20.9579231	21.918495	24.4072487
23.0724194	24.129905	26.8697562
24.5659106	25.6918469	28.6090506
26.94524	28.1802281	31.3799775
32.6577613	34.1545744	38.0326844
42.14621	44.0779125	49.0827781
54.5818056	57.0834706	63.5650656
76.69471	80.2098794	89.3173837
98.1098956	102.606584	114.25715
107.481013	112.407212	125.170606
91.4795219	95.67233	106.535522
67.1830569	70.2622787	78.2402719
50.21421	52.5156925	58.4786338
38.8581206	40.6391156	45.25352
32.3855031	33.8698381	37.7156194
26.3496756	27.5573681	30.686395
24.0293669	25.130715	27.9842031
22.1069337	23.1201681	25.7453681
21.8999931	22.9037419	25.5043662
14.677825	15.3505594	17.0935525
13.9857675	14.6267819	16.2875937
14.0217169	14.66438	16.3294594
15.1229444	15.8160781	17.61193
15.0742281	15.7651287	17.5551969
15.0838262	15.7751675	17.5663738
14.94539	15.6303875	17.405155
15.027365	15.7161206	17.5006212
14.4191612	15.0800394	16.7923169
15.5986794	16.3136169	18.1659625
16.8257313	17.59691	19.5949669
20.608015	21.5525487	23.9997531
26.6302019	27.8507519	31.0130894
37.4267594	39.1421512	43.5865819
61.0074012	63.80357	71.0482044
99.7352469	104.306444	116.150024
2024.98317661434	2030.72665161434	2045.60750061434
86.6957656	90.6693138	100.964445
49.2347869	51.4913825	57.3380156
32.49816	33.9876563	37.846815
23.9315394	25.0284	27.8702725
19.3960663	20.2850506	22.5883363
16.027345	16.7619287	18.6651788
15.3055037	16.0070056	17.8245356
11.30094	11.8188988	13.1608869
11.0947869	11.6032975	12.9208037
10.7385878	11.2307725	12.50598
10.8735061	11.3718756	12.663105
11.1238324	11.6336769	12.9546319
11.0349307	11.5406969	12.8510944
10.961965	11.4643887	12.7661225
11.3156156	11.8342462	13.177975
11.5819044	12.1127425	13.4880937
12.4521556	13.0228812	14.5015738
14.0074844	14.6494931	16.3128838
16.7603881	17.5285731	19.5188706
21.0992312	22.0662788	24.5718144
32.6322112	34.127855	38.0029312
52.3171662	54.7150344	60.9277019
1752.62211177243	1756.24509057243	1765.63190307243
3512.96565534057	3517.90717134057	3530.71019534057
73.8921975	77.278915	86.0536213
43.8863656	45.8978219	51.1093325
28.2621962	29.557545	32.913685
20.4355044	21.3721312	23.7988481
15.8113631	16.5360494	18.41365
13.3841319	13.9975687	15.5869363
12.3801681	12.9475931	14.4177381
9.96642031	10.4232136	11.6067269
9.41310025	9.84453319	10.96234
9.0928225	9.50957631	10.5893488
9.1846735	9.60563713	10.6963181
9.27991744	9.70524706	10.8072363
9.51470269	9.95079313	11.0806631
10.1286	10.5928285	11.7956
11.7326994	12.2704487	13.6637063
13.91159	14.5492056	16.2012063
19.2861162	20.1700631	22.4602913
26.1297725	27.3273863	30.4303
42.9182119	44.8852975	49.9818375
55.8363881	58.3955525	65.02613
39.1921344	40.9884381	45.6425094
25.3384363	26.4997812	29.5087231
17.1571212	17.9434862	19.9808981
13.1423338	13.7446919	15.3053463
11.0302919	11.5358481	12.8456956
9.43033344	9.86255644	10.98241
8.74237481	9.14306675	10.1812256
8.5859435	8.97946581	9.99904731
8.86993812	9.27647688	10.3297831
9.64950994	10.0917786	11.2376612
11.9671519	12.5156469	13.9367469
16.1784063	16.9199169	18.8411037
21.5739619	22.5627687	25.1246775
27.5923075	28.8569569	32.133545
21.4637319	22.447485	24.9963062
14.6673581	15.3396119	17.08136
11.0551581	11.5618525	12.8746531
9.98718744	10.4449324	11.6309119
9.31194075	9.73873825	10.8445319
10.1526602	10.6179891	11.8236175
12.7916831	13.3779669	14.8969819
14.47108	15.1343369	16.8527806
12.8025762	13.3893613	14.9096681
10.9690231	11.47177	12.7743431
