#?RADIANCE
genskyvec -m 1
NROWS=146
NCOLS=1
NCOMP=3
FORMAT=ascii

24.3646762	25.4813906	28.3746969
34.5823181	36.16734	40.2739931
33.13424	34.6528919	38.5875856
32.3531719	33.8360263	37.6779656
31.033635	32.4560081	36.1412575
28.5203338	29.8275138	33.214305
29.1471781	30.4830888	33.9443175
30.4013788	31.7947725	35.4049381
32.3184313	33.7996906	37.6375069
34.307035	35.87944	39.953405
42.1805931	44.1138688	49.1228194
44.2044731	46.23051	51.479795
49.6598619	51.9359369	57.83305
50.9583937	53.2939844	59.3452963
49.5916931	51.8646431	57.7536613
47.82236	50.0142156	55.693125
43.4150375	45.4048912	50.5604325
41.1869412	43.0746763	47.9656294
35.6845562	37.3200975	41.5576412
31.6386431	33.0887469	36.8458381
31.471035	32.9134556	36.6506456
28.3022938	29.5994813	32.9603819
29.4385825	30.7878494	34.2836831
28.39784	29.6994062	33.0716525
31.3234569	32.7591137	36.4787775
34.9622431	36.5646788	40.7164462
37.1937294	38.89844	43.3152013
39.6591088	41.4768163	46.18634
37.3644475	39.0769831	43.5140125
37.5549569	39.2762256	43.7358794
35.524595	37.1528044	41.3713537
19.2200025	20.1009187	22.3832944
16.8691813	17.6423513	19.6455694
18.0802406	18.9089175	21.0559481
17.2309613	18.0207125	20.0668894
17.7729106	18.5875031	20.6980375
18.2731837	19.110705	21.2806488
20.858185	21.8141831	24.2910944
23.8665356	24.9604194	27.7945737
27.3058094	28.557325	31.7998925
29.7421663	31.1053469	34.6372313
35.4508062	37.0756331	41.28542
40.6671831	42.5310925	47.3603256
43.9691763	45.9844294	51.2057738
43.982535	45.9984019	51.22133
40.07719	41.9140588	46.6732306
34.2094606	35.7773925	39.8397687
31.2284088	32.6597094	36.3680862
25.5697462	26.7416912	29.7781006
22.2104437	23.2284219	25.8659169
19.3804287	20.2686969	22.570125
18.0335737	18.8601125	21.0016019
17.392195	18.1893375	20.2546619
16.0735569	16.8102619	18.7189987
17.90845	18.7292525	20.8558831
18.87652	19.7416944	21.9832844
19.9868837	20.9029481	23.276395
19.3541694	20.2412344	22.5395437
20.2397513	21.1674063	23.5708794
19.4511669	20.3426794	22.6525063
19.5162675	20.4107631	22.7283219
11.9716544	12.5203537	13.9419912
11.5394888	12.0683819	13.4386962
11.8764869	12.420825	13.83116
13.3065838	13.9164675	15.4966275
14.9214794	15.60538	17.3773075
17.5775212	18.3831569	20.4704894
21.3224862	22.2997662	24.8318138
27.2500694	28.4990294	31.7349775
35.2059887	36.8195963	41.00031
47.1635294	49.3251913	54.9258644
53.9893413	56.4638519	62.8750931
44.0433237	46.0619756	51.2921238
32.8440219	34.3493719	38.2496037
25.2451194	26.4021869	29.4000469
19.9547619	20.8693556	23.2389863
16.7236375	17.4901375	19.4760713
13.9917763	14.6330656	16.29459
13.2096506	13.8150912	15.3837381
12.1591825	12.7164769	14.1603813
11.58515	12.116135	13.4918731
12.1223356	12.6779419	14.1174694
12.3431063	12.9088306	14.3745744
11.8022431	12.3431794	13.7446963
12.2479875	12.8093544	14.2638044
9.7548975	10.2019971	11.3603919
10.1378264	10.6024775	11.806345
10.8191937	11.3150731	12.5998544
11.7977075	12.3384356	13.7394138
13.9788175	14.6195137	16.2794994
15.9695731	16.7015112	18.5979006
20.8372112	21.7922487	24.26667
29.1498281	30.4858594	33.9474044
47.0086581	49.1632206	54.7455019
73.9513844	77.3408194	86.12255
2707.99102329116	2712.36265269116	2723.68913359116
66.7847019	69.8456669	77.7763506
41.9582831	43.8813713	48.8639188
25.6817913	26.8588712	29.9085862
19.1956994	20.0755006	22.3549938
15.8582081	16.5850431	18.468205
13.3118525	13.9219794	15.5027638
11.7305675	12.2682169	13.6612238
10.6699906	11.1590306	12.4260944
10.0540794	10.51489	11.7088131
9.81938669	10.2694413	11.4354944
9.77678887	10.2248912	11.3858869
9.642389	10.0843317	11.2293669
9.75785331	10.2050883	11.3638325
9.49879056	9.93415106	11.0621344
10.2538758	10.7238437	11.9414937
11.6118838	12.144095	13.5230075
13.8676625	14.5032619	16.1500475
17.4467931	18.2464375	20.3182456
28.3176712	29.615565	32.97829
49.9335531	52.2221719	58.1517844
4276.57393901119	4282.34156501119	4297.28499701119
3271.64658246729	3276.12301156729	3287.72105456729
42.9690762	44.9384925	50.0410725
25.4495787	26.6160163	29.6381575
17.5468162	18.3510444	20.4347306
13.6315388	14.2563175	15.8750637
11.2598287	11.775905	13.11301
10.167318	10.6333206	11.8406913
9.43889069	9.87150612	10.992375
9.14747025	9.56672888	10.6529925
9.18748675	9.60857988	10.699595
10.3667723	10.841915	12.0729706
12.0089987	12.5594119	13.9854812
15.1233019	15.8164531	17.6123469
22.5166819	23.5486944	26.2225525
36.30294	37.9668237	42.2778031
50.7909544	53.1188688	59.1503012
34.0936387	35.6562606	39.704885
20.9775488	21.93902	24.4301044
14.3323012	14.9891981	16.6911619
11.6712137	12.206145	13.5921037
10.0318837	10.4916766	11.682965
10.0793864	10.541358	11.7382856
12.5003638	13.0732969	14.5577144
15.6963287	16.4157419	18.2796844
22.0678413	23.0792825	25.6998425
23.9535712	25.0514419	27.8959306
15.184025	15.8799581	17.6830613
12.3703713	12.937345	14.4063281
15.9305019	16.6606513	18.5523994
