#?RADIANCE
genskyvec -m 1
NROWS=146
NCOLS=1
NCOMP=3
FORMAT=ascii

8.17148106	8.54600675	9.51637125
25.579135	26.7515113	29.7890362
25.2290125	26.3853394	29.3812875
25.921925	27.1100131	30.1882431
27.7922612	29.0660719	32.3664056
31.7148356	33.1684313	36.9345719
38.3302369	40.0870381	44.6387563
47.8913306	50.0863494	55.7734481
66.8307594	69.8938344	77.8299919
92.9633775	97.2241862	108.263597
102.45238	107.148116	119.314345
112.859654	118.032363	131.434457
83.2559531	87.0718481	96.9584987
60.8036656	63.5905006	70.81094
46.1811988	48.2978331	53.7818563
36.1536362	37.8106769	42.103925
30.8542275	32.2683788	35.93232
27.4471525	28.7051444	31.9644969
25.8590094	27.0442138	30.1149738
25.0469831	26.19497	29.1693012
26.0697856	27.2646506	30.3604406
26.8705844	28.10215	31.2930344
27.4696319	28.728655	31.9906762
27.7565231	29.0286956	32.3247831
29.5272844	30.8806169	34.3869856
29.2897594	30.632205	34.1103669
30.1341356	31.5152831	35.0937144
29.20871	30.5474406	34.0159788
28.2390519	29.5333406	32.8867312
26.7681875	27.99506	31.173785
25.7824169	26.96411	30.0257731
18.8826694	19.7481244	21.9904419
17.8284181	18.6455531	20.7626794
20.049985	20.9689425	23.3498812
21.5442469	22.5316906	25.0900712
25.937605	27.1264112	30.2065031
31.5880637	33.0358494	36.786935
42.6776569	44.6337144	49.70169
62.6461025	65.5173806	72.9566119
97.1858544	101.640206	113.181025
1314.97725097869	1321.27781997869	1337.60208197869
131.283844	137.301037	152.890975
89.7310188	93.8436863	104.499258
61.0020875	63.7980163	71.04202
41.3573944	43.25294	48.1641338
30.9276731	32.34519	36.0178544
24.2182431	25.328245	28.2041631
22.77471	23.8185494	26.5230475
19.0963025	19.9715494	22.2392381
18.3489775	19.1899719	21.368915
17.5692956	18.3745563	20.4609106
18.1643225	18.9968556	21.1538706
19.2155125	20.0962231	22.3780675
18.5558994	19.4063775	21.6098913
20.7597606	21.7112488	24.1764719
21.3957781	22.3764156	24.9171669
21.7017012	22.6963613	25.2734388
20.1853669	21.1105313	23.507545
20.0654681	20.985135	23.36791
18.9574956	19.8263806	22.0775856
18.8854656	19.75105	21.9937
12.601195	13.17875	14.6751444
12.5323744	13.106775	14.594995
13.8920088	14.528725	16.1784025
17.93177	18.7536431	20.8830419
24.2147738	25.3246169	28.200125
37.5860681	39.30876	43.7721106
64.0901156	67.0275781	74.6382888
1697.9677312704	1703.4416452704	1717.6240782704
1907.48173370444	1912.96859870444	1927.18452270444
66.0011862	69.0262375	76.8638869
39.6451781	41.4622481	46.1701162
24.7723469	25.9077438	28.8494625
18.0469631	18.874115	21.0171919
14.57003	15.2378238	16.968015
13.2226713	13.8287087	15.3989025
12.7665613	13.351695	14.8677237
12.3265638	12.89153	14.3553125
13.3209256	13.9314663	15.5133281
13.1079862	13.7087675	15.2653431
12.570155	13.1462862	14.6389925
13.2489275	13.8561681	15.4294781
13.1982262	13.8031438	15.3704338
12.2244894	12.7847769	14.2364363
12.5732587	13.1495319	14.6426075
9.47961962	9.91410144	11.0398075
10.1679403	10.6339713	11.8414156
11.3888294	11.9108175	13.2632431
13.5248144	14.1447025	15.750775
19.1148719	19.99097	22.2608631
25.2234238	26.3794956	29.3747775
40.9375681	42.8138719	47.6752131
59.9294781	62.6762444	69.7928775
57.1275056	59.7458481	66.5297425
41.4008481	43.2983863	48.2147419
26.6319119	27.8525388	31.0150813
17.8012081	18.6170969	20.7309919
14.4076281	15.0679787	16.7788844
11.7055444	12.2420488	13.6320819
10.3743314	10.8498214	12.0817744
9.54605975	9.98358625	11.1171812
9.24835744	9.67223931	10.7704834
9.26097338	9.68543437	10.7851765
9.52648181	9.963112	11.0943822
9.51385675	9.94990875	11.0796794
9.58233469	10.0215252	11.1594289
9.59959606	10.0395759	11.1795296
9.33203306	9.75975225	10.8679314
9.54247494	9.97983838	11.1130081
7.98056338	8.34633913	9.29403175
8.93798213	9.34764031	10.4090254
10.5513244	11.0349269	12.2878969
14.3547994	15.0127256	16.7173612
20.0873494	21.0080181	23.3933931
27.7006456	28.9702575	32.2597106
29.4568919	30.8069981	34.3050081
21.8733075	22.8758331	25.4732912
16.0058731	16.7394744	18.6401713
11.726175	12.2636256	13.6561094
9.38603463	9.81622788	10.9308206
8.394609	8.77936194	9.77622244
7.85420431	8.21418825	9.14687569
7.55171581	7.89783613	8.79460269
7.38642012	7.72496413	8.60210206
7.41685475	7.75679375	8.637546
7.57202981	7.919081	8.81826
7.65900437	8.01004169	8.91954925
7.47348713	7.81602163	8.703499
8.58087213	8.97416181	9.99314063
11.5594731	12.0892825	13.4619694
15.8810594	16.6089412	18.4948194
15.8105575	16.5352075	18.4127125
12.6134975	13.1916162	14.68947
9.81514794	10.2650086	11.4305581
8.05979612	8.42920312	9.38630488
7.09168994	7.41672544	8.25886419
6.73587106	7.04459813	7.84448344
6.73117919	7.03969131	7.8390195
6.83215694	7.14529719	7.95661637
7.32702819	7.66285031	8.53293537
8.70829625	9.10742625	10.141538
9.68791888	10.1319479	11.2823888
8.77835338	9.180694	10.2231236
7.06974819	7.39377812	8.23331138
6.72788938	7.03625094	7.83518831
7.71645769	8.0701285	8.98645831
