#?RADIANCE
genskyvec -m 1
NROWS=146
NCOLS=1
NCOMP=3
FORMAT=ascii

19.7046637	20.6077937	22.9477244
27.069855	28.3105569	31.5251056
26.3546988	27.5626213	30.6922431
26.3779881	27.5869788	30.7193688
26.468655	27.6818019	30.8249563
26.2590644	27.462605	30.5808706
28.270435	29.5661625	32.9232788
30.9250262	32.3424225	36.0147719
35.1189606	36.7285781	40.8989575
40.4290206	42.2820175	47.0829681
48.7312294	50.9647425	56.7515806
55.2003994	57.7304156	64.2854681
57.5265306	60.1631612	66.9944425
54.491155	56.9886637	63.4594925
48.5609275	50.7866363	56.5532487
42.0149513	43.9406338	48.9299125
35.9534694	37.6013344	41.870815
32.800035	34.3033688	38.1983763
28.5426938	29.8509	33.2403469
25.9862437	27.1772781	30.2631475
26.7022231	27.9260756	31.0969662
25.27657	26.4350787	29.4366738
26.5866694	27.8052256	30.9623956
26.0536525	27.2477775	30.3416506
28.3390119	29.6378819	33.0031444
30.1492581	31.5310994	35.1113262
31.2424975	32.6744456	36.3844938
31.9089981	33.3714912	37.1606869
29.9145438	31.2856244	34.8379806
29.3232613	30.6672406	34.1493812
27.6813044	28.95003	32.2371863
16.9464975	17.7232106	19.7356069
15.4247712	16.13174	17.96343
16.7605169	17.5287075	19.5190194
16.7824675	17.5516613	19.5445806
18.2442756	19.0804712	21.2469806
19.7707794	20.6769381	23.0247206
23.5055863	24.5829262	27.3742169
28.7396894	30.0569256	33.4697656
36.2190662	37.8791056	42.1801231
44.794065	46.8471256	52.1664244
55.3113525	57.8464531	64.4146825
60.69042	63.4720631	70.6790544
56.0783787	58.6486369	65.3079494
46.6977344	48.838045	54.3834063
37.277125	38.9856594	43.4123206
28.744745	30.0622113	33.4756525
25.298385	26.4578919	29.4620787
20.2351969	21.1626431	23.5655756
17.9484562	18.7710937	20.9024744
16.2083531	16.9512356	18.8759787
15.8861481	16.6142631	18.5007438
16.1602238	16.9009025	18.8199281
15.40274	16.1086987	17.9377775
17.32995	18.1242394	20.1821706
18.0920875	18.9213088	21.0697475
18.7524506	19.6119375	21.8387944
17.7988706	18.6146512	20.7282688
18.1005006	18.9301075	21.0795425
17.2221944	18.0115437	20.0566813
17.1452544	17.9310794	19.9670787
11.3487381	11.8688887	13.2165525
11.1358831	11.6462775	12.9686662
11.7840994	12.3242044	13.7235675
13.7635912	14.3944219	16.0288488
16.3922213	17.1435325	19.0901094
21.2544475	22.2286087	24.7525769
29.5914881	30.9477625	34.461755
44.5336406	46.5747669	51.86314
64.3317206	67.2802556	74.9196531
75.4111194	78.8674606	87.8225425
60.9036462	63.6950619	70.9273756
37.7606956	39.4913931	43.9754788
25.5804763	26.7529138	29.7905988
18.9828813	19.8529294	22.1071488
15.1488669	15.84319	17.6421194
13.1569094	13.7599337	15.3223188
11.7010881	12.2373888	13.6268919
11.8220931	12.3639388	13.7678125
11.4260464	11.94974	13.3065844
11.0657919	11.5729731	12.8870381
11.6735725	12.2086106	13.5948475
11.7905919	12.3309944	13.7311269
11.1679106	11.6797719	13.0059631
11.4873461	12.0138512	13.3779737
9.27454919	9.69963219	10.8009862
9.76490681	10.2124639	11.3720475
10.6636575	11.1524075	12.4187181
12.0184062	12.5692513	13.9964369
15.4163262	16.1229075	17.9535975
19.0583137	19.9318181	22.1949944
29.5248431	30.8780631	34.3841425
48.2007425	50.4099413	56.133785
2309.08851179835	2313.01281239835	2323.18034739835
5317.3681864944	5322.4377254944	5335.5724184944
67.2041713	70.28436	78.2648562
38.09443	39.8404219	44.3641388
26.4985831	27.7131012	30.85981
17.8788994	18.6983488	20.8214694
13.8613494	14.4966613	16.1426963
11.74203	12.2802063	13.6745725
10.3244571	10.79766	12.0236919
9.61394906	10.0545874	11.1962462
9.323393	9.75071531	10.8578681
9.14499431	9.56413994	10.6501084
9.15496344	9.57456581	10.6617191
9.21139494	9.63358356	10.7274384
9.08765275	9.50416975	10.5833296
9.24492288	9.66864825	10.7664838
8.70764294	9.10674294	10.1407769
9.63110931	10.0725348	11.2162306
11.3350237	11.8545469	13.2005825
14.7677913	15.44465	17.1983256
20.8116825	21.7655494	24.23694
37.7071056	39.4353475	43.9130706
60.9280069	63.7205375	70.9557462
2037.34348989392	2040.33276989392	2048.07773609392
41.3692188	43.2653087	48.177905
24.0662219	25.1692556	28.0271225
16.5222444	17.2795119	19.2415306
12.39132	12.959255	14.4307256
10.1351549	10.5996824	11.8032331
8.89194431	9.29949137	10.3554106
8.39673488	8.78158494	9.77869769
8.16363544	8.53780194	9.50723437
8.17996144	8.55487613	9.52624731
8.32238544	8.70382781	9.69211219
9.17755681	9.5981945	10.6880309
11.0183959	11.5234056	12.8318412
15.1773656	15.8729944	17.6753094
24.3654275	25.4821762	28.3755731
32.380275	33.8643694	37.70953
30.1868594	31.5704237	35.1551175
20.5407525	21.4822044	23.9214212
14.25094	14.9041062	16.5964069
10.5076359	10.9892369	12.2370175
9.05236169	9.46726188	10.5422297
8.30278606	8.68333012	9.66928669
8.56286119	8.95532512	9.97216619
10.5816769	11.0666699	12.3232463
13.7787538	14.4102781	16.0465088
18.0491144	18.8763656	21.0196994
17.12748	17.9124888	19.9463788
11.5596602	12.0894769	13.4621869
9.86699475	10.3192321	11.4909375
12.8768894	13.46708	14.9962106
