#?RADIANCE
genskyvec -m 1
NROWS=146
NCOLS=1
NCOMP=3
FORMAT=ascii

11.0830912	11.5910663	12.9071838
28.6522594	29.9654875	33.367945
28.2325663	29.5265588	32.8791775
28.7738581	30.0926575	33.5095563
30.2781444	31.6658912	35.2614225
33.3269963	34.8544825	38.8120675
38.6235125	40.393755	44.9803013
46.2285181	48.3473256	53.836965
60.5325181	63.3069237	70.4951669
80.2816706	83.961245	93.4947031
90.3833375	94.5259056	105.258928
104.820616	109.624892	122.072351
86.4997875	90.4643569	100.736222
67.9247019	71.0379163	79.1039806
53.4150206	55.863205	62.206245
42.2463987	44.1826894	49.1994531
35.9703031	37.6189406	41.8904169
31.8898013	33.3514156	37.1383325
29.5879112	30.9440213	34.4575906
28.15769	29.4482513	32.7919794
29.00273	30.3320212	33.7760987
29.3221669	30.6660988	34.14811
29.8553844	31.223755	34.7690863
29.896765	31.2670313	34.8172756
31.7460388	33.2010631	36.9709081
31.73116	33.1855031	36.95358
32.7413625	34.2420088	38.1300481
32.0739525	33.5440081	37.3527919
31.1076119	32.5333762	36.2274087
29.7942769	31.1598494	34.6979206
28.8224169	30.1434444	33.5661087
20.7951594	21.74827	24.2176975
19.5429975	20.4387181	22.7594519
21.7713369	22.7691894	25.3545381
22.9344331	23.9855944	26.7090594
26.7131687	27.9375231	31.1097131
31.3726506	32.8105638	36.5360688
40.6784987	42.5429263	47.3735025
56.4255675	59.0117363	65.7122769
82.0929288	85.8555181	95.6040531
112.082702	117.219825	130.529656
123.458431	129.11695	143.77765
99.832955	104.408623	116.263794
71.7305731	75.0182238	83.536235
49.7401456	52.0199	57.9265469
37.172045	38.87576	43.2899437
28.6639437	29.9777063	33.3815506
26.4453062	27.65738	30.7977625
21.84425	22.8454437	25.4394525
20.5840156	21.5274481	23.9718019
19.4115394	20.301235	22.6063556
19.7706819	20.6768381	23.0246081
20.6470613	21.5933844	24.045225
19.8032525	20.7109013	23.0625387
22.0685381	23.0800094	25.7006512
22.758865	23.8019775	26.5045962
23.1769119	24.2391875	26.9914481
21.7201381	22.7156444	25.2949125
21.7750213	22.7730425	25.3588294
20.7278081	21.6778325	24.1392619
20.7552963	21.7065794	24.1712731
13.907315	14.5447331	16.1962275
13.7891856	14.4211894	16.058655
15.0853025	15.7767106	17.5680931
18.9283125	19.7958588	22.0435988
24.6780719	25.8091481	28.7396719
36.6319556	38.31092	42.6609675
59.7164075	62.4534081	69.5447375
1260.513564953	1265.390188953	1278.025101953
2937.5502022036	2944.1318022036	2961.1842452036
87.6316487	91.6480894	102.05436
51.8288688	54.20436	60.3590406
31.2044275	32.63463	36.3401594
22.0166444	23.02574	25.6402181
17.3108994	18.1043156	20.1599856
15.2447444	15.94346	17.7537763
14.3686975	15.0272631	16.7335475
13.59383	14.21688	15.8311488
14.4584794	15.1211587	16.8381044
14.1266538	14.774125	16.4516669
13.5595769	14.1810575	15.79126
14.3016225	14.9571138	16.6554312
14.3274919	14.9841681	16.6855606
13.4072969	14.0217975	15.6139162
13.8563106	14.4913925	16.1368306
10.5940469	11.0796062	12.3376519
11.3205569	11.8394156	13.1837338
12.5809338	13.1575606	14.6515475
14.7579975	15.4344062	17.1869194
20.4851444	21.4240456	23.8566588
26.8540831	28.0848938	31.2738194
44.6567512	46.7035175	52.0065125
71.2099438	74.4737294	82.9299131
1745.32042470954	1749.12775290954	1758.99222410954
60.0944981	62.8488256	69.9850537
36.9138781	38.6057638	42.9892881
23.5145019	24.5922481	27.3845981
18.3238975	19.1637419	21.3397081
14.246035	14.8989781	16.5906963
12.2447344	12.8059512	14.2600131
11.053085	11.5596844	12.8722387
10.4849489	10.9655085	12.2105981
10.337639	10.8114455	12.0390419
10.5025344	10.9839001	12.2310775
10.4535019	10.9326191	12.1739744
10.5308517	11.0135149	12.2640538
10.5926946	11.0781928	12.3360769
10.3656877	10.8407821	12.0717087
10.6258899	11.1129081	12.374735
9.07480981	9.49073869	10.5683728
10.1479125	10.6130253	11.8180888
12.0014869	12.5515531	13.9767313
16.3355219	17.0842325	19.0240769
23.3631012	24.4339088	27.2082781
35.5147688	37.1425281	41.3599081
41.0867969	42.96994	47.8489987
30.9083075	32.3249375	35.9953019
21.7585881	22.7558569	25.3396912
15.1040781	15.7963481	17.5899606
11.6551362	12.1893294	13.5733769
10.0391676	10.4992954	11.6914469
9.13510169	9.55379375	10.6385897
8.62046431	9.01556875	10.0392493
8.37956756	8.76363069	9.75870444
8.38041881	8.76452106	9.75969644
8.55249194	8.944481	9.9600895
8.68721344	9.085377	10.116984
8.68151	9.07941244	10.1103434
10.1032727	10.5663396	11.7661044
13.8508612	14.4856919	16.1304813
20.0676675	20.9874356	23.3704731
21.0574962	22.0226319	24.5232094
16.8911837	17.6653619	19.6711912
12.6465625	13.2261975	14.727975
9.98766819	10.445436	11.6314725
8.46314513	8.851039	9.85603856
7.88885044	8.25042263	9.18722413
7.774218	8.13053625	9.05372525
7.93915094	8.30302838	9.24580306
8.78090219	9.18335969	10.2260926
10.7127997	11.2038044	12.4759494
12.3438531	12.9096131	14.3754462
11.1786409	11.6909934	13.0184587
8.633247	9.02893706	10.0541365
8.04354675	8.41220919	9.36738106
9.52198431	9.9584075	11.0891437
