#?RADIANCE
genskyvec -m 1
NROWS=146
NCOLS=1
NCOMP=3
FORMAT=ascii

17.1259281	17.9108656	19.9445694
32.9368944	34.4465012	38.3577594
33.7387088	35.2850644	39.2915412
34.5562363	36.1400644	40.2436181
35.2769087	36.8937656	41.0829019
34.8532931	36.450735	40.5895644
34.4440381	36.0227238	40.112955
34.4340906	36.0123181	40.1013688
32.8135144	34.3174663	38.2140756
32.0883225	33.5590369	37.3695288
33.6769525	35.2204775	39.2196194
32.49025	33.979385	37.837605
33.5171494	35.0533487	39.0335138
34.217885	35.786205	39.8495831
35.39858	37.0210156	41.2246019
39.1354225	40.9291275	45.5764625
45.3765381	47.4562956	52.8447631
50.8377625	53.1678256	59.2048162
62.4823931	65.3461663	72.7659556
76.21975	79.71315	88.7642519
80.1763344	83.8510819	93.3720238
83.2881713	87.1055438	96.99602
70.9995275	74.2536712	82.6848719
61.8695763	64.7052631	72.0522806
52.2851394	54.6815406	60.890405
42.8285375	44.7915094	49.8774019
38.8730675	40.65475	45.2709281
35.6989988	37.3352031	41.5744612
33.6614231	35.2042363	39.2015344
32.5073775	33.9972969	37.85755
32.2852131	33.7649506	37.5988238
23.3746438	24.4459787	27.2217206
21.8783788	22.8811369	25.4791981
23.9399669	25.037215	27.8800875
23.560575	24.6404344	27.4382525
23.6053681	24.6872794	27.4904181
22.4982087	23.5293762	26.20104
23.9894463	25.0889619	27.9377112
24.3945137	25.5125937	28.4094444
23.5393025	24.618185	27.4134794
20.9551694	21.9156137	24.4040419
22.0440769	23.05443	25.6721675
22.7020369	23.7425481	26.4384156
25.3072063	26.4671213	29.4723544
27.4259594	28.6829819	31.9398162
30.5272794	31.9264475	35.5515637
37.4138469	39.1286462	43.5715437
47.7119788	49.8987762	55.5645769
60.9813138	63.7762888	71.0178275
79.7401931	83.3949506	92.8641037
91.9579575	96.1726944	107.092713
90.4143969	94.5583856	105.2951
74.5946481	78.0135706	86.8716912
56.3319869	58.9138681	65.6032962
44.4876506	46.5266669	51.8095806
36.1843956	37.8428463	42.1397469
31.3752325	32.8132625	36.5390737
26.4779431	27.6915144	30.8357731
24.7678675	25.9030613	28.8442475
23.1404425	24.2010463	26.948975
23.0983594	24.1570319	26.8999662
15.6827825	16.4015769	18.2639094
14.9694156	15.6555144	17.4331331
14.9586313	15.6442356	17.4205744
15.9943919	16.7274675	18.6268019
15.9048169	16.6337856	18.522485
15.9289094	16.6589831	18.5505431
15.8836506	16.6116506	18.4978363
16.1512794	16.8915444	18.8095094
15.7996212	16.5237706	18.3999762
17.4251675	18.2238206	20.2930594
19.2382631	20.1200156	22.4045613
24.2529456	25.3645394	28.2445781
32.26984	33.7488738	37.5809213
46.2266194	48.3453369	53.8347525
72.8773281	76.2175356	84.871725
104.311802	109.092763	121.4798
99.7363731	104.30761	116.151306
70.2939581	73.5157612	81.8631738
43.2725512	45.2558744	50.3944931
30.4416944	31.8369369	35.4518919
23.5037656	24.58102	27.372095
19.7475175	20.6526119	22.9976325
16.8108869	17.5813862	19.5776812
16.2544875	16.9994856	18.9297081
12.2896581	12.8529312	14.3123294
12.0757619	12.6292331	14.0632338
11.7007713	12.2370544	13.6265231
11.8159775	12.3575431	13.7606925
12.0624937	12.6153594	14.04778
12.0064856	12.5567831	13.9825544
12.0520669	12.6044544	14.0356388
12.5761925	13.1526006	14.6460244
13.1513813	13.7541519	15.3158781
14.4218806	15.0828825	16.7954812
16.7383306	17.5055019	19.4931819
20.8887631	21.846165	24.3267081
27.0303631	28.2692544	31.4791106
43.4701494	45.46253	50.624615
71.4834844	74.7598094	83.2484756
3592.57136820352	3597.67237720352	3610.88865920352
3315.91256109039	3321.14596909039	3334.70528609039
69.2079081	72.3799331	80.59838
41.48073	43.38193	48.3077706
27.6655787	28.933585	32.2188744
20.6829163	21.6308825	24.0869794
16.5110119	17.267765	19.2284494
14.2723325	14.9264794	16.62132
13.328925	13.9398331	15.5226444
11.0707813	11.5781906	12.8928488
10.4851175	10.9656825	12.2107931
10.1682774	10.6343244	11.8418069
10.2657514	10.7362644	11.955325
10.4389576	10.9174087	12.157035
10.9209725	11.4215175	12.7183844
11.8526075	12.3958519	13.8033512
14.2586413	14.9121637	16.6053781
17.570785	18.3761131	20.4626438
25.7035331	26.8816106	29.9339081
36.46015	38.1312387	42.4608863
61.9731169	64.8135487	72.1728656
1562.96103937503	1566.34740997503	1575.12120307503
43.3133156	45.2985088	50.4419681
27.2427881	28.4914144	31.7264981
18.5055056	19.3536725	21.5512025
14.2905094	14.9454906	16.64249
12.1601369	12.7174762	14.1614931
10.7390737	11.23128	12.5065475
10.0598072	10.5208838	11.715485
9.91507856	10.36952	11.5469356
10.3740213	10.8494969	12.0814119
11.6446912	12.1784081	13.5612137
15.1855962	15.8816025	17.6848938
21.5849212	22.5742306	25.1374425
29.4858512	30.8372825	34.3387325
36.0540219	37.7064975	41.9879162
25.568215	26.7400906	29.7763169
16.6198387	17.3815806	19.3551887
12.6288887	13.2077137	14.7073944
11.8319819	12.3742794	13.7793288
11.1636763	11.675345	13.0010319
12.5241331	13.0981563	14.5853969
16.4213031	17.1739431	19.123975
18.2209431	19.0560694	21.2198087
15.41408	16.1205594	17.9509825
13.5033225	14.1222256	15.725745
