#?RADIANCE
genskyvec -m 1
NROWS=146
NCOLS=1
NCOMP=3
FORMAT=ascii

22.6437325	23.6815688	26.3705144
27.7271	28.9979262	32.2905206
27.1755031	28.4210469	31.6481412
27.1416556	28.3856463	31.6087206
26.9617581	28.197505	31.3992181
26.1040025	27.3004363	30.4002881
27.424895	28.6818694	31.9385769
29.3073675	30.6506219	34.1308737
32.1176919	33.5897525	37.4037319
35.6230756	37.2557987	41.4860419
42.9701813	44.9396469	50.0423587
47.7708375	49.9603325	55.6331225
51.8217437	54.1969056	60.3507425
51.701895	54.0715637	60.2111681
48.5000319	50.7229481	56.4823294
43.7041994	45.7073075	50.8971875
38.3103275	40.0662181	44.6155694
35.0929388	36.7013644	40.8686544
30.5155581	31.9141869	35.5379106
27.3699631	28.6244206	31.8746044
27.6287244	28.8950381	32.1759519
25.5888763	26.7617006	29.8003819
26.5733075	27.7912519	30.9468337
25.7027187	26.88076	29.9329594
27.6705369	28.9387713	32.2246494
29.5536894	30.9082331	34.4177369
30.6458569	32.0504588	35.6896562
31.6306888	33.0804275	36.8365738
29.8414581	31.2091906	34.7528663
29.6181869	30.9756856	34.4928475
28.1993181	29.4917869	32.8404581
17.1437038	17.929455	19.9652713
15.5829244	16.2971406	18.1476131
16.8574975	17.6301325	19.6319619
16.6377231	17.4002863	19.3760169
17.6530575	18.4621556	20.5584581
18.6180225	19.4713462	21.68224
21.5986581	22.5885969	25.1534406
25.4989469	26.66765	29.6956519
30.7740181	32.1844944	35.8389113
36.4105756	38.0793919	42.4031519
44.8460856	46.90153	52.2270069
51.401465	53.757365	59.8612938
51.9108012	54.290045	60.4544575
47.5570194	49.7367131	55.3841144
40.2239231	42.0675169	46.8441119
31.9354644	33.3991731	37.1915125
27.9265069	29.2064712	32.5227469
22.3216469	23.34472	25.9954175
19.4105494	20.3001994	22.6052019
17.2187444	18.0079381	20.052665
16.4686281	17.2234413	19.1790925
16.3349681	17.0836525	19.0234319
15.3293837	16.03198	17.8523462
16.9727962	17.7507131	19.7662362
17.6241644	18.4319375	20.5248088
18.2793181	19.1171194	21.2877913
17.4697681	18.2704656	20.3450012
17.9151988	18.7363119	20.8637438
17.2008	17.9891675	20.0317644
17.25101	18.0416794	20.0902394
11.4472944	11.97196	13.3313269
11.1951381	11.7082481	13.03767
11.7044612	12.2409144	13.6308194
13.3590419	13.9713312	15.55772
15.4001056	16.1059425	17.9347063
19.0808981	19.9554375	22.2212956
25.0846837	26.2343969	29.2132056
35.3758281	36.99722	41.1981044
49.0679688	51.3169162	57.1437437
62.7020037	65.5758438	73.0217125
61.4717388	64.2891906	71.5889656
43.1891525	45.1686519	50.2973675
30.1089325	31.4889238	35.0643613
22.2018513	23.2194356	25.8559069
17.1740856	17.96123	20.0006556
14.4629813	15.1258669	16.8433488
12.45498	13.0258338	14.5048656
12.2116013	12.7712994	14.22143
11.548675	12.0779881	13.449395
11.0915819	11.5999456	12.9170712
11.5966194	12.1281306	13.5052281
11.7233162	12.2606344	13.65278
11.192705	11.7057019	13.0348375
11.5603275	12.0901744	13.4629638
9.41212431	9.84351325	10.9612044
9.84720425	10.2985348	11.4678906
10.6153829	11.1019206	12.3624987
11.7646719	12.3038856	13.70094
14.5847825	15.2532537	16.9851981
17.5018156	18.3039812	20.3823231
25.5292506	26.6993394	29.7309406
39.105065	40.8973794	45.5411087
65.1674813	68.1543238	75.8929675
3311.33395758384	3315.67014188384	3326.90485268384
2597.17213516574	2600.99016646574	2610.88234896574
50.0643381	52.35895	58.3040963
34.0076663	35.56635	39.6047644
21.893695	22.8971556	25.4970344
16.3165794	17.0644231	19.0020181
13.4380463	14.0539569	15.6497263
11.4264325	11.9501425	13.3070331
10.337951	10.8117731	12.039405
9.74796544	10.1947469	11.3523175
9.40784325	9.83903594	10.9562187
9.32376969	9.75110838	10.8583075
9.34179731	9.76996306	10.8793013
9.23165213	9.65476913	10.7510294
9.38258487	9.81261931	10.9268025
8.96765775	9.37867494	10.443585
9.81057	10.2602203	11.4252262
11.3905919	11.9126606	13.2652938
14.4212569	15.0822306	16.7947556
19.68455	20.5867569	22.9243
34.893775	36.4930712	40.6367094
58.7983031	61.4932231	68.4755288
4052.07016462877	4056.17623652877	4066.81470062877
58.3898356	61.0660338	67.9998319
32.0530131	33.5221113	37.32841
20.884115	21.8413019	24.3212937
14.7922769	15.4702544	17.2268381
11.547415	12.0766706	13.4479269
9.7548765	10.2019735	11.3603663
9.01579956	9.42902344	10.4996513
8.59766988	8.99172963	10.0127031
8.50591	8.89576388	9.905841
8.61523556	9.01010013	10.03316
9.63163831	10.0730886	11.2168463
11.5159473	12.0437619	13.4112819
15.5813675	16.2955131	18.1458006
24.9350456	26.0779019	29.0389413
36.3979394	38.0661763	42.3884338
39.3402744	41.1433694	45.8150312
26.7969	28.0250887	31.2072212
17.6345144	18.4427619	20.5368625
12.2306369	12.7912081	14.2435969
10.1092502	10.5725907	11.7730644
8.93815375	9.34781894	10.4092262
9.13471238	9.553386	10.6381344
11.5472869	12.0765375	13.4477781
15.1839688	15.8799	17.6829981
20.9742006	21.9355175	24.426205
20.9772519	21.9387094	24.4297594
13.44341	14.0595656	15.65597
11.0211192	11.5262556	12.8350125
14.7193456	15.3939819	17.1419063
