#?RADIANCE
genskyvec -m 1
NROWS=146
NCOLS=1
NCOMP=3
FORMAT=ascii

20.1532706	21.0769612	23.4701638
26.8747956	28.1065544	31.2979381
26.2103256	27.4116294	30.5241106
26.1984744	27.3992369	30.5103081
26.173575	27.3731925	30.4813094
25.7173644	26.8960763	29.9500163
27.4191331	28.6758437	31.9318681
29.7158169	31.0777925	34.6065469
33.2702944	34.7951794	38.7460313
37.7495387	39.479725	43.9624875
45.5252863	47.6118594	53.0179925
51.2345756	53.5828237	59.6669325
54.3535031	56.844705	63.2991862
52.6225719	55.0344362	61.2833713
47.8624319	50.056125	55.7397938
42.0369325	43.9636231	48.9555138
36.2725687	37.9350581	42.24243
33.1033287	34.6205669	38.5515875
28.7747694	30.0936137	33.5106187
26.026425	27.2193019	30.3099425
26.5535369	27.7705731	30.9238075
24.9257888	26.0682188	29.0281569
26.0901419	27.2859394	30.3841469
25.4487419	26.6151444	29.6371825
27.5976162	28.8625069	32.1397263
29.4163937	30.7646438	34.2578437
30.5129944	31.911505	35.5349281
31.2957325	32.7301187	36.4464887
29.4136731	30.7617994	34.2546756
28.9640006	30.2915162	33.7309944
27.4298463	28.687045	31.9443425
16.72879	17.495525	19.4820694
15.2113231	15.9085081	17.7148538
16.4979	17.2540544	19.2131806
16.4220662	17.1747431	19.1248625
17.6823894	18.4928306	20.5926162
18.9586613	19.8275987	22.0789419
22.3210681	23.3441169	25.9947456
26.9069744	28.1402106	31.3354181
33.3150569	34.841995	38.7981625
40.4680419	42.322825	47.1284094
49.9880669	52.279185	58.2152738
55.9943844	58.5607925	65.2101294
53.7126481	56.1744756	62.5528569
46.441155	48.5697081	54.0845987
37.8511912	39.5860362	44.0808681
29.4532462	30.8031856	34.3007619
25.8303944	27.0142869	30.0816487
20.6284125	21.5738812	24.0235069
18.1453413	18.9770031	21.1317619
16.2651738	17.0106612	18.9421525
15.7896925	16.5133862	18.388415
15.9095231	16.63871	18.5279669
15.0767863	15.7678044	17.5581731
16.8738156	17.6471987	19.6509656
17.5903694	18.3965937	20.4854506
18.2460369	19.082315	21.2490325
17.3674806	18.16349	20.2258794
17.7236406	18.5359731	20.6406569
16.9214881	17.6970556	19.7064831
16.8930394	17.6673056	19.6733531
11.1806912	11.6931387	13.0208481
10.9559738	11.4581212	12.759145
11.5397031	12.0686075	13.4389487
13.3584331	13.9706956	15.55701
15.708725	16.4287063	18.29412
20.0018906	20.9186431	23.29387
27.20617	28.45312	31.6838544
39.8714356	41.6988744	46.4336125
56.7064969	59.3055419	66.0394437
69.2878325	72.4635231	80.69146
60.6995412	63.4816012	70.6896787
39.2428975	41.04153	45.701625
26.77556	28.0027719	31.1823725
19.7839319	20.690695	23.0400388
15.5872	16.3016119	18.1525938
13.3713162	13.98417	15.572015
11.7408331	12.2789544	13.6731787
11.7269381	12.2644238	13.6569987
11.2436996	11.7590338	13.0942244
10.8587634	11.356455	12.6459344
11.4241	11.947705	13.3043169
11.5478063	12.0770819	13.4483844
10.9733532	11.4762987	12.779385
11.3078208	11.8260956	13.1689012
9.15678044	9.57646594	10.6638344
9.61942475	10.0603141	11.2026219
10.4556152	10.9348313	12.1764369
11.7098944	12.2465975	13.6371475
14.8269144	15.5064806	17.2671775
18.1205156	18.95104	21.1028538
27.4280225	28.6851381	31.9422187
43.7155519	45.7191794	50.9104044
75.8917094	79.3700794	88.3822231
4771.8043397274	4776.6680247274	4789.2693757274
2130.60952123265	2133.95230943265	2142.61318373265
41.6268706	43.5347669	48.4779625
28.6245606	29.9365188	33.3356863
18.943975	19.81224	22.0618369
14.46002	15.1227694	16.8398994
12.1152394	12.6705206	14.1092062
10.5147882	10.9967163	12.2453487
9.68290519	10.1267046	11.27655
9.29100738	9.716845	10.8201525
9.05996519	9.47521319	10.5510854
9.03894531	9.45323019	10.5266049
9.08453019	9.50090438	10.5796928
8.97116463	9.38234288	10.4476701
9.12556988	9.54382506	10.6274875
8.64694931	9.04326731	10.0700943
9.52892813	9.96567031	11.0972313
11.1639156	11.675595	13.0013113
14.3957931	15.0556013	16.7651025
20.0595688	20.9789656	23.3610388
36.2015088	37.8607438	42.1596744
60.07032	62.82354	69.9568969
2707.33282272471	2710.67222152471	2719.32430022471
46.34334	48.4674088	53.9706844
26.323015	27.5294838	30.6553456
17.7046531	18.5161162	20.6185456
12.9914713	13.5869144	15.1296519
10.4391559	10.9176175	12.1572688
9.02762937	9.4413955	10.5134275
8.457206	8.84482781	9.84912188
8.16488681	8.53911056	9.50869144
8.14528937	8.51861469	9.48586863
8.27687913	8.65623581	9.63911625
9.184286	9.60523231	10.6958669
11.0206126	11.5257232	12.8344231
15.0996675	15.7917356	17.5848225
24.2928356	25.406255	28.2910325
33.5424637	35.0798238	39.0629956
32.9086656	34.4169769	38.3248837
22.303705	23.3259569	25.9745237
15.1545181	15.8490987	17.6487
10.9164276	11.4167644	12.7130913
9.259937	9.68435119	10.783969
8.37813919	8.76213694	9.75704169
8.61686575	9.01180513	10.0350592
10.7538831	11.2467698	12.5237925
14.0763837	14.7215506	16.3931225
18.8322631	19.6954081	21.9317394
18.1907213	19.0244631	21.1846137
12.0225487	12.5735812	14.00126
10.1064188	10.569629	11.7697669
13.3242762	13.9349719	15.5172288
