#?RADIANCE
genskyvec -m 1
NROWS=146
NCOLS=1
NCOMP=3
FORMAT=ascii

27.3030362	28.5544244	31.7966625
35.3330931	36.9525238	41.1483325
34.9495319	36.5513838	40.701645
34.5122569	36.0940662	40.1923987
33.0684825	34.5841188	38.5110038
29.5707025	30.926025	34.4375481
28.9752319	30.3032625	33.7440731
29.0642075	30.3963144	33.8476912
29.3570506	30.7025806	34.1887325
29.8657756	31.2346231	34.7811869
36.6751213	38.3560625	42.7112356
37.622345	39.3467019	43.8143587
43.1158344	45.091975	50.2119837
45.7177275	47.8131225	53.2421062
46.5144525	48.6463631	54.1699581
47.5960287	49.7775113	55.4295431
45.6723419	47.7656581	53.1892531
44.5140913	46.5543206	51.8403706
39.7851788	41.6086656	46.3331588
35.51395	37.1416725	41.3589575
34.5822719	36.1672925	40.27394
30.3531644	31.7443488	35.3487894
30.1062225	31.48609	35.0612056
27.9612575	29.2428125	32.563215
29.4221888	30.7707031	34.2645913
32.0480994	33.5169694	37.3226831
33.8430544	35.3941931	39.4130575
36.5308244	38.2051525	42.5431912
35.1559544	36.7672687	40.9420394
36.2697713	37.9321331	42.2391738
35.4330319	37.0570431	41.2647169
19.542055	20.4377306	22.7583537
17.3503325	18.1455569	20.2059081
18.725125	19.5833606	21.8069694
17.5548519	18.35945	20.4440887
17.417275	18.2155675	20.2838687
17.0773644	17.8600781	19.888015
18.9043156	19.7707619	22.0156513
20.829325	21.7840012	24.2574875
22.97228	24.0251763	26.7531362
24.1297919	25.2357419	28.1011563
28.2059919	29.4987662	32.8482294
32.151695	33.6253137	37.44333
36.6429925	38.3224644	42.6738225
39.7896656	41.6133594	46.3383856
40.0314287	41.8662	46.6199363
37.6877294	39.4150831	43.8905038
35.52571	37.15397	41.3726506
30.2356431	31.6214444	35.2119287
26.327185	27.5338481	30.6602038
22.8627675	23.9106431	26.6256006
20.7378463	21.68833	24.1509506
19.1253925	20.0019719	22.2731138
16.9542006	17.7312669	19.7445788
17.7168369	18.5288569	20.6327325
17.9827269	18.8069362	20.9423856
18.6979	19.5548869	21.7752638
18.1781419	19.0113069	21.1699619
19.2317288	20.1131837	22.3969519
18.89093	19.756765	22.0000637
19.3781581	20.2663231	22.5674806
12.0487419	12.6009762	14.0317656
11.5728206	12.1032406	13.4775144
11.6980775	12.2342387	13.6233869
12.6953794	13.2772506	14.7848281
13.5876256	14.2103912	15.8239225
15.2787525	15.9790281	17.79338
17.7033337	18.5147369	20.6170087
21.3116206	22.2884025	24.8191606
25.3536056	26.5156444	29.5263869
32.7636506	34.2653156	38.1560037
40.9179725	42.7933794	47.6523925
44.5851744	46.6286562	51.92315
39.7971	41.6211325	46.3470413
32.3831825	33.8674106	37.7129169
25.0982444	26.2485781	29.2289975
20.55301	21.4950231	23.9356962
16.7223194	17.4887575	19.474535
15.1496625	15.8440212	17.6430444
13.2363212	13.842985	15.4148
12.1607644	12.7181331	14.1622263
12.1446931	12.7013231	14.1435075
12.1497031	12.7065638	14.1493425
11.6961244	12.2321944	13.62111
12.1933731	12.7522337	14.2001975
9.818921	10.2689546	11.4349525
10.055817	10.5167088	11.7108375
10.4429331	10.9215681	12.1616656
11.0897713	11.5980519	12.9149619
12.5770181	13.1534644	14.6469856
13.9103863	14.547945	16.1998063
16.9269431	17.70276	19.712835
21.24776	22.2216156	24.7447863
29.1019419	30.4357781	33.8916381
40.9972294	42.8762681	47.7446913
64.142075	67.0819162	74.6987969
84.4775813	88.3494675	98.3811975
64.6681687	67.6321244	75.3114706
37.9627813	39.7027413	44.210825
26.2343413	27.4367462	30.5520769
20.6117363	21.55644	24.0040856
16.5364937	17.2944138	19.2581244
14.0649606	14.7096044	16.37982
12.25091	12.8124094	14.267205
11.0992106	11.6079238	12.9259563
10.4568794	10.9361537	12.1779088
10.1182658	10.5820206	11.783565
9.87558137	10.3282122	11.5009394
9.89522244	10.3487537	11.5238112
9.69559325	10.1399734	11.2913262
10.144877	10.6098494	11.8145531
11.1108875	11.6201369	12.9395556
12.664855	13.2453275	14.7492806
15.0754869	15.7664456	17.5566606
21.3897819	22.3701475	24.9101863
31.9789894	33.4446894	37.2421975
70.2656162	73.4861206	81.8301687
6626.99808656725	6632.80041356725	6647.83372456725
2475.19847277276	2479.05429397276	2489.04441897276
43.0653425	45.0391712	50.1531831
24.8800225	26.0203544	28.9748612
17.4128619	18.2109513	20.2787287
13.5550694	14.1763444	15.7860094
11.770245	12.3097144	13.7074313
10.4868609	10.9675062	12.2128231
9.7969605	10.2459884	11.4093781
9.59820487	10.0381221	11.17791
10.6871806	11.17701	12.4461137
11.9599956	12.50816	13.9284113
14.214225	14.8657087	16.55365
19.3049013	20.18971	22.4821694
30.873965	32.2890212	35.9553069
1800.56823239116	1803.35254359116	1810.56644669116
58.1001663	60.76309	67.6624894
31.886945	33.34843	37.1350062
18.5584494	19.409045	21.6128637
13.9118888	14.5495162	16.2015537
11.2352481	11.7501969	13.0843831
10.858385	11.3560588	12.6454944
13.3185944	13.9290287	15.5106131
16.1788469	16.9203763	18.8416162
23.5714219	24.6517806	27.4508894
30.4937163	31.8913438	35.512475
18.43734	19.2823838	21.47182
14.0539	14.6980381	16.3669394
17.8557775	18.6741663	20.7945412
