#?RADIANCE
genskyvec -m 1
NROWS=146
NCOLS=1
NCOMP=3
FORMAT=ascii

10.5356269	11.0185106	12.2696163
28.0423362	29.32761	32.6576394
27.6343069	28.9008787	32.1824556
28.2045619	29.4972706	32.8465644
29.7791162	31.14399	34.6802631
32.9935925	34.5057956	38.4237875
38.5375381	40.3038413	44.8801781
46.4982938	48.6294637	54.1511412
61.6179825	64.4421394	71.7592794
82.4680025	86.2477844	96.0408762
92.5726656	96.8155775	107.808584
106.561888	111.445967	124.100206
86.1430681	90.091295	100.320792
66.6473831	69.7020513	77.6164325
52.0016288	54.385035	60.560235
41.021995	42.9021681	47.7735344
34.9242081	36.5248994	40.6721512
30.9879894	32.4082706	36.0880962
28.8234719	30.1445475	33.5673375
27.52026	28.7816031	32.0496369
28.4085844	29.7106419	33.0841631
28.8229144	30.1439619	33.5666844
29.3778269	30.7243094	34.2129287
29.4684456	30.8190856	34.3184644
31.3088194	32.7438056	36.4617294
31.2571519	32.6897713	36.4015606
32.2363312	33.7138275	37.541895
31.5197837	32.96444	36.7074156
30.54719	31.9472687	35.5747506
29.2015431	30.539945	34.0076325
28.2215713	29.5150594	32.8663744
20.3974906	21.3323775	23.7545794
19.1815481	20.0607025	22.3385119
21.4094381	22.3907025	24.9330762
22.6363469	23.6738456	26.3619131
26.5341425	27.7502894	30.9012206
31.3831225	32.8215163	36.5482638
41.0207988	42.9009175	47.7721419
57.5275525	60.1642313	66.9956313
84.7143525	88.5970913	98.6569356
116.468931	121.807094	135.637794
125.671437	131.431369	146.354844
98.3286181	102.835345	114.511879
69.6794581	72.8730994	81.1475388
48.0005206	50.2005438	55.9006094
35.8395487	37.4821912	41.7381431
27.70558	28.9754162	32.2654569
25.6599163	26.8359944	29.8831113
21.2496538	22.2235969	24.7469944
20.09924	21.020455	23.4072419
19.0081906	19.8793981	22.1366238
19.4182575	20.3082606	22.61418
20.33337	21.2653156	23.6799056
19.5274125	20.4224175	22.7413019
21.7864256	22.7849706	25.3721112
22.4691369	23.4989719	26.1671837
22.8675563	23.9156525	26.6311756
21.3982225	22.3789725	24.9200131
21.4197819	22.4015213	24.9451225
20.3592506	21.2923831	23.7100444
20.3668531	21.300335	23.7188994
13.6205456	14.2448175	15.8622594
13.5112831	14.13055	15.7350156
14.8198806	15.4991244	17.2589875
18.7034662	19.5607087	21.7817469
24.5624469	25.6882244	28.6050163
36.8118425	38.4990506	42.8704594
60.6423944	63.4218356	70.6231244
1311.00350985716	1316.01568085716	1329.00178285716
2928.88164287137	2935.38971187137	2952.25154287137
83.1192669	86.9288931	96.799315
49.1487219	51.40137	57.2377856
29.7666513	31.1309537	34.6657462
21.1245487	22.0927575	24.6012994
16.6926506	17.4577306	19.4399837
14.78873	15.4665469	17.2227094
14.0052162	14.6471212	16.3102431
13.302045	13.9117206	15.4913406
14.1961381	14.8467956	16.5325856
13.8903219	14.5269619	16.1764375
13.3303144	13.9412856	15.5242637
14.0626244	14.70716	16.3770975
14.074835	14.7199306	16.39132
13.14401	13.7464431	15.3072963
13.5743081	14.196465	15.8084131
10.3398012	10.8137084	12.0415625
11.0585637	11.5654131	12.87862
12.3101625	12.8743794	14.3362113
14.4801256	15.1437975	16.8633138
20.1879181	21.1131962	23.510515
26.5243987	27.7401012	30.8898737
44.0311694	46.0492625	51.2779675
69.2781838	72.4534306	80.6802206
1520.12084961558	1523.65685531558	1532.81835221558
55.6673406	58.2187594	64.82926
34.4881494	36.0688544	40.1643263
22.1708662	23.1870306	25.8198219
17.4084056	18.2062894	20.2735388
13.6562425	14.2821525	15.9038331
11.8106363	12.3519556	13.7544694
10.7010091	11.1914719	12.4622169
10.1936177	10.660825	11.8713169
10.0821276	10.5442244	11.7414794
10.270185	10.7409003	11.9604863
10.2303268	10.6992153	11.9140688
10.3075576	10.7799864	12.00401
10.362018	10.8369442	12.067435
10.1274145	10.5915884	11.7942194
10.3785523	10.8542354	12.0866906
8.81937337	9.22359412	10.2708956
9.86791081	10.3201889	11.4920044
11.6698825	12.2047506	13.59055
15.8967044	16.6253025	18.5130381
22.6661156	23.70498	26.3965813
33.8159906	35.3658894	39.3815419
38.3911331	40.1507244	44.709675
28.7330156	30.0499469	33.461995
20.3769806	21.3109244	23.7306944
14.29889	14.9542563	16.6522512
11.114995	11.6244325	12.9443406
9.64886463	10.0911034	11.2369087
8.82989175	9.23459487	10.2831461
8.36387325	8.74721706	9.74042863
8.14070875	8.51382412	9.48053387
8.14983937	8.52337319	9.49116794
8.32016537	8.70150619	9.68952619
8.44564219	8.83273375	9.83565437
8.39654963	8.78139125	9.77848281
9.74733737	10.1940903	11.3515875
13.32603	13.9368044	15.5192737
19.11344	19.9894712	22.259195
19.82239	20.7309175	23.0848281
15.8605156	16.5874531	18.4708925
11.9646281	12.5130081	13.93381
9.52441394	9.96094769	11.091974
8.13339338	8.50617375	9.47201494
7.61096831	7.95980425	8.86360706
7.523759	7.86859787	8.76204469
7.67510963	8.02688506	8.93830512
8.43456637	8.82115038	9.82275525
10.2380242	10.707267	11.9230319
11.7100375	12.2467456	13.637315
10.6005848	11.0864449	12.3452637
8.2564705	8.63489156	9.61534869
7.72723375	8.0813985	8.99900825
9.08924919	9.50583944	10.5851876
