#?RADIANCE
genskyvec -m 1
NROWS=146
NCOLS=1
NCOMP=3
FORMAT=ascii

14.7343056	15.4096275	17.1593281
31.4706062	32.9130069	36.650145
32.2689069	33.7478988	37.5798338
33.1373169	34.6561113	38.59117
34.0093681	35.56813	39.6067456
33.9121744	35.4664813	39.493555
33.6054306	35.14568	39.1363275
33.6543862	35.1968763	39.1933375
32.0539025	33.5230387	37.3294419
31.3939419	32.8328312	36.5608656
32.44265	33.929605	37.7821713
31.2281794	32.65947	36.36782
31.7453106	33.2003044	36.9700638
32.0778281	33.5480594	37.3573044
32.9390056	34.4487094	38.3602175
36.175365	37.8334006	42.1292306
41.9747212	43.8985606	48.8830619
47.4034856	49.5761431	55.2053125
59.6890294	62.424775	69.5128506
76.9033025	80.4280344	89.5603125
84.8991288	88.7903338	98.8721187
93.4033175	97.6843013	108.775949
79.99776	83.6643219	93.1640712
69.4530969	72.6363631	80.8839238
56.6765413	59.2742137	66.0045569
44.4030044	46.4381406	51.7110019
39.1285488	40.9219394	45.56846
35.0123606	36.6170925	40.7748131
32.65151	34.1480369	38.0254094
31.1569062	32.5849287	36.2848144
30.8564031	32.2706544	35.9348556
22.6749925	23.7142638	26.4069212
21.2706213	22.2455244	24.7714131
23.3375269	24.4071606	27.1784962
23.0864506	24.1445775	26.8860969
23.2373144	24.3023562	27.0617906
22.2011894	23.2187438	25.8551363
23.6976063	24.7837463	27.59784
24.0666687	25.1697231	28.0276431
23.0977813	24.1564287	26.8992925
20.3714031	21.3050913	23.7241963
21.2277644	22.2007044	24.7215012
21.6070862	22.5974094	25.1632544
23.8190887	24.9107956	27.7393144
25.4585494	26.6253987	29.6486031
28.0215212	29.3058406	32.6333981
34.0556737	35.61656	39.6606725
43.8115294	45.81956	51.0221806
56.7647256	59.36644	66.1072575
78.8064387	82.4183994	91.7766738
98.8983012	103.431137	115.175325
105.708859	110.553831	123.106781
89.1245187	93.2093925	103.792934
65.8774919	68.8968769	76.7198344
49.6982	51.9760325	57.8776988
38.8337312	40.6136088	45.2251188
32.6132694	34.1080438	37.9808725
26.7594769	27.9859519	31.1636419
24.519055	25.6428438	28.5544819
22.6397906	23.6774469	26.3659231
22.4549337	23.4841162	26.1506412
15.2174819	15.9149475	17.7220269
14.5189762	15.1844313	16.9085587
14.544645	15.2112731	16.9384519
15.6331719	16.3496925	18.2061337
15.5747137	16.2885556	18.1380525
15.5832006	16.29743	18.1479363
15.4580106	16.1665012	18.0021431
15.5726169	16.2863613	18.1356125
15.0177413	15.7060538	17.4894112
16.2942875	17.0411069	18.9760563
17.6598681	18.4692794	20.5663894
21.7433594	22.7399288	25.321955
28.2792363	29.5753681	32.9335306
39.9636206	41.7952869	46.54097
64.8924506	67.8666856	75.5726694
103.989511	108.755698	121.104464
1822.88300893556	1828.51348993556	1843.10157793556
85.0602406	88.9588356	99.0597512
49.1431069	51.3954975	57.2312456
32.8864481	34.3937413	38.2990113
24.4062906	25.52491	28.4231594
19.9149675	20.8277369	23.1926388
16.572015	17.3315656	19.2994938
15.8481769	16.57455	18.4565212
11.8518231	12.3950325	13.8024363
11.6324719	12.1656269	13.5469825
11.2671837	11.7835944	13.1215744
11.39546	11.9177506	13.2709631
11.6425238	12.1761387	13.5586887
11.5584063	12.0881663	13.4607262
11.5074938	12.0349194	13.4014356
11.8968219	12.4420937	13.8548431
12.2329069	12.7935794	14.24624
13.1970537	13.8019162	15.3690694
14.9375025	15.6221381	17.3959656
18.0325731	18.8590663	21.000435
22.8093338	23.8547612	26.5633706
35.5496419	37.1789981	41.4005225
57.3579644	59.9868719	66.7981344
1938.40800171631	1942.41314051631	1952.79007871631
3770.05514453894	3775.28899453894	3788.84945753894
75.7908762	79.2646256	88.264795
44.8870169	46.9443363	52.2746744
29.0625206	30.3945519	33.8457288
21.1329831	22.1015775	24.6111213
16.4418262	17.1954075	19.1478769
13.9797906	14.6205312	16.2806331
12.9455106	13.5388469	15.0761269
10.5656731	11.0499338	12.3046062
9.98024563	10.4376731	11.6228269
9.65069119	10.0930138	11.2390356
9.73682131	10.183092	11.33934
9.84704425	10.2983667	11.4677038
10.1379212	10.6025763	11.8064556
10.8277575	11.3240312	12.6098281
12.628605	13.2074162	14.7070637
15.0867375	15.7782144	17.5697663
21.1241681	22.0923581	24.6008544
28.9104881	30.2355494	33.6686737
47.787575	49.9778381	55.6526175
61.48917	64.3074219	71.6092656
41.715445	43.6274	48.5811137
26.7727494	27.9998325	31.1790956
18.112595	18.9427556	21.0936269
13.8760794	14.5120663	16.1598506
11.6758194	12.2109625	13.597465
10.0928071	10.555395	11.7539156
9.3810505	9.81101481	10.9250156
9.20977194	9.63188625	10.7255481
9.5299745	9.96676488	11.09845
10.4348208	10.9130837	12.1522175
13.0641594	13.6629331	15.2143019
17.8225694	18.6394362	20.7558675
23.9019138	24.9974163	27.8357706
30.3766413	31.7689025	35.3761306
23.2338437	24.2987269	27.0577481
15.6983444	16.4178512	18.2820313
11.8529088	12.3961662	13.8037019
10.8121878	11.3077463	12.5916944
10.1023796	10.5654063	11.7650644
11.07041	11.5778031	12.892415
14.0481175	14.6919906	16.3602044
15.8600006	16.5869169	18.4702931
13.9100475	14.54759	16.1994094
11.9730087	12.5217725	13.9435669
