#?RADIANCE
genskyvec -m 1
NROWS=146
NCOLS=1
NCOMP=3
FORMAT=ascii

8.64898812	9.0454	10.0724681
25.816965	27.0002425	30.0660094
25.4608019	26.6277538	29.6512269
26.1199406	27.3171044	30.4188487
27.8941175	29.1725981	32.4850263
31.5669987	33.0138187	36.7624031
37.8186044	39.5519563	44.0429187
46.8430569	48.9900294	54.5526456
64.4804844	67.4358387	75.0929006
88.7975869	92.8674762	103.41219
98.5966469	103.115647	114.824028
109.885231	114.921646	127.97052
83.0134675	86.8182525	96.67611
61.4280588	64.2435106	71.5380981
46.9015469	49.0512012	54.6207631
36.7974806	38.4840306	42.8537344
31.3604581	32.7978138	36.5218681
27.91845	29.1980444	32.5133619
26.1868362	27.387065	30.4967544
25.2737162	26.4320937	29.4333513
26.2843019	27.4889975	30.61026
26.9649156	28.2008088	31.4028938
27.56927	28.83286	32.1067137
27.7885719	29.0622131	32.3621075
29.5744731	30.9299694	34.4419412
29.4017088	30.7492869	34.2407431
30.2700162	31.65739	35.2519581
29.4119894	30.7600375	34.252715
28.4247687	29.7275694	33.1030131
27.0012281	28.2387825	31.4451806
26.0131244	27.2053925	30.2944531
18.8426988	19.7063219	21.9438938
17.7412894	18.55443	20.6612094
19.9452481	20.859405	23.2279037
21.332165	22.3098875	24.8430844
25.50673	26.6757856	29.7047125
30.8124656	32.2247037	35.8836888
41.3486781	43.2438262	48.153985
60.0505631	62.8028788	69.9338906
91.9419669	96.1559744	107.07408
1251.83924953863	1257.74686853863	1273.05298053863
127.695581	133.548306	148.712156
90.0658825	94.193895	104.889225
61.7634262	64.5942475	71.9286619
41.9609612	43.8841713	48.8670394
31.3335119	32.7696319	36.4904881
24.4542637	25.5750825	28.4790287
22.9578725	24.0101069	26.7363575
19.1572094	20.0352475	22.3101681
18.3427612	19.1834713	21.3616763
17.497885	18.2998694	20.3777444
18.0502037	18.8775031	21.0209669
19.0631619	19.9368888	22.2006413
18.3622881	19.2038925	21.3844162
20.5727738	21.5156944	23.9587131
21.215675	22.18806	24.7074238
21.5452519	22.5327412	25.0912438
20.0471069	20.9659306	23.3465262
19.9700044	20.8852969	23.2567362
18.8824581	19.7479025	21.9901963
18.8352175	19.6984987	21.9351812
12.4419569	13.0122131	14.4896962
12.3482912	12.9142538	14.380615
13.6514475	14.2771388	15.8982481
17.557335	18.3620463	20.44698
23.5510025	24.6304225	27.4271056
36.2780013	37.9407406	42.2487569
61.4480687	64.2644369	71.5613988
1653.07468378451	1658.29990978451	1671.83798078451
2244.71589491043	2250.34895891043	2264.94370091043
67.738285	70.8429531	78.8868819
40.4508188	42.3048144	47.1083525
25.0817481	26.2313275	29.2097881
18.1496356	18.9814925	21.1367644
14.5649569	15.2325175	16.9621075
13.153365	13.7562275	15.31819
12.6469806	13.2266344	14.7284644
12.1541794	12.7112456	14.154555
13.120575	13.7219338	15.2800019
12.8820813	13.4725075	15.0022569
12.3396488	12.9052181	14.3705519
13.0293106	13.6264856	15.1737175
12.9976694	13.5933956	15.1368681
12.0441219	12.596145	14.0263856
12.4146762	12.98368	14.457925
9.27938187	9.70468581	10.8066136
9.9498545	10.4058899	11.5874356
11.1183465	11.6279369	12.9482412
13.18398	13.788245	15.3538444
18.5951044	19.4473787	21.6555488
24.5260469	25.6501569	28.5626287
40.1073487	41.9455994	46.7083519
59.9280194	62.6747181	69.7911744
58.9483244	61.6501206	68.6502388
42.6000262	44.552525	49.6112831
27.132095	28.37565	31.5975887
17.94619	18.7687219	20.8998325
14.4329544	15.0944644	16.8083781
11.6425431	12.17616	13.5587125
10.2623002	10.7326554	11.9513038
9.39930181	9.83010288	10.9462713
9.07055425	9.48628756	10.5634164
9.06006125	9.47531406	10.551197
9.30744437	9.73403456	10.8392953
9.28857981	9.71430694	10.8173251
9.35970887	9.78869563	10.9001623
9.388162	9.81845281	10.9332954
9.13080606	9.54930137	10.6335848
9.34942275	9.7779385	10.8881821
7.76303156	8.11883687	9.04069819
8.69519775	9.09372725	10.1262822
10.2626989	10.7330734	11.9517681
13.9889788	14.6301388	16.2913319
19.6875581	20.5899044	22.9278031
27.6548481	28.9223613	32.2063769
29.84024	31.2079181	34.7514488
22.1650862	23.1809856	25.8130913
16.0887375	16.8261381	18.7366756
11.6716613	12.2066106	13.5926206
9.26383137	9.68842306	10.7885047
8.24109531	8.618812	9.597443
7.67452844	8.0262775	8.93762825
7.34928731	7.68612925	8.55885788
7.17461075	7.50344687	8.35543263
7.20226225	7.53236581	8.387635
7.359959	7.69729019	8.57128606
7.44916531	7.79058525	8.67517425
7.24625981	7.57837975	8.438874
8.33063706	8.71245769	9.70172175
11.2787174	11.7956588	13.1350087
15.6722381	16.3905481	18.2516275
15.7254525	16.4462037	18.3136006
12.5392287	13.1139425	14.6029775
9.68910363	10.1331876	11.2837694
7.8971675	8.259121	9.19691075
6.90454363	7.22100156	8.04091681
6.53271831	6.83213463	7.60789544
6.51953344	6.81834525	7.59254056
6.616401	6.91965256	7.70535063
7.10167412	7.42716737	8.27049187
8.4787265	8.86733456	9.87418431
9.49294644	9.92803906	11.0553279
8.602236	8.99650544	10.018022
6.86902094	7.18385094	7.99954769
6.51665475	6.81533456	7.58918788
7.50441912	7.84837138	8.73952181
