#?RADIANCE
genskyvec -m 1
NROWS=146
NCOLS=1
NCOMP=3
FORMAT=ascii

4.92536644	5.15111231	5.73599994
18.31946	19.1590994	21.3345375
17.817895	18.6345488	20.7504256
17.7449194	18.5582275	20.6654387
17.9073594	18.7281131	20.854615
18.1607456	18.9931125	21.1497012
17.9646206	18.7879975	20.9212975
18.1308737	18.9618706	21.1149137
17.7687175	18.5831181	20.693155
18.153985	18.9860444	21.1418306
17.9957794	18.820585	20.9575863
18.2021269	19.0363906	21.197895
18.0046819	18.8298956	20.9679531
17.9609019	18.7841094	20.9169675
18.094205	18.9235237	21.0722125
18.8641962	19.7288044	21.9689319
21.0799356	22.0460988	24.5493431
23.0264181	24.0817956	26.8161844
29.5744669	30.9299619	34.4419331
43.1960244	45.1758394	50.3053738
60.0725281	62.8258488	69.9594669
96.6334306	101.062451	112.5377
107.684551	112.620094	125.407644
101.432781	106.081789	118.126942
68.9375038	72.0971387	80.2834725
42.5466488	44.4967044	49.5491213
31.3983875	32.8374794	36.5660419
24.55015	25.675365	28.5906981
21.5185044	22.5047713	25.060095
19.3071975	20.1921094	22.4848406
18.4909806	19.3384844	21.5342906
15.0788356	15.7699488	17.5605619
14.1125944	14.7594213	16.4352937
14.8438425	15.5241831	17.2868912
14.6109338	15.2806013	17.0156512
14.6153913	15.2852631	17.0208425
14.1885188	14.8388263	16.5237125
14.9162387	15.5999012	17.371205
15.211905	15.9091169	17.7155319
14.9290525	15.6133013	17.3861275
13.6851194	14.312355	15.9374625
14.0853594	14.7309375	16.4035744
14.1334688	14.7812519	16.4596037
14.9481319	15.6332544	17.4083475
15.181975	15.877815	17.6806769
15.7301344	16.4510981	18.3190531
17.5166769	18.3195237	20.39963
21.3162288	22.2932219	24.8245269
26.311585	27.5175319	30.6420356
38.5989419	40.36806	44.9516856
57.7269625	60.3727812	67.2278613
94.5208488	98.8530506	110.077406
1872.11379261959	1878.81185561959	1896.16594261959
722.891367880931	727.803180880931	740.529210880931
65.0878819	68.071075	75.8002675
41.7672094	43.6815388	48.6413981
30.0820925	31.4608556	35.0331062
21.7727812	22.7706987	25.3562163
18.2838006	19.1218062	21.2930112
16.1418612	16.8816981	18.7985444
15.4305487	16.1377819	17.9701594
11.22127	11.7355769	13.068105
10.7012254	11.1916962	12.4624675
10.5926511	11.0781481	12.3360256
11.0768416	11.5845306	12.8999056
11.0522302	11.5587912	12.8712444
11.1020524	11.6108956	12.9292644
11.0804044	11.5882544	12.904055
11.1409374	11.6515644	12.9745519
10.7250712	11.2166356	12.4902394
11.1062811	11.6153188	12.9341894
11.3231531	11.8421294	13.1867544
12.3681831	12.9350575	14.4037806
14.0264369	14.6693162	16.3349581
17.2109881	17.9998231	20.0436287
25.2711163	26.4293737	29.4303225
40.9236056	42.7992706	47.6589513
70.4891138	73.7198625	82.0904506
721.149295075573	725.790069075573	737.813856075573
57.3366475	59.9645756	66.7733081
33.2605731	34.7850169	38.7347125
22.2392562	23.2585531	25.8994688
16.5256794	17.283105	19.2455312
12.9531963	13.5468825	15.0850769
11.9519919	12.4997906	13.9190906
9.311701	9.73848681	10.8442519
9.094262	9.51108156	10.5910264
8.8236835	9.22810194	10.2759148
8.87368612	9.28039669	10.3341478
8.994016	9.40624119	10.4742814
8.94389744	9.35382563	10.4159151
8.87913719	9.28609725	10.3404957
9.00377256	9.41644506	10.4856436
8.97088544	9.38205138	10.4473447
9.18151	9.60232844	10.6926344
9.49700075	9.93227869	11.0600481
10.089795	10.5522452	11.7504088
11.2915425	11.8090731	13.1499438
14.4306288	15.0920319	16.80567
19.5298656	20.4249837	22.7441575
25.6527969	26.82855	29.8748206
36.1265531	37.7823519	42.0723844
41.2123962	43.1012962	47.9952713
35.3510788	36.9713356	41.1692806
24.8442625	25.9829575	28.9332169
17.8294638	18.6466481	20.7638975
13.3375006	13.9488019	15.5326319
11.1094074	11.6185875	12.9378306
10.1794071	10.6459621	11.8547669
8.43404569	8.82060581	9.82214975
8.04730987	8.41614469	9.37176344
7.82316581	8.18172713	9.11072913
7.86031669	8.22058106	9.15399425
7.8721075	8.23291213	9.16772556
7.86108606	8.22138562	9.15489044
8.00454725	8.37142219	9.32196306
8.376926	8.76086825	9.75562863
8.89389238	9.30152862	10.3576788
10.2902324	10.7618686	11.983835
12.016345	12.5670931	13.994035
16.4046181	17.1564963	19.1045469
21.3091938	22.285865	24.8163331
21.7090119	22.7040081	25.281955
17.5757456	18.3812994	20.4684225
13.3476319	13.9593987	15.5444312
10.7583258	11.2514132	12.5289675
9.19327175	9.61462956	10.7063319
7.93713487	8.30092	9.24345544
7.47044975	7.81284512	8.69996169
7.35522763	7.692342	8.56577606
7.40659913	7.74606794	8.62560238
7.53690413	7.88234538	8.77735338
8.116407	8.48840875	9.45223281
9.26727294	9.69202238	10.7925126
10.9133924	11.4135888	12.709555
13.5475687	14.1684994	15.7772719
13.0137144	13.6101762	15.155555
10.8813521	11.3800806	12.6722431
8.81934269	9.22356225	10.2708591
7.87876325	8.23987313	9.17547688
7.44215562	7.78325394	8.66701088
7.59934344	7.94764625	8.85006894
8.378231	8.76223312	9.75714906
9.28300662	9.70847731	10.810835
9.07681338	9.49283456	10.5707054
7.99292437	8.35926663	9.30842706
