#?RADIANCE
genskyvec -m 1
NROWS=146
NCOLS=1
NCOMP=3
FORMAT=ascii

0.337401144	0.352865344	0.392931756
7.19898694	7.52894025	8.38382069
7.56141563	7.9079805	8.80589894
8.21842519	8.59510306	9.57104144
9.66720631	10.1102874	11.2582684
12.8332798	13.4214716	14.9454244
17.6118862	18.4190981	20.5105106
24.3837419	25.5013288	28.3969019
62.9106248759999	64.669516076	69.2266454759999
183.402590994477	185.836166594477	192.141351594477
63.3854519640859	65.1175919640859	69.605421364086
27.2920944	28.5429825	31.7839219
17.3015781	18.0945669	20.1491294
12.5169752	13.0906696	14.5770606
10.0615556	10.5227091	11.7175201
8.24019612	8.61787175	9.59639512
7.67485506	8.02661919	8.93800856
6.712114	7.01975219	7.81681638
6.99048663	7.31088381	8.14100463
7.040924	7.36363281	8.19974331
7.00952113	7.3307905	8.16317194
7.597922	7.94615981	8.84841412
7.367365	7.70503569	8.57991094
7.646516	7.99698131	8.90500562
7.76494825	8.12084156	9.04292975
7.28009719	7.613768	8.47828025
7.41810887	7.75810544	8.63900656
7.00957719	7.33084931	8.16323731
7.18520319	7.51452456	8.36776806
6.84305006	7.15668969	7.96930244
7.00838019	7.32959731	8.16184313
6.88694137	7.20259269	8.0204175
7.00374463	7.32474931	8.15644481
8.10124356	8.47255038	9.43457369
9.42987088	9.862073	10.9818713
12.1926582	12.7514874	14.1993656
15.4994063	16.209795	18.0503519
21.5141881	22.500255	25.0550675
30.8192863	32.2318344	35.8916275
37.5628844	39.284515	43.7451113
27.1328663	28.3764556	31.5984844
21.3536825	22.3323931	24.8681462
15.6811919	16.3999131	18.262055
12.3935425	12.96158	14.4333144
9.63082275	10.0722337	11.2158964
8.13114169	8.5038185	9.4693925
7.17208644	7.50080694	8.35249281
7.118199	7.44444969	8.28973638
6.485647	6.78290563	7.55307675
6.51764631	6.8163715	7.59034262
6.46447838	6.760767	7.52842412
6.66757419	6.97317131	7.76494594
6.95887925	7.27782762	8.10419525
6.77722469	7.08784719	7.89264325
7.17645756	7.50537838	8.35758325
7.27199575	7.60529525	8.46884556
7.23184075	7.5633	8.42208175
6.823931	7.13669431	7.94703675
6.73760944	7.04641631	7.84650794
6.54204331	6.84188681	7.61875519
6.664661	6.97012444	7.76155356
4.906176	5.13104231	5.71365119
4.97245987	5.20036394	5.79084394
5.69387244	5.95484169	6.63098931
7.69813306	8.050964	8.96511775
10.1596861	10.6253371	11.8318013
13.8668869	14.5024513	16.1491462
16.8789175	17.6525344	19.6569062
16.8104356	17.5809137	19.577155
12.3770821	12.9443639	14.4141444
9.58223756	10.0214243	11.1593154
7.46510081	7.80725125	8.69373269
6.06370294	6.34162244	7.06168756
5.22356913	5.4629825	6.08328175
4.71736156	4.93357375	5.49376069
4.707076	4.92281681	5.48178231
4.79090544	5.01048844	5.57940894
4.72953669	4.94630719	5.50794
5.14270994	5.37841731	5.98911456
4.99181538	5.22060663	5.81338506
4.70896138	4.9247885	5.48397819
4.90008925	5.12467644	5.7065625
4.86117231	5.08397594	5.66124056
4.52111131	4.72832894	5.26521125
4.71488612	4.930985	5.490878
3.3255085	3.4779275	3.872832
3.60971481	3.77515975	4.20381381
3.96908512	4.15100137	4.62233037
4.66154969	4.87520394	5.42876344
6.07024688	6.34846631	7.06930869
6.94601225	7.264371	8.08921062
7.71677312	8.07045844	8.98682625
8.01564444	8.38302806	9.33488756
6.601098	6.90364813	7.687529
5.65364163	5.91276669	6.58413713
4.59211088	4.80258244	5.347896
3.75754694	3.92976775	4.37597681
3.54841775	3.71105356	4.13242856
3.40107888	3.55696169	3.96083987
3.326634	3.47910469	3.87414275
3.18824988	3.33437806	3.71298306
3.21653313	3.36395763	3.74592119
3.28789725	3.43859231	3.82903056
3.42034931	3.57711525	3.98328213
3.38584494	3.54102938	3.94309869
3.38921287	3.54455169	3.94702106
3.38119	3.53616119	3.93767781
3.258834	3.40819719	3.795184
3.38438656	3.53950413	3.94140025
2.3684135	2.47696575	2.75821519
2.60610806	2.72555469	3.03503031
2.85161931	2.9823185	3.3209485
3.5281855	3.68989375	4.10886619
4.05497325	4.24082594	4.72235444
4.05854562	4.24456212	4.72651475
3.87943425	4.0572415	4.51792456
3.29115125	3.44199556	3.83282006
2.84809925	2.97863713	3.31684919
2.56350463	2.68099844	2.98541475
2.26640462	2.37028144	2.63941713
2.32491494	2.43147356	2.70755744
2.34665925	2.4542145	2.73288037
2.3063705	2.41207906	2.68596075
2.23107888	2.3333365	2.59827719
2.24834606	2.35139506	2.61838637
2.31524187	2.42135712	2.69629219
2.31315481	2.41917437	2.69386175
1.83432481	1.91839794	2.13622413
1.88669725	1.97317075	2.19721631
2.27006819	2.37411294	2.64368381
2.56593731	2.6835425	2.98824788
2.3215125	2.42791525	2.70359494
2.02141356	2.11406163	2.35410475
1.86160938	1.94693313	2.16799937
1.72911456	1.80836569	2.01369819
1.71635975	1.79502637	1.99884419
1.67839625	1.75532275	1.9546325
1.74771537	1.82781906	2.03536031
1.67803544	1.75494525	1.95421219
1.44836588	1.51474938	1.68674294
1.52298794	1.59279138	1.77364631
1.55133506	1.62243788	1.80665906
1.49851288	1.56719462	1.74514319
1.36025219	1.42259687	1.58412712
1.38679275	1.45035394	1.61503569
1.35170012	1.41365319	1.57416762
