#?RADIANCE
genskyvec -m 1
NROWS=146
NCOLS=1
NCOMP=3
FORMAT=ascii

1.45020831	1.51667613	1.6888885
11.5457264	12.0749029	13.4459587
11.9743418	12.5231642	13.9451181
12.821999	13.4096742	14.9322881
14.7666781	15.4434831	17.1970288
19.2307825	20.1121925	22.3958512
26.1289294	27.326505	30.4293194
36.0442656	37.6962925	41.9765531
58.5514756	61.2350837	68.1880781
389.618234090391	393.770149690391	404.527437690391
212.279375422942	215.334278622942	223.249270422942
48.5939462	50.8211669	56.5917031
29.6786044	31.0388738	34.5632094
21.0724463	22.0382638	24.54062
16.7641656	17.5325219	19.5232694
13.6268361	14.2514	15.8695869
12.6026469	13.1802671	14.6768338
11.0181192	11.5231172	12.8315195
11.3385301	11.8582114	13.2046646
11.2768339	11.7936876	13.1328138
11.1223446	11.6321201	12.9528985
11.8811306	12.4256837	13.8365694
11.4869136	12.0133973	13.3774689
11.8592833	12.4028335	13.811125
12.0208275	12.5717837	13.9992563
11.3663426	11.8872985	13.2370525
11.6254757	12.1583091	13.538835
11.1092579	11.6184318	12.9376584
11.4485884	11.9733154	13.3328363
11.0050245	11.5094213	12.8162687
11.2794654	11.7964408	13.1358787
11.3674644	11.8884744	13.2383612
11.6226894	12.1553969	13.5355925
13.1258338	13.7274331	15.2861281
15.1125388	15.8051975	17.5998131
19.4507575	20.3422481	22.6520275
25.1466194	26.2991725	29.2853344
34.9242425	36.5249362	40.6721925
52.3325856	54.73116	60.9456606
226.018256746937	229.433808646937	238.283199946937
55.82684	58.3855687	65.0150119
41.6547987	43.5639762	48.5104875
29.2435744	30.5839038	34.0565813
22.0847175	23.0969344	25.7194969
16.8527031	17.6251194	19.6263781
14.0888719	14.7346119	16.4076663
12.29281	12.85623	14.3160031
11.9213181	12.4677131	13.88337
10.9357681	11.4369888	12.7356119
10.8366529	11.33333	12.6201856
10.7000548	11.1904737	12.4611062
10.8942637	11.3935831	12.6872769
11.212395	11.7262944	13.0577681
10.9982575	11.5023444	12.8083888
11.4766425	12.002655	13.3655075
11.6080475	12.1400825	13.5185388
11.5854125	12.1164119	13.4921806
11.1352056	11.64557	12.9678756
11.0645687	11.5716969	12.8856156
10.8629068	11.36079	12.6507619
11.0451608	11.5513975	12.8630119
9.10141113	9.51855869	10.5993522
9.35838156	9.787307	10.8986166
10.6371946	11.1247337	12.3879019
13.9344163	14.5730762	16.22779
18.7116375	19.5692556	21.7912631
26.6587269	27.8805856	31.0463113
34.9093275	36.5093369	40.6548219
36.5113775	38.1848144	42.5205444
26.8988256	28.1316875	31.3259269
19.7267175	20.6308594	22.9734075
14.9123856	15.5958688	17.366715
11.6894272	12.2251931	13.6133125
9.96426975	10.4209649	11.6042219
9.00142244	9.41398725	10.4829067
8.77517225	9.1773675	10.2194196
8.77068094	9.17267044	10.2141883
8.65386731	9.05050219	10.0781496
9.11620906	9.53403519	10.616585
8.95152631	9.36180419	10.4247979
8.64005494	9.03605706	10.0620641
8.87195319	9.27858413	10.3321295
8.84071556	9.24591463	10.2957494
8.4738585	8.86224356	9.86851544
8.74763569	9.14856869	10.187351
7.31214519	7.647285	8.51560287
7.86757613	8.22817331	9.16244844
8.77327275	9.175381	10.2172078
10.2082693	10.6761477	11.88838
13.3419406	13.9534462	15.5378025
15.7342756	16.4554288	18.3238756
18.4781375	19.3250519	21.5193319
19.4220975	20.3122756	22.6186513
16.07692	16.8137794	18.7229144
13.4110331	14.025705	15.6182675
10.7072923	11.1980409	12.4695338
8.76288456	9.16451594	10.2051099
8.05538925	8.42459431	9.38117288
7.48707531	7.83023281	8.71932362
7.20918806	7.539609	8.3957005
6.96719094	7.28652062	8.113875
6.95206244	7.27069844	8.0962565
7.01882556	7.3405215	8.17400762
7.16900912	7.4975885	8.348909
7.13519975	7.46222944	8.30953488
7.14523319	7.47272281	8.32121969
7.147936	7.47554962	8.32436756
7.0374035	7.35995087	8.19564313
7.23155606	7.56300219	8.42175031
6.25400244	6.54064387	7.28330725
6.85420769	7.16835862	7.9822965
7.66868431	8.02016544	8.93082225
9.38949456	9.8198455	10.9348478
10.9975507	11.5016051	12.8075662
11.4581564	11.9833219	13.3439775
10.8897328	11.3888459	12.6820031
9.04309831	9.45757381	10.5314427
7.77185956	8.12806944	9.05097775
6.82794431	7.14089163	7.95171062
6.18383688	6.46726256	7.20159375
6.0609955	6.33879106	7.0585345
5.99785194	6.27275325	6.98499881
5.92590325	6.19750694	6.9012085
5.84117138	6.10889144	6.80253113
5.86788206	6.13682656	6.83363794
5.96988481	6.24350425	6.95242869
6.03640113	6.31306931	7.02989244
5.73098769	5.99365781	6.67421306
6.15639331	6.43856106	7.16963344
7.28676006	7.62073638	8.48603981
8.23073369	8.60797562	9.58537575
7.66846481	8.01993581	8.93056637
6.65368212	6.95864256	7.748768
5.97422637	6.248045	6.95748481
5.53357637	5.78719863	6.44431119
5.34960675	5.59479706	6.23006331
5.27008612	5.51163156	6.13745469
5.3474295	5.59251981	6.22752737
5.36190662	5.60766069	6.24438744
5.34793725	5.59305069	6.22811881
5.76013894	6.02414531	6.70816231
5.89108844	6.16109662	6.86066381
5.56268769	5.81764388	6.4782135
5.10420375	5.33814644	5.94427113
5.07986537	5.31269244	5.91592687
5.30065681	5.54360369	6.17305712
