#?RADIANCE
genskyvec -m 1
NROWS=146
NCOLS=1
NCOMP=3
FORMAT=ascii

1.03286857	1.08020837	1.20286156
10.0180982	10.4772611	11.6669106
9.41984875	9.85159275	10.9702001
9.26363019	9.68821506	10.7882717
9.39477481	9.82536869	10.9409987
9.91953656	10.3741828	11.5521285
9.92235262	10.3771271	11.5554065
10.0534832	10.5142697	11.7081198
10.0694431	10.5309567	11.7267053
10.5533859	11.0370833	12.2903
9.65626956	10.0988489	11.2455319
10.1198544	10.5836799	11.7854138
9.51098506	9.94690512	11.0763348
9.36840712	9.7977915	10.9102907
9.46332894	9.89706494	11.0208349
9.55062887	9.9883675	11.1225061
10.7187916	11.21007	12.4829275
11.0359376	11.5417504	12.8522686
13.9947637	14.6361894	16.2980688
18.912665	19.779495	22.0253731
24.9040256	26.0454612	29.0028144
39.7231194	41.5437613	46.2608856
114.466884091303	117.060544691303	123.780494091303
262.073349879577	265.493041779577	274.353164879577
53.2887675	55.7311688	62.059215
31.3212381	32.7567931	36.4761944
21.9129681	22.9173112	25.51948
15.9789106	16.7112781	18.6087763
13.3668219	13.9794675	15.5667806
11.2692869	11.7857952	13.1240247
10.4102956	10.8874334	12.123657
9.53960975	9.976841	11.1096706
8.95060025	9.36083556	10.4237206
9.22862925	9.65160794	10.7475091
9.21911644	9.64165963	10.7364299
9.32748519	9.75499494	10.8626342
9.22930369	9.65231331	10.7482945
9.63880188	10.0805809	11.2251884
9.83292488	10.2836014	11.4512602
9.68550969	10.1294292	11.2795834
9.00481106	9.41753144	10.4868536
9.08542613	9.50184131	10.5807367
8.9799405	9.391521	10.4578899
9.236099	9.65941956	10.7562071
9.19007206	9.61128406	10.7026055
9.39377925	9.8243275	10.9398406
10.1297422	10.5940209	11.7969281
11.6861756	12.2217919	13.6095263
13.3404131	13.9518488	15.5360231
17.2673125	18.0587281	20.1092231
22.3227288	23.3458519	25.99668
31.3728563	32.8107769	36.5363088
46.2145388	48.3327044	53.820685
106.011546918356	108.265820018356	114.106450018356
42.9475994	44.9160306	50.0160606
30.2397694	31.6257562	35.2167331
22.3672063	23.3923681	26.0484756
15.93592	16.6663144	18.5587063
12.8458319	13.4345994	14.960045
10.9027949	11.402505	12.6972131
10.0559068	10.5168021	11.7109425
7.29784137	7.63232556	8.49894487
6.89426094	7.21024762	8.02894181
6.83129	7.14439044	7.95560687
7.23457637	7.56616063	8.42526712
7.299713	7.63428294	8.50112456
7.39504344	7.73398281	8.61214475
7.38292387	7.72130769	8.59803037
7.37504469	7.71306738	8.58885437
6.98689575	7.30712819	8.13682281
7.10149313	7.42697794	8.27028088
7.08704069	7.411863	8.25344975
7.48490581	7.82796363	8.71679681
8.05438088	8.42353969	9.37999781
9.04645537	9.46108456	10.5353517
11.5153636	12.0431501	13.4106006
15.4188694	16.125565	17.9565587
20.8963212	21.8540687	24.3355075
28.4475181	29.7513612	33.1295075
26.0263225	27.2191937	30.3098225
18.9652637	19.8345037	22.0866319
14.8181987	15.4973656	17.2570269
11.4858356	12.0122713	13.376215
8.79918738	9.20248369	10.2473877
7.964056	8.32907525	9.27480837
5.79051	6.05590812	6.74353175
5.64480494	5.90352487	6.57384606
5.46170644	5.71203437	6.36061256
5.54320206	5.79726525	6.45552106
5.69434269	5.95533319	6.63153694
5.67479387	5.9348885	6.60877062
5.61575625	5.873145	6.5400165
5.67720037	5.93740513	6.61157294
5.55369831	5.80824281	6.46774487
5.60393194	5.86077869	6.52624606
5.63714506	5.89551394	6.5649255
5.72947581	5.99207675	6.67245231
6.18115113	6.46445394	7.19846613
7.2074605	7.53780225	8.39368869
8.58914969	8.98281819	10.0027813
9.89045063	10.3437629	11.5182545
12.1840781	12.742515	14.189375
14.0015638	14.6433025	16.3059894
14.5908969	15.2596463	16.9923169
12.5901741	13.1672219	14.6623075
10.4133524	10.8906311	12.1272187
8.38652338	8.77090538	9.7668065
7.03579063	7.35826413	8.19376481
6.46143056	6.75757925	7.52487469
4.91531481	5.14059988	5.72429381
4.70848794	4.92429362	5.483427
4.57402675	4.78366937	5.32683562
4.66145319	4.87510294	5.42865075
4.682654	4.89727537	5.45334106
4.62273638	4.83461169	5.38356206
4.660023	4.87360719	5.42698538
4.74665219	4.964207	5.52787231
4.86494075	5.087917	5.66562925
5.29931894	5.54220444	6.17149875
5.67863506	5.93890569	6.61324437
6.8950005	7.21102106	8.029803
8.16038725	8.53440487	9.50345138
8.69835394	9.09702856	10.1299588
8.00142863	8.36816031	9.31833069
6.99253456	7.31302562	8.14338944
6.12856975	6.40946231	7.13723037
5.35226075	5.59757275	6.23315406
4.36740081	4.56757337	5.08620225
4.09354419	4.28116481	4.76727362
4.08681819	4.2741305	4.75944044
4.12854669	4.31777169	4.80803687
4.09822244	4.28605769	4.77272175
4.23510069	4.42920944	4.93212788
4.58162488	4.79161569	5.33568412
5.02320206	5.25343212	5.84993775
5.80513881	6.07120738	6.76056831
5.85665381	6.12508337	6.82056162
5.50352506	5.75576981	6.40931394
4.68906431	4.9039795	5.46080613
4.05662306	4.2425515	4.72427569
3.86037925	4.03731319	4.49573344
3.88602719	4.06413663	4.52560281
4.12318031	4.31215919	4.80178725
4.40278713	4.60458144	5.12741281
4.44843494	4.65232162	5.18057356
3.97684494	4.15911681	4.63136738
