#?RADIANCE
genskyvec -m 1
NROWS=146
NCOLS=1
NCOMP=3
FORMAT=ascii

27.0071875	28.2450138	31.4521206
35.3307987	36.9501287	41.1456637
35.5403875	37.1693212	41.3897444
35.385255	37.0070775	41.2090806
34.0626244	35.6238269	39.6687669
30.3272931	31.7172937	35.3186619
29.2628287	30.6040413	34.0790044
28.8421644	30.1640956	33.5891063
28.3549631	29.6545644	33.0217187
28.2044937	29.4971981	32.8464837
34.4030312	35.9798338	40.0651969
34.8747725	36.4731969	40.6145781
40.1557944	41.9962675	46.7647706
43.0051137	44.97618	50.0830419
44.4304775	46.4668725	51.7429956
46.63773	48.7752906	54.3135256
46.0701613	48.1817106	53.6525463
45.6289831	47.7203106	53.1387569
41.6800606	43.5903962	48.5399094
37.6008144	39.3241844	43.7892863
36.4266931	38.0962512	42.4219231
31.9009356	33.3630581	37.1512994
30.9543669	32.3731081	36.0489425
28.2914306	29.5881194	32.94773
29.0068819	30.3363625	33.7809325
30.8860738	32.301685	35.9694094
32.315465	33.7965881	37.6340512
34.86408	36.462015	40.6021262
33.8359919	35.3868081	39.4048331
35.2517794	36.867485	41.0536362
34.9942825	36.5981863	40.7537606
19.6128575	20.51178	22.8408094
17.5605819	18.3654412	20.4507625
19.0749775	19.9492469	22.2144019
17.84208	18.65984	20.7785894
17.4633169	18.2637188	20.3374888
16.75218	17.5199887	19.5093119
18.2746781	19.1122656	21.2823838
19.7177475	20.6214775	22.9629631
21.2791113	22.2544044	24.7813019
21.9884313	22.9962338	25.6073619
25.5302619	26.7004	29.7321194
28.9814325	30.3097475	33.7512956
33.4576306	34.991105	38.9642006
37.1055037	38.8061706	43.2124519
38.7734656	40.5505825	45.1549337
38.5341175	40.3002631	44.8761925
37.3574906	39.0697069	43.5059131
32.7619362	34.2635262	38.1540094
28.7235444	30.0400388	33.4509625
24.9932694	26.1387944	29.1067481
22.5171956	23.5492344	26.223155
20.4640344	21.4019706	23.8320756
17.8488831	18.6669575	20.786515
18.0745787	18.9029969	21.0493544
17.9157281	18.7368662	20.8643594
18.3351456	19.1755044	21.352805
17.7382631	18.5512656	20.6576862
18.7576981	19.6174263	21.8449038
18.5667213	19.4176919	21.6224931
19.22052	20.1014606	22.3838975
12.0681669	12.62129	14.0543862
11.5835681	12.1144819	13.4900312
11.6365369	12.1698787	13.5517169
12.4788838	13.0508337	14.5327019
13.0564525	13.6548719	15.2053256
14.3340012	14.9909769	16.6931406
16.2655625	17.0110662	18.9426037
19.1914056	20.0710094	22.3499937
22.2687612	23.2894125	25.9338288
28.1799363	29.4715163	32.8178856
35.1641125	36.7758019	40.9515431
42.1080394	44.03799	49.0383237
42.0894837	44.0185831	49.0167125
36.503165	38.176225	42.5109794
28.4366156	29.7399594	33.11681
22.9970238	24.0510531	26.7819531
18.4611106	19.3072437	21.4995031
16.470105	17.2249844	19.1808106
14.0866131	14.7322494	16.405035
12.7032263	13.2854575	14.7939662
12.3544294	12.9206744	14.3877637
12.1767525	12.7348538	14.1808431
11.68611	12.2217244	13.60945
12.1597694	12.7170906	14.1610644
9.82885762	10.2793452	11.4465231
9.99070769	10.4486131	11.63501
10.2373936	10.7066069	11.9222963
10.7353694	11.2274075	12.5022338
11.9195112	12.4658231	13.8812644
12.982325	13.5773469	15.1190019
15.3896106	16.0949675	17.9224844
18.6676394	19.5232388	21.7400225
24.1821156	25.2904606	28.1620906
32.2798531	33.7593444	37.5925812
49.346105	51.6077981	57.4676525
77.3532837	80.8986369	90.0843513
73.323715	76.6843888	85.3915856
46.9832062	49.1366031	54.7158612
31.7078031	33.1610769	36.9263806
24.0874894	25.1914962	28.0518881
18.6749581	19.530895	21.7485469
15.5404294	16.2526981	18.0981269
13.2648812	13.8728544	15.44806
11.7971863	12.3378894	13.7388062
10.9090275	11.4090244	12.7044731
10.3683354	10.8435513	12.0747925
10.0232643	10.4826631	11.6729275
9.96551288	10.4222662	11.6056706
9.74348887	10.1900656	11.347105
10.0240482	10.4834831	11.6738413
10.7816969	11.2758556	12.5561831
12.0167225	12.5674888	13.9944762
13.9647331	14.6047819	16.2630956
18.7621875	19.6221213	21.8501313
26.062215	27.2567312	30.3516212
50.7715037	53.0985306	59.1276512
3311.78866348617	3316.26309248617	3327.85591448617
4923.53635007838	4928.75297107838	4942.26874907838
59.3200038	62.0388338	69.08309
30.9778175	32.3976344	36.0762525
20.068275	20.9880706	23.37118
14.9644169	15.6502863	17.4273112
12.6923062	13.2740362	14.7812487
11.06717	11.5744156	12.8886419
10.1369011	10.60151	11.8052669
9.77978506	10.2280249	11.3893762
10.7418775	11.2342138	12.5098125
11.767995	12.3073612	13.7048113
13.5568406	14.1781969	15.7880712
17.5658275	18.3709256	20.4568694
26.8462694	28.0767219	31.2647194
55.596235	58.1443925	64.7464513
2406.82539182963	2410.14177242963	2418.73423992963
40.3308175	42.1793112	46.9686006
21.4461781	22.4291269	24.9758638
15.1896969	15.8858912	17.6896687
11.8355712	12.378035	13.7835094
11.1757181	11.6879388	13.0150563
13.5031637	14.1220587	15.72556
15.9458612	16.6767113	18.5702825
22.9920556	24.0458575	26.776165
32.2898925	33.769845	37.6042719
19.9867731	20.9028325	23.2762644
14.7818844	15.4593856	17.2147375
18.3228956	19.1626938	21.33854
