#?RADIANCE
genskyvec -m 1
NROWS=146
NCOLS=1
NCOMP=3
FORMAT=ascii

1.76756388	1.84857725	2.05847544
13.5276863	14.1477056	15.7541175
13.9343156	14.5729719	16.2276738
14.8181588	15.4973244	17.25698
16.9086675	17.6836481	19.6915531
21.7101913	22.7052419	25.2833269
29.0957231	30.429275	33.8843944
39.7845588	41.6080175	46.3324356
64.107175	67.0454219	74.6581537
455.648024967916	460.246210967916	472.159668967916
342.755757724981	346.342852724981	355.636690224981
58.8003975	61.4954131	68.4779644
35.7309988	37.3686675	41.6117281
25.2560344	26.4136019	29.4127587
19.9708056	20.8861356	23.25767
16.1866556	16.9285419	18.8507094
14.8994925	15.582385	17.3517019
13.054532	13.6528629	15.2030906
13.3635594	13.9760556	15.5629781
13.2697487	13.8779462	15.45373
13.1464607	13.7490064	15.3101506
14.0116287	14.6538281	16.31771
13.5896892	14.21255	15.8263263
14.0009538	14.6426612	16.3052769
14.2387881	14.8913994	16.5822569
13.4911656	14.1095106	15.7115869
13.8122669	14.4453281	16.0855375
13.1999896	13.8049875	15.3724875
13.54719	14.1681056	15.7768344
12.9958738	13.5915161	15.1347788
13.2528163	13.8602369	15.4340087
12.9013956	13.4927081	15.0247513
13.0485312	13.6465869	15.1961012
14.7409744	15.4166031	17.1670944
16.8202887	17.5912188	19.5886306
21.47383	22.4580469	25.008065
27.6144837	28.8801444	32.1593675
38.4810575	40.2447719	44.8144019
58.4336644	61.1118731	68.050875
399.156777972082	403.267862272082	413.919330072082
68.9198712	72.0786963	80.2629356
50.4640813	52.7770169	58.7696313
34.7847019	36.3790013	40.5096863
26.0019081	27.19366	30.2813894
19.6209525	20.5202444	22.8502338
16.2552962	17.0003306	18.9306487
14.089525	14.7352938	16.4084275
13.7127162	14.3412156	15.9696006
12.4563619	13.0272781	14.5064713
12.333305	12.8985806	14.3631625
12.1345462	12.6907106	14.1316913
12.3811637	12.9486331	14.4188988
12.7841544	13.3700938	14.888215
12.4841238	13.0563112	14.5388025
13.1390637	13.7412706	15.3015362
13.316445	13.9267813	15.5081106
13.3107988	13.9208756	15.5015325
12.7285375	13.3119275	14.8234431
12.6560919	13.2361638	14.7390756
12.3725425	12.9396169	14.4088556
12.5684688	13.1445231	14.6370306
9.97828575	10.435624	11.6205469
10.1973099	10.6646855	11.8756162
11.5456131	12.0747869	13.44583
15.1324631	15.8260331	17.6230137
20.3726756	21.3064231	23.7256806
29.5182881	30.8712069	34.3765069
40.1161637	41.9548225	46.71862
43.606685	45.6053238	50.7836206
31.7477588	33.2028644	36.9729137
22.8844356	23.9333038	26.6508337
17.0244444	17.8047312	19.8263844
13.169705	13.773315	15.3372194
11.1148071	11.6242344	12.9441175
9.96103862	10.4175866	11.60046
9.69173256	10.1359366	11.2868319
9.68000981	10.1236769	11.2731769
9.52455125	9.96109394	11.092135
10.0864186	10.5487124	11.7464759
9.88273412	10.3356922	11.5092673
9.50678406	9.94251131	11.0714431
9.80402531	10.2533766	11.4176056
9.77219425	10.2200871	11.3805369
9.31610531	9.74309344	10.8493811
9.631285	10.0727192	11.2164344
7.83726144	8.19646925	9.12714462
8.42677463	8.81300144	9.81368188
9.37577656	9.8055	10.9188745
10.9352337	11.4364318	12.7349913
14.4217756	15.0827725	16.7953606
17.2025494	17.9910006	20.0338038
20.7202663	21.6699438	24.1304756
22.1794619	23.1960213	25.8298338
18.30808	19.1471988	21.321285
15.1304244	15.8239012	17.6206394
11.9115504	12.4574969	13.8719956
9.61542294	10.0561296	11.1979619
8.78900487	9.19183412	10.2355299
8.12345594	8.49578106	9.460442
7.79268919	8.1498535	9.07523612
7.49975075	7.84348912	8.73408531
7.47433813	7.81691194	8.70449
7.54857513	7.89455138	8.79094531
7.72573338	8.07982912	8.9972605
7.68818581	8.04056075	8.95353356
7.70477375	8.05790906	8.97285169
7.71147175	8.06491381	8.98065188
7.57350269	7.92062112	8.81997519
7.78703394	8.14393944	9.06865044
6.60108537	6.90363494	7.68751438
7.24139275	7.57328969	8.43320563
8.11948069	8.49162337	9.45581219
10.0379696	10.4980436	11.6900519
11.9189654	12.4652498	13.8806294
12.5985419	13.175975	14.6720519
12.0211762	12.572145	13.9996613
9.89877844	10.3524729	11.5279539
8.42127981	8.80725444	9.80728262
7.32811806	7.66398969	8.53420437
6.57634463	6.87776006	7.65870156
6.43175069	6.72653894	7.49031
6.3523575	6.643507	7.39785006
6.26343925	6.55051363	7.29429744
6.1640965	6.44661756	7.1786045
6.19559225	6.47955687	7.21528381
6.31216969	6.60147725	7.35104806
6.37745744	6.66975744	7.42708106
5.99385125	6.26856906	6.9803395
6.44969238	6.745303	7.51120469
7.71042194	8.06381612	8.97942906
8.82234381	9.22670062	10.2743551
8.2248005	8.60177031	9.5784665
7.0888755	7.41378212	8.25558644
6.31782231	6.60738906	7.35763094
5.8116795	6.07804788	6.76818537
5.59699338	5.853522	6.51816562
5.50125175	5.75339225	6.40666644
5.58749131	5.84358462	6.50709975
5.59359369	5.84996644	6.51420619
5.56065225	5.81551544	6.47584338
6.01840288	6.29424619	7.00893188
6.18237225	6.46573075	7.19988788
5.82604944	6.0930765	6.78492044
5.30349588	5.54657244	6.17636306
5.27216981	5.51381069	6.13988131
5.51407856	5.766807	6.42160425
