#?RADIANCE
genskyvec -m 1
NROWS=146
NCOLS=1
NCOMP=3
FORMAT=ascii

0.8244812	0.862269919	0.960177137
9.30471494	9.73118088	10.8361174
9.68116125	10.1248803	11.2745195
10.4008879	10.8775958	12.1127022
12.0346521	12.58624	14.0153569
15.6495344	16.3668025	18.2251875
21.2259219	22.198775	24.7193563
29.3462675	30.6913044	34.176175
46.8761419	49.02463	54.591175
275.989251525442	279.173409625442	287.423289625442
102.986225903527	105.287982703527	111.251639603527
36.0057881	37.6560525	41.9317425
22.5293056	23.5618981	26.2372562
16.2109869	16.9539906	18.8790475
13.0027189	13.5986756	15.14275
10.7196921	11.2110101	12.483975
9.98056281	10.4380048	11.6231964
8.81957919	9.22380894	10.2711354
9.089193	9.50578113	10.5851225
9.08412663	9.50048188	10.5792245
9.04474988	9.4593005	10.5333654
9.67261512	10.1159429	11.2645675
9.37802825	9.80785512	10.9214963
9.65356181	10.0960164	11.2423778
9.81983719	10.2699128	11.43602
9.26437337	9.68899056	10.7891354
9.48105794	9.91560581	11.0414829
9.02963825	9.4434965	10.515766
9.26281356	9.68735881	10.7873183
8.87213369	9.27877313	10.3323393
9.07249281	9.48831544	10.5656744
8.71550794	9.11496844	10.1499352
8.81651631	9.22060706	10.2675693
10.0789484	10.5409002	11.7377773
11.5647273	12.0947769	13.4680906
14.8057456	15.48434	17.2425238
18.8488619	19.7127675	21.9510712
26.2405069	27.4431956	30.55926
38.5560094	40.3231594	44.9016863
101.7504905657	104.0737587657	110.0931405657
36.8059531	38.4928925	42.8636013
28.3198119	29.6178025	32.9807819
20.39326	21.3279494	23.7496506
15.884405	16.6124394	18.4987138
12.3242	12.8890575	14.3525575
10.3975508	10.8741053	12.1088144
9.17522587	9.59575688	10.6853164
9.08608294	9.50252769	10.5815004
8.28643469	8.66622925	9.6502445
8.27042325	8.649484	9.63159756
8.15629331	8.530123	9.49868381
8.36010244	8.74327406	9.73603625
8.66240719	9.05943419	10.0880951
8.42940938	8.815757	9.816751
8.90631794	9.31452375	10.3721496
9.0185445	9.43189406	10.5028468
9.00372294	9.41639288	10.4855859
8.56359625	8.95609425	9.97302188
8.50980525	8.89983781	9.91037788
8.30308375	8.68364163	9.66963362
8.45427625	8.84176356	9.84571019
6.5414705	6.84128775	7.61808787
6.67058344	6.97631825	7.76845069
7.56083537	7.90737344	8.80522319
9.9482795	10.4042419	11.5856019
13.1593529	13.7624887	15.3251644
18.277145	19.1148444	21.2852588
23.031965	24.0875937	26.8226431
23.4405306	24.5148862	27.2984512
17.3351075	18.1296331	20.1881788
13.1068763	13.7076087	15.2640506
10.1238616	10.5878697	11.7900807
8.14394163	8.51720537	9.48429925
7.03225381	7.35456537	8.18964606
6.38814187	6.68093144	7.43952387
6.30363025	6.59254638	7.34110331
6.35146112	6.64256962	7.39680619
6.26950881	6.55686112	7.30136581
6.68101975	6.98723319	7.78060487
6.52946531	6.82873231	7.60410694
6.2512295	6.53774413	7.28007813
6.45224969	6.7479775	7.51418275
6.41916988	6.71338144	7.4756585
6.08615494	6.36510356	7.08783494
6.30566181	6.59467125	7.34346919
4.99563931	5.22460594	5.81783856
5.3689615	5.61503881	6.2526035
5.93075694	6.20258325	6.90686106
6.87317363	7.18819406	8.004384
8.87117475	9.27776981	10.3312225
10.2816951	10.7529385	11.9738922
11.7323199	12.2700504	13.6632644
12.2054268	12.7648423	14.2142375
10.1374864	10.6021207	11.8059472
8.59112644	8.98488606	10.0050822
6.97819431	7.29802794	8.12668937
5.78277981	6.04782369	6.73452937
5.39193194	5.63906181	6.27935437
5.08955687	5.32282813	5.92721337
4.94422169	5.17083169	5.75795844
4.78146944	5.00062006	5.56841994
4.793408	5.01310563	5.58232338
4.85897731	5.08168025	5.65868425
4.98770037	5.21630306	5.80859288
4.95694775	5.18414113	5.77277888
4.96148594	5.18888712	5.77806394
4.95665337	5.18383325	5.77243619
4.84907462	5.07132375	5.64715194
4.98842137	5.21705731	5.80943275
4.10922237	4.29756169	4.78553213
4.48304931	4.68852219	5.22088487
4.9574285	5.184644	5.773339
6.01145144	6.28697606	7.0008365
6.93097488	7.24864431	8.071698
7.09936938	7.42475712	8.26780762
6.75697775	7.06667256	7.86906406
5.69847787	5.95965794	6.63635256
4.95735588	5.18456781	5.77325431
4.42568806	4.62853187	5.15408288
4.02110969	4.20541031	4.6829175
3.997599	4.18082206	4.65553713
3.98530544	4.16796525	4.6412205
3.94127762	4.12191931	4.5899465
3.87282956	4.05033413	4.51023306
3.89038987	4.06869944	4.53068356
3.96136531	4.14292781	4.61334025
3.98787487	4.17065231	4.64421262
3.65527944	3.82281312	4.25687756
3.87403812	4.051598	4.51164044
4.54263962	4.75084388	5.29028262
5.07495106	5.30755281	5.91020375
4.71293656	4.92894619	5.48860756
4.13100344	4.32034106	4.810898
3.76144338	3.93384269	4.38051444
3.51308	3.67409606	4.09127456
3.43064631	3.58788425	3.99527369
3.383053	3.53810944	3.93984706
3.44644756	3.60440969	4.01367581
3.42331481	3.58021656	3.98673544
3.32713119	3.47962456	3.87472169
3.54565244	3.70816144	4.12920806
3.61153744	3.77706606	4.20593638
3.43723775	3.59477769	4.00294987
3.177223	3.32284563	3.70014113
3.17860362	3.32428963	3.701749
3.26534144	3.41500281	3.80276244
