#?RADIANCE
genskyvec -m 1
NROWS=146
NCOLS=1
NCOMP=3
FORMAT=ascii

26.7441437	27.9699156	31.145785
34.5345962	36.1174313	40.2184181
36.2606794	37.9226256	42.2285844
37.0360037	38.7334869	43.1315163
36.4149581	38.0839769	42.4082569
32.62053	34.1156344	37.9893256
31.0155988	32.4371456	36.1202513
29.7205306	31.0827219	34.6120362
27.6092556	28.8746819	32.1532825
25.895865	27.0827587	30.1578937
30.878115	32.2933613	35.96014
29.8878338	31.2576913	34.8068744
34.427685	36.0056194	40.0939106
37.1893362	38.8938462	43.3100819
39.2083637	41.0054113	45.6614081
43.1523125	45.1301231	50.254465
45.1284112	47.1967962	52.5557987
46.9632731	49.115755	54.6926469
45.3636438	47.4428087	52.8297463
42.6384138	44.5926744	49.6559887
41.4523206	43.3522169	48.2746819
36.5766612	38.2530894	42.5965725
34.3687844	35.94402	40.0253169
30.5704263	31.9715706	35.6018106
29.6940419	31.0550194	34.5811888
29.7012037	31.0625075	34.5895287
29.8762613	31.24559	34.7933981
31.6587288	33.1097531	36.8692281
30.8194837	32.232045	35.8918612
32.5811325	34.0744331	37.943445
33.3190075	34.8461263	38.8027625
19.2924725	20.1767106	22.4676925
17.6784381	18.4886975	20.5880163
19.6118319	20.5107075	22.839615
18.5004381	19.3483744	21.5453044
17.8834494	18.7031081	20.8267687
16.5324887	17.2902275	19.2534619
17.5790963	18.3848044	20.4723238
18.0747519	18.9031781	21.0495556
18.33337	19.1736494	21.3507406
18.0126206	18.8382	20.9771987
20.5401494	21.4815719	23.9207169
23.0596362	24.1165362	26.8548681
27.0222875	28.2608075	31.4697062
30.6241169	32.0277206	35.6643375
33.7389912	35.2853594	39.2918681
37.2781469	38.9867262	43.4135106
39.4256606	41.2326688	45.9144694
38.1383856	39.8863938	44.4153325
34.7662512	36.3597044	40.4882
30.6597881	32.0650256	35.7058788
27.3465125	28.5998919	31.847295
24.29966	25.4133937	28.2989806
20.6479094	21.5942719	24.0462119
19.7345825	20.6390812	22.9825656
18.5165119	19.3651844	21.5640219
18.0931413	18.92241	21.0709712
17.0073819	17.786885	19.8065144
17.6598537	18.469265	20.5663738
17.5814875	18.3873031	20.4751087
18.4493	19.2948925	21.4857475
11.8922881	12.4373506	13.84956
11.432075	11.9560437	13.313605
11.4246381	11.9482662	13.3049438
12.0909369	12.6451038	14.0809031
12.1134844	12.6686875	14.1071625
12.5923044	13.1694506	14.6647881
13.5622706	14.183875	15.794395
15.3201988	16.0223744	17.8416475
17.0944194	17.8779137	19.9078775
20.9116925	21.8701437	24.3534094
25.3220006	26.4825919	29.4895825
33.0723819	34.5881981	38.515545
40.9493825	42.8262287	47.6889706
44.3984912	46.4334219	51.705745
38.4871456	40.2511394	44.8214906
30.62575	32.0294313	35.6662381
23.4759194	24.5519	27.3396675
20.1219069	21.0441612	23.4336394
16.4871463	17.2428056	19.2006563
14.2868469	14.9416606	16.6382256
13.0989169	13.6992844	15.2547825
12.3636	12.9302637	14.3984438
11.6051869	12.1370919	13.5152081
11.9058231	12.4515056	13.8653244
9.663148	10.1060423	11.2535425
9.67174606	10.1150331	11.2635525
9.65438962	10.0968826	11.2433413
9.88327819	10.33626	11.5099006
10.5020487	10.9833919	12.2305106
11.0455681	11.5518219	12.8634844
12.4279781	12.9975963	14.4734206
14.3307175	14.9875406	16.6893138
17.1894306	17.9772788	20.0185262
21.0184912	21.9818375	24.4777856
28.6871031	30.0019281	33.4085237
45.5663156	47.6547712	53.0657762
61.6959788	64.5237087	71.8501125
69.55021	72.7379244	80.9970119
53.332395	55.7767956	62.1100213
37.9285381	39.6669275	44.1709444
25.9799538	27.1707025	30.2558238
19.8420894	20.7515181	23.1077694
15.9303256	16.660465	18.5521912
13.5520506	14.1731856	15.7824931
12.0173069	12.5681006	13.9951581
10.9235781	11.4242406	12.7214175
10.2556719	10.7257231	11.943585
9.97143325	10.4284569	11.612565
9.59428706	10.0340252	11.1733475
9.50434375	9.93995888	11.0686013
9.81604325	10.2659433	11.4316006
10.4456925	10.9244538	12.1648806
11.5827925	12.1136712	13.4891281
14.24114	14.8938581	16.5849931
17.63049	18.4385531	20.5321744
27.0898456	28.3314619	31.5483831
44.4969725	46.5364138	51.8204331
3341.67484604828	3346.28609804828	3358.23347204828
5160.60459161198	5166.24163361198	5180.84669961198
57.7255981	60.3713513	67.2262731
29.8380325	31.2056081	34.7488769
18.9475994	19.8160288	22.0660587
14.8763356	15.5581681	17.324735
12.2713906	12.8338288	14.2910581
10.7287494	11.220485	12.494525
9.95802544	10.4144362	11.5969512
10.4719056	10.9518681	12.1954081
10.8904428	11.3895862	12.6828281
11.7419206	12.2800919	13.6744456
13.9354544	14.5741613	16.2289975
18.8508812	19.7148806	21.9534237
34.2850025	35.8563975	39.9277444
2135.80007868468	2138.92495928468	2147.02124738468
62.8034112	65.6818969	73.139805
30.1339094	31.5150437	35.0934506
18.1881669	19.0217887	21.1816369
12.9123494	13.5041663	15.0375075
11.4870919	12.0135831	13.377675
13.1417925	13.7441244	15.3047119
14.3574306	15.0154787	16.7204262
19.2149313	20.095615	22.3773912
29.3992675	30.7467325	34.2378987
21.772185	22.7700763	25.355525
15.6034006	16.3185556	18.1714612
17.5519194	18.3563819	20.4406738
