#?RADIANCE
genskyvec -m 1
NROWS=146
NCOLS=1
NCOMP=3
FORMAT=ascii

23.5454656	24.6246344	27.4206594
32.7529619	34.2541375	38.1435544
35.8035894	37.4445856	41.6962662
37.6486337	39.3741963	43.8449756
38.1419613	39.8901331	44.4194944
35.0432238	36.6493687	40.810755
33.6099038	35.150355	39.1415325
31.9307944	33.3942888	37.1860725
28.6605031	29.9741081	33.3775469
25.7173475	26.8960588	29.9499969
29.4529219	30.8028456	34.3003831
26.8557994	28.08669	31.2758169
30.1774356	31.5605656	35.1441381
32.1359081	33.6088037	37.4249437
33.9572175	35.5135881	39.5460125
38.4891225	40.2532062	44.8237913
41.9217462	43.8431588	48.8213681
45.9991644	48.1074581	53.5698625
47.3713213	49.5425038	55.1678537
47.6524019	49.8364681	55.4951956
47.2299831	49.3946888	55.0032531
42.6692087	44.62488	49.6918519
39.3342131	41.1370294	45.8079713
34.5400831	36.1231681	40.2248063
32.3338881	33.8158562	37.6555075
30.288135	31.6763375	35.2730562
28.9827363	30.3111112	33.7528119
29.4334206	30.7824513	34.2776719
28.1862575	29.4781263	32.8252462
29.6858669	31.0464669	34.5716675
30.9328394	32.3505925	36.0238712
18.5787275	19.43025	21.6364762
17.463065	18.2634538	20.3371938
19.8618094	20.7721406	23.1307338
19.179275	20.0583244	22.3358644
18.7559238	19.6155694	21.8428381
17.1375094	17.9229781	19.9580581
18.0554088	18.8829487	21.0270294
17.9237156	18.74522	20.8736637
17.0262588	17.8066281	19.8284981
15.5579013	16.2709719	18.1184731
17.1396337	17.9252025	19.9605338
18.7554569	19.6150806	21.8422931
21.9478519	22.953795	25.560105
24.9295444	26.0721475	29.0325331
27.9981494	29.2813937	32.6061787
32.8507881	34.3564494	38.2574825
37.9927819	39.7341188	44.2457631
41.4951094	43.3969681	48.3245156
41.837285	43.7548244	48.7230069
38.5848531	40.3533256	44.9352787
34.1595725	35.7252194	39.78167
29.5373756	30.8911725	34.3987362
24.5251781	25.6492462	28.561615
22.4867131	23.5173531	26.1876531
20.174535	21.0992006	23.4949281
18.8101038	19.6722344	21.905935
16.9124925	17.6876469	19.6960075
16.9013281	17.6759719	19.6830056
16.6245581	17.3865175	19.3606856
17.4610937	18.2613931	20.3349
11.58024	12.1110019	13.4861562
11.1937213	11.706765	13.0360206
11.2716056	11.7882231	13.1267263
12.0218075	12.5728087	14.0003987
11.78102	12.320985	13.7199819
11.7273188	12.2648194	13.6574394
11.9307475	12.47757	13.8943494
12.7455387	13.32971	14.8432444
13.6027987	14.2262606	15.8415938
16.1907425	16.9328194	18.8554706
19.0667988	19.9406931	22.2048763
24.7789356	25.9146369	28.8571369
32.9931906	34.5053781	38.4233213
44.1974881	46.2232056	51.4716631
50.7152419	53.0396894	59.0621288
44.4508513	46.4881813	51.7667238
32.1494131	33.6229269	37.4406725
25.4177544	26.5827331	29.6010944
19.5952369	20.4933519	22.8202869
16.2854275	17.0318425	18.9657406
14.1848012	14.8349369	16.5193837
12.7841613	13.3701	14.88822
11.56504	12.0951025	13.4684531
11.581345	12.1121562	13.4874419
9.37386687	9.80350206	10.9166494
9.28609613	9.71170944	10.8144344
9.12636525	9.54465631	10.6284125
9.22097037	9.64359806	10.7385894
9.49837869	9.93372163	11.0616544
9.66246956	10.1053323	11.2527519
10.2992889	10.7713381	11.9943806
11.4108144	11.9338106	13.2888437
13.069285	13.6682912	15.2202706
15.2713419	15.9712787	17.7847506
19.0963756	19.9716262	22.2393231
26.5600731	27.77741	30.9314219
36.8365956	38.5249381	42.8992856
64.4195319	67.3720906	75.0219181
2569.51318071462	2573.51011071462	2583.86583421462
71.60462	74.8864956	83.3895525
41.9114937	43.832435	48.8094294
27.1489894	28.3933169	31.6172625
19.4002775	20.2894562	22.5932406
15.5000119	16.2104281	18.0510575
13.1618594	13.76511	15.3280813
11.4462981	11.97092	13.3301694
10.3910541	10.8673113	12.10125
9.86149444	10.313479	11.4845319
9.22044644	9.64304994	10.7379794
8.85637075	9.2622875	10.3139825
8.83935069	9.24448762	10.2941612
9.07372775	9.48960669	10.5671131
9.661921	10.1047579	11.2521125
11.1604162	11.6719363	12.9972375
13.0064019	13.6025269	15.14704
17.3563869	18.1518875	20.21296
23.9561625	25.0541531	27.89895
44.49369	46.5329819	51.8166112
3386.7676305017	3390.5868893017	3400.4822312017
3915.07137740492	3920.08252640492	3933.06594440492
49.7203019	51.9991488	57.9034387
24.5703206	25.6964594	28.6141888
17.1116812	17.8959644	19.9279794
13.2132606	13.818865	15.3879425
11.0474075	11.5537462	12.865625
9.87081731	10.3232287	11.4953894
9.83365788	10.2843669	11.4521138
9.73962263	10.1860214	11.3426025
9.96133644	10.4178976	11.6008075
11.1193219	11.6289575	12.9493781
13.7385356	14.3682175	15.9996694
20.6164275	21.561345	24.0095506
36.0089675	37.65938	41.9354469
50.8694456	53.2009588	59.2417119
37.4787338	39.1965087	43.6471094
20.4563181	21.3938981	23.8230875
13.4229312	14.0381494	15.6321237
11.2514006	11.7670894	13.1031938
11.9745356	12.5233681	13.9453475
12.1799125	12.7381575	14.1845231
14.882415	15.564525	17.3318119
21.4417819	22.42453	24.9707438
19.9260369	20.8393137	23.2055319
14.9750188	15.6613713	17.4396569
15.0260219	15.7147131	17.4990531
