#?RADIANCE
genskyvec -m 1
NROWS=146
NCOLS=1
NCOMP=3
FORMAT=ascii

4.58693912	4.79717369	5.341873
17.2181413	18.007305	20.0519619
17.5147969	18.3175569	20.3974406
18.25632	19.0930662	21.261005
19.9603956	20.8752469	23.2455462
23.7697844	24.85923	27.6818944
30.4692481	31.8657544	35.4839794
40.8317494	42.7032019	47.5519769
64.2721125	67.217915	74.850235
97.7012663	102.179246	113.781282
97.9536725	102.443202	114.075211
90.8479588	95.0118175	105.800011
55.39245	57.9312675	64.5091269
37.2888481	38.9979163	43.4259719
27.8890037	29.1672481	32.4790713
22.2013575	23.2189194	25.8553325
19.7276656	20.6318487	22.9745088
17.8651956	18.6840162	20.8055094
17.44219	18.2416231	20.3128856
17.0073525	17.7868544	19.8064781
17.1731131	17.9602131	19.9995225
17.4759625	18.2769438	20.352215
17.1386206	17.9241406	19.9593519
17.0693706	17.8517169	19.8787056
17.5416206	18.34561	20.42868
16.9764981	17.7545875	19.7705475
17.4728625	18.2737006	20.3486025
17.05355	17.8351713	19.8602819
17.1972756	17.9854838	20.0276606
16.7337387	17.5007012	19.4878331
16.8888362	17.6629081	19.6684581
14.1999563	14.8507856	16.5370325
13.9312325	14.5697462	16.2240819
15.5767231	16.290655	18.1403913
17.05308	17.8346781	19.8597331
21.1440675	22.1131687	24.6240275
27.0959431	28.3378406	31.5554856
38.49769	40.2621663	44.8337712
61.6270006	64.4515688	71.7697812
701.878297020967	706.804512020967	719.567956020967
1878.22351577707	1884.78516577707	1901.78585377707
92.7039912	96.9529181	107.96152
55.4931625	58.0365981	64.6264169
36.8373512	38.5257287	42.9001681
25.3814937	26.5448112	29.5588663
19.7501675	20.6553819	23.000715
16.4108494	17.1630131	19.1118031
15.9116156	16.6408969	18.5304031
14.081455	14.726855	16.3990281
13.7496775	14.3798706	16.0126469
13.2580181	13.8656769	15.4400675
13.4182969	14.0333006	15.626725
13.7305981	14.3599181	15.9904263
13.16884	13.7724119	15.3362125
14.0299806	14.6730187	16.3390806
14.2283119	14.8804406	16.5700544
14.3542213	15.0121238	16.7166894
13.7509469	14.3811975	16.0141225
13.8865706	14.5230375	16.1720681
13.6096675	14.2334431	15.8495925
13.8687062	14.5043562	16.1512662
10.6659609	11.1548156	12.4214013
10.7982832	11.2932037	12.5755013
11.971	12.5196713	13.9412294
15.3544406	16.0581862	17.8815263
21.3005681	22.2768425	24.8062887
34.2650412	35.8355213	39.9044987
58.1101725	60.773555	67.6741437
642.281732777477	646.363819577477	656.940127477477
62.3159537	65.1720975	72.572125
37.2389244	38.9457056	43.3678319
23.9419187	25.0392581	27.8823631
16.2965619	17.0434856	18.9787044
12.93016	13.5227925	15.0582506
11.2617088	11.77787	13.1151987
10.7049134	11.1955562	12.4667644
10.5063267	10.9878681	12.2354937
10.1869266	10.6538276	11.8635256
10.6201653	11.1069221	12.3680663
10.3580482	10.8327909	12.0628106
10.0151381	10.474167	11.6634656
10.3450694	10.8192179	12.0476956
10.3851387	10.8611248	12.0943606
10.0337254	10.4936044	11.6851106
10.3916815	10.8679653	12.10198
8.7772955	9.17958806	10.2218931
9.34040831	9.7685105	10.877685
10.3802932	10.8560561	12.0887175
12.1546062	12.7116925	14.1550538
16.8790944	17.6527194	19.6571119
21.8947537	22.8982637	25.4982656
32.05395	33.5230875	37.3294969
39.4057462	41.2118437	45.8912781
32.5287019	34.0195975	37.8823869
24.4200956	25.5393506	28.4392394
17.0802269	17.86307	19.8913487
12.5936137	13.1708219	14.6663137
10.8818644	11.3806169	12.67284
9.58275056	10.0219591	11.1599131
8.97623581	9.3876465	10.4535758
8.56414144	8.95666437	9.97365669
8.41219944	8.79775831	9.79670825
8.39432831	8.77906794	9.77589525
8.49155294	8.88074906	9.88912044
8.45445706	8.84195269	9.84591988
8.4895525	8.87865675	9.88679169
8.5426345	8.93417169	9.94860994
8.47322487	8.86158081	9.867777
8.6846465	9.08269262	10.1139942
7.84600144	8.2056095	9.13732281
8.58971644	8.98341131	10.0034406
9.85078231	10.3022757	11.4720581
12.7647306	13.3497781	14.8655925
16.7061588	17.4718569	19.4557169
20.0702437	20.9901306	23.373475
19.6211838	20.5204856	22.8505019
14.8905212	15.5730019	17.3412525
11.7384519	12.276465	13.6704056
9.48008531	9.91458875	11.0403494
8.28351831	8.66317912	9.64684806
7.81912025	8.17749638	9.10601744
7.56842025	7.91530594	8.81405644
7.40282144	7.74211725	8.62120263
7.30496825	7.63977894	8.50724481
7.33220175	7.66826087	8.53896075
7.45491513	7.79659825	8.68187031
7.56707638	7.91390056	8.81249131
7.52645438	7.87141637	8.76518369
8.32880031	8.71053669	9.69958156
10.4231181	10.900843	12.1385887
12.9576768	13.5515694	15.0902956
12.3588012	12.9252475	14.392855
10.1570454	10.6225767	11.8287269
8.53102919	8.92203431	9.935095
7.58323187	7.93079669	8.83130581
7.09274044	7.41782413	8.26008744
6.91979669	7.23695375	8.05868025
6.94799	7.26643912	8.09151369
7.05136369	7.37455106	8.21190094
7.38315475	7.72154931	8.59829937
8.273915	8.65313581	9.63566437
8.74463781	9.14543363	10.1838601
8.06948431	8.4393355	9.39758794
7.10069787	7.42614625	8.26935469
6.94138563	7.25953225	8.08382238
7.54957625	7.89559825	8.79211131
