#?RADIANCE
genskyvec -m 1
NROWS=146
NCOLS=1
NCOMP=3
FORMAT=ascii

26.6041856	27.8235438	30.9827925
34.5681	36.1524706	40.2574356
35.2539469	36.8697512	41.0561606
35.3671231	36.9881137	41.1879625
34.2413794	35.8107738	39.8769406
30.4910888	31.8885956	35.5094169
29.1850844	30.522735	33.9884675
28.4455831	29.7493388	33.1272544
27.4021025	28.6580319	31.9120344
26.7439781	27.9697437	31.1455931
32.3878975	33.8723419	37.7184088
32.4259863	33.9121769	37.7627663
37.3756006	39.0886475	43.5270038
40.2138188	42.0569531	46.8323475
41.9034756	43.8240512	48.8000912
44.7440994	46.7948687	52.1082356
45.1247288	47.1929431	52.5515094
45.3631031	47.4422431	52.8291162
42.1990375	44.1331594	49.1442981
38.5118975	40.277025	44.850315
37.2887806	38.99785	43.4258956
32.7073481	34.2064344	38.0904344
31.3243381	32.7600362	36.4798038
28.3385488	29.6374	33.0026038
28.49607	29.8021394	33.1860512
29.7418169	31.1049838	34.6368269
30.7890506	32.2002125	35.8564156
33.0958081	34.6126987	38.5428281
32.2471925	33.7251881	37.5545469
33.8002575	35.3494325	39.3632169
33.9259956	35.4809344	39.50965
19.2638206	20.1467456	22.4343281
17.3741838	18.1704994	20.2336844
18.9891338	19.8594694	22.1144294
17.7785056	18.5933525	20.7045513
17.2788919	18.0708388	20.1227088
16.3327669	17.0813506	19.0208681
17.6383694	18.446795	20.5413531
18.7174069	19.5752875	21.7979794
19.81287	20.7209606	23.0737419
20.1687444	21.093145	23.488185
23.2864894	24.3537869	27.1190588
26.3332031	27.54014	30.6672081
30.5902219	31.9922737	35.6248656
34.2491887	35.8189388	39.886035
36.5860037	38.2628606	42.6074519
37.8109431	39.5439431	44.0339956
37.6484937	39.3740488	43.8448112
33.9614825	35.5180488	39.5509781
30.0529194	31.4303431	34.9991287
26.2417706	27.44452	30.56073
23.5729669	24.6533938	27.4526844
21.2578906	22.2322094	24.7565856
18.3623481	19.2039563	21.3844856
18.205485	19.0399025	21.2018062
17.7153137	18.5272662	20.6309612
17.873385	18.6925831	20.8150475
17.1697175	17.9566625	19.9955681
18.0927131	18.9219612	21.0704719
17.9766631	18.8005937	20.9353231
18.7166119	19.5744594	21.7970581
11.84479	12.3876775	13.7942469
11.36814	11.8891788	13.2391481
11.3835163	11.90526	13.2570544
12.1270488	12.6828712	14.1229619
12.4825731	13.05469	14.5369962
13.4481737	14.0645481	15.6615194
15.0022706	15.6898725	17.4713938
17.4412119	18.2405988	20.3117462
19.9213988	20.8344625	23.20013
24.8469144	25.98573	28.9363031
30.7152969	32.12308	35.7705238
38.5021369	40.2668169	44.8389481
41.8214944	43.7383106	48.7046181
38.6988925	40.47259	45.068085
30.7010444	32.1081769	35.7539294
24.6271187	25.75586	28.6803331
19.5490569	20.4450544	22.7665069
17.2632213	18.0544513	20.1044612
14.5620456	15.2294731	16.9587175
12.9572694	13.5511431	15.0898206
12.3560631	12.9223825	14.389665
12.0196331	12.5705337	13.9978644
11.4748162	12.0007462	13.3633813
11.9022575	12.4477769	13.8611712
9.62926581	10.0706065	11.2140831
9.73420606	10.1803562	11.3362944
9.87696306	10.3296569	11.5025475
10.2647536	10.7352212	11.9541606
11.2180569	11.7322156	13.0643619
12.07181	12.6251013	14.0586288
14.042975	14.6866106	16.3542156
16.6818156	17.4463987	19.4273669
20.8983831	21.8562256	24.3379119
26.9080475	28.1413331	31.3366656
39.7133619	41.5335575	46.2495225
65.2686156	68.2600913	76.010745
72.7067669	76.0391575	84.6730869
53.6839425	56.1444538	62.5194275
36.3711994	38.0382113	42.357295
26.8986712	28.131525	31.325745
20.1791556	21.1040319	23.50031
16.4525956	17.2066738	19.1604194
13.8250669	14.4587156	16.1004444
12.1328344	12.6889219	14.1296963
11.068745	11.5760631	12.8904775
10.3726683	10.8480813	12.0798369
9.940431	10.3960329	11.5764613
9.81779262	10.2677738	11.4336381
9.54708837	9.98466331	11.1183819
9.69548912	10.1398656	11.291205
10.2807183	10.7519194	11.9727544
11.2695212	11.7860406	13.1242956
12.8703188	13.4602081	14.9885588
16.678955	17.4434056	19.4240319
22.0907869	23.1032812	25.7265644
39.4040656	41.2100838	45.8893206
1886.38979920133	1889.74337110133	1898.43217110133
6504.38400323282	6510.31087423282	6525.66685023282
75.4002356	78.856075	87.8098625
36.5437375	38.2186575	42.5582288
22.0796056	23.0915869	25.7135413
15.7994063	16.5235444	18.3997263
13.1303737	13.7321819	15.2914144
11.263645	11.7798956	13.1174544
10.1668345	10.6328137	11.8401269
9.68875875	10.1328261	11.2833687
10.4904116	10.9712219	12.2169581
11.2904138	11.8078906	13.1486294
12.7015156	13.2836681	14.7919744
15.9102856	16.6395075	18.5288544
23.3017831	24.3697812	27.13687
47.4772756	49.6533156	55.2912475
2099.23798767078	2102.78313147078	2111.96827957078
46.9767169	49.129815	54.7083037
23.4587331	24.5339231	27.3196487
15.8196875	16.5447563	18.423345
11.9870156	12.5364206	13.95988
11.1081075	11.6172281	12.9363162
13.1953862	13.8001744	15.3671256
15.18754	15.8836363	17.6871575
21.4644637	22.4482512	24.9971556
31.6100962	33.0588913	36.8125925
20.4185331	21.3543831	23.779085
14.8512338	15.5319169	17.2955013
17.9016969	18.7221906	20.84802
