#?RADIANCE
genskyvec -m 1
NROWS=146
NCOLS=1
NCOMP=3
FORMAT=ascii

12.4942625	13.0669156	14.5506106
30.1001856	31.4797763	35.0541756
29.6526275	31.0117037	34.5329562
30.1257188	31.5064787	35.0839106
31.4854781	32.9285594	36.6674631
34.2286838	35.7974969	39.8621575
39.0422169	40.8316519	45.4679181
45.9594931	48.0659694	53.5236619
58.7709812	61.4646506	68.4437094
76.5288581	80.0364275	89.1242362
86.3038756	90.259465	100.508049
101.516319	106.169161	118.224226
87.1778744	91.1735238	101.525909
70.7127644	73.9537638	82.3509081
56.6748425	59.2724356	66.0025775
45.0853544	47.1517644	52.505655
38.4571125	40.2197294	44.7865144
33.9878806	35.5456588	39.5817231
31.4287931	32.8692787	36.6014506
29.7114612	31.0732375	34.6014769
30.4144619	31.8084581	35.4201781
30.5570375	31.9575669	35.5862188
31.0152106	32.43674	36.1198006
30.9771762	32.3969625	36.075505
32.8128825	34.3168056	38.21334
32.8534456	34.3592275	38.2605781
33.9218144	35.4765619	39.5047812
33.3480019	34.8764494	38.8365262
32.4335031	33.9200381	37.7715188
31.1894	32.6189131	36.3226594
30.2520738	31.6386244	35.2310619
21.96803	22.9748969	25.5836025
20.6625663	21.6095981	24.0632806
22.8831613	23.9319731	26.6493506
23.94224	25.0395925	27.8827362
27.5265525	28.7881856	32.0569656
31.88816	33.3497013	37.1364219
40.5919019	42.4523625	47.2726556
55.0000981	57.5209319	64.0522012
78.0663187	81.6443569	90.9147381
105.296961	110.123058	122.627094
120.020819	125.521781	139.774256
103.743909	108.49884	120.818419
76.98724	80.51582	89.6580656
54.3567238	56.8480725	63.3029381
40.7962806	42.6661075	47.5106713
31.3227863	32.7584106	36.4779962
28.5974125	29.9081269	33.3040712
23.5518431	24.6313031	27.4280862
22.011015	23.0198513	25.6336606
20.6535719	21.6001925	24.0528069
20.886055	21.8433312	24.3235531
21.6678819	22.6609925	25.2340556
20.7559962	21.7073094	24.1720881
23.0118369	24.0665462	26.7992038
23.7150425	24.8019813	27.6181463
24.1679762	25.2756731	28.1456219
22.7484437	23.7910806	26.4924594
22.8640925	23.91203	26.6271425
21.8486069	22.8500006	25.4445244
21.9124619	22.9167825	25.5188881
14.9224294	15.6063737	17.378415
14.8030344	15.4815056	17.2393694
16.105935	16.8441238	18.7567044
19.9213606	20.8344219	23.2000869
25.5700044	26.7419631	29.7784031
37.1489063	38.8515619	43.2629988
59.1247875	61.8346719	68.8557444
102.339519	107.030074	119.182907
2665.87471771029	2672.60454271029	2690.04091771029
99.6577569	104.225396	116.059756
59.4410575	62.1654381	69.2240688
35.422555	37.0460875	41.2525181
24.7166537	25.8494994	28.7846031
19.2506088	20.1329275	22.4189388
16.7213319	17.4877269	19.4733869
15.5937256	16.3084375	18.1601944
14.6417419	15.3128213	17.0515294
15.4287181	16.1358662	17.9680269
15.0416056	15.7310131	17.517205
14.4619669	15.124805	16.8421663
15.218575	15.9160925	17.7232994
15.26979	15.9696544	17.782945
14.372365	15.0310969	16.7378175
14.8556394	15.5365231	17.3006312
11.57945	12.1101737	13.4852344
12.3444494	12.9102375	14.3761419
13.6794837	14.30646	15.9309006
15.9364275	16.6668463	18.5592981
21.8744619	22.8770394	25.4746331
28.5017831	29.8081144	33.1927031
47.3668837	49.5378675	55.1626875
1398.75539154188	1402.29313214188	1411.45909904188
2510.65967233455	2515.25511733455	2527.16154033455
73.4422194	76.8083175	85.5295856
44.3766588	46.4105881	51.6803187
27.7704363	29.0432469	32.3409875
21.2770256	22.2522212	24.7788706
16.2058062	16.94857	18.8730113
13.738635	14.3683231	15.9997863
12.3136144	12.8779894	14.3402313
11.5744944	12.1049913	13.479465
11.3297769	11.8490575	13.1944694
11.432915	11.9569231	13.3145831
11.3598931	11.8805537	13.2295438
11.4343669	11.9584431	13.3162738
11.5090731	12.0365725	13.4032738
11.2995437	11.8174387	13.1592587
11.57925	12.109965	13.4850012
10.100563	10.5635044	11.7629481
11.2746788	11.7914338	13.1303025
13.3372006	13.9484881	15.5322831
18.0806937	18.9093919	21.0564762
25.9636581	27.1536588	30.236845
41.0181719	42.89817	47.7690806
49.5529956	51.8241719	57.7085956
37.8970175	39.6339606	44.134235
26.2881356	27.4930094	30.6147275
17.824335	18.6412837	20.7579244
13.5557119	14.177015	15.7867575
11.4603687	11.985635	13.3465556
10.2940859	10.7658975	11.9883212
9.63900575	10.0807936	11.2254262
9.34886562	9.77735531	10.8875338
9.323673	9.75100769	10.8581944
9.49729194	9.93258394	11.0603887
9.66051756	10.1032907	11.2504775
9.82715681	10.2775675	11.4445419
11.5071681	12.0345813	13.4010587
15.8357038	16.5615069	18.4419994
23.4025169	24.4751313	27.2541819
25.2577363	26.4153819	29.41474
20.4333188	21.3698463	23.7963037
15.0552244	15.7452556	17.5330637
11.6869519	12.2226044	13.6104294
9.72974706	10.1756942	11.3311019
8.99457919	9.40683037	10.4749375
8.79233338	9.195315	10.2394044
9.00798419	9.42084994	10.4905487
10.1438947	10.6088235	11.8134112
12.5137906	13.0873381	14.5733512
14.6581894	15.3300231	17.0706831
13.2924969	13.9017375	15.48022
10.0837927	10.5459655	11.7434162
9.29472644	9.72073462	10.8244838
11.173165	11.6852687	13.0120825
