#?RADIANCE
genskyvec -m 1
NROWS=146
NCOLS=1
NCOMP=3
FORMAT=ascii

23.2234706	24.2878794	27.0456669
33.2954125	34.8214506	38.7752844
31.6277225	33.077325	36.8331212
30.8534937	32.2676113	35.9314669
29.738965	31.1020013	34.6335063
27.7365256	29.0077825	32.3014975
28.8523112	30.1747088	33.6009237
30.5144738	31.9130531	35.5366494
32.9320937	34.4414806	38.35217
35.3644319	36.9853013	41.1848306
43.4387412	45.42968	50.5880338
45.7637994	47.861305	53.2957606
50.8077431	53.1364306	59.1698544
51.1989169	53.5455331	59.62541
48.7603756	50.9952256	56.7855237
46.0195444	48.1287706	53.5935975
41.04932	42.9307462	47.8053581
38.7768163	40.5540862	45.158835
33.3635494	34.8927106	38.8546356
29.706735	31.0682938	34.5959712
29.9514919	31.3242669	34.8810088
27.3228631	28.5751594	31.8197531
28.9569631	30.2841581	33.7227975
28.2995162	29.5965756	32.9571469
31.6053619	33.05394	36.8070781
35.3698569	36.9909738	41.1911487
37.5438581	39.2646175	43.7229538
39.7246862	41.5454025	46.2627125
37.0757769	38.7750838	43.1778344
36.8845644	38.5751062	42.9551513
34.4783281	36.0585844	40.1528881
18.5800869	19.4316744	21.63806
16.2735538	17.0194231	18.9519087
17.4436394	18.24314	20.3145737
16.7817262	17.5508906	19.5437206
17.5921463	18.3984525	20.4875219
18.3786037	19.220955	21.4034162
21.2017581	22.173505	24.691215
24.5462388	25.6712737	28.5861413
28.4224744	29.7251712	33.1003431
31.478935	32.9217194	36.659845
37.8704381	39.6061638	44.1032825
43.3124856	45.29764	50.4410006
45.2498256	47.323775	52.6971937
43.2197087	45.2006106	50.332955
37.9022469	39.6394344	44.14033
31.5437444	32.9894988	36.7353206
28.7304619	30.0472731	33.4590181
23.3580937	24.4286713	27.2024469
20.3803438	21.3144431	23.7346113
17.9015425	18.72203	20.8478394
16.9164862	17.6918269	19.7006606
16.673375	17.4375694	19.4175356
15.66665	16.3847044	18.2451187
17.819365	18.6360869	20.7521381
18.9468731	19.8152706	22.0652125
20.0949194	21.0159375	23.4022094
19.3505988	20.2375013	22.5353856
20.0823619	21.0028031	23.387585
19.1186869	19.9949588	22.2653044
19.0173262	19.8889519	22.1472612
11.6219981	12.1546756	13.5347881
11.2199362	11.734185	13.0665531
11.6346288	12.1678831	13.5494963
13.2056812	13.8109388	15.379115
15.0371863	15.72639	17.5120575
17.9932088	18.8178981	20.9545925
22.2552088	23.2752394	25.9180469
29.37064	30.7167931	34.20456
39.5857931	41.4001425	46.1009569
52.9534862	55.3805188	61.66875
55.8247712	58.3834044	65.0126019
40.4793794	42.3346831	47.1416119
29.1070525	30.4411225	33.8975881
22.3407844	23.3647344	26.0177044
17.8933613	18.7134731	20.8383125
15.1603481	15.8551981	17.6554906
12.8751287	13.4652394	14.9941606
12.4157094	12.9847631	14.4591275
11.6755263	12.2106544	13.5971244
11.2504281	11.7660731	13.1020612
11.9260513	12.4726612	13.8888794
12.1651488	12.7227169	14.16733
11.5557737	12.0854144	13.4576619
11.9429625	12.49035	13.908575
9.445343	9.87825444	10.99989
9.86070744	10.3126563	11.4836169
10.6129713	11.0993975	12.3596894
11.6761669	12.2113244	13.5978687
14.0379894	14.681395	16.3484069
16.2215844	16.9650737	18.8913881
21.8359787	22.8367938	25.4298181
32.246675	33.7246488	37.5539437
56.1488519	58.7223381	65.3900194
2633.10802096321	2637.28099966321	2648.09284366321
2732.44387521739	2736.77208771739	2747.98611521739
53.8654325	56.3342631	62.7307869
34.1156012	35.6792337	39.7304638
21.8626287	22.8646662	25.4608531
16.82262	17.5936562	19.5913438
14.1015287	14.7478475	16.4224056
12.0150519	12.5657412	13.99253
10.7464244	11.2389675	12.5151063
9.96644488	10.42324	11.6067556
9.53348119	9.970432	11.1025338
9.42110544	9.85290606	10.9716625
9.44606875	9.87901287	11.0007362
9.31910288	9.74622837	10.8528731
9.44514969	9.87805113	10.9996631
9.11260663	9.53026775	10.6123912
9.92600213	10.3809441	11.5596575
11.3418213	11.8616544	13.2084963
13.7496225	14.3798138	16.0125819
17.6387513	18.4471938	20.5417988
30.0203481	31.39628	34.9611988
55.5496094	58.0956313	64.6921531
4794.14768839646	4799.62435539646	4813.81389539646
71.8214462	75.1132688	83.6420663
33.23728	34.7606538	38.7075831
20.9669456	21.92793	24.4177569
15.2267419	15.9246338	17.73281
12.1628706	12.7203344	14.1646769
10.2428877	10.7123531	11.9286956
9.37901375	9.80888431	10.9226431
8.83899881	9.24411931	10.2937506
8.67040231	9.06779575	10.0974063
8.76229175	9.16389631	10.2044194
9.85414775	10.3057959	11.4759769
11.4949363	12.0217856	13.3868088
14.6918425	15.3652181	17.1098769
22.3569313	23.3816238	26.0365094
34.7511337	36.3438937	40.470595
41.9286244	43.8503513	48.8293787
27.2069012	28.4538838	31.6847056
17.70639	18.5179331	20.6205681
12.6929444	13.2747025	14.7819919
10.591052	11.0764756	12.3341631
9.306302	9.73284063	10.8379644
9.44999294	9.88311737	11.0053037
11.6573644	12.1916587	13.5759719
14.6515531	15.3230813	17.0629556
19.9825569	20.8984244	23.2713537
20.60289	21.5471894	23.9937844
13.5610275	14.182575	15.7929481
11.3236494	11.84265	13.1873338
14.4774588	15.1410094	16.8602075
