#?RADIANCE
genskyvec -m 1
NROWS=146
NCOLS=1
NCOMP=3
FORMAT=ascii

16.07871	16.8156494	18.7249975
27.0317987	28.2707556	31.4807825
26.1694062	27.3688375	30.4764556
26.2917844	27.4968231	30.6189763
26.7429719	27.9686894	31.14442
27.3614937	28.6155612	31.86474
30.2665006	31.6537125	35.2478638
34.030415	35.5901413	39.6312575
40.3495569	42.1989112	46.9904237
48.5858731	50.8127244	56.5823019
58.23535	60.9044675	67.8199212
66.8616781	69.9261713	77.8659994
65.4476444	68.4473269	76.2192394
57.9346	60.5899331	67.46967
48.8693056	51.1091475	56.9123819
40.8056781	42.6759369	47.5216144
34.4328706	36.0110425	40.0999494
31.3093625	32.7443731	36.4623644
27.5442737	28.8067194	32.077605
25.5759763	26.7482081	29.7853581
26.7126119	27.9369394	31.1090637
25.9704469	27.1607587	30.2447506
27.4902531	28.7502225	32.0146925
27.2811694	28.531555	31.7711956
29.8517075	31.2199119	34.7648031
31.4183625	32.8583706	36.5893031
32.5069156	33.9968156	37.8570156
32.7449619	34.2457706	38.1342369
30.5902094	31.9922581	35.6248487
29.5646475	30.9196919	34.4304981
27.7430731	29.0146306	32.3091219
17.3429844	18.13787	20.1973525
15.8489137	16.5753212	18.4573825
17.3187187	18.1124931	20.1690913
17.6323194	18.4404669	20.5343063
19.6710744	20.572665	22.9086056
21.9444813	22.9502694	25.5561781
26.8375544	28.0676081	31.2545694
34.2224388	35.7909663	39.8548831
45.4440156	47.5268656	52.9233463
59.0515663	61.7580938	68.7704712
71.9390381	75.2362413	83.7790081
72.625115	75.9537644	84.5780025
60.1332356	62.88934	70.0301656
45.6464213	47.7385475	53.1590644
34.9636062	36.5661031	40.7180356
26.6764519	27.8991213	31.0669525
23.8231887	24.915085	27.7440919
19.2394056	20.1212125	22.4058925
17.4798756	18.2810362	20.3567731
16.1151506	16.8537606	18.7674369
16.1828694	16.9245838	18.8463019
16.8393019	17.6111019	19.6107713
16.2592194	17.0044325	18.9352163
18.4689225	19.3154131	21.5085994
19.3051875	20.1900087	22.4825019
19.933865	20.8475019	23.2146487
18.7668312	19.6269775	21.85554
18.8961431	19.7622144	22.0061344
17.8227044	18.6395787	20.7560269
17.6200544	18.4276406	20.5200225
11.6834737	12.218965	13.6063781
11.5041012	12.0313731	13.397485
12.3204837	12.8851713	14.3482312
14.7345537	15.4098875	17.159615
18.1521169	18.9840881	21.1396531
24.7509725	25.8853919	28.8245706
36.8132219	38.5004944	42.8720681
59.8125819	62.5539906	69.6567406
1535.5712301985	1539.6772908985	1550.3157235985
87.6054137	91.6206544	102.023801
57.0312569	59.6451869	66.4176531
33.2449456	34.7686706	38.7165106
22.5670631	23.6013881	26.2812294
17.0813794	17.864275	19.8926913
14.13228	14.7800094	16.4582188
12.6886806	13.270245	14.7770263
11.6641413	12.1987481	13.583865
12.1176056	12.672995	14.1119619
11.9192888	12.4655888	13.8810044
11.5968438	12.1283656	13.5054919
12.2781137	12.84086	14.2988875
12.3503119	12.9163681	14.3829681
11.5876863	12.1187881	13.4948262
11.8523912	12.3956263	13.8030981
9.49019706	9.92516362	11.0521275
10.0387582	10.4988687	11.6909725
11.0783537	11.5861106	12.9016675
12.6774294	13.2584788	14.763925
16.7840787	17.5533481	19.5464594
21.33925	22.3172987	24.8513337
34.8913931	36.4905813	40.6339369
59.613225	62.3454975	69.4245719
3789.72423063551	3794.46848563551	3806.76049063551
2854.39700176232	2858.64278546232	2869.64324736232
51.7330456	54.1041431	60.2474475
30.0818825	31.4606363	35.0328619
21.7548044	22.7518987	25.3352838
15.4954138	16.2056206	18.0457031
12.5159113	13.0895569	14.5758219
10.9067781	11.4066719	12.7018525
9.913024	10.3673705	11.5445431
9.48860769	9.92350069	11.050275
9.43540812	9.86786325	10.9883194
9.36955431	9.79899231	10.9116275
9.43614244	9.86863269	10.9891737
9.49564137	9.930858	11.0584669
9.32790956	9.75543856	10.8631281
9.47823087	9.91264938	11.0381913
8.77316919	9.17527262	10.2170879
9.76683081	10.2144778	11.3742887
11.58343	12.1143369	13.4898706
15.4087875	16.1150237	17.9448162
22.1457638	23.1607769	25.7905888
39.1593113	40.9541119	45.6042844
56.2524844	58.8307194	65.5107094
47.6338844	49.8171031	55.47363
30.9884838	32.4087887	36.0886731
19.2826887	20.1664787	22.4562981
13.9630475	14.6030219	16.261135
11.0569162	11.5636925	12.8767019
9.44790575	9.8809345	11.0028737
8.58402787	8.97746188	9.99681587
8.25242513	8.63066119	9.61063706
8.14379969	8.51705706	9.48413387
8.22679788	8.60385925	9.58079231
8.37362638	8.75741744	9.75178688
9.04982444	9.46460775	10.5392749
10.8184177	11.3142625	12.5989506
14.9597119	15.645365	17.4218338
23.4082038	24.4810769	27.260805
28.1419025	29.4317394	32.7735912
23.87954	24.9740194	27.8097162
16.7062137	17.4719144	19.4557775
12.2426687	12.8037887	14.2576088
9.56152963	9.99976581	11.1351975
8.54324212	8.93480731	9.94931719
8.08372281	8.45422669	9.41416925
8.36047069	8.74365856	9.73646537
10.0246239	10.4840847	11.6745106
12.7868469	13.37291	14.89135
15.8546331	16.5813031	18.4640438
14.5768113	15.2449138	16.9759119
10.4141315	10.891445	12.1281263
9.222371	9.64506219	10.7402196
11.6593712	12.1937588	13.57831
