#?RADIANCE
genskyvec -m 1
NROWS=146
NCOLS=1
NCOMP=3
FORMAT=ascii

3.75468344	3.926773	4.37264181
17.8202306	18.6369912	20.7531438
17.2958494	18.088575	20.1424581
17.2395556	18.0297025	20.0769019
17.4137125	18.2118369	20.27972
17.6681425	18.4779312	20.5760244
17.4873188	18.2888206	20.3654419
17.6563337	18.4655819	20.562275
17.2810281	18.0730762	20.1251987
17.662315	18.4718356	20.5692375
17.5511531	18.3555788	20.43978
17.701335	18.5126456	20.6146806
17.5027512	18.3049581	20.3834119
17.3858569	18.1827075	20.2472813
17.4117156	18.2097519	20.2773956
18.0735313	18.9019025	21.0481338
19.9952987	20.9117494	23.2861913
21.7668669	22.7645144	25.3493319
27.5241175	28.7856388	32.0541294
39.907295	41.7363781	46.4753719
56.9514131	59.561685	66.3246706
95.3237081	99.6927125	111.012404
118.278239	123.699318	137.744861
116.512014	121.852151	135.687952
76.9580713	80.4853156	89.6240919
45.6576006	47.75024	53.1720844
32.5763075	34.0693881	37.9378281
24.8394438	25.9779187	28.9276025
21.3339844	22.31179	24.8452037
18.9381169	19.8061138	22.0550169
18.0169294	18.8427044	20.9822163
14.4605681	15.1233431	16.8405356
13.4976681	14.1163106	15.7191594
14.2324619	14.8847819	16.5748875
14.0058444	14.6477788	16.3109744
14.0259944	14.6688512	16.33444
13.61219	14.2360825	15.8525306
14.3444087	15.0018606	16.7052587
14.6423306	15.3134388	17.0522156
14.3570375	15.0150675	16.7199681
13.1073312	13.7080825	15.2645781
13.48352	14.101515	15.7026825
13.4937725	14.1122375	15.7146238
14.2408869	14.8935944	16.5847013
14.3747419	15.0335806	16.7405856
14.7618362	15.4384225	17.19139
16.2050081	16.9477388	18.8720844
19.5269769	20.4219619	22.7407919
23.4855819	24.5620056	27.35092
33.7480981	35.2948869	39.3024763
49.526915	51.7968962	57.6782212
81.1912644	84.9125325	94.5539931
1446.4858403233	1452.7138463233	1468.8500713233
698.857855604309	703.960064604309	717.179373604309
68.0885044	71.2092237	79.2947356
42.7611125	44.7209962	49.7988831
30.2677738	31.655045	35.2493475
21.4251669	22.4071537	24.951395
17.781755	18.5967519	20.7083369
15.5650462	16.2784444	18.126795
14.8234094	15.5028163	17.2630963
10.6678678	11.1568113	12.4236219
10.1686061	10.6346658	11.84219
10.0733972	10.5350949	11.7313112
10.5539598	11.0376814	12.2909663
10.5404695	11.023573	12.2752569
10.5945743	11.0801583	12.3382662
10.5725018	11.0570725	12.3125594
10.6192929	11.1060088	12.3670519
10.1930158	10.6601945	11.8706156
10.5130394	10.9948866	12.2433112
10.6487184	11.1367837	12.4013213
11.4818844	12.0081375	13.3716125
12.7626163	13.34757	14.8631331
15.2229413	15.9206575	17.7283856
21.5920694	22.5817044	25.1457644
33.7799719	35.3282206	39.339595
55.8017219	58.3593	64.9857594
449.342121188165	453.108191788166	462.865723088166
53.6878106	56.1485	62.5239312
31.67796	33.1298656	36.8916244
21.437565	22.4201188	24.9658319
15.8695131	16.5968644	18.4813694
12.3469281	12.9128269	14.3790263
11.3791889	11.9007344	13.2520156
8.81336287	9.2173085	10.2638961
8.61865675	9.01367831	10.0371441
8.37106806	8.75474194	9.74880669
8.42769731	8.81396669	9.81475669
8.55217869	8.94415338	9.9597245
8.50620481	8.89607219	9.90618531
8.43905806	8.825848	9.82798713
8.54530712	8.936967	9.95172269
8.48377425	8.87261369	9.88006263
8.6429975	9.03913469	10.0654922
8.86085262	9.26697506	10.3192011
9.27661131	9.701789	10.8033875
10.2203964	10.6888318	11.9025044
12.6515781	13.2314419	14.7338187
16.5419044	17.3000737	19.2644269
21.1157131	22.0835144	24.5910075
29.0838437	30.4168544	33.8705612
33.8377931	35.3886912	39.4069319
30.9379806	32.3559694	36.0298587
22.7072531	23.7480012	26.44449
16.646805	17.4097819	19.3865919
12.56313	13.1389381	14.6308119
10.4872659	10.967932	12.213295
9.62996506	10.0713383	11.2148994
7.94113581	8.30510438	9.24811494
7.60371512	7.95221844	8.85516025
7.40461062	7.74398856	8.62328638
7.45145244	7.79297706	8.677838
7.46219894	7.80421625	8.69035287
7.43292519	7.77360094	8.65626125
7.53997625	7.88555819	8.78093087
7.81431988	8.17247612	9.10042712
8.19346256	8.56899619	9.54197044
9.25829338	9.68263125	10.7820544
10.5391748	11.0222209	12.2737481
13.89544	14.5323125	16.1823987
17.71339	18.5252525	20.6287187
18.4871069	19.3344325	21.5297787
15.5212506	16.2326406	18.0757906
12.1747637	12.7327731	14.1785281
10.0023245	10.4607645	11.6485419
8.61790775	9.01289513	10.0362721
7.43752025	7.77840644	8.66161275
7.02494812	7.34692463	8.18113788
6.93653844	7.254463	8.07817737
6.97882012	7.29868263	8.12741794
7.05504588	7.37840206	8.21618956
7.48349138	7.82648469	8.71515
8.36201144	8.74527019	9.7382595
9.62260387	10.0636391	11.206325
11.7135331	12.2504006	13.641385
11.4632021	11.9885981	13.3498525
9.89897731	10.3526802	11.5281856
8.1685825	8.54297569	9.51299537
7.30708488	7.64199275	8.50971013
6.9361055	7.25401012	8.07767319
7.04381256	7.36665375	8.20310719
7.64198094	7.99223813	8.89972387
8.37210556	8.75582681	9.75001538
8.26640394	8.64528037	9.62691688
7.35265994	7.68965675	8.56278587
