#?RADIANCE
genskyvec -m 1
NROWS=146
NCOLS=1
NCOMP=3
FORMAT=ascii

23.2589925	24.3250281	27.0870363
28.6702875	29.9843406	33.38894
28.1236569	29.4126588	32.7523444
28.0702906	29.356845	32.6901937
27.8386844	29.1146244	32.4204706
26.8705187	28.1020825	31.2929581
28.076275	29.363105	32.6971637
29.8655925	31.2344319	34.7809738
32.5081744	33.9981313	37.8584806
35.84917	37.4922563	41.7493488
43.1135794	45.0896169	50.2093594
47.8193444	50.0110619	55.6896144
52.1465663	54.5366175	60.7290256
52.5246106	54.9319875	61.16929
49.8085838	52.0914756	58.0062506
45.265645	47.3403181	52.7156169
39.9745094	41.8066731	46.55365
36.5851775	38.2619969	42.6064912
31.9058263	33.368175	37.1569944
28.5462337	29.8546031	33.2444719
28.6718431	29.9859681	33.3907538
26.4939788	27.708285	30.8544475
27.3670825	28.6214056	31.87125
26.4143681	27.6250256	30.7617356
28.3462775	29.64548	33.0116038
30.2192812	31.6043294	35.1928713
31.3551644	32.7922737	36.5157044
32.3922294	33.8768725	37.7234544
30.657985	32.0631419	35.7037806
30.4824825	31.8795956	35.4993931
29.1087056	30.4428531	33.8995138
17.7990475	18.6148375	20.728475
16.1890506	16.93105	18.8535
17.4927862	18.2945375	20.3718081
17.2204863	18.0097587	20.0546944
18.1764169	19.0095012	21.1679538
19.06019	19.9337806	22.19718
21.9906462	22.99855	25.6099406
25.7730975	26.9543644	30.0149231
30.8379375	32.2513425	35.91335
36.1746206	37.8326237	42.1283625
44.4713275	46.5095969	51.7905713
51.2787613	53.6290369	59.7183937
52.6312562	55.04352	61.2934862
49.1933475	51.4480425	57.2897556
42.21346	44.1482425	49.1610944
33.8174119	35.3673762	39.3831969
29.5578737	30.9126075	34.4226081
23.6631725	24.7477344	27.5577387
20.5033963	21.4431331	23.8779131
18.13117	18.9621825	21.11526
17.2500062	18.0406319	20.0890725
17.0105456	17.7901956	19.8102
15.9080231	16.6371412	18.5262206
17.5249394	18.328165	20.4092538
18.1612781	18.9936675	21.1503213
18.8247762	19.6875781	21.9230219
18.0169731	18.8427512	20.9822669
18.5018519	19.3498525	21.54695
17.8031919	18.6191706	20.7333
17.8856006	18.7053556	20.8292731
11.9033956	12.44897	13.8624988
11.6345287	12.1677781	13.5493788
12.1309644	12.686965	14.1275175
13.7731562	14.404425	16.0399881
15.7625569	16.4850069	18.35681
19.3427994	20.2293425	22.5263019
25.1356937	26.2877456	29.2726125
34.99225	36.5960594	40.7513937
48.1033913	50.3081288	56.0204112
62.17327	65.0228775	72.4059569
63.1398169	66.0337219	73.5315781
45.8995275	48.0032556	53.4538287
32.3523944	33.8352113	37.6770612
23.8772475	24.9716219	27.8070475
18.3588275	19.2002731	21.3803856
15.3634969	16.0676569	17.892075
13.1430888	13.7454825	15.306225
12.7996225	13.38627	14.9062281
12.0425194	12.5944669	14.0245175
11.5393919	12.0682813	13.4385838
12.0292956	12.5806381	14.0091169
12.15605	12.7132025	14.156735
11.6246831	12.1574813	13.5379144
12.0132919	12.5639025	13.9904819
9.80592244	10.25536	11.4198137
10.2418202	10.7112363	11.9274531
11.0045756	11.5089506	12.8157456
12.1469131	12.7036487	14.1460938
14.9398981	15.6246425	17.3987569
17.809125	18.6253769	20.7402112
25.6356319	26.8105969	29.8548306
38.7096975	40.4838906	45.0806694
63.5667256	66.4801988	74.0287531
2898.43682969745	2902.67894719745	2913.66990919745
2669.98483781253	2674.04037591253	2684.54792851253
55.1042287	57.6298381	64.1734694
37.35099	39.0629106	43.4983431
23.8310513	24.9233087	27.7532469
17.61095	18.4181175	20.50942
14.4151806	15.0758756	16.78768
12.1675538	12.7252331	14.1701319
10.9388438	11.4402069	12.7391944
10.2488341	10.7185725	11.9356225
9.85192725	10.3034744	11.4733906
9.73691725	10.1831929	11.3394531
9.74069131	10.1871401	11.3438475
9.62583175	10.0670146	11.2100825
9.77789206	10.2260466	11.3871719
9.37274425	9.8023275	10.9153425
10.2214707	10.6899556	11.9037562
11.821715	12.3635413	13.7673719
14.8592012	15.5402481	17.3047794
20.1184725	21.0405669	23.4296388
35.3365625	36.9561544	41.1523737
59.4766975	62.2027106	69.2655738
4486.08269554861	4490.58925744861	4502.26534444861
65.5397669	68.54367	76.3265231
35.589035	37.2201975	41.4463988
22.9277894	23.978645	26.7013231
16.0270956	16.7616706	18.66489
12.3768044	12.9440725	14.4138206
10.3657824	10.84088	12.0718169
9.53171488	9.9685845	11.1004775
9.04661231	9.46124825	10.535535
8.91971488	9.32853469	10.3877512
9.02005925	9.43347856	10.50461
10.1034144	10.5664871	11.7662681
12.0536731	12.6061331	14.0375088
16.2154906	16.9586994	18.8842906
25.8378275	27.0220606	30.0903063
38.4015313	40.1616012	44.7217863
43.1763494	45.1552644	50.2824594
29.5911488	30.9474094	34.4613594
19.2560831	20.1386531	22.4253144
13.1679144	13.7714437	15.3351331
10.7774343	11.2714019	12.5512225
9.44602162	9.87896462	11.0006806
9.62572381	10.0669008	11.2099575
12.21327	12.7730431	14.2233694
16.0674169	16.8038412	18.7118481
22.4401231	23.4686294	26.1333937
22.7761088	23.8200125	26.5246775
14.4464506	15.1085781	16.824095
11.7332906	12.2710669	13.6643962
15.7278794	16.44874	18.3164275
