#?RADIANCE
genskyvec -m 1
NROWS=146
NCOLS=1
NCOMP=3
FORMAT=ascii

4.21427887	4.40743338	4.90787919
17.06124	17.8432125	19.8692369
17.3729769	18.1692369	20.2322794
18.1459156	18.9776031	21.1324312
19.9073881	20.8198094	23.1838138
23.8347625	24.9271888	27.75757
30.8164656	32.2288875	35.8883475
41.6816338	43.5920419	48.5417388
66.3981325	69.4413781	77.3261606
101.912739	106.583739	118.685877
100.992376	105.621199	117.614059
90.591215	94.7433137	105.501023
54.4252875	56.9197787	63.3827856
36.4340669	38.1039631	42.4305119
27.23662	28.4849644	31.7193156
21.7719787	22.7698625	25.3552862
19.3987906	20.2879019	22.59151
17.6212787	18.42892	20.5214488
17.2260069	18.0155331	20.0611219
16.8257475	17.5969262	19.594985
17.0192531	17.7993031	19.82034
17.3282637	18.1224762	20.1802088
16.9961119	17.7751	19.79339
16.920965	17.6965087	19.7058769
17.4052944	18.2030362	20.2699162
16.8336737	17.6052181	19.6042181
17.3323638	18.1267631	20.1849831
16.9071787	17.6820913	19.68982
17.0402037	17.8212125	19.8447381
16.57013	17.3295925	19.2972988
16.7254344	17.4920169	19.4781638
14.0116606	14.6538619	16.3177487
13.746685	14.3767413	16.0091613
15.4027625	16.1087212	17.9378
16.899675	17.6742437	19.6810812
21.0485831	22.01331	24.5128319
27.0869775	28.3284637	31.545045
38.7715913	40.5486206	45.1527488
62.5979525	65.4670219	72.9005337
676.25642748334	681.31797448334	694.43206548334
1800.74774563803	1807.11148963803	1823.59933963803
88.3221725	92.3702719	102.858528
52.9147513	55.3400106	61.6236425
35.3148419	36.9334375	41.1270788
24.4702125	25.5917644	28.4976037
19.14112	20.0184212	22.2914294
16.0024669	16.7359119	18.6362069
15.5933712	16.3080681	18.1597837
13.8302075	14.4640925	16.1064325
13.5335813	14.1538694	15.7609844
13.0608469	13.6594669	15.2104444
13.233605	13.8401456	15.4116363
13.5526094	14.1737694	15.7831438
12.9955469	13.5911763	15.1343975
13.8569525	14.4920613	16.1375756
14.0518325	14.6958756	16.3645313
14.17547	14.8251769	16.5085163
13.5699069	14.19186	15.8032875
13.7022825	14.3303013	15.95745
13.4231637	14.03839	15.6323938
13.6792294	14.3061937	15.9306031
10.4955338	10.9765806	12.222925
10.6256818	11.1126938	12.3744925
11.7882188	12.3285113	13.7283638
15.1578888	15.8526269	17.6526263
21.0672744	22.0328556	24.5345975
33.8809919	35.4338681	39.45724
56.8466338	59.4521019	66.2026462
533.86425231963	537.68764421963	547.59371741963
57.7984681	60.4475638	67.3111337
34.9862537	36.5897906	40.7444119
22.73641	23.7784944	26.4784463
15.6770306	16.39556	18.2572088
12.5503281	13.1255519	14.6159044
10.9927917	11.4966275	12.8020231
10.4936261	10.9745823	12.2207019
10.3231818	10.7963256	12.0222056
10.0233456	10.4827491	11.6730212
10.4593466	10.9387316	12.18078
10.2035859	10.6712505	11.8829269
9.86433744	10.3164531	11.4878444
10.1892813	10.6562877	11.8662675
10.2259229	10.6946113	11.9089406
9.87461419	10.3272008	11.4998119
10.2259247	10.6946113	11.9089419
8.62399781	9.01926412	10.0433644
9.17419656	9.59468006	10.6841175
10.1873142	10.6542334	11.8639775
11.9206744	12.4670369	13.8826187
16.5077412	17.2643456	19.2246413
21.3093406	22.2860187	24.816505
30.67455	32.080465	35.7230719
37.0526025	38.7508469	43.1508481
30.3444381	31.7352231	35.3386281
22.9171806	23.9675494	26.6889663
16.20328	16.9459288	18.8700719
12.0811525	12.6348706	14.0695075
10.5185549	11.0006562	12.2497338
9.33454419	9.76237706	10.8708531
8.78196962	9.18447644	10.2273353
8.39746825	8.78235194	9.77955225
8.26319981	8.64192962	9.62318506
8.25409487	8.6324075	9.61258225
8.35513187	8.73807525	9.73024806
8.31981681	8.70114156	9.68912119
8.35379375	8.73667569	9.72868956
8.40384194	8.78901788	9.78697475
8.33218587	8.71407731	9.70352569
8.53796394	8.92928725	9.94317206
7.69810056	8.05093006	8.96508006
8.41486781	8.80054906	9.79981513
9.6201095	10.0610316	11.2034212
12.3999544	12.9682844	14.4407806
16.0820138	16.819105	18.7288456
19.0298238	19.9020244	22.1618181
18.49539	19.3430931	21.5394225
14.1185569	14.7656562	16.4422363
11.2306135	11.7453494	13.0789844
9.16589187	9.58599537	10.6744448
8.06112256	8.43059044	9.38784956
7.64705325	7.99754281	8.90563119
7.42346356	7.76370537	8.64524231
7.27205681	7.60535931	8.46891663
7.1789225	7.50795612	8.36045394
7.20668675	7.53699319	8.39278781
7.3257355	7.66149819	8.53142975
7.43137625	7.77198069	8.65445731
7.36847294	7.70619437	8.58120112
8.12181306	8.49406244	9.45852869
10.0925922	10.5551682	11.7536644
12.4161854	12.98526	14.4596831
11.8006541	12.3415156	13.7428444
9.74844581	10.195249	11.3528781
8.25679906	8.6352355	9.61573131
7.38763531	7.726235	8.60351731
6.94326356	7.26149625	8.08600956
6.78594213	7.09696425	7.90279531
6.81963175	7.13219775	7.94202975
6.91331169	7.23017156	8.05112787
7.20621606	7.53650081	8.39223962
8.03150044	8.39961081	9.35335194
8.4513815	8.83873606	9.84233869
7.82033869	8.17877044	9.10743687
6.92933337	7.24692769	8.06978644
6.78915469	7.100324	7.90653669
7.34522362	7.6818795	8.55412562
