#?RADIANCE
genskyvec -m 1
NROWS=146
NCOLS=1
NCOMP=3
FORMAT=ascii

26.8195787	28.04881	31.2336344
36.6044225	38.2821237	42.6289019
35.8723094	37.5164562	41.7762981
35.2783706	36.8952956	41.0846037
33.7436081	35.2901906	39.2972463
30.3014831	31.6903006	35.2886044
29.9740525	31.3478619	34.9072831
30.3493294	31.7403388	35.344325
31.1136413	32.5396812	36.2344287
32.0761769	33.5463356	37.3553844
39.5053481	41.3160081	46.0072719
40.8362144	42.7078719	47.5571756
46.7199469	48.8612787	54.4092762
49.2688206	51.5269738	57.3776494
49.6848963	51.9621194	57.8622037
50.1093612	52.40604	58.3565312
47.3567313	49.5272481	55.1508637
45.6984156	47.7929237	53.2196138
40.4048325	42.2567206	47.0547981
35.866735	37.5106263	41.769805
35.0035587	36.6078862	40.7645612
30.80332	32.2151369	35.8730331
30.8746813	32.2897675	35.9561387
28.933325	30.259435	33.69527
30.8721062	32.2870775	35.9531413
33.9442231	35.4999987	39.5308794
36.0010294	37.6510744	41.9262006
38.8257769	40.6052906	45.2158563
37.1725375	38.8762769	43.2905187
38.1227494	39.8700406	44.3971194
36.9466981	38.6400875	43.0275106
20.1996456	21.1254619	23.5241712
17.8651	18.6839169	20.8053969
19.2261887	20.1073906	22.3905031
18.0704306	18.8986594	21.0445244
18.0894219	18.9185194	21.0666413
17.9643581	18.787725	20.9209938
20.0516969	20.9707344	23.3518744
22.3470344	23.3712731	26.024985
24.9452194	26.0885419	29.0507888
26.50297	27.7176906	30.8649194
31.1628069	32.5911006	36.2916875
35.6746213	37.309705	41.5460719
40.3128644	42.160535	46.9476919
43.1581538	45.1362344	50.2612687
42.441365	44.3865919	49.4265094
38.837645	40.6177	45.2296756
36.1060725	37.7609325	42.0485319
30.3124481	31.7017675	35.3013738
26.2730681	27.4772494	30.5971788
22.7768494	23.8207894	26.5255419
20.7191875	21.6688144	24.1292187
19.257115	20.1397313	22.426515
17.2263644	18.0159056	20.0615381
18.2911212	19.1294625	21.3015362
18.773055	19.6334844	21.8627869
19.6502275	20.5508625	22.8843288
19.1233212	19.9998056	22.2707025
20.2066763	21.132815	23.53236
19.7540669	20.6594612	23.0052594
20.1558944	21.0797056	23.4732194
12.4958531	13.06858	14.5524644
12.0150888	12.5657787	13.9925725
12.1975937	12.7566494	14.2051156
13.3359906	13.9472225	15.5308725
14.464235	15.12718	16.8448094
16.4926869	17.2486006	19.2071087
19.3675987	20.2552819	22.5551856
23.6702369	24.7551213	27.5659663
28.7351856	30.0522137	33.46452
37.627645	39.3522437	43.8205294
46.6523044	48.7905344	54.3305
47.7066713	49.893225	55.5583963
40.3155256	42.1633194	46.9507925
32.0241031	33.4918738	37.2947381
24.7939544	25.9303425	28.8746275
20.35714	21.2901737	23.7075869
16.6247663	17.3867356	19.3609262
15.1559612	15.85061	17.6503825
13.38873	14.00238	15.5922925
12.4171306	12.9862494	14.4607844
12.5532019	13.1285588	14.6192512
12.6341781	13.2132444	14.7135544
12.1656612	12.7232544	14.1679294
12.6782994	13.2593888	14.7649362
10.2204287	10.6888637	11.9025394
10.5099763	10.9916856	12.239745
11.0045813	11.5089581	12.8157525
11.7726437	12.3122225	13.7102275
13.5234488	14.1432725	15.749185
15.1059825	15.7983394	17.5921775
18.7345213	19.5931881	21.8179138
24.1189506	25.2244006	28.0885275
34.3045725	35.8768644	39.9505369
49.7330438	52.0124731	57.9182763
76.9074094	80.4323331	89.5650894
87.8631381	91.8901975	102.323954
61.9230425	64.7611787	72.11455
36.1161738	37.7714975	42.0602944
25.3812712	26.5445787	29.5586063
20.1976119	21.1233338	23.5218019
16.3746737	17.1251787	19.0696725
14.0219244	14.6645956	16.3297006
12.3102194	12.8744375	14.3362756
11.24816	11.7637006	13.0994194
10.68913	11.1790475	12.4483831
10.4245769	10.9023687	12.1402888
10.2151676	10.6833619	11.8964144
10.2656057	10.7361113	11.9551544
10.1058802	10.5690681	11.7691413
10.6715556	11.1606663	12.4279144
11.8163081	12.3578869	13.761075
13.6546894	14.2805281	15.9020244
16.5214787	17.2787125	19.2406394
24.3197737	25.4344281	28.3224031
37.9330469	39.671645	44.1761975
1234.85287540952	1238.87521600952	1249.29674500952
8305.92717972718	8312.14157372717	8328.24245472717
1200.72151200353	1204.12812580353	1212.95439700353
39.317225	41.1192625	45.7881881
23.8580844	24.9515775	27.7847275
17.1816544	17.9691463	20.00947
13.5656844	14.1874437	15.7983712
11.8849369	12.4296625	13.841
10.6842119	11.173905	12.4426563
10.067504	10.5289306	11.7244487
9.93416206	10.3894781	11.5691613
11.1733106	11.6854219	13.0122537
12.6630794	13.2434706	14.7472119
15.3309113	16.0335775	17.8541244
21.4278	22.4099081	24.9544619
34.8352919	36.4319094	40.5686025
64.0510819	66.9867562	74.5928306
53.83715	56.3046844	62.69785
30.1838794	31.5673075	35.1516456
18.3289112	19.1689869	21.3455469
14.0322112	14.6753556	16.3416806
11.4840331	12.0103838	13.3741119
11.22368	11.7380981	13.0709113
13.9123138	14.5499619	16.2020513
17.1551412	17.9414188	19.9785925
25.0122675	26.1586613	29.1288713
30.8792681	32.2945663	35.9614831
18.6769131	19.5329387	21.7508231
14.4278569	15.0891325	16.8024431
18.546275	19.3963125	21.5986825
