#?RADIANCE
genskyvec -m 1
NROWS=146
NCOLS=1
NCOMP=3
FORMAT=ascii

15.1241513	15.8173413	17.613335
24.97863	26.1234844	29.0896987
24.0891563	25.1932419	28.0538325
24.1398325	25.2462419	28.1128481
24.4575181	25.5784844	28.4828181
24.8352762	25.97356	28.9227519
27.4898456	28.7497969	32.01422
30.9473756	32.3657969	36.0408006
36.8819675	38.5723912	42.9521275
44.6960325	46.7445969	52.052255
55.3232512	57.8588975	64.4285413
64.4720512	67.42702	75.0830819
64.1233444	67.0623294	74.6769819
56.5283069	59.119185	65.8319269
47.0614825	49.2184656	54.8070206
38.8019913	40.5804169	45.1881556
32.2442575	33.7221181	37.5511263
29.2006925	30.5390581	34.0066431
25.3687331	26.5314663	29.544005
23.415145	24.4883381	27.26889
24.4857381	25.6080006	28.515685
23.6842713	24.7697988	27.5823088
25.2113356	26.3668544	29.360705
25.0186319	26.1653188	29.1362825
27.5179688	28.7792075	32.0469681
29.1760044	30.5132375	33.9778906
30.2318969	31.6175231	35.2075669
30.5712281	31.9724094	35.6027425
28.4451256	29.7488594	33.1267187
27.5144713	28.7755494	32.0428956
25.7178825	26.8966194	29.95062
15.6862538	16.4052069	18.26795
14.2130744	14.8645056	16.5523112
15.4838456	16.1935219	18.0322294
15.6568075	16.3744113	18.2336588
17.3833306	18.1800669	20.2443394
19.318665	20.2041038	22.4981981
23.7151681	24.8021125	27.61829
30.4406856	31.8358831	35.4507156
41.017575	42.8975475	47.7683881
54.3713338	56.8633513	63.3199513
69.0069675	72.1697862	80.3643681
71.3664519	74.6374131	83.1121869
58.5854931	61.2706594	68.2276931
43.48446	45.4774975	50.6412806
32.6671444	34.1643888	38.0436144
24.5038719	25.6269638	28.5368025
21.7331256	22.7292256	25.3100369
17.3660087	18.1619487	20.224165
15.7036431	16.4233931	18.2882019
14.4333962	15.0949281	16.8088938
14.5028031	15.1675137	16.8897244
15.1304819	15.8239612	17.6207075
14.6387569	15.3096987	17.0480519
16.7282425	17.4949531	19.4814319
17.5500838	18.3544638	20.4385362
18.1752925	19.0083263	21.1666431
17.119505	17.9041494	19.9370925
17.2510275	18.0416981	20.0902581
16.232025	16.9759937	18.9035487
16.0053244	16.7389013	18.6395362
10.4054111	10.8823243	12.1179694
10.1675149	10.6335263	11.8409194
10.7988194	11.2937644	12.5761256
12.8440975	13.4327844	14.9580231
15.7276725	16.4485237	18.3161875
21.3787619	22.3586219	24.8973506
31.9094156	33.3719263	37.1611719
53.0925306	55.5259381	61.83068
1803.82997432291	1807.64056242291	1817.51348742291
86.5931487	90.5619875	100.844942
54.2843125	56.7723413	63.2186081
30.6916512	32.09835	35.7429869
20.4528738	21.3902975	23.8190781
15.3081156	16.0097362	17.8275756
12.6002169	13.1777263	14.6740025
11.287315	11.80465	13.14502
10.3739754	10.8494485	12.0813594
10.8157152	11.3114362	12.5958031
10.6782106	11.1676276	12.4356663
10.4147134	10.8920553	12.1288025
11.0723064	11.5797875	12.8946238
11.1515943	11.6627081	12.98696
10.429531	10.9075499	12.1460563
10.6402881	11.127968	12.3915038
8.34751575	8.73010956	9.72137819
8.77096131	9.1729635	10.2145148
9.5827315	10.0219386	11.1598894
10.8972288	11.3966856	12.6907325
14.2753531	14.9296412	16.62484
17.9982075	18.8231256	20.9604131
29.0192419	30.34929	33.7953288
49.0107581	51.2570831	57.0771144
3213.53187562353	3217.46605442353	3227.65915322353
3066.41978350958	3070.14641980958	3079.80181420958
46.0609431	48.1720669	53.6418075
26.6540069	27.8756494	31.040815
19.2686663	20.1518112	22.4399675
13.7073594	14.3356138	15.9633644
11.0501144	11.5565788	12.8687812
9.61469106	10.0553629	11.1971081
8.74640194	9.14727837	10.1859132
8.39261519	8.77727637	9.77390031
8.37986388	8.76394056	9.75904969
8.34445312	8.72690694	9.71781175
8.42220362	8.80822125	9.808358
8.47990519	8.86856756	9.8755575
8.30252594	8.68305794	9.668983
8.41267312	8.79825375	9.79725906
7.62799519	7.97761119	8.88343644
8.41263206	8.79821094	9.79721106
9.85571544	10.3074356	11.4778037
12.9246994	13.5170819	15.0518912
18.2496675	19.0861094	21.2532594
31.3031425	32.73787	36.4551206
44.3937669	46.4284787	51.7002419
39.5523881	41.3652056	46.0620556
26.4610525	27.67385	30.8161031
16.7025138	17.4680463	19.4514706
12.1093031	12.6643119	14.1022931
9.64560969	10.0877004	11.2331175
8.26858031	8.64755669	9.62945081
7.53167762	7.87687937	8.77126688
7.24977969	7.58206106	8.44297287
7.16732669	7.49582894	8.34694962
7.23914025	7.57093388	8.43058262
7.33433456	7.67049156	8.54144431
7.77464756	8.1309855	9.05422569
9.15985656	9.5796835	10.6674168
12.4248206	12.9942913	14.4697387
18.9626963	19.8318169	22.0836412
22.6710844	23.7101762	26.4023694
19.74011	20.644865	22.989005
14.1650706	14.8143044	16.4964044
10.5046079	10.9860696	12.2334931
8.27366775	8.65287712	9.63537625
7.41260481	7.75234881	8.63259638
7.03579637	7.35827031	8.19377175
7.22979456	7.56115975	8.41969856
8.51066269	8.90073444	9.91137569
10.6791868	11.168651	12.436805
13.1179175	13.7191556	15.2769094
12.2147325	12.7745738	14.2250731
8.86934063	9.27585163	10.329087
7.89572487	8.25761219	9.19523031
9.81481687	10.2646619	11.4301725
