#?RADIANCE
genskyvec -m 1
NROWS=146
NCOLS=1
NCOMP=3
FORMAT=ascii

11.7825119	12.3225437	13.7217175
28.9092681	30.2342737	33.6672519
28.3546762	29.654265	33.0213856
28.7127612	30.0287619	33.4384044
29.8487437	31.2168088	34.7613494
32.0944037	33.5653969	37.37661
36.3563081	38.0226381	42.3399513
42.6642562	44.6196987	49.6860831
54.3179631	56.8075362	63.2577988
70.97531	74.2283425	82.6566675
83.4161244	87.2393675	97.1450419
100.382607	104.983477	116.903926
88.7345088	92.8015019	103.338729
72.2660394	75.5782306	84.1598287
57.3847319	60.0148656	66.829305
45.1302138	47.1986806	52.5578956
37.9161769	39.6540013	44.15655
33.2781756	34.803425	38.7552125
30.3650487	31.7567812	35.3626325
28.4591594	29.7635356	33.1430637
29.1508975	30.4869812	33.9486506
29.1226175	30.457405	33.9157175
29.6348494	30.9931131	34.5122544
29.53399	30.8876319	34.394795
31.4447206	32.885935	36.6199994
31.6358319	33.0858069	36.8425656
32.7650956	34.2668263	38.157685
32.3044969	33.7851181	37.6212787
31.3242531	32.7599475	36.4797069
30.1200575	31.5005581	35.0773194
29.111305	30.4455719	33.9025419
20.3396713	21.2719063	23.6872437
18.8853081	19.750885	21.9935169
20.9490881	21.9092525	24.3969587
21.6923863	22.68662	25.2625931
24.6661994	25.7967325	28.7258469
28.1750763	29.4664331	32.812225
35.8972194	37.5425081	41.805305
48.5908469	50.817925	56.5880919
69.3842031	72.5643087	80.8036894
94.4718169	98.8017725	110.020311
114.853	120.1171	133.755894
103.540897	108.286514	120.582013
77.2338444	80.7737269	89.9452562
53.7445162	56.207805	62.5899706
39.6656019	41.4836069	46.1939031
29.9297338	31.3015125	34.8556706
27.2085063	28.4555631	31.6865744
21.995125	23.0032331	25.6151569
20.4105137	21.345995	23.7697456
19.0039706	19.874985	22.1317081
19.2082206	20.0885956	22.3695731
19.9643531	20.8793856	23.2501538
19.0380862	19.9106638	22.17144
21.3157256	22.2926944	24.82394
22.0458188	23.0562531	25.674195
22.5418237	23.5749906	26.2518344
21.15104	22.1204631	24.6321519
21.3093862	22.286065	24.8165562
20.29071	21.2206981	23.6302225
20.33982	21.2720613	23.6874169
13.1473225	13.7499075	15.3111531
12.8891075	13.4798581	15.0104412
13.8872294	14.5237256	16.1728362
17.1039394	17.8878681	19.9189644
21.6194763	22.6103675	25.1776812
30.9651469	32.3843819	36.0614975
48.7861025	51.02213	56.815485
85.2680844	89.1762031	99.3017981
2959.64218734274	2965.56853734274	2980.92326834274
1320.98428741185	1325.42689531185	1336.93731731185
56.94363	59.5535444	66.3156037
33.2834681	34.80896	38.7613756
22.7549219	23.7978556	26.500005
17.3957512	18.193055	20.2588012
14.9821937	15.6688769	17.4480131
13.8952069	14.53207	16.1821263
12.9515106	13.5451206	15.0831144
13.7307894	14.3601162	15.9906494
13.34445	13.9560694	15.5407237
12.7769494	13.3625606	14.8798256
13.5473	14.1682169	15.7769606
13.6158506	14.23991	15.8567925
12.7203081	13.3033213	14.8138619
13.1817087	13.7858694	15.3511987
9.72982488	10.1757757	11.3311919
10.3171839	10.7900554	12.0152219
11.2647581	11.7810581	13.1187494
13.0273669	13.6244556	15.1714537
17.6220506	18.4297281	20.5223469
22.6478025	23.6858281	26.3752562
36.8945375	38.5855375	42.9667675
59.8675306	62.6114581	69.7207313
2174.34385339551	2178.14257899551	2187.98476649551
65.08632	68.0694394	75.7984475
39.5218562	41.3332731	46.0264987
24.4230806	25.5424719	28.4427131
18.6292369	19.4830775	21.6953
14.0858194	14.7314194	16.40411
11.8449125	12.3878037	13.7943875
10.515829	10.997804	12.24656
9.84604012	10.2973151	11.4665344
9.63407138	10.0756329	11.2196788
9.75293919	10.1999477	11.3581088
9.68768081	10.1316987	11.2821121
9.76704694	10.2147037	11.3745413
9.84213388	10.2932315	11.4619861
9.61125231	10.0517677	11.1931043
9.85529987	10.3070011	11.4773175
8.14991019	8.52344762	9.49125006
9.01683156	9.43010256	10.5008525
10.4989171	10.9801175	12.2268662
14.0571806	14.7014675	16.3707581
19.898165	20.8101637	23.1730725
31.2204006	32.6513356	36.3587619
38.784455	40.562075	45.1677306
31.3837406	32.8221619	36.5489844
21.9860806	22.9937756	25.604625
14.9076937	15.5909613	17.3612513
11.1755464	11.6877569	13.0148544
9.45918125	9.89272619	11.0160044
8.47630888	8.864806	9.87136856
7.89781375	8.25979675	9.19766262
7.62582075	7.9753375	8.88090438
7.60905031	7.95779788	8.86137331
7.76349075	8.11931713	9.04123231
7.8578755	8.21802781	9.15115131
7.67976031	8.031749	8.94372137
8.84124581	9.24646925	10.2963685
12.0250881	12.5762375	14.0042169
17.6773775	18.48759	20.5867806
19.3195969	20.2050756	22.4992812
16.0788419	16.81579	18.7251525
11.99665	12.5464963	13.9711013
9.29838913	9.72456488	10.8287497
7.73571937	8.09027288	9.00889013
7.11675456	7.442939	8.28805438
6.97041269	7.28988962	8.11762687
7.06451037	7.38830012	8.2272115
7.73697556	8.09158675	9.010353
9.4430535	9.87585881	10.9972218
11.1041255	11.6130638	12.9316794
10.2293615	10.6982059	11.9129443
7.75511738	8.11055987	9.031481
7.15418856	7.4820885	8.33164912
8.47582075	8.86429575	9.87079912
