#?RADIANCE
genskyvec -m 1
NROWS=146
NCOLS=1
NCOMP=3
FORMAT=ascii

13.9190156	14.5569706	16.2098537
25.0088056	26.1550412	29.1248394
24.0851219	25.1890238	28.0491331
24.1894262	25.2981081	28.1706044
24.6594794	25.789705	28.7180213
25.3603819	26.5227331	29.5342794
28.3991344	29.7007587	33.0731594
32.3612075	33.8444288	37.6873262
39.3331325	41.1359012	45.8067138
48.6360606	50.8652137	56.6407475
60.2164537	62.9763731	70.1270812
70.3413569	73.5653325	81.9183769
67.6858031	70.7880694	78.8257656
57.7016194	60.3462769	67.1983481
46.9326456	49.0837238	54.65698
38.2594406	40.0129963	44.5563087
31.69916	33.1520375	36.9163156
28.7287481	30.0454806	33.4570219
25.1111112	26.2620381	29.2439838
23.3915556	24.46367	27.2414175
24.6269562	25.75569	28.6801437
24.0743362	25.1777438	28.0365731
25.6742144	26.8509481	29.8997644
25.5864894	26.7592038	29.7976012
28.1768419	29.4682812	32.8142825
29.7255856	31.0880088	34.6179225
30.7591	32.1688894	35.8215362
30.92717	32.3446638	36.0172688
28.7302975	30.0471012	33.4588275
27.6387888	28.9055675	32.1876744
25.7780025	26.9594938	30.0206338
15.8610713	16.5880375	18.4715412
14.3984987	15.0584306	16.7682531
15.7252875	16.4460294	18.3134088
16.008875	16.7426156	18.6436713
17.9577569	18.7808213	20.9133031
20.1874356	21.1126944	23.5099531
25.0898181	26.2397669	29.2191844
32.8237969	34.3282194	38.2260475
45.3344031	47.4122288	52.7956937
61.4808669	64.2987375	71.5995981
77.3730113	80.9192719	90.107325
76.0246569	79.5091169	88.5370525
59.3215294	62.0404306	69.0848669
42.5797575	44.5313275	49.58768
31.6574294	33.1083944	36.8677163
23.7883337	24.8786325	27.7034981
21.2795375	22.2548519	24.7817975
17.113685	17.8980631	19.9303137
15.6443294	16.3613606	18.2191269
14.5085288	15.1735025	16.8963913
14.7183806	15.3929706	17.1407812
15.4815838	16.1911562	18.0295944
15.0432306	15.7327119	17.5190956
17.2278881	18.0174975	20.0633106
18.0637481	18.8916694	21.0367425
18.6653644	19.5208569	21.7373731
17.5182412	18.3211606	20.4014538
17.5774681	18.3831	20.4704275
16.4817231	17.2371344	19.1943406
16.2071619	16.94999	18.8745912
10.5497495	11.0332789	12.2860625
10.3202401	10.79325	12.01878
11.0074281	11.5119356	12.8190694
13.2080006	13.8133656	15.3818169
16.3780181	17.1286763	19.0735675
22.7022206	23.74274	26.4386306
34.7981069	36.3930194	40.5252994
59.8924056	62.6374719	69.7497019
2193.50054523354	2197.87641833354	2209.21393933354
87.6011056	91.61615	102.018799
51.3515244	53.7051344	59.8031338
28.9681269	30.2958325	33.7358
19.4992731	20.3929888	22.7085306
14.7694794	15.4464125	17.2002913
12.3529825	12.91916	14.3860775
11.2228219	11.7372	13.0699119
10.4543691	10.9335273	12.1749837
11.0115719	11.5162681	12.8238937
10.9342949	11.4354489	12.7338987
10.6734602	11.1626609	12.430135
11.3465117	11.8665594	13.2139594
11.3990844	11.9215431	13.2751863
10.6163419	11.1029228	12.3636163
10.8006772	11.295708	12.5782887
8.44638356	8.83350919	9.83651838
8.88369075	9.29085956	10.3457992
9.73404237	10.1801857	11.3361031
11.1224031	11.6321794	12.9529644
14.7146631	15.3890863	17.1364538
18.7105519	19.5681194	21.7899975
30.5824844	31.98418	35.6158544
51.7243175	54.0950138	60.2372812
3130.78295666643	3134.71533406643	3144.90377416643
2250.3609476257	2253.6511469257	2262.1757651257
41.1554512	43.0417412	47.9289538
24.3591487	25.47561	28.3682606
17.9460644	18.7685913	20.8996875
13.0668081	13.6657031	15.2173875
10.7132208	11.2042413	12.4764375
9.43055306	9.86278694	10.9826662
8.69338319	9.09182944	10.1241709
8.43036444	8.81675625	9.81786275
8.49299794	8.88226013	9.89080375
8.48855588	8.87761419	9.88563112
8.577489	8.97062369	9.98920106
8.62617769	9.02154394	10.0459036
8.42466906	8.81079938	9.81122963
8.52551706	8.91626969	9.92867569
7.67484788	8.02661156	8.93800031
8.47101069	8.859265	9.86519844
9.93147919	10.3866722	11.5660344
13.0801094	13.6796137	15.2328775
18.4992288	19.3471081	21.5438938
30.9800969	32.4000156	36.0789075
41.7635962	43.6777612	48.6371913
35.1847825	36.797415	40.9756131
23.8590775	24.9526181	27.7858869
15.4826987	16.1923212	18.0308944
11.4664775	11.9920231	13.3536675
9.32258862	9.74987337	10.8569304
8.12610163	8.49854763	9.46352288
7.50053581	7.84431044	8.73499963
7.264095	7.5970325	8.45964444
7.213709	7.544337	8.40096569
7.29827469	7.63277881	8.4994495
7.38550237	7.72400425	8.60103337
7.75661925	8.11213069	9.03323
9.10185031	9.51901819	10.5998635
12.3101769	12.874395	14.33623
18.4791288	19.3260881	21.5204881
21.3503506	22.3289069	24.8642638
18.1713194	19.0041706	21.1620163
13.2228744	13.8289206	15.3991381
10.0110673	10.4699071	11.6587212
8.05450706	8.42367181	9.38014537
7.31146288	7.64657131	8.51480831
7.01285781	7.33428025	8.16705787
7.20104887	7.53109669	8.38622188
8.36708269	8.750574	9.74416519
10.3944517	10.8708627	12.105205
12.5189719	13.0927569	14.5793875
11.5709546	12.1012894	13.4753425
8.58661081	8.98016344	9.99982456
7.743242	8.09814031	9.01765106
9.49595956	9.93119081	11.0588369
