#?RADIANCE
genskyvec -m 1
NROWS=146
NCOLS=1
NCOMP=3
FORMAT=ascii

25.5465431	26.7174256	29.75108
33.4596394	34.9932056	38.9665412
35.5220406	37.1501331	41.3683788
36.5028119	38.1758556	42.5105688
36.0622769	37.7151312	41.9975294
32.3424262	33.8247863	37.6654525
30.6184494	32.021795	35.6577394
29.1164106	30.4509119	33.9084875
26.6361694	27.8569944	31.0200419
24.5808063	25.7074281	28.6264
29.1312762	30.4664594	33.9258012
27.8213475	29.0964894	32.4002769
32.1080206	33.5796375	37.3924669
34.8198062	36.4157144	40.5505681
36.9634581	38.6576156	43.04703
41.2828037	43.1749331	48.0772687
43.9186019	45.9315375	51.146875
46.3429188	48.4669675	53.9701938
45.4475494	47.5305606	52.9274594
43.0258231	44.9978375	50.1071581
41.7067881	43.6183475	48.5710331
36.6805994	38.3617931	42.7176175
34.1473837	35.7124706	39.7674756
30.1042144	31.4839894	35.0588675
28.8728388	30.196175	33.6248263
28.4545525	29.7587181	33.1376987
28.3534288	29.6529619	33.0199331
29.9406231	31.3129006	34.86835
29.2022238	30.5406581	34.008425
31.0332238	32.4555794	36.1407769
32.0360331	33.50435	37.3086312
18.6697413	19.5254381	21.7424713
17.2094569	17.9982225	20.0418475
19.2210394	20.1020025	22.3845025
18.163955	18.9964713	21.1534419
17.488665	18.2902288	20.3670088
15.9880013	16.7207863	18.6193613
16.880985	17.6546975	19.6593162
17.1107619	17.8950056	19.9269106
17.0146037	17.7944387	19.8149256
16.421985	17.1746575	19.12477
18.6613844	19.516695	21.7327375
20.9413112	21.9011219	24.3879044
24.7401069	25.8740288	28.8119194
28.3109375	29.6085219	32.9704488
31.7197844	33.1736081	36.940335
36.219625	37.87969	42.1807725
39.3401625	41.1432537	45.8149012
39.2750644	41.0751712	45.7390875
35.9054419	37.5511088	41.8148819
31.4301987	32.87075	36.6030881
27.6513394	28.9186938	32.20229
24.2640081	25.3761094	28.2574606
20.3818675	21.3160369	23.7363838
19.2541425	20.1366219	22.4230544
17.8564519	18.6748725	20.7953275
17.2887756	18.0811775	20.1342219
16.1561625	16.8966531	18.8151981
16.7630362	17.5313425	19.5219569
16.7585806	17.5266819	19.5167637
17.7031756	18.5145706	20.6168256
11.3692131	11.8903025	13.2403969
10.9295454	11.4304825	12.7283669
10.9202691	11.4207813	12.7175638
11.5452134	12.0743694	13.445365
11.4092913	11.9322175	13.2870731
11.6532487	12.187355	13.5711781
12.3352831	12.9006513	14.3654669
13.763565	14.3943944	16.0288194
15.2217794	15.9194419	17.72703
18.6257431	19.4794225	21.6912319
22.5812531	23.6162263	26.2977531
30.3374094	31.7278744	35.3304438
40.1055775	41.9437494	46.7062887
47.0606456	49.2175881	54.8060469
42.0262281	43.9524281	48.9430469
32.4348281	33.9214231	37.7730631
23.8204825	24.9122531	27.7409369
20.0074019	20.9244062	23.3002875
16.1052831	16.8434419	18.7559469
13.7871356	14.4190456	16.05627
12.5191262	13.0929206	14.5795669
11.7407887	12.2789069	13.6731263
10.9902731	11.4939956	12.79909
11.3122742	11.8307531	13.1740862
9.03301006	9.44702275	10.5196931
9.03669419	9.45087531	10.5239844
8.95324894	9.36360612	10.4268044
9.11923388	9.53719881	10.6201094
9.57833481	10.0173419	11.1547688
9.95845562	10.4148856	11.5974525
11.0345006	11.5402481	12.8505975
12.6072019	13.18503	14.6821375
14.9468594	15.6319231	17.4068637
18.1022281	18.9319131	21.081555
24.3180862	25.4326631	28.3204369
38.3910731	40.1506625	44.7096069
55.98694	58.5530075	65.2014619
1884.65635276779	1888.23378526779	1897.50258466779
62.5294413	65.3953719	72.8207494
41.854335	43.7726544	48.7428631
26.745635	27.971475	31.1475231
19.641105	20.5413206	22.8737044
15.4348788	16.1423094	17.9752031
12.969895	13.5643481	15.104525
11.4040506	11.926735	13.2809675
10.2927822	10.7645338	11.9868025
9.61809925	10.0589285	11.2010775
9.35339656	9.78209362	10.8928088
8.79318412	9.19620475	10.2403962
8.65597219	9.05270413	10.080602
8.84324981	9.24856512	10.2987025
9.32066112	9.74785838	10.8546869
10.2135485	10.6816688	11.8945288
12.3175963	12.8821519	14.3448681
14.9462	15.6312338	17.4060969
21.9504437	22.9565044	25.5631219
34.40003	35.9766969	40.0617031
1942.15191470843	1945.69726530843	1954.88295460843
6892.14017823909	6897.26256123909	6910.53422323909
61.7446094	64.5745681	71.9067469
30.1830269	31.5664144	35.1506531
18.198955	19.0330744	21.1942031
14.0152812	14.6576475	16.3219644
11.4547194	11.9797262	13.3399744
9.95289481	10.4090688	11.5909763
9.17899881	9.59970281	10.6897094
9.43814813	9.87072994	10.9915094
9.67845719	10.1220529	11.2713713
10.2948731	10.7667189	11.9892369
11.9886506	12.5381312	13.9617831
15.59366	16.3083687	18.1601175
26.1724725	27.3720437	30.480025
49.4308712	51.6964512	57.5663731
52.0645706	54.4508606	60.6335325
27.8092287	29.0838169	32.386165
16.6970637	17.4623444	19.4451225
11.8444694	12.3873413	13.7938712
10.4138879	10.8911919	12.1278406
11.5889256	12.1200837	13.4962712
12.3865844	12.9543019	14.4252106
15.9278175	16.6578406	18.5492706
23.4211344	24.4946019	27.2758631
18.6569775	19.5120869	21.7276056
13.8071863	14.440015	16.07962
14.9651231	15.6510238	17.4281319
