#?RADIANCE
genskyvec -m 1
NROWS=146
NCOLS=1
NCOMP=3
FORMAT=ascii

24.6852294	25.8166344	28.7480075
32.3189538	33.8002381	37.6381156
34.7856494	36.3799925	40.5107912
36.0922406	37.7464669	42.0324231
36.0130737	37.6636731	41.9402281
32.5777413	34.0708881	37.9394981
30.9284506	32.3460019	36.0187581
29.3349344	30.6794519	34.1629788
26.5196375	27.7351225	30.8843312
24.0938288	25.1981275	28.0592719
28.1576494	29.4482075	32.7919313
26.3498675	27.5575687	30.6866163
30.1531937	31.535215	35.11591
32.5443919	34.0360087	37.9006563
34.5569862	36.1408487	40.2444913
38.9520663	40.7373663	45.3629287
41.9882475	43.9127063	48.8988156
45.1428712	47.2119175	52.5726394
45.2615075	47.3359937	52.7108006
43.8198856	45.8282931	51.0319088
42.7198388	44.6778306	49.750815
37.8481594	39.5828669	44.0773394
35.0299794	36.6355206	40.7953319
30.75608	32.1657331	35.8180206
29.131435	30.4666256	33.9259863
28.0986444	29.3864988	32.723215
27.5269975	28.7886512	32.057485
28.6783319	29.9927563	33.3983106
27.8324019	29.1080537	32.4131537
29.5684037	30.9236213	34.4348719
30.7192813	32.1272475	35.7751631
18.1359588	18.9671913	21.1208375
16.8687663	17.6419187	19.6450856
19.0035425	19.8745375	22.1312094
18.1048456	18.9346494	21.0846019
17.5020225	18.3041969	20.3825662
15.9374194	16.667885	18.560455
16.7687662	17.5373344	19.5286263
16.7864044	17.5557831	19.5491681
16.31411	17.0618375	18.9991412
15.3604913	16.0645125	17.8885712
17.2474587	18.0379663	20.0861044
19.1799894	20.0590719	22.3366969
22.6300056	23.6672138	26.3545294
25.8602087	27.0454675	30.11637
29.1035525	30.4374656	33.8935144
33.9075912	35.4616875	39.4882175
38.0837175	39.82922	44.3516631
39.7649669	41.587525	46.3096187
37.5658025	39.2875656	43.74851
33.2624294	34.786955	38.7368719
29.1225075	30.4572875	33.9155887
25.3334069	26.49452	29.502865
21.1291525	22.0975719	24.60666
19.7080019	20.6112844	22.9516112
18.0091069	18.8345225	20.9731044
17.1649963	17.951725	19.9900706
15.8071769	16.5316731	18.4087756
16.2059088	16.9486787	18.8731319
16.1526544	16.8929844	18.8111137
17.0849419	17.868	19.8968394
11.0804142	11.5882663	12.9040656
10.6786696	11.1681094	12.4362013
10.7046286	11.1952569	12.4664338
11.3513557	11.8716263	13.2196013
11.1328951	11.6431525	12.965185
11.1989569	11.7122406	13.0421175
11.6187944	12.1513237	13.5310569
12.7130531	13.2957338	14.8054087
13.8406956	14.4750625	16.118645
16.7515838	17.5193644	19.5086162
20.0434525	20.9621119	23.3422719
26.7091612	27.93333	31.1050475
36.1935838	37.8524544	42.1504437
46.2539144	48.3738825	53.8665388
45.7529831	47.8499925	53.2831619
36.0198475	37.6707562	41.9481175
25.7099131	26.8882825	29.9413375
21.0680219	22.0336394	24.5354688
16.6630631	17.4267856	19.4055256
14.0860731	14.7316856	16.4044075
12.5880644	13.165015	14.6598488
11.6312019	12.1642981	13.5455056
10.7639682	11.2573156	12.5355375
11.0049692	11.5093637	12.816205
8.78201669	9.18452531	10.22739
8.76434394	9.16604275	10.2068086
8.64370488	9.03987456	10.0663148
8.76791775	9.16978012	10.2109711
9.11234875	9.52999769	10.6120913
9.36360756	9.79277187	10.9047025
10.1792359	10.6457837	11.8545694
11.4665506	11.9920981	13.3537525
13.3671831	13.9798456	15.5672019
15.9036519	16.6325694	18.5211294
20.6113825	21.5560706	24.0036731
30.7885044	32.1996431	35.85578
44.9705031	47.03165	52.3719006
75.5459456	79.0084631	87.9795456
2123.41939891402	2126.85325391402	2135.75008701402
50.5287487	52.8446481	58.8449412
30.2498919	31.636345	35.2285219
21.069855	22.0355556	24.5376019
16.0229281	16.7573106	18.6600363
13.2363744	13.8430419	15.4148631
11.4944606	12.02129	13.3862581
10.2347983	10.7038944	11.9192775
9.46607425	9.8999365	11.0240331
9.14179394	9.56079313	10.6463806
8.50951781	8.899537	9.91004381
8.30005881	8.68047788	9.66611044
8.38601412	8.770373	9.76621269
8.73415237	9.13446719	10.1716489
9.43745444	9.87000388	10.9907025
11.1364931	11.6469156	12.969375
13.2287125	13.83503	15.4059412
18.4552013	19.3010638	21.4926206
27.1537713	28.3983163	31.6228288
56.6585544	59.2554025	65.9836112
6279.449141917	6284.006115317	6295.812827317
2121.88128505546	2125.30339505546	2134.16976505546
34.3769062	35.9525131	40.034775
19.1592394	20.0373706	22.3125331
14.2671425	14.9210525	16.6152769
11.4567106	11.98181	13.3422956
9.83129375	10.2818961	11.4493631
8.9648065	9.37569331	10.440265
9.05279344	9.46771281	10.5427331
9.13874838	9.55760737	10.6428356
9.55604113	9.99402569	11.1288069
10.9018768	11.4015456	12.6961444
13.7586856	14.3892937	16.0231381
21.686555	22.6805219	25.2558
39.5821944	41.3963788	46.0967687
48.08108	50.2847944	55.9944269
28.9925019	30.3213225	33.7641856
16.8465194	17.6186519	19.6191781
11.7019662	12.2383069	13.6279163
10.1116507	10.5751012	11.77586
10.9904525	11.4941825	12.7993006
11.4849538	12.0113469	13.3751875
14.3470675	15.00464	16.7083556
20.7326837	21.6829325	24.1449413
17.7063262	18.5178663	20.6204944
13.2943206	13.9036425	15.4823438
13.9120444	14.5496787	16.2017356
