#?RADIANCE
genskyvec -m 1
NROWS=146
NCOLS=1
NCOMP=3
FORMAT=ascii

2.96779462	3.10381844	3.45624431
17.4738712	18.2747562	20.34978
16.7899788	17.5595194	19.5533312
16.5134569	17.2703213	19.2312962
16.5945844	17.3551706	19.3257788
17.1187663	17.9033756	19.9362312
16.8677012	17.6408044	19.6438456
16.9922363	17.7710475	19.7888775
16.8646825	17.6376462	19.6403281
17.5919319	18.3982281	20.4872731
16.6050894	17.3661544	19.3380119
17.43016	18.2290412	20.2988762
16.8538512	17.6263169	19.6277125
16.9078112	17.6827519	19.690555
17.2605044	18.0516106	20.1012975
17.7454212	18.5587525	20.6660238
20.14461	21.0679044	23.4600775
21.2796012	22.2549162	24.7818694
28.0438844	29.3292287	32.6594438
41.0982181	42.9818856	47.8623019
56.4785887	59.0671887	65.7740269
94.0790106	98.3909663	109.562854
104.180524	108.955463	121.326916
95.8290881	100.221254	111.600967
62.3884538	65.2479206	72.6565569
38.1174219	39.8644687	44.3909156
28.3958256	29.6972981	33.0693069
22.3328225	23.3564087	26.0084325
20.2034519	21.1294412	23.5286044
18.1734325	19.0063813	21.164475
17.6586756	18.4680294	20.5650012
15.7433087	16.4648781	18.3343963
14.8049162	15.4834737	17.2415587
15.431125	16.1383844	17.9708312
15.2202013	15.9177931	17.7251931
15.1677469	15.8629369	17.6641062
14.7542106	15.4304444	17.1825081
15.4178531	16.124505	17.955375
15.7164531	16.4367919	18.3031213
15.4953912	16.2055931	18.0456738
14.3530037	15.0108481	16.71527
14.764965	15.4416912	17.1950331
14.84929	15.5298806	17.2932344
15.67682	16.39534	18.2569644
15.8684775	16.5957831	18.4801656
16.4546087	17.2087781	19.162765
18.2303206	19.0658769	21.2307275
21.9226906	22.9274806	25.5308019
26.7457744	27.9716219	31.147685
38.73223	40.5074569	45.1069125
57.1851256	59.8061094	66.5968494
265.047319322947	269.295562522947	280.302424722947
1457.52213581708	1463.94309781708	1480.57921681708
278.067714738808	282.565263738808	294.218013738808
60.9091719	63.7008412	70.9338106
39.9623506	41.7939569	46.53949
29.3825056	30.7292025	34.2183787
21.8139119	22.8137175	25.4041219
18.6465075	19.5011375	21.7154112
16.6979462	17.4632669	19.4461506
16.0954031	16.8331069	18.7444381
11.4789044	12.0050213	13.3681413
10.8850079	11.3839037	12.6764981
10.7730887	11.2668563	12.5461612
11.3560669	11.8765525	13.2250856
11.3099067	11.8282787	13.1713306
11.3707174	11.891875	13.2421488
11.3523687	11.8726844	13.22078
11.4493032	11.9740619	13.3336662
10.9472954	11.4490475	12.7490388
11.4062573	11.9290444	13.2835388
11.6027725	12.1345675	13.5123969
12.6437819	13.2232888	14.7247369
14.1374081	14.7853731	16.4641925
16.9431938	17.7197556	19.7317612
24.3440075	25.4597731	28.3506269
38.2583344	40.0118406	44.5550213
61.2281406	64.0344275	71.305275
83.0433975	86.8495475	96.7109625
49.3670681	51.6297219	57.4920669
29.5911944	30.9474575	34.4614137
20.8767419	21.8335919	24.3127069
16.0927119	16.8302956	18.7413063
12.8485287	13.4374194	14.963185
12.1225369	12.6781519	14.1177044
8.81713394	9.22125181	10.2682869
8.67946981	9.07727837	10.1079663
8.37322281	8.75699512	9.75131619
8.46735238	8.85543919	9.86093806
8.63769531	9.03358956	10.0593161
8.56826038	8.96097219	9.9784535
8.48113975	8.86985844	9.8769945
8.64550937	9.04176187	10.0684176
8.57037756	8.96318575	9.98091912
8.79539825	9.19852056	10.2429748
9.03067819	9.44458356	10.5169774
9.41047625	9.84178894	10.9592852
10.4961186	10.97719	12.2236063
13.1900944	13.7946419	15.360965
17.346155	18.1411875	20.2010437
21.8182731	22.8182794	25.4092
29.3472131	30.6922931	34.1772762
32.5903319	34.0840531	37.9541587
28.4909906	29.7968281	33.1801344
20.7946019	21.7476881	24.2170475
15.5643919	16.2777587	18.1260331
12.1282406	12.6841188	14.1243506
10.2961156	10.7680192	11.990685
9.65565963	10.0982113	11.2448206
7.35743537	7.69465087	8.56834694
7.09638281	7.4216335	8.26432969
6.87833044	7.19358706	8.01038944
6.99108931	7.31151406	8.14170637
7.0119005	7.33327894	8.16594294
6.9635845	7.2827485	8.10967456
7.10415131	7.42975825	8.27337669
7.41076394	7.75042356	8.6304525
7.76942644	8.12552481	9.048145
8.85428681	9.26010762	10.3115552
9.95010331	10.4061498	11.5877231
13.2608775	13.8686669	15.4433994
16.6355606	17.3980244	19.3734981
16.6189631	17.3806656	19.3541694
13.6683419	14.294805	15.9179225
10.7960194	11.2908351	12.5728644
9.07999462	9.49616056	10.5744104
7.93575044	8.29947212	9.24184281
6.50610206	6.80429831	7.57689869
6.1030255	6.38274731	7.10748212
6.09568669	6.375072	7.09893525
6.18290037	6.46628319	7.20050313
6.21012525	6.49475588	7.23220881
6.59567787	6.89797956	7.68121681
7.42436675	7.76465	8.64629438
8.48411731	8.87297256	9.88046213
10.2274879	10.6962469	11.9107606
9.78901375	10.2376764	11.4001212
8.48221762	8.87098544	9.87824962
7.01476163	7.33627125	8.16927481
6.08588256	6.36481875	7.08751781
5.78396931	6.04906769	6.73591437
5.89380725	6.16394006	6.86383025
6.43379706	6.72867919	7.49269312
6.93921362	7.25726075	8.08129294
6.84677856	7.16058894	7.97364444
6.05316256	6.330599	7.04941269
