#?RADIANCE
genskyvec -m 1
NROWS=146
NCOLS=1
NCOMP=3
FORMAT=ascii

12.8209256	13.4085506	14.9310363
29.7752237	31.1399206	34.6757306
30.6985769	32.1055944	35.7510538
31.6437463	33.094085	36.8517806
32.5784231	34.0716019	37.9402938
32.5126181	34.0027794	37.8636544
32.1975462	33.6732656	37.4967244
32.2110731	33.6874125	37.51248
30.5324869	31.9318919	35.557625
29.8089081	31.1751488	34.7149588
30.7676663	32.1778506	35.8315156
29.4735138	30.8243819	34.3243644
29.928455	31.3001744	34.8541819
30.2251375	31.6104537	35.1996913
31.0771631	32.5015319	36.1919462
34.3957156	35.9721844	40.0566781
40.3577681	42.2074988	46.9999862
46.3085375	48.4310106	53.9301544
59.4718875	62.1976806	69.2599725
78.8720019	82.4869656	91.8530156
88.5137581	92.5706306	103.081651
97.5108431	101.98008	113.559508
81.8897663	85.6430425	95.3674681
69.3117844	72.4885725	80.7193506
55.3297994	57.8657469	64.4361662
42.5505756	44.5008094	49.5536937
37.1260706	38.82768	43.2364063
33.0235594	34.5371356	38.4586875
30.6903125	32.0969506	35.7414281
29.2800825	30.6220856	34.0990981
29.0774731	30.4101906	33.8631425
20.9840319	21.9458006	24.437655
19.6560063	20.5569075	22.8910581
21.7843531	22.7828	25.3696944
21.5737775	22.5625738	25.1244619
21.7470625	22.7438044	25.3262688
20.7021919	21.6510425	24.1094287
22.1887069	23.2056894	25.8406
22.5203125	23.5524919	26.2267819
21.4887994	22.4737019	25.0254988
18.7110719	19.5686631	21.790605
19.4976494	20.3912906	22.7066381
19.8015644	20.709135	23.0605725
21.9294881	22.9345894	25.5387181
23.4584619	24.5336425	27.3193356
25.9081388	27.0955956	30.1721869
31.8094944	33.2674275	37.0448062
41.7819331	43.6969375	48.658545
54.9200619	57.4372294	63.9589906
78.7887906	82.3999419	91.7561175
101.607922	106.264956	118.330919
109.272069	114.28035	127.256425
89.2046787	93.2932256	103.886295
63.0855231	65.9769431	73.4683525
46.8429962	48.9899669	54.552575
36.1255769	37.7813306	42.0712469
30.1464244	31.5281331	35.1080225
24.5142294	25.6377981	28.5488638
22.4777156	23.5079425	26.1771731
20.7465387	21.69742	24.1610738
20.6702188	21.6176019	24.0721931
13.541005	14.1616337	15.7696294
12.9010419	13.4923375	15.0243381
12.9813819	13.5763625	15.1179012
14.1033544	14.7497569	16.4245331
14.0478869	14.6917488	16.3599356
14.0386069	14.6820437	16.34913
13.8766688	14.5126806	16.1605388
13.9320306	14.5705831	16.2250112
13.3044144	13.9141987	15.4940987
14.4502719	15.1125756	16.8285469
15.631985	16.3484494	18.2047488
19.3499394	20.2368106	22.5346181
25.27619	26.43468	29.4362306
35.9887437	37.6382275	41.9118906
60.1380775	62.8944038	70.0358069
101.130143	105.765279	117.774482
2416.61833023561	2422.09217323561	2436.27444823561
79.3132931	82.9484806	92.3669431
43.8707625	45.8815025	51.09116
28.7827206	30.1019281	33.5198787
21.4581725	22.4416706	24.9898306
17.5314819	18.3350069	20.4168712
14.5380669	15.2043937	16.9307906
14.026395	14.6692725	16.3349088
10.1008722	10.5638294	11.7633094
9.97540175	10.4326061	11.6171869
9.66474806	10.1077163	11.255405
9.82139531	10.2715432	11.437835
10.0802634	10.5422761	11.7393075
9.984314	10.4419284	11.6275675
9.89024631	10.3435486	11.5180169
10.2148676	10.6830479	11.896065
10.4319594	10.9100899	12.1488869
11.2414794	11.7567131	13.0916413
12.6685787	13.2492206	14.7536162
15.1591106	15.8539038	17.6540481
19.2362706	20.1179337	22.4022413
30.08223	31.4609981	35.033265
48.4775662	50.6994538	56.4561688
1832.87577706119	1836.14586276119	1844.61836206119
2755.18734515029	2759.31545145029	2770.01101555029
61.4502088	64.2666737	71.5638931
37.1285519	38.8302769	43.2392956
24.2034863	25.3128131	28.1869775
17.7145819	18.5264994	20.6301069
13.8740213	14.5099144	16.1574569
11.8213169	12.3631275	13.7669094
11.0389075	11.5448569	12.8557269
8.65269587	9.04927756	10.0767854
8.23310188	8.61045206	9.58813375
7.96511863	8.33018637	9.27604475
8.08914769	8.45990013	9.420487
8.17612238	8.55086113	9.52177688
8.35971669	8.74287025	9.73558712
8.90397962	9.31207825	10.3694263
10.3254857	10.7987376	12.0248881
12.2295713	12.7900938	14.2423556
16.9729719	17.7509	19.7664412
22.6817531	23.7213331	26.4147931
36.7010744	38.3832044	42.74146
45.7956919	47.8946612	53.3329025
31.8179731	33.2762981	37.0546831
20.8611094	21.8172419	24.2945013
14.3860513	15.0454119	16.7537563
11.2179485	11.7321031	13.0642363
9.51137894	9.94731656	11.0767944
8.01693537	8.38437781	9.33638969
7.44909838	7.79051531	8.67509625
7.36995644	7.70774594	8.58292894
7.63646344	7.98646775	8.8932985
8.2686265	8.64760488	9.62950487
10.2106319	10.6786166	11.8911313
13.7454812	14.3754819	16.00776
18.0167831	18.8425512	20.982045
22.4541231	23.48327	26.1496994
17.4187094	18.2170669	20.28554
12.1342275	12.6903787	14.13132
9.25786544	9.68218412	10.7815565
8.30836006	8.68915969	9.67577825
7.79172619	8.14884688	9.07411506
8.49308019	8.88234631	9.89090031
10.6402344	11.1279113	12.3914406
11.8336869	12.3760644	13.7813169
10.5006706	10.9819504	12.2289069
9.06216294	9.47751194	10.5536439
