#?RADIANCE
genskyvec -m 1
NROWS=146
NCOLS=1
NCOMP=3
FORMAT=ascii

26.8532737	28.0840494	31.2728781
32.8899506	34.3974069	38.3030919
32.5735594	34.066515	37.9346263
32.1358713	33.608765	37.4249012
30.7094875	32.1170044	35.7637594
27.2783169	28.5285713	31.767875
26.5560412	27.7731938	30.9267256
26.5224256	27.7380362	30.8875744
26.6322756	27.8529206	31.0155069
26.9248719	28.1589275	31.3562581
33.2812031	34.8065906	38.7587369
34.0777719	35.6396681	39.6864062
39.3156369	41.1176025	45.7863369
41.9705225	43.8941712	48.878175
42.9845731	44.9546981	50.05912
44.2326869	46.2600181	51.5126531
42.5437444	44.4936637	49.5457381
41.49798	43.39997	48.3278588
37.0053856	38.701465	43.0958587
32.9164175	34.425085	38.3339138
31.9797912	33.44553	37.2431331
27.9106494	29.1898856	32.5042781
27.6389563	28.90574	32.1878706
25.5797744	26.7521781	29.7897787
26.8473912	28.0778963	31.2660275
29.3201094	30.663945	34.1457112
31.0111606	32.432505	36.1150819
33.6056519	35.1459094	39.136585
32.4662581	33.954295	37.8096644
33.6215269	35.1625131	39.1550719
32.9320331	34.4414169	38.3520981
18.1305844	18.9615694	21.1145769
16.0462812	16.7817356	18.6872338
17.2922713	18.0848338	20.1382919
16.102415	16.8404413	18.7526038
15.825975	16.5513306	18.4306675
15.3655275	16.0697812	17.8944381
16.9546006	17.7316869	19.7450469
18.6112925	19.4643119	21.6744038
20.4671675	21.4052463	23.8357256
21.4189069	22.4006056	24.9441031
25.1568825	26.3099069	29.2972869
28.883465	30.2072906	33.6372037
33.3747338	34.9044069	38.86766
36.8320469	38.5201813	42.89399
37.4782806	39.1960325	43.6465819
35.3777006	36.9991775	41.2002813
33.1485819	34.6678894	38.6042875
28.0209844	29.3052787	32.6327738
24.2549975	25.3666831	28.2469675
20.9704275	21.9315706	24.4218106
18.96708	19.8364031	22.0887469
17.4457969	18.2453919	20.3170831
15.4121662	16.1185556	17.9487531
16.1094481	16.8477969	18.7607969
16.3785119	17.1291938	19.0741444
17.0794319	17.8622369	19.8904219
16.6673075	17.4312256	19.4104687
17.7158406	18.5278188	20.6315744
17.4584794	18.2586587	20.3318563
17.958585	18.7816862	20.9142719
10.9911696	11.4949312	12.8001325
10.4917486	10.9726205	12.2185169
10.5254904	11.0079075	12.2578119
11.3523394	11.8726544	13.2207462
12.03115	12.5825781	14.0112787
13.4366338	14.05248	15.6480819
15.5030356	16.2135925	18.0545787
18.635615	19.4897475	21.7027275
22.1212744	23.1351662	25.7620688
29.0892362	30.4224925	33.8768425
37.5555937	39.2768913	43.7366212
42.6807962	44.6369981	49.7053463
38.1070444	39.8536169	44.37883
30.35516	31.7464369	35.351115
23.0068725	24.0613544	26.7934225
18.6735969	19.5294687	21.7469606
15.1083169	15.8007812	17.5948956
13.6911538	14.3186669	15.9444925
11.9293956	12.47616	13.8927775
10.948165	11.449955	12.7500494
10.9838731	11.4873006	12.7916362
11.0351796	11.5409575	12.851385
10.641787	11.129536	12.3932475
11.1367427	11.6471749	12.9696656
8.739841	9.14041656	10.1782734
8.91913181	9.32792481	10.3870731
9.17390287	9.59437287	10.6837762
9.69609731	10.1405013	11.2919131
10.9201556	11.4206613	12.7174319
12.0121594	12.562715	13.9891594
14.4920313	15.1562481	16.8771794
18.0567844	18.8843875	21.0286331
24.5995956	25.7270775	28.64828
35.2944706	36.9121362	41.1033569
58.8106031	61.5060881	68.48985
2357.97086407778	2361.88814467778	2372.03744657778
64.663895	67.6276537	75.3065019
35.6344269	37.2676712	41.4992619
23.7648437	24.8540656	27.6761419
18.4064494	19.2500788	21.4358463
14.7001587	15.3739144	17.11956
12.4970394	13.0698206	14.5538438
10.8949806	11.394335	12.6881144
9.87228381	10.3247633	11.4970981
9.31752856	9.74458169	10.8510387
9.04218894	9.45662231	10.5303821
8.8244575	9.22891169	10.2768173
8.86197875	9.2681525	10.3205143
8.44479506	8.831848	9.83466788
8.78974731	9.19261013	10.2363941
9.54408669	9.98152412	11.1148863
10.8080506	11.3034181	12.586875
12.7402344	13.3241613	14.8370656
17.6499606	18.4589169	20.5548519
25.8901262	27.0767569	30.1512119
56.9731519	59.5844194	66.3499856
6151.4973908209	6156.3376558209	6168.8784038209
2891.52001600789	2895.16803100789	2904.61972600789
37.9425519	39.6815856	44.1872656
21.7458038	22.7424844	25.3248012
15.2074269	15.9044344	17.7103156
11.8372094	12.3797475	13.7854175
10.2717384	10.7425256	11.9622944
9.16558956	9.58567881	10.6740925
8.57904575	8.97225169	9.99101513
8.39278206	8.77745087	9.77409419
9.1505525	9.56995275	10.6565813
10.1256216	10.5897112	11.7921319
11.8868969	12.4317138	13.8432831
15.7668119	16.4894562	18.3617669
24.1990106	25.3081319	28.1817656
45.9499187	48.0559544	53.5125106
46.6959612	48.8361937	54.38134
26.6030525	27.8223588	30.9814737
15.7642044	16.48673	18.3587313
11.9006319	12.4460775	13.8592769
9.68007594	10.1237448	11.2732544
9.310563	9.737296	10.8429269
11.1654431	11.6771913	13.0030881
13.2916869	13.9008881	15.4792756
18.7139962	19.5717219	21.7940094
24.0351969	25.1368075	27.99099
15.1962025	15.892695	17.6972469
11.8048275	12.3458812	13.7477063
14.5852537	15.2537431	16.985745
