#?RADIANCE
genskyvec -m 1
NROWS=146
NCOLS=1
NCOMP=3
FORMAT=ascii

22.8255162	23.871685	26.5822169
29.6067488	30.9637256	34.4795312
32.533685	34.0248119	37.8881894
34.2854125	35.856825	39.9282212
34.7951338	36.3899075	40.5218331
32.0038169	33.4706581	37.2711131
30.6557638	32.0608188	35.7011931
29.0927419	30.4261575	33.8809231
25.983875	27.1748006	30.2603869
23.1537456	24.21496	26.9644694
26.4359269	27.6475725	30.7868406
23.9103031	25.0061913	27.8455419
26.8265163	28.0560656	31.2417156
28.5520325	29.8606656	33.2512219
30.1778462	31.5609975	35.1446188
34.3467056	35.9209275	39.9996037
37.56308	39.2847188	43.7453394
41.5734537	43.4789025	48.4157531
43.1463488	45.1238906	50.2475219
43.6460725	45.6465156	50.8294906
43.1567662	45.1347831	50.2596531
38.8198131	40.5990531	45.2089081
35.6678894	37.3026687	41.5382331
31.1881906	32.6176488	36.3212494
29.0818844	30.4148038	33.86828
27.200475	28.4471631	31.6772206
25.9299975	27.1184562	30.197645
26.3344956	27.5414919	30.6687156
25.2260975	26.3822931	29.3778956
26.6639331	27.88603	31.0523731
27.8703844	29.1477756	32.4573862
16.7916375	17.5612525	19.5552625
15.8413006	16.5673581	18.4485131
18.0959838	18.9253825	21.0742831
17.5061106	18.3084725	20.3873256
17.108425	17.89256	19.9241862
15.5727437	16.2864931	18.1357569
16.3633081	17.1132906	19.0564363
16.1434825	16.8833906	18.8004306
15.1740094	15.869485	17.6714
13.6860056	14.3132788	15.9384937
15.0007925	15.6883269	17.4696719
16.3468481	17.0960769	19.0372656
19.1555856	20.03355	22.3082775
21.7548369	22.7519337	25.3353212
24.5055081	25.6286769	28.5387069
29.0838356	30.4168425	33.87055
34.2277919	35.7965644	39.8611156
38.2979294	40.0532506	44.6011344
39.043865	40.8333769	45.4698375
35.7756162	37.41533	41.6636869
31.1313469	32.5582	36.25505
26.5588231	27.7761006	30.9299637
21.8426006	22.8437212	25.4375331
20.0068319	20.92381	23.2996225
17.918	18.7392406	20.8670056
16.6921394	17.4571969	19.4393906
14.9939506	15.6811731	17.4617044
15.03288	15.7218869	17.5070431
14.8503256	15.5309644	17.29444
15.6892525	16.4083419	18.2714431
10.3271693	10.8004986	12.0268506
9.99897119	10.4572569	11.6446356
10.1019289	10.5649353	11.7645388
10.8121098	11.3076639	12.5916038
10.5396978	11.0227669	12.2743569
10.4001264	10.8767987	12.111815
10.4599404	10.9393545	12.18147
11.0539037	11.56054	12.8731919
11.6695294	12.2043837	13.5901412
13.8412006	14.47559	16.1192337
16.2356763	16.9798119	18.9077987
21.1795444	22.1502731	24.6653462
28.7844919	30.1037794	33.5219425
40.6311019	42.4933594	47.318305
49.2777669	51.5363287	57.3880669
42.5861175	44.5379819	49.5950881
29.0672369	30.399485	33.8512219
22.4958006	23.5268575	26.1982375
17.1199219	17.9045856	19.9375775
14.15967	14.8086531	16.4901162
12.3721331	12.9391906	14.4083806
11.1784106	11.6907544	13.0181906
10.1380366	10.6026944	11.8065894
10.2404585	10.7098122	11.9258681
8.14282494	8.5160375	9.48299788
8.10838181	8.48001569	9.44288675
7.96228294	8.32722075	9.27274256
8.04988313	8.41883588	9.37476025
8.26165888	8.64031787	9.62139044
8.34218869	8.72453875	9.71517431
8.78321213	9.18577581	10.2287835
9.65815075	10.1008161	11.2477219
10.9550156	11.4571194	12.7580281
12.7280638	13.3114325	14.8228913
15.7454644	16.4671306	18.3369062
21.5774962	22.5664631	25.1287931
30.3553288	31.746615	35.3513125
57.9581637	60.6145762	67.4971131
3501.77214225455	3505.84097605455	3516.38298605455
69.8995944	73.1033275	81.4039081
37.3554625	39.0675881	43.5035513
23.3145362	24.3831188	27.1517212
16.5294475	17.2870462	19.24992
13.2174613	13.8232619	15.3928356
11.2573887	11.77335	13.1101663
9.8263005	10.2766727	11.4435456
8.94304381	9.35293312	10.4149202
8.54715925	8.93890381	9.95388
7.80285794	8.16048875	9.08707869
7.52071075	7.86540981	8.75849481
7.48260688	7.82555938	8.71411963
7.67057113	8.02213863	8.93301988
8.10945256	8.48113544	9.44413363
9.24374075	9.66741194	10.7651069
10.6695172	11.1585356	12.4255412
13.9542087	14.593775	16.2508388
18.7657438	19.62584	21.8542738
34.0423463	35.6026194	39.6451513
2991.07355153134	2993.89688843134	3001.21190773134
3699.82719994649	3703.97419614649	3714.71870914649
41.3389444	43.233645	48.1426456
20.0609869	20.9804475	23.3626913
14.0795687	14.7248831	16.3968325
11.0020075	11.5062669	12.812755
9.28266744	9.70812269	10.8104406
8.32735488	8.70902506	9.69789925
8.15264744	8.52631019	9.49443819
8.04006931	8.40857231	9.36333119
8.20835187	8.58456781	9.55931069
9.08987394	9.5064925	10.5859159
10.9955529	11.4995144	12.8052388
15.7859056	16.5094244	18.3840031
26.1386069	27.3366256	30.4405888
35.809475	37.4507419	41.7031206
28.099795	29.3877019	32.7245537
16.1022488	16.8402694	18.75241
10.9603731	11.4627237	12.7642681
9.24273969	9.66636531	10.7639406
9.65302462	10.0954541	11.2417513
9.76611231	10.2137251	11.3734531
11.6638775	12.1984744	13.5835587
16.0882938	16.8256731	18.7361613
15.1748156	15.8703281	17.67234
11.8435756	12.3864063	13.7928313
11.7591175	12.2980756	13.6944725
