#?RADIANCE
genskyvec -m 1
NROWS=146
NCOLS=1
NCOMP=3
FORMAT=ascii

25.9490081	27.1383375	30.219785
34.315495	35.8882863	39.9632531
36.0786619	37.7322656	42.01661
36.8347387	38.5229969	42.8971256
36.1560794	37.81323	42.1067669
32.2658344	33.7446838	37.576255
30.5249525	31.9240112	35.5488525
29.1121212	30.446425	33.9034925
26.8947387	28.1274119	31.3211631
25.1239506	26.2754644	29.2589375
30.0342494	31.4108181	34.9773862
29.0740331	30.4065931	33.859135
33.6987094	35.2432331	39.2449569
36.6163663	38.294615	42.6428125
38.8273944	40.6069838	45.2177388
43.0450731	45.0179694	50.1295769
45.3254906	47.4029069	52.7853144
47.2104244	49.3742331	54.980475
45.6188413	47.709705	53.1269438
42.6090669	44.56198	49.62181
41.1708525	43.0578488	47.9468913
36.0520131	37.7043956	41.9855769
33.7063819	35.2512562	39.2538938
29.8200219	31.1867719	34.7279019
28.8814744	30.2052094	33.6348863
28.890465	30.21461	33.6453575
29.1173375	30.4518819	33.9095669
30.9898725	32.4102425	36.0902925
30.2920344	31.6804181	35.2776
32.1595663	33.6335463	37.4524981
33.0312231	34.5451531	38.4676144
19.0802937	19.9548063	22.2205937
17.4805044	18.2816925	20.3575044
19.41117	20.3008462	22.6059269
18.2554125	19.09212	21.2599494
17.5521262	18.3565962	20.440915
16.1162613	16.8549212	18.7687281
17.0767994	17.8594862	19.8873569
17.4793056	18.28044	20.35611
17.6627163	18.4722569	20.5697063
17.320695	18.1145613	20.1713938
19.8229644	20.7315188	23.0854981
22.3626762	23.3876319	26.0432031
26.4218006	27.6328012	30.7703894
30.246915	31.6332313	35.2250556
33.7270975	35.2729213	39.2780181
37.8435413	39.5780369	44.07196
40.1328494	41.97227	46.73805
38.8982356	40.6810713	45.3002406
34.9552869	36.5574037	40.7083481
30.4329262	31.8277656	35.44168
26.8477762	28.0782981	31.2664737
23.6693219	24.7541638	27.5648981
19.9730438	20.8884744	23.2602737
19.0470637	19.9200531	22.1818944
17.8582575	18.6767594	20.7974287
17.4817381	18.2829837	20.3589419
16.4890344	17.2447806	19.2028544
17.2297025	18.0193975	20.0654244
17.2417213	18.0319675	20.0794231
18.182765	19.0161394	21.175345
11.60113	12.1328462	13.5104806
11.1361775	11.646585	12.9690075
11.1102744	11.619495	12.9388412
11.7365056	12.27443	13.6681406
11.677595	12.2128181	13.5995337
12.0664937	12.6195412	14.0524388
12.9502181	13.5437687	15.0816087
14.632975	15.3036506	17.0413188
16.3488044	17.0981225	19.0395456
20.1646556	21.0888681	23.4834213
24.6998269	25.8319025	28.7650094
33.2496944	34.7736375	38.7220431
42.7118294	44.6694519	49.741485
47.0451444	49.2013775	54.7879906
39.7369563	41.5582312	46.2769981
30.5624156	31.9631937	35.5924831
22.8372906	23.8839994	26.5959294
19.4281856	20.3186431	22.6257413
15.7975056	16.5215569	18.3975125
13.6373669	14.2624137	15.8818513
12.5255688	13.0996587	14.5870719
11.8669781	12.4108812	13.820085
11.18723	11.6999762	13.02846
11.5614687	12.0913681	13.464295
9.23508575	9.65836038	10.7550269
9.25757038	9.68187588	10.7812125
9.20858356	9.630644	10.7241637
9.41330131	9.844743	10.9625738
9.969857	10.4268088	11.61073
10.4522419	10.9313019	12.1725069
11.7327081	12.270455	13.6637156
13.5397956	14.16037	15.7682219
16.2618256	17.0071587	18.9382506
19.9905444	20.9067762	23.2806562
27.6255363	28.891705	32.1722406
45.1885744	47.2597175	52.625865
64.6332325	67.5955869	75.2707869
2326.48112712353	2329.98463142353	2339.06189272353
55.4740025	58.0165606	64.6041019
37.5108806	39.2301281	43.6845506
24.9701425	26.1146075	29.0798137
18.8880037	19.7537031	21.996655
15.1126875	15.8053506	17.5999831
12.8298825	13.41792	14.94147
11.3760237	11.897425	13.2483294
10.3642627	10.8392912	12.0700488
9.75184713	10.1988054	11.35684
9.52791456	9.96461019	11.0960506
9.01578294	9.42900594	10.4996306
8.93635225	9.34593512	10.4071275
9.20525513	9.62716212	10.7202869
9.78944044	10.2381226	11.4006194
10.8355994	11.3322319	12.6189588
13.2807713	13.8894712	15.4665663
16.3989369	17.150555	19.09793
25.1084138	26.259215	29.2408419
41.1421981	43.0278794	47.91352
3226.94245338541	3231.34768908541	3242.76129008541
5262.57178244904	5267.68959344904	5280.94937944904
54.3285775	56.8186319	63.2701575
27.9250087	29.2049044	32.5210019
17.6623125	18.4718356	20.569235
13.8811556	14.5173769	16.165765
11.4758056	12.00178	13.3645319
10.0583742	10.5193831	11.713815
9.34980387	9.7783365	10.8886263
9.732572	10.1786474	11.3343912
10.0933688	10.5559822	11.75457
10.8734116	11.3717763	12.6629944
12.8618994	13.4514019	14.9787556
17.1230388	17.9078437	19.9412063
30.0033488	31.3785019	34.9414019
56.6653131	59.2624725	65.9914831
52.6471144	55.0601044	61.311955
26.8663963	28.0977719	31.2881606
16.59314	17.3536594	19.3240956
11.9568344	12.5048556	13.9247312
10.6413287	11.129055	12.392715
12.0313381	12.5827738	14.0114956
13.0723863	13.6715369	15.223885
17.1515056	17.9376137	19.9743569
25.3400569	26.5014744	29.51061
19.2402894	20.1221375	22.4069219
14.15833	14.8072544	16.4885563
15.7237888	16.44446	18.3116625
