#?RADIANCE
genskyvec -m 1
NROWS=146
NCOLS=1
NCOMP=3
FORMAT=ascii

8.27385425	8.65307244	9.63559275
24.8229562	25.960675	28.9084025
24.3146525	25.4290744	28.3164412
24.8062563	25.9432075	28.8889513
26.3076669	27.5134338	30.6374713
29.4622162	30.8125669	34.3112069
34.9855369	36.58904	40.7435756
43.1420156	45.1193569	50.242475
59.2270675	61.9416406	68.9748588
82.2610444	86.0313394	95.799845
95.814355	100.205852	111.583821
110.777494	115.854786	129.009611
85.3964944	89.3105019	99.4513387
62.9441888	65.8291287	73.3037588
47.4643075	49.6397544	55.2761444
36.6899644	38.3715856	42.7285231
30.83992	32.2534156	35.9156587
27.1874187	28.4335069	31.6620169
25.256745	26.4143444	29.4135869
24.1875425	25.2961356	28.1684106
25.1073881	26.2581431	29.2396469
25.7025869	26.8806206	29.9328063
26.3175669	27.5237881	30.6490013
26.5504013	27.7672938	30.9201556
28.3618725	29.6617925	33.0297669
28.3042212	29.6014981	32.9626262
29.2351544	30.5750969	34.0467737
28.4678144	29.7725881	33.1531444
27.50816	28.7689506	32.0355487
26.1158288	27.3128025	30.41406
25.0846162	26.2343281	29.2131275
17.81066	18.62698	20.7419975
16.5949125	17.3555125	19.3261606
18.5925225	19.4446775	21.6525419
19.67768	20.579575	22.9163
23.2286731	24.2933188	27.0517263
27.6707869	28.9390312	32.2249387
36.9795825	38.67448	43.0658075
53.4880575	55.9395925	62.2913037
82.5414194	86.3245675	96.1263619
118.725427	124.167012	138.265663
1281.62114331708	1287.53813131708	1302.86851831708
92.9512144	97.2114706	108.249429
63.1376144	66.0314181	73.5290181
42.1300338	44.0609919	49.0639362
30.9517769	32.3703975	36.0459263
23.7720106	24.86156	27.6844887
22.1596494	23.1752987	25.8067594
18.2376788	19.0735719	21.2392975
17.3472962	18.1423812	20.2023737
16.4623181	17.2168406	19.1717419
16.967965	17.7456644	19.7606113
17.9459606	18.7684837	20.8995688
17.2718163	18.06344	20.1144688
19.4728969	20.3654025	22.6778112
20.1517563	21.0753794	23.4684025
20.52313	21.4637719	23.9008956
19.0847631	19.95948	22.2257975
19.0368456	19.9093675	22.1699956
17.9540344	18.7769262	20.90897
17.8773256	18.6967038	20.8196369
11.4252205	11.948875	13.3056212
11.2228535	11.7372356	13.0699513
12.2702019	12.8325863	14.2896738
15.6312331	16.3476625	18.2038744
20.6069688	21.5514538	23.9985319
31.1907981	32.6203762	36.3242856
52.0650013	54.4513119	60.6340344
1255.32852170155	1259.77675020155	1271.30166520155
2689.23349542097	2694.57479142097	2708.41364842097
67.4318094	70.5224306	78.529965
39.8420719	41.6681637	46.3994137
24.2889419	25.4021844	28.2864987
17.2767563	18.0686063	20.1202225
13.6598125	14.2858869	15.9079906
12.2371481	12.7980169	14.2511781
11.7079644	12.24458	13.6349
11.1999984	11.7133306	13.0433312
12.1380378	12.6943662	14.1357588
11.9140513	12.4601113	13.8749056
11.3995115	11.9219894	13.2756812
12.1030612	12.6577844	14.095025
12.0916755	12.6458769	14.081765
11.1479582	11.6589056	12.9827256
11.4904325	12.0170769	13.3815675
8.27237294	8.65152319	9.633868
8.81104413	9.21488356	10.2611957
9.70652456	10.1514072	11.3040566
11.4056932	11.9284544	13.2828825
15.8257113	16.5510563	18.4303619
20.5949106	21.5388444	23.9844919
33.1451631	34.6643156	38.6003056
49.9136406	52.2013494	58.1285988
52.61558	55.0271256	61.27523
39.66924	41.4874138	46.1981388
25.3599175	26.5222469	29.5337394
16.620265	17.3820256	19.3556831
13.3093912	13.9194056	15.4998963
10.6621024	11.150783	12.4169075
9.33399462	9.7618025	10.8702139
8.49054019	8.87968937	9.887942
8.17078431	8.54527838	9.51555988
8.16197562	8.536066	9.505302
8.40872812	8.79412775	9.79266425
8.39719063	8.78206162	9.77922856
8.47546506	8.86392394	9.87038712
8.50829175	8.89825462	9.90861462
8.23981894	8.61747744	9.59595669
8.428493	8.81479856	9.81568356
6.73732175	7.04611544	7.846173
7.47489875	7.81749806	8.70514306
8.69757381	9.09621219	10.1290509
11.705373	12.2418675	13.6318819
16.2872475	17.0337475	18.9678581
22.9933656	24.0472269	26.7776913
25.5464825	26.7173631	29.7510106
19.720125	20.6239656	22.96573
14.3972925	15.0571681	16.7668481
10.4340366	10.9122632	12.1513056
8.19307869	8.5685945	9.54152381
7.28744931	7.62145719	8.48684231
6.7725365	7.08294437	7.88718362
6.46675063	6.76314313	7.53107031
6.29703594	6.58565	7.33342344
6.32524562	6.6151525	7.366276
6.4684765	6.76494825	7.53308044
6.51584025	6.81448281	7.58823931
6.15123537	6.43316675	7.16362656
6.97335938	7.29297144	8.12105856
9.34291644	9.77113375	10.8806051
12.9674344	13.561775	15.1016587
13.1947725	13.7995325	15.3664138
10.7506101	11.2433474	12.5199837
8.37522569	8.75909019	9.75364844
6.81348719	7.12577169	7.934874
5.95146738	6.22424281	6.93098006
5.61245244	5.86968956	6.53616888
5.6085505	5.865609	6.53162475
5.64235906	5.90096687	6.57099744
5.93125681	6.20310587	6.90744313
7.02519331	7.34718112	8.18142356
7.90249481	8.26469213	9.20311456
7.24892963	7.58117187	8.44198306
5.78203137	6.04704106	6.7336575
5.48626788	5.73772175	6.3892165
6.25060963	6.53709569	7.27935612
