#?RADIANCE
genskyvec -m 1
NROWS=146
NCOLS=1
NCOMP=3
FORMAT=ascii

2.93518669	3.06971606	3.41826963
14.2572063	14.91066	16.6037056
14.510805	15.1758825	16.8990419
15.18664	15.8826919	17.68611
16.6950894	17.4602813	19.442825
19.9949956	20.9114312	23.2858381
26.1129056	27.3097456	30.410655
35.9269981	37.5736531	41.8399875
58.8095344	61.5049694	68.4886069
94.5056281	98.8371331	110.059677
561.691781792575	566.263853892575	578.109740892575
82.6431625	86.4309681	96.2448619
47.5184994	49.6964269	55.3392525
30.9011219	32.3174206	35.9869331
22.7414756	23.7837913	26.484345
18.1836644	19.0170819	21.1763938
16.1381081	16.8777725	18.7941731
14.7433275	15.4190625	17.1698356
14.359775	15.0179294	16.723155
14.0523137	14.6963781	16.3650912
14.3003425	14.9557731	16.65394
14.5338275	15.1999625	16.9258538
14.2898181	14.9447687	16.6416869
14.1884925	14.8387975	16.5236825
14.654465	15.3261275	17.0663487
14.1821662	14.8321819	16.5163162
14.6129344	15.2826925	17.0179813
14.2515769	14.9047744	16.5971512
14.2972325	14.95252	16.6503188
13.8795844	14.51573	16.1639325
13.9784844	14.6191644	16.2791106
11.4449213	11.9694806	13.328565
11.1687884	11.6806913	13.0069844
12.52184	13.0957556	14.5827256
13.674495	14.3012425	15.9250912
16.9427606	17.7193031	19.7312581
21.6399088	22.6317356	25.2014756
31.2102125	32.6406781	36.346895
50.786485	53.1141975	59.1450956
587.572399511654	591.762019511654	602.616972111654
1312.06663751425	1316.69051051425	1328.67056551425
68.7085312	71.85767	80.0168137
41.5751119	43.4806369	48.4176862
28.0213813	29.3056931	32.6332338
19.4989869	20.3926869	22.708195
15.3051781	16.0066656	17.8241575
12.8837444	13.4742475	15.0041925
12.6686262	13.2492713	14.7536719
11.2452593	11.7606681	13.0960431
11.0430964	11.5492381	12.8606069
10.6666578	11.1555457	12.4222119
10.8391068	11.3358991	12.6230444
11.1272217	11.6372169	12.9585756
10.661141	11.1497766	12.4157875
11.4086452	11.9315394	13.2863175
11.5707569	12.1010813	13.4751106
11.6757283	12.2108631	13.5973575
11.148299	11.6592616	12.9831231
11.2515957	11.7672926	13.1034212
10.9941658	11.4980652	12.8036219
11.1884767	11.7012826	13.029915
8.46539113	8.85338812	9.85865362
8.52455444	8.91526294	9.92755431
9.37400319	9.80364562	10.9168087
11.9198744	12.4662	13.8816863
16.2546606	16.999665	18.9299081
25.4439981	26.6101794	29.6316575
40.6565781	42.5200037	47.3479769
55.5523087	58.0984544	64.6952969
40.0708575	41.90744	46.6658569
25.767255	26.9482537	30.0081181
17.25499	18.0458419	20.0948737
12.2270454	12.78745	14.2394137
9.94390788	10.3996706	11.5805094
8.79172938	9.1946835	10.238701
8.45951912	8.84724687	9.85181519
8.361485	8.7447195	9.73764656
8.14392538	8.51718825	9.48428019
8.52041444	8.91093319	9.92273306
8.31953919	8.70085106	9.68879644
8.04105562	8.40960375	9.36447975
8.30736394	8.68811775	9.67461744
8.32831219	8.71002619	9.69901381
8.01940719	8.38696325	9.33926856
8.28741925	8.667259	9.65139088
6.91807838	7.23515656	8.056679
7.30711919	7.64202863	8.50974981
8.00184888	8.3686	9.31882075
9.22798556	9.65093494	10.7467573
12.4080212	12.9767212	14.450175
15.5952931	16.3100762	18.1620206
21.3686012	22.3479944	24.8855181
25.1647219	26.3181025	29.3064175
21.0533231	22.0182687	24.5183525
16.4916344	17.2474987	19.2058813
12.0761537	12.6296431	14.0636869
9.2655215	9.69019163	10.7904724
8.21443481	8.5909295	9.56639456
7.41497431	7.75482706	8.63535594
7.04059238	7.36328587	8.199357
6.76458819	7.07463175	7.877927
6.68416131	6.99051863	7.78426319
6.69432619	7.00114937	7.79610131
6.78875706	7.09990819	7.90607363
6.76294463	7.07291288	7.87601319
6.78825063	7.09937875	7.905484
6.81965269	7.13222	7.94205419
6.74420956	7.05331912	7.85419438
6.89206525	7.20795131	8.02638462
6.14800412	6.42978725	7.15986331
6.63537437	6.93949544	7.72744675
7.4348765	7.77564163	8.65853381
9.29657037	9.72266337	10.8266318
11.6554094	12.1896166	13.5736956
13.4057194	14.0201481	15.6120781
13.0854856	13.6852344	15.2391375
10.3681197	10.8433244	12.0745406
8.49260525	8.88184919	9.89034744
7.1336225	7.46057988	8.307698
6.37123944	6.66325431	7.41983969
6.1184835	6.39891381	7.12548431
5.98190313	6.25607344	6.96642494
5.8820395	6.15163269	6.85012531
5.81158906	6.07795369	6.76808025
5.83295456	6.100298	6.79296169
5.91813012	6.18937756	6.89215606
5.97798469	6.25197544	6.96186175
5.84270787	6.11049831	6.8043205
6.32057363	6.61026637	7.360835
7.61312925	7.96206413	8.86612419
9.08842038	9.50497081	10.5842218
8.66958081	9.06693644	10.0964511
7.36732881	7.70499788	8.57986869
6.41306969	6.70700188	7.46855444
5.84240887	6.11018562	6.80397231
5.56152656	5.81642956	6.47686131
5.45784294	5.70799381	6.35611306
5.49222625	5.743953	6.39615544
5.53387181	5.78750725	6.44465512
5.67206775	5.9320375	6.60559587
6.19723794	6.48127806	7.21720056
6.46305506	6.75927806	7.5267665
6.0657805	6.34379519	7.06410725
5.48566294	5.73708881	6.388512
5.40321756	5.65086469	6.29249738
5.74125956	6.00440044	6.68617563
