#?RADIANCE
genskyvec -m 1
NROWS=146
NCOLS=1
NCOMP=3
FORMAT=ascii

0.826297675	0.864169613	0.962292512
10.3939335	10.8703231	12.1046027
10.5208254	11.0030274	12.2523775
10.8885463	11.3876047	12.6806208
11.9913928	12.5409966	13.9649769
14.8038419	15.4823513	17.2403088
19.6248919	20.524365	22.8548225
27.6491719	28.9164244	32.1997688
47.3247981	49.4938525	55.113675
280.76602182916	284.37690862916	293.73239552916
217.449839069174	220.523507169174	228.487107169174
45.0401862	47.1045269	52.4530525
25.6648231	26.8411281	29.8888281
17.597875	18.4044437	20.4941931
13.9489706	14.5882975	16.2447394
11.6830396	12.2185125	13.6058763
11.110713	11.6199542	12.9393513
9.98064738	10.4380938	11.6232979
10.2741592	10.7450577	11.9651156
10.1012632	10.5642379	11.7637636
9.86312806	10.3151872	11.4864346
10.2384484	10.7077095	11.9235269
9.70119869	10.1458392	11.2978551
9.80303263	10.2523401	11.4164506
9.88505138	10.3381151	11.5119656
9.35333138	9.78202481	10.8927341
9.73504069	10.1812285	11.3372686
9.47405663	9.90828469	11.0333289
9.98232744	10.4398489	11.6252524
9.76036056	10.20771	11.3667527
10.12577	10.5898668	11.7923044
9.44328294	9.87609925	10.9974901
9.27757163	9.70279313	10.8045061
10.280334	10.7515167	11.9723056
11.1974412	11.7106568	13.0403531
13.65315	14.27892	15.9002319
17.1501769	17.9362269	19.9728119
24.4987294	25.6215863	28.5308106
38.6441069	40.4152956	45.0042856
172.816830895494	175.572494595494	182.712179595494
45.3810781	47.4610431	52.8500506
33.6610219	35.2038188	39.2010681
22.5873369	23.6225888	26.3048381
16.8614312	17.6342487	19.6365438
12.8787219	13.4689969	14.9983462
10.9550161	11.4571219	12.75803
9.88218738	10.3351205	11.5086325
10.0001494	10.4584892	11.6460086
9.08240231	9.49867856	10.5772155
8.97208056	9.38330031	10.4487361
8.66319569	9.060259	10.0890134
8.69203313	9.090418	10.1225967
8.8100335	9.21382694	10.2600186
8.39850687	8.78343856	9.78076156
8.84027881	9.24545869	10.2952421
8.9875875	9.39951806	10.4667957
9.0842515	9.50061194	10.5793688
8.80752875	9.21120681	10.2571015
8.97592338	9.38731994	10.4532117
8.91665031	9.32533	10.3841829
9.18695562	9.60802487	10.6989756
6.74429275	7.053406	7.85429125
6.68407044	6.9904235	7.7841575
7.22709812	7.55833988	8.41655844
9.07034638	9.48606987	10.5631752
11.7744176	12.3140784	13.7122919
17.00123	17.7804512	19.7993481
23.3238275	24.3928356	27.1625419
25.8228806	27.0064288	30.0728988
18.5168794	19.3655688	21.5644512
13.4618038	14.0788031	15.677395
10.1448954	10.6098698	11.8145761
8.24940238	8.62750019	9.60711775
7.27610325	7.60959131	8.47362906
6.68899663	6.99557544	7.78989438
6.62285431	6.92640162	7.71286625
6.58381119	6.88556906	7.667397
6.319522	6.60916656	7.35961044
6.63604938	6.94020156	7.72823287
6.37780312	6.67011875	7.42748338
6.09199463	6.37121075	7.09463562
6.37852069	6.67086937	7.42831925
6.46859425	6.76507119	7.53321744
6.24419544	6.5303875	7.27188631
6.56743337	6.86844069	7.648324
4.91512775	5.14040425	5.72407613
5.16403919	5.40072406	6.01395406
5.44595069	5.69555675	6.34226394
6.13162019	6.41265256	7.140783
7.764969	8.12086319	9.04295388
9.09884506	9.51587531	10.5963638
10.8655419	11.3635451	12.653828
11.7784942	12.3183409	13.7170384
9.76410481	10.2116257	11.3711136
8.20561913	8.58170931	9.55612719
6.64181806	6.94623469	7.73495131
5.55865513	5.81342656	6.47351731
5.29250856	5.53508169	6.1635675
5.10929406	5.34347	5.95019919
4.98594738	5.21446981	5.80655156
4.76922037	4.98780956	5.55415494
4.71275625	4.9287575	5.48839775
4.71580169	4.93194244	5.49194419
4.80025519	5.02026681	5.59029731
4.76583394	4.98426769	5.55021094
4.80856269	5.02895487	5.59997206
4.87974531	5.10340012	5.68287044
4.81674812	5.0375155	5.60950481
4.99462919	5.22354963	5.81666244
3.868538	4.04584594	4.50523512
4.09938275	4.28727087	4.77407294
4.36438006	4.56441369	5.08268406
5.17413294	5.41128056	6.02570931
5.98920156	6.26370644	6.97492462
6.26310156	6.55016031	7.29390425
6.05902519	6.33673044	7.05624006
5.17677787	5.4140465	6.02878925
4.56343487	4.772592	5.31450037
4.18136519	4.373011	4.86954844
3.82387531	3.999136	4.45322163
3.84781725	4.02417538	4.481104
3.818302	3.99330725	4.44673106
3.72661494	3.89741794	4.33995381
3.64029887	3.80714556	4.23943137
3.67439456	3.84280419	4.27913881
3.77785694	3.9510085	4.3996295
3.80779831	3.98232237	4.43449869
3.30968794	3.46138175	3.85440744
3.38846925	3.54377394	3.94615506
3.87026075	4.04764775	4.50724156
4.32580112	4.52406694	5.03775612
4.05871431	4.24473863	4.72671131
3.64329337	3.8102775	4.24291881
3.40754425	3.56372319	3.96836937
3.22613312	3.3739975	3.75710106
3.17147944	3.31683888	3.6934525
3.10957112	3.25209313	3.62135481
3.18156862	3.3273905	3.70520194
3.13198875	3.27553831	3.64746212
2.91919288	3.05298931	3.39964375
3.03949437	3.17880444	3.53974481
3.09700188	3.23894769	3.606717
3.01221756	3.15027737	3.50797837
2.81997613	2.94922481	3.28409719
2.834805	2.96473344	3.30136681
2.83516437	2.96510919	3.30178531
