#?RADIANCE
genskyvec -m 1
NROWS=146
NCOLS=1
NCOMP=3
FORMAT=ascii

24.7957544	25.9322263	28.8767231
31.6724844	33.1241388	36.8852475
33.9168012	35.4713206	39.4989425
35.0619563	36.6689613	40.8325725
34.8587506	36.4564412	40.5959212
31.4445412	32.8857481	36.6197888
29.8232838	31.1901838	34.7317025
28.3309912	29.6294944	32.9937994
25.7258025	26.9049006	29.9598444
23.4994356	24.5764938	27.3670538
27.6001338	28.8651387	32.1426587
26.0109369	27.2031038	30.2919056
29.8326119	31.1999394	34.7425644
32.2327937	33.71013	37.5377756
34.1948406	35.7621063	39.822745
38.3765687	40.1354919	44.6927138
41.1300669	43.0151937	47.8993913
43.9202038	45.93321	51.1487388
43.664735	45.6660331	50.851225
41.9324331	43.8543369	48.8338163
40.8268394	42.6980694	47.5462613
36.110455	37.7655175	42.0536375
33.5371437	35.0742625	39.0567994
29.5166719	30.8695181	34.3746262
28.0936562	29.3812813	32.7174031
27.3326031	28.5853463	31.831095
26.9417438	28.1765719	31.3759063
28.2083731	29.5012556	32.8510006
27.4292388	28.6864119	31.9436363
29.1427919	30.4785013	33.9392106
30.1906481	31.5743844	35.1595281
17.7628113	18.5769394	20.6862744
16.4668012	17.2215281	19.1769619
18.4910944	19.3385994	21.53442
17.5651962	18.3702656	20.4561356
16.9541144	17.7311769	19.7444806
15.45826	16.1667644	18.0024331
16.2841331	17.0304875	18.96423
16.3721425	17.1225319	19.0667256
16.03845	16.773545	18.6781138
15.22615	15.9240144	17.73212
17.1626312	17.9492519	19.9873156
19.1317888	20.0086631	22.2805644
22.5659656	23.60024	26.2799513
25.7589181	26.9395362	29.99841
28.9084894	30.2334625	33.6663481
33.4143869	34.9458781	38.9138388
37.0900081	38.7899656	43.1944069
38.07069	39.815595	44.3364925
35.5225088	37.1506212	41.3689206
31.3271494	32.762975	36.4830756
27.5197563	28.7810781	32.0490512
24.0658175	25.1688344	28.0266531
20.149105	21.072605	23.4653138
18.9077269	19.7743306	22.019625
17.3844625	18.1812506	20.2456556
16.6716925	17.4358119	19.4155769
15.4387831	16.1463919	17.9797494
15.9003425	16.6291063	18.5172744
15.8664625	16.5936756	18.4778194
16.7747887	17.5436325	19.5356394
10.8308686	11.3272839	12.6134512
10.4262091	10.904077	12.1421894
10.4376416	10.9160334	12.1555037
11.0566242	11.563385	12.8763569
10.8698546	11.3680556	12.6588525
10.990215	11.4939306	12.7990206
11.4789175	12.0050344	13.3681556
12.6403431	13.2196944	14.7207356
13.8201831	14.4536081	16.0947569
16.7658212	17.5342563	19.5251994
20.1081769	21.0298013	23.4176494
26.8269119	28.0564788	31.2421762
36.0672069	37.7202875	42.0032719
44.7621169	46.8137131	52.1292187
42.5699187	44.5210387	49.5762212
33.1999581	34.7216219	38.6641213
23.9836213	25.0828694	27.9309269
19.8978525	20.8098363	23.1727094
15.8761906	16.6038487	18.4891475
13.4968044	14.1154063	15.7181544
12.14896	12.7057856	14.1484775
11.2944363	11.8120981	13.1533131
10.4979158	10.9790687	12.2256994
10.7637194	11.2570559	12.5352481
8.57483656	8.96784956	9.98611219
8.56574362	8.95833975	9.97552206
8.45856987	8.84625425	9.85070969
8.591921	8.98571731	10.006009
8.96047087	9.37115894	10.4352155
9.24193094	9.66551887	10.7630006
10.1062608	10.569465	11.7695819
11.4303169	11.954205	13.3115556
13.3781575	13.9913219	15.5799794
15.9831556	16.7157162	18.6137188
20.9142325	21.8728012	24.3563681
31.8263437	33.2850494	37.0644306
46.6505175	48.788665	54.3284169
1778.60045669678	1782.00129159678	1790.81255979678
67.48001	70.57284	78.5860975
45.0898138	47.1564275	52.5108487
27.6278862	28.8941644	32.1749788
19.6712062	20.5728025	22.90876
15.1927344	15.8890681	17.6932056
12.656245	13.2363213	14.7392512
11.0564444	11.5631987	12.8761519
9.90382719	10.3577534	11.5338331
9.19799838	9.61957275	10.7118369
8.91046869	9.31886475	10.3769835
8.30232206	8.68284494	9.66874637
8.12589844	8.49833513	9.46328637
8.23902587	8.61664737	9.59503262
8.61553313	9.0104115	10.0335065
9.34860638	9.77708369	10.8872319
11.0945162	11.6030156	12.92049
13.248875	13.856115	15.4294194
18.7473444	19.6065969	21.832845
28.1706256	29.4617781	32.8070419
60.6968719	63.4788106	70.6865687
7138.48796963431	7143.13989363431	7155.19263663431
1632.67756509585	1635.74931259585	1643.70793389585
31.3187856	32.7542275	36.4733356
17.9932781	18.81797	20.9546744
13.598495	14.2217575	15.8365813
11.0161875	11.521095	12.8292681
9.51205675	9.94802631	11.0775831
8.71526394	9.11471306	10.1496509
8.84015837	9.245332	10.2951009
8.96918275	9.38027006	10.4453614
9.43207212	9.86437381	10.9844334
10.8234162	11.3194906	12.6047719
13.7629156	14.3937156	16.0280631
22.123435	23.1374262	25.7645869
41.0965938	42.9801863	47.8604094
47.7818787	49.9718837	55.6459856
27.3364219	28.58934	31.8355431
16.06709	16.8034962	18.7114662
11.281	11.7980463	13.1376656
9.81911781	10.2691598	11.4351806
10.7408823	11.2331731	12.5086544
11.3055088	11.8236769	13.1662069
14.2370337	14.889565	16.5802125
20.69494	21.6434581	24.1009825
17.2496137	18.04022	20.0886125
12.9028694	13.49425	15.0264681
13.6593163	14.2853669	15.9074125
