#?RADIANCE
genskyvec -m 1
NROWS=146
NCOLS=1
NCOMP=3
FORMAT=ascii

23.4550337	24.5300562	27.3153437
29.5042556	30.8565319	34.3601656
32.298275	33.7786131	37.6140356
33.9322975	35.4875263	39.5169919
34.3187644	35.8917069	39.9670644
31.4526131	32.8941887	36.6291906
30.0763112	31.4548087	35.0263731
28.5488069	29.8572925	33.2474656
25.55457	26.7258206	29.7604281
22.8304231	23.8768181	26.5879331
26.2206588	27.42244	30.5361444
23.8485006	24.941555	27.7735669
26.8736775	28.1053881	31.2966406
28.678615	29.9930519	33.3986388
30.3240644	31.7139181	35.3149044
34.4346369	36.0128894	40.102005
37.5112275	39.23049	43.6849531
41.3036275	43.1967106	48.1015194
42.5315294	44.4808894	49.5315131
42.6190625	44.5724344	49.6334506
42.037715	43.9644406	48.9564231
37.6981119	39.4259419	43.9025969
34.7447313	36.3371987	40.4631388
30.4221262	31.8164731	35.4291031
28.4626625	29.7672006	33.1471444
26.8191813	28.0483913	31.2331731
25.6956863	26.873405	29.9247687
26.2467031	27.4496769	30.5664744
25.1980537	26.3529631	29.3452369
26.6770806	27.8997794	31.0676856
27.8331763	29.1088619	32.4140538
16.6904144	17.4553919	19.43738
15.70077	16.4203894	18.2848562
17.8867169	18.7065237	20.8305725
17.2495956	18.0402006	20.0885906
16.8176169	17.5884244	19.5855175
15.3029231	16.0043081	17.8215312
16.0808456	16.8178831	18.727485
15.9037556	16.6326775	18.5212506
15.0388775	15.7281587	17.5140281
13.6724069	14.29906	15.92266
15.0577625	15.7479106	17.5360194
16.4723888	17.2273725	19.18347
19.3266931	20.2124975	22.5075431
21.9583906	22.9648162	25.5723762
24.7140738	25.8468013	28.7816
29.22343	30.5628356	34.0331212
34.10405	35.6671519	39.7170106
37.6439606	39.3693069	43.8395313
37.7311438	39.460485	43.9410612
34.2831819	35.8544925	39.9256225
29.8846713	31.2543844	34.8031925
25.6456831	26.8211113	29.8665369
21.1788325	22.1495275	24.6645163
19.4941875	20.3876706	22.7026081
17.5371925	18.3409813	20.423525
16.415075	17.16743	19.1167206
14.8204056	15.4996725	17.2595981
14.9290244	15.6132706	17.3860938
14.7771894	15.4544756	17.2092694
15.6185662	16.3344163	18.1891219
10.24358	10.7130757	11.9295044
9.90705237	10.3611259	11.5375881
9.99144488	10.4493853	11.6358694
10.6725118	11.1616688	12.4290281
10.4101841	10.8873164	12.1235256
10.3049521	10.7772628	12.000975
10.4223666	10.9000577	12.1377137
11.0867573	11.5949019	12.9114538
11.7697569	12.3092037	13.7068625
14.0070413	14.6490306	16.3123681
16.4698337	17.2247025	19.1804963
21.5427056	22.5300781	25.0882775
29.3022756	30.645295	34.1249431
40.7570681	42.6250975	47.4650038
47.4355656	49.6096925	55.2426706
39.9481919	41.77915	46.5230006
27.485015	28.7447438	32.0085906
21.5891706	22.5786744	25.1423894
16.6031125	17.3640856	19.3357069
13.8074656	14.4403056	16.0799438
12.1303262	12.6863	14.1267762
11.0134837	11.5182669	12.8261206
10.0306032	10.4903407	11.681475
10.1597261	10.6253807	11.8318481
8.07454156	8.44462437	9.403477
8.04360137	8.41226631	9.36744512
7.90193256	8.26410412	9.20245913
7.99203725	8.35833894	9.307394
8.21845056	8.59512925	9.57107056
8.32347031	8.7049625	9.69337538
8.81376113	9.21772506	10.2643608
9.7332445	10.1793517	11.335175
11.0883531	11.5965694	12.9133131
12.9246231	13.5170012	15.0518037
16.0873137	16.8246488	18.7350188
22.3538581	23.3784075	26.0329306
31.7503625	33.2055844	36.9759431
60.1530037	62.9100144	70.0531894
3407.13153620221	3411.03787870221	3421.15887750221
63.5435675	66.4559813	74.0017838
34.6494719	36.2375731	40.3521981
22.1491244	23.1642906	25.7945006
15.9778419	16.7101569	18.6075281
12.8859056	13.4765081	15.0067112
11.0297675	11.5352994	12.8450844
9.67228706	10.1156002	11.264185
8.83330794	9.23816769	10.2871235
8.46267938	8.85055181	9.85549588
7.74293931	8.09782356	9.01729831
7.479883	7.82271063	8.71094756
7.461012	7.80297487	8.68897087
7.66946569	8.02098263	8.93173231
8.13853031	8.51154587	9.47799713
9.32906787	9.75665006	10.8644787
10.8123122	11.307875	12.5918381
14.26648	14.9203606	16.6145062
19.4613419	20.3533194	22.664355
36.3110612	37.9753169	42.2872588
3468.89619272723	3471.94098022723	3479.82976962723
3564.48427660356	3568.45500850356	3578.74282860356
38.7444063	40.5201913	45.1210925
19.3032156	20.1879475	22.4802069
13.728075	14.3572775	15.9874894
10.8023804	11.2974894	12.5802725
9.15413781	9.57370194	10.6607587
8.24171475	8.61945944	9.59816387
8.10761938	8.47921794	9.44199856
8.02844381	8.396414	9.3497925
8.2312865	8.60855344	9.58601944
9.15911925	9.57891194	10.6665578
11.1444513	11.6552381	12.9786431
16.2325425	16.9765362	18.9041513
27.4376356	28.6951919	31.9534138
37.10166	38.8021531	43.2079781
27.6053081	28.8705494	32.1486838
15.7954938	16.519455	18.39517
10.8045963	11.2998056	12.5828519
9.15977087	9.579593	10.6673156
9.62893869	10.0702646	11.2137031
9.79623256	10.2452279	11.4085306
11.7810513	12.3210175	13.7200163
16.3887837	17.1399338	19.0861025
15.1949725	15.8914088	17.6958125
11.7753975	12.3151031	13.7134331
11.7994044	12.3402094	13.74139
