#?RADIANCE
genskyvec -m 1
NROWS=146
NCOLS=1
NCOMP=3
FORMAT=ascii

27.1161256	28.3589475	31.5789906
34.1407863	35.7055694	39.7597912
33.9371431	35.4925962	39.522635
33.5375325	35.0746675	39.0572531
32.0664025	33.5361106	37.344
28.4310931	29.7341831	33.1103794
27.5647075	28.8280894	32.1013975
27.3969588	28.6526506	31.9060419
27.3455588	28.5988962	31.8461831
27.5273719	28.7890419	32.0579194
34.0183606	35.5775344	39.6172181
34.7780894	36.3720844	40.5019869
40.2420875	42.086515	46.8652663
43.108685	45.0844975	50.2036569
44.3515588	46.3843375	51.6510894
45.9535719	48.0597763	53.5167663
44.51572	46.5560194	51.8422663
43.5231294	45.5179363	50.6863131
38.9684975	40.7545519	45.3820663
34.6834094	36.2730637	40.3917225
33.6030569	35.1431969	39.1335625
29.266845	30.6082412	34.0836831
28.7925681	30.1122275	33.5313475
26.5247138	27.7404319	30.8902438
27.6791687	28.9477975	32.2347019
30.0874281	31.4664344	35.0393187
31.78325	33.2399806	37.0142456
34.4746888	36.0547769	40.1486481
33.3715006	34.9010262	38.8638956
34.6534725	36.241755	40.3568569
34.0841131	35.6462994	39.6937919
18.7941312	19.6555269	21.8873319
16.6660819	17.4299437	19.4090419
17.9872431	18.8116581	20.9476444
16.73559	17.5026375	19.4899912
16.3929125	17.1442538	19.0909137
15.8364363	16.5622725	18.4428506
17.41441	18.21257	20.2805337
19.03283	19.9051675	22.1653163
20.8529238	21.8086825	24.28497
21.7860744	22.7846006	25.3717
25.5753413	26.7475431	29.7846175
29.3680269	30.71406	34.201515
34.0642613	35.6255406	39.6706756
37.8457406	39.5803356	44.0745212
38.9324994	40.7169044	45.3401425
37.268605	38.9767481	43.4023962
35.0833494	36.6913362	40.8574856
29.8278156	31.1949219	34.7369794
25.7854206	26.9672519	30.0292744
22.2623456	23.2827025	25.92636
20.0634406	20.9830144	23.3655494
18.3552581	19.1965406	21.3762281
16.1349644	16.8744837	18.7905125
16.7216744	17.488085	19.473785
16.9020481	17.6767238	19.6838437
17.5657225	18.3708181	20.4567512
17.1328819	17.91814	19.9526706
18.2221519	19.0573319	21.221215
17.9984275	18.823355	20.9606694
18.5600038	19.4106706	21.6146713
11.3958656	11.9181756	13.2714356
10.8814421	11.380175	12.6723469
10.9038487	11.4036063	12.6984394
11.7263887	12.2638469	13.6563575
12.3691556	12.9360762	14.4049144
13.7512312	14.3814944	16.014455
15.8146262	16.539465	18.4174519
18.9557275	19.8245319	22.075525
22.414905	23.4422537	26.104025
29.3293375	30.6736	34.15646
37.8553387	39.5903744	44.0856981
44.2168325	46.2434356	51.4941887
40.7203681	42.5867181	47.4222662
32.8855856	34.39284	38.2980056
24.8202812	25.9578775	28.9052881
20.0057337	20.9226625	23.2983444
16.0894394	16.8268719	18.7374944
14.4916719	15.1558737	16.8767613
12.5433225	13.1182238	14.6077437
11.454275	11.9792619	13.3394581
11.409975	11.9329306	13.2878675
11.4242481	11.94786	13.3044906
11.0178483	11.5228356	12.8312056
11.5292713	12.0576969	13.4267981
9.08164894	9.49789106	10.5763369
9.25520344	9.67939994	10.7784575
9.49842794	9.93377212	11.0617119
10.0135648	10.4725181	11.66163
11.2334637	11.7483306	13.082305
12.32813	12.8931675	14.3571325
14.820925	15.5002169	17.2602031
18.3552881	19.1965706	21.3762625
24.7046906	25.8369869	28.7706725
34.9021731	36.5018556	40.6464925
57.514605	60.1506887	66.9805531
2486.70255680971	2490.74461740971	2501.21723590971
70.8594519	74.1071737	82.5217406
39.6118044	41.4273438	46.1312475
26.1198063	27.3169631	30.4186931
20.0046387	20.9215181	23.2970694
15.8029206	16.5272206	18.40382
13.3371406	13.9484263	15.532215
11.5469294	12.0761631	13.4473619
10.4037379	10.880575	12.11602
9.76686581	10.2145128	11.3743294
9.43451319	9.86692769	10.9872775
9.19019188	9.61140856	10.7027437
9.21279719	9.63504944	10.7290694
8.81087256	9.21470375	10.2609962
9.14084519	9.55980019	10.6452769
9.89777156	10.3514194	11.5267794
11.1647312	11.6764469	13.0022594
13.1172838	13.7184925	15.27617
18.0197488	18.8456512	20.9855
26.0136244	27.2059144	30.2950344
55.3885575	57.9271969	64.5045931
5358.97778958298	5363.80687658298	5376.31863758298
3572.40798611992	3576.57244551992	3587.36219401992
43.0024844	44.9734288	50.0799781
24.0463581	25.1484825	28.0039894
16.4716594	17.22661	19.1826213
12.6638519	13.2442781	14.7481119
10.9151206	11.4153975	12.7115688
9.67655925	10.1200676	11.26916
9.00645288	9.41924869	10.4887656
8.78026219	9.18269081	10.2253469
9.58054225	10.0196509	11.1573412
10.5714656	11.0559909	12.3113525
12.3492125	12.9152194	14.38169
16.264625	17.0100863	18.9415131
24.8096406	25.9467481	28.8928944
47.786125	49.97632	55.6509256
51.7144381	54.0846819	60.2257756
29.5508319	30.9052444	34.4144069
17.1229881	17.9077906	19.9411475
12.73343	13.3170456	14.8291412
10.2464894	10.7161206	11.9328912
9.80464175	10.2540221	11.4183225
11.7675237	12.3068694	13.7042631
13.9617413	14.601655	16.2596119
19.6916681	20.5942031	22.9325888
25.7622794	26.94305	30.0023225
16.3099244	17.0574631	18.9942681
12.5489844	13.1241469	14.6143406
15.4768675	16.1862237	18.0241031
