#?RADIANCE
genskyvec -m 1
NROWS=146
NCOLS=1
NCOMP=3
FORMAT=ascii

0.605597931	0.6333545	0.705269325
7.61290825	7.96183306	8.86586644
7.85568463	8.21573675	9.14859975
8.377761	8.76174144	9.75660169
9.59839244	10.0383182	11.178129
12.2842729	12.8473015	14.3060604
16.3813606	17.132175	19.0774625
22.3849375	23.4109138	26.0691269
35.1793525	36.7917362	40.9692894
196.173045935512	198.594886535512	204.869662135512
113.98631705376	115.99241835376	121.19005585376
31.1824194	32.6116137	36.3145294
19.4450275	20.3362575	22.6453562
13.85732	14.492445	16.1380037
10.9978806	11.5019501	12.8079493
9.00109594	9.4136465	10.4825269
8.30535331	8.68601519	9.67227738
7.319251	7.65471644	8.523878
7.493122	7.83655663	8.72636569
7.46411856	7.80622369	8.6925885
7.44822675	7.78960381	8.67408119
7.95603288	8.32068444	9.26546375
7.72916481	8.08341794	9.00125706
7.95087787	8.31529306	9.25946063
8.1146015	8.48652044	9.45013006
7.66771681	8.01915375	8.92969569
7.86088087	8.22117094	9.154651
7.48576869	7.82886625	8.71780188
7.65856506	8.0095825	8.91903781
7.3169355	7.65229475	8.5211815
7.44723337	7.78856463	8.67292444
6.96738437	7.28672269	8.11410019
6.96850994	7.28789987	8.11541088
7.93531125	8.29901281	9.2413315
8.98955031	9.40157275	10.4690816
11.3209366	11.8398123	13.1841738
14.1754144	14.82512	16.5084519
19.572745	20.4698294	22.7940944
28.5324225	29.8401575	33.2283869
90.6805413462024	92.4515456462024	97.0400675462024
29.4723156	30.8231275	34.3229694
23.3769406	24.4483819	27.224395
16.9154619	17.6907544	19.699465
13.1898138	13.7943469	15.3606375
10.1605544	10.6262452	11.8328126
8.50149988	8.89115206	9.90070575
7.44812337	7.78949569	8.67396088
7.38203875	7.72038206	8.59699969
6.67039213	6.97611838	7.76822788
6.64592975	6.95053475	7.7397395
6.53577219	6.83532806	7.61145175
6.70987575	7.01741162	7.81420994
6.971413	7.29093606	8.11879181
6.76944287	7.0797085	7.8835805
7.19920206	7.52916519	8.38407119
7.30446394	7.63925181	8.5066575
7.30297075	7.63769	8.50491844
6.92268356	7.23997306	8.06204225
6.87840525	7.19366531	8.01047662
6.68328837	6.98960563	7.78324675
6.78835775	7.09949056	7.90560863
5.08919256	5.32244687	5.92678906
5.14273537	5.37844412	5.98914431
5.76671413	6.03102175	6.7158195
7.50384425	7.84777025	8.73885275
9.77903638	10.2272423	11.3885036
13.465175	14.0823281	15.6813194
17.14358	17.9293262	19.9651287
18.1262675	18.9570525	21.1095481
13.6731775	14.2998644	15.923555
10.4972372	10.9783602	12.2249076
8.10815081	8.47977419	9.44261812
6.49996819	6.79788331	7.56975506
5.57600338	5.83157025	6.49372075
5.03198681	5.26261944	5.86016825
4.95741125	5.18462569	5.77331881
4.99288619	5.22172675	5.8146325
4.92150631	5.14707519	5.73150438
5.26866212	5.51014244	6.13579644
5.14631	5.38218256	5.99330725
4.91772919	5.14312487	5.72710569
5.09349069	5.32694194	5.9317945
5.06677206	5.29899856	5.90067813
4.77694275	4.99588594	5.56314825
4.94367519	5.17026006	5.75732212
3.80954212	3.98414594	4.43652944
4.07045187	4.25701425	4.74038062
4.44697381	4.65079344	5.17887194
5.117252	5.35179244	5.95946662
6.54555231	6.84555656	7.62284156
7.56252075	7.909136	8.80718687
8.70479462	9.10376444	10.1374589
9.2157435	9.638132	10.7325015
7.79330956	8.15050375	9.07595944
6.67109456	6.97685287	7.76904581
5.427048	5.6757875	6.32025
4.48106312	4.68644494	5.21857156
4.17646425	4.3678855	4.86384081
3.936501	4.11692394	4.58438362
3.81754175	3.99251256	4.44584569
3.68201125	3.85077006	4.28800919
3.6915245	3.86071931	4.29908812
3.74673787	3.91846312	4.36338863
3.85607106	4.03280763	4.49071625
3.83346856	4.00916906	4.46439388
3.839321	4.01528969	4.47120956
3.83419438	4.00992819	4.46523913
3.73641975	3.90767206	4.35137238
3.83724288	4.01311631	4.46878925
3.08399312	3.22534281	3.59156719
3.34143138	3.49458025	3.89137544
3.66447856	3.83243363	4.26759087
4.42102	4.62364981	5.148646
5.09782587	5.33147606	5.93684338
5.27698556	5.51884738	6.14548994
5.08200806	5.31493344	5.91842231
4.33074656	4.529239	5.04351556
3.77145963	3.94431806	4.39217919
3.36684869	3.52116225	3.92097594
3.04458844	3.18413188	3.54567681
3.03197956	3.17094538	3.53099319
3.02412725	3.162733	3.52184825
2.98939944	3.12641356	3.48140494
2.9339325	3.06840425	3.41680894
2.94804119	3.08315956	3.43323969
3.00170881	3.13928719	3.4957405
3.01033444	3.14830775	3.50578531
2.70954494	2.83373225	3.15549112
2.85004294	2.98066969	3.31911256
3.3307645	3.48342437	3.87895294
3.73529	3.90649069	4.35005669
3.49060213	3.65058806	4.06509725
3.07984263	3.22100206	3.58673363
2.811988	2.94087075	3.2747945
2.62408588	2.74435656	3.05596694
2.56462087	2.68216606	2.98671494
2.52679619	2.64260762	2.94266494
2.57717838	2.69529894	3.00133913
2.5455675	2.66223906	2.9645255
2.44485481	2.55691075	2.84723725
2.59685487	2.71587713	3.02425369
2.652821	2.7744085	3.08943112
2.53715131	2.65343725	2.95472413
2.34333944	2.45074237	2.72901394
2.34560175	2.45310831	2.73164887
2.39597331	2.50578869	2.79031056
