#?RADIANCE
genskyvec -m 1
NROWS=146
NCOLS=1
NCOMP=3
FORMAT=ascii

25.3162638	26.4765919	29.4829013
33.163675	34.6836762	38.621865
33.8416075	35.3926794	39.4113738
33.9173725	35.4719169	39.4996075
32.766575	34.2683756	38.1594094
29.0514194	30.3829412	33.8327994
27.6452719	28.9123462	32.1952237
26.8239631	28.0533956	31.2387425
25.7014281	26.8794088	29.9314563
24.9926887	26.138185	29.1060694
30.3714088	31.76343	35.3700369
30.4230538	31.8174412	35.4301812
35.2740687	36.8907944	41.0795938
38.1803775	39.9303119	44.4642344
40.0259594	41.8604819	46.6135688
43.0096819	44.9809581	50.0883625
43.5958069	45.5939481	50.7709531
43.7839538	45.7907175	50.9900637
40.6850119	42.5497394	47.3810894
36.9250256	38.6174219	43.0022731
35.5939787	37.2253675	41.4521581
31.0498094	32.4729237	36.1600919
29.6165419	30.973965	34.4909338
26.6896394	27.9129131	31.0823119
26.7773594	28.0046537	31.1844669
27.9684031	29.2502875	32.5715375
29.0287606	30.3592456	33.8064131
31.32446	32.7601644	36.4799469
30.6592056	32.0644188	35.7052019
32.2463594	33.7243156	37.553575
32.4856413	33.9745637	37.8322369
18.434375	19.2792831	21.4683675
16.6010012	17.3618819	19.3332506
18.1413013	18.9727775	21.1270575
16.9083056	17.6832694	19.6911319
16.317545	17.0654312	19.0031419
15.2995462	16.0007744	17.8175975
16.4669944	17.2217325	19.1771881
17.40427	18.2019637	20.2687238
18.3692063	19.2111281	21.3924744
18.6613094	19.5166187	21.7326494
21.6378806	22.6296169	25.1991163
24.6021175	25.7297131	28.6512169
28.8631025	30.1859925	33.6134887
32.7187994	34.2184081	38.1037694
35.4042475	37.0269413	41.2311975
36.98947	38.6848212	43.0773225
36.7120938	38.3947312	42.7542963
32.9564612	34.466965	38.3805475
28.8249169	30.1460581	33.5690194
24.9575275	26.1014131	29.0651213
22.2831313	23.3044394	25.9505644
20.0028319	20.9196275	23.2949644
17.1939056	17.9819575	20.0237362
17.0336538	17.8143619	19.8371106
16.5862563	17.3464594	19.3160788
16.7769775	17.5459212	19.5381894
16.1765569	16.9179838	18.8389494
17.1397494	17.9253187	19.9606644
17.09984	17.8835813	19.9141875
17.8708781	18.6899594	20.8121275
11.1659917	11.6777663	13.0037281
10.6780729	11.1674844	12.4355075
10.6468035	11.1347812	12.3990919
11.3002197	11.8181444	13.1600475
11.5369575	12.065735	13.4357488
12.3546613	12.9209162	14.3880325
13.7404487	14.3702206	16.0018981
15.9824381	16.7149675	18.6128812
18.2599525	19.0968656	21.2652375
23.0097537	24.0643681	26.7967775
28.9529581	30.2799681	33.7181344
37.7719194	39.5031325	43.9885512
42.1300987	44.06106	49.0640131
38.7298394	40.5049563	45.1041281
29.7542031	31.1179362	34.6512506
23.3480881	24.4182094	27.1907956
18.2807319	19.1185988	21.2894375
16.0963356	16.8340831	18.745525
13.5113244	14.1305944	15.7350644
11.9934381	12.5431356	13.9673575
11.4754513	12.0014094	13.36412
11.2103762	11.7241856	13.0554206
10.7362071	11.2282844	12.50321
11.1997903	11.7131137	13.0430906
8.87640531	9.28324019	10.3373146
8.96662925	9.37759944	10.4423875
9.04175537	9.45616906	10.5298781
9.37013062	9.79959481	10.9122994
10.1940407	10.6612675	11.87181
10.9299825	11.4309394	12.7288763
12.6694531	13.250135	14.7546325
15.03047	15.7193644	17.504235
18.8007219	19.6624206	21.89501
24.3812469	25.4987188	28.3939944
36.8952256	38.5862556	42.9675706
64.6422619	67.6050294	75.2813006
76.4943113	80.000295	89.0840069
54.9331038	57.45087	63.9741825
35.1827631	36.7953056	40.9732625
25.2135919	26.369215	29.3633306
18.6252475	19.4789038	21.6906538
15.1149244	15.8076894	17.6025887
12.6834325	13.264755	14.7709119
11.118405	11.6279988	12.9483094
10.1513478	10.6166175	11.8220906
9.53902044	9.97622506	11.1089856
9.15308875	9.57260569	10.6595356
9.07430844	9.490214	10.5677881
8.63458863	9.03034044	10.0556984
8.75202819	9.15316256	10.1924668
9.23394887	9.65717138	10.753705
10.0957976	10.5585213	11.7573994
11.4827006	12.0089906	13.3725625
14.7354494	15.4108231	17.1606594
19.3350125	20.2212	22.5172344
34.2832862	35.8546025	39.925745
63.9804463	66.9128813	74.5105644
8249.04854519201	8254.89913919201	8270.05747119201
1071.42409787168	1074.59191227168	1082.79944727168
33.333605	34.8613962	38.819765
19.9918269	20.9081188	23.2821488
14.2598269	14.9134012	16.6067581
11.84378	12.38662	13.7930681
10.1745122	10.6408449	11.8490681
9.20363719	9.62547031	10.7184031
8.77318387	9.175288	10.2171048
9.35867906	9.78761812	10.8989625
10.0094664	10.4682332	11.6568562
11.2041599	11.7176825	13.0481775
13.8873706	14.5238731	16.1730019
19.760085	20.6657538	23.012265
38.2975269	40.0528294	44.6006656
1020.23014553983	1023.04222623983	1030.32808243983
39.6953925	41.51476	46.2285925
20.4803756	21.4190594	23.851105
13.9821144	14.6229612	16.2833381
10.7023456	11.1928669	12.4637731
9.89667256	10.3502711	11.5254981
11.5579981	12.0877375	13.4602519
13.13962	13.7418531	15.3021838
18.0351919	18.8618044	21.0034844
25.8285131	27.0123187	30.0794563
17.3816763	18.178335	20.24241
12.9541281	13.5478575	15.0861619
15.280475	15.9808269	17.7953862
