#?RADIANCE
genskyvec -m 1
NROWS=146
NCOLS=1
NCOMP=3
FORMAT=ascii

2.00975662	2.10187044	2.34052919
13.2030881	13.80823	15.3760975
13.4916394	14.1100031	15.7121375
14.2201281	14.8718831	16.5605256
15.7947369	16.5186619	18.3942894
19.1821406	20.0613213	22.3392013
25.672795	26.849465	29.8981112
36.2143025	37.8741238	42.1745762
60.9704125	63.7648888	71.00513
101.040511	105.671513	117.670084
559.554952850206	564.232517850206	576.351662850206
73.68109	77.0581394	85.8077781
41.7548569	43.6686206	48.6270119
27.0760856	28.317075	31.5323606
20.0539156	20.9730525	23.3544562
16.3204425	17.0684637	19.006515
14.61769	15.2876675	17.0235187
13.5083119	14.1274431	15.7315556
13.1848669	13.7891731	15.3548775
12.9683062	13.5626869	15.1026744
13.2795425	13.8881887	15.4651356
13.4905444	14.1088613	15.7108637
13.28421	13.8930694	15.4705713
13.159115	13.76224	15.3248863
13.6347775	14.2597044	15.8788363
13.1857069	13.7900519	15.3558556
13.5901925	14.2130737	15.8269106
13.2436981	13.8507013	15.4233925
13.2374869	13.8442038	15.4161563
12.8339867	13.4222113	14.9462481
12.9234725	13.5157988	15.0504613
10.4226402	10.9003444	12.1380337
10.1686062	10.6346674	11.8421894
11.4692164	11.9948876	13.3568594
12.5915081	13.1686194	14.6638606
15.7610012	16.4833825	18.3550019
20.2660106	21.1948706	23.60146
29.692665	31.0535781	34.5795856
48.7575506	50.9922712	56.7822344
502.703901948863	506.669348148863	516.943483548863
604.927093817641	608.42206321764	617.47722821764
53.5400231	55.9939369	62.35182
33.3540719	34.8827987	38.8435963
23.1567644	24.2181156	26.967985
16.530925	17.2885925	19.2516419
13.2310875	13.8375112	15.4087056
11.3570559	11.8775875	13.2262394
11.3314424	11.8507992	13.1964088
10.1238559	10.5878661	11.790075
10.0014512	10.4598493	11.6475238
9.68240612	10.1261819	11.2759686
9.86988825	10.3222581	11.4943082
10.1540614	10.6194561	11.8252519
9.72094675	10.1664903	11.3208517
10.4267125	10.9046029	12.1427756
10.5696217	11.0540625	12.3092062
10.6626406	11.1513459	12.4175362
10.1576249	10.6231834	11.8294019
10.2478971	10.7175922	11.9345309
9.99955831	10.4578719	11.6453193
10.1766998	10.643132	11.8516163
7.64854294	7.99910113	8.90736631
7.69929581	8.05218006	8.96647219
8.47310219	8.86145244	9.86763369
10.8156595	11.3113776	12.5957388
14.7217556	15.3965031	17.1447125
22.7020981	23.7426088	26.4384856
34.4681312	36.0479194	40.1410131
42.5699044	44.5210237	49.5762031
30.3344081	31.7247356	35.3269487
20.2397925	21.16745	23.5709275
14.0570438	14.7013238	16.3705987
10.3809288	10.8567209	12.0894586
8.67105225	9.06847506	10.0981626
7.79006687	8.14711094	9.0721825
7.58067006	7.92811731	8.82832256
7.53958112	7.88514487	8.78047075
7.371053	7.70889262	8.584206
7.72916256	8.0834155	9.00125431
7.55076875	7.89684569	8.79350012
7.29437281	7.62869806	8.49490556
7.53281612	7.87806988	8.77259244
7.5439185	7.88968138	8.78552219
7.25251562	7.5849225	8.44615944
7.49070462	7.83402844	8.72355025
6.23091075	6.51649375	7.25641506
6.57083181	6.87199469	7.65228144
7.16897356	7.49755137	8.34886756
8.23167494	8.60895994	9.58647175
10.9185117	11.4189442	12.7155169
13.4655525	14.0827238	15.6817581
17.5495169	18.3538694	20.4378769
19.8232319	20.731795	23.0858044
16.38958	17.1407694	19.0870325
13.0822969	13.6819025	15.2354269
9.90356806	10.3574808	11.533531
7.85164287	8.21150975	9.14389344
7.10642675	7.43213763	8.27602656
6.54578212	6.84579688	7.62310894
6.28558556	6.57367481	7.32008881
6.0745355	6.35295131	7.07430294
6.02959619	6.3059525	7.02196769
6.05398319	6.33145712	7.05036825
6.14815012	6.42994019	7.16003363
6.125734	6.4064965	7.13392787
6.14573131	6.42741031	7.1572165
6.16772225	6.45040919	7.18282662
6.09174219	6.37094688	7.09434181
6.21884969	6.50388025	7.24236925
5.52314113	5.77628481	6.43215844
5.93084419	6.20267463	6.90696281
6.58040713	6.88200894	7.66343281
8.08449444	8.45503344	9.415068
9.86450137	10.316623	11.4880337
10.9321396	11.4331941	12.7313888
10.5498158	11.0333483	12.28614
8.52550438	8.91625619	9.92866044
7.16465856	7.49303856	8.34384231
6.18922331	6.47289587	7.20786681
5.621713	5.87937456	6.54695375
5.46467506	5.71513919	6.36406969
5.3809545	5.6275815	6.26657037
5.31078931	5.55420063	6.18485719
5.25195063	5.49266488	6.11633444
5.27111156	5.51270406	6.13864906
5.3426	5.58746906	6.22190325
5.38604481	5.63290487	6.27249825
5.22472837	5.46419506	6.08463194
5.59174019	5.84802806	6.51204763
6.60037375	6.90289063	7.68668575
7.665497	8.01683181	8.92711013
7.26976106	7.6029585	8.46624325
6.27900794	6.56679569	7.31242837
5.58691269	5.84297937	6.50642569
5.17356881	5.41069063	6.02505244
4.9827285	5.21110337	5.80280281
4.91007719	5.13512213	5.71819431
4.94904556	5.17587656	5.76357613
4.97088575	5.19871769	5.78901081
5.04033913	5.27135444	5.86989525
5.430517	5.67941575	6.32428987
5.6064335	5.863395	6.52915937
5.30335375	5.54642394	6.17619787
4.87891569	5.10253262	5.68190425
4.82997113	5.05134469	5.62490425
5.06632438	5.29853075	5.90015738
