#?RADIANCE
genskyvec -m 1
NROWS=146
NCOLS=1
NCOMP=3
FORMAT=ascii

0.720111281	0.753116325	0.838629631
9.814917	10.2647676	11.4302902
9.9399565	10.3955364	11.5759074
10.2921605	10.7638843	11.9860797
11.3480806	11.8682011	13.2157881
14.0407908	14.6843281	16.3516712
18.68127	19.5374931	21.7558956
26.43095	27.6423669	30.7810437
45.2680388	47.3428213	52.718405
263.049596545098	266.463060945098	275.307054745098
176.192286443142	179.022463243142	186.355203943142
40.876685	42.7501994	47.6043075
23.48342	24.5597437	27.3484025
16.2170881	16.96037	18.8861494
12.9462701	13.53964	15.0770106
10.9168819	11.4172398	12.7136196
10.4308311	10.9089102	12.1475735
9.38752256	9.81778387	10.9325535
9.67721525	10.1207531	11.2699231
9.51391763	9.94997237	11.0797502
9.28075038	9.70611775	10.808208
9.62756844	10.0688312	11.2121069
9.11028431	9.52783919	10.6096851
9.20183306	9.623584	10.7163022
9.27528913	9.70040619	10.8018471
8.77471613	9.17689069	10.2188895
9.14232019	9.56134244	10.6469957
8.90444663	9.3125665	10.3699708
9.39863106	9.82940194	10.9454916
9.19799325	9.61956731	10.7118292
9.55502625	9.99296531	11.1276261
8.91663169	9.32531031	10.3841606
8.75874756	9.16018956	10.2002914
9.70781713	10.1527584	11.3055633
10.5715211	11.0560484	12.3114169
12.8827049	13.4731619	15.0029838
16.1513838	16.8916544	18.8096344
23.066075	24.1232712	26.8623681
36.1284487	37.7843356	42.0745931
139.029857931564	141.514687331564	147.952657231564
40.0795244	41.9165031	46.6759494
30.0249331	31.4010756	34.9665375
20.4027375	21.3378619	23.7606875
15.4251563	16.1321419	17.96388
11.9085818	12.4543934	13.8685381
10.2071551	10.6749841	11.8870837
9.26418062	9.68878813	10.7889108
9.40539825	9.83647869	10.9533708
8.55203881	8.94400681	9.95956287
8.45027206	8.83757619	9.84104687
8.15460619	8.52835888	9.49671963
8.17557281	8.55028631	9.52113656
8.27973869	8.6592265	9.64244644
7.886668	8.24814	9.18468294
8.30037719	8.680811	9.66648119
8.44130669	8.82819962	9.83060506
8.53730856	8.92860156	9.94240725
8.28522344	8.66496262	9.64883381
8.45388125	8.84135063	9.84524994
8.4066675	8.79197275	9.79026587
8.66948387	9.06683519	10.0963364
6.34894356	6.63993638	7.39387431
6.28669538	6.57483556	7.32138125
6.78798931	7.09910519	7.9051795
8.50472556	8.89452538	9.90446181
10.9826015	11.4859699	12.7901534
15.6907919	16.4099506	18.2732369
21.1224525	22.0905644	24.5988581
22.9414481	23.9929294	26.7172294
16.5027456	17.2591213	19.2188225
12.1617692	12.7191838	14.1633938
9.28478419	9.71033606	10.8129055
7.6525055	8.00324494	8.91198075
6.80007488	7.11174469	7.919254
6.27305575	6.56057075	7.30549656
6.22205275	6.50723006	7.24609938
6.18596663	6.46949	7.20407406
5.93171994	6.20359012	6.90798238
6.22714013	6.51255031	7.25202381
5.98035144	6.25445075	6.96461788
5.71118419	5.97294663	6.65115013
5.98530962	6.25963606	6.97039231
6.07590681	6.35438569	7.07590013
5.8697645	6.13879519	6.83583038
6.18051812	6.46379156	7.19772875
4.60617156	4.81728744	5.36427075
4.83600419	5.05765431	5.63193013
5.08531931	5.31839656	5.92227856
5.70927275	5.97094756	6.64892425
7.1800945	7.50918206	8.36181862
8.34854569	8.731188	9.72257875
9.82778938	10.2782291	11.4452794
10.5667143	11.0510216	12.3058187
8.77615794	9.17839894	10.2205691
7.43512663	7.77590313	8.65882481
6.0845615	6.36343713	7.08597937
5.13901531	5.37455325	5.98481194
4.92121231	5.14676775	5.73116213
4.77385325	4.99265463	5.55955025
4.66710506	4.88101394	5.43523294
4.46408625	4.66868987	5.19880063
4.41036856	4.61251037	5.13624194
4.41198406	4.61419963	5.13812319
4.49080219	4.69663044	5.22991362
4.45868094	4.66303712	5.19250594
4.50090856	4.70720006	5.24168338
4.57153681	4.78106544	5.32393606
4.51421712	4.72111862	5.25718231
4.68448163	4.899187	5.45546944
3.60797075	3.77333606	4.20178294
3.81644475	3.99136513	4.44456812
4.04608181	4.23152719	4.71199962
4.76702906	4.98551762	5.55160263
5.47183944	5.72263194	6.37241338
5.67535419	5.93547456	6.60942331
5.48900362	5.74058263	6.39240225
4.72882475	4.94556225	5.50711081
4.19970106	4.39218706	4.890902
3.87668819	4.05436975	4.51472669
3.55509969	3.71804156	4.14020994
3.5866565	3.75104481	4.17696075
3.56159363	3.72483337	4.14777288
3.47485025	3.634114	4.04675275
3.393226	3.54874881	3.95169481
3.42653681	3.58358613	3.99048781
3.52575969	3.687357	4.10604144
3.55401594	3.71690825	4.13894788
3.07247794	3.21329975	3.57815675
3.13339844	3.27701237	3.64910381
3.55838113	3.72147363	4.14403175
3.95068988	4.131763	4.60090775
3.706332	3.87620531	4.31633263
3.34628087	3.49965219	3.89702331
3.14857825	3.29288806	3.66678194
2.99038856	3.127448	3.48255688
2.94560013	3.08060681	3.43039725
2.88842031	3.02080631	3.36380644
2.95779894	3.09336475	3.44460375
2.90891287	3.042238	3.38767162
2.69761188	2.82125231	3.14159394
2.79820388	2.92645488	3.25874175
2.84578687	2.97621881	3.31415606
2.77577144	2.90299444	3.23261769
2.60668488	2.72615781	3.03570187
2.62358225	2.7438295	3.05538019
2.61389419	2.73369756	3.04409781
