#?RADIANCE
genskyvec -m 1
NROWS=146
NCOLS=1
NCOMP=3
FORMAT=ascii

8.16209881	8.53619487	9.5054445
22.3639737	23.3889881	26.0447119
21.8899769	22.8932662	25.4927031
21.7930569	22.791905	25.3798319
21.9629887	22.9696256	25.5777325
22.2414763	23.2608763	25.9020538
21.9802056	22.9876319	25.5977844
22.1526756	23.1680069	25.7986388
21.7541244	22.7511894	25.3344931
22.2020937	23.2196875	25.85619
21.9624431	22.9690556	25.5770975
22.3301562	23.3536219	26.0053288
22.1781531	23.1946525	25.82831
22.3767675	23.4023681	26.0596125
22.9069319	23.9568313	26.6770325
24.2863356	25.3994594	28.2834619
28.0243919	29.3088444	32.6367419
31.064485	32.4882725	36.1771831
41.6126819	43.5199281	48.4614362
61.4889263	64.3071669	71.6089819
79.2214125	82.8523913	92.2599456
111.181612	116.277428	129.480244
100.795474	105.415251	117.384731
87.103375	91.0956169	101.439144
61.4729281	64.2904338	71.5903494
41.2272494	43.1168312	48.0125706
32.8426587	34.3479462	38.2480138
27.2836625	28.5341625	31.7741006
25.0125194	26.1589269	29.1291644
23.0545825	24.1112506	26.8489844
22.4465944	23.4753956	26.1409313
18.8089538	19.6710294	21.904595
17.7281306	18.5406675	20.6458844
18.5945481	19.4467956	21.6549012
18.3204575	19.1601444	21.3357006
18.2941006	19.1325806	21.3050081
17.7695894	18.5840287	20.6941681
18.6005256	19.45305	21.6618644
18.9381969	19.8061975	22.0551094
18.6247044	19.478335	21.6900219
17.22057	18.0098469	20.0547888
17.772005	18.5865544	20.6969825
17.9728462	18.7966025	20.9308787
19.1700244	20.04865	22.3250931
19.8540519	20.7640275	23.1216988
21.1366756	22.10544	24.6154219
24.5896837	25.7167094	28.6367356
30.8738306	32.2888825	35.9551506
40.7091644	42.5749987	47.4092162
62.2504288	65.10357	72.495815
94.8587644	99.2064519	110.470956
1399.13422818643	1405.64577218643	1422.51662818643
144.125331	150.731075	167.845975
96.0020006	100.402088	111.802339
61.3836244	64.1970381	71.4863488
42.153535	44.08557	49.0913075
32.2011825	33.67707	37.5009619
24.8597325	25.9991356	28.9512319
21.7346138	22.7307837	25.3117713
19.7085375	20.6118456	22.9522344
19.1029487	19.9785	22.2469769
14.2036413	14.85464	16.541325
13.5953731	14.2184956	15.8329456
13.4686125	14.085925	15.6853225
14.0500669	14.6940294	16.3624756
14.0015687	14.6433063	16.3059937
14.0542294	14.6983837	16.3673244
14.0402944	14.6838075	16.3510937
14.1633944	14.8125525	16.4944562
13.7466575	14.3767125	16.0091275
14.4126406	15.0732206	16.7847206
14.9900712	15.6771156	17.4571881
17.0478856	17.8292475	19.8536844
20.5159744	21.4562906	23.892565
27.168105	28.4133094	31.6395231
43.2813338	45.2650594	50.4047206
74.9779125	78.4143975	87.3180325
1783.61485788836	1789.81273888836	1805.87093288836
1383.75766431952	1389.58775931952	1404.69300131952
61.943045	64.7820994	72.1378425
37.0746469	38.7739013	43.1765181
25.3866519	26.5502031	29.5648706
19.6238875	20.523315	22.853655
15.9692719	16.7011963	18.5975481
14.9666913	15.6526638	17.42996
11.8653444	12.4091719	13.8181825
11.61089	12.1430562	13.5218519
11.2757194	11.7925219	13.131515
11.3308194	11.8501462	13.1956837
11.4724369	11.998255	13.3606081
11.4128131	11.9359	13.2911737
11.3615263	11.8822625	13.2314437
11.5740988	12.1045781	13.4790037
11.65491	12.1890937	13.573115
12.0957356	12.6501231	14.0864925
12.85197	13.4410187	14.96719
14.2564644	14.9098856	16.6028419
16.6839825	17.4486656	19.4298906
23.1794412	24.241835	26.9943937
33.9194469	35.4740862	39.5020231
46.7324725	48.874375	54.4238606
65.5726637	68.5780756	76.3648337
64.6780394	67.6424494	75.3229712
46.1705306	48.2866781	53.7694325
30.4453619	31.8407712	35.4561625
21.6737112	22.6670887	25.2408437
16.46401	17.2186094	19.1737125
13.931125	14.5696375	16.22396
12.8693606	13.4592069	14.987445
10.8468231	11.3439687	12.6320319
10.3457344	10.8199137	12.0484687
10.0591449	10.5201887	11.7147131
10.097763	10.5605769	11.7596869
10.1321694	10.59656	11.7997556
10.2041681	10.6718594	11.8836031
10.5103794	10.992105	12.2402138
11.3195294	11.8383394	13.182535
12.4541381	13.0249513	14.5038844
15.3631081	16.0672481	17.8916194
19.0163281	19.8879094	22.1461013
27.7878806	29.0614906	32.3613056
36.1750275	37.8330488	42.1288362
32.6821919	34.1801237	38.0611362
24.1772569	25.2853806	28.1564319
17.44899	18.2487362	20.3208069
13.8038925	14.43657	16.0757837
11.8094313	12.3506962	13.7530675
10.3347747	10.8084513	12.0357069
9.72740825	10.1732487	11.3283781
9.564118	10.0024733	11.1382137
9.68420087	10.12806	11.2780588
10.0443132	10.5046769	11.69744
11.27449	11.7912369	13.1300838
13.6020794	14.2255088	15.8407575
16.7605269	17.5287156	19.5190306
21.10186	22.0690269	24.574875
18.8710969	19.7360219	21.9769675
14.6483031	15.3196837	17.05917
11.6418769	12.17546	13.5579344
10.5307534	11.0134119	12.2639387
9.92496606	10.3798587	11.5584506
10.3215995	10.7946725	12.0203631
11.8413469	12.3840744	13.7902338
13.2392963	13.8460956	15.4182644
12.52293	13.0968956	14.5839969
10.9603794	11.4627294	12.7642762
