#?RADIANCE
genskyvec -m 1
NROWS=146
NCOLS=1
NCOMP=3
FORMAT=ascii

5.07965012	5.31246731	5.91567631
18.0761113	18.9045987	21.05114
18.2633437	19.1004138	21.2691869
18.8738038	19.7388525	21.9801188
20.3557525	21.2887219	23.70597
23.7000144	24.7862631	27.6006425
29.4379056	30.7871419	34.2828963
38.3722719	40.1309981	44.6877106
58.6255712	61.3125725	68.274365
88.5683662	92.6277487	103.145253
97.3935312	101.857396	113.422889
100.827269	105.448508	117.421764
64.007765	66.9414512	74.5423781
43.1276044	45.1042838	50.2256919
31.7991081	33.2565662	37.0327125
24.6788944	25.8100119	28.7406325
21.5343738	22.5213656	25.0785756
19.190225	20.0697763	22.3486175
18.5954244	19.4477138	21.6559225
17.9940856	18.8188131	20.9556113
18.0787269	18.9073344	21.0541856
18.3724394	19.2145094	21.3962381
17.9938494	18.8185644	20.9553363
17.9353562	18.7573944	20.8872206
18.416515	19.2606044	21.4475669
17.8375325	18.6550844	20.7732919
18.3681244	19.2099969	21.3912112
17.9407312	18.7630131	20.8934769
18.1158631	18.9461737	21.097435
17.6292219	18.4372269	20.5307
17.773	18.5875956	20.6981413
14.9796794	15.6662456	17.4450844
14.62498	15.2952881	17.0320063
16.1947694	16.93703	18.86016
17.47276	18.273595	20.3484869
21.1020981	22.0692756	24.5751519
26.3281187	27.5348231	30.6612888
36.3896956	38.0575575	42.3788375
56.5532263	59.1452475	65.8609469
96.5369181	100.961524	112.425288
1712.95881500509	1719.77037800509	1737.41847200509
879.529503778741	884.780674778741	898.386005778741
68.3950269	71.5297981	79.6517106
44.4061006	46.4413806	51.7146081
29.7475006	31.1109269	34.643445
22.5530706	23.586755	26.2649337
18.2319069	19.0675344	21.2325744
17.3491775	18.1443456	20.2045644
15.172005	15.8673869	17.6690637
14.6892487	15.3625056	17.1068537
14.1083956	14.7550319	16.4304038
14.231855	14.8841469	16.5741806
14.5336994	15.1998256	16.9257044
13.941135	14.5801013	16.2356138
14.8378306	15.5178969	17.2798881
15.0554012	15.7454388	17.5332694
15.1955925	15.8920575	17.6965362
14.5751862	15.2432144	16.9740194
14.7197419	15.3943988	17.1423694
14.4240856	15.0851881	16.7980494
14.677785	15.35052	17.0935081
11.26719	11.7836019	13.1215819
11.3476144	11.8677131	13.2152462
12.42934	12.9990188	14.4750031
15.5868812	16.30128	18.1522225
21.0445162	22.0090575	24.5080956
33.0437694	34.5582731	38.4822256
56.1369475	58.7098913	65.3761581
798.78012792539	803.19362692539	814.62861092539
77.3387788	80.8834719	90.0674594
46.2422187	48.3616538	53.85292
28.9212375	30.2467931	33.6811912
18.8642825	19.7288956	21.9690313
14.4751231	15.1385681	16.85749
12.3327981	12.8980519	14.3625713
11.54496	12.0741031	13.4450675
11.2386169	11.7537194	13.0883081
10.8465051	11.343635	12.6316587
11.2813026	11.7983625	13.1380175
10.99687	11.5008925	12.8067725
10.6367769	11.1242937	12.3874119
10.9893262	11.4930044	12.7979875
11.0360156	11.5418325	12.8523594
10.6615641	11.1502169	12.4162788
11.025886	11.5312375	12.8405631
9.28383756	9.70934656	10.8118025
9.82574194	10.276088	11.4428963
10.8107221	11.3062125	12.5899875
12.5179019	13.0916394	14.5781412
17.1131044	17.8974544	19.9296356
22.1230944	23.1370675	25.7641881
33.3654769	34.89473	38.8568825
43.6122919	45.6111881	50.7901519
38.8147044	40.59371	45.20296
29.5253438	30.8785881	34.3847244
20.2480362	21.1760694	23.5805256
14.4871006	15.1510906	16.8714381
12.24569	12.80695	14.2611294
10.5256259	11.0080494	12.2579675
9.71852775	10.1639606	11.3180363
9.2040755	9.62592887	10.7189138
8.99126794	9.4033675	10.4710807
8.94606319	9.35609081	10.4184367
9.03457325	9.4486575	10.5215136
8.9911905	9.40328656	10.4709908
9.02807125	9.44185775	10.5139428
9.08420213	9.50056138	10.5793116
9.00547975	9.41823044	10.4876321
9.21752344	9.63999244	10.7345756
8.3131895	8.69421031	9.68140281
9.05138287	9.46623813	10.5410908
10.3248502	10.7980712	12.0241488
13.3124163	13.9225694	15.5034187
17.5963525	18.4028513	20.4924194
22.1703231	23.1864631	25.8191919
22.5253269	23.5577369	26.2326219
17.3337394	18.1282031	20.186585
13.4526487	14.0692294	15.6667319
10.5920205	11.0774875	12.3352919
9.08031194	9.49649263	10.5747791
8.45457887	8.84207994	9.84606275
8.11566919	8.48763681	9.4513735
7.90307844	8.26530256	9.20379381
7.78654044	8.14342319	9.06807562
7.80749837	8.165342	9.09248294
7.93118325	8.29469531	9.23652394
8.04008269	8.408586	9.36334675
7.99751738	8.36406975	9.31377581
8.8495765	9.25518181	10.3060697
11.1054869	11.6144894	12.9332662
14.1127644	14.7595981	16.4354887
13.7831144	14.4148394	16.0515862
11.3928731	11.9150462	13.2679506
9.43535137	9.86780525	10.9882538
8.25829181	8.63679669	9.6174695
7.63035144	7.9800755	8.88618044
7.40476319	7.744148	8.62346419
7.40963281	7.74924069	8.62913537
7.51318225	7.85753612	8.74972719
7.90284275	8.26505625	9.20351931
8.91592619	9.32457244	10.3833401
9.55291225	9.99075294	11.1251638
8.832975	9.23781975	10.2867358
7.660324	8.01142181	8.92108594
7.44128956	7.78234863	8.66600237
8.15533181	8.52911781	9.49756406
