#?RADIANCE
genskyvec -m 1
NROWS=146
NCOLS=1
NCOMP=3
FORMAT=ascii

0.561988169	0.58774595	0.654482063
2.12531506	2.22272531	2.4751065
1.96760138	2.05778312	2.29143581
1.900097	1.98718481	2.21282125
1.87143356	1.95720775	2.17944075
1.93241438	2.02098325	2.25045756
1.90155644	1.988711	2.214521
1.88468375	1.971065	2.19487131
1.89905406	1.98609406	2.21160687
1.99912819	2.09075475	2.32815169
1.8358595	1.92000294	2.1380115
1.97099869	2.06133594	2.29539231
1.90208694	1.98926581	2.21513875
1.92982525	2.01827556	2.24744244
2.00118906	2.09291012	2.33055163
2.02289113	2.11560687	2.35582538
2.21979887	2.32153981	2.585141
2.17400956	2.27365156	2.53181519
2.50058587	2.61519587	2.91214069
2.78701231	2.91475025	3.24570825
2.929988	3.06427894	3.41221538
3.43643656	3.59394	4.00201706
3.5793095	3.74336119	4.16840431
3.89552431	4.07406913	4.53666294
3.69017113	3.85930375	4.29751187
3.13637275	3.28012325	3.65256769
2.900907	3.03386544	3.37834831
2.58626069	2.7047975	3.01191631
2.49829888	2.61280413	2.90947725
2.28506	2.38979187	2.66114294
2.20151513	2.30241762	2.56384781
2.42252569	2.53355806	2.82123319
2.37072569	2.47938388	2.76090769
2.28154575	2.38611656	2.65705056
2.25603606	2.35943781	2.62734206
2.23200619	2.33430625	2.59935713
2.23614594	2.33863581	2.60417819
2.20191562	2.30283688	2.56431444
2.18596725	2.28615725	2.54574113
2.20037406	2.30122456	2.56251925
2.25411325	2.35742675	2.625103
2.25319706	2.35646831	2.62403575
2.27543356	2.37972412	2.64993188
2.2874195	2.39225944	2.66389075
2.35473194	2.462657	2.74228169
2.44193075	2.55385256	2.84383194
2.57517325	2.693202	2.999004
2.67341744	2.79594894	3.11341763
2.91935088	3.05315438	3.3998275
3.17196137	3.31734281	3.69401356
3.44230869	3.600081	4.00885575
3.71912288	3.8895825	4.33122856
4.00890688	4.19264838	4.66870638
4.12749206	4.316669	4.80680887
3.98211094	4.16462431	4.63750044
3.68977244	3.85888681	4.29704756
3.40774625	3.56393444	3.96860463
3.13139775	3.27491994	3.64677406
2.87997956	3.01197856	3.35397644
2.69757431	2.82121306	3.14155025
2.54450225	2.66112531	2.96328531
2.56424419	2.68177206	2.98627631
2.50478675	2.61958944	2.917033
2.43702788	2.54872481	2.83812206
2.3747685	2.48361188	2.76561619
2.35654575	2.46455394	2.74439394
2.34508781	2.45257094	2.73105031
2.34525494	2.4527455	2.73124481
2.35092856	2.45867931	2.73785231
2.38447475	2.49376306	2.77691975
2.40904188	2.51945612	2.80553
2.46436944	2.57731969	2.86996375
2.56627881	2.68389975	2.98864562
2.716238	2.84073206	3.16328562
2.90956062	3.04291563	3.38842613
3.1541415	3.29870631	3.67326087
3.42813638	3.58525919	3.99235075
3.73583269	3.90705819	4.35068875
3.94125012	4.12189088	4.58991462
3.92107656	4.10079238	4.56642063
3.71303812	3.88321906	4.32414263
3.44506806	3.602967	4.01206925
3.18291781	3.32880144	3.70677325
2.92741894	3.06159225	3.4092235
2.72831194	2.85335969	3.17734663
2.67559481	2.79822619	3.11595325
2.58432956	2.70277781	3.00966719
2.52420619	2.63989887	2.93964875
2.48620913	2.60016037	2.895398
2.45211669	2.56450531	2.8556945
2.44691962	2.55907025	2.84964188
2.44967812	2.561955	2.85285456
2.45390419	2.56637481	2.85777606
2.48192175	2.59567631	2.89040481
2.51214031	2.62727981	2.92559681
2.57833581	2.6965095	3.00268706
2.68276188	2.80572156	3.12429988
2.77744975	2.90474931	3.23457181
2.95930081	3.0949355	3.44635269
3.15877494	3.303552	3.67865681
3.33726794	3.490226	3.88652687
3.535867	3.69792744	4.11781194
3.66158019	3.82940269	4.26421556
3.69068231	3.85983856	4.29810737
3.56942313	3.73302156	4.15689094
3.38713819	3.542382	3.94460481
3.15502931	3.29963462	3.67429456
2.96277731	3.098571	3.45040113
2.80863319	2.93736219	3.27088769
2.7506275	2.87669781	3.20333506
2.63949869	2.76047563	3.07391625
2.58164481	2.69996994	3.00654069
2.53571819	2.65193844	2.95305531
2.52302887	2.63866737	2.93827725
2.535134	2.65132737	2.952375
2.55615494	2.67331194	2.97685556
2.61891181	2.73894525	3.04994113
2.69971606	2.82345294	3.14404456
2.83546375	2.96542244	3.302134
2.98188588	3.1185555	3.47265481
3.17473656	3.32024531	3.69724556
3.35222075	3.50586406	3.90394056
3.43428825	3.59169294	3.99951494
3.37093725	3.52543844	3.9257375
3.23280256	3.3809725	3.76486812
3.05694469	3.19705469	3.56006713
2.88295769	3.01509319	3.35744444
2.77336719	2.90047969	3.22981731
2.68511325	2.80818081	3.12703812
2.61639887	2.73631719	3.04701463
2.59917525	2.71830394	3.02695631
2.63975556	2.76074419	3.07421544
2.73129206	2.85647638	3.18081737
2.85340938	2.98419056	3.32303331
2.9972955	3.13467138	3.49060069
3.16504587	3.3101105	3.68595975
3.18780363	3.33391119	3.71246325
3.10018925	3.24228106	3.610429
2.92286913	3.056834	3.40392487
2.81809738	2.94726025	3.28190963
2.73748731	2.86295538	3.18803237
2.74653138	2.87241394	3.19856481
2.83528162	2.96523194	3.30192194
2.95762213	3.09317969	3.44439775
2.95940275	3.09504213	3.44647144
2.83257544	2.9624015	3.29877006
