#?RADIANCE
genskyvec -m 1
NROWS=146
NCOLS=1
NCOMP=3
FORMAT=ascii

11.1760369	11.6882712	13.0154256
28.4795806	29.7848944	33.1668456
29.3353125	30.6798481	34.1634181
30.2742994	31.6618712	35.2569487
31.3431375	32.7796975	36.5016988
31.7196306	33.1734481	36.940155
31.5472031	32.9931144	36.7393469
31.6524525	33.1031906	36.8619231
30.1219162	31.5025013	35.0794831
29.5819781	30.9378188	34.4506794
29.7756094	31.1403219	34.6761787
28.6392831	29.9519162	33.3528306
28.4839456	29.7894594	33.17193
28.4534694	29.757585	33.1364375
29.0704069	30.4027994	33.8549138
31.7861594	33.2430231	37.0176325
37.287085	38.9960756	43.4239194
42.674925	44.6308581	49.6985087
56.04908	58.6179956	65.2738306
78.2612019	81.8481713	91.1416888
93.0537031	97.3186544	108.368794
111.498423	116.608775	129.849219
95.2166456	99.5807406	110.887721
80.7180419	84.4176181	94.0028981
61.6530019	64.4787619	71.80006
44.9959206	47.0582319	52.4015
37.8455156	39.5801012	44.0742581
32.62021	34.1153038	37.9889563
29.9701712	31.3438031	34.9027637
28.1708488	29.4620106	32.8073019
27.8715231	29.1489681	32.4587137
21.0933556	22.0601344	24.5649731
19.9413525	20.8553312	23.2233681
22.0019137	23.0103337	25.6230644
21.9819556	22.9894619	25.5998194
22.3011969	23.3233331	25.9716025
21.4077519	22.3889406	24.9311131
22.8488369	23.8960756	26.6093763
23.1401013	24.2006881	26.9485756
22.0396156	23.0497638	25.6669681
19.2404819	20.1223369	22.4071469
19.77322	20.6794925	23.0275644
19.8336669	20.7427087	23.0979594
21.5623006	22.5505725	25.1110969
22.7488706	23.7915263	26.4929569
24.8412075	25.9797625	28.9296575
30.0968587	31.4762969	35.0503006
39.249955	41.04891	45.7098463
51.9188225	54.2984338	60.4637969
77.4577337	81.0078756	90.2059844
108.911152	113.902907	126.836113
133.068825	139.167806	154.969731
113.758604	118.972544	132.481406
78.5131025	82.1116181	91.4350637
55.1245625	57.6511025	64.1971494
40.6475806	42.5105919	47.3374944
32.7222475	34.2220156	38.1077869
25.8991856	27.0862319	30.1617612
23.1668919	24.2287087	26.9797781
21.1393525	22.1082375	24.61854
20.8670281	21.8234325	24.301395
14.2234769	14.8753869	16.5644263
13.6269988	14.2515687	15.8697756
13.7657375	14.3966656	16.0313475
14.942745	15.6276175	17.4020706
14.9520175	15.6373169	17.4128694
14.9487869	15.6339406	17.4091087
14.7234269	15.3982488	17.1466575
14.64168	15.3127544	17.0514556
13.87717	14.5132069	16.1611219
14.7573506	15.4337281	17.1861656
15.6866613	16.4056331	18.2684244
18.8860606	19.7516719	21.9943931
24.0369494	25.13864	27.9930306
33.4063619	34.9374869	38.904495
55.3301225	57.866085	64.4365425
96.9583988	101.402315	112.916144
3666.07339227637	3673.08284227637	3691.24369227637
967.226071518301	971.930807518301	984.120370518301
53.3375431	55.7821812	62.11602
33.5562019	35.0941919	39.0789956
24.0675594	25.1706556	28.0286813
19.106215	19.9819169	22.2507813
15.5714375	16.2851263	18.1342375
14.791075	15.469	17.2254419
10.9822948	11.48565	12.7897981
10.8318842	11.3283456	12.6146331
10.5492546	11.0327613	12.2854862
10.7260234	11.2176331	12.4913494
11.0030776	11.5073837	12.8140006
10.8989039	11.3984381	12.6926819
10.7442762	11.2367212	12.512605
10.9776452	11.4807887	12.7843856
11.0604156	11.5673506	12.8807763
11.7115831	12.2483625	13.6391131
12.9089344	13.5005931	15.0335313
15.0434894	15.732985	17.5193994
18.5578544	19.4084212	21.6121687
27.7642175	29.0367444	32.3337487
43.0585306	45.0320469	50.1452506
61.6105944	64.4344106	71.750675
1344.98882654748	1348.87734334748	1358.95215524748
68.5849425	71.7284188	79.8728931
43.1865394	45.1659206	50.2943256
27.9437813	29.2245369	32.5428631
20.0885481	21.0092719	23.3947881
15.4116231	16.1179887	17.94812
12.9842438	13.5793563	15.1212356
12.0028688	12.5530013	13.9783419
9.63189725	10.073359	11.2171469
9.15614319	9.57579969	10.6630925
8.87750969	9.28439519	10.338601
8.99216819	9.404309	10.4721294
9.05159025	9.46645438	10.5413317
9.14948181	9.56883337	10.6553344
9.59377012	10.0334844	11.1727444
10.8096224	11.3050613	12.5887069
12.4713025	13.0429019	14.52387
16.5733544	17.3329675	19.3010544
21.4873375	22.4721744	25.0237956
33.4135506	34.9450019	38.9128656
43.0102812	44.9815844	50.0890594
33.8646831	35.4168125	39.4382475
23.212985	24.2769119	27.0334569
16.1837669	16.9255212	18.8473456
12.5830006	13.1597219	14.6539538
10.6081325	11.0943394	12.354055
9.01922475	9.43260569	10.5036388
8.38660519	8.77099113	9.76690131
8.26073925	8.63935612	9.62031956
8.46676831	8.85482844	9.86025775
9.00841344	9.42129875	10.4910494
10.7448011	11.2372719	12.5132194
13.8942769	14.5310956	16.1810431
17.833405	18.6507681	20.7684875
22.5317237	23.5644263	26.2400706
18.6561206	19.5111919	21.7266112
13.5444019	14.1651869	15.7735862
10.4014989	10.878235	12.1134125
9.30498131	9.73145919	10.836427
8.697045	9.09565912	10.1284332
9.30101225	9.72730881	10.831805
11.2897781	11.8072256	13.1478881
12.6807319	13.2619325	14.7677725
11.5687987	12.0990362	13.47283
9.960396	10.4169139	11.5997125
