#?RADIANCE
genskyvec -m 1
NROWS=146
NCOLS=1
NCOMP=3
FORMAT=ascii

3.72736256	3.89819981	4.34082431
10.5875363	11.0727996	12.3300688
9.86713925	10.3193828	11.4911062
9.56671975	10.0051934	11.1412436
9.44308269	9.87589	10.9972568
9.74017012	10.1865938	11.3432397
9.61900081	10.0598718	11.202128
9.55728788	9.99533	11.1302585
9.67485756	10.1182891	11.2671795
10.1329946	10.5974226	11.8007156
9.34905281	9.7775505	10.8877521
10.0039358	10.4624484	11.6504169
9.72516325	10.1709005	11.3257651
9.94614669	10.4020124	11.5831191
10.4102604	10.8873957	12.1236158
10.6470152	11.1350051	12.399339
11.8242414	12.3661875	13.7703162
11.7142836	12.2511859	13.6422581
13.6803781	14.3073944	15.9319406
15.5581975	16.27128	18.1188181
16.5086825	17.2653281	19.2257369
19.8313469	20.7402825	23.0952569
46.3210161557656	47.2656817557656	49.7132298557656
21.36324	22.3423888	24.8792738
18.9091256	19.7757944	22.0212544
15.8478244	16.5741856	18.4561144
14.5033712	15.1681081	16.8903862
12.8873773	13.4780494	15.008425
12.4089596	12.977705	14.4512694
11.3679736	11.8890044	13.2389523
10.9580591	11.4603014	12.7615731
12.2027656	12.7620575	14.2111375
11.9862506	12.5356206	13.9589887
11.5174475	12.0453312	13.4130288
11.4120163	11.9350656	13.2902438
11.3071544	11.8253987	13.1681256
11.35696	11.8774863	13.2261269
11.1844813	11.6971019	13.0252581
11.1206581	11.6303537	12.9509338
11.2063725	11.7199975	13.0507556
11.525255	12.0534969	13.4221213
11.5457837	12.0749662	13.4460288
11.7280069	12.2655394	13.6582419
11.8654719	12.4093044	13.8183319
12.3708625	12.9378594	14.4069
13.0011081	13.5969931	15.1408738
13.950665	14.5900688	16.2467138
14.6391025	15.3100612	17.0484556
16.3809394	17.1317313	19.0769681
18.2004937	19.0346831	21.1959925
20.2568606	21.1852981	23.5908044
22.4690381	23.4988681	26.1670687
53.2373505701629	54.3802717701629	57.3414768701629
47.6449849120621	48.7732474120621	51.6964793120621
21.8751756	22.8777875	25.4754644
19.509505	20.4036881	22.7204444
17.6489181	18.457825	20.5536369
16.0530838	16.7888513	18.695155
14.6151413	15.2850006	17.0205513
13.6417644	14.2670112	15.8869719
12.8246881	13.4124863	14.9354194
13.1455881	13.7480938	15.309135
12.8457713	13.434535	14.9599725
12.4872831	13.0596169	14.5424831
12.1463438	12.70305	14.1454287
12.0632144	12.6161088	14.0486169
12.0204819	12.5714187	13.9988537
12.043685	12.5956869	14.0258762
12.1038262	12.6585881	14.0959181
12.3512825	12.9173806	14.3840981
12.5885644	13.1655413	14.6604338
13.0384969	13.6360938	15.1844169
13.83581	14.4699512	16.1129538
14.9557075	15.6411775	17.4171687
16.384585	17.1355444	19.081215
18.2079244	19.0424531	21.2046438
20.3170694	21.2482681	23.6609219
22.7653737	23.808785	26.5121762
24.1851012	25.2935856	28.1655669
22.8277069	23.8739769	26.5847681
20.7092063	21.6583781	24.1175981
18.5064281	19.3546381	21.5522794
16.7388244	17.50602	19.4937581
15.2237713	15.9215256	17.7293513
14.0453906	14.6891381	16.3570294
13.929295	14.56772	16.2218263
13.3951144	14.0090556	15.599725
13.0632281	13.6619588	15.2132181
12.8431275	13.4317694	14.9568931
12.6535319	13.2334869	14.7360956
12.6383306	13.2175863	14.71839
12.6880525	13.2695869	14.776295
12.7570975	13.3417981	14.856705
13.00364	13.59964	15.1438262
13.2783238	13.8869131	15.4637144
13.8242156	14.4578244	16.0994525
14.6465594	15.3178581	17.0571394
15.3835113	16.0885888	17.9153819
16.7702106	17.538845	19.5303081
18.2865937	19.1247294	21.2962631
19.6461813	20.5466312	22.8796169
21.11994	22.0879369	24.5959319
21.8444081	22.8456094	25.4396337
21.5107188	22.4966275	25.0510256
20.1420125	21.0651869	23.4570531
18.577235	19.4286906	21.6347394
16.8987769	17.6733031	19.680035
15.6648856	16.3828575	18.243065
14.6924344	15.3658381	17.1105663
14.5306937	15.1966831	16.9222031
13.8374919	14.4717081	16.1149119
13.4953213	14.1138544	15.7164263
13.2162437	13.8219869	15.3914181
13.1645056	13.7678806	15.3311669
13.3096381	13.9196625	15.5001844
13.5184969	14.1380944	15.7434162
14.0666163	14.711335	16.3817475
14.7227762	15.3975694	17.1458987
15.7928869	16.5167275	18.3921331
16.9039312	17.6786931	19.6860356
18.3632294	19.2048781	21.3855119
19.6290719	20.5287369	22.8596919
19.9454619	20.8596281	23.2281538
19.1695119	20.0481156	22.3244981
17.9016938	18.7221894	20.8480156
16.5450963	17.3034138	19.268145
15.3717669	16.0763044	17.9017044
14.8013606	15.4797562	17.2374206
14.254655	14.9079931	16.6007344
13.8204588	14.4538956	16.0950775
13.7562469	14.3867413	16.0202963
14.1259863	14.7734269	16.4508894
14.8947781	15.5774562	17.3462106
15.8652575	16.5924144	18.476415
16.9410981	17.7175644	19.7293231
18.1138975	18.9441181	21.095145
18.0546531	18.8821569	21.0261475
17.1451294	17.9309475	19.9669331
15.8563731	16.5831231	18.4660694
15.268485	15.9682906	17.7814244
14.749355	15.4253675	17.176855
14.9010725	15.5840388	17.3535412
15.6287812	16.3450994	18.2010194
16.4600925	17.2145137	19.1691506
16.3365606	17.0853194	19.0252875
15.4941769	16.2043263	18.0442625
