#?RADIANCE
genskyvec -m 1
NROWS=146
NCOLS=1
NCOMP=3
FORMAT=ascii

13.4343338	14.0500719	15.6454
30.9191206	32.3362475	36.0078956
31.80729	33.2651213	37.0422388
32.7035606	34.2024725	38.0860244
33.5678444	35.10637	39.092555
33.4133056	34.9447494	38.9125812
33.02195	34.5354538	38.4568138
33.0003869	34.512905	38.4317031
31.3135012	32.7487019	36.4671844
30.626735	32.0304588	35.6673875
31.6716313	33.1232463	36.8842562
30.4979631	31.895785	35.5174225
31.1152213	32.5413337	36.2362713
31.6086806	33.0574113	36.8109437
32.6803194	34.1781662	38.0589575
36.2701838	37.9325663	42.2396531
42.6978994	44.6548863	49.7252638
48.6813631	50.9125906	56.6935075
62.1105	64.9572275	72.3328556
80.2479756	83.9260069	93.4554669
87.4088894	91.4151275	101.794947
93.4877756	97.7726275	108.874301
78.0744856	81.6528975	90.924245
66.3882787	69.4310762	77.3146894
53.900675	56.3711194	62.7718306
42.3120131	44.2513125	49.2758675
37.4926	39.2110087	43.6632575
33.7448256	35.2914637	39.2986644
31.6259269	33.0754463	36.8310287
30.3245013	31.7143731	35.3154106
30.1945681	31.5784856	35.1640919
21.9447719	22.9505725	25.5565156
20.5756925	21.5187463	23.96211
22.7038956	23.7444906	26.4405794
22.4390681	23.4675244	26.1321662
22.5597794	23.5937681	26.272745
21.4753106	22.4595956	25.0097906
22.9506694	24.0025744	26.72797
23.2868256	24.3541394	27.1194519
22.2951656	23.3170281	25.9645806
19.5787256	20.4760831	22.8010575
20.4728888	21.4112281	23.8423856
20.9194956	21.8783044	24.3624969
23.260585	24.3266938	27.0888906
25.0780756	26.2274869	29.20551
27.8923288	29.1707275	32.4829431
34.4502619	36.0292325	40.1202044
45.02866	47.0924719	52.4396294
59.1558081	61.8671138	68.8918719
82.66628	86.4551481	96.2717719
102.088303	106.767358	118.890338
104.375053	109.158906	121.553456
84.1164519	87.9717862	97.9606213
60.4114244	63.1802787	70.3541394
45.7655725	47.8631612	53.2978256
35.9827444	37.6319531	41.9049081
30.47981	31.8768	35.4962788
25.1706694	26.3243238	29.3133438
23.2944831	24.3621444	27.1283681
21.6400481	22.6318844	25.20164
21.611345	22.601865	25.1682144
14.37474	15.0335831	16.7405844
13.7179856	14.3467269	15.9757387
13.7784187	14.4099287	16.0461169
14.8817719	15.5638513	17.331065
14.8065119	15.4851412	17.2434156
14.796575	15.4747525	17.2318469
14.66215	15.334165	17.0752969
14.7836744	15.4612587	17.2168206
14.251595	14.9047944	16.59717
15.5870256	16.3014306	18.1523906
17.0274556	17.8078794	19.8298906
21.3234106	22.3007356	24.8328919
28.2348269	29.5289225	32.8818131
40.67045	42.5345106	47.3641287
67.5100069	70.6042119	78.6210319
108.728437	113.711838	126.623319
1858.12661621245	1863.31395521245	1876.75387421245
75.8372194	79.3130888	88.3187663
43.3740581	45.3620356	50.5127081
29.1916281	30.5295769	33.9960856
22.0968887	23.1096619	25.73367
18.2868363	19.1249819	21.2965463
15.3553413	16.0591269	17.8825756
14.8605163	15.5416225	17.30631
10.9141336	11.414365	12.7104181
10.7721117	11.2658344	12.5450231
10.4453139	10.9240575	12.16444
10.5922674	11.077745	12.3355788
10.8474778	11.3446525	12.6327925
10.7600546	11.2532219	12.5309794
10.7061579	11.1968556	12.4682131
11.097135	11.6057537	12.9235381
11.4379962	11.9622363	13.3205006
12.4171144	12.9862319	14.4607637
14.1715581	14.8210881	16.5039625
17.2599425	18.0510244	20.1006444
22.13629	23.15087	25.7795562
35.2140713	36.8280506	41.0097238
57.5732013	60.2119706	67.0487919
2253.8293100808	2257.7660962808	2267.9659466808
2902.44942192177	2906.97664292177	2918.70624892177
63.8086619	66.7332225	74.3105062
38.3219819	40.0784063	44.6291438
25.2246462	26.3807756	29.3762044
18.6578962	19.5130475	21.728675
14.7658981	15.4426675	17.1961194
12.6828406	13.2641381	14.7702256
11.87031	12.4143656	13.8239644
9.51682325	9.95301094	11.0831337
9.05639106	9.47147525	10.5469225
8.77663381	9.178896	10.2211213
8.89633544	9.30408375	10.3605238
9.01026175	9.42323169	10.4932009
9.28916513	9.7149185	10.8180081
9.963308	10.4199584	11.6031012
11.71844	12.2555337	13.6470994
14.0898575	14.7356419	16.4088138
19.9571487	20.8718494	23.2417631
27.1758969	28.4214594	31.6486
44.4498912	46.4871756	51.7656038
53.9235769	56.3950738	62.7985025
35.2214681	36.8357856	41.0183394
22.794365	23.8391063	26.5459388
15.6976569	16.4171319	18.2812294
12.2482931	12.8096737	14.2641588
10.4335517	10.9117563	12.1507406
8.96369638	9.37453238	10.4389725
8.368202	8.75174444	9.74546944
8.27609756	8.65541863	9.63820594
8.60676431	9.00124063	10.0232943
9.43786844	9.8704365	10.9911837
11.8753394	12.4196256	13.8298225
16.2773288	17.0233731	18.9563069
21.5427075	22.5300806	25.0882794
26.4547463	27.6672544	30.8087594
19.8760444	20.7870281	23.1473112
13.5650881	14.18682	15.7976756
10.3828871	10.8587706	12.0917387
9.48347744	9.91813731	11.0442999
8.93139587	9.34075125	10.4013561
9.83361669	10.2843244	11.4520669
12.492325	13.0648888	14.5483544
13.8222694	14.4557894	16.0971831
12.0642156	12.6171594	14.0497862
10.5053836	10.98688	12.2343962
