#?RADIANCE
genskyvec -m 1
NROWS=146
NCOLS=1
NCOMP=3
FORMAT=ascii

14.5318975	15.1979425	16.923605
25.234565	26.3911475	29.3877544
24.3116088	25.4258894	28.3128963
24.3865863	25.504305	28.4002131
24.7875725	25.9236688	28.8671963
25.3510363	26.5129575	29.523395
28.2280688	29.5218537	32.8739394
31.9841206	33.4500581	37.2481763
38.5187231	40.2841631	44.858265
47.2003675	49.3637156	54.9687619
58.3777125	61.0533563	67.9857156
68.1950437	71.3206469	79.4188156
66.6478269	69.7025187	77.6169544
57.7333475	60.3794581	67.2352975
47.4744231	49.6503338	55.2879263
38.882125	40.6642231	45.2814781
32.2646487	33.7434425	37.5748731
29.2085613	30.5472875	34.0158056
25.4720681	26.6395356	29.6643469
23.6250612	24.7078775	27.5133525
24.7845106	25.920465	28.8636281
24.1226306	25.2282494	28.0928162
25.6904231	26.8679	29.9186406
25.559795	26.731285	29.7665138
28.1276031	29.4167831	32.7569394
29.7284413	31.0909919	34.6212481
30.7891844	32.2003531	35.8565719
31.031965	32.4542606	36.1393106
28.8665638	30.1896131	33.6175206
27.8355425	29.1113362	32.4168119
25.9947488	27.1861756	30.2730531
15.9614419	16.6930081	18.5884287
14.4796537	15.1433037	16.862765
15.7923381	16.5161519	18.3914931
16.0270256	16.7615988	18.6648106
17.8903244	18.7102962	20.8347744
20.00379	20.9206313	23.2960831
24.7118406	25.8444662	28.7789994
32.0355756	33.5038719	37.3080987
43.7297406	45.7340175	50.9269294
58.68229	61.3718944	68.3404213
74.1894081	77.589755	86.3997525
74.7746312	78.2018019	87.0812956
59.742035	62.4802069	69.5745825
43.53289	45.5281456	50.69768
32.5098856	33.99992	37.8604706
24.4008888	25.5192625	28.4168713
21.73464	22.7308119	25.3118013
17.4280025	18.2267862	20.2963644
15.8507456	16.5772381	18.4595137
14.6394031	15.310375	17.048805
14.7840775	15.4616806	17.2172919
15.4906356	16.2006231	18.0401362
15.0233125	15.7118794	17.4958987
17.1843794	17.9719956	20.0126431
18.0230662	18.8491238	20.9893631
18.6422319	19.4966663	21.7104325
17.5281119	18.3314837	20.4129488
17.6223931	18.4300844	20.5227463
16.5527025	17.311365	19.2770012
16.2984625	17.0454744	18.9809188
10.6099093	11.0961977	12.3561244
10.3741421	10.8496235	12.0815538
11.0428275	11.5489556	12.8602931
13.1944181	13.7991613	15.3659987
16.2641706	17.0096106	18.9409825
22.3378619	23.3616781	26.0143031
33.8150719	35.3649269	39.3804688
57.2781413	59.9033881	66.7051719
1997.29767744571	2001.44874114571	2012.20377914571
88.66745	92.731365	103.260634
53.4206994	55.8691463	62.2128587
30.1296075	31.5105456	35.0884388
20.1770412	21.1018213	23.4978469
15.1960156	15.8924994	17.6970275
12.6147837	13.1929606	14.6909663
11.3856144	11.9074544	13.2594963
10.5400299	11.0231151	12.2747444
11.0486501	11.5550468	12.8670738
10.942246	11.4437652	12.7431581
10.6776868	11.167079	12.435055
11.3513413	11.87161	13.2195831
11.4178339	11.94115	13.2970194
10.6559804	11.1443791	12.4097775
10.8554146	11.3529544	12.6420356
8.50421031	8.89398638	9.90386106
8.94040356	9.35017175	10.4118448
9.78293519	10.2313192	11.3930438
11.153165	11.6643531	12.9887919
14.688325	15.3615394	17.1057787
18.6053	19.4580419	21.6674213
30.2322169	31.6178613	35.2079369
51.1547006	53.4992894	59.5739144
3239.27364188992	3243.28244688992	3253.66891628992
2592.37733436687	2595.91182556687	2605.06938626687
43.9187519	45.9316931	51.1470475
25.7124725	26.8909606	29.9443188
18.773205	19.6336431	21.8629631
13.5204844	14.1401731	15.7457319
10.9982825	11.5023687	12.8084163
9.62949088	10.0708422	11.2143444
8.82238144	9.22674019	10.2743998
8.51369681	8.90390775	9.91491037
8.54164031	8.93313231	9.94745206
8.5228585	8.91348906	9.92557888
8.60795675	9.00248769	10.0246838
8.66206294	9.05907381	10.0876937
8.47023725	8.858456	9.86429738
8.57714713	8.97026619	9.98880325
7.74821775	8.10334419	9.02344556
8.54906075	8.94089263	9.95609506
10.0201002	10.4793542	11.6692412
13.1725394	13.7762812	15.3405213
18.6226762	19.4762144	21.6876612
31.5681369	33.0150088	36.76373
43.5893706	45.5872137	50.7634581
37.6234456	39.3478531	43.8156381
25.3420525	26.5035644	29.5129344
16.2312931	16.9752269	18.9026931
11.902045	12.4475563	13.8609231
9.5850945	10.0244117	11.1626413
8.29071725	8.67070825	9.65523119
7.60597381	7.95458069	8.85779087
7.34577712	7.68245838	8.55477006
7.28019662	7.61387206	8.47839588
7.36030581	7.69765287	8.57168981
7.45289256	7.794483	8.67951462
7.86177194	8.22210313	9.15568925
9.24339156	9.66704606	10.7646996
12.5215331	13.0954375	14.5823706
18.9509519	19.8195356	22.069965
22.2447419	23.2642912	25.9058575
19.1204863	19.99684	22.2674006
13.8186306	14.4519844	16.0929463
10.3612726	10.8361646	12.0665669
8.25451113	8.63284269	9.61306637
7.448093	7.78946381	8.67392556
7.10990812	7.43577869	8.28008112
7.30377756	7.63853394	8.50585806
8.53855838	8.92990844	9.94386337
10.6584434	11.1469546	12.4126469
12.9552969	13.5490831	15.0875256
12.0123486	12.5629131	13.9893819
8.82386675	9.22829381	10.2761279
7.91008281	8.27262825	9.21195119
9.76270613	10.2101639	11.3694863
