#?RADIANCE
genskyvec -m 1
NROWS=146
NCOLS=1
NCOMP=3
FORMAT=ascii

19.3570537	20.2442519	22.5429019
29.0465356	30.3778337	33.8271144
27.0842281	28.3255875	31.5418413
26.4162194	27.62696	30.7638906
25.8105025	26.9934844	30.0584844
24.876095	26.0162481	28.9702869
26.9238662	28.1578775	31.3550888
29.3121056	30.6555762	34.1363906
32.7295513	34.2296544	38.1162913
36.2191375	37.8791794	42.1802044
45.2801237	47.3554594	52.7324762
49.0033212	51.2493063	57.0684544
52.8704031	55.2936281	61.5719931
50.3012738	52.6067494	58.58003
44.8593656	46.9154188	52.2424713
40.1165756	41.9552512	46.7190981
34.3255563	35.8988106	39.9749737
32.2423287	33.7201025	37.54888
27.3318381	28.5845469	31.8302044
24.7329381	25.8665306	28.80357
25.8649287	27.0504044	30.1218662
24.4611812	25.5823181	28.487085
27.0032538	28.2409019	31.44754
27.0957319	28.3376187	31.5552388
30.9465581	32.3649419	36.0398475
34.68273	36.2723544	40.3909325
36.5172263	38.1909312	42.527355
37.95418	39.6937462	44.2008069
34.6334869	36.2208544	40.3335837
33.6721131	35.2154181	39.213985
30.6387838	32.0430613	35.6814181
16.2783581	17.0244481	18.9575044
14.1324225	14.7801569	16.4583837
15.1338213	15.8274531	17.6245956
14.819225	15.4984394	17.2582225
16.0358712	16.7708481	18.6751081
17.2606706	18.051785	20.1014888
20.4423475	21.3792881	23.80682
24.4655537	25.5868919	28.4921781
29.7162163	31.0782075	34.60701
35.7132613	37.3501156	41.5910687
45.6345681	47.7261531	53.1452612
51.7377544	54.1090663	60.2529306
47.4917681	49.6684731	55.3081256
38.9788375	40.7653675	45.3941069
31.0830975	32.5077375	36.1988581
24.6209488	25.7494081	28.6731488
22.4251444	23.4529619	26.1159512
17.9970231	18.8218862	20.9590344
15.9527956	16.6839663	18.5783606
14.3321919	14.9890844	16.6910344
14.162605	14.8117213	16.4935319
14.7569906	15.4333538	17.1857469
14.4076987	15.0680519	16.7789675
17.0541756	17.8358231	19.8610088
18.3811844	19.2236537	21.4064206
19.4780788	20.3708219	22.683845
18.4768744	19.3237306	21.51786
18.7927463	19.6540794	21.8857194
17.4777994	18.2788644	20.354355
17.0072412	17.7867375	19.8063513
10.1827838	10.6494938	11.8586994
9.77910875	10.227319	11.3885887
10.2181202	10.6864507	11.8998544
11.8829594	12.4275937	13.8386969
13.9324175	14.5709856	16.2254612
17.3362319	18.13081	20.1894906
22.9587419	24.0110181	26.7373731
34.7413394	36.3336487	40.4591869
55.5185931	58.0631931	64.6560319
72.9770019	76.3217794	84.9878006
54.4293531	56.9240306	63.3875212
30.3594887	31.750965	35.3561562
20.8065612	21.7601956	24.2309756
16.0485469	16.7841019	18.6898688
13.2077469	13.8131012	15.3815244
11.5193256	12.0472938	13.4152138
10.2401629	10.7095041	11.925525
10.4847314	10.9652811	12.2103444
10.3881728	10.8642964	12.0978919
10.2393164	10.7086167	11.9245375
11.1091094	11.6182758	12.9374838
11.3080909	11.8263786	13.1692156
10.5005147	10.9817873	12.2287256
10.6738782	11.1630981	12.4306225
8.10766931	8.47927044	9.44205769
8.46817806	8.8563025	9.86190019
9.176842	9.59744681	10.6871977
10.2427024	10.7121594	11.9284806
12.6466188	13.2262563	14.7280425
14.9641406	15.6499975	17.4269887
21.7456194	22.7422938	25.3245875
36.8394306	38.5279025	42.9025881
1653.57326474977	1657.17064724977	1666.49115654977
6711.85756274252	6717.39353374252	6731.73675874252
60.9148263	63.706755	70.9403925
29.6411194	30.9996706	34.519555
20.4232844	21.35935	23.7846163
14.5874556	15.2560456	16.9883069
11.82471	12.366675	13.7708612
10.1778228	10.6443063	11.8529231
8.99519794	9.4074775	10.4756569
8.39437425	8.77911638	9.7759495
8.21679013	8.59339275	9.56913762
8.14680719	8.52020219	9.48763619
8.2460455	8.62398919	9.603208
8.34014644	8.722403	9.71279587
8.15059425	8.52416294	9.4920465
8.22414444	8.601084	9.57770187
7.54184569	7.88751319	8.78310831
8.27484113	8.65410456	9.63674212
9.52031225	9.95665969	11.0871981
11.7818637	12.3218669	13.7209625
15.4880044	16.1978694	18.0370713
27.0045325	28.2422381	31.4490294
46.853835	49.0013	54.5651975
1300.47767923279	1302.91266923279	1309.22151303279
31.5833812	33.0309525	36.7814819
18.1104631	18.9405244	21.0911419
13.064935	13.6637438	15.2152062
10.4247161	10.9025155	12.1404512
8.77109025	9.173098	10.2146654
7.73711631	8.09173394	9.01051725
7.32010812	7.655613	8.52487625
7.13825038	7.46542	8.31308787
7.16028806	7.48846769	8.3387525
7.251568	7.58393144	8.44505556
7.86138444	8.22169775	9.15523781
9.14048375	9.55942213	10.6448564
11.7358825	12.273775	13.6674112
17.3737113	18.1700075	20.2331369
22.7117806	23.7527375	26.4497631
21.5369319	22.5240412	25.0815531
15.2112369	15.9084175	17.714755
11.3388813	11.8585806	13.2050731
8.90620269	9.31440325	10.3720147
7.80071681	8.15824937	9.08458519
7.20173919	7.53181856	8.38702562
7.39103706	7.72979256	8.60747912
8.78834331	9.19114206	10.2347589
10.7509864	11.24374	12.5204206
13.2839194	13.8927638	15.4702306
12.8300375	13.4180794	14.9416475
9.445095	9.87799425	10.9996011
8.31911081	8.70040319	9.68829869
10.2060155	10.6737918	11.8857575
