#?RADIANCE
genskyvec -m 1
NROWS=146
NCOLS=1
NCOMP=3
FORMAT=ascii

16.847755	17.6199444	19.6206156
25.6168075	26.7909094	29.8329069
24.7530175	25.88753	28.8269544
24.7259594	25.8592325	28.7954425
24.8462019	25.984985	28.935475
24.8264431	25.9643194	28.9124625
27.0165606	28.2548175	31.4630381
29.9219112	31.2933313	34.8465619
34.7475344	36.3401269	40.4663994
41.0362406	42.9170675	47.7901256
50.5786681	52.8968544	58.9030756
58.6453019	61.3332106	68.2973444
60.6229294	63.4014775	70.6004544
55.9327194	58.4963006	65.1383175
48.2675819	50.4798444	56.2116238
40.5460338	42.4043912	47.2192362
33.9883944	35.5461944	39.5823194
30.6943875	32.1012119	35.7461738
26.548725	27.7655419	30.9182044
24.1985938	25.3076938	28.1812806
25.0065513	26.1526825	29.1222112
23.8677312	24.9616688	27.7959619
25.2472187	26.4043819	29.4024906
24.90587	26.0473881	29.0049619
27.2937556	28.5447181	31.7858538
29.0601369	30.3920575	33.8429525
30.1856694	31.5691787	35.15373
30.7378906	32.1467094	35.7968356
28.7423838	30.0597431	33.4729038
28.0059075	29.2895113	32.6152169
26.3057263	27.511405	30.6352137
15.9917344	16.7246881	18.6237094
14.4693444	15.1325212	16.8507531
15.7021763	16.4218594	18.2864931
15.7283663	16.4492494	18.3169944
17.1980563	17.9862987	20.0285706
18.79712	19.6586537	21.8908119
22.6715788	23.7106912	26.4029437
28.3527463	29.6522462	33.0191363
36.9517125	38.6453319	43.0333519
47.4536437	49.6286006	55.263725
60.5041519	63.2772581	70.4621306
66.2461931	69.282475	77.1492156
58.5180419	61.2001169	68.1491394
45.9972087	48.1054119	53.5675869
35.3293425	36.9486031	41.1439669
26.5655619	27.7831475	30.9378106
23.2931388	24.3607394	27.1268044
18.48303	19.3301669	21.5250287
16.461705	17.2161994	19.1710275
14.940425	15.6251931	17.3993706
14.7891544	15.4669906	17.2232056
15.2194656	15.9170263	17.7243394
14.61813	15.2881288	17.0240331
16.606165	17.3672819	19.3392644
17.4158894	18.2141194	20.2822575
18.07988	18.9085375	21.0555256
17.1234138	17.908235	19.9416412
17.3599312	18.1555938	20.2170875
16.429175	17.1821788	19.1331431
16.2725313	17.018355	18.95072
10.5929017	11.0784091	12.3363181
10.3349173	10.8086	12.0358725
10.9047075	11.4045056	12.6994412
12.7945919	13.3810094	14.9003694
15.3709	16.0753994	17.9006956
20.3042481	21.2348587	23.6459919
29.1641006	30.5007875	33.9640275
46.2587112	48.3788994	53.8721281
70.4426275	73.6712463	82.0363181
1466.17471142048	1469.97187582048	1479.80999582048
59.8394844	62.5821256	69.6880687
34.6073531	36.1935244	40.3031506
22.8695544	23.91774	26.6335019
16.8584469	17.6311225	19.6330662
13.5612644	14.1828219	15.7932225
11.9026794	12.44822	13.8616638
10.7219847	11.2134094	12.4866462
10.9948648	11.4987961	12.8044356
10.745437	11.2379349	12.513955
10.4560351	10.9352702	12.176925
11.0991551	11.6078644	12.9258906
11.2125242	11.7264304	13.0579194
10.5534187	11.0371165	12.2903356
10.8089643	11.3043734	12.5879387
8.52854237	8.91943375	9.93219863
8.94266775	9.35253963	10.4144829
9.71821681	10.1636348	11.3176744
10.96236	11.4648	12.7665825
14.1258137	14.7732462	16.4506875
17.5565344	18.3612069	20.4460487
27.5808637	28.8449844	32.120215
45.8336187	47.9343256	53.3770731
2326.1765141782	2329.9745572782	2339.8149573782
4901.05607585412	4905.57802065411	4917.29401665411
56.6036537	59.1979869	65.919675
31.8441675	33.3036925	37.0851888
22.415285	23.44265	26.1044675
15.4060212	16.1121306	17.9415975
12.1103062	12.6653619	14.1034606
10.3578582	10.8325928	12.0625894
9.23798044	9.66138694	10.7583988
8.72112894	9.12084669	10.1564829
8.58206137	8.97540556	9.99452556
8.487825	8.87684987	9.88477912
8.54193213	8.93343706	9.9477915
8.60653231	9.00099794	10.0230243
8.45403231	8.84150862	9.84542581
8.57857725	8.97176175	9.99046863
7.8602955	8.22055862	9.15396956
8.64565763	9.04191656	10.0685896
10.0970676	10.5598491	11.7588762
13.1165531	13.7177269	15.2753181
18.3857019	19.22838	21.4116831
32.2570931	33.7355425	37.5660744
49.0230456	51.2699338	57.091425
49.0129575	51.2593831	57.0796769
32.3501144	33.8328275	37.6744063
19.6124706	20.5113756	22.8403575
13.7647781	14.3956625	16.0302313
10.6257852	11.1128013	12.3746125
8.88117537	9.28822906	10.3428699
7.92641244	8.28970631	9.23096825
7.5528175	7.89898813	8.795886
7.40746431	7.74697294	8.62661
7.45321625	7.79482188	8.67989187
7.55657875	7.9029215	8.80026569
8.10907119	8.48073669	9.44368937
9.58913906	10.0286431	11.1673534
13.0125919	13.6090025	15.1542494
20.2304125	21.1576375	23.5600012
25.5215519	26.6912869	29.7219719
23.2802362	24.3472475	27.1117769
16.4333337	17.1865275	19.1379863
11.8128419	12.354265	13.7570406
9.00594881	9.41872088	10.4881781
7.90424231	8.26651975	9.20514925
7.375345	7.71338138	8.58920444
7.57392144	7.92105944	8.82046325
9.07469106	9.490614	10.5682339
11.53214	12.0606956	13.4301375
14.6002038	15.26938	17.003155
13.8101212	14.4430856	16.0830394
9.71088131	10.1559624	11.309131
8.47198919	8.86028837	9.86633931
10.7270926	11.2187506	12.4925938
