#?RADIANCE
genskyvec -m 1
NROWS=146
NCOLS=1
NCOMP=3
FORMAT=ascii

24.5238337	25.6478431	28.5600481
34.3546606	35.9292475	40.0088681
32.9858156	34.497665	38.4147338
32.1379538	33.6109419	37.4273275
30.6337781	32.0378269	35.67559
27.7694869	29.0422544	32.3398831
27.9912194	29.2741488	32.5981087
28.9230988	30.2487406	33.6833613
30.4621331	31.8583138	35.4756931
32.1224769	33.5947581	37.4093037
39.8411	41.66715	46.3982838
41.8026694	43.718625	48.682695
47.6410831	49.8246331	55.4820144
49.6670887	51.9434969	57.8414675
49.0541894	51.3025056	57.127695
47.7819413	49.971945	55.6460562
43.6457137	45.6461419	50.8290737
41.3704675	43.2666137	48.1793594
35.823135	37.4650281	41.7190294
31.5565381	33.0028775	36.7502206
31.0973563	32.5226525	36.2154662
27.6635031	28.9314119	32.2164556
28.4764712	29.7816419	33.163225
27.2740113	28.5240713	31.7628613
29.9246475	31.2961919	34.84975
33.4596625	34.9932275	38.9665656
35.7558769	37.3946875	41.6407
38.3924719	40.152125	44.7112344
36.4613375	38.1324794	42.4622675
36.8978644	38.589015	42.9706419
35.1526531	36.7638156	40.938195
18.9891	19.8594331	22.1143919
16.5930488	17.3535637	19.32399
17.7216088	18.5338469	20.6382906
16.6811062	17.4456562	19.4265406
16.9244075	17.7001106	19.7098856
17.1429138	17.9286294	19.9643512
19.4533869	20.345	22.65509
22.1328013	23.1472206	25.7754925
25.2270244	26.3832631	29.3789731
27.3384087	28.5914175	31.8378581
32.8462031	34.3516544	38.2521425
38.3280025	40.0847006	44.6361569
42.6887244	44.64529	49.7145781
44.0924044	46.1133063	51.3492819
40.8650988	42.7380813	47.5908162
34.9557131	36.5578475	40.7088406
31.6788606	33.1308081	36.8926756
25.8209781	27.0044388	30.0706812
22.2775731	23.2986275	25.9440913
19.3101506	20.1951981	22.48828
17.8042444	18.6202713	20.7345269
16.9796269	17.75786	19.7741919
15.5607669	16.2739681	18.1218106
17.2091087	17.9978581	20.0414425
18.12335	18.9540031	21.1061525
19.2384019	20.1201606	22.4047225
18.7439794	19.6030769	21.8289275
19.7360288	20.6405969	22.9842519
19.079875	19.9543713	22.2201063
19.234525	20.1161094	22.40021
11.6232163	12.1559481	13.5362056
11.1078581	11.6169675	12.93603
11.2883712	11.8057538	13.1462494
12.48971	13.0621562	14.5453088
13.8055294	14.4382831	16.0776906
16.0928675	16.8304556	18.7414869
19.3496706	20.2365319	22.5343056
24.52189	25.6458106	28.5577856
31.4374975	32.8783806	36.6115875
43.7230038	45.7269756	50.9190862
53.8797094	56.349195	62.7474163
46.5144375	48.6463475	54.1699419
34.42225	35.9999369	40.0875838
25.9176431	27.105535	30.1832575
20.102605	21.023975	23.4111606
16.6815156	17.4460831	19.4270138
13.8124869	14.4455575	16.0857919
12.9304444	13.5230887	15.0585806
11.7892381	12.3295775	13.7295525
11.18766	11.7004275	13.0289613
11.6984512	12.2346287	13.6238194
11.9456663	12.4931756	13.9117263
11.4572725	11.9823969	13.3429487
11.9243494	12.4708806	13.8868981
9.28477325	9.71032519	10.8128938
9.57691556	10.0158582	11.1531175
10.0797884	10.5417794	11.7387544
10.8969206	11.3963631	12.690375
12.7527669	13.3372675	14.8516606
14.434965	15.0965681	16.81072
18.4538406	19.2996413	21.491035
25.1352712	26.2873031	29.27212
39.5988637	41.4138087	46.1161769
64.447495	67.4013369	75.0544838
3160.95996766774	3165.48082346774	3177.19396746774
75.8003044	79.2744769	88.2757675
45.8427325	47.9438556	53.3876844
26.5987262	27.8178337	30.9764338
19.3174869	20.2028713	22.4968244
15.7480669	16.4698512	18.3399369
13.0994969	13.6998906	15.2554575
11.4649319	11.9904062	13.3518687
10.3559931	10.8306412	12.0604156
9.70635813	10.1512332	11.3038612
9.45386044	9.88716156	11.0098081
9.40711919	9.83827856	10.9553744
9.26233756	9.68686075	10.786765
9.36731994	9.79665562	10.9090269
8.91229462	9.32077444	10.3791106
9.51855562	9.95482175	11.0851531
10.6440694	11.13192	12.395905
12.5374913	13.1121256	14.6009537
15.4721144	16.1812538	18.01857
23.9078906	25.0036687	27.84273
40.2626031	42.1079712	46.88916
3260.38278206059	3265.08957906059	3277.28449306059
4190.58223760526	4195.37444960526	4207.79062760526
45.7068625	47.8017594	53.2294519
25.7179619	26.8967025	29.9507131
17.3520644	18.147365	20.207925
13.3196394	13.9301225	15.51183
10.8967319	11.396165	12.6901519
9.76803606	10.2157386	11.3756919
9.01815781	9.43148975	10.5023963
8.70209162	9.10093719	10.1343119
8.69092844	9.08926231	10.1213106
9.62638444	10.0675932	11.2107275
10.9906504	11.49439	12.79953
13.5523069	14.1734525	15.7827906
19.3930575	20.2819056	22.5848325
30.3484181	31.7393856	35.3432644
44.99227	47.0544138	52.3972506
33.0262119	34.5399125	38.4617781
20.3694225	21.3030194	23.72189
13.7949556	14.4272231	16.0653762
11.1332484	11.6435219	12.9655956
9.50348975	9.93906725	11.0676075
9.44986725	9.88298481	11.0051581
11.5244688	12.0526738	13.4212062
14.1759019	14.8256281	16.5090169
19.6061425	20.5047569	22.8329881
21.9327756	22.9380275	25.5425456
14.2016431	14.8525488	16.5389969
11.5656594	12.0957519	13.469175
14.5882338	15.2568606	16.9892156
