#?RADIANCE
genskyvec -m 1
NROWS=146
NCOLS=1
NCOMP=3
FORMAT=ascii

3.39026306	3.54565	3.94824394
10.0386134	10.4987165	11.6908023
9.34402044	9.77228794	10.8818901
9.06403756	9.47947269	10.5558276
8.96182094	9.37257094	10.4367881
9.26659863	9.69131762	10.7917272
9.164433	9.58446925	10.6727459
9.11339981	9.53109662	10.6133128
9.22037375	9.64297338	10.7378943
9.65535244	10.0978887	11.2444631
8.882272	9.28937613	10.3441458
9.49033	9.92530325	11.0522804
9.19621106	9.61770381	10.7097551
9.3856075	9.81578125	10.9303239
9.81541994	10.2652942	11.4308745
10.0451308	10.5055336	11.6983933
11.192365	11.7053479	13.0344425
11.1249171	11.6348077	12.9558913
13.0794256	13.6788988	15.2320806
15.0150075	15.7031969	17.4862306
16.0776344	16.8145256	18.723745
19.5532637	20.4494544	22.7714056
30.819219137824	31.767277337824	34.223616637824
30.693362069961	31.6851514699609	34.254788969961
18.8943988	19.7603919	22.0041019
15.61459	16.3302581	18.18449
14.1415706	14.7897244	16.4690381
12.4518829	13.0225921	14.5012563
11.9046336	12.4502626	13.8639375
10.8420804	11.3390084	12.6265055
10.4089517	10.8860273	12.1220913
11.5297294	12.0581744	13.42733
11.3046563	11.8227869	13.1652156
10.8796387	11.3782906	12.6702469
10.7919331	11.2865625	12.568105
10.7129125	11.20392	12.4760806
10.7664213	11.2598838	12.5383962
10.62171	11.1085375	12.369865
10.5657006	11.04996	12.3046394
10.6305031	11.1177338	12.3801088
10.8918606	11.3910706	12.68448
10.8936656	11.3929556	12.68658
11.0406725	11.5467019	12.8577819
11.1613794	11.6729406	12.9983569
11.6235931	12.1563437	13.5366437
12.2207056	12.7808212	14.2320306
13.1485819	13.7512244	15.3126206
13.8664775	14.5020231	16.1486694
15.5869244	16.301325	18.1522744
17.4511781	18.2510231	20.3233531
19.5497169	20.4457456	22.7672738
21.8586944	22.8605494	25.4562738
33.6718684577174	34.7927665577173	37.6969178577174
24.3062812	25.4203169	28.3066906
21.6106981	22.6011881	25.1674581
19.1171262	19.9933281	22.26349
17.158645	17.9450813	19.9826725
15.4525237	16.1607644	17.9957512
13.9699887	14.6102781	16.2692162
12.961555	13.555625	15.0948106
12.1436119	12.7001931	14.1422487
12.3422594	12.9079456	14.3735894
12.0451806	12.5972519	14.0276181
11.7141206	12.2510175	13.6420706
11.4234344	11.9470081	13.3035431
11.3600656	11.8807344	13.2297425
11.3274981	11.846675	13.1918156
11.3419331	11.8617706	13.2086262
11.3807813	11.9024013	13.2538688
11.5786513	12.10934	13.4843056
11.7793969	12.3192875	13.7180894
12.18386	12.7422869	14.1891206
12.9393175	13.5323675	15.0689131
14.0231056	14.6658325	16.3310756
15.4278219	16.1349312	17.9669856
17.2667719	18.0581662	20.1085981
19.4130356	20.3028	22.6080981
21.9054306	22.9094269	25.5107
23.4487231	24.523455	27.3079925
22.1834275	23.2001669	25.8344506
20.0068381	20.9238163	23.2996306
17.7776662	18.592475	20.7035744
15.9664531	16.6982487	18.5942663
14.4016981	15.061775	16.7719775
13.23056	13.8369606	15.40809
13.0282556	13.6253856	15.1724913
12.5169894	13.090685	14.5770788
12.203935	12.7632813	14.2125
12.00828	12.5586563	13.9846406
11.8461812	12.3891313	13.795865
11.8328856	12.3752244	13.7803812
11.8698556	12.4138881	13.823435
11.9234669	12.4699581	13.8858713
12.1291619	12.6850819	14.1254206
12.3709494	12.9379525	14.4070031
12.8703969	13.46029	14.9886494
13.643085	14.2683913	15.88851
14.3587187	15.0168263	16.7219244
15.7259887	16.4467638	18.3142269
17.2372644	18.027305	20.0742325
18.5958456	19.4481544	21.6564131
20.0981725	21.0193387	23.4059988
20.8747306	21.8314881	24.310365
20.61406	21.5588706	24.0067931
19.2623456	20.1452038	22.4326087
17.6921244	18.5030131	20.603955
15.9989581	16.7322425	18.6321213
14.7506606	15.4267325	17.1783744
13.7888494	14.4208381	16.0582637
13.5608325	14.1823719	15.7927212
12.8950087	13.48603	15.0173137
12.570555	13.146705	14.63946
12.3182619	12.8828475	14.3456413
12.2699769	12.8323494	14.2894113
12.3901913	12.9580756	14.4294106
12.5730694	13.1493344	14.6423875
13.0717206	13.6708412	15.22311
13.6870825	14.3144075	15.9397487
14.7172063	15.3917444	17.1394156
15.79794	16.5220106	18.3980194
17.2536125	18.0444031	20.0932694
18.5339725	19.3834444	21.5843563
18.88819	19.7539	21.9968725
18.1364238	18.9676769	21.1213787
16.8902219	17.6643563	19.6700725
15.5509363	16.2636869	18.1103625
14.3863231	15.0456962	16.7540731
13.7877644	14.4197025	16.0570013
13.2547788	13.8622888	15.4362962
12.84674	13.43555	14.9611006
12.782955	13.3688394	14.8868181
13.1155619	13.7166906	15.2741656
13.832545	14.4665375	16.1091513
14.7639525	15.4406325	17.1938531
15.8155606	16.5404406	18.4185413
16.9885681	17.76721	19.7846063
16.9550569	17.7321638	19.7455775
16.0840519	16.8212387	18.73122
14.8093225	15.4880831	17.2466912
14.2072131	14.8583756	16.5454831
13.70031	14.3282406	15.9551544
13.836015	14.4701644	16.1131919
14.5301444	15.1961081	16.9215644
15.3458856	16.0492381	17.8715625
15.2420625	15.9406581	17.7506531
14.407105	15.0674288	16.778275
