#?RADIANCE
genskyvec -m 1
NROWS=146
NCOLS=1
NCOMP=3
FORMAT=ascii

10.5432756	11.0265075	12.2785225
27.8111238	29.0857969	32.3883737
28.6576569	29.9711325	33.3742313
29.6043937	30.96126	34.476785
30.700115	32.1072025	35.7528456
31.1410144	32.5683112	36.26631
31.0088075	32.4300444	36.1123444
31.1373194	32.564445	36.2620056
29.635845	30.9941525	34.5134137
29.11539	30.449845	33.9072994
29.2281206	30.5677413	34.0385838
28.0821144	29.36921	32.7039625
27.8337019	29.1094131	32.4146669
27.7176131	28.9880031	32.2794706
28.2442081	29.5387338	32.892735
30.8141806	32.2264981	35.8856844
36.0932506	37.747525	42.0335994
41.3476794	43.2427806	48.15282
54.421125	56.9154231	63.3779381
76.7483225	80.2659513	89.3798294
92.7367356	96.9871706	107.999664
113.392417	118.589569	132.054913
97.5838338	102.056422	113.64451
82.6815031	86.47107	96.2894963
62.5634825	65.4309744	72.8603925
45.1131044	47.1807869	52.5379719
37.6054169	39.3289981	43.7946444
32.1721806	33.6467362	37.467185
29.42661	30.77533	34.2697419
27.559105	28.8222312	32.0948769
27.224655	28.4724494	31.70538
20.6055119	21.54993	23.9968381
19.4808613	20.373735	22.6870869
21.527395	22.5140669	25.0704462
21.5385075	22.52569	25.08339
21.8874006	22.8905706	25.4897031
21.0263188	21.9900269	24.4869037
22.4680387	23.4978225	26.1659044
22.7620712	23.8053313	26.5083288
21.6571119	22.64973	25.2215137
18.8515825	19.7156144	21.9542406
19.3355425	20.2217537	22.5178487
19.3361706	20.2224131	22.5185844
20.965695	21.9266219	24.4163013
22.0331213	23.0429731	25.6594081
23.9746675	25.0735062	27.9204981
28.9392937	30.2656756	33.7022194
37.7402256	39.4699856	43.9516406
49.794625	52.0768756	57.9899919
74.7359113	78.161305	87.0362006
106.727594	111.619271	124.293175
134.88405	141.066237	157.083744
117.478469	122.862887	136.813469
80.4485806	84.1358025	93.6890819
55.8848169	58.4462025	65.0825294
40.79226	42.6619025	47.5059894
32.5785712	34.071755	37.9404637
25.5792944	26.7516794	29.7892231
22.7606919	23.8038912	26.5067237
20.6954287	21.6439694	24.1015531
20.3948525	21.3296175	23.7515075
13.842385	14.4768269	16.1206119
13.25832	13.8659925	15.44042
13.4087662	14.0233337	15.6156269
14.5928781	15.2617169	16.9946231
14.6178437	15.2878281	17.0236981
14.6214825	15.2916338	17.0279338
14.3902481	15.0497994	16.758645
14.2840844	14.93877	16.6350062
13.4857119	14.1038056	15.7052369
14.28765	14.9424994	16.6391587
15.1177462	15.8106444	17.6058787
18.0947075	18.9240475	21.0727944
22.871475	23.9197513	26.6357412
31.5527825	32.9989494	36.7458456
52.0632644	54.4494975	60.6320138
91.4889656	95.6821987	106.546529
3729.03750569174	3735.99691169174	3754.02813069174
920.262200060273	925.062896060273	937.501066060273
53.5963875	56.052885	62.4174606
33.3478519	34.8762944	38.8363544
23.7701556	24.8596194	27.6823256
18.7572588	19.6169669	21.8443919
15.1985338	15.8951337	17.6999619
14.4090262	15.0694406	16.7805119
10.6329644	11.1203081	12.3829738
10.4916581	10.9725257	12.2184106
10.2212179	10.6896906	11.9034606
10.4044318	10.8813023	12.1168275
10.6870221	11.1768425	12.4459263
10.5833311	11.0683997	12.3251713
10.4171904	10.8946448	12.1316881
10.6259206	11.1129425	12.37477
10.6631317	11.1518569	12.4181044
11.250835	11.7664981	13.102535
12.3319319	12.8971456	14.3615631
14.2638994	14.9176594	16.6114987
17.501475	18.3036244	20.3819275
25.9369956	27.1257731	30.2057938
39.8585556	41.6854044	46.41861
56.5749462	59.1679644	65.8862444
1104.00148720468	1107.60258660468	1116.93271910468
66.0589644	69.0866694	76.9311744
42.2944688	44.2329644	49.2554344
27.3893787	28.6447231	31.8972131
19.6385044	20.5386013	22.870675
15.0094731	15.6974094	17.4797856
12.6054625	13.1832131	14.6801131
11.6400762	12.1735806	13.5558413
9.27328512	9.69831062	10.7995144
8.8189495	9.22315112	10.2704021
8.55028956	8.94217737	9.95752438
8.67018406	9.0675675	10.0971529
8.72272044	9.12251138	10.1583354
8.78855581	9.19136419	10.2350049
9.18664863	9.60770306	10.6986181
10.2863935	10.757851	11.9793625
11.7918462	12.3323056	13.7325869
15.5256956	16.2372906	18.0809688
19.9531544	20.8676731	23.2371119
30.7838481	32.1947731	35.8503587
39.7871894	41.6107687	46.3355
32.1211219	33.5933381	37.4077244
22.2640506	23.2844844	25.9283425
15.5879912	16.3024406	18.1535163
12.1362925	12.69254	14.1337256
10.219178	10.6875556	11.9010825
8.63626725	9.03209575	10.0576528
8.02240019	8.39009338	9.34275406
7.90676894	8.26916231	9.20809169
8.09304606	8.46397712	9.42502694
8.56709544	8.95975387	9.9770965
10.1368385	10.6014445	11.8051925
12.9993712	13.5951744	15.1388519
16.58775	17.3480219	19.3178169
20.9936062	21.9558131	24.4488056
17.6161131	18.4235169	20.5154325
12.93319	13.5259619	15.06178
9.9394245	10.3949821	11.57529
8.84261544	9.24790231	10.2979629
8.258256	8.63675894	9.61742738
8.79681075	9.19999744	10.2446202
10.6090888	11.0953384	12.3551675
11.9209094	12.4672831	13.8828925
10.9481295	11.4499175	12.7500094
9.40937831	9.84064119	10.9580063
