#?RADIANCE
genskyvec -m 1
NROWS=146
NCOLS=1
NCOMP=3
FORMAT=ascii

2.28103763	2.38558531	2.65645856
13.3969937	14.0110219	15.6019169
13.6717825	14.298405	15.9219294
14.3766313	15.0355581	16.742785
15.9152763	16.6447275	18.5346663
19.2440794	20.1260981	22.411335
25.5573569	26.7287337	29.7636725
35.7745337	37.4141981	41.6624287
59.73811	62.4761056	69.5700119
98.0801381	102.575487	114.222517
591.100613342889	595.714788342889	607.669728342889
75.9920569	79.4750219	88.4990869
43.1447144	45.1221781	50.2456162
27.9747613	29.2569369	32.5789431
20.6679931	21.6152756	24.0696006
16.7228275	17.4892906	19.4751263
14.9342362	15.6187206	17.3921644
13.7508406	14.3810887	16.0139994
13.4133662	14.028145	15.6209825
13.1720837	13.775805	15.3399906
13.4613788	14.07836	15.6768988
13.67807	14.30498	15.9292531
13.4623531	14.0793781	15.6780325
13.3461606	13.9578588	15.5427156
13.8141775	14.4473281	16.0877625
13.3621813	13.9746144	15.5613744
13.7710619	14.4022331	16.0375494
13.4230831	14.0383069	15.6322975
13.4333406	14.0490375	15.644245
13.0291706	13.6263394	15.1735556
13.1204231	13.721775	15.2798238
10.633674	11.1210497	12.3838
10.3753526	10.8508898	12.0829631
11.6801759	12.215515	13.6025381
12.80231	13.3890819	14.9093581
15.9762806	16.7085262	18.6057119
20.5075131	21.4474406	23.8827094
29.9110088	31.2819294	34.8338644
49.0392406	51.2868706	57.1102831
561.94323815779	565.97129195779	576.40763565779
786.777514784755	790.569427984755	800.393951684755
57.4817656	60.1163444	66.9423094
35.4520013	37.0768819	41.2868113
24.3679094	25.4847706	28.3784606
17.2482581	18.0388025	20.0870344
13.7182806	14.3470356	15.9760819
11.7031625	12.2395556	13.6293081
11.6240217	12.1567876	13.5371431
10.3643906	10.8394255	12.0701987
10.2202692	10.6886981	11.9023569
9.88743881	10.3406148	11.5147481
10.0691239	10.5306256	11.7263363
10.3522496	10.8267278	12.0560575
9.91335856	10.3677194	11.5449325
10.6255096	11.1125118	12.3742925
10.7730611	11.2668266	12.5461294
10.8689127	11.3670707	12.6577562
10.3617212	10.8366331	12.0670887
10.4550823	10.9342717	12.1758131
10.206191	10.6739731	11.88596
10.3868532	10.8629169	12.0963556
7.82279019	8.18133463	9.11029187
7.87572769	8.23669831	9.17194137
8.66588231	9.06306862	10.0921426
11.0508884	11.5573863	12.8696812
15.0585369	15.74872	17.5369225
23.3552344	24.4256819	27.1991175
36.0809419	37.7346512	42.0192656
45.931005	48.0361763	53.4904869
32.8046794	34.3082275	38.2037863
21.6301231	22.6215019	25.1900794
14.8471863	15.5276819	17.2907875
10.8218225	11.317822	12.602915
8.96434331	9.3752095	10.4397259
8.01387625	8.3811785	9.33282725
7.77165894	8.12785981	9.05074487
7.71485319	8.06845037	8.98458975
7.53372506	7.87902069	8.77365106
7.89444762	8.25627625	9.19374231
7.71114606	8.06457331	8.9802725
7.45053662	7.79201919	8.67677106
7.69533087	8.04803337	8.96185475
7.70934031	8.06268494	8.97816962
7.41528075	7.75514781	8.63571287
7.66029125	8.01138756	8.92104794
6.37874337	6.67110212	7.42857844
6.73041919	7.0388965	7.83813431
7.3524345	7.68942075	8.562523
8.45538187	8.8429195	9.84699769
11.2681032	11.7845556	13.122645
13.9849963	14.6259744	16.2866938
18.5185337	19.3673013	21.5663775
21.1818394	22.1526731	24.6680194
17.5605387	18.3653956	20.4507119
13.9297794	14.5682263	16.2223894
10.4339132	10.9121353	12.1511629
8.18765225	8.56291931	9.53520381
7.36347806	7.70097063	8.57538419
6.74083744	7.04979237	7.85026731
6.45077963	6.74644006	7.51247062
6.22306944	6.5082935	7.2472835
6.16852825	6.45125225	7.18376563
6.18879256	6.47244519	7.20736494
6.28245962	6.5704055	7.31644819
6.25937725	6.54626519	7.28956663
6.28088794	6.56876181	7.31461781
6.3055675	6.59457244	7.34335944
6.23043119	6.51599256	7.25585681
6.36264169	6.6542625	7.40982687
5.65827944	5.91761706	6.58953837
6.08604194	6.36498556	7.08770356
6.774152	7.08463369	7.88906494
8.37044862	8.75409406	9.74808531
10.3020506	10.7742274	11.9975985
11.5462294	12.0754325	13.4465487
11.1773306	11.6896252	13.0169331
8.97366506	9.38495819	10.4505831
7.48083719	7.82370875	8.71205881
6.40681513	6.70046075	7.46127044
5.78948619	6.0548375	6.74233944
5.6071275	5.8641205	6.5299675
5.50932713	5.76183788	6.41607088
5.4314185	5.68035825	6.32533981
5.369841	5.61595844	6.25362756
5.38965606	5.63668175	6.27670394
5.4646895	5.71515438	6.36408644
5.51263844	5.76530075	6.41992706
5.35986875	5.60552931	6.24201425
5.75575269	6.01955781	6.70305394
6.83763431	7.15102544	7.962995
8.008859	8.3759315	9.326984
7.60678369	7.95542756	8.85873375
6.53551094	6.83505531	7.61114769
5.77587325	6.04060081	6.72648638
5.3220065	5.56593169	6.19792044
5.10760956	5.34170825	5.94823719
5.0269385	5.25733988	5.85428919
5.064575	5.29670112	5.89811994
5.092021	5.32540512	5.930083
5.18021394	5.41764019	6.03279125
5.60538469	5.862298	6.52793788
5.80444256	6.07047944	6.7597575
5.47689419	5.7279185	6.37830006
5.01236537	5.2420985	5.83731731
4.95463887	5.18172625	5.77009
5.21766169	5.4568045	6.07640231
