#?RADIANCE
genskyvec -m 1
NROWS=146
NCOLS=1
NCOMP=3
FORMAT=ascii

1.92743044	2.015771	2.24465344
6.3446935	6.635492	7.38892469
5.88797819	6.15784362	6.85704175
5.70001894	5.96126956	6.63814731
5.62720612	5.88511969	6.55335094
5.81696281	6.08357331	6.77433825
5.74180775	6.00497363	6.686814
5.70294294	5.96432769	6.64155244
5.76351375	6.0276745	6.7120925
6.04951081	6.32677988	7.04515981
5.55805181	5.81279562	6.47281463
5.94787913	6.22049006	6.92680131
5.74955962	6.013081	6.69584181
5.84926169	6.11735275	6.81195325
6.09171287	6.37091619	7.09430756
6.20027194	6.48445088	7.22073369
6.86276531	7.1773085	7.9922625
6.78220031	7.09305094	7.89843794
7.90067225	8.26278631	9.20099206
8.96254325	9.37332656	10.4376288
9.53858531	9.975769	11.1084764
11.442515	11.9669619	13.3257631
12.1401882	12.6966146	14.1382625
13.0987226	13.6990809	15.2545556
11.7028103	12.2391881	13.6288981
9.73839262	10.1847353	11.3411707
8.87779656	9.2846955	10.3389339
7.84412194	8.203644	9.135134
7.5200195	7.86468675	8.75768975
6.85201138	7.16606163	7.97973875
6.58032256	6.88192037	7.66333425
7.258859	7.59155644	8.45354638
7.10754437	7.43330644	8.27732794
6.84020131	7.15371038	7.96598487
6.77646612	7.08705406	7.89176
6.71924738	7.02721269	7.82512388
6.7453555	7.05451744	7.855529
6.65187081	6.95674806	7.74665831
6.61378875	6.91692056	7.70230863
6.65481438	6.95982663	7.7500865
6.813012	7.12527462	7.9343205
6.80869506	7.12076	7.92929319
6.88497262	7.2005335	8.01812469
6.93964088	7.2577075	8.08179031
7.18615806	7.51552331	8.36888019
7.50755569	7.85165163	8.74317494
8.006412	8.37337225	9.32413419
8.38941362	8.77392806	9.770172
9.31147631	9.73825194	10.8439906
10.2926309	10.7643756	11.9866269
11.3686975	11.8897638	13.2397975
12.5179194	13.0916569	14.5781625
13.7637225	14.3945581	16.0290031
14.0107719	14.6529319	16.3167119
12.9855694	13.5807431	15.1227794
11.6956894	12.2317425	13.6206044
10.6102869	11.0965912	12.3565644
9.61971369	10.0606164	11.2029575
8.74910306	9.15010369	10.1890605
8.14017744	8.51326881	9.47991575
7.64181469	7.99206413	8.89953044
7.726482	8.080612	8.99813256
7.54082219	7.88644288	8.781916
7.33455781	7.67072463	8.54170387
7.15265281	7.48048256	8.32986069
7.10871744	7.43453331	8.27869419
7.08429063	7.408987	8.25024712
7.08959069	7.41452988	8.25641956
7.10792231	7.43370175	8.27776788
7.21614637	7.54688625	8.40380431
7.31315556	7.64834163	8.51677956
7.52223481	7.86700387	8.76027
7.9157705	8.27857631	9.21857481
8.48803575	8.87707062	9.88502525
9.22862075	9.65159856	10.7474969
10.1860088	10.6528675	11.8624581
11.2809181	11.7979594	13.13757
12.5274875	13.1016644	14.589305
13.3409794	13.9524431	15.5366844
12.9819556	13.5769606	15.1185681
11.9737569	12.5225544	13.9444394
10.8430725	11.3400475	12.6276625
9.84954425	10.3009824	11.4706156
8.94613838	9.35616969	10.4185243
8.26281975	8.64153219	9.62274263
8.110073	8.48178431	9.44485644
7.808018	8.16588506	9.09308812
7.61793719	7.96709225	8.87172306
7.50011819	7.84387356	8.73451331
7.40014063	7.73931362	8.61808094
7.38909356	7.72776025	8.60521588
7.40448375	7.74385562	8.62313875
7.42636081	7.76673556	8.6486165
7.53005894	7.87518625	8.76938175
7.649819	8.00043562	8.90885213
7.90597819	8.26833525	9.207171
8.30779056	8.68856375	9.67511488
8.67905225	9.07684181	10.1074813
9.39017281	9.82055544	10.9356394
10.1725324	10.6387744	11.8467612
10.8724662	11.3707869	12.6618931
11.6502612	12.1842319	13.5677006
12.0992925	12.6538425	14.0906356
12.088735	12.6428031	14.0783394
11.4871256	12.0136169	13.3777137
10.7074056	11.1981613	12.4696681
9.80455906	10.2539341	11.4182256
9.10506106	9.52237594	10.6036031
8.55894019	8.95122475	9.96759969
8.39076131	8.7753375	9.77174163
8.00877231	8.37584081	9.32688313
7.81791144	8.17623206	9.10460975
7.66983369	8.02136744	8.93216106
7.63578356	7.98575675	8.89250656
7.69021344	8.04268137	8.95589494
7.77797138	8.13446144	9.05809612
8.02819169	8.39615044	9.34949888
8.34442331	8.72687569	9.71777662
8.8768565	9.28371225	10.3378391
9.44170788	9.87445231	10.9956562
10.1972237	10.6645962	11.8755175
10.8757206	11.3741919	12.6656869
11.1249706	11.6348631	12.9559556
10.7992956	11.2942619	12.5766787
10.1962881	10.6636188	11.8744294
9.4994335	9.93482369	11.0628825
8.85823444	9.26423675	10.3161536
8.4944045	8.88373131	9.89244275
8.1888635	8.564186	9.53661444
7.95509638	8.31970456	9.26437281
7.90823581	8.27069625	9.20980013
8.07281894	8.44282306	9.40147094
8.43682256	8.82351025	9.82538313
8.91712394	9.32582506	10.3847337
9.47018994	9.90423969	11.0288256
10.1010528	10.5640162	11.7635156
10.1321867	10.5965775	11.7997769
9.72785256	10.1737118	11.3288956
9.0488035	9.46353994	10.5380869
8.69229831	9.09069469	10.1229066
8.40676906	8.79207913	9.79038344
8.46186319	8.84969825	9.85454544
8.81604625	9.22011469	10.2670207
9.26369706	9.68828281	10.7883475
9.23691663	9.660275	10.75716
8.77496325	9.177149	10.2191769
