#?RADIANCE
genskyvec -m 1
NROWS=146
NCOLS=1
NCOMP=3
FORMAT=ascii

26.0158263	27.2082162	30.2975987
33.7960019	35.3449856	39.3582637
34.1700369	35.7361625	39.7938569
34.0669638	35.628365	39.6738212
32.7691162	34.2710344	38.1623694
29.0154831	30.3453588	33.7909494
27.7478781	29.0196563	32.3147181
27.1200706	28.3630737	31.5835844
26.34354	27.5509519	30.67925
25.9351812	27.1238762	30.2036819
31.7298188	33.1841019	36.9520194
32.0443687	33.5130675	37.3183381
37.1680131	38.8715469	43.2852519
40.1327613	41.9721763	46.7379463
41.85466	43.7729981	48.7432431
44.4679094	46.5060225	51.7865894
44.41062	46.4461044	51.7198712
44.1499556	46.1734925	51.416305
40.4783063	42.3335606	47.1403619
36.4428069	38.1131006	42.4406888
35.1474156	36.7583388	40.9320962
30.6060031	32.0087781	35.6432425
29.4616219	30.811945	34.3105144
26.72728	27.9522806	31.1261475
27.1707231	28.4160469	31.6425725
28.7976894	30.1175825	33.5373106
30.1098319	31.4898662	35.0654094
32.5915412	34.0853194	37.9555681
31.8076519	33.2655025	37.042665
33.32846	34.8560125	38.8137712
33.3167525	34.8437688	38.8001363
18.7131256	19.57081	21.792995
16.7585562	17.5266544	19.5167369
18.2283131	19.0637756	21.2283912
16.9622769	17.7397131	19.753985
16.4312788	17.1843794	19.1355937
15.5502094	16.2629281	18.109515
16.8513888	17.6237437	19.6248481
18.0182956	18.8441338	20.9838075
19.2822669	20.1660356	22.4558062
19.7992131	20.7066769	23.0578356
23.0598875	24.1167987	26.8551619
26.3115706	27.5175194	30.6420206
30.7858219	32.1968375	35.8526556
34.7471963	36.3397769	40.4660069
37.0722019	38.771345	43.1736713
37.6466244	39.3720925	43.84263
36.6115938	38.2896225	42.6372525
32.1825013	33.6575325	37.4792063
27.9875219	29.2702837	32.5938037
24.1923062	25.3011206	28.1739575
21.653745	22.6462088	25.2175931
19.5401713	20.4357625	22.7561588
16.9072025	17.6821162	19.6898481
16.9888306	17.767485	19.7849106
16.7552619	17.5232119	19.5128994
17.1185344	17.9031331	19.9359613
16.5918156	17.3522713	19.3225519
17.6240588	18.4318287	20.5246881
17.5367894	18.3405575	20.4230525
18.2529313	19.0895244	21.2570606
11.3350494	11.8545712	13.2006094
10.8323109	11.3287925	12.6151288
10.8124349	11.3080063	12.5919844
11.5160894	12.0439087	13.4114456
11.8833256	12.4279763	13.8391231
12.8917956	13.4826706	15.0135731
14.5113337	15.1764381	16.8996581
17.0541156	17.8357613	19.86094
19.6936525	20.5962775	22.9349006
25.1092388	26.2600788	29.2418037
31.9462787	33.4104825	37.2041056
40.6000281	42.4608625	47.2821187
42.5403506	44.4901156	49.5417862
37.1427137	38.8450863	43.2557875
28.1701294	29.4612594	32.8064656
22.2996294	23.321695	25.9697781
17.6339731	18.4421956	20.5362325
15.6406156	16.3574775	18.2148031
13.2544688	13.8619638	15.4359344
11.8751481	12.4194256	13.8296006
11.515885	12.0436969	13.4112075
11.3518862	11.8721825	13.22022
10.9096972	11.409725	12.7052556
11.4001304	11.9226356	13.2764025
9.02302519	9.43658062	10.5080663
9.14114094	9.56010975	10.6456206
9.27145025	9.696392	10.7973769
9.661833	10.1046668	11.25201
10.6205719	11.1073456	12.3685412
11.4807637	12.0069662	13.3703063
13.47374	14.0912869	15.691295
16.1954256	16.9377162	18.8609244
20.7020356	21.6508781	24.1092456
27.5652938	28.8287	32.1020819
43.1052194	45.0808725	50.1996231
74.7483481	78.174315	87.0506869
78.3008312	81.8896187	91.1878469
49.7394256	52.0191487	57.9257094
31.8585138	33.3186944	37.1018944
23.3759188	24.4473144	27.2232056
17.7232969	18.5356137	20.6402569
14.60038	15.2695631	17.0033594
12.3839869	12.9515856	14.4221844
10.9536431	11.455685	12.7564306
10.0926844	10.5552656	11.7537719
9.57460275	10.0134388	11.1504237
9.23926581	9.66273225	10.7598956
9.19679544	9.61831475	10.710435
8.77910031	9.18147544	10.223995
8.96922406	9.38031306	10.4454088
9.54882513	9.98647844	11.1204037
10.5504664	11.0340281	12.2868975
12.1319813	12.6880325	14.1287056
15.909855	16.6390569	18.5283513
21.5025313	22.4880638	25.0414925
40.5051487	42.3616337	47.1716231
2280.87437525421	2284.44410395421	2293.69296895421
6564.00309824084	6569.41698724084	6583.44389324084
59.0967825	61.8053831	68.8231313
29.8763712	31.2457044	34.7935244
18.8235744	19.68632	21.9216231
13.8191056	14.4524825	16.0935025
11.6327675	12.165935	13.5473275
10.0989922	10.5618622	11.76112
9.22211481	9.64479481	10.7399219
8.85988875	9.2659665	10.3180781
9.53867581	9.97586537	11.1085819
10.3166033	10.7894488	12.0145462
11.7176394	12.2546944	13.6461675
14.8195287	15.4987588	17.2585794
21.644335	22.6363656	25.2066319
42.5834275	44.5351656	49.5919538
1765.23254476622	1767.99932216622	1775.16780596622
36.4083925	38.0771081	42.4006081
19.4560506	20.3477869	22.6581937
13.6964194	14.3241706	15.9506219
10.6620419	11.1507194	12.4168375
9.97761906	10.4349266	11.6197681
11.7850694	12.3252169	13.7246944
13.6121175	14.2360069	15.8524462
18.9328325	19.8005888	22.0488631
26.4471381	27.6592969	30.7998963
17.2890806	18.0814969	20.1345769
12.9914075	13.5868462	15.1295762
15.6056619	16.3209219	18.1740969
