#?RADIANCE
genskyvec -m 1
NROWS=146
NCOLS=1
NCOMP=3
FORMAT=ascii

26.6439931	27.865175	31.0291525
36.1245444	37.78025	42.0700431
35.3988481	37.0212938	41.22491
34.7467594	36.3393181	40.4654975
33.1052781	34.6226044	38.5538581
29.4968744	30.8488144	34.3515713
28.9600019	30.2873337	33.7263381
29.1756931	30.5129119	33.9775281
29.7663	31.1305894	34.6653381
30.5800612	31.9816463	35.6130312
37.9489319	39.6882581	44.1946962
39.2836819	41.0841812	45.7491237
45.3657769	47.44504	52.83223
48.2765156	50.4891863	56.2220269
49.0828312	51.33246	57.1610519
49.7584056	52.0389969	57.9478112
47.108695	49.2678425	54.8620044
45.3537556	47.4324694	52.8182325
39.9723613	41.804425	46.5511475
35.2826556	36.8997756	41.0895962
34.2709175	35.8416656	39.9113406
29.9604737	31.3336631	34.8914712
29.9072731	31.2780244	34.8295144
27.9272525	29.20725	32.5236137
29.7539869	31.11771	34.6509981
32.80261	34.30606	38.2013725
34.9114969	36.5116069	40.65735
37.8255812	39.5592519	44.0510425
36.3796637	38.0470619	42.3671506
37.4456375	39.161895	43.6085663
36.409425	38.07819	42.4018137
19.8444281	20.7539638	23.1104919
17.4815363	18.2827738	20.3587075
18.7695137	19.6297837	21.8586644
17.5019119	18.3040812	20.3824344
17.3424256	18.1372863	20.1967
17.0584119	17.8402556	19.8659431
18.9870025	19.8572387	22.1119456
21.1086031	22.0760794	24.5827281
23.5492244	24.628565	27.4250387
25.0061075	26.1522206	29.1216963
29.630975	30.9890581	34.50774
34.3100363	35.8825781	39.9568981
39.4271012	41.2341769	45.9161513
43.0153544	44.9868925	50.0949675
42.7451781	44.7043312	49.780325
39.0808769	40.8720838	45.5129406
36.0065025	37.6567981	41.9325744
29.9820494	31.3562262	34.9165981
25.7841406	26.9659125	30.0277819
22.2229406	23.2414894	25.8804656
20.1173156	21.0393587	23.4282906
18.6124231	19.4654919	21.6757175
16.5841544	17.3442619	19.3136313
17.5981594	18.4047387	20.4945219
18.0946006	18.923935	21.0726712
19.0020456	19.8729725	22.1294688
18.573575	19.4248638	21.630475
19.7224337	20.6263787	22.9684188
19.3443594	20.230975	22.5281181
19.7881637	20.69512	23.0449662
12.0810419	12.6347569	14.0693812
11.539355	12.0682406	13.43854
11.6168025	12.1492394	13.5287356
12.6118206	13.1898613	14.6875169
13.5553488	14.176635	15.786335
15.3757725	16.0804975	17.9063713
18.0189925	18.8448612	20.98462
22.0523338	23.0630631	25.68178
26.8341006	28.0639969	31.2505475
36.0171138	37.6678962	41.9449325
46.4887369	48.6194687	54.14001
49.3786625	51.6418481	57.50557
41.4245556	43.3231806	48.2423519
32.144955	33.6182637	37.43548
24.3313956	25.4465837	28.3359394
19.7667375	20.6727112	23.0200144
16.0171119	16.7512275	18.6532613
14.5670537	15.2347106	16.9645488
12.820265	13.40786	14.9302669
11.8772044	12.4215744	13.8319937
12.0532706	12.60571	14.0370381
12.1805344	12.7388087	14.1852494
11.750835	12.2894163	13.6848281
12.2838837	12.8468931	14.3056063
9.67144306	10.1147184	11.2632031
9.90339106	10.3572944	11.5333237
10.2715429	10.7423206	11.9620663
10.936555	11.4378119	12.7365294
12.4857819	13.0580469	14.5407331
13.888265	14.5248106	16.1740437
17.1128637	17.8972031	19.9293556
21.9089244	22.9130813	25.5147688
31.1212456	32.5476338	36.2432838
46.2518706	48.371745	53.8641575
77.0946238	80.6281237	89.7831213
1785.31196566498	1789.69084626498	1801.03615176498
65.6575081	68.66681	76.4636431
36.2689769	37.9313025	42.2382475
24.7155819	25.8483794	28.7833556
19.3987694	20.2878781	22.5914837
15.6198656	16.3357744	18.1906356
13.3340537	13.9451963	15.5286163
11.687555	12.2232356	13.6111344
10.6678669	11.1568094	12.4236206
10.1472083	10.61229	11.8172713
9.91843294	10.3730281	11.5508419
9.71534606	10.1606322	11.3143306
9.776553	10.2246456	11.3856119
9.39431669	9.82488963	10.940465
9.86425512	10.3163663	11.4877469
10.8372406	11.333945	12.6208675
12.4471725	13.0176663	14.4957681
14.9321681	15.6165588	17.389755
21.4977213	22.4830325	25.0358894
32.9031544	34.411215	38.3184662
76.0164019	79.5004838	88.5274375
7661.93833480957	7667.65909080957	7682.48108480957
1681.53711606446	1684.95082106446	1693.79544986446
37.4549588	39.1716425	43.6194219
22.5730362	23.6076319	26.2881819
16.1898831	16.9319169	18.8544656
12.7327262	13.3163094	14.8283213
11.123595	11.6334281	12.9543544
9.99422019	10.4522884	11.6391037
9.42025288	9.85201394	10.97067
9.27532375	9.70044244	10.8018875
10.2503731	10.7201825	11.9374138
11.5010844	12.0282181	13.3939731
13.7617606	14.3925069	16.0267169
18.8015163	19.6632506	21.8959338
29.40957	30.7575062	34.2498962
52.7080594	55.1238444	61.3829306
47.4766219	49.6526344	55.2904863
27.4916313	28.7516631	32.0162988
16.8983656	17.6728731	19.679555
12.9557438	13.5495475	15.0880431
10.6255831	11.1125887	12.3743775
10.3276834	10.801035	12.02745
12.5729094	13.1491688	14.6422012
15.2238581	15.9216188	17.7294519
21.5592994	22.5474331	25.1076025
26.61076	27.8304181	30.9904488
16.74404	17.5114744	19.4998312
13.0982513	13.6985881	15.2540056
16.43876	17.1922044	19.1443087
