#?RADIANCE
genskyvec -m 1
NROWS=146
NCOLS=1
NCOMP=3
FORMAT=ascii

10.1595675	10.6252144	11.8316625
27.3645212	28.6187281	31.8682687
26.8009625	28.0293381	31.211955
27.2170719	28.4645187	31.6965494
28.5595562	29.868535	33.2599844
31.3640913	32.8016119	36.5261006
36.35836	38.0247844	42.3423425
43.7058925	45.7090769	50.8991544
57.8191894	60.4692356	67.3352706
77.9555031	81.5284631	90.7856819
90.9828775	95.152915	105.957144
108.213165	113.172935	126.023267
89.5326606	93.636235	104.268255
69.3150631	72.4920025	80.7231725
53.5515538	56.0059988	62.3652506
41.6129769	43.5202369	48.4617813
34.9538731	36.5559231	40.7066975
30.6671019	32.0726763	35.714395
28.2700662	29.5657769	32.9228494
26.7733831	28.0004969	31.1798363
27.55368	28.816555	32.0885575
27.8994662	29.17819	32.4912544
28.4522087	29.7562694	33.1349712
28.5690194	29.8784319	33.2710069
30.4446438	31.8400194	35.4553237
30.4920831	31.8896375	35.5105744
31.5448306	32.9906338	36.736585
30.9035163	32.3199269	35.9897219
29.9654194	31.3388325	34.89723
28.6325969	29.9449237	33.3450475
27.6092269	28.8746488	32.1532475
19.6830662	20.585205	22.9225712
18.3551337	19.19641	21.376085
20.4039013	21.3390775	23.7620431
21.3761431	22.3558825	24.8943019
24.77287	25.9082944	28.8500737
28.9524513	30.2794369	33.7175425
37.6879138	39.4152769	43.8907212
52.6859694	55.1007412	61.3572037
78.1853419	81.7688356	91.0533512
109.82531	114.858955	127.900725
127.878275	133.739356	148.924919
103.561231	108.307776	120.605669
72.9952506	76.3408663	85.0090556
49.4675019	51.7347619	57.6090325
36.350845	38.0169244	42.33359
27.62953	28.8958837	32.1768925
25.3447844	26.5064181	29.5161144
20.7198638	21.6695244	24.1300094
19.4529669	20.3445594	22.6546019
18.3041806	19.1431213	21.3167425
18.6646913	19.5201569	21.73659
19.5502606	20.4463125	22.7679081
18.7719487	19.6323269	21.8614994
21.0334363	21.9974681	24.4951906
21.7567388	22.7539212	25.3375369
22.196895	23.2142525	25.8501337
20.7770575	21.7293369	24.1966138
20.8208931	21.7751819	24.2476669
19.75425	20.6596519	23.0054719
19.7276975	20.6318812	22.9745494
12.8950263	13.4860488	15.0173338
12.6846788	13.2660594	14.7723662
13.77148	14.4026719	16.0380369
17.2033613	17.9918481	20.0347494
22.2357412	23.2548787	25.895375
32.791075	34.2939956	38.1879388
53.3546762	55.8001	62.1359719
907.778332193937	912.214768093937	923.709169093937
3691.18273509506	3697.40579109506	3713.52919809506
86.1872456	90.1374894	100.372231
50.3017175	52.6072131	58.580545
29.8779263	31.2473306	34.7953369
20.8163513	21.7704325	24.2423762
16.2014244	16.9439906	18.8679113
14.2134694	14.8649206	16.5527706
13.3783963	13.9915719	15.5802575
12.6484763	13.2281987	14.7302063
13.5201462	14.1398188	15.7453387
13.2307381	13.8371462	15.4082975
12.6966281	13.2785569	14.7862837
13.4459819	14.0622556	15.6589669
13.474555	14.0921369	15.6922431
12.5413619	13.1161725	14.6054606
12.9406794	13.5337944	15.0705012
9.6088285	10.0492334	11.1902819
10.20909	10.6770069	11.8893362
11.2207304	11.7350137	13.0674756
13.074785	13.6740463	15.2266787
17.92334	18.7448256	20.8732231
23.2358875	24.3008644	27.0601281
37.8736044	39.6094781	44.1069725
59.5624044	62.2923444	69.3653862
1128.92842877459	1132.18932937459	1140.63804997459
54.2254769	56.7108088	63.15009
33.7832994	35.3316994	39.3434694
21.5273319	22.5140006	25.0703731
16.8051619	17.5753969	19.5710125
13.064265	13.6630431	15.2144256
11.2086462	11.7223744	13.0534025
10.0906421	10.5531301	11.7513944
9.57857769	10.0175956	11.1550531
9.46568406	9.89952844	11.0235796
9.65526931	10.0978028	11.2443661
9.62301225	10.0640668	11.2068009
9.70695219	10.1518544	11.3045554
9.76274	10.2101975	11.3695234
9.51149163	9.94743462	11.0769252
9.73170881	10.1777444	11.3333875
8.06322612	8.43279044	9.39029925
8.93619319	9.34576825	10.4069427
10.4264531	10.9043325	12.142475
13.9950856	14.6365263	16.2984419
19.6826325	20.5847531	22.9220675
29.3805887	30.7271975	34.2161469
34.3247038	35.8979188	39.9739819
26.913035	28.1465463	31.3424725
19.2481688	20.1303762	22.4160969
13.4923344	14.1107325	15.7129487
10.3890743	10.8652384	12.0989438
8.99638606	9.4087205	10.4770418
8.20642725	8.58255506	9.55706831
7.75083769	8.10608419	9.02649656
7.52954294	7.87464681	8.76878069
7.53786194	7.88334706	8.77846875
7.69293081	8.04552319	8.9590595
7.77611581	8.13252094	9.05593562
7.57220844	7.91926769	8.81846806
8.67992906	9.07775888	10.1085018
11.7114538	12.2482281	13.6389656
16.7179431	17.4841819	19.4694388
17.6102019	18.4173369	20.5085487
14.452735	15.1151513	16.831415
11.0057196	11.5101494	12.8170794
8.74926856	9.15027681	10.1892526
7.4566935	7.79845838	8.6839415
6.95540644	7.27419575	8.10015081
6.873055	7.18806981	8.00424556
6.96271544	7.28183956	8.10866256
7.5387485	7.88427419	8.7795015
9.07589094	9.49186862	10.5696314
10.4248874	10.9026952	12.1406513
9.55819994	9.9962835	11.1313211
7.44788881	7.78925025	8.67368756
6.96433119	7.28352944	8.11054444
8.12003994	8.49220806	9.45646381
