#?RADIANCE
genskyvec -m 1
NROWS=146
NCOLS=1
NCOMP=3
FORMAT=ascii

24.7639681	25.8989831	28.8397056
31.3188569	32.7543025	36.4734213
31.7621175	33.2178781	36.9896325
31.9602056	33.4250488	37.2203256
31.4493712	32.8907981	36.6254138
29.1622075	30.4988094	33.9618244
28.5318863	29.8395975	33.2277606
28.4235381	29.7262838	33.1015819
27.9227944	29.20259	32.5184237
27.9091081	29.1882719	32.5024825
32.8302994	34.33502	38.2336219
33.7798363	35.32808	39.3394381
38.5738994	40.3418681	44.9225219
42.2491269	44.1855431	49.2026294
45.2077825	47.2798056	52.6482331
48.1956525	50.4046188	56.1278563
49.5722813	51.8443412	57.7310575
47.7872025	49.9774475	55.6521819
44.9443475	47.0042944	52.3414387
39.9651794	41.7969169	46.542785
37.678885	39.4058325	43.8802031
33.3759194	34.9056475	38.8690419
31.5884394	33.0362406	36.7873694
28.890625	30.2147775	33.6455413
28.8963469	30.2207619	33.6522069
29.3505275	30.6957606	34.1811381
29.951285	31.3240519	34.8807694
31.1434231	32.5708287	36.2691119
30.2664481	31.65366	35.2478025
30.9937769	32.4143244	36.0948375
30.8699744	32.2848463	35.9506588
19.502845	20.396725	22.7126894
17.9163063	18.7374706	20.8650331
19.3829019	20.271285	22.573005
18.540065	19.3898163	21.5914481
18.3282356	19.1682781	21.3447575
17.6436656	18.4523338	20.5475181
19.0532225	19.9264938	22.1890675
20.2633906	21.1921288	23.5984094
21.4914206	22.4764444	25.0285519
22.136205	23.1507819	25.7794575
25.9403644	27.1292981	30.2097175
30.2353619	31.6211469	35.2115981
36.0206744	37.6716219	41.9490794
42.0249844	43.9511275	48.9415975
46.0839831	48.1961644	53.6686413
47.79139	49.9818275	55.6570581
45.859545	47.9614388	53.4072625
40.7106275	42.5765306	47.41092
34.39227	35.9685806	40.0526644
29.1451769	30.4809975	33.9419894
25.4476587	26.61401	29.6359212
22.6519712	23.690185	26.3801081
19.63924	20.5393712	22.8715337
19.53364	20.4289313	22.7485525
19.0582425	19.9317437	22.1949125
19.1090575	19.9848894	22.2540919
18.2370944	19.0729606	21.2386181
18.852215	19.7162712	21.9549725
18.5716856	19.4228875	21.6282769
19.1066525	19.9823737	22.25129
12.9028356	13.4942156	15.0264294
12.4565387	13.0274625	14.5066775
12.5109656	13.0843844	14.5700631
13.3181456	13.92856	15.5100894
13.7261481	14.3552619	15.9852431
14.7513456	15.42745	17.1791725
16.4696756	17.2245356	19.1803112
19.4611912	20.3531637	22.6641812
23.1509994	24.2120875	26.9612681
30.6374844	32.0417019	35.6799056
40.0087	41.84243	46.5934662
51.6969194	54.0663594	60.2053719
55.8464738	58.4061025	65.0378762
50.365145	52.6735462	58.6544106
38.1089244	39.8555813	44.38102
28.8741875	30.1975881	33.6263987
21.6829319	22.6767325	25.2515812
18.6227788	19.4763219	21.6877787
15.63716	16.3538644	18.2107775
14.0005731	14.6422656	16.3048312
13.4918606	14.1102375	15.712395
13.1798619	13.7839375	15.3490481
12.5884837	13.1654538	14.6603381
12.9705069	13.56499	15.1052375
10.6107325	11.0970569	12.3570825
10.7289125	11.2206531	12.4947119
10.8550575	11.35258	12.64162
11.258055	11.7740481	13.1109431
12.2646631	12.8267925	14.2832225
13.196345	13.8011788	15.3682469
15.6134544	16.3290706	18.1831688
19.2578263	20.1404762	22.4273444
25.5878669	26.7606437	29.7992038
34.5731637	36.1577669	40.2633319
51.71839	54.0888138	60.2303794
80.1839125	83.8590031	93.3808581
87.7836813	91.8071006	102.231414
65.4073212	68.4051563	76.172285
44.6124575	46.6571938	51.9549256
32.46423	33.9521731	37.8073038
23.3402569	24.4100187	27.181675
18.2436044	19.0797694	21.2461975
14.9113863	15.5948244	17.3655525
13.0165937	13.6131856	15.158905
11.9539206	12.5018081	13.9213381
11.3152125	11.8338256	13.1775081
10.89943	11.3989863	12.6932969
10.8203381	11.3162694	12.6011863
10.3350288	10.8087194	12.0360037
10.5084494	10.990085	12.2379631
11.1332844	11.6435612	12.9656388
12.2790012	12.8417881	14.2999187
14.2754306	14.9297188	16.62493
19.58431	20.481925	22.8075625
27.1540206	28.39858	31.6231219
48.1414425	50.3479219	56.0647244
1446.77719368463	1450.40514988463	1459.80487428463
7233.8714895049	7239.3342585049	7253.4878655049
73.8700475	77.2557556	86.0278287
41.92473	43.8462794	48.8248444
25.8896425	27.07625	30.1506487
17.6729681	18.4829806	20.5816456
14.2643844	14.9181681	16.612065
12.0778506	12.6314175	14.0656644
10.9258119	11.4265787	12.7240181
10.464895	10.9445369	12.1872444
11.2928319	11.81042	13.1514444
12.2763581	12.8390244	14.2968425
14.1083356	14.7549675	16.4303325
18.4857012	19.3329619	21.5281381
27.8315494	29.1071625	32.4121613
50.7744906	53.1016531	59.1311294
1281.88321860514	1285.08811600514	1293.39172480514
48.3479525	50.5639	56.3052219
26.9913394	28.2284425	31.4336669
17.8105069	18.6268225	20.7418213
12.9719688	13.5665169	15.1069387
11.9716212	12.52032	13.9419506
14.6431531	15.3142969	17.0531719
17.3060675	18.0992613	20.15436
24.985635	26.1308106	29.0978556
34.9619856	36.5644081	40.7161469
23.3701125	24.4412419	27.2164431
16.6770831	17.4414475	19.4218525
20.5778638	21.5210144	23.9646369
