#?RADIANCE
genskyvec -m 1
NROWS=146
NCOLS=1
NCOMP=3
FORMAT=ascii

3.02870088	3.16751613	3.52717456
18.8279513	19.6909	21.9267194
18.0585837	18.8862681	21.0307244
17.7393225	18.552375	20.65892
17.8081969	18.6244037	20.7391306
18.3640669	19.2057525	21.3864881
18.0813419	18.9100688	21.0572294
18.2125819	19.0473231	21.2100688
18.0835944	18.9124269	21.059855
18.8849594	19.75052	21.9931119
17.8198388	18.6365806	20.7526875
18.7346156	19.5932844	21.8180219
18.1146019	18.9448538	21.0959656
18.1692506	19.0020062	21.1596056
18.5300944	19.37939	21.57984
19.0021219	19.8730525	22.1295569
21.4815594	22.4661288	25.0170662
22.6002875	23.6361338	26.31992
29.5927344	30.9490669	34.4632056
43.1521219	45.129925	50.2542438
59.67877	62.4140444	69.5009031
100.931566	105.557588	117.543227
345.586397781567	350.921221781567	364.743268781567
108.458658	113.429689	126.309162
69.7284113	72.9242956	81.2045512
42.0674713	43.9955625	48.9910781
31.0383656	32.460955	36.1467631
24.2556319	25.3673462	28.2477056
21.8604713	22.8624088	25.4583431
19.6212513	20.5205569	22.8505831
19.0424306	19.9152087	22.1765
16.9643125	17.7418431	19.7563581
15.9366981	16.6671287	18.5596112
16.6006113	17.3614706	19.332795
16.3588081	17.1085862	19.0511963
16.2883425	17.0348931	18.9691325
15.8365462	16.5623869	18.4429756
16.54815	17.3066075	19.2717025
16.8726119	17.6459394	19.6495656
16.6442894	17.4071519	19.3836638
15.4218725	16.1287069	17.9600569
15.8732925	16.6008181	18.4857731
15.9652537	16.6969938	18.5928687
16.8499256	17.6222138	19.6231444
17.0215431	17.8016988	19.8230081
17.5933994	18.399765	20.4889825
19.3729531	20.2608819	22.5614206
23.171175	24.2331862	26.9847644
27.9605406	29.242065	32.5623825
40.1095694	41.947925	46.7109381
58.7127269	61.4037237	68.375865
94.9027688	99.2524881	110.522199
1416.93173726912	1423.67902426912	1441.16071226912
367.116875024111	372.030668024111	384.761902024111
66.9014669	69.9677806	77.9123356
43.6629412	45.6641569	50.8491331
31.9653569	33.4304344	37.2263262
23.6117188	24.6939219	27.497815
20.1416112	21.0647681	23.4565869
18.0133119	18.8389206	20.9780038
17.3549731	18.15041	20.2113137
12.32923	12.8943194	14.3584169
11.6826356	12.2180894	13.6054037
11.5560488	12.0857019	13.4579844
12.1791412	12.7373506	14.183625
12.1236569	12.6793231	14.11901
12.1881325	12.7467531	14.194095
12.1710081	12.7288431	14.1741512
12.2805575	12.843415	14.3017319
11.7378206	12.2758037	13.6696687
12.2266069	12.7869925	14.2389031
12.4137669	12.98273	14.456865
13.4632119	14.0802781	15.6790325
14.9282775	15.6124906	17.3852231
17.6787269	18.4890013	20.5883519
25.042275	26.1900456	29.1638181
38.8073225	40.5859906	45.1943631
61.2116931	64.0172281	71.28612
84.18206	88.0404044	98.0370288
52.3106313	54.7082	60.9200912
31.5621906	33.0087913	36.7568037
22.3985063	23.4251025	26.0849275
17.2793713	18.0713419	20.1232694
13.7863906	14.4182675	16.0554025
13.0217694	13.6185994	15.1649369
9.42385494	9.85578187	10.9748664
9.28141531	9.70681456	10.8089832
8.9492695	9.359444	10.4221718
9.05063925	9.46546	10.540224
9.23317144	9.6563585	10.7527992
9.15713656	9.57683756	10.6642483
9.06265556	9.47802656	10.5542181
9.23962531	9.66310769	10.760314
9.15231763	9.57179862	10.6586371
9.38341425	9.81348625	10.9277683
9.60409587	10.0442825	11.1847694
9.94760069	10.4035312	11.5848113
11.0296001	11.5351219	12.8448881
13.6894525	14.3168844	15.9425088
17.7625794	18.5766969	20.686005
22.0997788	23.112685	25.7370356
29.5086894	30.86117	34.3653312
33.0269188	34.5406506	38.4626006
29.5015156	30.8536681	34.3569769
21.8495312	22.850965	25.4456
16.489255	17.2450131	19.2031119
12.9104194	13.5021456	15.0352594
10.9811061	11.4844071	12.7884131
10.3190317	10.7919864	12.0173737
7.81857625	8.17692744	9.10538412
7.55168463	7.89780331	8.79456662
7.31961837	7.65510075	8.524306
7.44429244	7.785489	8.66949937
7.46579213	7.80797375	8.69453738
7.40825581	7.74780075	8.62753169
7.55147906	7.89758819	8.79432694
7.85321781	8.21315662	9.14572694
8.19366613	8.56920887	9.54220719
9.25415237	9.67830012	10.7772323
10.2909432	10.7626098	11.9846606
13.5442131	14.1649875	15.7733631
16.8786119	17.6522144	19.6565519
17.00461	17.7839888	19.8032862
14.1589894	14.8079419	16.4893244
11.3162919	11.8349544	13.178765
9.59383594	10.0335537	11.1728222
8.4170955	8.80287888	9.80240925
6.880454	7.19580806	8.01286263
6.45873169	6.75475687	7.52173181
6.45972738	6.75579806	7.52289113
6.55227687	6.85258931	7.63067275
6.56385963	6.86470306	7.64416188
6.93263012	7.25037569	8.07362612
7.74175275	8.096583	9.0159165
8.768294	9.17017413	10.21141
10.4951747	10.9762036	12.222505
10.1093356	10.5726797	11.773164
8.86575794	9.272105	10.3249134
7.38016794	7.71842538	8.59482106
6.39401475	6.6870735	7.44636338
6.08707006	6.36606044	7.08890063
6.1906765	6.47441562	7.20955912
6.71950525	7.0274825	7.82542406
7.21310413	7.54370456	8.40026125
7.14395163	7.4713825	8.31972725
6.33546419	6.62583956	7.37817625
