#?RADIANCE
genskyvec -m 1
NROWS=146
NCOLS=1
NCOMP=3
FORMAT=ascii

2.6845625	2.80760487	3.12639681
8.39200212	8.77663537	9.77318594
7.798352	8.15577625	9.08183094
7.56106556	7.90761406	8.80549106
7.47753775	7.820258	8.70821638
7.73962213	8.0943545	9.01343544
7.65484594	8.00569269	8.91470631
7.61271138	7.96162713	8.86563738
7.69812756	8.05095812	8.96511144
8.06716356	8.43690819	9.39488475
7.40902456	7.74860481	8.62842706
7.91386888	8.27658756	9.21636044
7.65028906	8.00092731	8.90939963
7.7898265	8.14686019	9.07190206
8.12901763	8.50159737	9.46691931
8.30349119	8.68406762	9.67010769
9.23953169	9.66300956	10.7602053
9.17819475	9.59886131	10.6887729
10.7819696	11.2761434	12.5565028
12.3717983	12.9388394	14.4079931
13.2725106	13.8808339	15.456945
16.145665	16.885675	18.8029737
23.5417443167198	24.3330111167198	26.3831211167198
25.6074201927093	26.4502651927093	28.6340063927093
16.0672381	16.8036519	18.7116381
13.2253988	13.8315612	15.4020781
11.9485889	12.4962314	13.9151281
10.4908157	10.9716447	12.21743
10.0056114	10.4642028	11.6523693
9.0895745	9.50617794	10.5855679
8.71015294	9.10936794	10.1436993
9.6073145	10.04765	11.18852
9.40727694	9.83844363	10.9555588
9.06021975	9.47547931	10.5513813
8.98795119	9.39989856	10.4672181
8.92700019	9.336154	10.3962351
8.97135837	9.38254538	10.4478944
8.85732669	9.26328706	10.3150965
8.8118205	9.21569537	10.2621003
8.86018737	9.26627894	10.3184275
9.05951075	9.47473813	10.5505556
9.05082569	9.46565481	10.5404412
9.15449994	9.57408075	10.6611787
9.23932644	9.66279531	10.7599656
9.59435906	10.0341005	11.17343
10.0628386	10.5240519	11.7190137
10.8012175	11.2962744	12.5789187
11.3871163	11.9090269	13.2612469
12.7615994	13.3465044	14.8619475
14.2644156	14.9182006	16.6121006
15.9364375	16.6668569	18.55931
17.7732419	18.5878469	20.6984213
19.8164744	20.7247281	23.0779363
24.7673485368623	25.6823116368623	28.0529022368623
18.0580475	18.8857081	21.0301019
16.0241394	16.7585787	18.6614488
14.3893706	15.0488831	16.7576206
12.9323469	13.5250788	15.0607956
11.6804894	12.215845	13.6029044
10.8186387	11.3144938	12.5992075
10.1273844	10.5915562	11.7941831
10.2335649	10.7026012	11.9178381
9.98192306	10.4394287	11.6247812
9.71073562	10.1558108	11.3089606
9.48177856	9.91636112	11.0423212
9.43387981	9.866266	10.9865394
9.40883019	9.84006825	10.9573669
9.41673556	9.848336	10.9665731
9.43906713	9.87169006	10.9925813
9.58144475	10.0205941	11.1583906
9.72338419	10.1690392	11.3236925
10.0276207	10.4872187	11.6780006
10.6129806	11.0994069	12.3597012
11.4658144	11.99133	13.3528969
12.5784844	13.1549956	14.6486944
14.044355	14.6880544	16.3558225
15.7483006	16.4700963	18.3402081
17.7117669	18.5235563	20.62683
18.9869806	19.8572169	22.1119225
18.1950706	19.0290106	21.1896762
16.51401	17.2709019	19.2319413
14.7460787	15.42194	17.1730381
13.2594862	13.8672119	15.4417775
11.9467225	12.49428	13.9129544
10.9764669	11.479555	12.7830131
10.7607537	11.253955	12.531795
10.3429094	10.8169581	12.0451813
10.0867104	10.5490175	11.7468137
9.93174188	10.3869463	11.5663413
9.80520244	10.2546063	11.4189756
9.79379963	10.2426825	11.4056969
9.81726325	10.2672213	11.4330219
9.85128731	10.3028044	11.472645
9.99837769	10.4566362	11.6439456
10.1753483	10.6417181	11.8500431
10.55358	11.0372856	12.2905231
11.1497863	11.66082	12.9848581
11.7100306	12.24674	13.637305
12.7887719	13.3749256	14.8935937
13.9844812	14.6254356	16.2860938
15.0583806	15.7485556	17.53674
16.2582012	17.0033675	18.9340306
16.9192081	17.6946694	19.703825
16.8112425	17.581755	19.5780931
15.8013675	16.5255956	18.4020113
14.5713719	15.2392275	16.9695781
13.2064131	13.8117056	15.3799694
12.180325	12.7385906	14.1850031
11.3935744	11.9157794	13.2687663
11.1632181	11.674865	13.0004988
10.6243863	11.1113369	12.3729819
10.3614006	10.8362987	12.0667144
10.1619031	10.6276556	11.8343825
10.1205731	10.5844325	11.7862525
10.2033888	10.6710419	11.8826956
10.3355644	10.8092756	12.0366244
10.7091675	11.2000038	12.4717194
11.1814562	11.6939388	13.0217394
11.9836119	12.5328612	13.955915
12.8326588	13.4208219	14.9447012
13.9858575	14.6268756	16.2876975
15.0141394	15.7022862	17.4852144
15.3457669	16.0491144	17.8714269
14.7943531	15.4724262	17.2292569
13.8367812	14.4709656	16.114085
12.7776169	13.3632569	14.8805987
11.8348869	12.3773194	13.78271
11.3212787	11.8401712	13.1845737
10.8874894	11.3865	12.67939
10.5612538	11.0453119	12.29946
10.5038006	10.9852244	12.2325519
10.75062	11.2433562	12.5199937
11.2971225	11.8149075	13.1564438
12.0208419	12.5717981	13.9992725
12.8507531	13.4397475	14.9657744
13.7936456	14.4258531	16.0638506
13.8031781	14.4358238	16.0749513
13.1515381	13.7543156	15.3160619
12.1343263	12.6904838	14.1314369
11.6276219	12.1605538	13.541335
11.2174725	11.7316044	13.06368
11.3115056	11.8299513	13.1731919
11.84743	12.3904362	13.7973206
12.5026606	13.0756981	14.5603919
12.4418713	13.0121244	14.4895962
11.7661325	12.3054119	13.7026419
