#?RADIANCE
genskyvec -m 1
NROWS=146
NCOLS=1
NCOMP=3
FORMAT=ascii

0.427593037	0.447191056	0.497967756
1.63499512	1.70993237	1.90408825
1.68441119	1.76161338	1.96163731
1.74661925	1.82667256	2.03408375
1.86276431	1.948141	2.16934456
2.11351331	2.21038269	2.4613625
2.305795	2.41147725	2.68529056
2.492428	2.60666425	2.90264037
2.79761325	2.92583725	3.25805406
3.1044835	3.24677212	3.61542969
2.6850785	2.80814456	3.12699788
2.63059125	2.75115994	3.06354287
2.25795087	2.36144013	2.62957213
2.05324575	2.14735275	2.39117594
1.93143288	2.01995669	2.24931463
1.75282719	1.83316506	2.0413135
1.72041138	1.7992635	2.00356256
1.53368831	1.60398219	1.78610788
1.58240744	1.65493456	1.8428455
1.54986262	1.62089813	1.80494425
1.481251	1.54914181	1.72504038
1.54478825	1.615591	1.79903488
1.46687338	1.534105	1.70829625
1.4997575	1.5684965	1.74659269
1.48904987	1.55729806	1.73412275
1.4273805	1.49280194	1.66230363
1.47060706	1.53800969	1.71264444
1.44103706	1.50708444	1.67820763
1.52419881	1.59405756	1.7750565
1.50924	1.5784135	1.75763581
1.58520081	1.65785594	1.84609856
1.8877255	1.97424606	2.19841375
1.99896606	2.09058537	2.32796256
2.0873375	2.183007	2.43087856
2.24131794	2.34404481	2.61020144
2.45453338	2.56703275	2.85850875
2.66846375	2.79076831	3.10764856
2.84238956	2.97266569	3.31019963
3.06032331	3.20058806	3.56400181
3.19475056	3.34117675	3.7205535
3.088073	3.22960962	3.59631856
2.889958	3.02241462	3.36559719
2.6714885	2.79393144	3.11117112
2.44761656	2.55979869	2.85045331
2.265841	2.369692	2.63876106
2.13395413	2.23176031	2.48516737
2.00238181	2.09415756	2.33194037
1.89093369	1.9776015	2.20215006
1.84556419	1.93015244	2.14931363
1.794265	1.87650206	2.08957106
1.778169	1.85966825	2.07082606
1.75385294	1.83423781	2.04250812
1.73297619	1.81240413	2.01819525
1.74299112	1.82287819	2.02985856
1.71415819	1.79272388	1.99628012
1.71257594	1.791069	1.99443756
1.71527694	1.79389375	1.99758325
1.74397656	1.82390875	2.03100619
1.75615862	1.83664906	2.04519306
1.79360131	1.87580806	2.08879838
1.82859912	1.91240988	2.12955619
2.025682	2.11852569	2.35907556
2.11984856	2.21700812	2.46874038
2.26581356	2.36966344	2.638729
2.45622125	2.56879787	2.8604745
2.67606031	2.79871306	3.11649569
2.89411231	3.02675913	3.37043513
3.030597	3.16949919	3.52938288
3.01807425	3.1564025	3.51479913
2.86557125	2.99690987	3.33719662
2.64472906	2.76594581	3.0800075
2.45421056	2.56669519	2.85813275
2.24201756	2.34477662	2.6110165
2.09814625	2.19431119	2.44346637
2.00309562	2.09490394	2.33277187
1.92201731	2.01010969	2.23834931
1.87513506	1.96107862	2.18375106
1.85458563	1.93958775	2.15981994
1.82794456	1.91172506	2.12879369
1.83061638	1.91451944	2.13190531
1.84389312	1.928405	2.14736731
1.84027881	1.92462469	2.143158
1.85203081	1.93691544	2.1568445
1.89529719	1.98216481	2.20723162
1.93233375	2.02089906	2.25036381
2.08930863	2.18506875	2.43317431
2.17943788	2.27932888	2.53813725
2.32010619	2.42644444	2.70195725
2.44148913	2.5533905	2.84331775
2.63145494	2.75206313	3.06454856
2.74235481	2.86804581	3.1937005
2.83393469	2.96382325	3.30035337
2.83378175	2.96366319	3.300175
2.71822325	2.84280856	3.16559769
2.58855662	2.70719863	3.01459
2.42732356	2.53857581	2.82682075
2.28075587	2.38529044	2.65613044
2.17938675	2.27927531	2.53807769
2.06531919	2.1599795	2.40523644
1.99539944	2.08685513	2.32380906
1.9623755	2.0523175	2.28534994
1.93317681	2.02178081	2.25134562
1.91610794	2.0039295	2.2314675
1.90357525	1.99082238	2.21687206
1.90579631	1.99314531	2.21945875
1.91183894	1.99946488	2.226496
1.92811475	2.01648681	2.2454505
1.96423375	2.05426094	2.287514
2.00111406	2.09283169	2.33046438
2.12768781	2.22520694	2.47787006
2.23964494	2.34229512	2.60825331
2.36738781	2.47589294	2.75702038
2.51683231	2.63218712	2.93106131
2.62092094	2.74104631	3.05228094
2.64585656	2.76712475	3.0813205
2.59444031	2.71335219	3.02144238
2.4475335	2.55971213	2.85035688
2.32617094	2.43278687	2.70901988
2.19258975	2.29308344	2.55345356
2.11182819	2.20862019	2.45940013
2.03546406	2.12875619	2.37046762
1.99009163	2.08130419	2.31762756
1.97173931	2.06211056	2.29625475
1.9745715	2.06507275	2.29955337
1.98235525	2.07321325	2.30861806
2.0042365	2.09609756	2.33410081
2.05266694	2.14674731	2.39050169
2.17008856	2.26955094	2.527249
2.27982994	2.38432225	2.65505206
2.417334	2.52812862	2.81518719
2.49713325	2.61158506	2.90811981
2.44670531	2.55884581	2.84939244
2.32336906	2.42985663	2.70575694
2.20770244	2.30888875	2.57105369
2.12122381	2.21844656	2.47034206
2.05216731	2.14622494	2.38991988
2.03555769	2.12885394	2.37057669
2.036585	2.1299285	2.37177294
2.09311538	2.18904994	2.43760756
2.19212088	2.29259294	2.5529075
2.2820815	2.38667675	2.657674
2.29772756	2.40304006	2.67589537
2.22510838	2.32709244	2.59132431
2.13625944	2.23417119	2.48785244
2.11758938	2.2146455	2.46610937
2.20930037	2.31056006	2.57291462
