#?RADIANCE
genskyvec -m 1
NROWS=146
NCOLS=1
NCOMP=3
FORMAT=ascii

6.34913787	6.64013988	7.39410037
19.6720338	20.5736675	22.9097237
19.2301331	20.1115144	22.3950938
19.161045	20.0392581	22.3146344
19.3288756	20.2147825	22.5100881
19.5816575	20.4791513	22.8044731
19.357625	20.2448488	22.5435669
19.5194325	20.4140712	22.7320044
19.1388987	20.0160981	22.288845
19.5309662	20.4261356	22.7454375
19.3513838	20.2383225	22.5363013
19.6141819	20.5131631	22.8423494
19.4543731	20.3460306	22.6562387
19.5341194	20.4294337	22.7491119
19.8621963	20.7725456	23.1311844
20.9410906	21.90089	24.3876456
23.8887944	24.9836981	27.8204944
26.4597231	27.6724575	30.8145512
35.0609881	36.6679506	40.831445
52.28433	54.6806931	60.8894637
70.6007887	73.8366538	82.2205069
106.184477	111.051269	123.660675
102.598727	107.301168	119.484778
89.2462394	93.336685	103.934683
61.1831275	63.9873519	71.2528537
39.47592	41.2852306	45.9730006
30.4864531	31.8837494	35.5040162
24.7638338	25.89884	28.8395487
22.3370844	23.360865	26.0133956
20.4064012	21.3416931	23.7649563
19.7665637	20.6725319	23.0198125
16.3376925	17.0865012	19.0266037
15.3615538	16.0656238	17.8898106
16.1523669	16.892685	18.8107787
15.9113325	16.6406	18.5300731
15.9036787	16.6325962	18.52116
15.4393988	16.1470388	17.9804688
16.1958787	16.9381906	18.8614525
16.4994287	17.2556519	19.2149594
16.2032488	16.9458975	18.870035
14.9110331	15.594455	17.3651425
15.3696019	16.0740413	17.8991825
15.4870369	16.19686	18.0359463
16.4638587	17.2184519	19.173535
16.9099219	17.6849606	19.6930125
17.8013813	18.6172769	20.7311925
20.3639125	21.2972594	23.7154762
25.3444556	26.5060762	29.5157319
32.6746387	34.1722244	38.0523413
49.62056	51.8948338	57.7872781
75.99065	79.47355	88.4974525
1214.77837069996	1220.37461469996	1234.87398969996
1709.96465616731	1716.62783116731	1733.89151816731
94.7015488	99.04204	110.287862
58.9890581	61.6927206	68.6976781
39.3402419	41.1433313	45.8149912
29.38519	30.7320094	34.2215037
22.1576631	23.17322	25.8044444
19.1307044	20.0075294	22.2793025
17.2043894	17.9929225	20.0359456
16.6173419	17.3789706	19.3522806
12.2323075	12.7929537	14.2455413
11.7003794	12.2366469	13.6260687
11.5981919	12.1297738	13.5070606
12.1208425	12.6763831	14.1157325
12.0860944	12.6400406	14.0752656
12.1334825	12.6896006	14.13045
12.1123294	12.6674762	14.1058175
12.1961894	12.7551819	14.2034794
11.7883	12.3285975	13.7284587
12.28893	12.8521706	14.3114819
12.6654019	13.2458975	14.7499162
14.1541125	14.8028425	16.4836437
16.6110563	17.3723963	19.3449606
21.3258506	22.303285	24.8357306
32.9767338	34.4881662	38.4041575
55.7657869	58.3217175	64.9439088
97.3083019	101.76826	113.323633
1153.92140453088	1159.09731853088	1172.50770153088
55.9337625	58.4973919	65.1395312
32.9768619	34.4883	38.404305
22.4498969	23.4788494	26.1447775
17.15918	17.9456431	19.9832969
13.8166513	14.4499138	16.0906419
12.9140669	13.5059606	15.0395069
10.1696623	10.6357734	11.8434206
9.95925194	10.4157171	11.5983781
9.67705363	10.1205854	11.2697369
9.7326735	10.1787534	11.3345106
9.86191869	10.3139242	11.4850275
9.80801012	10.257544	11.422245
9.74852581	10.1953331	11.35297
9.90725762	10.3613384	11.5378281
9.9236415	10.3784753	11.5569075
10.2306713	10.6995762	11.9144706
10.7332775	11.22522	12.4997963
11.6672125	12.2019594	13.58744
13.3843075	13.9977537	15.5871419
17.9284431	18.7501631	20.8791675
25.34746	26.5092169	29.5192313
34.0454456	35.6058612	39.6487631
47.4633181	49.6387175	55.2749913
49.73995	52.0196962	57.9263206
38.3323037	40.0892019	44.6411644
25.9861369	27.1771669	30.2630231
18.6344931	19.4885725	21.7014206
14.1481438	14.7966	16.4766937
11.9480331	12.4956512	13.9144819
11.0387831	11.5447262	12.8555838
9.24171613	9.66529387	10.7627488
8.83690819	9.24193262	10.2913156
8.60015375	8.994327	10.0155965
8.64226431	9.03836806	10.0646376
8.66409006	9.06119419	10.0900551
8.68770119	9.08588731	10.1175522
8.897202	9.30499006	10.3615328
9.44831969	9.88136688	11.0033556
10.2166819	10.6849456	11.8981775
12.2251281	12.7854469	14.2371806
14.7038725	15.3777994	17.123885
20.7832725	21.7358375	24.2038519
26.8866131	28.1189169	31.3117044
25.50821	26.6773344	29.7064381
19.6475356	20.5480469	22.8811937
14.55905	15.2263381	16.9552269
11.6775637	12.2127856	13.5994969
10.0349451	10.4948793	11.68653
8.74835413	9.14932006	10.1881876
8.25021931	8.62835406	9.60806819
8.1273475	8.49985081	9.46497387
8.20937419	8.58563712	9.56050088
8.43185994	8.81831981	9.81960381
9.26844444	9.693248	10.7938763
10.8795926	11.3782406	12.6701931
13.0893131	13.6892394	15.2435981
16.2984931	17.0455081	18.9809569
15.0286737	15.7174881	17.5021444
12.0976031	12.6520769	14.0886681
9.75255244	10.199543	11.3576619
8.79231281	9.19529356	10.2393816
8.31165081	8.69260131	9.67961056
8.567741	8.96042887	9.97784887
9.62947038	10.0708201	11.2143206
10.6851615	11.1748969	12.4437613
10.2622216	10.7325729	11.9512138
9.03774206	9.45197156	10.5252044
