#?RADIANCE
genskyvec -m 1
NROWS=146
NCOLS=1
NCOMP=3
FORMAT=ascii

1.69441031	1.77207069	1.97328206
5.80902413	6.075271	6.765093
5.38337069	5.63010844	6.26938406
5.21583987	5.45489912	6.0742805
5.16099987	5.39754556	6.01041456
5.35217062	5.597478	6.23304881
5.29632387	5.53907181	6.16801062
5.26916912	5.51067256	6.13638669
5.32391637	5.56792906	6.20014444
5.58620275	5.84223687	6.50559894
5.11672431	5.35124063	5.95885219
5.46314231	5.71353613	6.36228481
5.26007894	5.50116569	6.1258005
5.33566731	5.5802185	6.2138295
5.5485825	5.8028925	6.46178731
5.65004506	5.90900556	6.57994881
6.27491275	6.56251275	7.30765925
6.22717912	6.51259131	7.25206925
7.30976175	7.64479244	8.51282738
8.38554206	8.76987938	9.76566219
9.02124119	9.43471425	10.5059868
10.9671785	11.4698425	12.772195
11.7836617	12.3237476	13.7230576
12.8594228	13.4488142	14.9758719
11.4404469	11.9648031	13.3233556
9.36597262	9.79524613	10.9074554
8.42657325	8.81279088	9.8134485
7.36204913	7.699476	8.57372
6.99123206	7.31166338	8.14187281
6.32364919	6.61348294	7.36441688
6.03967837	6.31649681	7.03370906
6.61424481	6.91739738	7.70283963
6.46231912	6.75850856	7.5259095
6.23229737	6.51794406	7.25803
6.18464687	6.46810969	7.20253694
6.15017331	6.43205587	7.16238938
6.18213825	6.46548588	7.19961537
6.11245744	6.39261138	7.11846637
6.08332356	6.3621425	7.08453775
6.11108938	6.39118081	7.11687331
6.2282495	6.51371087	7.25331588
6.21141475	6.49610456	7.2337105
6.26217237	6.5491885	7.29282194
6.30330806	6.59220956	7.34072806
6.51511581	6.81372506	7.58739575
6.80689156	7.11887369	7.92719269
7.27987125	7.61353169	8.47801713
7.67275713	8.02442487	8.93556562
8.56210956	8.95453944	9.97129075
9.55230425	9.99011744	11.124455
10.6353356	11.1227888	12.385735
11.8258813	12.3679019	13.772225
13.1345944	13.7365962	15.2963306
13.4240562	14.039325	15.6334331
12.4755694	13.0473656	14.5288419
11.1444713	11.6552588	12.978665
10.0187309	10.4779227	11.6676469
8.97303062	9.3842945	10.4498427
8.09014087	8.46093863	9.42164331
7.47031681	7.81270625	8.699807
6.98244356	7.30247219	8.13163794
6.98670537	7.30692906	8.13660087
6.80920675	7.12129513	7.92988906
6.62903044	6.93286088	7.72005881
6.48846737	6.78585519	7.55636125
6.46311469	6.75934031	7.526836
6.45011106	6.745741	7.51169219
6.45238687	6.74812125	7.51434269
6.45783119	6.75381494	7.520683
6.531606	6.830971	7.60659987
6.60222306	6.90482475	7.68883925
6.77653994	7.08713137	7.89184587
7.13331144	7.46025475	8.30733619
7.66957006	8.02109206	8.93185406
8.379464	8.7635225	9.75858475
9.32839144	9.75594213	10.8636881
10.4282251	10.9061869	12.1445375
11.6842188	12.2197456	13.6072469
12.5532881	13.1286462	14.6193506
12.2277069	12.7881431	14.2401844
11.2042338	11.7177619	13.0482644
10.0817253	10.5438042	11.7410088
9.08089106	9.49709813	10.5754556
8.16442656	8.53862906	9.50815563
7.50159375	7.84541644	8.73623131
7.30006431	7.63465037	8.50153375
7.0219955	7.343837	8.1776995
6.85220675	7.16626606	7.97996631
6.75586244	7.065506	7.86776537
6.6805325	6.9867235	7.78003738
6.67375269	6.97963288	7.77214156
6.68365087	6.98998469	7.78366875
6.69675237	7.00368656	7.79892644
6.77244969	7.08285356	7.88708231
6.86844513	7.18324875	7.99887725
7.088865	7.41377081	8.25557437
7.44997856	7.79143556	8.67612131
7.79953013	8.15700819	9.08320325
8.48382613	8.87266794	9.880123
9.24829019	9.67217006	10.770405
9.93514506	10.3905052	11.5703037
10.7160519	11.2072044	12.4797363
11.1824119	11.6949381	13.0228525
11.2041163	11.7176381	13.0481262
10.6180419	11.1047006	12.365595
9.84872556	10.3001257	11.4696637
8.95486269	9.36529344	10.4286844
8.26157344	8.64022844	9.62129113
7.73485469	8.08936881	9.00788338
7.53308762	7.87835362	8.77290869
7.180232	7.50932569	8.36197881
7.00890587	7.33014694	8.16245519
6.88535806	7.20093688	8.01857356
6.85770019	7.17201138	7.98636394
6.8980335	7.21419319	8.03333544
6.96846381	7.2878515	8.11535719
7.18213925	7.51132037	8.36420012
7.4655225	7.80769212	8.6942235
7.96131419	8.32620769	9.27161438
8.4953	8.88466781	9.89348469
9.23365925	9.65686838	10.7533675
9.90629631	10.3603344	11.5367075
10.1662459	10.6321981	11.83944
9.85496775	10.3066534	11.4769325
9.27282231	9.69782681	10.7989737
8.59960069	8.99374869	10.0149528
7.97837319	8.34404837	9.29148062
7.6102225	7.95902419	8.86273869
7.32403412	7.65971894	8.52944837
7.11636287	7.44252925	8.28759806
7.07450462	7.39875269	8.23885075
7.21368975	7.54431687	8.40094331
7.53786456	7.88334994	8.778472
7.98341119	8.34931738	9.29734819
8.50887206	8.89886188	9.90929106
9.124408	9.54260988	10.6261337
9.16485819	9.58491419	10.6732419
8.78655063	9.18926719	10.2326709
8.1305515	8.50320181	9.46870538
7.778279	8.13478325	9.0584545
7.51013675	7.85435131	8.74618069
7.55699238	7.9033545	8.80074788
7.883477	8.24480287	9.18096613
8.30849194	8.68929738	9.67593175
8.29061363	8.67059975	9.65511087
7.846797	8.20644163	9.13824938
