#?RADIANCE
genskyvec -m 1
NROWS=146
NCOLS=1
NCOMP=3
FORMAT=ascii

17.8858931	18.7056619	20.8296131
29.3526525	30.6979819	34.1836112
31.5364	32.9818156	36.7267663
33.2206669	34.7432806	38.6882387
34.3734612	35.9489094	40.0307594
33.4183925	34.95007	38.9185056
32.96712	34.4781119	38.39296
32.3298987	33.8116856	37.6508631
29.8583756	31.2268831	34.7725669
27.83352	29.1092219	32.4144531
29.8705387	31.2396025	34.7867319
27.3121756	28.5639825	31.8073069
28.6838475	29.9985219	33.4047319
29.3338975	30.6783681	34.1617688
30.4951206	31.8928144	35.5141112
34.6559831	36.2443813	40.3597825
40.2543119	42.0993	46.879505
46.4462094	48.57499	54.0904831
55.8986625	58.4606844	65.0986525
66.8772763	69.9424837	77.8841662
69.3280812	72.5056144	80.7383313
67.9982794	71.1148631	79.189665
57.6052419	60.24548	67.0861069
48.9011737	51.142475	56.9494956
41.79287	43.708375	48.6712813
35.1099687	36.7191744	40.8884875
31.8265706	33.2852881	37.0646969
29.8508244	31.2189856	34.7637744
27.8495862	29.1260244	32.433165
27.6942613	28.96358	32.2522775
28.1038694	29.3919638	32.7293019
19.1805594	20.0596669	22.3373613
18.2851431	19.1232119	21.294575
20.5579569	21.5001956	23.9414562
20.4121994	21.3477575	23.7717075
20.5237938	21.4644681	23.9016719
19.3435206	20.2300987	22.5271444
20.5125062	21.4526631	23.8885225
20.4851169	21.4240181	23.8566269
19.225595	20.1067669	22.3898094
16.7797994	17.5488744	19.5414756
17.5279737	18.3313381	20.4127862
18.10036	18.92996	21.0793794
20.3854275	21.31976	23.74053
22.6309644	23.668215	26.3556431
25.7365631	26.9161563	29.9723756
32.2692525	33.7482594	37.580235
41.4921081	43.3938306	48.3210212
54.0750419	56.5534812	62.9748956
69.8824637	73.0854087	81.3839581
77.5468588	81.1010856	90.3097825
71.5209469	74.7989875	83.292105
56.1669831	58.7413006	65.4111344
41.6527637	43.5618481	48.5081188
33.1339137	34.6525506	38.5872062
27.173685	28.4191444	31.6460219
23.7613425	24.8504044	27.672065
20.2156856	21.1422362	23.5428512
19.1127625	19.9887656	22.2584063
18.122485	18.9530994	21.1051456
18.4395963	19.2847431	21.4744469
12.8524594	13.44153	14.9677606
12.4633194	13.0345556	14.5145762
12.6454287	13.2250106	14.7266544
13.6260463	14.2505731	15.8686681
13.4954819	14.114025	15.7166131
13.3462556	13.9579581	15.5428263
13.1169975	13.7181931	15.2758356
13.1831081	13.7873344	15.3528287
12.9971819	13.5928863	15.1363038
14.4953144	15.1596825	16.8810025
16.4048519	17.1567394	19.1048162
21.3185075	22.2956038	24.8271787
29.345355	30.69035	34.1751144
43.7147625	45.7183538	50.9094869
70.6783269	73.9177494	82.3108075
1340.52261092477	1344.98677132477	1356.55298432477
79.4269681	83.0673662	92.4993256
52.9923844	55.4211994	61.71405
32.4785531	33.9671519	37.8239831
23.3297837	24.3990669	27.16948
18.2553006	19.0920006	21.2598194
15.4847769	16.1944956	18.0333144
13.3891069	14.0027731	15.5927306
13.0400325	13.6377012	15.1862056
10.3707112	10.846035	12.0775575
10.2640659	10.7345023	11.9533613
10.0604671	10.521572	11.7162531
10.1762967	10.6427102	11.8511456
10.3674733	10.8426494	12.0737869
10.2951267	10.7669869	11.9895344
10.3160119	10.7888281	12.013855
10.7744037	11.2682306	12.5476925
11.4459931	11.9705994	13.3298131
12.7500869	13.3344656	14.84854
15.2150738	15.9124313	17.7192212
19.6405244	20.5407144	22.8730281
25.9277138	27.1160662	30.1949862
43.6034613	45.6019519	50.7798669
75.7675025	79.2401813	88.2375781
5521.24913170929	5526.68797170929	5540.77955070929
2041.9369008581	2046.2937327581	2057.5819196581
54.7961112	57.3076006	63.814645
32.4422119	33.9291462	37.7816625
21.9668819	22.9736987	25.5822681
16.7241244	17.4906481	19.4766369
13.5397444	14.1603156	15.76816
11.8379737	12.3805469	13.7863075
11.0748694	11.5824675	12.8976094
9.73141781	10.1774411	11.3330469
9.25471262	9.67888681	10.7778844
9.04114844	9.45553387	10.5291713
9.1108805	9.52846187	10.6103794
9.28927888	9.71503725	10.8181387
9.8575955	10.3094019	11.4799925
10.8451706	11.34224	12.6301056
13.3997462	14.0139	15.6051212
16.9104562	17.6855206	19.6936381
25.4953688	26.6639063	29.6914825
37.1729256	38.8766825	43.2909719
63.7985256	66.7226225	74.2987025
67.6808094	70.7828444	78.8199481
36.5156531	38.1892869	42.5255244
22.9533825	24.0054119	26.7311288
15.830345	16.5559025	18.43576
12.3520381	12.9181725	14.3849788
10.6154425	11.1019838	12.36257
9.79314	10.241992	11.4049275
9.292256	9.71815031	10.8216056
9.17124244	9.59159044	10.6806756
9.66799494	10.1111125	11.2591863
11.108985	11.618145	12.9373394
14.8597294	15.5407994	17.3053931
21.4975812	22.4828869	25.035725
29.2920269	30.6345788	34.1130106
33.8992519	35.4529663	39.4785069
22.9881719	24.0417956	26.7716444
14.8363981	15.5163994	17.2782231
11.5119831	12.0396163	13.4066644
11.1882604	11.701055	13.0296613
10.701712	11.1922062	12.4630369
12.1867212	12.7452787	14.1924538
16.1276462	16.86683	18.7819913
17.4578569	18.2580088	20.3311306
14.4791294	15.1427569	16.8621531
13.0492188	13.6473063	15.1969025
