#?RADIANCE
genskyvec -m 1
NROWS=146
NCOLS=1
NCOMP=3
FORMAT=ascii

18.9905763	19.8609775	22.1161081
25.2932356	26.4525087	29.4560831
24.5436694	25.6685856	28.5831488
24.5372669	25.6618906	28.5756925
24.5943831	25.721625	28.64221
24.3419938	25.4576688	28.3482806
26.3667619	27.5752388	30.7062931
29.0282587	30.3587219	33.8058288
33.3794444	34.9093337	38.8731475
38.9104762	40.6938706	45.314495
48.1704256	50.3782356	56.0984781
55.4141937	57.95401	64.5344506
58.0650813	60.7263963	67.62163
54.31915	56.8087769	63.2591806
47.4192094	49.5925881	55.2236238
40.2363925	42.0805594	46.858635
33.7824963	35.33086	39.3425337
30.7061725	32.1135381	35.7599006
26.4060219	27.6162969	30.7520138
23.9793794	25.0784325	27.9259875
24.7604181	25.8952713	28.835575
23.4011356	24.4736869	27.2525731
24.8226037	25.9603062	28.9079925
24.3704425	25.4874194	28.3814106
26.6609175	27.882875	31.0488606
28.5486025	29.8570787	33.2472275
29.5934731	30.9498388	34.4640656
30.277065	31.6647631	35.2601681
28.2379619	29.5322	32.8854612
27.6520494	28.9194331	32.2031175
25.9634237	27.1534119	30.2365706
15.5591487	16.2722763	18.1199275
14.0602262	14.7046519	16.374305
15.2537238	15.9528513	17.7642344
15.22737	15.9252894	17.7335413
16.5722344	17.3317956	19.2997494
18.0124238	18.8379925	20.9769694
21.6215956	22.6125838	25.1801506
26.8306594	28.0603969	31.2465406
34.6071556	36.193315	40.3029175
43.9648881	45.9799444	51.2007781
56.0641844	58.63379	65.2914162
62.2620381	65.1157125	72.5093369
56.2682206	58.84718	65.5290356
45.1191844	47.1871481	52.5450544
34.9607281	36.5630925	40.7146825
26.3480812	27.5557006	30.6845375
23.0466513	24.102955	26.8397469
18.2446969	19.0809106	21.2474719
16.1720075	16.9132244	18.8336525
14.6127294	15.2824787	17.0177406
14.3981362	15.05805	16.7678312
14.7526194	15.42878	17.180655
14.1275919	14.7751037	16.4527581
16.02993	16.764635	18.6681925
16.8072744	17.5776056	19.5734712
17.4641069	18.2645462	20.3384094
16.5609244	17.3199669	19.2865781
16.8253256	17.5964844	19.5944925
15.9467644	16.6776569	18.5713363
15.8165025	16.5414244	18.4196363
10.2746019	10.7455218	11.9656306
10.0176439	10.4767856	11.6663812
10.5481388	11.0315931	12.2841869
12.3266675	12.8916394	14.3554312
14.7209131	15.3956225	17.1437312
19.2725988	20.1559263	22.4445475
27.3501138	28.6036606	31.8514894
42.7431325	44.7021919	49.7779419
64.480595	67.4359556	75.0930306
1330.89139689031	1334.46595319031	1343.72731319031
59.143005	61.8537231	68.8769606
34.6571512	36.2456012	40.36114
22.8890925	23.9381763	26.6562581
16.8013981	17.5714612	19.5666287
13.4168656	14.0318044	15.6250594
11.6975294	12.2336669	13.6227475
10.4664819	10.9461982	12.1890931
10.6750086	11.1642803	12.4319388
10.3953931	10.8718494	12.1063025
10.104974	10.5681182	11.7680831
10.7205872	11.2119473	12.4850169
10.8389456	11.3357284	12.622855
10.2189969	10.687368	11.900875
10.4792662	10.9595653	12.2039794
8.27624669	8.65557419	9.63837956
8.67202556	9.06949306	10.0992961
9.407554	9.83873381	10.9558819
10.5845652	11.0696919	12.3266094
13.5647913	14.1865094	15.7973287
16.7762981	17.5452125	19.5373994
26.1021531	27.2985019	30.398135
43.0256387	44.9976463	50.1069444
2018.24903772908	2021.81433522908	2031.05170402908
5991.83236931229	5996.39700091229	6008.22354691229
58.2661025	60.9366275	67.8557319
32.5500594	34.0419356	37.9072581
22.732925	23.7748494	26.4743881
15.4561775	16.164585	18.0000088
12.0498619	12.6021456	14.0330694
10.2469272	10.716579	11.9334013
9.07849156	9.49458912	10.5726606
8.52345856	8.91411681	9.92627894
8.34594081	8.72846306	9.71954425
8.23383588	8.61121975	9.58898863
8.27656169	8.65590381	9.63874669
8.33905619	8.7212625	9.7115265
8.19786838	8.57360363	9.54710169
8.32127844	8.70267031	9.69082369
7.647621	7.99813669	8.90629231
8.40331444	8.78846594	9.78636006
9.80173669	10.2509827	11.4149413
12.6869956	13.2684831	14.7750663
17.7206456	18.5328431	20.6371719
31.2032013	32.6333469	36.3387294
48.3441425	50.5599131	56.3007844
50.5981231	52.9172025	58.9257338
33.3330844	34.86085	38.8191569
19.9581475	20.8728956	23.2429275
13.8601444	14.4954013	16.1412925
10.5884598	11.0737637	12.331145
8.77440975	9.17657	10.218531
7.77632856	8.13274312	9.05618313
7.38287369	7.72125506	8.59797213
7.21938719	7.55027563	8.40757844
7.2526965	7.5851115	8.44637019
7.35307988	7.69009606	8.56327487
7.92036744	8.28338413	9.22392825
9.37366887	9.80329525	10.9164189
12.71044	13.2930006	14.8023681
19.8410519	20.7504331	23.10656
25.4737375	26.6412806	29.6662925
23.6704762	24.7553731	27.5662431
16.6474563	17.4104619	19.38735
11.8476069	12.3906225	13.7975269
8.93432231	9.34381156	10.4047634
7.78538506	8.14221519	9.06673006
7.22053156	7.55147237	8.40891119
7.41070612	7.75036337	8.63038506
8.92822563	9.33743581	10.397663
11.3862569	11.9081256	13.2602438
14.5575531	15.2247737	16.9534844
13.8581069	14.49327	16.1389237
9.64551344	10.0875971	11.2330034
8.35711156	8.74014544	9.73255325
10.6410778	11.1287945	12.3924237
