#?RADIANCE
genskyvec -m 1
NROWS=146
NCOLS=1
NCOMP=3
FORMAT=ascii

16.383555	17.1344688	19.0800169
28.4423769	29.7459838	33.12352
30.632245	32.0362213	35.6738044
32.3772469	33.8612056	37.7060056
33.6510275	35.1933612	39.1894262
32.8979731	34.4057969	38.3124325
32.5704931	34.063305	37.9310544
31.9934162	33.45978	37.2590031
29.5522581	30.9067363	34.4160694
27.5439462	28.8063769	32.0772231
29.3849806	30.7317912	34.2212619
26.7195406	27.9441844	31.1171325
27.8263369	29.1017081	32.4060888
28.2115781	29.5046081	32.854735
29.12877	30.4638388	33.9228806
33.0013475	34.5139075	38.4328181
38.2817912	40.0363713	44.5823387
44.5209731	46.5615175	51.8483863
54.215195	56.7000569	63.1381169
66.9125212	69.9793438	77.9252144
71.1414262	74.402075	82.8501238
71.4245369	74.69816	83.1798275
60.3833362	63.1509056	70.3214312
50.9557869	53.29126	59.3422663
42.8828438	44.8483069	49.9406475
35.3569794	36.9775056	41.1761525
31.6608212	33.1119413	36.8716663
29.3490112	30.694175	34.1793713
27.1888763	28.4350331	31.663715
26.87078	28.1023581	31.2932663
27.2205306	28.4681375	31.70058
18.6360769	19.4902312	21.7032669
17.8000031	18.6158356	20.7295888
20.0755306	20.9956581	23.3796287
20.0147744	20.9321181	23.3088731
20.2108438	21.1371731	23.5372131
19.09357	19.9686931	22.2360556
20.2867981	21.2166106	23.6256681
20.2592069	21.1877537	23.5935369
18.9424581	19.8106538	22.0600738
16.392995	17.1443413	19.0910119
16.9974244	17.7764725	19.7949181
17.3845244	18.181315	20.2457275
19.4222725	20.3124587	22.6188563
21.3553212	22.3341056	24.8700531
24.1074331	25.2123562	28.075115
30.0828275	31.4616238	35.0339631
38.9544725	40.7398844	45.3657312
51.2538206	53.6029531	59.6893488
68.9522306	72.1125381	80.3006225
80.3370781	84.0191906	93.5592256
76.76855	80.2871056	89.4033769
60.2804625	63.0433156	70.2016256
43.9970213	46.01355	51.2382006
34.2276837	35.7964525	39.8609919
27.5837106	28.8479644	32.1235294
23.8091681	24.9004213	27.7277612
20.0099569	20.9270794	23.3032631
18.7443369	19.6034525	21.8293431
17.6686812	18.4784956	20.5766531
17.9230419	18.7445137	20.8728775
12.4868931	13.05921	14.5420294
12.1185163	12.6739456	14.1130225
12.3302	12.8953337	14.3595481
13.3448719	13.9565125	15.5412175
13.2450631	13.8521275	15.4249794
13.0950356	13.6952244	15.2502625
12.8193838	13.4069387	14.9292412
12.7851181	13.371105	14.8893375
12.4592281	13.0302763	14.5098106
13.7219594	14.3508825	15.9803669
15.3345744	16.0374087	17.8583906
19.6405625	20.540755	22.8730706
26.6726631	27.8951581	31.0625394
39.4559369	41.2643306	45.9497281
65.4431438	68.4426187	76.2139975
1642.8493216126	1647.3670112126	1659.0719412126
87.3422869	91.3454744	101.717386
57.1490781	59.76841	66.5548669
33.8144106	35.3642369	39.3797006
23.7098656	24.7965669	27.6121144
18.2355256	19.07132	21.2367913
15.2839075	15.9844194	17.7993856
13.0875662	13.6874119	15.24156
12.686615	13.2680838	14.77462
10.0463022	10.5067564	11.6997556
9.94675056	10.4026441	11.58382
9.75861212	10.2058815	11.3647175
9.88594231	10.3390479	11.5130038
10.0797009	10.5416881	11.7386525
9.99023587	10.4481214	11.6344619
9.94437313	10.4001571	11.5810519
10.3067976	10.7791919	12.003125
10.8117587	11.3072963	12.5911944
11.9077456	12.4535162	13.8675613
13.9898556	14.6310575	16.2923538
17.7039756	18.5154069	20.6177575
23.0422713	24.098375	26.8346456
37.9817869	39.722615	44.2329569
65.3245581	68.3185969	76.0758963
3900.24478752668	3904.98231052668	3917.25682752668
2772.97389173417	2777.45329473417	2789.05907173417
56.8993475	59.5072331	66.2640356
33.1825956	34.7034631	38.6438987
22.0768269	23.0886813	25.7103056
16.5858006	17.345985	19.3155475
13.2830194	13.8918244	15.4691844
11.5345644	12.0632325	13.4329619
10.7557456	11.2487169	12.5259619
9.37368794	9.80331513	10.9164406
8.90954538	9.31789944	10.37591
8.69286037	9.091283	10.123561
8.75563813	9.15693775	10.1966712
8.88921144	9.29663344	10.3522288
9.32172831	9.74897406	10.8559294
10.142122	10.6069694	11.8113481
12.2905831	12.8539006	14.3134094
15.2286175	15.9265956	17.7349944
22.35207	23.37654	26.0308506
31.929855	33.3933063	37.1849794
54.2640875	56.75119	63.1950563
62.0265931	64.8694769	72.2351388
35.5846556	37.2156181	41.4412981
22.4399825	23.4684813	26.1332294
15.4127331	16.1191512	17.9494131
11.979965	12.5290469	13.9516681
10.2483721	10.7180888	11.9350825
9.354614	9.78336694	10.8942269
8.83811725	9.24319725	10.292725
8.69781288	9.09646269	10.1293287
9.09660294	9.51353012	10.5937531
10.2926216	10.7643656	11.986615
13.4439331	14.0601131	15.6565813
18.9902381	19.8606231	22.1157169
25.6857663	26.86303	29.9132169
30.6713394	32.0771075	35.7193313
21.6405731	22.6324331	25.2022519
14.2081312	14.8593363	16.5465531
10.9866363	11.4901913	12.7948538
10.5271651	11.0096603	12.2597613
10.0053629	10.4639405	11.6520787
11.2348525	11.7497838	13.0839231
14.59971	15.2688625	17.00258
16.0116238	16.7454881	18.6468719
13.5446419	14.1654375	15.7738656
12.074315	12.6277213	14.0615488
