#?RADIANCE
genskyvec -m 1
NROWS=146
NCOLS=1
NCOMP=3
FORMAT=ascii

24.7433612	25.8774313	28.8157062
34.3133325	35.8860244	39.9607369
33.0789088	34.5950244	38.5231469
32.2688331	33.7478194	37.5797475
30.7437156	32.1528019	35.8036213
27.7594712	29.0317794	32.3282187
27.8083781	29.0829281	32.3851775
28.5805906	29.8905338	33.2844819
29.8998425	31.2702506	34.8208606
31.3657606	32.8033563	36.5280438
38.8703769	40.6519363	45.2677962
40.6718025	42.5359262	47.3657044
46.45852	48.5878669	54.1048219
48.6663625	50.8969031	56.6760356
48.3981906	50.6164413	56.3637312
47.5539688	49.7335237	55.3805612
43.7801238	45.7867119	50.985605
41.62214	43.5298212	48.4724525
36.1871831	37.8457613	42.1429919
31.8867088	33.3481813	37.1347319
31.3137062	32.7489169	36.4674225
27.7521513	29.0241231	32.319695
28.3714081	29.6717625	33.0408694
27.0335044	28.2725387	31.4827694
29.4833288	30.8346469	34.3357944
32.8757106	34.3825125	38.286505
35.1232512	36.733065	40.9039563
37.7874194	39.5193406	44.0065994
36.0080606	37.6584287	41.93439
36.5684025	38.2444544	42.5869556
34.9955131	36.5994725	40.7551938
18.9637581	19.8329312	22.0848794
16.5970275	17.3577231	19.3286237
17.7409744	18.5541019	20.6608444
16.6592406	17.4227875	19.401075
16.8091425	17.5795625	19.5756475
16.91644	17.6917731	19.7006031
19.1144013	19.9904788	22.2603138
21.6370888	22.6287894	25.1981944
24.53834	25.6630125	28.5769413
26.4386888	27.6504613	30.7900588
31.6341887	33.0840887	36.84065
36.8336063	38.5218106	42.8958069
41.3628556	43.2586512	48.1704944
43.3186187	45.3040544	50.4481444
40.7822237	42.6514087	47.4943012
35.3518144	36.9721031	41.170135
32.1361806	33.6090894	37.4252637
26.3012731	27.5067481	30.6300275
22.6846212	23.72433	26.4181312
19.6406381	20.5408325	22.8731612
18.0362819	18.8629444	21.004755
17.0860056	17.8691138	19.8980787
15.56322	16.2765356	18.1246675
17.067355	17.8496075	19.8763575
17.8938094	18.7139419	20.8388338
18.9617062	19.8307825	22.0824887
18.4956344	19.3433506	21.5397069
19.5167306	20.4112475	22.7288613
18.9297681	19.7973812	22.0452937
19.1451713	20.0226569	22.2961475
11.5881794	12.1193044	13.4954013
11.0710325	11.5784556	12.8931413
11.2251694	11.7396556	13.0726462
12.3659956	12.93277	14.4012331
13.5829344	14.205485	15.81846
15.7341287	16.455275	18.323705
18.7939231	19.6553125	21.8870913
23.5875981	24.6686963	27.4697256
29.8135631	31.1800181	34.72038
41.15814	43.0445537	47.9320862
51.5390106	53.9012131	60.0214737
46.680115	48.8196187	54.3628856
35.3315856	36.9509481	41.1465781
26.70249	27.9263537	31.097275
20.6166281	21.561555	24.0097825
17.0512281	17.8327437	19.8575788
14.06091	14.7053663	16.3751025
13.0833181	13.6829706	15.236615
11.8384281	12.3810231	13.786835
11.1794781	11.69187	13.019435
11.6238075	12.1565631	13.5368931
11.8505738	12.3937244	13.8009819
11.3848694	11.9066769	13.25863
11.8648975	12.4087062	13.8176637
9.25289419	9.676985	10.7757663
9.52914456	9.96589638	11.0974825
9.99535956	10.4534794	11.6404275
10.7686956	11.2622606	12.5410425
12.5305425	13.1048581	14.5928613
14.1222813	14.7695506	16.4465731
17.8782269	18.6976444	20.8206844
23.9637813	25.06212	27.9078219
36.8164331	38.5038525	42.8758069
58.7849913	61.4792994	68.4600219
2822.88692849104	2827.17474849104	2838.28409389104
79.9122163	83.5748612	93.0644394
48.8010981	51.037815	56.8329506
27.8636475	29.1407294	32.44954
19.9832156	20.8991119	23.2721206
16.1877181	16.929655	18.8519481
13.394405	14.0083169	15.5989031
11.6699356	12.2048069	13.5906138
10.4774725	10.9576887	12.2018894
9.76729881	10.2149664	11.3748319
9.46904469	9.90304219	11.0274931
9.3918055	9.82226281	10.9375419
9.24058687	9.66411369	10.7614338
9.33888244	9.76691444	10.8759075
8.89629144	9.30403763	10.3604731
9.466976	9.900878	11.025085
10.5431438	11.0263713	12.27837
12.3461381	12.9120044	14.3781087
15.1285575	15.82195	17.6184681
22.98383	24.0372537	26.7665856
37.9474738	39.68673	44.1929975
2872.79752142652	2877.20342592652	2888.61875392652
4933.89438288521	4938.93142788521	4951.98195588521
49.7143231	51.9928925	57.8964731
27.24455	28.4932569	31.72855
17.989965	18.8145056	20.950815
13.6541337	14.2799488	15.9013756
11.0951763	11.6037025	12.9212581
9.89753406	10.3511701	11.5265025
9.08962494	9.50623231	10.5856256
8.73174894	9.13195375	10.16885
8.69712413	9.09574213	10.1285256
9.62247787	10.0635071	11.2061775
10.942467	11.4439969	12.7434169
13.4018431	14.0160937	15.6075644
18.982045	19.8520544	22.106175
29.8137356	31.1801975	34.7205825
46.3182362	48.4411525	53.9414475
35.0833219	36.6913063	40.8574544
21.2756506	22.2507856	24.7772706
14.1510069	14.799595	16.4800275
11.319815	11.8386381	13.1828681
9.59269475	10.0323582	11.1714937
9.49529419	9.93049519	11.0580619
11.5680931	12.0982956	13.4720075
14.1831006	14.8331594	16.5174031
19.73575	20.6403037	22.9839256
22.5248044	23.5571919	26.2320138
14.4682981	15.1314275	16.8495388
11.6949706	12.2309888	13.6197688
14.7366737	15.4121037	17.1620869
