#?RADIANCE
genskyvec -m 1
NROWS=146
NCOLS=1
NCOMP=3
FORMAT=ascii

0.954597019	0.998349394	1.11170787
10.9665507	11.4691842	12.7714619
11.0932772	11.6017179	12.9190459
11.4742781	12.0001814	13.3627554
12.6181337	13.1964636	14.6948675
15.5347237	16.2467338	18.0914831
20.5007344	21.44035	23.8748131
28.7279181	30.0446163	33.4560575
49.0282062	51.2753306	57.0974331
295.341859467545	299.111273167545	308.877500667545
264.967575340413	268.274998440413	276.844230340413
49.5501787	51.8212281	57.705315
28.0298569	29.3145581	32.6431056
19.0842644	19.9589594	22.2252175
15.0122931	15.7003556	17.4830681
12.4784485	13.0503773	14.5321938
11.8033324	12.344317	13.7459656
10.57931	11.0641944	12.320489
10.8712666	11.3695339	12.6604974
10.6873098	11.1771447	12.4462644
10.4460561	10.924834	12.1653054
10.8505359	11.3478506	12.6363537
10.2967948	10.7687308	11.9914758
10.4099411	10.8870634	12.1232437
10.5019997	10.9833423	12.2304537
9.940391	10.3959918	11.5764141
10.3345386	10.8082056	12.0354314
10.0492039	10.5097919	11.7031354
10.5674416	11.0517812	12.3066653
10.3223051	10.795411	12.0211853
10.6923701	11.1824379	12.4521571
9.96336356	10.4200182	11.6031675
9.78978781	10.2384863	11.4010259
10.8440309	11.3410479	12.6287787
11.8125389	12.3539488	13.7566869
14.4071775	15.0675069	16.77836
18.1263925	18.9571856	21.1096944
25.880025	27.06619	30.1394462
41.0732362	42.9557588	47.8332094
215.11910709243	218.16023529243	226.03953089243
51.6447588	54.0118081	60.1446269
37.8744806	39.6103925	44.1079888
25.063395	26.2121331	29.1884144
18.4495344	19.2951381	21.4860194
13.9243631	14.5625631	16.2160819
11.742265	12.2804538	13.6748494
10.5166501	10.9986636	12.2475156
10.6006197	11.0864823	12.3453048
9.6134315	10.0540462	11.1956429
9.49242031	9.92749	11.0547162
9.1706965	9.59101969	10.6800401
9.2084115	9.63046294	10.7239624
9.34175862	9.76992213	10.8792569
8.91341631	9.32194819	10.3804171
9.38415138	9.81425937	10.9286268
9.53778812	9.974937	11.1075505
9.63438156	10.075957	11.2200403
9.33137981	9.75906863	10.8671711
9.49733594	9.93263	11.0604399
9.42394706	9.8558775	10.9749717
9.6996	10.1441664	11.2959931
7.13986069	7.46710419	8.31496313
7.08292606	7.40755975	8.24865794
7.66960075	8.02112381	8.9318895
9.64154281	10.0834462	11.2283791
12.5832944	13.1600292	14.6542944
18.3732737	19.2153806	21.3972094
25.7496375	26.9298294	29.9875987
29.1933537	30.5313812	33.9980956
20.8782325	21.8351506	24.3144444
14.9496912	15.6348856	17.4101612
11.1023579	11.6112159	12.9296209
8.8886665	9.2960635	10.3515935
7.77125963	8.12744219	9.0502795
7.11400144	7.44005956	8.28484781
7.02761356	7.34971206	8.18424175
6.98418569	7.30429375	8.13366656
6.71057681	7.01814487	7.81502619
7.04854681	7.371605	8.20862063
6.77999506	7.09074469	7.89586981
6.47794337	6.77484906	7.54410525
6.77612469	7.08669688	7.89136237
6.86456463	7.17919044	7.99435806
6.6209035	6.92436137	7.71059419
6.95513669	7.2739135	8.09983675
5.22985881	5.46956044	6.09060681
5.49909838	5.75114019	6.40415881
5.81788994	6.084543	6.775418
6.57082494	6.87198769	7.65227375
8.38479656	8.76909963	9.76479444
9.91043356	10.3646625	11.5415269
12.03348	12.585012	14.0139906
13.1758154	13.7797061	15.344335
10.9077551	11.4076937	12.7029898
9.08500938	9.50140594	10.5802523
7.26185475	7.5946895	8.45703538
6.01281269	6.28839969	7.00242175
5.68589	5.94649312	6.62169313
5.45693456	5.70704375	6.35505525
5.31276631	5.556268	6.18715944
5.08117069	5.31405769	5.917447
5.02145731	5.25160719	5.84790563
5.025963	5.2563195	5.85315294
5.116149	5.35063888	5.95818219
5.07950638	5.31231713	5.91550875
5.1224385	5.35721663	5.96550669
5.193521	5.431557	6.04828819
5.12455806	5.3594335	5.96797525
5.3094815	5.55283244	6.18333362
4.13849625	4.32817725	4.81962419
4.3945125	4.59592769	5.11777638
4.70110838	4.916576	5.47483287
5.61293625	5.8701955	6.53673225
6.5603335	6.86101531	7.64005569
6.92885769	7.24642988	8.06923275
6.70793412	7.01538081	7.81194887
5.6780755	5.9383205	6.6125925
4.96194162	5.18936394	5.77859487
4.50651106	4.71305919	5.24820788
4.10678269	4.29501006	4.78269094
4.1192085	4.30800537	4.79716188
4.08365825	4.27082575	4.7557605
3.98678819	4.16951588	4.64294725
3.89588312	4.07444462	4.53708106
3.93055456	4.11070463	4.57745844
4.03796369	4.22303706	4.70254562
4.06982506	4.2563585	4.73965062
3.55921062	3.72234106	4.14499781
3.660476	3.82824775	4.26292963
4.20922313	4.40214569	4.90199119
4.74229713	4.95965238	5.52280075
4.45121256	4.65522644	5.18380831
3.969149	4.15106831	4.62240506
3.68589994	3.85483687	4.29253787
3.47598237	3.63529819	4.0480715
3.40844044	3.5646605	3.96941306
3.34114363	3.49427931	3.89104037
3.41525231	3.57178456	3.97734612
3.36592381	3.52019525	3.91989888
3.15557656	3.30020706	3.67493225
3.300444	3.45171425	3.84364225
3.37076831	3.52526181	3.92554081
3.26763906	3.41740581	3.80543813
3.04725288	3.1869185	3.54878012
3.05877425	3.19896788	3.56219788
3.07312213	3.21397356	3.57890706
