#?RADIANCE
genskyvec -m 1
NROWS=146
NCOLS=1
NCOMP=3
FORMAT=ascii

3.09028256	3.2319205	3.59889169
17.2881688	18.0805425	20.1335137
16.6388338	17.4014481	19.37731
16.38265	17.1335206	19.0789638
16.4773956	17.2326094	19.1892994
17.0013806	17.7806094	19.7995256
16.7620944	17.5303563	19.5208575
16.8869063	17.66089	19.6662113
16.7529944	17.5208394	19.5102588
17.456545	18.2566363	20.3296025
16.4841119	17.2396331	19.1971212
17.2786812	18.0706206	20.122465
16.7101844	17.4760675	19.4604025
16.7684125	17.536965	19.528215
17.1350181	17.9203731	19.9551581
17.6586887	18.468045	20.565015
20.1214675	21.0437006	23.4331287
21.3300781	22.3077056	24.840655
28.2634331	29.5588406	32.915125
41.5683744	43.4735913	48.4098387
56.7336856	59.3339769	66.0711081
93.0329775	97.2969931	108.344656
99.6131075	104.178723	116.007777
90.7500106	94.9093825	105.685961
59.7251288	62.4625287	69.5548944
36.9060831	38.5976094	42.9802106
27.731675	29.0027094	32.2958494
21.9369081	22.9423506	25.5473606
19.9117519	20.8243725	23.188895
17.94733	18.7699181	20.9011638
17.4581288	18.2582912	20.331445
15.57324	16.2870144	18.1363388
14.6583763	15.3302188	17.0709031
15.2865069	15.9871375	17.8024119
15.0890406	15.78062	17.572445
15.0475962	15.7372787	17.5241819
14.6428056	15.3139338	17.0527694
15.3014425	16.0027587	17.8198056
15.59406	16.3087887	18.1605844
15.3672981	16.07163	17.8965
14.2311144	14.883375	16.5733212
14.6333756	15.3040719	17.0417863
14.7174137	15.3919625	17.1396575
15.5437331	16.2561525	18.1019712
15.7648406	16.4873944	18.3594706
16.39698	17.1485088	19.0956519
18.2688269	19.1061463	21.2755725
22.0740625	23.0857894	25.7070869
27.1903025	28.4365225	31.6653744
39.6847344	41.503615	46.2161806
58.9878894	61.6915	68.6963169
351.806849663665	356.191356363665	367.551217363665
1321.41097172296	1327.83635372296	1344.48397172296
95.3765137	99.7479306	111.073887
59.1238044	61.8336425	68.8545981
39.0039712	40.7916519	45.4233769
28.800745	30.1207787	33.5408687
21.4840156	22.4686994	25.0199269
18.4015738	19.2449788	21.4301675
16.4993775	17.2555975	19.2148994
15.9117863	16.6410775	18.5306031
11.3872731	11.90919	13.2614294
10.8052161	11.3004556	12.5835744
10.6990884	11.189465	12.4599813
11.2792846	11.7962506	13.1356662
11.2376878	11.7527481	13.087225
11.2982251	11.8160594	13.1577262
11.2778531	11.7947544	13.1340006
11.3700091	11.8911356	13.2413231
10.8760615	11.3745475	12.6660812
11.3366259	11.85622	13.2024456
11.5537037	12.0832488	13.4552512
12.647725	13.2274131	14.72933
14.2516013	14.9048012	16.5971787
17.2650725	18.0563887	20.1066188
25.1170819	26.2682819	29.2509356
39.9520481	41.7831837	46.5274925
64.764195	67.7325525	75.4233087
312.061298850976	316.021850750976	326.283324350976
49.4013444	51.6655725	57.5319869
29.4873694	30.8388719	34.3405
20.7125275	21.66185	24.1214656
15.96196	16.6935487	18.5890325
12.7552875	13.3399031	14.8545963
12.024175	12.5752825	14.003155
8.78490063	9.187542	10.2307498
8.64381425	9.03998869	10.0664428
8.34239606	8.72475562	9.71541525
8.43525781	8.82187381	9.82356175
8.60418775	8.998546	10.0202932
8.53638375	8.92763437	9.94133131
8.45087888	8.83821063	9.84175325
8.61406606	9.00887675	10.0317974
8.54615013	8.93784825	9.95270469
8.77960806	9.18200688	10.2245852
9.04210919	9.45653963	10.5302905
9.47640038	9.91073575	11.0360585
10.6282358	11.115365	12.3774687
13.5081488	14.1272706	15.7313656
17.9785381	18.8025531	20.9375075
22.8317525	23.8782094	26.58948
30.8971469	32.3132644	35.9823044
34.0298631	35.5895637	39.6306131
29.1535406	30.4897438	33.9517281
21.0088494	21.971755	24.4665575
15.6179775	16.3337994	18.1884375
12.123475	12.6791337	14.1187969
10.2766209	10.7476328	11.9679838
9.62082113	10.0617751	11.2042487
7.36823194	7.70594244	8.58092056
7.09786013	7.42317825	8.26604988
6.879564	7.19487725	8.01182594
6.98820513	7.30849737	8.13834744
7.00958937	7.33086188	8.16325119
6.96700512	7.28632606	8.11365844
7.113883	7.43993581	8.28471006
7.44343038	7.78458719	8.66849525
7.83955575	8.19886844	9.12981644
9.00960544	9.42254594	10.4924363
10.2217941	10.6902933	11.9041325
13.7763169	14.4077325	16.04367
17.3776844	18.17416	20.2377625
17.2140806	18.00306	20.0472325
13.9983137	14.6399044	16.3022056
10.9418789	11.4433813	12.7427294
9.13864863	9.55750263	10.6427189
7.96067713	8.32554106	9.27087225
6.54409125	6.8440285	7.62113975
6.13472781	6.41590281	7.14440213
6.11981412	6.4003055	7.12703394
6.20760281	6.49211769	7.229271
6.25071181	6.5372025	7.27947519
6.67423431	6.98013656	7.77270244
7.5690255	7.91593894	8.81476119
8.71965806	9.11930875	10.1547692
10.5758444	11.0605703	12.3164525
10.0599541	10.521036	11.7156564
8.62137763	9.01652406	10.0403127
7.08856156	7.41345375	8.255221
6.15817244	6.44042162	7.17170538
5.84389956	6.11174475	6.80570844
5.9661295	6.23957713	6.94805544
6.54780013	6.84790719	7.62545931
7.09163806	7.41667131	8.25880381
6.97191544	7.29146138	8.11937675
6.14707262	6.42881319	7.1587785
