#?RADIANCE
genskyvec -m 1
NROWS=146
NCOLS=1
NCOMP=3
FORMAT=ascii

5.52436	5.77755988	6.433578
19.3474187	20.2341744	22.5316838
18.8899587	19.7557475	21.9989325
18.8306031	19.6936712	21.9298069
19.0076513	19.8788356	22.135995
19.26755	20.1506469	22.4386713
19.0503744	19.9235175	22.1857506
19.21535	20.0960531	22.3778769
18.8237638	19.6865169	21.9218413
19.2176831	20.0984944	22.3805962
19.0516044	19.9248019	22.1871806
19.2820431	20.1658006	22.4555475
19.1058975	19.9815831	22.2504094
19.1265956	20.00323	22.2745169
19.3685275	20.2562519	22.5562662
20.3491919	21.2818619	23.6983312
23.0545131	24.1111787	26.8489013
25.4937913	26.6622569	29.6896462
33.5084088	35.0442106	39.0233375
50.0522006	52.3462581	58.2899613
69.3795825	72.5594787	80.7983112
108.802474	113.789239	126.70955
110.775248	115.852442	129.007013
97.1546194	101.607521	113.144645
65.3306119	68.3249294	76.0829437
41.0994644	42.9831906	47.8637556
31.096455	32.5217088	36.2144162
24.87894	26.0192225	28.9736
22.1967819	23.2141337	25.8500037
20.1522587	21.0759031	23.4689869
19.4546863	20.3463581	22.6566056
15.9439837	16.6747488	18.5680988
14.9681031	15.6541412	17.431605
15.7636394	16.4861375	18.3580719
15.5268925	16.2385419	18.0823619
15.5297756	16.241555	18.08572
15.0723525	15.7631687	17.5530119
15.8330706	16.5587538	18.4389306
16.1369881	16.8765987	18.7928688
15.8348537	16.5606187	18.4410087
14.5306444	15.1966325	16.9221481
14.9679063	15.6539344	17.431375
15.0506694	15.7404888	17.5277588
15.9697563	16.7017031	18.5981137
16.3228438	17.0709738	19.0093119
17.0679525	17.8502338	19.877055
19.3213519	20.2069144	22.501325
23.8954319	24.9906381	27.8282231
30.3205381	31.7102288	35.3107956
45.6459381	47.7380425	53.1585
69.5843056	72.7735825	81.0367244
928.835201458257	934.070352458257	947.634191458257
1928.47807211847	1935.48779111847	1953.64932211847
99.4608019	104.019416	115.830395
61.2032719	64.0084206	71.2763144
40.123205	41.962185	46.7268181
29.5757938	30.9313481	34.4434788
21.9764694	22.9837206	25.5934306
18.82782	19.6907619	21.9265669
16.8433725	17.6153594	19.6155106
16.2323231	16.9763056	18.9038962
11.8732563	12.4174462	13.8273956
11.352815	11.8731519	13.2212994
11.2586756	11.7746988	13.1116688
11.7800112	12.3199269	13.7188056
11.7517469	12.2903669	13.6858881
11.8003331	12.3411825	13.7424719
11.775795	12.3155187	13.7138944
11.8456388	12.3885631	13.7952325
11.4225381	11.9460706	13.3024962
11.8688762	12.4128687	13.8222987
12.1688431	12.7265812	14.1716313
13.4606931	14.07764	15.6760987
15.5592456	16.2723769	18.12004
19.5843981	20.4820144	22.8076644
29.6503731	31.0093475	34.5303313
49.1892388	51.443745	57.2849713
83.8273187	87.6694025	97.6238987
850.163077385522	855.013624385522	867.580987385522
55.2136888	57.7443163	64.3009462
32.4508944	33.9382256	37.7917719
22.0956669	23.1083844	25.7322462
16.7956381	17.5654394	19.5599231
13.4436631	14.05983	15.6562656
12.5484338	13.1235719	14.6136994
9.84268331	10.2938061	11.4626262
9.64495956	10.08702	11.2323594
9.37619975	9.80594225	10.9193669
9.43578106	9.86825444	10.9887537
9.56677031	10.0052469	11.1413012
9.51392419	9.94997869	11.0797581
9.44881331	9.881883	11.0039312
9.59027656	10.0298296	11.1686744
9.57777894	10.0167604	11.1541219
9.83711844	10.2879848	11.4561438
10.2464874	10.7161169	11.9328887
11.0090175	11.5135962	12.8209187
12.4798031	13.0517931	14.5337706
16.3412813	17.0902556	19.0307837
22.5911	23.6265244	26.3092194
29.8368238	31.2043431	34.7474688
41.2835206	43.1756806	48.0781031
44.5080513	46.5480025	51.8333375
35.9530706	37.6009181	41.8703481
24.9078556	26.0494662	29.007275
18.0020519	18.8271444	20.96489
13.6924306	14.3199987	15.9459775
11.5598075	12.0896319	13.46236
10.6858006	11.1755669	12.4445056
8.91326956	9.321794	10.380245
8.53832013	8.92965944	9.94358513
8.31605413	8.6972065	9.684739
8.3633355	8.74665481	9.73980125
8.38144956	8.76559919	9.7608975
8.38482719	8.76913156	9.76483025
8.55986369	8.95219063	9.96867531
9.01862	9.43197369	10.5029359
9.65605706	10.0986266	11.245285
11.3489169	11.869075	13.2167606
13.4109006	14.0255688	15.6181113
18.5468381	19.3969006	21.5993394
23.8285963	24.9207406	27.7503875
23.1895869	24.2524425	27.0062075
18.3145625	19.1539806	21.328835
13.8220825	14.4555956	16.0969688
11.1977352	11.7109644	13.0406962
9.65812087	10.1007841	11.2476869
8.40675275	8.79206206	9.79036481
7.94076756	8.30471913	9.24768563
7.83369744	8.19274163	9.12299394
7.90349344	8.26573669	9.20427731
8.07400756	8.44406594	9.40285494
8.77031106	9.17228337	10.213759
10.1303193	10.5946252	11.7976019
12.0052694	12.5555131	13.9811394
14.8129556	15.4918825	17.2509231
13.8896938	14.526305	16.1757081
11.4319838	11.9559481	13.3134994
9.30782806	9.73443644	10.8397425
8.38322844	8.76745987	9.762969
7.94360869	8.3076905	9.25099481
8.14926056	8.52276825	9.49049369
9.05022119	9.46502375	10.5397386
9.9854245	10.4430898	11.62886
9.67087156	10.1141193	11.2625356
8.55850431	8.95076875	9.96709156
