#?RADIANCE
genskyvec -m 1
NROWS=146
NCOLS=1
NCOMP=3
FORMAT=ascii

1.32340937	1.38406563	1.54122044
15.4736769	16.1828863	18.0203875
14.7723319	15.4493962	17.2036131
14.6599381	15.3318506	17.07272
15.0003556	15.68787	17.4691625
15.9433956	16.6741337	18.5674163
15.9631156	16.6947569	18.5903794
16.1361419	16.8757156	18.7918844
16.060295	16.7963906	18.7035519
16.7347094	17.5017162	19.4889644
15.1396213	15.8335188	17.6313506
15.8132963	16.5380738	18.4159031
14.8226594	15.5020306	17.2622225
14.7391806	15.4147262	17.165005
15.1983769	15.8949688	17.6997775
15.823125	16.5483494	18.4273469
18.6917981	19.548505	21.7681594
19.8922644	20.8039931	23.1662006
26.7292863	27.954375	31.1284825
37.7370412	39.466655	43.9479312
49.0831763	51.3328213	57.1614512
76.7433681	80.2607731	89.3740469
193.043550896789	197.142347196789	207.761950796789
87.6136856	91.6293125	102.03344
61.0763569	63.87569	71.1285137
39.287725	41.0884125	45.7538344
29.5931131	30.9494625	34.4636475
22.6304794	23.6677088	26.3550825
19.7070956	20.6103369	22.9505569
16.9161062	17.6914269	19.7002144
15.9156881	16.6451569	18.5351475
14.7122756	15.3865881	17.1336712
13.8224637	14.4559937	16.0974119
14.434275	15.0958444	16.8099156
14.5004644	15.1650681	16.8869981
14.71418	15.3885788	17.1358887
14.4943481	15.1586725	16.8798775
15.212505	15.9097437	17.7162306
15.4966825	16.2069456	18.04718
15.1238331	15.81701	17.612965
13.8258263	14.4595094	16.1013275
13.975355	14.6158906	16.2754656
13.8655806	14.501085	16.1476237
14.5203887	15.1859044	16.9102037
14.7753169	15.4525181	17.2070875
15.6430131	16.3599838	18.2175925
17.8402806	18.65796	20.776495
21.6913656	22.6855544	25.2614056
26.2487156	27.4517806	30.5688162
35.9007	37.5461475	41.80936
48.320785	50.5354856	56.2735831
69.7788525	72.9770456	81.2632906
351.00656789458	355.63967389458	367.64363789458
192.927230502379	196.720443702379	206.548353702379
58.912205	61.6123444	68.6081738
41.8796219	43.7991025	48.7723125
31.791325	33.2484262	37.0236481
23.4301212	24.5040019	27.28633
19.2563406	20.1389212	22.4256125
16.5219513	17.2792075	19.24119
15.3860681	16.0912619	17.9183581
10.5585157	11.0424467	12.2962719
9.86787787	10.3201554	11.4919669
9.80210519	10.2513688	11.4153694
10.6078204	11.0940133	12.3536925
10.6896104	11.1795499	12.4489431
10.8157284	11.3114492	12.5958181
10.7381978	11.2303645	12.505525
10.7074624	11.1982212	12.4697331
9.99612369	10.4542791	11.64132
10.3726331	10.8480447	12.079795
10.5755154	11.0602277	12.3160706
11.8267681	12.3688269	13.7732575
13.5336344	14.1539244	15.7610456
16.228605	16.972415	18.8995637
22.4296119	23.4576356	26.1211525
32.0344956	33.5027419	37.3068413
44.622535	46.6677337	51.9666644
58.8783581	61.5769481	68.5687581
42.73282	44.6914063	49.7659325
28.4577819	29.7620956	33.1414612
21.5673294	22.5558306	25.1169513
16.6944606	17.4596225	19.4420906
12.6700194	13.2507256	14.7552925
11.5262002	12.0544834	13.4232213
7.52079888	7.865502	8.75859725
7.33064306	7.66663069	8.53714537
6.992355	7.31283744	8.14318019
7.15149869	7.47927556	8.32851681
7.42140044	7.76154769	8.64283994
7.3520685	7.68903794	8.56209662
7.21426025	7.54491356	8.40160787
7.35975625	7.69707812	8.57104963
7.18691931	7.51631969	8.36976694
7.4039195	7.74326569	8.62248144
7.64902531	7.9996055	8.90792837
8.02814644	8.39610294	9.34944594
9.18889931	9.61005663	10.7012395
11.7067007	12.2432569	13.6334294
14.9446069	15.6295681	17.4042413
17.6839231	18.4944362	20.594405
22.2703613	23.2910856	25.9356944
24.7042944	25.8365737	28.7702131
23.4589044	24.5341031	27.3198506
18.6027963	19.4554244	21.6645081
14.6653306	15.3374906	17.0789988
11.4946658	12.0215051	13.3864975
9.41441506	9.84590844	10.9638716
8.62052994	9.01563706	10.0393263
5.68442363	5.94495956	6.61998538
5.38744625	5.63437062	6.2741305
5.13920012	5.37474675	5.98502719
5.31124731	5.55467906	6.18539025
5.34181331	5.58664613	6.220987
5.24435356	5.4847195	6.107487
5.37599788	5.62239762	6.26079775
5.67761525	5.93783906	6.61205637
6.01407487	6.28971981	7.00389169
7.03873656	7.36134506	8.19719562
7.7681185	8.12415688	9.04662175
10.2990165	10.7710534	11.9940635
12.5553418	13.1307944	14.6217419
12.6644456	13.2448975	14.7488031
10.7991161	11.2940748	12.5764719
8.86691594	9.27331638	10.3262636
7.52249669	7.86727775	8.76057425
6.3484325	6.63940219	7.393279
4.54776713	4.75620631	5.29625394
4.09024206	4.27771131	4.76342794
4.12017006	4.30901106	4.79828169
4.22587656	4.41956231	4.9213855
4.19682181	4.389176	4.88754894
4.52194981	4.72920569	5.26618775
5.24097725	5.48118869	6.10355525
5.99319137	6.267879	6.97957106
7.24449462	7.57653381	8.43681831
6.99176281	7.31221837	8.14249088
6.26898494	6.55631331	7.30075587
4.96484163	5.19239662	5.781972
3.86258956	4.039625	4.49830775
3.57731294	3.74127313	4.16607937
3.66092881	3.82872119	4.26345706
4.11118206	4.29961125	4.78781431
4.44149131	4.64505969	5.17248719
4.45636731	4.66061744	5.18981144
3.71824731	3.88866694	4.33020913
