#?RADIANCE
genskyvec -m 1
NROWS=146
NCOLS=1
NCOMP=3
FORMAT=ascii

24.4999631	25.6228794	28.53225
31.1078563	32.5336306	36.2276931
33.6251138	35.166265	39.15925
34.9928581	36.596695	40.7521012
35.02952	36.6350394	40.7947981
31.7848844	33.2416919	37.0161494
30.2281456	31.6136019	35.2031944
28.6826794	29.9973006	33.4033719
25.8631981	27.0485931	30.1198512
23.3835587	24.4553025	27.2321044
27.2282369	28.4761956	31.7095531
25.2883781	26.4474269	29.450425
28.8324312	30.1539169	33.5777725
31.0295975	32.4517875	36.1365544
32.9030975	34.4111575	38.3184031
37.1424325	38.8447919	43.2554588
40.1165219	41.9551956	46.7190362
43.3958075	45.3847813	50.5380369
43.7705987	45.77675	50.9745137
42.7138181	44.6715325	49.7438019
41.7734619	43.6880762	48.6486781
37.1246956	38.8262444	43.2348037
34.3624219	35.9373625	40.017905
30.1620231	31.5444488	35.1261913
28.4859244	29.7915275	33.1742331
27.3404106	28.5935131	31.8401875
26.6338806	27.8545975	31.0173744
27.625035	28.89118	32.1716562
26.7381438	27.96364	31.1387981
28.3916269	29.6929081	33.0644187
29.5171381	30.8700069	34.3751681
17.4925287	18.2942681	20.3715106
16.3143363	17.0620781	18.9994062
18.4286881	19.2733356	21.4617437
17.6076506	18.4146687	20.5055769
17.0530913	17.8346913	19.8597475
15.5207875	16.2321562	18.0752513
16.322475	17.0705888	19.0088837
16.2861387	17.0325863	18.9665663
15.7164431	16.4367806	18.3031081
14.6669313	15.3391675	17.0808656
16.3909519	17.1422025	19.0886306
18.1515425	18.9834887	21.1389856
21.3835819	22.3636638	24.9029662
24.3842137	25.5018219	28.3974494
27.4294481	28.6866306	31.9438794
32.0758881	33.5460331	37.3550475
36.3855188	38.0531894	42.3739719
38.5026294	40.2673313	44.8395237
36.8466225	38.5354244	42.9109638
32.8005962	34.3039556	38.1990294
28.7081006	30.0238894	33.4329775
24.929615	26.0722225	29.0326169
20.7618662	21.7134538	24.1789275
19.3200219	20.2055206	22.4997769
17.5935206	18.3998906	20.4891225
16.6979362	17.4632594	19.4461406
15.3057931	16.0073075	17.8248706
15.6285994	16.3449112	18.2008081
15.5539794	16.2668706	18.1139075
16.4511919	17.2052056	19.1587869
10.6929205	11.1830123	12.4527969
10.3124302	10.785083	12.0096862
10.3508469	10.8252599	12.0544237
10.9940419	11.4979368	12.8034788
10.7632992	11.2566163	12.5347613
10.7797327	11.2738025	12.5538969
11.1102994	11.6195219	12.9388706
12.0705687	12.6238019	14.0571838
13.0546163	13.6529544	15.2031925
15.7251437	16.4458775	18.31324
18.7108856	19.5684688	21.7903881
24.7969219	25.9334469	28.8780825
33.6907644	35.2349244	39.2357044
44.0968788	46.1179831	51.3544912
45.2756706	47.3508031	52.727295
36.0512738	37.7036225	41.984715
25.5146137	26.68403	29.7138938
20.7540906	21.7053206	24.1698712
16.3366	17.0853606	19.0253325
13.7659581	14.3968987	16.0316062
12.2600456	12.8219644	14.2778462
11.2838975	11.8010763	13.14104
10.4039177	10.8807637	12.11623
10.6157044	11.1022581	12.3628725
8.45467731	8.84218313	9.84617725
8.43367325	8.82021619	9.82171588
8.30678394	8.68751119	9.67394219
8.41844763	8.80429294	9.80398444
8.7231365	9.12294662	10.1588187
8.9289235	9.3381655	10.3984761
9.64002294	10.0818576	11.2266106
10.8017219	11.2968019	12.5795069
12.5092519	13.0825938	14.5680694
14.7893187	15.4671625	17.223395
18.9346369	19.8024756	22.0509638
27.7470294	29.0187669	32.3137281
40.3719838	42.2223656	47.0165431
70.8782194	74.1267988	82.5435956
2543.96581978716	2547.46921598716	2556.54621288716
52.0443987	54.429765	60.6100419
30.4478144	31.8433381	35.4590181
20.8245969	21.7790588	24.25198
15.6804375	16.3991256	18.2611788
12.8983456	13.4895181	15.0211975
11.1711056	11.6831144	13.0096844
9.91535737	10.3698105	11.54726
9.14440562	9.56352363	10.6494212
8.81651806	9.22060806	10.2675685
8.16174488	8.53582469	9.50503288
7.94171475	8.30570981	9.248789
7.9958885	8.36236644	9.31187894
8.298756	8.67911562	9.66459394
8.92325131	9.33223344	10.3918709
10.4439805	10.9226625	12.1628863
12.3146656	12.8790875	14.3414569
16.8956819	17.6700669	19.6764306
24.3584831	25.4749113	28.3674831
49.5886669	51.86148	57.7501369
5488.35110710568	5492.46168390568	5503.11183320567
2566.24072320965	2569.74123010965	2578.81071450965
34.55967	36.143655	40.2476175
18.76117	19.6210569	21.8489475
13.8370875	14.4712856	16.1144413
11.0709625	11.5783812	12.8930588
9.47900994	9.91346425	11.0390956
8.61945056	9.01450863	10.0380687
8.63948375	9.03546006	10.0613997
8.67700513	9.07470113	10.1050964
9.02609044	9.43978563	10.5116349
10.225218	10.6938729	11.9081175
12.7637256	13.3487287	14.8644213
19.6857706	20.5880338	22.9257219
35.3734275	36.9947088	41.1953069
44.48967	46.5287775	51.8119306
28.1074931	29.39575	32.73352
16.2282881	16.9720844	18.8991956
11.2414156	11.7566469	13.0915656
9.67250081	10.1158233	11.2644338
10.4163809	10.8937964	12.1307438
10.8069412	11.3022594	12.5855856
13.3556619	13.967795	15.5537813
19.1237312	20.0002363	22.27118
16.6865263	17.4513244	19.4328525
12.628845	13.2076669	14.7073444
13.065055	13.6638725	15.2153481
