#?RADIANCE
genskyvec -m 1
NROWS=146
NCOLS=1
NCOMP=3
FORMAT=ascii

0.4795542	0.501533769	0.558480844
6.59652325	6.89886375	7.68220131
6.82580431	7.13865369	7.94921881
7.29862531	7.63314531	8.49985775
8.38996488	8.7745045	9.77081362
10.7691898	11.2627783	12.5416201
14.3924437	15.0520969	16.7612013
19.6852187	20.5874581	22.9250794
30.7230837	32.1312238	35.7795931
142.428091238342	144.486591838342	149.819987438342
75.8052588371173	77.4850751371173	81.8373382371173
26.0444175	27.2381206	30.3308944
16.4191788	17.1717256	19.1215044
11.7753212	12.3150219	13.7133425
9.39025456	9.82063937	10.9357324
7.72099975	8.07487862	8.99174744
7.14755219	7.475148	8.3239205
6.31169244	6.60097812	7.35049231
6.47442056	6.77116462	7.54000281
6.46001256	6.75609631	7.52322337
6.45090981	6.74657638	7.51262238
6.89640769	7.21249287	8.03144188
6.69788213	7.00486831	7.80024225
6.88960181	7.20537512	8.023516
7.02891269	7.351071	8.18575519
6.63498819	6.93909144	7.72699694
6.7999635	7.11162831	7.91912444
6.470983	6.76756944	7.53599938
6.62142263	6.92490425	7.71119869
6.32570475	6.61563256	7.36681062
6.44490737	6.74029881	7.50563219
6.03086906	6.30728356	7.02344981
6.03736881	6.31408131	7.03101956
6.89052731	7.20634306	8.02459388
7.81774425	8.17605763	9.10441456
9.84837275	10.2997562	11.4692514
12.2952406	12.8587706	14.3188325
16.9371744	17.7134612	19.7247506
24.4119506	25.5308306	28.4297506
61.1515279898767	62.6123272898767	66.3971360898767
24.0636919	25.16661	28.0241763
19.27414	20.1575375	22.4463444
14.1098263	14.7565263	16.4320694
11.1189876	11.6286069	12.9489881
8.63143869	9.02704613	10.0520291
7.25953331	7.59226175	8.45433181
6.39035888	6.68325038	7.442106
6.35596669	6.6472815	7.40205325
5.75447856	6.01822519	6.70157
5.74420969	6.00748606	6.68961138
5.65406225	5.91320675	6.584627
5.809241	6.07549756	6.76534544
6.03822662	6.31497831	7.03201844
5.8611595	6.12979581	6.82580906
6.23296613	6.51864331	7.25880856
6.32137262	6.61110188	7.36176569
6.317183	6.6067205	7.35688644
5.98389962	6.25816156	6.96875025
5.944204	6.21664663	6.92252119
5.77532538	6.04002756	6.725848
5.86939225	6.13840594	6.83539681
4.39048788	4.5917185	5.11308938
4.43639906	4.63973394	5.16655669
4.97593906	5.20400275	5.79489594
6.47563919	6.77243919	7.54142175
8.39768575	8.78257994	9.77980488
11.4333979	11.9574278	13.3151444
14.2962994	14.951545	16.6492337
14.8902259	15.5726931	17.3409094
11.2751114	11.7918866	13.1308075
8.75240675	9.15355806	10.1929073
6.82471006	7.13750887	7.94794381
5.52437825	5.77757888	6.43359919
4.76741838	4.98592475	5.55205625
4.31860031	4.51653594	5.02937006
4.26872331	4.464373	4.97128431
4.30794825	4.50539569	5.01696487
4.25043569	4.44524731	4.94998656
4.55408975	4.76281875	5.3036175
4.446506	4.65030406	5.178327
4.24568494	4.44027856	4.94445413
4.39617944	4.59767112	5.11971781
4.37094481	4.57127956	5.09032975
4.11778544	4.30651706	4.7955045
4.262627	4.45799719	4.96418456
3.27322581	3.42324856	3.81194425
3.49681919	3.65708994	4.07233756
3.81423613	3.98905506	4.441996
4.38125537	4.58206281	5.10233731
5.57270163	5.82811694	6.48987569
6.39345962	6.68649288	7.44571688
7.26712281	7.60019938	8.46317056
7.64082644	7.99103019	8.89837894
6.47098444	6.767571	7.53600081
5.5712685	5.826618	6.48820669
4.56718788	4.77651712	5.31887113
3.79630763	3.97030494	4.42111681
3.55499025	3.71792706	4.14008256
3.36763894	3.52198894	3.92189656
3.2760175	3.42616825	3.81519556
3.16427831	3.30930756	3.68506588
3.17687737	3.32248413	3.69973856
3.22681725	3.374713	3.75789775
3.32234194	3.47461588	3.86914431
3.30175775	3.45308819	3.84517206
3.3054635	3.45696394	3.849488
3.29932319	3.45054194	3.84233694
3.21294138	3.36020088	3.74173794
3.29960812	3.45083994	3.84266875
2.63975213	2.76074081	3.07421163
2.85617913	2.98708719	3.32625875
3.122316	3.26542194	3.63619738
3.74866313	3.92047681	4.36563075
4.29216856	4.48889288	4.99858831
4.41104869	4.6132215	5.13703387
4.24480538	4.43935869	4.94342975
3.63714475	3.80384694	4.23575831
3.18456069	3.33051962	3.7086865
2.86044019	2.99154356	3.33122119
2.5954565	2.71441488	3.02262569
2.5943895	2.713299	3.02138306
2.59334225	2.71220375	3.02016344
2.56555262	2.68314037	2.98779994
2.51727931	2.63265469	2.93158169
2.52874413	2.64464475	2.94493356
2.57394688	2.69191944	2.99757587
2.57925131	2.69746694	3.00375331
2.31072644	2.4166345	2.69103356
2.42231925	2.53334219	2.82099269
2.81745	2.946583	3.2811555
3.14151106	3.285497	3.65855175
2.93347756	3.06792831	3.41627906
2.598557	2.71765731	3.02623606
2.38455356	2.49384563	2.77701156
2.23358356	2.33595606	2.60119437
2.19018169	2.29056506	2.55064944
2.15968494	2.25867056	2.51513325
2.20381325	2.30482137	2.56652444
2.17314644	2.27274894	2.53081025
2.07751494	2.17273444	2.4194395
2.19872594	2.29950081	2.56059969
2.24159781	2.34433763	2.6105275
2.14871506	2.24719781	2.50235794
1.99212925	2.08343512	2.32000069
1.99685256	2.08837506	2.32550144
2.03154719	2.12465975	2.36590606
