#?RADIANCE
genskyvec -m 1
NROWS=146
NCOLS=1
NCOMP=3
FORMAT=ascii

22.8449275	23.8919869	26.6048237
32.5040156	33.9937812	37.8536369
30.814565	32.2268994	35.8861312
29.9467075	31.3192631	34.8754375
28.6817856	29.9963681	33.4023312
26.4720362	27.6853369	30.8288937
27.3060275	28.5575544	31.8001469
28.7545388	30.072455	33.4870575
30.9301237	32.3477531	36.0207088
33.15237	34.6718525	38.6087
41.1023512	42.9862081	47.8671156
43.5118625	45.5061544	50.6731931
48.9384113	51.1814206	56.9928619
49.9028475	52.1900613	58.1160269
47.8924469	50.0875169	55.7747488
45.2326812	47.3058444	52.67723
40.3033837	42.1506231	46.9366531
37.9516712	39.6911213	44.197885
32.5400444	34.0314638	37.8955956
28.7874894	30.1069163	33.5254306
28.8380994	30.1598456	33.5843731
26.125745	27.3231725	30.4256069
27.57132	28.8350037	32.1090988
26.8945819	28.1272481	31.3209831
30.0407781	31.417645	34.98499
33.747305	35.2940538	39.30155
35.9966181	37.6464631	41.9210631
38.2745131	40.0287606	44.5738631
35.9189612	37.5652475	41.8306281
35.858295	37.5017994	41.7599744
33.6265388	35.1677544	39.1609087
18.0606156	18.8883956	21.0330931
15.7171956	16.4375656	18.3039838
16.7633781	17.5317	19.5223512
15.9524431	16.6835963	18.5779506
16.5243606	17.2817275	19.2439981
17.1044112	17.8883625	19.9195125
19.6906562	20.5931444	22.9314106
22.7630394	23.8063444	26.5094556
26.3605394	27.5687294	30.6990456
29.183825	30.5214162	33.9869994
35.6250125	37.2578244	41.4882975
41.7148256	43.6267525	48.5803894
44.5858087	46.6293219	51.9238913
43.2570556	45.2396694	50.3764475
37.86883	39.6044831	44.1014106
31.1714538	32.6001444	36.3017569
28.1692075	29.4602956	32.8053912
22.7473381	23.7899237	26.4911725
19.7452412	20.65023	22.9949794
17.256395	18.0473125	20.09651
16.22226	16.9657781	18.892175
15.913355	16.6427169	18.5324294
14.9187488	15.6025244	17.3741281
16.9733663	17.7513106	19.7669
18.1049256	18.9347331	21.0846944
19.2779812	20.1615544	22.4508162
18.6577306	19.5128744	21.7284825
19.4531537	20.3447569	22.6548212
18.5723988	19.4236338	21.6291075
18.5029063	19.3509581	21.5481788
11.1171879	11.6267231	12.9468919
10.6354821	11.12294	12.3859069
10.9017506	11.4014137	12.6959981
12.25875	12.8206088	14.2763381
13.8296044	14.4634613	16.1057269
16.4477787	17.2016337	19.15481
20.24194	21.169695	23.5734281
26.689985	27.913275	31.0827119
36.2565531	37.9183113	42.2237806
51.333245	53.6860187	59.7818462
57.4898763	60.1248269	66.9517538
41.48284	43.3841337	48.3102256
28.9523025	30.2792831	33.7173706
21.7907425	22.7894837	25.3771369
17.2749875	18.0667575	20.118165
14.5626544	15.23011	16.9594244
12.297835	12.8614844	14.3218538
11.8307381	12.3729794	13.77788
11.1045096	11.6134669	12.9321281
10.7089672	11.199795	12.471485
11.4012196	11.9237744	13.2776694
11.6763295	12.211495	13.5980594
11.1041997	11.6131419	12.9317663
11.4876503	12.0141681	13.3783269
8.86129956	9.26744244	10.3197223
9.18551975	9.60652206	10.6973031
9.76987337	10.2176599	11.3778319
10.6811812	11.1707337	12.4391262
12.7297062	13.3131506	14.8248025
14.6051281	15.2745306	17.00889
19.3376156	20.2239237	22.5202669
28.0746025	29.361355	32.6952163
48.90669	51.148245	56.9559188
2865.81774106458	2869.73311986458	2879.87758166458
3643.71246177868	3648.34980377868	3660.36476677868
55.6526831	58.20343	64.8121894
34.0090106	35.5677556	39.6063281
21.1629231	22.1328906	24.6459894
16.0889825	16.8263956	18.7369637
13.4120894	14.02681	15.6194969
11.3911531	11.9132463	13.2659475
10.1684562	10.6345106	11.8420156
9.42402425	9.85595869	10.9750637
9.01531562	9.42851769	10.4990873
8.92363875	9.33263844	10.3923219
8.96565737	9.37658325	10.4412554
8.83105837	9.23581481	10.2845043
8.94401219	9.3539455	10.4160478
8.41282881	8.79841662	9.79744044
9.08469275	9.501074	10.5798819
10.2742083	10.7451094	11.9651737
12.3218625	12.8866144	14.3498369
15.5446981	16.2571638	18.1030975
25.3688363	26.5315737	29.5441275
45.38007	47.4599894	52.8488769
3868.56836007725	3873.30314407725	3885.57048907725
69.5521887	72.7399869	80.9993231
31.9359044	33.3996331	37.1920256
19.728895	20.633135	22.9759425
14.3152419	14.9713587	16.6712944
11.4232112	11.9467744	13.3032819
9.59294713	10.0326241	11.1717875
8.76225425	9.16385738	10.2043763
8.25393244	8.63223731	9.6123925
8.09298025	8.46390831	9.4249505
8.14609013	8.51945238	9.4868015
8.9865445	9.3984275	10.4655807
10.3543898	10.8289667	12.0585506
13.0032956	13.5992794	15.1434219
19.0990212	19.9743931	22.2424025
28.8363162	30.1579787	33.5822944
35.92548	37.5720606	41.8382156
24.6729819	25.8038269	28.7337456
16.2859687	17.0324075	18.9663694
11.7457669	12.2841125	13.6789231
9.78816813	10.2367908	11.3991375
8.59731219	8.99135556	10.0122871
8.66917069	9.06650738	10.0959718
10.5168563	10.99888	12.2477575
12.97876	13.5736194	15.1148475
17.3638688	18.1597119	20.2216725
18.1999825	19.0341475	21.1953975
12.2807425	12.8436088	14.3019463
10.3045302	10.7768205	12.0004837
12.9225025	13.5147825	15.0493319
