#?RADIANCE
genskyvec -m 1
NROWS=146
NCOLS=1
NCOMP=3
FORMAT=ascii

19.9458638	20.86005	23.2286213
29.3725544	30.7187937	34.2067888
31.4586919	32.9005469	36.6362687
32.9716681	34.4828675	38.3982556
33.83882	35.389765	39.4081262
32.4795169	33.96816	37.8251069
31.8608563	33.3211444	37.104625
31.133815	32.5607806	36.2579237
28.7448106	30.0622812	33.47573
26.7379087	27.963395	31.1385237
29.226775	30.566335	34.0370187
26.9127944	28.1462963	31.342195
28.8292381	30.1505769	33.5740506
29.954765	31.32769	34.8848206
31.4917294	32.9350981	36.6747456
35.9956906	37.6454912	41.9199844
41.6875531	43.5982306	48.5486312
47.3886206	49.5605987	55.1880019
55.2308469	57.76226	64.3209281
62.134405	64.98223	72.3606956
62.0283569	64.8713206	72.2371938
58.502395	61.1837525	68.1309169
50.1330525	52.430815	58.38412
42.9635144	44.932675	50.034595
37.7857044	39.5175462	44.0046031
32.909705	34.4180637	38.326095
30.4556869	31.85157	35.468185
29.2262512	30.5657863	34.036405
27.5131525	28.7741675	32.0413581
27.6952125	28.9645756	32.2533844
28.154315	29.4447206	32.7880469
18.8455844	19.7093406	21.9472562
17.8804144	18.6999331	20.823235
20.0186775	20.9362013	23.3134213
19.7167006	20.6203831	22.9617425
19.6739975	20.5757219	22.91201
18.4572312	19.3031875	21.4949856
19.5312831	20.4264656	22.7458081
19.5301106	20.4252394	22.7444412
18.4805919	19.3276181	21.52219
16.3958219	17.1472981	19.0943044
17.4000406	18.1975425	20.2637994
18.3153488	19.1548031	21.3297506
20.9611006	21.9218175	24.41095
23.69473	24.7807369	27.5944888
27.2804919	28.5308456	31.7704062
34.3529456	35.9274556	40.0068688
43.3160644	45.3013831	50.4451688
54.694755	57.2015975	63.696605
64.855305	67.8278375	75.5294112
66.1092725	69.1392794	76.9897619
58.1513381	60.8166056	67.7220806
46.0705612	48.182125	53.65301
35.1515331	36.7626437	40.93689
29.142635	30.4783394	33.93903
24.6555975	25.785645	28.7134987
22.0754944	23.0872862	25.7087531
19.1872788	20.066695	22.3451844
18.4603381	19.3064363	21.4986037
17.6854013	18.4959812	20.596125
18.0988869	18.9284181	21.0776612
12.5604212	13.1361063	14.6276575
12.1614837	12.7188831	14.1630612
12.2825531	12.8455031	14.3040581
13.1442437	13.7466888	15.3075694
12.9809469	13.5759069	15.1173969
12.8647731	13.4544081	14.9821006
12.76401	13.3490262	14.8647512
13.0456437	13.6435694	15.19274
13.1685544	13.7721125	15.33588
15.0640612	15.7544975	17.543355
17.4803463	18.2815275	20.35732
23.339865	24.4096081	27.18122
32.8022256	34.30566	38.2009269
48.8033306	51.0401494	56.8355488
72.70857	76.0410444	84.6751919
83.3204325	87.139285	97.0335988
61.5481581	64.3691138	71.6779631
42.7046969	44.661995	49.7331825
27.8819588	29.15988	32.4708656
20.9201812	21.8790219	24.3632956
16.9262569	17.7020419	19.7120356
14.6861837	15.3593019	17.1032875
12.926605	13.5190738	15.0541094
12.7087325	13.2912162	14.8003788
10.1707118	10.63687	11.8446413
10.0667859	10.5281811	11.7236131
9.86010887	10.3120302	11.4829194
9.95605869	10.4123766	11.59466
10.1477183	10.6128205	11.8178637
10.128529	10.5927524	11.7955156
10.3031489	10.7753769	11.9988769
10.9431725	11.4447331	12.7442362
11.932735	12.4796531	13.8966669
13.6062094	14.2298275	15.8455669
16.7629712	17.5312731	19.5218775
22.5167237	23.5487394	26.2226019
30.4944456	31.8921069	35.5133262
52.744875	55.1623463	61.4258044
2179.27645594216	2183.43606654216	2194.21325534216
5288.99329185675	5294.57372985675	5309.03219185675
77.5028912	81.0551038	90.2585869
45.9458644	48.0517156	53.5077906
28.382455	29.6833188	33.0537363
19.9771437	20.8927625	23.2650506
15.6380106	16.3547512	18.2117656
12.9421888	13.5353731	15.0722575
11.4699	11.9956038	13.3576556
10.804235	11.2994275	12.5824313
9.64075081	10.0826191	11.2274588
9.19268531	9.6140165	10.7056494
9.01875231	9.43211125	10.50309
9.11692844	9.53478719	10.6174238
9.39270462	9.82320294	10.9385875
10.2286804	10.6974944	11.9121519
11.5240019	12.0521856	13.42066
14.8294463	15.5091275	17.2701244
19.4338956	20.3246138	22.6323919
30.885415	32.3009956	35.9686413
46.6716525	48.8107681	54.35303
2155.12103915356	2158.75833225356	2168.18223595355
67.9317425	71.0452762	79.1121762
34.2740869	35.8449831	39.9150344
21.767395	22.7650637	25.349945
15.2526937	15.9517744	17.7630337
12.0401025	12.5919388	14.0217025
10.4575599	10.9368644	12.1787
9.86221375	10.3142316	11.48537
9.45926169	9.89281112	11.0160988
9.41682906	9.84843319	10.9666844
10.1115266	10.5749721	11.7757162
12.0040544	12.5542425	13.9797244
16.8671	17.640175	19.643145
25.561425	26.7329887	29.7684119
34.9523506	36.5543312	40.7049262
37.0243969	38.7213475	43.1179988
23.38098	24.4526069	27.2291013
14.750865	15.4269456	17.1786119
11.5792369	12.1099512	13.4849875
11.6043381	12.136205	13.5142194
11.2825544	11.7996713	13.1394744
13.2440413	13.85106	15.4237919
18.1538325	18.9858838	21.1416525
18.9578356	19.8267356	22.0779806
15.1154163	15.8082075	17.6031625
14.0083356	14.6503844	16.3138756
