#?RADIANCE
genskyvec -m 1
NROWS=146
NCOLS=1
NCOMP=3
FORMAT=ascii

24.4354525	25.5554094	28.4571213
31.3167656	32.7521156	36.4709856
34.00083	35.5591994	39.5968
35.4990875	37.1261275	41.3416494
35.65418	37.2883294	41.5222669
32.4418788	33.9287981	37.7812737
30.8984175	32.3145938	35.983785
29.3001331	30.6430531	34.1224469
26.3389706	27.5461725	30.6739263
23.70737	24.7939556	27.6092069
27.4908688	28.7508675	32.0154112
25.3584756	26.5207375	29.5320588
28.8322212	30.153695	33.5775244
30.9710563	32.3905625	36.0683781
32.8389775	34.3440969	38.2437269
37.1826775	38.8868825	43.3023287
40.3179088	42.1658112	46.9535669
43.8824	45.8936744	51.1047131
44.5775375	46.6206762	51.9142606
43.855145	45.8651712	51.0729725
42.9761531	44.945895	50.0493169
38.2688956	40.0228844	44.5673194
35.3423381	36.9621931	41.1590988
30.9707856	32.3902806	36.0680625
29.1418463	30.4775144	33.9381106
27.7818856	29.05522	32.3543231
26.9128281	28.1463331	31.3422331
27.7828294	29.0562094	32.3554231
26.8246075	28.0540681	31.2394919
28.4689419	29.7737681	33.1544575
29.6503744	31.0093506	34.5303344
17.6219594	18.42963	20.5222412
16.4824219	17.2378637	19.1951531
18.6717106	19.5274975	21.7447656
17.8906094	18.7105963	20.8351087
17.3593594	18.1549962	20.2164219
15.7916144	16.5153975	18.3906531
16.5977969	17.3585288	19.3295194
16.5067425	17.2633019	19.2234794
15.8215431	16.5466969	18.4255081
14.6481987	15.3195738	17.0590494
16.30281	17.0500219	18.9859825
17.9992712	18.824235	20.9616506
21.1943306	22.1657369	24.6825656
24.1704625	25.2782738	28.1485169
27.2284188	28.476385	31.7097631
32.0102406	33.477375	37.278595
36.6684256	38.3490587	42.7034381
39.375635	41.1803506	45.8562094
38.1944163	39.9449919	44.4805819
34.1817531	35.7484169	39.8075044
29.8467844	31.2147613	34.75907
25.7972962	26.9796712	30.0431038
21.4127919	22.3942112	24.9369838
19.8327175	20.7417169	23.096855
17.9734056	18.7971881	20.9315319
16.9724481	17.7503513	19.7658313
15.4789963	16.1884494	18.0265825
15.7371244	16.4584087	18.3271925
15.638755	16.3555313	18.212635
16.5413819	17.29953	19.2638175
10.7899239	11.2844612	12.5657662
10.4165889	10.8940157	12.1309869
10.4703581	10.9502491	12.1936037
11.1370958	11.6475476	12.9700781
10.8867126	11.3856872	12.678485
10.8592488	11.3569638	12.6464994
11.1253944	11.6353069	12.95645
12.0116175	12.56215	13.9885312
12.9286794	13.5212419	15.0565244
15.529815	16.2415988	18.085765
18.4309456	19.2756963	21.4643731
24.3680581	25.4849263	28.3786369
33.2117463	34.7339494	38.6778475
44.4422263	46.47916	51.7566769
47.4313456	49.60528	55.237755
38.3156662	40.0717987	44.6217869
26.8484644	28.0790188	31.2672762
21.5818081	22.5709731	25.1338138
16.8489275	17.6211694	19.6219781
14.1284169	14.77597	16.45372
12.51163	13.0850794	14.5708375
11.4571256	11.9822431	13.3427775
10.5211805	11.0034006	12.2527938
10.7077197	11.198489	12.4700331
8.53392475	8.92506275	9.93846763
8.50726637	8.89718256	9.9074205
8.37180606	8.75551337	9.74966644
8.47685613	8.8653785	9.87200613
8.76011656	9.16162162	10.2018861
8.93716388	9.34678363	10.4080722
9.59436825	10.0341094	11.1734419
10.7072175	11.1979638	12.4694475
12.3486669	12.9146463	14.3810506
14.5452387	15.2118937	16.9391437
18.4741181	19.3208475	21.5146525
26.6404075	27.8614263	31.0249769
38.512475	40.2776287	44.85099
69.7295113	72.9254419	81.2058275
2908.47289942947	2912.23329202947	2921.97613572947
56.99169	59.6038062	66.3715738
32.6471944	34.1435219	38.02038
21.8626931	22.8647313	25.4609288
16.2237338	16.9673219	18.8938913
13.2464962	13.8536281	15.4266506
11.4170806	11.9403631	13.2961431
10.0849604	10.5471856	11.7447756
9.26806319	9.69284931	10.7934319
8.9132835	9.32180837	10.380262
8.23503806	8.61247694	9.59038856
7.99134825	8.357618	9.30659131
8.02182225	8.389489	9.34208112
8.29838806	8.67873075	9.664165
8.88809106	9.2954615	10.3509245
10.3446591	10.8187875	12.0472188
12.1402894	12.69672	14.13838
16.4661756	17.220875	19.1762356
23.331465	24.4008256	27.1714387
46.1636319	48.2794644	53.7613987
4759.85955450455	4763.72469510455	4773.73896830455
2966.07011464099	2969.84206154099	2979.61480524099
36.98828	38.6835725	43.0759344
19.5364125	20.43183	22.75178
14.2230919	14.8749825	16.5639763
11.2996206	11.8175206	13.1593506
9.62915469	10.0704911	11.2139531
8.72221413	9.12198244	10.1577461
8.70101056	9.09980675	10.1330528
8.69998162	9.09873056	10.1318542
9.00674537	9.41955438	10.4891043
10.149848	10.6150496	11.8203444
12.5830812	13.1598062	14.6540463
19.0798144	19.9543069	22.2200344
33.6515575	35.1939194	39.1900444
43.5101794	45.504395	50.6712337
28.9660088	30.2936169	33.7333325
16.6265744	17.3886238	19.3630319
11.4347656	11.9588588	13.3167369
9.78162513	10.2299497	11.3915162
10.4655069	10.9451768	12.1879569
10.7902665	11.2848194	12.5661644
13.2342269	13.8407962	15.4123606
18.8117425	19.6739456	21.9078419
16.7506269	17.5183612	19.5074994
12.7472519	13.3315013	14.8452381
13.0541044	13.6524162	15.2025944
