#?RADIANCE
genskyvec -m 1
NROWS=146
NCOLS=1
NCOMP=3
FORMAT=ascii

22.3407606	23.3647119	26.0176787
32.4809069	33.969615	37.826725
33.7066819	35.2515712	39.25424
34.13777	35.7024169	39.7562794
33.30315	34.8295437	38.7842962
29.7255194	31.0879375	34.6178481
28.0897281	29.3771731	32.7128331
26.919325	28.1531237	31.3497975
25.1614613	26.3146944	29.3026194
23.9769175	25.0758581	27.92312
28.5633456	29.8724988	33.2643987
28.2051625	29.4978962	32.8472631
32.5730219	34.06595	37.934
35.3745325	36.9958637	41.1965931
37.424085	39.1393556	43.5834694
41.004195	42.8835538	47.7528031
42.7855463	44.7465494	49.8273363
43.7738225	45.7801206	50.9782675
41.9077556	43.828525	48.8050763
38.735975	40.5113731	45.1112737
37.3000494	39.0096319	43.4390181
32.761325	34.262885	38.1532956
30.6688519	32.0745062	35.7164369
27.3489038	28.6023938	31.8500781
26.7929806	28.0209931	31.2026606
27.0548938	28.2949087	31.50768
27.6602869	28.9280506	32.21271
29.53482	30.8884988	34.3957612
29.0625762	30.3946094	33.8457925
30.7015269	32.10868	35.7544888
31.4197575	32.8598294	36.5909275
18.2639531	19.1010488	21.2698944
16.6387869	17.4013956	19.377255
18.36007	19.2015744	21.3818338
17.2079688	17.9966675	20.040115
16.5461075	17.3044713	19.2693225
15.2882744	15.988985	17.80447
16.2675487	17.0131444	18.9449181
16.8238294	17.5949206	19.5927519
17.2609231	18.05205	20.1017856
17.1466756	17.9325637	19.9687344
19.704755	20.6078888	22.94783
22.2726156	23.2934444	25.9383206
26.2371206	27.439655	30.5553144
29.9136306	31.2846713	34.8369162
33.0491169	34.5638675	38.4884538
36.2583019	37.9201406	42.2258163
37.5658787	39.2876475	43.7485987
35.3831231	37.0048456	41.2065956
31.4429031	32.884035	36.6178831
27.3287288	28.5812938	31.8265819
24.2469713	25.3582894	28.2376206
21.5418319	22.5291656	25.08726
18.3069356	19.146005	21.319955
17.6805731	18.4909319	20.5905019
16.7981319	17.5680456	19.5628237
16.6357319	17.3982031	19.3736975
15.830315	16.5558706	18.4357238
16.6345906	17.3970087	19.3723694
16.644175	17.4070331	19.3835294
17.5070506	18.309455	20.38842
11.0900294	11.5983219	12.9152625
10.627988	11.1151038	12.3771775
10.5943364	11.0799106	12.3379894
11.2002911	11.7136363	13.0436713
11.2302113	11.7449306	13.0785194
11.7384306	12.2764419	13.6703806
12.7484894	13.3327938	14.8466775
14.5412225	15.207695	16.9344656
16.3394431	17.0883325	19.0286438
20.2439269	21.1717725	23.5757413
24.9566681	26.100515	29.0641225
33.39494	34.9255388	38.8911919
41.2283438	43.1179763	48.0138431
42.5819169	44.5335856	49.5901919
34.4451281	36.0238631	40.1142256
26.6173656	27.8373275	30.9981438
20.2897206	21.2196669	23.6290719
17.53504	18.33873	20.4210181
14.44172	15.1036306	16.8185862
12.5941419	13.1713712	14.6669281
11.7401644	12.278255	13.6724006
11.2499094	11.7655312	13.1014594
10.6721585	11.1612994	12.4286194
11.0735281	11.581065	12.8960462
8.80771437	9.21140113	10.2573183
8.851465	9.25715675	10.3082685
8.83902212	9.24414369	10.2937784
9.0733635	9.48922556	10.5666888
9.69060831	10.1347605	11.2855231
10.2320649	10.7010331	11.9160919
11.5989144	12.1305294	13.5079012
13.4847056	14.102755	15.704065
16.3501212	17.0995006	19.0410787
20.3679637	21.301495	23.7201925
28.9164006	30.2417331	33.6755594
48.8776781	51.1179069	56.9221344
67.4607038	70.5526487	78.56362
66.8502381	69.9142069	77.8526788
45.2266744	47.299565	52.6702356
31.0342806	32.4566862	36.1420094
21.4968719	22.4821456	25.0349006
16.7541763	17.522075	19.5116356
13.6873569	14.3146944	15.9400681
11.7723081	12.3118738	13.709835
10.5549923	11.0387619	12.2921688
9.72750262	10.1733462	11.3284881
9.21977819	9.64235175	10.7372
9.05918669	9.47439906	10.55018
8.57072575	8.96355031	9.981324
8.55922587	8.95152338	9.96793225
8.8828125	9.28994119	10.3447762
9.52976681	9.96654612	11.0982069
10.6335127	11.1208831	12.3836131
13.1890431	13.79354	15.35974
16.5395994	17.2976638	19.2617431
26.410365	27.6208375	30.7570706
45.3621587	47.4412556	52.828015
4004.30548654683	4009.31877454683	4022.30774854683
3214.86312905613	3219.20165095613	3230.44238845613
43.7901181	45.797165	50.9972456
23.6669394	24.7516731	27.5621244
15.7030919	16.4228163	18.28756
12.6261731	13.2048725	14.7042306
10.6018139	11.0877306	12.3466956
9.40657406	9.83770906	10.9547394
8.82488275	9.22935631	10.2773133
9.24780944	9.67166787	10.7698444
9.68476313	10.1286483	11.278715
10.5594174	11.0433912	12.2973238
12.6553819	13.2354225	14.73825
17.1638294	17.9505044	19.9887106
31.2587313	32.6914225	36.4033981
1752.13676343442	1754.79037463442	1761.66564783442
46.8983013	49.0478056	54.6169831
23.44024	24.5145819	27.2981125
14.99637	15.6837019	17.4645219
11.0675669	11.5748281	12.8891019
9.98905244	10.4468854	11.6330856
11.4026675	11.92529	13.2793563
12.5699444	13.146065	14.6387475
16.7326219	17.4995344	19.4865344
24.6201444	25.7485662	28.67221
17.866595	18.68548	20.8071394
13.189115	13.7936175	15.3598244
14.9530394	15.6383875	17.4140606
