#?RADIANCE
genskyvec -m 1
NROWS=146
NCOLS=1
NCOMP=3
FORMAT=ascii

4.05139281	4.2370815	4.7181845
16.3010012	17.0481313	18.9838762
16.528705	17.2862694	19.2490556
17.1852881	17.9729481	20.0137019
18.7073225	19.5647412	21.7862381
22.0888913	23.1012994	25.7243588
28.1327294	29.4221444	32.7629088
37.6863425	39.4136325	43.8888869
59.6705825	62.4054825	69.4913694
92.9033813	97.1614575	108.193736
100.732168	105.349056	117.311022
94.3884631	98.714605	109.923261
56.4634212	59.0513256	65.7563625
37.182125	38.8863056	43.3016838
27.3151731	28.5671187	31.8107981
21.4930462	22.4781438	25.0304444
18.9074213	19.7740113	22.01927
17.06521	17.8473656	19.8738613
16.5805512	17.3404912	19.3094325
16.1378606	16.8775125	18.7938856
16.3191381	17.0671	19.0049987
16.5870237	17.3472625	19.3169719
16.2795869	17.0257338	18.9589363
16.1975	16.9398844	18.8633394
16.6792906	17.4437587	19.4244262
16.1506281	16.8908631	18.8087513
16.6358738	17.3983512	19.3738606
16.2372794	16.9814869	18.909665
16.3441337	17.0932387	19.0341075
15.8867306	16.6148719	18.5014244
16.0063325	16.739955	18.6407075
13.2989706	13.9085069	15.4877606
12.9812175	13.5761912	15.1177119
14.4643931	15.1273456	16.8449931
15.7036431	16.423395	18.2882019
19.22336	20.1044306	22.3872063
24.301935	25.415775	28.3016312
34.361095	35.9359756	40.01636
54.8360769	57.3493944	63.8611838
417.304760461919	421.742149461919	433.239051461919
2285.30712204855	2291.42364704855	2307.27101604855
407.14158057062	411.34509677062	422.23603067062
54.4900975	56.9875569	63.4582619
35.8794263	37.5238975	41.7845837
24.430395	25.5501206	28.4512331
18.8270581	19.6899663	21.92568
15.5320981	16.2439862	18.0884231
15.0329769	15.7219875	17.5071544
13.2491538	13.8564062	15.429745
12.9241106	13.5164656	15.051205
12.4508675	13.0215325	14.5000744
12.60822	13.1860975	14.683325
12.9115319	13.5033081	15.036555
12.3789594	12.9463263	14.4163288
13.2126288	13.8182069	15.3872081
13.4046319	14.0190094	15.61081
13.5285644	14.1486231	15.75514
12.9470819	13.5404887	15.0779556
13.0715569	13.6706694	15.2229181
12.7906856	13.3769256	14.8958219
13.0162525	13.61283	15.15851
9.91850288	10.3731007	11.5509256
9.98953819	10.4473904	11.6336506
10.9675844	11.4702637	12.772665
13.8631006	14.4984919	16.1447375
18.8517087	19.7157444	21.9543863
29.6862312	31.0468488	34.5720912
49.3108581	51.5709381	57.4266081
75.6564294	79.124015	88.1082244
56.4122275	58.9977875	65.696745
34.9728688	36.5757906	40.7288225
22.6080931	23.6442988	26.32901
15.36442	16.0686237	17.8931494
12.1446669	12.7012975	14.1434781
10.5491619	11.0326649	12.2853788
10.0207574	10.4800418	11.6700081
9.834463	10.2852098	11.4530531
9.53776275	9.97490931	11.1075188
9.95173069	10.4078528	11.5896225
9.7101615	10.1552103	11.3082944
9.38915919	9.81949506	10.9344588
9.7015625	10.1462177	11.2982781
9.73506669	10.1812556	11.3372956
9.38936556	9.81971163	10.9347
9.70734825	10.1522683	11.3050156
8.136729	8.50966219	9.47590006
8.60476819	8.99915325	10.0209709
9.4496345	9.88274219	11.004888
10.9285515	11.4294425	12.7272094
14.8454994	15.5259156	17.2888206
18.9592406	19.8282044	22.0796163
27.3017537	28.5530825	31.7951675
33.7652356	35.3128094	39.3224344
28.9149706	30.2402381	33.6738944
22.2823219	23.3035931	25.9496219
15.7837975	16.5072194	18.3815456
11.700155	12.2364119	13.6258075
10.1383251	10.6029984	11.806925
8.94320288	9.35309931	10.4151058
8.38196269	8.76613587	9.761495
7.99966563	8.366317	9.31627813
7.86294681	8.22333169	9.15705731
7.85131531	8.211167	9.14351137
7.94736956	8.31162381	9.25537475
7.91417912	8.27691212	9.21672144
7.94606556	8.31026006	9.25385625
7.98988269	8.35608544	9.30488475
7.91130994	8.27391137	9.21338
8.09187375	8.46275119	9.42366212
7.25567806	7.5882295	8.449842
7.86744944	8.2280405	9.16230125
8.89804438	9.305871	10.3625144
11.3089879	11.827315	13.1702587
14.5665119	15.2341413	16.9639156
17.4884212	18.2899737	20.3667269
17.3601606	18.155835	20.2173556
13.5259256	14.1458625	15.7520688
10.7867421	11.2811344	12.5620612
8.7839325	9.1865295	10.2296224
7.69576087	8.048483	8.96235512
7.285768	7.61969888	8.48488438
7.06343938	7.38718006	8.22596444
6.91485169	7.23178206	8.05292131
6.82373612	7.13649056	7.94680988
6.84677206	7.16058219	7.97363706
6.952055	7.2706905	8.09624769
7.035449	7.35790694	8.19336706
6.93425756	7.25207756	8.07552125
7.585784	7.93346556	8.83427806
9.32714319	9.75463744	10.8622358
11.4754522	12.0014108	13.3641206
11.0518447	11.5583861	12.8707925
9.25182406	9.67586612	10.7745196
7.86223012	8.22258169	9.15622238
7.02959569	7.35178531	8.18655038
6.60035281	6.90286881	7.68666125
6.44469887	6.74008063	7.50538919
6.46994212	6.76648094	7.534787
6.53977581	6.83951531	7.61611444
6.78561313	7.09662006	7.90241237
7.52887519	7.8739485	8.76800319
7.94898431	8.3133125	9.25725531
7.40290987	7.74220963	8.62130588
6.56482556	6.86571325	7.64528669
6.42589319	6.72041294	7.48348844
6.92839544	7.24594656	8.068694
