#?RADIANCE
genskyvec -m 1
NROWS=146
NCOLS=1
NCOMP=3
FORMAT=ascii

0.533181987	0.557619519	0.620934925
1.91953719	2.00751581	2.23546113
1.95396431	2.04352112	2.2755545
2.00093931	2.09264919	2.33026075
2.09645819	2.19254563	2.44150037
2.323418	2.42990788	2.70581388
2.46724531	2.58032712	2.87331287
2.60433956	2.72370512	3.03297062
2.84218706	2.97245381	3.30996381
3.12024762	3.26325881	3.6337885
2.73914969	2.864694	3.18996813
2.75183781	2.8779635	3.20474456
2.4333625	2.54489163	2.83385356
2.27119075	2.37528681	2.64499081
2.18097375	2.28093475	2.53992575
2.01669138	2.10912313	2.34860525
2.00634869	2.09830619	2.33656031
1.80510025	1.88783406	2.10218969
1.86904912	1.95471369	2.17666356
1.83054937	1.91444956	2.1318275
1.74405144	1.82398694	2.03109338
1.80785787	1.890718	2.10540125
1.71001281	1.78838838	1.99145244
1.74150906	1.82132825	2.02813256
1.72463462	1.80368044	2.00848081
1.65648044	1.73240225	1.9291095
1.71208156	1.79055181	1.99386188
1.68680419	1.76411594	1.96442412
1.79133487	1.87343769	2.08615881
1.77945794	1.86101631	2.07232719
1.86774256	1.95334731	2.17514181
2.22912012	2.33128794	2.59599606
2.34504669	2.452528	2.73100269
2.41078975	2.52128425	2.80756562
2.54554469	2.66221531	2.96449894
2.721065	2.84578037	3.16890687
2.90129487	3.03427081	3.37879994
3.02130012	3.1597765	3.51855606
3.18337575	3.32928012	3.70730619
3.30114662	3.45244906	3.84446056
3.25428387	3.40343838	3.78988481
3.09220337	3.23392944	3.60112881
2.92056206	3.05442119	3.40123819
2.72698506	2.85197175	3.1758015
2.58124812	2.69955512	3.00607844
2.47208269	2.5853865	2.87894638
2.35424713	2.46214981	2.741717
2.23480431	2.33723269	2.60261581
2.19886713	2.2996485	2.56076419
2.13738662	2.23535	2.48916481
2.1149355	2.21187012	2.46301869
2.07606887	2.17122206	2.41775519
2.03895456	2.13240644	2.37453237
2.047926	2.14178913	2.38498044
2.00477981	2.09666537	2.33473313
2.00241894	2.09419638	2.33198388
2.01039225	2.10253519	2.34126919
2.05812644	2.15245725	2.39685988
2.08040256	2.17575406	2.42280219
2.13153131	2.22922638	2.48234581
2.17000106	2.26945944	2.52714725
2.42282812	2.53387431	2.82158544
2.51859356	2.63402881	2.93311206
2.64977119	2.77121881	3.08587944
2.80084738	2.92921962	3.26182044
2.98331212	3.12004731	3.47431594
3.15953456	3.30434625	3.6795415
3.27303087	3.42304469	3.81171737
3.26658037	3.41629869	3.80420538
3.15942081	3.30422731	3.67940869
2.974084	3.11039631	3.46356887
2.81708719	2.94620356	3.280733
2.62965681	2.75018269	3.06245475
2.50016012	2.61475081	2.91164487
2.41058619	2.52107131	2.80732881
2.31962669	2.425943	2.70139888
2.25914994	2.36269425	2.63096837
2.22690762	2.32897431	2.59341981
2.1809325	2.28089188	2.53987781
2.18136419	2.28134325	2.54038063
2.20269288	2.3036495	2.56521963
2.1995775	2.30039156	2.56159163
2.22090063	2.32269175	2.58642375
2.28464456	2.38935744	2.66065925
2.32599056	2.43259844	2.70881
2.52517981	2.640917	2.94078244
2.61068306	2.73033931	3.04035794
2.74216081	2.86784306	3.19347488
2.84609262	2.9765385	3.31451219
3.00482394	3.14254494	3.49936812
3.09996631	3.24204794	3.61016931
3.18113319	3.32693519	3.70469481
3.18077756	3.32656306	3.70428075
3.09071675	3.23237456	3.5993975
2.98104912	3.11768037	3.47168025
2.84429125	2.97465438	3.31241419
2.71779794	2.84236362	3.16510237
2.62070037	2.74081563	3.05202419
2.5051075	2.61992481	2.91740669
2.42880931	2.5401295	2.828551
2.39058819	2.50015656	2.78403919
2.35005956	2.45777044	2.73684037
2.32271544	2.42917325	2.70499581
2.30082394	2.40627831	2.67950144
2.30409894	2.40970337	2.68331525
2.31436	2.42043463	2.69526519
2.33942894	2.44665269	2.72446
2.38797412	2.49742294	2.78099488
2.42899794	2.54032688	2.82877062
2.58680662	2.7053685	3.01255213
2.69459838	2.81810069	3.1380845
2.81395256	2.94292537	3.27708244
2.94319794	3.07809437	3.42759944
3.03375694	3.17280412	3.53306281
3.06008906	3.20034294	3.56372875
3.01661169	3.15487306	3.513096
2.889359	3.02178794	3.3648995
2.78169019	2.90918425	3.23951012
2.65546275	2.777171	3.09250763
2.577962	2.6961185	3.00225194
2.49193031	2.60614381	2.9020605
2.43589631	2.54754144	2.83680444
2.41029719	2.52076919	2.80699219
2.4141445	2.52479269	2.8114725
2.42445988	2.53558094	2.82348588
2.45126575	2.56361544	2.85470344
2.50784656	2.62278944	2.92059644
2.64319356	2.76433969	3.0782195
2.75205931	2.87819512	3.20500244
2.87648687	3.00832575	3.34990869
2.947433	3.08252375	3.43253169
2.90650862	3.0397235	3.38487175
2.79596175	2.92410988	3.25613063
2.68554712	2.80863456	3.12754369
2.59843638	2.71753125	3.02609581
2.521033	2.63658019	2.93595325
2.50070275	2.61531813	2.91227694
2.50015631	2.61474662	2.91164037
2.56583431	2.68343525	2.98812812
2.6754755	2.79810131	3.1158145
2.76421444	2.89090744	3.21915838
2.77998369	2.90739956	3.23752269
2.7099985	2.83420669	3.15601925
2.62081237	2.74093287	3.05215463
2.59936819	2.71850613	3.02718119
2.69635813	2.81994113	3.140134
