#?RADIANCE
genskyvec -m 1
NROWS=146
NCOLS=1
NCOMP=3
FORMAT=ascii

27.0973094	28.3392681	31.5570775
34.1542831	35.7196881	39.7755125
34.0941419	35.6567887	39.70547
33.7628825	35.3103475	39.3196938
32.3204731	33.8018269	37.6398856
28.6267844	29.938845	33.3382781
27.6533438	28.9207875	32.2046256
27.36702	28.6213406	31.8711775
27.1356769	28.3793956	31.60176
27.1627913	28.4077519	31.6333356
33.5189963	35.0552844	39.0356656
34.1620769	35.7278388	39.7845875
39.5755944	41.3894744	46.08908
42.4910256	44.43853	49.484345
43.8752525	45.8861994	51.0963906
45.7571356	47.8543387	53.2880025
44.6489169	46.6953244	51.9973869
43.8299562	45.8388281	51.0436387
39.4440819	41.2519331	45.9359212
35.187255	36.8000044	40.9784925
34.0467331	35.60721	39.6502606
29.6282619	30.9862225	34.5045819
28.9951375	30.32408	33.7672538
26.6013612	27.8205906	30.9795031
27.5834156	28.8476537	32.1231894
29.8257744	31.1927894	34.7346019
31.4349075	32.8756738	36.6085725
34.1001844	35.6631075	39.7125075
33.0721975	34.5880056	38.5153325
34.4297956	36.0078263	40.0963687
33.99497	35.5530713	39.5899763
18.8103056	19.6724456	21.9061694
16.7175937	17.4838169	19.4690338
18.0745638	18.9029825	21.0493381
16.8109019	17.5814	19.5776962
16.415305	17.1676725	19.1169925
15.7751413	16.4981694	18.3714694
17.284175	18.076365	20.1288619
18.7931413	19.6544919	21.8861788
20.4816113	21.4203519	23.8525438
21.3151619	22.2921063	24.8232838
24.9757019	26.1204206	29.0862869
28.636115	29.9486019	33.3491431
33.30237	34.82873	38.7833881
37.1791106	38.8831525	43.2981763
38.6276075	40.3980394	44.9850694
37.5170675	39.2365994	43.6917531
35.5636031	37.1936006	41.4167812
30.4532638	31.8490369	35.4653644
26.3498037	27.5575025	30.6865444
22.750185	23.7929019	26.4944881
20.4631656	21.40106	23.8310638
18.6500906	19.5048831	21.719585
16.3251887	17.0734269	19.0120438
16.7879219	17.5573675	19.5509331
16.8702331	17.6434513	19.6467938
17.4666156	18.2671694	20.3413312
17.0178181	17.7978012	19.8186688
18.1021331	18.9318125	21.0814425
17.9162237	18.7373831	20.8649337
18.5196244	19.3684394	21.5676463
11.4006112	11.9231394	13.2769631
10.8874916	11.3865019	12.6793913
10.8974369	11.3969044	12.6909763
11.6883012	12.2240163	13.6120006
12.2624431	12.8244713	14.2806369
13.5539425	14.1751631	15.7846956
15.5102956	16.2211812	18.0630313
18.5015681	19.3495537	21.5466181
21.7419644	22.73847	25.32033
28.2603744	29.5556387	32.9115613
36.3940806	38.0621394	42.3839406
43.5743056	45.5714606	50.7459125
41.4068644	43.3046769	48.2217475
33.9815381	35.539025	39.5743362
25.6261125	26.8006406	29.8437463
20.5643494	21.5068825	23.9488988
16.4740294	17.2290912	19.1853819
14.7792694	15.4566531	17.2116925
12.7223956	13.3055038	14.8162919
11.5632006	12.0931813	13.4663131
11.4436556	11.9681556	13.3270894
11.41804	11.9413656	13.29726
11.0069803	11.5114656	12.8185462
11.5167347	12.0445844	13.4121975
9.08467887	9.50105975	10.5798656
9.24483556	9.66855731	10.7663831
9.46048688	9.89409281	11.0175263
9.94504844	10.4008631	11.58184
11.1018738	11.61071	12.9290581
12.1405131	12.6969544	14.13864
14.5098937	15.1749306	16.8979831
17.8290438	18.6462062	20.7634081
23.6681375	24.7529281	27.5635213
32.930205	34.4395069	38.3499706
53.690605	56.1514237	62.5271869
2481.23434419406	2485.18376989406	2495.41638599406
73.686635	77.0639419	85.8142319
41.94975	43.8724469	48.8539838
27.3991538	28.6549487	31.9086031
20.7775325	21.729835	24.1971675
16.2671687	17.0127469	18.9444744
13.6547369	14.2805794	15.9020781
11.7626781	12.3018006	13.6986206
10.5492784	11.0327894	12.2855163
9.85789256	10.3097121	11.4803375
9.48175594	9.91633644	11.0422956
9.2171895	9.63964412	10.7341856
9.22512106	9.64793875	10.7434225
8.82349019	9.2279	10.27569
9.12036987	9.53838675	10.6214306
9.83627837	10.2871068	11.4551669
11.0399681	11.545965	12.8569619
12.9032206	13.4946206	15.0268775
17.5182969	18.3212187	20.4015194
24.8646237	26.0042525	28.9569281
51.3790531	53.7339263	59.8351925
4607.24917137609	4611.80624607609	4623.61323707609
4288.13417159225	4292.65898559225	4304.38237259225
46.4408919	48.56943	54.0842906
25.3324712	26.4935431	29.5017762
17.0296044	17.8101262	19.832395
12.9602038	13.5542131	15.0932406
11.109455	11.6186381	12.9378869
9.79841219	10.2475065	11.4110681
9.07735012	9.493395	10.5713313
8.81898244	9.22318569	10.2704413
9.59729744	10.0371733	11.176855
10.5414883	11.0246399	12.2764431
12.2320269	12.79266	14.2452131
15.9518519	16.6829794	18.5772625
24.108055	25.2130069	28.0758406
46.9951131	49.1490538	54.7297275
54.2910825	56.7794219	63.2264931
31.1728606	32.6016156	36.3033956
17.697555	18.5086931	20.6102787
12.9952919	13.5909094	15.1341025
10.3734876	10.8489406	12.0807919
9.87426163	10.3268311	11.4994013
11.8143894	12.3558831	13.7588419
13.9349088	14.5735912	16.2283631
19.6184813	20.51766	22.8473562
26.1202731	27.3174513	30.4192356
16.614725	17.3762331	19.3492325
12.7005831	13.2826938	14.7908869
15.5824119	16.2966069	18.14702
