#?RADIANCE
genskyvec -m 1
NROWS=146
NCOLS=1
NCOMP=3
FORMAT=ascii

12.3297213	12.8948331	14.3589869
29.3317594	30.6761325	34.1592794
28.79253	30.1121875	33.5313025
29.1399119	30.47549	33.9358575
30.2109319	31.5955994	35.18315
32.2628156	33.7415256	37.5727381
36.2928975	37.9563206	42.266105
42.2761512	44.2138062	49.2341025
53.17292	55.6100087	61.9242987
68.7681569	71.9200262	80.0862525
81.0441	84.7586187	94.3826113
97.6262013	102.100732	113.693859
88.0228006	92.0571763	102.509894
72.8525663	76.1916406	84.8428919
58.399725	61.0763775	68.0113494
46.1622988	48.2780694	53.7598469
38.7972531	40.5754606	45.1826369
34.0820094	35.6441	39.6913419
30.9874562	32.4077119	36.0874763
28.9493713	30.2762181	33.7139575
29.6219312	30.9796044	34.49721
29.4540306	30.8040069	34.3016762
29.9587381	31.3318469	34.8894481
29.7729131	31.1375044	34.6730406
31.6925681	33.1451431	36.9086381
31.9355519	33.3992638	37.1916131
33.0809319	34.5971406	38.5255025
32.6850063	34.1830675	38.0644169
31.6768613	33.1287156	36.8903444
30.5222531	31.9211906	35.54571
29.5168462	30.8697	34.3748281
20.44009	21.3769275	23.8041894
18.9453762	19.8137038	22.0634681
21.01401	21.9771506	24.4725669
21.6779606	22.6715331	25.2457906
24.5032994	25.6263662	28.5361356
27.7781063	29.0512694	32.3499238
35.1695288	36.781465	40.95785
47.1328969	49.2931531	54.89019
66.490845	69.5383419	77.4341338
89.5728163	93.6782319	104.315008
109.972013	115.012394	128.071594
102.206018	106.890456	119.027431
77.8640244	81.4327869	90.6791481
54.7814981	57.2923163	63.7976231
40.53491	42.3927575	47.2062825
30.5363362	31.9359194	35.5621094
27.6985513	28.9680681	32.2572731
22.3051981	23.3275188	25.9762631
20.62345	21.5686894	24.0177262
19.1345412	20.01154	22.2837694
19.2884144	20.1724669	22.462965
19.9999869	20.9166519	23.2916525
19.0217769	19.8936087	22.1524469
21.299615	22.2758463	24.8051787
22.0263269	23.0358675	25.651495
22.5371456	23.5700956	26.2463837
21.1546125	22.1241981	24.6363094
21.3498394	22.3283725	24.8636681
20.34827	21.2808981	23.6972575
20.4232156	21.3592794	23.7845387
13.1211044	13.7224881	15.28062
12.8451706	13.4339069	14.9592719
13.8059506	14.4387237	16.0781825
16.9344187	17.7105788	19.7215431
21.2473394	22.2211744	24.7443
30.13507	31.5162587	35.0948
46.9474025	49.0991563	54.674165
80.9822819	84.6939719	94.3106219
2694.06373210646	2699.71395710646	2714.35323110646
1477.82899197152	1482.36473587152	1494.11643887152
58.647695	61.3357094	68.3001294
34.1852131	35.7520369	39.8115325
23.2457319	24.3111594	27.0715919
17.668235	18.4780287	20.5761325
15.12851	15.8218981	17.6184113
13.9655031	14.6055881	16.2639919
12.9550325	13.548805	15.0872163
13.7029325	14.3309844	15.9582081
13.2828794	13.8916781	15.4690225
12.7029169	13.2851331	14.7936062
13.4758731	14.0935169	15.6937775
13.555305	14.1765894	15.7862838
12.67278	13.2536131	14.7585062
13.1528113	13.7556481	15.3175469
9.664744	10.1077116	11.2554006
10.2415788	10.7109836	11.9271719
11.1541986	11.6654313	12.9899956
12.8676606	13.4574269	14.9854619
17.3240937	18.1181137	20.1753531
22.1846269	23.2014206	25.8358475
36.04263	37.6945837	41.9746481
58.86902	61.5671812	68.5578844
2541.39452050871	2545.31637800871	2555.47757550871
68.3305062	71.4623194	79.5765763
41.1786912	43.0660462	47.95602
25.2004662	26.3554856	29.3480419
19.0833794	19.9580325	22.2241856
14.3011775	14.9566469	16.6549144
11.9467219	12.49428	13.9129556
10.5552209	11.0390023	12.2924363
9.83850725	10.2894379	11.4577619
9.59599125	10.0358074	11.1753325
9.69146231	10.1356555	11.2865174
9.61429994	10.0549551	11.1966533
9.69041269	10.1345553	11.2852942
9.76984831	10.2176318	11.3778018
9.54456931	9.98202869	11.1154477
9.7944335	10.2433439	11.4064338
8.07297006	8.44298094	9.401647
8.92516406	9.3342335	10.3940984
10.3794873	10.8552131	12.0877788
13.8796281	14.5157781	16.1639844
19.6651075	20.5664237	22.9016575
31.2998556	32.7344306	36.4512925
39.7242931	41.5449888	46.2622525
32.6116912	34.1063931	37.9790337
22.7037806	23.7443706	26.440445
15.2300581	15.9281019	17.7366719
11.3111956	11.829625	13.1728287
9.50411075	9.93971556	11.0683287
8.46687412	8.85493875	9.86038081
7.85210019	8.21198781	9.1444255
7.56403888	7.91072375	8.80895412
7.53837256	7.88388113	8.77906375
7.69057969	8.04306431	8.95632144
7.78533637	8.14216419	9.06667363
7.60257369	7.95102481	8.85383106
8.75859056	9.16002519	10.2001089
11.9386444	12.4858313	13.9035444
17.7091112	18.5207769	20.623735
19.6030931	20.5015669	22.8294363
16.4190469	17.1715856	19.1213494
12.1757125	12.7337669	14.1796338
9.35737275	9.78625137	10.8974407
7.72261919	8.07657231	8.99363419
7.07032487	7.39438112	8.233983
6.90488175	7.22135531	8.04131063
6.99481406	7.31540931	8.14604425
7.67883762	8.03078394	8.9426465
9.41051925	9.84183469	10.9593353
11.1548282	11.6660912	12.9907275
10.3008381	10.7729591	11.9961846
7.73712031	8.09173794	9.01052188
7.10557106	7.43124269	8.27503006
8.457237	8.84486019	9.84915819
