#?RADIANCE
genskyvec -m 1
NROWS=146
NCOLS=1
NCOMP=3
FORMAT=ascii

9.73634863	10.1825981	11.3387894
26.7031256	27.9270181	31.0980163
26.1555269	27.3543219	30.4602931
26.5982475	27.8173313	30.9758762
28.0004862	29.2838412	32.6089019
30.9418944	32.360065	36.0344169
36.1438975	37.8004906	42.0925825
43.7938631	45.8010812	51.001605
58.6327888	61.3201231	68.2827706
79.8071519	83.4649769	92.9420813
93.0387025	97.3029719	108.351346
109.864172	114.899604	127.945966
88.9095406	92.9845594	103.54257
67.744545	70.8495019	78.8941731
51.9178181	54.2973838	60.46263
40.25268	42.0975919	46.8776006
33.8126962	35.3624444	39.3777056
29.705465	31.0669656	34.5944913
27.4515687	28.7097631	31.9696413
26.0881913	27.2838988	30.381875
26.9127225	28.1462212	31.3421087
27.3449275	28.598235	31.8454494
27.9233344	29.2031531	32.5190512
28.0853381	29.3725825	32.7077187
29.9446375	31.3170969	34.8730269
29.9614694	31.3347031	34.89263
30.9760656	32.3958	36.0742119
30.29177	31.6801431	35.2772919
29.3453113	30.6903044	34.1750612
27.9884969	29.2713025	32.59494
26.9572831	28.1928256	31.3940031
19.2456119	20.1277037	22.4131206
17.9560256	18.77901	20.9112913
19.9950569	20.9114981	23.2859106
21.0211238	21.9845912	24.4808525
24.5090338	25.6323644	28.5428137
28.8361519	30.1578075	33.5821025
37.8295331	39.5633837	44.0556462
53.4521863	55.902075	62.24953
80.3158469	83.9969906	93.5344969
113.796997	119.012675	132.526094
130.051269	136.011944	151.45555
101.479078	106.130204	118.180856
70.5166763	73.7486881	82.1225481
47.4986162	49.675635	55.3161006
34.8887669	36.487835	40.6308781
26.5979406	27.8170119	30.9755175
24.500105	25.6230244	28.5324144
20.0859044	21.0065062	23.3917112
18.93279	19.8005425	22.0488131
17.8682856	18.6872475	20.8091087
18.2777825	19.115515	21.2860019
19.1985319	20.0784644	22.3582931
18.4595881	19.3056519	21.4977288
20.707765	21.6568694	24.11592
21.4211163	22.4029156	24.9466775
21.8404194	22.8414375	25.4349906
20.4123844	21.3479506	23.7719238
20.4231056	21.3591631	23.7844087
19.3464087	20.2331181	22.5305063
19.2999581	20.18454	22.4764125
12.5883494	13.1653162	14.6601825
12.3866525	12.9543738	14.4252887
13.4795713	14.0973856	15.6980863
16.9307994	17.7067944	19.7173275
22.0303888	23.040115	25.6562262
32.7732044	34.2753106	38.16713
53.8104369	56.2767487	62.6667419
971.704176836892	976.223622836892	987.933129836892
3616.56211563458	3622.64364663458	3638.40037163458
81.0324075	84.7463956	94.3690025
47.4109738	49.583975	55.2140331
28.3668213	29.6669669	33.0355275
19.8923725	20.804105	23.1663263
15.5659562	16.2793944	18.1278556
13.7419969	14.3718369	16.0037012
12.999005	13.5947937	15.1384256
12.3405856	12.9061969	14.3716431
13.2376269	13.8443506	15.41632
12.9740506	13.5686938	15.1093625
12.4481981	13.01874	14.4969656
13.1854694	13.7898025	15.3555769
13.2004425	13.8054625	15.3730156
12.2596519	12.8215519	14.2773856
12.6392075	13.2185025	14.71941
9.34643106	9.77480906	10.8846974
9.9372665	10.3927229	11.572775
10.9371899	11.4384763	12.7372675
12.7764225	13.3620075	14.8792081
17.5833075	18.3892081	20.4772288
22.8363931	23.8830588	26.5948819
37.1273794	38.8290512	43.2379312
57.63971	60.2815281	67.1262456
1051.17194931226	1054.19547741226	1062.02916931226
50.0226387	52.3153412	58.2555325
31.4274969	32.8679225	36.5999406
20.2166819	21.1432788	23.5440106
15.9050569	16.6340381	18.522765
12.4784581	13.0503881	14.5322063
10.7744299	11.2682577	12.5477225
9.73713075	10.1834159	11.3397012
9.28330263	9.70878619	10.8111806
9.20403125	9.62588269	10.7188629
9.41439956	9.84589306	10.9638534
9.39061019	9.82101288	10.9361482
9.47386563	9.90808425	11.0331066
9.52217331	9.9586065	11.0893654
9.26447781	9.6891005	10.789258
9.47510731	9.90938275	11.0345531
7.80809081	8.16596125	9.09317256
8.6568655	9.05363794	10.081641
10.0986689	10.5615239	11.7607419
13.5638025	14.1854775	15.7961788
19.0179744	19.8896319	22.1480156
27.9024469	29.1813087	32.4947256
32.0345131	33.5027644	37.3068656
24.9549913	26.09876	29.0621675
17.9679437	18.7914763	20.9251706
12.7290425	13.3124563	14.8240306
9.87345637	10.3259897	11.4984638
8.616976	9.01192069	10.0351876
7.90569794	8.268042	9.20684444
7.49571444	7.83926775	8.72938444
7.29127838	7.62546188	8.49130181
7.30675031	7.64164262	8.50932
7.45939963	7.8012885	8.68709275
7.53400563	7.87931406	8.77397769
7.29628531	7.63069806	8.49713281
8.34269506	8.72506838	9.71576344
11.2274014	11.7419912	13.0752437
15.8777819	16.6055131	18.4910019
16.5405031	17.2986087	19.262795
13.5353431	14.1557125	15.7630344
10.3791689	10.85488	12.0874075
8.314661	8.69574931	9.68311644
7.14086275	7.46815206	8.31613013
6.68674063	6.99321619	7.78726712
6.62820844	6.93200113	7.71910131
6.70651762	7.0138995	7.81029906
7.21453894	7.545205	8.40193231
8.64379406	9.03996788	10.0664187
9.85951625	10.3114098	11.4822281
9.03513012	9.44923963	10.5221631
7.09728544	7.42257731	8.26538062
6.66576994	6.97128438	7.762845
7.72388319	8.07789444	8.99510606
