#?RADIANCE
genskyvec -m 1
NROWS=146
NCOLS=1
NCOMP=3
FORMAT=ascii

26.44475	27.6568	30.7971175
33.4217188	34.9535481	38.92238
33.6613344	35.2041456	39.2014312
33.4892175	35.0241406	39.0009869
32.1641487	33.6383369	37.4578344
28.476525	29.7816956	33.1632856
27.3186737	28.57078	31.8148744
26.8108463	28.0396756	31.2234675
26.2112438	27.4125919	30.5251794
25.9258469	27.1141144	30.1928112
31.8158675	33.2740925	37.0522294
32.2035612	33.679555	37.5037294
37.3253281	39.0360731	43.4684594
40.2177487	42.0610619	46.8369231
41.8013325	43.7172256	48.6811375
44.1499344	46.1734713	51.41628
43.7576431	45.7632025	50.9594262
43.3500494	45.3369262	50.4847469
39.5031556	41.3137156	46.0047194
35.4709406	37.0966887	41.3088681
34.2621119	35.8324569	39.9010831
29.8280437	31.1951619	34.7372456
28.8830975	30.2069025	33.6367744
26.2969406	27.5022175	30.62498
26.8990538	28.1319256	31.3261906
28.7101625	30.0260444	33.4353775
30.0887669	31.4678356	35.0408788
32.59659	34.0905981	37.9614469
31.7468094	33.2018719	36.9718075
33.2016237	34.7233644	38.66606
33.0507419	34.5655662	38.490345
18.4775088	19.324395	21.5186
16.5065019	17.2630475	19.2231969
17.9188594	18.7401381	20.868005
16.6694763	17.4334944	19.4129975
16.1848588	16.9266637	18.8486175
15.3881313	16.0934206	17.92076
16.7323912	17.4992925	19.4862637
17.9843338	18.8086156	20.9442588
19.3537831	20.2408275	22.5390931
19.9454306	20.8595938	23.2281175
23.2618506	24.32802	27.0903656
26.5629619	27.7804306	30.9347844
31.0136962	32.4351569	36.1180356
34.8789869	36.4776075	40.61949
36.9118319	38.6036244	42.9869069
36.9616769	38.6557506	43.0449538
35.6531275	37.2872281	41.5210394
31.0656281	32.4894694	36.1785163
26.9853563	28.2221856	31.4266975
23.3281469	24.3973519	27.1675719
20.9256106	21.8847	24.3696181
18.9512169	19.819815	22.0702719
16.4601931	17.2146175	19.1692687
16.6663356	17.4302069	19.4093362
16.5396375	17.297705	19.2617888
16.974155	17.7521356	19.7678187
16.4826425	17.2380975	19.1954119
17.51938	18.3223519	20.40278
17.4044481	18.20215	20.2689306
18.076625	18.9051369	21.0517375
11.1890524	11.701885	13.030585
10.6889358	11.1788444	12.4481563
10.6769145	11.1662738	12.4341575
11.3955556	11.9178519	13.2710744
11.8174744	12.3591075	13.7624325
12.8927731	13.4836919	15.0147106
14.5818131	15.2501475	16.9817381
17.2040038	17.9925194	20.0354963
19.9471619	20.8614062	23.2301337
25.5560575	26.7273744	29.7621594
32.6369794	34.1328387	38.0084837
40.8035562	42.6737194	47.5191444
41.4515881	43.3514506	48.2738306
35.4153725	37.0385775	41.2441531
26.7911144	28.0190406	31.2004862
21.3251225	22.3025244	24.8348856
16.9558281	17.7329694	19.7464763
15.1083669	15.8008325	17.5949512
12.8725006	13.4624906	14.9910994
11.5876631	12.1187638	13.4947994
11.3150687	11.8336769	13.1773431
11.2007038	11.7140713	13.044155
10.7767586	11.2706931	12.550435
11.2686009	11.7850788	13.1232225
8.9013975	9.30937781	10.3664197
9.03060119	9.44450344	10.5168875
9.18275594	9.60363187	10.694085
9.59456906	10.034319	11.173675
10.594935	11.080535	12.338685
11.4907275	12.0173837	13.38191
13.5503125	14.1713669	15.7804681
16.3794244	17.1301488	19.0752063
21.1456544	22.11483	24.6258781
28.5159856	29.8229681	33.2092437
45.2567138	47.3309787	52.7052156
77.4318969	80.9808531	90.1758969
76.0820644	79.5691494	88.6039131
46.1591694	48.274795	53.7562012
29.6786819	31.0389544	34.5633
22.0248181	23.0342894	25.6497381
16.9045844	17.6793762	19.6867956
14.0309656	14.67405	16.3402306
11.97291	12.5216688	13.9434531
10.6425156	11.1302969	12.3940969
9.85390975	10.3055469	11.4756994
9.39272663	9.82322606	10.9386138
9.08660763	9.50307719	10.5821119
9.06289019	9.47827237	10.5544919
8.64639756	9.04269044	10.0694511
8.86597056	9.2723275	10.3251619
9.47431494	9.90855469	11.0336294
10.5165754	10.9985825	12.2474281
12.1462319	12.7029337	14.1452981
16.073335	16.81003	18.7187387
22.0278087	23.0374175	25.6532206
42.74215	44.7011644	49.7767994
3009.63950953757	3013.44881073757	3023.31841513757
5812.07772819063	5817.15710819063	5830.31730819063
53.5291012	55.982515	62.3391012
27.6798675	28.9485281	32.2355137
17.8402256	18.6579013	20.7764281
13.2783356	13.8869244	15.4637294
11.2541837	11.7699994	13.1064356
9.8273705	10.2777917	11.4447931
9.02029837	9.43372844	10.50489
8.69882087	9.09751669	10.1305032
9.38763681	9.81790294	10.9326863
10.1984094	10.6658374	11.8768994
11.6559344	12.1901631	13.5743081
14.867055	15.5484606	17.3139244
21.9393069	22.9448556	25.5501519
43.262775	45.2456513	50.3831094
2020.92105061813	2023.56055311813	2030.39926881813
33.9201437	35.474815	39.5028363
18.4671913	19.3136044	21.506585
13.2011344	13.8061844	15.3738213
10.3753488	10.8508856	12.0829569
9.76466169	10.2122069	11.3717644
11.5685062	12.0987281	13.4724888
13.4446388	14.0608525	15.6574038
18.7685112	19.6287325	21.8574956
25.8483531	27.0330687	30.1025625
16.7231644	17.4896394	19.4755187
12.6447206	13.2242688	14.7258325
15.2866981	15.9873369	17.802635
