#?RADIANCE
genskyvec -m 1
NROWS=146
NCOLS=1
NCOMP=3
FORMAT=ascii

22.3067981	23.3291925	25.9781256
31.6755244	33.1273175	36.88879
29.9547069	31.32763	34.8847544
29.1086787	30.4428269	33.8994844
27.9300219	29.2101475	32.5268381
25.9054437	27.0927763	30.1690487
26.8685856	28.1000625	31.2907094
28.4142538	29.7165731	33.0907675
30.6933981	32.1001781	35.7450237
33.006965	34.5197837	38.439365
40.8975156	42.7719837	47.6285669
43.3785231	45.3667019	50.5179069
48.5829344	50.8096488	56.5788781
49.2242575	51.4803681	57.3257519
46.8840344	49.0328838	54.6003675
43.9757894	45.991345	51.213475
38.9890963	40.7760969	45.4060562
36.6952787	38.3771456	42.7347125
31.4200338	32.8601169	36.5912494
27.8574219	29.13422	32.44229
28.0383994	29.3234931	32.653055
25.5321156	26.7023381	29.7342775
27.10042	28.3425231	31.5606994
26.5424556	27.7589838	30.9109025
29.7454406	31.1087725	34.6410463
33.4166231	34.9482156	38.9164444
35.6069919	37.2389763	41.4673113
37.7540938	39.4844888	43.9677906
35.3316181	36.9509844	41.146615
35.1551894	36.7664675	40.9411494
32.84776	34.3532806	38.2539538
17.6356788	18.4439787	20.5382175
15.3381081	16.0411031	17.862505
16.3605306	17.1103881	19.0532038
15.6163325	16.3320788	18.1865206
16.2569394	17.0020488	18.9325612
16.9061238	17.6809869	19.6885906
19.5235494	20.4183781	22.7368019
22.6446394	23.6825181	26.3715719
26.3147331	27.5208263	30.6457019
29.2976294	30.6404388	34.1195331
35.9148656	37.5609619	41.8258556
42.0356231	43.9622531	48.9539888
44.3532031	46.3860575	51.6530044
42.2784812	44.2162425	49.2368181
36.5338225	38.2082869	42.5466812
29.8747213	31.2439781	34.7916031
27.0259325	28.2646188	31.4739519
21.8011894	22.8004094	25.3893025
18.9707156	19.8402056	22.0929806
16.6268	17.38886	19.3632944
15.7182656	16.4386869	18.3052331
15.5329131	16.2448394	18.0893731
14.6400294	15.31103	17.049535
16.7567362	17.5247537	19.5146175
17.9131594	18.7341781	20.8613681
19.0742788	19.9485144	22.2135869
18.4220206	19.2663625	21.4539788
19.155255	20.0332038	22.3078906
18.2317381	19.0673581	21.2323787
18.112885	18.9430587	21.0939656
10.8689303	11.3670888	12.6577756
10.4005127	10.8772026	12.1122644
10.6830025	11.1726381	12.4412462
12.0592737	12.6119894	14.0440288
13.66267	14.2888738	15.9113169
16.3179487	17.0658531	19.0036112
20.1961869	21.1218456	23.5201444
26.9263763	28.1605019	31.3580112
37.16551	38.8689306	43.2823362
52.690505	55.1054844	61.362485
57.086405	59.702865	66.4818813
39.5051063	41.3157544	46.0069881
27.3466344	28.60002	31.8474362
20.6358781	21.5816881	24.0321994
16.4596069	17.2140044	19.168585
13.9380738	14.5769019	16.2320475
11.8381575	12.3807394	13.7865219
11.4742463	12.0001481	13.3627169
10.8456671	11.3427613	12.6306837
10.4941453	10.9751257	12.2213056
11.2122169	11.7261106	13.0575619
11.4832186	12.0095344	13.3731656
10.892938	11.3921969	12.6857337
11.2502351	11.7658705	13.1018381
8.65282044	9.04940756	10.0769311
8.97830444	9.38980981	10.455985
9.56910363	10.0076874	11.1440194
10.4864518	10.9670806	12.2123475
12.5439731	13.1189044	14.6085019
14.4319475	15.0934106	16.8072063
19.27031	20.1535331	22.4418844
28.4515756	29.7556062	33.1342312
50.8998763	53.2327856	59.27715
3104.32720061972	3108.47042871972	3119.20513481972
3479.84367434532	3484.33817734532	3495.98305034532
50.6052775	52.9246831	58.934065
31.2266831	32.6579056	36.3660769
19.801455	20.7090206	23.0604456
15.2166406	15.9140713	17.7210475
12.7503238	13.3347131	14.8488144
10.8871075	11.3861006	12.6789425
9.770986	10.2188218	11.3791281
9.11742656	9.53530819	10.6180037
8.76473094	9.16644731	10.2072595
8.70620962	9.10524387	10.1391076
8.76238044	9.16398944	10.204524
8.62716294	9.02257431	10.0470509
8.73811088	9.13860725	10.1762597
8.18570662	8.56088487	9.53293825
8.85790338	9.26389044	10.3157671
10.0364659	10.4964697	11.6883019
12.0788356	12.6324469	14.0668119
15.3048506	16.0063206	17.8237719
25.2552944	26.4128281	29.4118981
45.6380469	47.7297894	53.1493119
3666.22780775824	3670.66204515824	3682.15075315824
61.7585738	64.5891731	71.9230031
28.9981613	30.3272438	33.7707775
18.3140188	19.1534094	21.3282012
13.5049006	14.1238744	15.7275831
10.8713006	11.3695675	12.660535
9.18949506	9.61068	10.7019338
8.43259131	8.81908494	9.82045569
7.98201462	8.34785687	9.29572156
7.85450956	8.21450781	9.14723137
7.91680938	8.279663	9.219785
8.71064694	9.10988469	10.1442735
10.0465026	10.5069662	11.69999
12.6525331	13.2324419	14.7349287
18.6457506	19.5003456	21.7145312
27.7735725	29.0465275	32.3446419
33.2335219	34.7567237	38.7032075
22.6902619	23.7302325	26.4247044
15.2391256	15.937585	17.7472331
11.1489775	11.6599706	12.9839131
9.36073131	9.78976456	10.9013514
8.28023313	8.6597435	9.64302206
8.37188425	8.7555955	9.74975731
10.1252366	10.5893103	11.7916825
12.4822206	13.0543238	14.53659
16.5325631	17.290305	19.2535481
17.0989631	17.8826644	19.9131675
11.6777638	12.2129937	13.5997294
9.87171256	10.3241652	11.4964325
12.3397	12.90527	14.3706106
