#?RADIANCE
genskyvec -m 1
NROWS=146
NCOLS=1
NCOMP=3
FORMAT=ascii

12.3824212	12.9499481	14.4203619
29.4957794	30.84767	34.350295
30.3766869	31.7689525	35.3761869
31.3043825	32.7391681	36.4565675
32.3073331	33.7880856	37.624585
32.5047606	33.9945613	37.854505
32.2535412	33.7318275	37.5619394
32.3127125	33.7937113	37.6308506
30.7200625	32.1280638	35.7760738
30.1156294	31.4959263	35.0721594
30.58187	31.9835381	35.6151375
29.4244656	30.773085	34.2672437
29.5191987	30.87216	34.3775669
29.6665744	31.0262919	34.5492
30.4445525	31.8399275	35.4552194
33.4617225	34.9953825	38.9689662
39.3148319	41.1167619	45.7854
44.9610306	47.0217444	52.3608694
58.5859006	61.2710863	68.2281669
79.8687119	83.5293581	93.013775
91.9780062	96.1936706	107.116053
105.687298	110.531292	123.081681
89.1986844	93.2869506	103.879306
75.6627513	79.1306256	88.1155881
59.0063956	61.7108556	68.7178694
44.1947012	46.2202938	51.4684169
37.870775	39.6065175	44.1036738
33.1621794	34.6821125	38.620125
30.7037637	32.1110187	35.7570919
29.081395	30.4142919	33.8677094
28.8445319	30.1665712	33.5918625
21.5942525	22.5839887	25.14831
20.3718419	21.3055506	23.7247081
22.4592731	23.4886563	26.1556975
22.3585687	23.383335	26.0384169
22.6081056	23.6443094	26.3290244
21.6437569	22.6357631	25.2059606
23.09206	24.1504456	26.8926294
23.3900225	24.4620637	27.2396319
22.3149294	23.3376944	25.9875944
19.5361056	20.4315112	22.7514269
20.1860838	21.1112775	23.5083769
20.3757388	21.3096275	23.7292475
22.3120937	23.3347313	25.9842944
23.7198	24.8069581	27.6236862
26.0736044	27.2686437	30.3648869
31.8189237	33.27729	37.0557888
41.5538994	43.4584506	48.3929819
55.0295875	57.5517738	64.0865412
80.731295	84.431475	94.018325
109.140322	114.142588	127.103006
124.602344	130.313294	145.109831
103.451354	108.192871	120.477737
72.4407619	75.7609594	84.3633062
52.1532025	54.5435562	60.7367519
39.3116344	41.1134156	45.781675
32.2035194	33.6795119	37.5036825
25.8854981	27.0719163	30.1458225
23.4277931	24.5015662	27.28362
21.5207794	22.5071488	25.0627425
21.3294219	22.30702	24.83989
14.47888	15.1424937	16.8618625
13.858855	14.4940513	16.1397925
13.9696744	14.6099506	16.2688506
15.1229744	15.8161113	17.6119669
15.09874	15.7907656	17.5837431
15.0868925	15.7783762	17.5699456
14.8853069	15.5675512	17.3351806
14.8669519	15.5483537	17.3138056
14.1784831	14.8283306	16.5120269
15.2155287	15.9129056	17.7197519
16.3246969	17.0729113	19.0114706
19.9129881	20.8256656	23.1903362
25.6980219	26.8758469	29.9274888
36.2149394	37.87479	42.1753181
60.3338206	63.09912	70.2637656
1302.87947720325	1307.65787920325	1320.03825420325
3083.64972319891	3090.21820419891	3107.23654119891
94.1755331	98.4918981	109.675257
50.5507563	52.8676631	58.87057
32.5333463	34.0244575	37.8877962
23.7201744	24.8073481	27.6241194
19.0896975	19.9646406	22.2315444
15.7259856	16.4467569	18.31422
15.0254462	15.7141125	17.4983856
11.1585	11.6699319	12.9950044
11.0043314	11.5086944	12.8154606
10.7014539	11.1919381	12.4627356
10.8655954	11.3636031	12.6538938
11.1317241	11.6419287	12.9638225
11.0298196	11.5353525	12.8451431
10.9052687	11.4050931	12.7000956
11.1912969	11.7042306	13.0331981
11.3631863	11.8839987	13.2333781
12.1299594	12.6859156	14.1263488
13.5252556	14.1451625	15.7512875
15.9962662	16.7294294	18.6289863
19.9851425	20.9011256	23.2743638
30.5345588	31.93406	35.5600413
48.2742612	50.4868306	56.2194038
70.1687362	73.3848031	81.7173469
2120.0875402612	2124.3846084612	2135.5179211612
69.42806	72.6101838	80.8547662
42.5567937	44.5073125	49.5609363
27.5810813	28.8452125	32.1204694
19.978865	20.8945606	23.2670525
15.4719188	16.1810494	18.0183406
13.1185156	13.7197825	15.2776062
12.1712612	12.7291113	14.1744469
9.79871475	10.2478224	11.4114194
9.31316656	9.74002006	10.8459587
9.02659375	9.44031219	10.5122206
9.13767287	9.55648256	10.6415819
9.21310131	9.63536856	10.7294244
9.37276706	9.80235263	10.9153688
9.89886594	10.3525631	11.528055
11.3086875	11.8270025	13.1699113
13.2240531	13.8301538	15.4005125
17.9413794	18.7636919	20.8942331
23.6621012	24.746615	27.5564906
37.4640644	39.1811644	43.6300263
47.6262862	49.8091575	55.4647837
35.3646669	36.9855469	41.1851037
23.6968144	24.7829181	27.5969181
16.4066725	17.1586444	19.1069388
12.7482694	13.332565	14.8464219
10.7784981	11.2725125	12.5524587
9.21318137	9.63545238	10.7295181
8.57702806	8.97014156	9.98866412
8.45167756	8.83904588	9.84268363
8.69806106	9.096722	10.1296179
9.34728537	9.77570263	10.8856931
11.3432875	11.8631869	13.2102025
14.9473025	15.6323881	17.4073806
19.4060037	20.2954456	22.5999106
24.3818656	25.4993675	28.3947169
19.5775906	20.4748969	22.7997381
13.8995069	14.5365675	16.1871344
10.6525003	11.14074	12.4057256
9.60136306	10.0414245	11.1815869
8.99077425	9.40285125	10.4705072
9.70238369	10.1470759	11.299235
11.9514144	12.4991881	13.91842
13.3845725	13.9980306	15.58745
12.0386169	12.5903881	14.0199744
10.3950492	10.8714894	12.1059031
