#?RADIANCE
genskyvec -m 1
NROWS=146
NCOLS=1
NCOMP=3
FORMAT=ascii

6.57649162	6.87791419	7.65887281
23.5576006	24.6373231	27.43479
23.0935838	24.1520388	26.8944038
23.7178294	24.8048963	27.6213913
25.5611681	26.7327225	29.7681138
29.5701887	30.9254869	34.4369487
36.37594	38.0431694	42.3628156
46.4714038	48.6013425	54.119825
67.4353269	70.5261119	78.5340619
97.7971319	102.27949	113.892903
111.663303	116.781208	130.041208
122.189867	127.790222	142.300288
84.788525	88.6746594	98.7433019
59.1141906	61.8235894	68.8434037
43.6580375	45.6590312	50.8434256
33.5513331	35.0891019	39.0733256
28.3749594	29.6754769	33.0450056
25.0107275	26.1570512	29.1270762
23.6378994	24.7213025	27.528305
22.9896775	24.04337	26.7733956
23.9844663	25.0837531	27.9319106
25.0045931	26.1506356	29.1199338
25.62129	26.7955987	29.8381294
26.0861094	27.2817206	30.37945
27.8249087	29.1002181	32.4044256
27.5384813	28.8006606	32.0708563
28.3495713	29.6489237	33.0154388
27.3419269	28.5950981	31.8419562
26.4211619	27.63213	30.7696463
24.872205	26.0121806	28.9657581
23.8453525	24.9382637	27.7699006
17.5916281	18.3979119	20.4869175
16.5546269	17.31338	19.2792444
18.5835475	19.4352944	21.6420906
20.0265913	20.9444769	23.3226362
24.27876	25.3915362	28.2746413
29.8236469	31.1905644	34.732125
40.9525431	42.8295338	47.6926506
61.7649312	64.5958231	71.9304125
100.629241	105.241422	117.191155
1689.03391321205	1695.96827621205	1713.93461321205
139.7437	146.148638	162.743206
87.7745187	91.7975206	102.220745
57.9797219	60.6371238	67.5222188
38.5607956	40.3281644	44.9072613
28.5733494	29.8829606	33.2760488
22.2969187	23.3188606	25.9666219
20.9781831	21.9396819	24.4308438
17.6122831	18.4195125	20.5109719
17.0133631	17.7931412	19.81348
16.397675	17.1492344	19.0964594
17.0704869	17.8528831	19.8800056
18.1886094	19.0222531	21.1821519
17.6760712	18.486225	20.5852588
19.8301231	20.739005	23.0938331
20.4700912	21.4083031	23.8391281
20.7435712	21.6943175	24.1576194
19.2445656	20.1266094	22.4119038
19.0303994	19.9026269	22.1624888
17.8764981	18.6958375	20.8186725
17.7015263	18.512845	20.6149037
11.7217994	12.2590481	13.6510131
11.5988119	12.1304263	13.507785
12.8073962	13.3944012	14.9152825
16.5465112	17.3048931	19.2697912
22.3553194	23.3799369	26.0346331
34.7368625	36.3289675	40.4539719
58.9706794	61.6734994	68.6762737
1384.24453291459	1389.23283991459	1402.15709091459
1395.29879935171	1399.87392675171	1411.72768575171
58.01958	60.67881	67.56864
35.3969956	37.0193556	41.2227506
22.3885319	23.4146706	26.0733125
16.4097931	17.1619075	19.1105725
13.3130394	13.9232212	15.5041456
12.1854713	12.7439713	14.1909969
11.8715969	12.4157087	13.8254631
11.5812636	12.1120719	13.4873494
12.6191619	13.1975381	14.6960669
12.495745	13.0684675	14.5523388
12.0032837	12.5534325	13.9788237
12.6540238	13.2339988	14.736665
12.5662381	13.14219	14.6344337
11.5512844	12.0807181	13.4524331
11.7988864	12.3396694	13.7407888
8.7606155	9.16214369	10.2024672
9.33724706	9.76520344	10.8740024
10.3721966	10.8475883	12.0792881
12.2506675	12.8121575	14.266925
17.1054656	17.8894644	19.9207412
22.2528975	23.2728219	25.9153544
34.6198138	36.2065531	40.3176594
48.2345	50.4452462	56.1730956
45.2576031	47.3319087	52.7062538
34.24145	35.8108488	39.8770256
22.7795394	23.8236006	26.5286744
15.5906863	16.3052594	18.1566544
12.8205625	13.4081719	14.9306156
10.5834495	11.0685234	12.3253106
9.48149144	9.91605981	11.041987
8.79297994	9.19599194	10.2401592
8.60444325	8.99881344	10.0205913
8.68862081	9.08684875	10.1186234
9.00385681	9.41653325	10.4857419
9.01602644	9.42926119	10.4999151
9.0814405	9.49767262	10.5760935
9.06731112	9.48289506	10.5596398
8.75714887	9.15851731	10.1984301
8.90457737	9.31270375	10.3701231
7.30609519	7.6409575	8.50855694
8.095862	8.46692187	9.42830644
9.4204225	9.852192	10.9708676
12.5717406	13.1479456	14.6408412
17.0939244	17.8773937	19.9072994
22.51545	23.5474081	26.2211188
23.6697931	24.7546587	27.5654469
18.1790231	19.0122275	21.1709875
13.6893138	14.31674	15.9423494
10.3166836	10.7895301	12.0146362
8.38259681	8.76679881	9.76223269
7.62342031	7.97282681	8.87810888
7.22562581	7.55680013	8.41484369
7.01618237	7.33775719	8.17092944
6.88485831	7.20041419	8.01799162
6.92175687	7.23900406	8.06096319
7.04843981	7.37149294	8.20849588
7.07629237	7.40062225	8.2409325
6.75403175	7.06359131	7.86563313
7.61505806	7.96408125	8.86837031
10.0023063	10.4607451	11.64852
13.2927794	13.9020329	15.4805513
13.1299275	13.7317137	15.290895
10.7074774	11.1982371	12.4697506
8.56739369	8.9600655	9.97744381
7.17890306	7.507936	8.36043113
6.43522856	6.73017638	7.49436025
6.16574956	6.44834619	7.1805295
6.19396356	6.47785338	7.21338712
6.22985594	6.51539062	7.25518656
6.52504844	6.82411306	7.59896319
7.59382931	7.94187944	8.84364731
8.33518069	8.71720975	9.70701219
7.64091531	7.99112381	8.89848294
6.30275706	6.59163331	7.34008638
6.05393506	6.33140687	7.05031225
6.78873056	7.09988056	7.90604306
