#?RADIANCE
genskyvec -m 1
NROWS=146
NCOLS=1
NCOMP=3
FORMAT=ascii

4.95223331	5.1792105	5.7672885
17.36638	18.1623381	20.2245975
17.5771788	18.3828006	20.4700913
18.2066194	19.0410881	21.2031263
19.6969094	20.5996844	22.9386931
23.0289737	24.0844694	26.8191594
28.8576719	30.1803131	33.6071662
37.9773987	39.7180244	44.227845
58.7607	61.4538962	68.431735
89.6903406	93.80114	104.451883
98.266975	102.770876	114.440088
98.4056894	102.915936	114.601633
61.0651794	63.8639988	71.1154937
40.7719444	42.6406562	47.4823288
30.0099725	31.3854287	34.949115
23.4140475	24.48719	27.2676088
20.4816844	21.4204281	23.8526281
18.3604344	19.2019519	21.3822556
17.7919013	18.6073613	20.7201531
17.2520656	18.042785	20.0914687
17.38192	18.1785888	20.2426944
17.6497281	18.4586731	20.5545806
17.3142956	18.1078669	20.16394
17.2399738	18.0301394	20.0773894
17.7189894	18.5311094	20.63524
17.1763175	17.9635631	20.0032531
17.6800337	18.4903681	20.5898737
17.2736394	18.0653481	20.1165931
17.4089394	18.2068481	20.27416
16.9429762	17.7195288	19.73151
17.0695344	17.8518875	19.878895
14.2886856	14.9435838	16.6403656
13.948615	14.5879262	16.2443244
15.4813687	16.1909306	18.0293438
16.7406025	17.5078813	19.4958275
20.3189175	21.2501994	23.6630719
25.4778994	26.645635	29.6711381
35.5131731	37.1408581	41.3580519
55.7543556	58.3097625	64.9305969
96.4210813	100.840381	112.290394
2067.02800526818	2073.65195526818	2090.81401126818
788.528089952255	793.380028952255	805.950983952255
62.8520794	65.7327988	73.1964869
40.9632044	42.840685	47.7050681
27.582925	28.8471419	32.1226162
21.0293075	21.9931513	24.4903837
17.1245969	17.9094762	19.9430219
16.3982837	17.1498725	19.0971687
14.3813125	15.0404575	16.7482381
13.9627369	14.602695	16.2607713
13.4256419	14.0409831	15.6352819
13.5627713	14.1843981	15.7949788
13.8649681	14.5004456	16.1469106
13.2971081	13.9065575	15.4855906
14.1680369	14.817405	16.4998619
14.3752981	15.0341681	16.7412337
14.5092312	15.1742356	16.8972094
13.9052881	14.5426125	16.1938662
14.0420594	14.6856531	16.3531487
13.7527019	14.3830338	16.0161681
13.9948612	14.6362925	16.2981825
10.7132373	11.2042613	12.47646
10.7900261	11.28457	12.565885
11.8296213	12.3718113	13.7765812
14.8802638	15.5622763	17.3293081
20.1519	21.0755281	23.4685694
31.7061944	33.1593931	36.9245075
53.5371625	55.9909469	62.3484925
702.010481757504	706.064806157504	716.569206057504
68.7017981	71.8506275	80.0089669
41.6140675	43.5213769	48.4630525
26.3296556	27.5364325	30.6630806
17.4265937	18.2253125	20.2947219
13.5168369	14.13636	15.741485
11.598815	12.1304269	13.5077869
10.917514	11.4179	12.714355
10.6603167	11.148915	12.4148281
10.3072484	10.7796631	12.0036487
10.7333678	11.225315	12.4999019
10.4666771	10.9463996	12.1893188
10.1228884	10.5868531	11.7889475
10.4592356	10.9386169	12.1806513
10.5008541	10.9821433	12.2291212
10.1385867	10.6032704	11.8072306
10.4841227	10.9646438	12.2096344
8.81288069	9.21680412	10.2633347
9.32506719	9.75246519	10.8598188
10.254124	10.7241034	11.9417838
11.8704625	12.4145244	13.8241431
16.1983519	16.940775	18.86433
20.8588694	21.8149012	24.2918937
30.9584919	32.3774219	36.053745
39.6435925	41.4605894	46.1682681
34.725865	36.3174644	40.4411638
26.5267687	27.7425794	30.892635
18.4024525	19.2458969	21.4311906
13.3363831	13.9476344	15.5313306
11.3764056	11.8978225	13.2487731
9.8734405	10.3259723	11.4984444
9.16779181	9.58798225	10.6766583
8.70771844	9.10682194	10.1408644
8.52619606	8.91697956	9.92946631
8.49480481	8.88414975	9.89290912
8.58649656	8.98004406	9.99969081
8.54746812	8.93922663	9.95423875
8.58253044	8.97589613	9.99507263
8.63391825	9.02963931	10.0549183
8.55554306	8.94767213	9.96364325
8.7549545	9.15622319	10.1958735
7.87896219	8.240081	9.17570863
8.56647	8.95909981	9.97636925
9.74278706	10.1893308	11.3462888
12.5003319	13.0732644	14.5576806
16.3730581	17.1234894	19.0677894
20.2622569	21.1909437	23.5970888
20.3986487	21.3335862	23.7559269
15.7579906	16.4802312	18.3514925
12.3500469	12.9160894	14.3826594
9.84523394	10.2964743	11.465595
8.50890612	8.89889731	9.90933119
7.97251094	8.33791725	9.284654
7.68175719	8.0338375	8.94604694
7.49559225	7.83914006	8.72924256
7.38965225	7.72834456	8.60586644
7.41171881	7.75142244	8.6315645
7.52818156	7.87322319	8.76719544
7.62699719	7.9765675	8.88227394
7.56096544	7.90750944	8.80537494
8.33202475	8.71390863	9.703337
10.3800263	10.855776	12.0884056
13.0352324	13.6326813	15.1806156
12.6599106	13.2401544	14.74352
10.5087066	10.9903561	12.238265
8.78571775	9.18839625	10.2317007
7.75122606	8.10649044	9.02694931
7.20549063	7.535742	8.3913945
7.00892631	7.33016844	8.162479
7.02253181	7.34439769	8.17832387
7.11268863	7.43868675	8.28331912
7.44367062	7.78483856	8.66877519
8.34648587	8.72903306	9.72017944
8.89298519	9.30058	10.3566222
8.24329606	8.62111362	9.60000569
7.20878719	7.53918962	8.39523381
7.02309588	7.34498756	8.17898088
7.65036506	8.00100669	8.90948813
