#?RADIANCE
genskyvec -m 1
NROWS=146
NCOLS=1
NCOMP=3
FORMAT=ascii

8.60027306	8.99445188	10.0157347
25.7076306	26.885895	29.9386787
26.5109331	27.726015	30.8741919
27.4693425	28.7283512	31.9903375
28.6375613	29.950115	33.3508281
29.2759456	30.6177581	34.0942781
29.2695656	30.6110844	34.0868494
29.4753919	30.8263481	34.3265544
28.0817825	29.3688619	32.7035763
27.6389006	28.9056825	32.187805
27.5056338	28.7663069	32.0326031
26.3560744	27.5640613	30.6938462
25.8302813	27.0141662	30.0815156
25.4667481	26.6339731	29.6581531
25.732255	26.9116463	29.967355
27.8577612	29.134575	32.442685
32.4652288	33.9532169	37.8084675
37.2345375	38.9411194	43.3627231
49.2300988	51.48648	57.332555
71.2775831	74.5444731	83.0086912
90.5238687	94.67289	105.422608
118.480144	123.910481	137.979994
105.315902	110.142882	122.64915
89.3011875	93.3941588	103.998681
65.5748287	68.5803369	76.3673563
45.4919475	47.5769919	52.9791663
36.8319369	38.5200662	42.8938631
30.7524625	32.1619494	35.8138069
27.7160494	28.9863694	32.2776506
25.6415244	26.8167613	29.8616931
25.195125	26.3498994	29.3418237
19.082525	19.9571406	22.2231906
18.04172	18.8686325	21.0110887
20.0356081	20.9539069	23.3331381
20.1401412	21.0632312	23.4548737
20.5791394	21.52235	23.9661244
19.8237381	20.7323262	23.0863963
21.2669213	22.2416538	24.7671019
21.5768194	22.5657556	25.1280044
20.4735856	21.4119581	23.8431987
17.6671981	18.476945	20.5749262
18.0130413	18.8386387	20.97769
17.8447906	18.6626756	20.7817462
19.1844231	20.0637075	22.3418594
19.9111475	20.8237406	23.1881906
21.4216506	22.4034762	24.9473
25.5423769	26.7130687	29.7462275
33.2568312	34.7811012	38.7303538
43.3974562	45.386505	50.5399569
65.8773437	68.8967212	76.7196613
97.530395	102.000532	113.582272
1306.53884810746	1312.82488610746	1329.11148010746
129.613106	135.553706	150.945287
86.5290344	90.4949462	100.770279
58.1727594	60.8390075	67.7470275
41.144175	43.0299475	47.9158225
32.059375	33.5287625	37.3358163
24.5401356	25.6648906	28.5790319
21.4765237	22.4608644	25.0112031
19.3062481	20.1911175	22.4837356
18.9222887	19.7895581	22.0365831
12.6604738	13.2407456	14.7441769
12.116035	12.6713519	14.1101325
12.30172	12.8655488	14.3263787
13.504755	14.1237225	15.7274138
13.5807819	14.2032338	15.8159525
13.6116431	14.23551	15.8518931
13.3719731	13.9848556	15.5727781
13.2034813	13.8086412	15.3765556
12.3159737	12.8804556	14.3429788
12.8985244	13.4897069	15.0214081
13.4531856	14.0697887	15.667355
15.8114275	16.5361187	18.4137256
19.5582056	20.4546225	22.7771619
26.3369744	27.544085	30.6716038
42.7447356	44.7038687	49.7798094
74.8056275	78.2342206	87.1173875
2580.7875900133	2586.9801210133	2603.0244710133
1285.42809801419	1290.45102801419	1303.46502001419
53.7288463	56.1914163	62.5717225
32.3903706	33.8749269	37.7212869
22.7215531	23.7629581	26.4611437
17.6188031	18.4263319	20.5185656
14.021915	14.664585	16.3296881
13.2188875	13.8247544	15.3944988
9.55488819	9.99282075	11.1274644
9.44404894	9.87689987	10.9983829
9.21316613	9.635436	10.7294992
9.41676131	9.84836294	10.9666035
9.71901537	10.1644697	11.3186039
9.62121281	10.0621859	11.2047044
9.42960244	9.86179156	10.9815581
9.57376394	10.0125613	11.1494463
9.48885606	9.92376231	11.0505641
9.90334794	10.3572523	11.5332763
10.6700952	11.1591406	12.4262162
12.063475	12.6163844	14.0489225
14.5624688	15.2299144	16.9592081
20.9572706	21.9178106	24.4064913
31.2757162	32.7091856	36.4231794
43.2645762	45.2475369	50.3852056
60.780405	63.5661731	70.7838481
56.8110106	59.4148481	66.1611613
38.8145531	40.5935531	45.2027831
25.3811269	26.5444281	29.5584406
18.1181638	18.9485794	21.1001144
13.7151231	14.3437325	15.972405
11.4144837	11.9376481	13.29312
10.5117228	10.99351	12.2417762
8.17434275	8.54899994	9.51970369
7.78992931	8.14696763	9.07202231
7.55578262	7.90208887	8.79933881
7.6947515	8.04742756	8.96117987
7.73296406	8.08739144	9.0056815
7.71689825	8.07058912	8.98697156
7.99204294	8.35834456	9.3074005
8.78152212	9.18400856	10.2268156
9.87426344	10.3268342	11.4994025
12.6453031	13.2248787	14.72651
15.8145025	16.5393331	18.4173056
23.7881475	24.8784363	27.7032812
30.9410394	32.3591719	36.0334238
26.7656206	27.9923794	31.1707988
19.2481919	20.1303988	22.4161225
13.7028225	14.3308681	15.9580812
10.7388111	11.2310048	12.5062406
9.01880681	9.43216831	10.5031524
7.47642312	7.81909225	8.70691831
6.92751825	7.24502931	8.06767275
6.84830419	7.16218463	7.97542144
6.98664256	7.30686337	8.13652769
7.28269363	7.61648344	8.48130388
8.41259138	8.79816825	9.7971645
10.5232254	11.0055399	12.255175
13.1772425	13.7811994	15.3459981
16.6981388	17.4634713	19.4463737
14.5537263	15.2207725	16.9490294
11.0697079	11.5770681	12.8915975
8.53947144	8.93086356	9.94492669
7.47142838	7.81386869	8.70110138
6.9671875	7.28651681	8.11387087
7.33787788	7.67419725	8.54557081
8.68118169	9.07906863	10.1099598
9.74491744	10.1915603	11.3487694
9.12458625	9.54279669	10.6263427
7.81023375	8.1682025	9.0956685
