#?RADIANCE
genskyvec -m 1
NROWS=146
NCOLS=1
NCOMP=3
FORMAT=ascii

20.528955	21.469865	23.9076794
29.67814	31.0383888	34.56267
31.7326119	33.1870225	36.9552738
33.1982512	34.719835	38.6621288
33.9921206	35.5500919	39.5866581
32.534415	34.025575	37.88904
31.8655381	33.32604	37.1100756
31.1207631	32.5471306	36.2427231
28.7497812	30.0674781	33.4815181
26.7642956	27.9909925	31.1692556
29.3659437	30.7118825	34.1990913
27.1380169	28.38184	31.6044825
29.2008137	30.5391837	34.0067831
30.4679531	31.8644006	35.4824719
32.1275762	33.6000881	37.41524
36.7429519	38.4270044	42.7902312
42.5095137	44.457865	49.5058738
48.04697	50.2491231	55.9547038
55.5107219	58.0549631	64.6468662
61.4425944	64.2587112	71.5550244
60.7969756	63.5835019	70.8031475
56.880105	59.4871087	66.2416269
48.9054056	51.1469006	56.9544238
42.03548	43.962105	48.9538237
37.2283356	38.9346344	43.3555019
32.7095694	34.2087563	38.09302
30.4409006	31.8361069	35.4509669
29.3753312	30.7216994	34.2100244
27.734415	29.0055756	32.2990369
27.9902744	29.2731625	32.59701
28.4634306	29.7680031	33.14804
19.0005156	19.8713725	22.1276856
18.00413	18.82932	20.9673119
20.124355	21.0467206	23.4364894
19.7788563	20.6853869	23.0341281
19.6975094	20.6003119	22.9393925
18.4649175	19.3112269	21.5039381
19.5288506	20.4239225	22.7429744
19.5428619	20.438575	22.7592919
18.5492569	19.3994288	21.6021556
16.5468244	17.3052188	19.2701575
17.6379625	18.4463681	20.5408794
18.6630781	19.5184675	21.7347106
21.4422681	22.4250381	24.9713094
24.3480362	25.4639875	28.3553194
28.1107887	29.3991988	32.7373563
35.3927406	37.0149075	41.2177981
44.3065181	46.3372337	51.5986356
55.3355063	57.871715	64.4428106
64.0526569	66.9884025	74.59466
63.9909713	66.9238887	74.5228225
55.7858125	58.3426612	64.9672319
44.3538581	46.3867419	51.6537675
34.0931919	35.6557963	39.704365
28.5576769	29.86657	33.2577975
24.3540469	25.470275	28.3623194
21.9412469	22.9468862	25.5524106
19.1817131	20.0608731	22.3387031
18.5405481	19.39032	21.5920125
17.8097675	18.6260481	20.74096
18.2496663	19.0861081	21.2532569
12.6577169	13.2378619	14.7409681
12.2510956	12.8126019	14.2674206
12.3580975	12.92451	14.392035
13.2004425	13.8054637	15.3730163
13.0316631	13.6289475	15.1764569
12.9298938	13.5225119	15.0579375
12.8698575	13.4597256	14.9880219
13.22093	13.8268906	15.3968775
13.4356556	14.0514575	15.6469431
15.4742406	16.1834769	18.0210425
18.0764794	18.9049838	21.0515662
24.2986206	25.4123075	28.2977719
34.2899731	35.8615969	39.933535
50.8010262	53.1294063	59.1620312
73.4843206	76.8523513	85.5786225
80.2700425	83.9490825	93.4811612
58.3455987	61.0197694	67.948315
40.9146825	42.7899356	47.6485587
27.1429775	28.3870275	31.6102594
20.5935025	21.53737	23.9828487
16.8128431	17.5834306	19.5799594
14.67914	15.3519338	17.0950831
12.9843719	13.5794875	15.1213838
12.79869	13.3852962	14.9051412
10.262216	10.7325669	11.9512062
10.1592726	10.6249054	11.8313206
9.9516065	10.4077236	11.5894756
10.0459904	10.5064305	11.6993944
10.2451649	10.7147348	11.9313487
10.2441364	10.7136594	11.9301525
10.4694294	10.9492788	12.192525
11.1742844	11.68644	13.0133856
12.2739394	12.8364931	14.294025
14.0855919	14.7311819	16.4038469
17.5081188	18.3105737	20.3896638
23.7789956	24.8688669	27.6926244
32.4079244	33.8932875	37.7417306
56.2971469	58.8774319	65.5627231
2593.41277254258	2597.79481194258	2609.14827294258
4570.72235650189	4576.20050050189	4590.39385050189
73.7489787	77.1291394	85.88684
44.2667062	46.295595	51.55227
27.7089675	28.9789613	32.2694044
19.7195025	20.6233131	22.9650062
15.5580431	16.2711219	18.1186425
12.9578275	13.5517256	15.0904694
11.5295669	12.0580038	13.4271413
10.8835369	11.3823644	12.674785
9.75313906	10.2001563	11.3583431
9.3111415	9.73790188	10.8436013
9.14985681	9.56922487	10.6557706
9.26219156	9.68670831	10.7865944
9.57378813	10.0125856	11.1494756
10.5047219	10.9861881	12.2336256
11.9155244	12.4616525	13.8766225
15.5116188	16.2225681	18.0645731
20.5464994	21.4882138	23.9281131
33.1296981	34.6481425	38.5822969
50.4985425	52.8130575	58.8097631
2601.71293365049	2605.58777355049	2615.62711545049
67.5845362	70.6821581	78.707825
33.9377212	35.4931981	39.5233062
21.6836375	22.67747	25.252405
15.2828681	15.9833337	17.7981744
12.11394	12.6691619	14.1076919
10.5582881	11.0422106	12.2960069
10.0210383	10.4803361	11.6703344
9.6462935	10.0884161	11.2339119
9.63286638	10.0743716	11.218275
10.4018729	10.8786256	12.1138488
12.4643256	13.0356075	14.5157463
17.759815	18.5738063	20.682785
27.2539719	28.5031106	31.7395238
37.1878356	38.8922775	43.3083369
38.1886319	39.9389437	44.4738481
23.7100013	24.7967075	27.6122725
14.9038344	15.5869262	17.3567575
11.7507825	12.2893606	13.6847656
11.8833394	12.4279919	13.8391388
11.6167713	12.1492062	13.5286988
13.7578638	14.3884325	16.02218
19.0347587	19.9071844	22.1675625
19.6330163	20.5328612	22.8642812
15.4856331	16.19539	18.0343113
14.4840312	15.1478819	16.8678631
