#?RADIANCE
genskyvec -m 1
NROWS=146
NCOLS=1
NCOMP=3
FORMAT=ascii

7.10685031	7.43258087	8.27651981
24.1989256	25.3080425	28.1816663
23.6934763	24.7794263	27.5930275
24.2427662	25.3538925	28.2327231
25.9197	27.1076862	30.1856512
29.5368569	30.89063	34.398135
35.7118788	37.3486725	41.5894644
44.8483712	46.9039181	52.2296669
63.3748762	66.2795562	73.8053294
90.0429206	94.1698925	104.862491
103.819832	108.578239	120.906855
117.212708	122.584955	136.503975
85.5767356	89.4989969	99.6612387
61.1918706	63.996495	71.2630331
45.593005	47.6826831	53.0968538
35.0882888	36.6964988	40.8632375
29.5862894	30.9423275	34.4557
26.04206	27.2356531	30.32815
24.4290481	25.5487125	28.4496638
23.5813969	24.6622113	27.4625037
24.5283062	25.6525187	28.5652581
25.3742569	26.5372431	29.5504375
25.974985	27.1655031	30.2500362
26.3472594	27.5548413	30.6835794
28.1265569	29.41569	32.7557206
27.9323269	29.2125569	32.5295238
28.8155344	30.136245	33.55809
27.90895	29.1881081	32.5022988
26.9902163	28.2272675	31.4323575
25.5003269	26.6690913	29.6972581
24.4763838	25.5982163	28.5047881
17.7718525	18.5863956	20.696805
16.6460313	17.4089731	19.3856906
18.6604556	19.5157256	21.7316575
19.9347681	20.8484456	23.2157012
23.8578356	24.9513194	27.7844387
28.8848231	30.2087106	33.6387881
39.140575	40.9345169	45.582465
57.8600356	60.5119531	67.3828381
91.8214031	96.0298937	106.933679
135.242063	141.440644	157.500656
1398.250593288	1404.521674288	1420.769524288
91.2231181	95.4041862	106.236935
60.8366381	63.6249819	70.8493387
40.4462856	42.3000725	47.1030712
29.8247162	31.1916831	34.7333706
23.0876219	24.145805	26.8874625
21.6178031	22.6086169	25.175735
17.9767531	18.8006875	20.9354275
17.2347187	18.0246419	20.0712663
16.4887756	17.2445125	19.202555
17.08264	17.8655931	19.8941575
18.1379012	18.9692225	21.1230994
17.5500775	18.3544556	20.4385288
19.7346137	20.6391162	22.9826037
20.3992006	21.3341644	23.75657
20.7226844	21.6724737	24.1332944
19.2510744	20.1334156	22.4194812
19.1163587	19.9925244	22.2625944
17.9933931	18.8180894	20.9548063
17.8641113	18.6828831	20.8042481
11.6400856	12.1735881	13.55585
11.4786725	12.0047756	13.3678694
12.6146425	13.1928138	14.6908037
16.186065	16.9279262	18.8500225
21.6223806	22.6134069	25.1810663
33.2149781	34.7373312	38.6816113
56.0910619	58.6619019	65.3227206
1368.18394842741	1372.99476442741	1385.45916542741
1843.15186008994	1848.15624708994	1861.12219008994
62.8122356	65.6911288	73.1500888
37.6776331	39.404525	43.8787469
23.3928081	24.4649775	27.2428762
16.8970687	17.6715156	19.6780444
13.5397525	14.1603244	15.7681719
12.2644825	12.826605	14.2830137
11.8440063	12.3868562	13.7933325
11.4469839	11.9716369	13.3309675
12.4403356	13.0105169	14.4878069
12.2699294	12.8323	14.2893544
11.7670869	12.3064113	13.7037544
12.4483544	13.0189037	14.4971469
12.399305	12.9676044	14.4400237
11.4164202	11.9396719	13.2953719
11.7115981	12.2483788	13.6391331
8.57604437	8.96911275	9.98751862
9.13805256	9.55688038	10.6420241
10.1130585	10.5765741	11.7775
11.9173881	12.4636031	13.8787919
16.6012937	17.362185	19.3335919
21.6221669	22.6131806	25.1808144
34.2829981	35.8543025	39.9254125
49.6598306	51.935905	57.8330156
48.9811569	51.226125	57.04264
36.9328319	38.6255844	43.0113625
24.09993	25.2045106	28.0663781
16.1558538	16.8963294	18.8148406
13.1181987	13.71945	15.2772362
10.6752242	11.1645044	12.4321875
9.45863206	9.89215206	11.0153665
8.69144075	9.08979844	10.1219082
8.43721806	8.82392325	9.82584437
8.47600262	8.86448575	9.871012
8.75950587	9.16098262	10.2011752
8.76144375	9.16300994	10.2034319
8.83495575	9.23989088	10.2890429
8.84546969	9.25088681	10.3012871
8.55581762	8.94795888	9.96396325
8.724991	9.12488619	10.1609807
7.07786337	7.40226525	8.24276219
7.84915694	8.20890975	9.14099812
9.13700094	9.55578006	10.640799
12.2492694	12.8106931	14.265295
16.8555219	17.6280669	19.6296619
22.9528087	24.0048112	26.73046
24.7327488	25.8663306	28.8033475
19.0073669	19.8785369	22.1356644
14.1011763	14.7474819	16.4219969
10.4317171	10.9098385	12.1486056
8.34163269	8.72395731	9.71452656
7.50542888	7.84942756	8.74069794
7.04688025	7.36986219	8.20667969
6.78889269	7.10004987	7.90623156
6.63889606	6.9431785	7.73154813
6.672767	6.97860181	7.77099344
6.80956194	7.12166675	7.930303
6.848935	7.16284419	7.97615575
6.50966294	6.80802225	7.58104531
7.36198531	7.69940925	8.5736455
9.76512794	10.2126963	11.3723056
13.2501659	13.8574648	15.4309231
13.2642244	13.8721681	15.4472944
10.8020192	11.2971098	12.5798519
8.53249538	8.92356806	9.93680237
7.05054994	7.37369981	8.21095312
6.242584	6.52870225	7.27000963
5.93715331	6.20927281	6.91431019
5.94988687	6.22258969	6.92913938
5.98763856	6.26207181	6.97310431
6.28722344	6.57538756	7.32199613
7.38016819	7.71842563	8.59482119
8.19324006	8.56876313	9.54171125
7.50944981	7.85363263	8.7453805
6.09728569	6.3767445	7.10079762
5.82288456	6.08976669	6.78123475
6.58169287	6.88335338	7.66493006
