#?RADIANCE
genskyvec -m 1
NROWS=146
NCOLS=1
NCOMP=3
FORMAT=ascii

22.785835	23.8301856	26.536005
28.5137719	29.8206525	33.2066638
30.3870775	31.7798181	35.388285
31.6352856	33.0852319	36.841925
32.1246306	33.5970069	37.4118106
30.3173219	31.7068663	35.3070519
29.5856225	30.94163	34.4549244
28.8371525	30.1588544	33.5832687
26.7051419	27.9291269	31.1003644
24.8082912	25.9453387	28.8913262
27.9013344	29.1801462	32.4934313
25.9480669	27.1373531	30.2186881
28.5253519	29.8327631	33.2201506
30.1884825	31.57212	35.1570031
32.0880275	33.5587288	37.3691831
36.7546913	38.4392825	42.8039031
42.0213312	43.9473081	48.937345
46.6474494	48.7854544	54.3248463
51.7105519	54.0806175	60.22125
54.04137	56.518265	62.9356825
52.2837787	54.6801169	60.8888212
47.5655756	49.7456638	55.39408
41.6762963	43.5864581	48.5355194
36.1211112	37.77666	42.0660456
32.8030656	34.3065363	38.2019038
29.8761606	31.2454844	34.7932819
28.2847488	29.5811325	32.9399494
27.9194738	29.1991156	32.5145556
26.4725675	27.6858931	30.8295131
27.023055	28.2616113	31.4706019
27.4276769	28.6847794	31.9418169
17.8053506	18.6214275	20.7358138
16.7723769	17.5411106	19.5328319
18.6724762	19.5282975	21.7456544
18.2050262	19.0394231	21.2012713
18.0139069	18.8395425	20.9786962
16.8379638	17.6097019	19.6092106
17.8043406	18.6203706	20.7346375
17.8914238	18.7114456	20.8360538
17.1885331	17.9763406	20.0174794
15.6371031	16.3538025	18.2107112
16.9614781	17.7388763	19.7530544
18.2991831	19.1378938	21.3109237
21.3307806	22.3084406	24.8414744
24.5989831	25.7264362	28.6475663
28.612085	29.9234712	33.3211613
35.7856206	37.4257931	41.67534
43.4047537	45.3941363	50.5484556
51.5500312	53.9127412	60.0343125
54.7494131	57.2587581	63.7602581
51.3805819	53.7355219	59.8369706
43.8682075	45.8788325	51.0881862
35.4674212	37.09301	41.3047706
27.9476	29.2285306	32.5473119
24.274795	25.3873888	28.2700231
21.2680844	22.2428725	24.7684588
19.5798738	20.4772844	22.8023962
17.4479962	18.2476956	20.3196469
17.1464669	17.9323444	19.9684888
16.6141275	17.3756081	19.3485369
17.102685	17.8865581	19.9175038
11.7743369	12.3139925	13.7121969
11.3798456	11.9014219	13.2527788
11.4374256	11.9616412	13.3198375
12.1537094	12.7107556	14.1540106
11.9975012	12.5473869	13.9720906
11.9738475	12.5226494	13.9445425
12.0805106	12.6342	14.0687619
12.6649931	13.2454706	14.74944
13.2034244	13.8085825	15.3764894
15.6036656	16.3188312	18.1717681
18.6817781	19.5380256	21.7564887
25.6695425	26.8460644	29.8943231
36.4583094	38.1293131	42.4587431
52.2043244	54.5970225	60.7962906
66.3705269	69.4125094	77.2940162
62.3224156	65.1788588	72.5796512
43.8342975	45.8433675	51.0486944
31.980825	33.4466125	37.2443388
22.3953625	23.4218144	26.0812675
17.6376431	18.4460337	20.5405056
14.8672419	15.548655	17.3141412
13.2670894	13.8751625	15.4506306
11.9338256	12.4807919	13.8979344
11.8767894	12.4211412	13.8315125
9.5676145	10.0061297	11.1422856
9.48461106	9.91932281	11.0456194
9.30305006	9.72943906	10.8341787
9.393713	9.82425775	10.9397625
9.61908869	10.0599628	11.20223
9.69463838	10.1389762	11.2902163
10.0996316	10.5625306	11.7618625
10.9946238	11.4985431	12.8041556
12.4229169	12.9923019	14.4675237
14.6159263	15.2858212	17.021465
18.7872756	19.6483588	21.8793487
26.5603612	27.7777112	30.9317562
36.88547	38.576055	42.9562069
63.8090037	66.7335819	74.3109069
3497.14472516584	3501.58910286584	3513.10409986584
2836.4729923348	2840.6324823348	2851.4093369348
55.008915	57.5301563	64.06247
34.7242488	36.3157769	40.4392844
22.8871619	23.9361575	26.65401
16.9691737	17.746925	19.7620169
13.7787387	14.4102638	16.0464881
11.7428362	12.2810506	13.6755144
10.5990007	11.0847863	12.3434206
10.0850948	10.5473294	11.7449356
9.17107844	9.59141931	10.680485
8.80605781	9.2096685	10.2553894
8.71924506	9.11887694	10.1542875
8.8899955	9.29745344	10.3531419
9.31971506	9.74686875	10.8535856
10.5410987	11.0242319	12.2759881
12.2842594	12.8472862	14.3060425
16.7291194	17.4958706	19.4824556
23.0668262	24.1240556	26.8632431
39.1644331	40.9594694	45.6102494
61.1611437	63.9643606	71.2272506
3699.84826647182	3703.97188957182	3714.65582787182
56.4924406	59.081675	65.7901581
28.9621362	30.2895675	33.7288237
19.0992337	19.974615	22.2426512
13.8152994	14.4485	16.0890669
11.1455319	11.6563675	12.9799006
9.84710963	10.2984344	11.4677794
9.57268719	10.0114351	11.1481937
9.35647556	9.7853135	10.8963956
9.47757219	9.91196069	11.0374238
10.4786623	10.9589337	12.2032762
13.0217263	13.6185544	15.1648856
19.5564931	20.4528313	22.7751663
31.3397069	32.7761075	36.4977012
41.7393087	43.65236	48.6089069
37.3150844	39.0253587	43.4565256
22.1070856	23.1203256	25.7455437
13.8581138	14.4932762	16.1389294
11.1431113	11.6538363	12.9770831
11.6682387	12.2030325	13.5886381
11.67769	12.2129188	13.5996456
14.3179556	14.9741944	16.6744531
20.4445338	21.3815737	23.8093644
19.9478375	20.8621119	23.2309187
15.1495506	15.8439038	17.6429137
14.7357444	15.4111325	17.1610044
