#?RADIANCE
genskyvec -m 1
NROWS=146
NCOLS=1
NCOMP=3
FORMAT=ascii

22.8435981	23.8905969	26.6032744
33.9349194	35.4902713	39.5200456
33.4769069	35.0112631	38.9866494
32.8028856	34.30635	38.2016975
31.0014794	32.4223788	36.1038075
27.0719337	28.3127294	31.5275256
25.75542	26.9358763	29.9943337
25.2969269	26.45637	29.46038
25.0616281	26.210285	29.1863562
25.2893862	26.4484819	29.4516006
31.7155619	33.1691912	36.9354163
32.8700656	34.3766081	38.2799319
38.9925688	40.7797275	45.4100994
42.90698	44.8735475	49.9687544
45.3296337	47.4072419	52.7901387
47.5867806	49.7678412	55.4187769
46.2241375	48.3427413	53.8318619
44.1130431	46.1348894	51.3733188
38.8569769	40.6379206	45.2521894
33.7085075	35.2534787	39.2563681
32.1165937	33.5886013	37.40245
27.545135	28.8076206	32.0786069
26.7558781	27.9821875	31.1594494
24.5233706	25.6473556	28.5595087
25.700035	26.8779531	29.9298338
28.1630063	29.4538094	32.7981681
30.2642669	31.6513775	35.2452619
33.2215581	34.7442125	38.689275
32.6433612	34.1395144	38.0159156
34.0839525	35.6461319	39.693605
33.8118881	35.3615987	39.3767637
18.6654119	19.52091	21.7374281
16.4012912	17.1530163	19.1006713
17.5610331	18.3659131	20.4512869
16.0374569	16.7725044	18.676955
15.3259294	16.0283675	17.8483231
14.4754369	15.1388937	16.8578531
15.794815	16.518745	18.3943787
17.1763475	17.9635962	20.0032906
18.8499675	19.7139244	21.9523588
19.7477088	20.6528125	22.9978538
23.6930675	24.7789987	27.5925525
28.0855263	29.3727781	32.7079375
34.2263306	35.7950387	39.8594163
40.5809713	42.4409306	47.259925
43.5109869	45.5052375	50.6721731
41.2887875	43.1811875	48.084235
36.9085569	38.6001987	42.9830931
29.9447431	31.31721	34.8731506
24.8993131	26.0405312	28.9973256
21.0050694	21.9678025	24.4621544
18.6600819	19.515335	21.7312212
16.9124213	17.6875731	19.6959238
14.7642344	15.4409288	17.1941819
15.4170288	16.1236431	17.9544156
15.7797231	16.50296	18.3768038
16.6410969	17.4038137	19.379945
16.4900331	17.2458269	19.2040194
17.8124063	18.6288075	20.7440312
17.759365	18.5733356	20.6822625
18.4259781	19.2705031	21.45859
10.9358739	11.4371006	12.7357356
10.2844571	10.7558286	11.9771094
10.0983912	10.5612331	11.7604187
10.6602986	11.148895	12.4148069
10.979618	11.4828488	12.7866794
12.0489544	12.6011963	14.0320106
13.8263919	14.4601	16.1019856
16.7159694	17.4821206	19.4671425
19.9807594	20.8965425	23.2692594
27.8700975	29.1474781	32.457055
40.2784669	42.1245619	46.9076319
54.8893581	57.4051181	63.923235
49.1100313	51.360905	57.1927256
35.2903462	36.9078187	41.0985506
23.9805862	25.079695	27.9273925
18.5227556	19.3717138	21.5712912
14.5436219	15.2102069	16.9372612
13.0596725	13.65824	15.2090775
11.2614381	11.7775863	13.1148831
10.3274921	10.8008341	12.0272256
10.5126902	10.9945213	12.2429037
10.7314254	11.2232815	12.4976394
10.4668444	10.9465747	12.1895119
11.0917656	11.6001374	12.9172856
8.22184375	8.59867813	9.57502231
8.3134395	8.69447194	9.68169363
8.33011444	8.71191112	9.70111331
8.67957581	9.07738913	10.1080892
9.59556119	10.0353571	11.17483
10.4393529	10.9178238	12.1574969
12.4547862	13.0256294	14.5046363
15.3691488	16.0735662	17.8986525
20.6825019	21.6304494	24.0864994
30.5467837	31.9468444	35.5742775
57.4838294	60.1185056	66.9447144
4506.24970962394	4511.69045762394	4525.78698162394
3107.48906053531	3111.55846433531	3122.10192643531
40.4163262	42.2687406	47.0681819
23.9885375	25.0880106	27.9366513
17.6784931	18.4887556	20.58808
13.7912225	14.42332	16.0610281
11.6060762	12.1380213	13.5162431
10.070388	10.5319475	11.7278081
9.1158195	9.53362794	10.6161307
8.65741319	9.05421106	10.0822808
8.50280863	8.89252062	9.90223025
8.33698162	8.71909325	9.70911044
8.44447313	8.83151113	9.83429344
7.54235075	7.88804156	8.78369637
7.75138813	8.10665975	9.02713781
8.24946419	8.62756438	9.60718906
9.21780775	9.64029062	10.7349062
10.6985712	11.1889219	12.4593775
14.1964563	14.8471263	16.5329563
19.6614344	20.5625813	22.8973788
39.6257619	41.4419394	46.1475025
3121.75560562364	3125.03611502364	3133.53563122364
70.1781188	73.3946125	81.7282706
33.1370781	34.6558588	38.5908906
19.6440844	20.5444381	22.8771737
13.7699838	14.4011075	16.036295
10.6346431	11.1220631	12.3849275
9.17860456	9.59929013	10.68925
8.2048885	8.58094563	9.55527688
7.72581138	8.07991069	8.99735156
7.55557038	7.90186713	8.79909156
7.87941838	8.24055819	9.1762395
8.53661381	8.92787519	9.94159888
9.81228556	10.2620152	11.4272256
12.4585613	13.0295769	14.5090313
17.2620262	18.0532	20.1030694
28.3031038	29.6003287	32.9613237
31.5532669	32.9994562	36.7464119
20.9203419	21.87919	24.3634812
13.4019206	14.0161744	15.6076544
10.2744594	10.745373	11.9654644
8.44055838	8.82741687	9.82973425
8.04278431	8.41141169	9.36649306
9.27034225	9.69523212	10.7960875
10.6434258	11.1312494	12.3951569
13.8887269	14.5252944	16.1745812
17.12259	17.907375	19.9406844
12.1763156	12.7343975	14.1803344
9.84320412	10.2943514	11.4632325
11.52887	12.0572762	13.4263319
