#?RADIANCE
genskyvec -m 1
NROWS=146
NCOLS=1
NCOMP=3
FORMAT=ascii

3.58026512	3.74436038	4.16951725
16.2970744	17.0440231	18.9793
16.028435	16.7630725	18.6664506
16.0499337	16.7855562	18.69149
16.2393462	16.9836488	18.9120731
16.4441519	17.1978431	19.1505869
16.2445744	16.9891175	18.9181625
16.3622775	17.1122156	19.0552363
15.9563762	16.6877081	18.58253
16.2577944	17.0029425	18.9335575
16.2000675	16.9425706	18.8663313
16.3275856	17.075935	19.0148375
16.2581562	17.0033219	18.9339806
16.3213912	17.0694525	19.00762
16.6060387	17.3671475	19.3391175
17.7480019	18.5614506	20.6690275
20.60929	21.5538837	24.0012381
23.6810006	24.7663794	27.5784987
32.5720069	34.0648875	37.9328163
52.0695863	54.4561069	60.6393763
76.868745	80.3918963	89.5200681
607.686472672009	613.294434672009	627.824166672009
106.998946	111.903061	124.60919
78.2146144	81.7994506	91.0874469
49.8899488	52.17657	58.101005
31.390955	32.8297063	36.5573856
24.2465094	25.3578056	28.2370819
19.8942794	20.8061	23.1685469
18.0582713	18.8859406	21.0303631
16.6425612	17.4053438	19.3816506
16.2533381	16.9982825	18.9283675
13.1039938	13.7045931	15.2606931
12.3436919	12.9094438	14.3752587
13.1090381	13.7098669	15.2665669
12.9265425	13.5190094	15.0540375
12.9457331	13.5390794	15.0763856
12.5393531	13.114075	14.6031231
13.1987044	13.803645	15.3709919
13.4450394	14.0612694	15.6578694
13.15631	13.7593094	15.3216219
12.00567	12.5559287	13.9816031
12.382035	12.9495456	14.4199131
12.4613819	13.0325294	14.5123194
13.2982831	13.9077869	15.4869587
13.6855781	14.3128363	15.9379981
14.456045	15.1186125	16.8352694
16.7293375	17.4960994	19.48271
21.3865313	22.366745	24.9063975
28.0551581	29.3410188	32.6725706
44.0531513	46.0722506	51.3035663
68.5745012	71.7174975	79.8607275
1183.35949647606	1188.52851947606	1201.92100347606
982.488156094459	987.934567094459	1002.04576609446
64.8114269	67.7819525	75.4783106
41.5150419	43.4178144	48.3477294
28.0454975	29.3309156	32.6613219
21.4919988	22.4770481	25.029225
16.5889006	17.3492244	19.3191575
14.7345769	15.4099106	17.1596444
13.4715869	14.0890344	15.6887862
13.19052	13.7950844	15.3614606
9.6155395	10.0562504	11.1980969
9.25009713	9.67405987	10.7725101
9.23084563	9.65392487	10.7500902
9.70368206	10.1484333	11.3007471
9.68585044	10.129786	11.2799794
9.71939619	10.1648683	11.3190464
9.68570769	10.1296357	11.2798144
9.7301805	10.1761467	11.3316058
9.36893563	9.79834444	10.9109069
9.75071981	10.1976268	11.3555275
10.0264691	10.4860149	11.6766594
11.2084031	11.7221206	13.0531194
13.1447081	13.7471725	15.3081062
16.8124975	17.58307	19.5795562
25.9301956	27.1186631	30.1978763
42.5395044	44.48923	49.5408013
61.0121919	63.8085844	71.0537863
62.5543769	65.42145	72.8497869
34.0551963	35.6160581	39.6601169
21.1519425	22.1214062	24.6332006
15.4452531	16.1531613	17.9872881
12.4193606	12.9885812	14.4633819
10.3899309	10.8661369	12.0999406
9.97888594	10.4362509	11.6212431
7.88515312	8.24655581	9.18291844
7.81126531	8.16928144	9.09686975
7.64430812	7.99467225	8.90243438
7.71942256	8.07322938	8.98991144
7.84479394	8.20434688	9.135917
7.80059544	8.15812262	9.084444
7.73879569	8.09349019	9.01247294
7.84743762	8.20711181	9.1389955
7.8284365	8.18723981	9.11686731
8.04183938	8.41042362	9.36539269
8.38529863	8.7696245	9.76538
9.0134745	9.42659175	10.4969421
10.2568713	10.7269778	11.9449831
13.454585	14.0712525	15.668985
18.3396919	19.18026	21.3580994
23.0220262	24.0772	26.8110675
28.7498369	30.0675375	33.4815831
28.2884381	29.5849925	32.9442487
22.4776825	23.50791	26.1771356
16.2708769	17.0166244	18.9487925
12.4610975	13.0322325	14.5119894
10.0733689	10.535063	11.7312781
8.84872681	9.25429288	10.3050807
8.40172725	8.78680638	9.78451206
7.06712456	7.391034	8.23025575
6.88078344	7.19615237	8.01324606
6.75144238	7.06088344	7.86261756
6.82152887	7.13418194	7.94423912
6.84173294	7.15531225	7.96776844
6.83594806	7.14926219	7.96103169
6.96967675	7.28912025	8.11676994
7.32707469	7.66289869	8.53298956
7.81828919	8.17662706	9.10504969
9.12678444	9.54509506	10.6289024
10.554977	11.0387459	12.29215
14.0487975	14.6927019	16.3609969
16.8747588	17.6481838	19.6520625
15.4608631	16.1694831	18.0054631
12.3718931	12.9389375	14.4080994
9.79641406	10.2454156	11.4087412
8.34348056	8.72589006	9.7166785
7.48286662	7.82583112	8.71442225
6.63795256	6.94219181	7.73044944
6.36382456	6.65549956	7.4112045
6.33860081	6.62911988	7.38182919
6.408733	6.70246606	7.46350369
6.5215715	6.82047669	7.59491375
7.02103862	7.34283619	8.17658519
7.99409769	8.36049375	9.3097935
9.19004031	9.61125025	10.7025692
10.7496848	11.2423762	12.5189025
9.88469262	10.3377408	11.5115491
8.35637944	8.73938006	9.73170063
7.12477256	7.45132444	8.29739181
6.55449662	6.85491081	7.63325788
6.31286425	6.60220356	7.35185688
6.4739675	6.77069081	7.539475
7.08645669	7.41125225	8.25276988
7.57650106	7.92375725	8.82346731
7.31966275	7.65514719	8.5243575
6.67845506	6.98455081	7.77761794
