#?RADIANCE
genskyvec -m 1
NROWS=146
NCOLS=1
NCOMP=3
FORMAT=ascii

0.438437938	0.458533006	0.510597538
6.01156412	6.28709406	7.00096781
5.77026056	6.03473081	6.71994969
5.72700375	5.98949125	6.6695735
5.84912231	6.11720694	6.81179069
6.23332144	6.51901519	7.25922269
6.23486912	6.52063381	7.26102519
6.28655494	6.5746885	7.32121744
6.2822095	6.57014388	7.31615688
6.57606075	6.87746319	7.65837119
5.89230913	6.16237319	6.86208531
6.19980331	6.48396088	7.22018812
5.7881315	6.05342056	6.74076181
5.73979819	6.00287206	6.68447375
5.8894575	6.15939069	6.85876431
6.05818281	6.33584944	7.05525913
7.06041525	7.38401744	8.22244219
7.48413019	7.82715287	8.715894
10.0037441	10.4622482	11.6501947
14.3105994	14.9665025	16.6658862
19.6218231	20.521155	22.8512494
32.0463694	33.51516	37.3206694
111.283204677742	113.257671577742	118.373344077742
65.7440595852869	67.4654326852869	71.9253589852869
24.7893019	25.9254775	28.8692081
15.238625	15.93706	17.7466488
11.1547483	11.6660077	12.9906348
8.4805945	8.86928881	9.87636012
7.40899325	7.74857194	8.62839056
6.43721837	6.73225731	7.4966775
6.13660237	6.41786313	7.14658519
5.90652619	6.17724181	6.87864231
5.65317369	5.91227719	6.58359225
5.88657531	6.15637669	6.85540794
5.94485975	6.21733237	6.923285
6.04058669	6.31744656	7.03476681
5.98597994	6.26033731	6.97117287
6.22142937	6.50657819	7.24537337
6.31376931	6.60315019	7.35291081
6.18348663	6.46689631	7.20118581
5.74245238	6.00564775	6.68756469
5.76057444	6.02460062	6.70866944
5.68912394	5.94987538	6.62545919
5.8668645	6.13576225	6.83245294
5.8978845	6.16820381	6.86857825
6.14729325	6.42904419	7.15903562
6.83346419	7.1466645	7.95813919
8.1144615	8.486374	9.4499665
9.61493806	10.0556224	11.1973971
12.8696138	13.4594725	14.9877394
16.7686356	17.5371963	19.5284738
23.07352	24.131055	26.8710387
50.3416557829314	51.7060344829314	55.2410238829314
25.2870506	26.4460406	29.4488781
20.4858694	21.4248044	23.8575037
14.9547225	15.6401469	17.4160212
11.5364781	12.0652331	13.4351894
8.66237506	9.05940031	10.0880591
7.28927294	7.62336431	8.48896631
6.41641881	6.71050437	7.47245475
6.08708787	6.36607931	7.08892156
4.4515525	4.65558187	5.18420419
4.24615694	4.44077244	4.94500375
4.27162781	4.46741056	4.97466669
4.60316681	4.81414519	5.36077181
4.65216506	4.86538925	5.41783437
4.70526844	4.92092637	5.47967738
4.66976406	4.88379469	5.43833
4.63900069	4.85162131	5.40250319
4.349154	4.54849	5.06495238
4.43627556	4.63960475	5.16641287
4.4507275	4.654719	5.18324331
4.80172594	5.02180506	5.59201044
5.28844356	5.5308305	6.15883363
6.07916487	6.35779306	7.07969444
7.9722015	8.33759394	9.28429319
10.7233593	11.2148461	12.4882461
13.5012344	14.12004	15.7233144
16.6138075	17.3752725	19.3481638
13.2609885	13.8687829	15.4435262
9.557912	9.99598188	11.1309858
7.71157112	8.06501825	8.98076763
6.2504615	6.53694075	7.27918344
4.99522287	5.22417031	5.81735356
4.69953044	4.91492556	5.47299531
3.29824631	3.44941588	3.84108294
3.28274094	3.43319969	3.8230255
3.19924587	3.345878	3.72578875
3.28633988	3.43696344	3.82721681
3.41213263	3.56852188	3.97371281
3.38962719	3.544985	3.94750356
3.32916587	3.48175262	3.87709156
3.36721769	3.52154856	3.92140575
3.2667095	3.41643344	3.80435544
3.30889838	3.46055613	3.85348825
3.33759356	3.49056669	3.88690612
3.3955535	3.55118287	3.95440525
3.737698	3.90900906	4.35286106
4.47538744	4.68050937	5.211962
5.387448	5.63437256	6.27413237
6.05925594	6.33697156	7.05650875
7.14392731	7.471357	8.31969875
7.69224531	8.044807	8.95826087
7.50808519	7.85220581	8.74379144
6.33695519	6.62739875	7.37991288
5.31124888	5.554681	6.18539219
4.42891794	4.63191	5.15784425
3.81798775	3.992979	4.44636525
3.622682	3.7887215	4.21891531
2.58269	2.70106325	3.00775794
2.53043944	2.64641788	2.94690775
2.46959938	2.58278925	2.87605456
2.56273912	2.68019806	2.98452344
2.57926444	2.69748075	3.00376844
2.52332612	2.63897863	2.93862369
2.54804619	2.66483169	2.96741244
2.60538419	2.72479762	3.03418706
2.67315725	2.79567675	3.1131145
2.95348869	3.08885681	3.43958388
3.11999294	3.26299262	3.633492
3.82871444	4.00419706	4.45885719
4.40864213	4.61070463	5.13423131
4.40965594	4.611765	5.13541206
3.92349862	4.10332556	4.5692415
3.429623	3.58681406	3.99408213
3.08275606	3.22404881	3.59012638
2.758908	2.88535787	3.21297844
2.14847937	2.24695131	2.50208325
2.01562431	2.10800688	2.34736256
2.05857319	2.15292444	2.39738025
2.10168138	2.19800831	2.44758319
2.06042656	2.15486262	2.3995385
2.12614844	2.22359688	2.47607725
2.32173394	2.42814644	2.70385256
2.51863525	2.63407262	2.93316081
2.85941219	2.9904685	3.33002406
2.7841905	2.91179912	3.242422
2.609088	2.72867106	3.0385005
2.23550456	2.33796494	2.60343137
1.87289888	1.95874	2.18114688
1.79497469	1.87724431	2.09039769
1.81611475	1.89935325	2.11501706
1.94013306	2.02905575	2.259447
2.01839619	2.11090594	2.35059062
2.03081019	2.123889	2.36504788
1.80890925	1.89181775	2.10662575
