#?RADIANCE
genskyvec -m 1
NROWS=146
NCOLS=1
NCOMP=3
FORMAT=ascii

15.8527512	16.5793363	18.46185
23.5674375	24.6476106	27.446245
22.5829475	23.618	26.2997256
22.2938331	23.3156344	25.9630281
21.9519012	22.9580288	25.5648194
21.1695006	22.1397687	24.65365
22.5205825	23.5527769	26.2270969
24.5168344	25.6405231	28.5518969
27.9700675	29.2520281	32.573475
32.6001419	34.094315	37.9655837
42.9247263	44.8921088	49.9894219
51.696425	54.0658412	60.2047981
59.0840881	61.7921094	68.8083494
58.2603144	60.9305781	67.8489931
51.3843081	53.7394231	59.8413131
42.35982	44.3013081	49.3315412
34.3353013	35.9090012	39.9863213
30.0591825	31.4368925	35.0064244
25.072265	26.2214094	29.1987419
22.0411575	23.0513769	25.6687656
22.3323087	23.3558725	26.0078369
20.7424638	21.6931594	24.1563294
21.8816269	22.8845338	25.48298
21.4500344	22.4331588	24.9803512
23.6556169	24.7398306	27.5489381
25.6529619	26.8287213	29.8750138
26.9270462	28.1612025	31.3587931
27.8786769	29.1564488	32.4670431
26.1775331	27.3773362	30.4859194
25.7679013	26.9489288	30.00887
24.2493769	25.3608031	28.24042
14.1348913	14.7827394	16.4612594
12.5261675	13.1002838	14.5877669
13.4002612	14.0144394	15.6057219
13.0150037	13.6115256	15.1570575
13.7406138	14.3703906	16.0020894
14.538335	15.2046762	16.9311025
17.2970069	18.0897869	20.1438075
21.2810675	22.2564494	24.7835769
27.5247356	28.786285	32.0548512
35.369215	36.9903006	41.1903975
49.728525	52.0077462	57.9130144
63.4680512	66.3770031	73.9138381
62.9193844	65.8031888	73.2748719
51.0539825	53.3939556	59.4566212
38.0399494	39.7834456	44.3006944
27.0009406	28.2384831	31.4448475
22.6703706	23.7094294	26.4015388
17.202705	17.9911613	20.0339844
14.7895888	15.4674444	17.2237094
13.0776506	13.6770425	15.2300144
12.6860863	13.2675319	14.7740044
12.8806106	13.4709719	15.0005444
12.3109763	12.8752281	14.3371575
14.0582438	14.7025781	16.3719963
14.8805962	15.5626238	17.3296944
15.6201538	16.3360769	18.19097
14.9598825	15.6455419	17.4220294
15.3393819	16.0424375	17.86399
14.5812312	15.2495381	16.9810612
14.4612562	15.1240656	16.8413406
9.01597531	9.42920756	10.4998549
8.59983188	8.99399019	10.0152211
8.78178787	9.18428675	10.2271241
9.95451462	10.4107632	11.5928631
11.473643	11.9995162	13.3620131
14.5209962	15.1865412	16.9109112
20.0430394	20.9616781	23.3417919
31.4112194	32.8508981	36.5809838
49.5255244	51.7954425	57.6766031
2275.39236870325	2279.01610250325	2288.40487680325
70.5463656	73.77974	82.1571244
37.9606181	39.70048	44.2083056
23.1568519	24.2182087	26.9680875
16.0418444	16.7770962	18.6820669
12.3075488	12.8716444	14.3331669
10.4507576	10.9297506	12.1707781
9.16363613	9.58363669	10.6718202
9.28656563	9.71219981	10.8149806
9.04386638	9.45837638	10.5323374
8.83781056	9.24287669	10.2923675
9.47889075	9.91333981	11.0389593
9.66554256	10.1085467	11.2563313
9.12384531	9.54202131	10.6254788
9.34838225	9.77685019	10.8869709
7.02048931	7.3422615	8.17594537
7.20422275	7.53441619	8.38991825
7.54256806	7.88826881	8.7839495
8.27087481	8.64995644	9.63212331
10.1503389	10.6155612	11.8209156
12.1284756	12.6843644	14.1246213
17.7571244	18.5709919	20.6796506
27.851955	29.1284994	32.4359219
48.8022306	51.0389981	56.8342675
3908.36463994662	3912.01230564662	3921.46309314662
2174.61343938182	2177.23451688182	2184.02549878182
31.6786456	33.1305831	36.892425
21.726675	22.7224775	25.3025212
14.2977819	14.9530962	16.6509581
10.8311239	11.32755	12.6137469
9.02952444	9.44337713	10.5156339
7.88921194	8.25080056	9.187645
7.35893787	7.69622231	8.570097
7.202771	7.53289769	8.38822744
7.12708869	7.45374675	8.30008894
7.20258663	7.53270519	8.38801269
7.292404	7.62663894	8.49261262
7.14239162	7.46975094	8.31791062
7.221168	7.55213806	8.40965206
6.28445925	6.57249681	7.31877694
6.70236813	7.00955969	7.80546669
7.51478131	7.8592085	8.75158956
9.27682438	9.70201194	10.8036364
12.2527487	12.8143325	14.2693488
19.8805969	20.7917894	23.1526125
29.9000806	31.2705006	34.8211381
37.4877919	39.2059825	43.6576606
28.0994875	29.3873812	32.7241981
17.5560994	18.3607538	20.4455419
11.9813081	12.5304519	13.9532312
9.13906212	9.557936	10.6431999
7.51384556	7.85822987	8.75049956
6.60800537	6.91087219	7.6955735
6.2526445	6.53922394	7.28172606
6.12231419	6.40292019	7.12994544
6.14728481	6.42903506	7.1590255
6.16704038	6.44969619	7.18203281
6.306928	6.59599538	7.34494362
7.15738662	7.48543331	8.3353735
9.17142294	9.59178044	10.6808875
13.3782138	13.9913812	15.5800469
17.135705	17.9210925	19.9559606
17.5467156	18.35094	20.4346137
13.424105	14.0393756	15.6334913
9.77937406	10.2275954	11.3888973
7.42906381	7.76956238	8.65176412
6.44425069	6.73961213	7.50486731
5.97847731	6.25249063	6.96243538
6.02467694	6.30080769	7.01623869
6.92445369	7.24182431	8.06410375
8.45412581	8.84160625	9.84553525
10.6261315	11.1131628	12.3750162
10.5930367	11.0785519	12.3364751
7.64374394	7.99408175	8.90177694
6.66385075	6.96927719	7.76061
8.1294155	8.50201363	9.46738231
