#?RADIANCE
genskyvec -m 1
NROWS=146
NCOLS=1
NCOMP=3
FORMAT=ascii

19.7305719	20.63489	22.9778956
30.1035187	31.4832606	35.0580581
28.3778294	29.6784794	33.0483506
27.2925062	28.54341	31.7843981
25.690175	26.8676419	29.9183519
23.0583906	24.1152319	26.8534187
23.1759144	24.2381437	26.9902856
24.0534844	25.155935	28.0122881
25.606015	26.7796231	29.82034
27.3311612	28.5838381	31.8294169
34.7836087	36.3778563	40.5084125
37.3938938	39.1077775	43.5483037
43.9499131	45.9642819	51.1833387
46.82355	48.96963	54.52993
46.2936769	48.4154694	53.9128481
43.5909156	45.5888306	50.765255
38.4300413	40.1914187	44.75499
35.5237144	37.1518825	41.3703256
30.05817	31.435835	35.0052444
26.0620694	27.2565806	30.3514512
25.6167381	26.7908381	29.8328281
22.7600094	23.8031756	26.5059281
23.6716481	24.7565987	27.5676088
22.96057	24.0129287	26.7394988
25.6855356	26.8627894	29.9129487
29.1467312	30.4826206	33.9437987
31.57448	33.0216425	36.771115
34.0451812	35.6055844	39.6484525
32.4805588	33.9692506	37.8263213
32.7340712	34.2343831	38.1215563
31.0304781	32.4527075	36.1375781
16.63567	17.3981394	19.3736256
14.2678669	14.9218087	16.61612
15.0061044	15.6938831	17.4758587
13.8531256	14.4880575	16.1331188
13.8326063	14.4665987	16.1092213
13.8993331	14.536385	16.1869344
15.8627594	16.5898019	18.4735063
18.2255113	19.0608469	21.2251263
21.0866625	22.0531312	24.5571762
23.259655	24.3257213	27.0878075
29.5199925	30.8729881	34.3784894
37.2548994	38.9624156	43.3864375
43.6525038	45.6532419	50.83698
45.4959112	47.5811388	52.9837825
39.5078094	41.3185838	46.0101394
30.7222125	32.1303131	35.7785781
26.6551394	27.8768325	31.0421319
20.90118	21.85915	24.3411662
17.8147669	18.6312744	20.7467787
15.3328025	16.0355563	17.8563275
14.2082169	14.8594269	16.5466544
13.7588825	14.3894981	16.0233669
12.8211531	13.4087912	14.9313025
14.6127725	15.2825225	17.01779
15.7448031	16.4664394	18.336135
16.9708887	17.7487231	19.7640163
16.6898481	17.4548	19.4367206
17.6512125	18.4602244	20.5563062
17.019515	17.7995756	19.8206431
17.0554063	17.8371112	19.8624419
9.86489075	10.3170303	11.4884876
9.21196163	9.6341765	10.7280974
9.12536931	9.54361525	10.6272535
9.94774625	10.4036837	11.5849794
10.8789702	11.3775888	12.6694662
12.6910088	13.2726806	14.7797381
15.3932231	16.0987475	17.9266937
20.1133762	21.0352394	23.423705
27.4303787	28.6876031	31.9449637
45.6908275	47.7849887	53.2107787
65.1979969	68.1862381	75.9285056
47.6878794	49.8735737	55.5365138
29.2616463	30.6028044	34.0776281
20.2392881	21.1669213	23.5703387
15.4106269	16.1169456	17.9469588
12.7781806	13.3638462	14.8812562
10.623337	11.1102388	12.3717619
10.1663207	10.6322789	11.83953
9.51484287	9.95093838	11.0808261
9.22361931	9.64636875	10.7416743
9.97199562	10.4290445	11.61322
10.3583383	10.833095	12.0631484
9.92336331	10.3781851	11.556585
10.3189269	10.7918779	12.0172509
7.45166475	7.79319906	8.67808488
7.56750613	7.91434994	8.81299206
7.75563531	8.11110181	9.03208406
8.30657375	8.68729162	9.67369731
9.64170669	10.0836168	11.2285719
10.8562206	11.3537981	12.6429781
13.7798456	14.4114219	16.0477806
18.8771788	19.7423825	21.9840488
31.2812413	32.7149662	36.4296163
1431.75977544967	1434.53064044967	1441.70971104967
7043.27476664485	7048.15373064486	7060.79470564485
1552.90595830346	1555.59129950346	1562.54878330346
33.1059156	34.6232675	38.5545975
18.9891731	19.8595094	22.1144762
13.9118819	14.5495081	16.2015469
11.4155075	11.9387188	13.2943112
9.61953169	10.0604262	11.2027456
8.55538638	8.94750825	9.96346131
7.93815938	8.30199131	9.24464862
7.62429537	7.97374194	8.87912781
7.61285538	7.96177762	8.86580469
7.72790575	8.082101	8.99979069
7.60594444	7.95455012	8.85775669
7.70952013	8.06287281	8.97837906
6.72694688	7.03526475	7.83409056
7.08114119	7.405693	8.24657944
7.76773369	8.12375463	9.04617356
9.06120975	9.47651488	10.5525342
10.9832631	11.4866625	12.7909263
15.998835	16.732115	18.6319794
25.2779056	26.4364744	29.4382287
53.6614813	56.1209637	62.4932712
50.1827906	52.4828312	58.442045
26.4761494	27.6896381	30.8336825
15.9688869	16.7007931	18.5971
11.7370875	12.2750356	13.6688156
9.385241	9.81539781	10.9298963
7.84620994	8.2058275	9.13756587
7.14301406	7.47040181	8.31863519
6.75390556	7.06345919	7.86548625
6.64806437	6.95276713	7.74222531
6.63811375	6.94236031	7.730637
6.90965869	7.22635106	8.04687375
7.70097225	8.05393363	8.96842462
9.27445113	9.69952969	10.8008723
12.4718712	13.0434975	14.5245325
17.0720281	17.854495	19.8817994
21.8139875	22.8137944	25.4042081
17.6384381	18.446865	20.5414319
12.4569381	13.0278831	14.5071437
9.25575469	9.6799765	10.7790981
7.72438056	8.07841431	8.99568519
6.81392912	7.12623419	7.93538887
6.75856794	7.06833544	7.87091606
7.82760106	8.18636587	9.11589431
9.23620106	9.659526	10.7563263
11.6732512	12.2082763	13.5944756
12.5560369	13.1315219	14.6225525
9.16082719	9.58069894	10.668547
7.819717	8.17812069	9.10671281
9.32732488	9.75482744	10.8624483
