#?RADIANCE
genskyvec -m 1
NROWS=146
NCOLS=1
NCOMP=3
FORMAT=ascii

0.317745731	0.332309069	0.370041394
4.64369106	4.85652681	5.40796563
4.70053169	4.91597244	5.474161
4.92661556	5.15241869	5.73745462
5.51738125	5.77026113	6.42545069
6.84531075	7.15905387	7.97193525
8.77916937	9.18154794	10.2240749
11.592304	12.1236178	13.5002061
17.389815	18.1868481	20.2518887
43.1957541323287	44.3592585323287	47.3737922323287
62.5797478007879	63.9578359007879	67.5283415007879
33.567428058215	34.585164358215	37.222029358215
13.8963188	14.5332337	16.1834225
9.671195	10.1144581	11.2629139
7.48245469	7.82540006	8.71394244
5.95865237	6.23175706	6.93934756
5.36027456	5.60595369	6.24248662
4.62265806	4.83452981	5.38347088
4.666651	4.880539	5.43470425
4.588582	4.79889181	5.34378625
4.5416075	4.74976431	5.28908069
4.849026	5.07127294	5.64709525
4.70442219	4.92004131	5.47869187
4.85929056	5.08200775	5.65904906
4.97184181	5.19971769	5.79012413
4.71130263	4.92723719	5.48670475
4.84990569	5.07219294	5.64811969
4.62589075	4.8379105	5.38723538
4.74405081	4.96148644	5.52484294
4.52069325	4.72789162	5.26472431
4.57796306	4.78778631	5.33141975
4.28459869	4.48097588	4.98977244
4.22724269	4.42099137	4.92297656
4.71273531	4.92873556	5.48837344
5.20238162	5.44082375	6.05860731
6.30027981	6.58904231	7.33720131
7.60236062	7.95080181	8.85358275
10.1168351	10.5805246	11.7819002
14.1755988	14.8253137	16.5086675
19.3393431	20.2257294	22.5222787
17.0868831	17.8700306	19.8990994
15.21659	15.9140156	17.7209869
11.4762746	12.0022708	13.36508
9.01434444	9.4275015	10.4979556
6.85243562	7.16650537	7.98023262
5.6341815	5.89241456	6.561474
4.83615819	5.05781544	5.63210963
4.71676394	4.93294894	5.49306519
4.20397156	4.39665325	4.89587538
4.14659637	4.33664869	4.82905731
4.06163331	4.2477915	4.73011075
4.15716806	4.347705	4.841369
4.31685175	4.51470719	5.02733394
4.21034475	4.40331894	4.90329775
4.48023481	4.68557875	5.217607
4.56105425	4.7701025	5.311728
4.57126494	4.78078088	5.32361906
4.34862556	4.54793763	5.06433712
4.31693406	4.51479331	5.02742956
4.18312431	4.3748505	4.87159687
4.22098244	4.41444394	4.91568619
3.14275325	3.28679619	3.65999844
3.13110369	3.2746125	3.64643119
3.41943375	3.57615763	3.98221569
4.27799344	4.47406806	4.98208006
5.34678075	5.59184131	6.22677206
7.09416988	7.41931913	8.26175256
9.02584162	9.43952613	10.5113458
10.2731164	10.7439663	11.9638999
8.40007506	8.78507894	9.78258781
6.84815869	7.16203231	7.97525144
5.36324512	5.60906031	6.24594619
4.27450269	4.4704175	4.97801525
3.61388606	3.77952237	4.20867156
3.21607962	3.36348331	3.74539294
3.13251363	3.27608706	3.64807325
3.13393044	3.27756894	3.6497235
3.08416825	3.22552594	3.59177125
3.29928163	3.45049844	3.84228844
3.23670738	3.38505669	3.76941581
3.10647125	3.24885094	3.61774456
3.22346744	3.37120963	3.75399669
3.20929181	3.35638431	3.73748813
3.01896931	3.15733863	3.51584137
3.10111869	3.24325319	3.61151131
2.36319319	2.47150606	2.75213556
2.48414744	2.598004	2.89299694
2.64803775	2.76940594	3.08386062
2.97755181	3.114023	3.46760756
3.68296494	3.85176744	4.28911988
4.19100806	4.38309606	4.88077856
4.86199919	5.08484069	5.6622035
5.31700331	5.56069912	6.19209387
4.76639313	4.98485263	5.55086238
4.23025813	4.42414481	4.92648837
3.49736806	3.65766387	4.07297675
2.89243231	3.025002	3.36847863
2.68877963	2.81201525	3.13130813
2.5151265	2.630403	2.92907444
2.42264256	2.53368044	2.82136931
2.32904212	2.43578962	2.71236369
2.33116881	2.438014	2.71484038
2.36714769	2.47564181	2.75674075
2.44052881	2.55238613	2.84219919
2.43216506	2.54363919	2.83245906
2.43949062	2.5513005	2.84099019
2.43512588	2.54673581	2.83590725
2.36437394	2.47274112	2.75351044
2.4120695	2.52262275	2.80905612
1.91777231	2.00567025	2.23340594
2.03767394	2.13106719	2.37304112
2.18942531	2.28977387	2.5497685
2.57873619	2.69692794	3.00315325
2.94548175	3.08048275	3.430259
3.11852669	3.26145894	3.63178438
3.09209369	3.23381444	3.60100088
2.72851219	2.853569	3.17758006
2.40160131	2.51167462	2.79686494
2.15003175	2.24857487	2.50389131
1.93787769	2.02669713	2.25682031
1.92482644	2.01304769	2.24162119
1.91716138	2.00503144	2.23269444
1.89713856	1.98409081	2.20937612
1.86436206	1.94981206	2.17120506
1.87401294	1.95990506	2.18244425
1.90306325	1.99028694	2.216276
1.89519569	1.98205875	2.20711331
1.68406887	1.76125525	1.96123838
1.74431831	1.824266	2.031404
1.99966013	2.09131119	2.32877113
2.24154825	2.34428588	2.61046987
2.13956294	2.23762625	2.49169956
1.93254675	2.02112194	2.25061206
1.78087538	1.86249894	2.07397781
1.66448094	1.74076975	1.93842681
1.62730544	1.70189031	1.89513288
1.60365138	1.67715206	1.86758575
1.63416162	1.70906087	1.90311756
1.60289662	1.6763625	1.86670656
1.52433344	1.59419869	1.77521356
1.60402687	1.67754475	1.86802306
1.64703694	1.72252613	1.91811175
1.59393331	1.6669885	1.85626831
1.47873712	1.5465125	1.72211256
1.47897162	1.54675769	1.72238575
1.49852894	1.56721131	1.74516175
