#?RADIANCE
genskyvec -m 1
NROWS=146
NCOLS=1
NCOMP=3
FORMAT=ascii

0.949927219	0.993465537	1.10626931
9.78746562	10.2360575	11.3983193
9.49199737	9.92704713	11.0542218
9.45144087	9.88463256	11.0069918
9.65713288	10.0997513	11.2465378
10.1626524	10.6284405	11.8352566
10.1141702	10.5777362	11.7787956
10.2168662	10.6851376	11.8983924
10.1023467	10.5653714	11.7650257
10.4952089	10.9762374	12.222545
9.65698931	10.0996	11.2463689
10.0400779	10.5002488	11.6925091
9.50720363	9.94294825	11.0719306
9.45760281	9.89107506	11.0141664
9.68537875	10.1292913	11.2794324
10.0783016	10.5402231	11.7370219
11.7452951	12.28362	13.678375
12.682402	13.2636786	14.7697144
16.9240475	17.6997344	19.709465
24.5096994	25.6330612	28.54359
34.1664219	35.7323813	39.7896462
131.820990495644	134.426391095644	141.176761095644
390.602718182868	393.853450082868	402.275806282868
55.1267794	57.6534225	64.1997331
35.7918738	37.4323319	41.68262
22.3603525	23.3852025	26.0404969
16.8112331	17.5817475	19.5780819
13.0963642	13.6966135	15.2518088
11.6341189	12.1673476	13.5489003
10.2795034	10.7506463	11.971339
9.89419431	10.3476777	11.5226137
8.8936595	9.30128494	10.3574078
8.43538919	8.82201044	9.82371381
8.9164315	9.32510169	10.3839274
8.94015563	9.34991269	10.4115566
9.05448113	9.46947844	10.5446993
8.87808106	9.28499306	10.3392654
9.31704531	9.744077	10.8504767
9.47560287	9.9099005	11.0351292
9.23693125	9.66029094	10.7571769
8.42334238	8.80941194	9.80968456
8.53739231	8.92868937	9.94250581
8.47076319	8.85900575	9.86490944
8.87344112	9.2801395	10.3338616
8.97961738	9.39118231	10.4575129
9.38242375	9.81245081	10.9266148
10.5271869	11.0096827	12.2597863
12.7958856	13.3823637	14.9018775
15.255545	15.9547556	17.7663525
20.8957387	21.8534594	24.3348306
27.8371431	29.11301	32.4186719
39.6774506	41.496	46.2076981
140.733762676711	143.065476376711	149.106744576711
38.6896894	40.4629669	45.05737
29.40953	30.7574663	34.24985
21.1515231	22.1209663	24.6327119
16.4092469	17.1613375	19.1099375
12.4223581	12.9917156	14.4668706
10.6475693	11.1355822	12.3999825
9.460924	9.89454944	11.018035
9.07866725	9.49477256	10.5728658
6.44672119	6.74219575	7.50774463
6.15482356	6.43691956	7.16780531
6.18593244	6.46945425	7.20403419
6.65422519	6.95921012	7.74940025
6.69898656	7.00602331	7.80152838
6.75476262	7.06435581	7.86648431
6.70054806	7.00765638	7.80334706
6.66827644	6.97390556	7.76576419
6.271125	6.55855125	7.30324812
6.44552531	6.74094519	7.50635162
6.513427	6.811959	7.585429
7.11366856	7.43971144	8.28446025
7.94479419	8.3089305	9.2523755
9.29721175	9.72333369	10.8273776
12.4984726	13.0713201	14.5555144
17.2995488	18.0924419	20.1467669
22.1775025	23.1939712	25.8275506
26.7091612	27.9333294	31.105045
19.7043344	20.60745	22.9473419
13.7442594	14.3742031	16.0063363
10.8931656	11.3924355	12.686
8.84103519	9.24624844	10.2961227
7.14610419	7.47363381	8.3222345
6.77434187	7.08483225	7.88928612
4.88259625	5.10638175	5.6861905
4.8521995	5.07459163	5.65079081
4.73584975	4.9529095	5.51529194
4.84118406	5.06307144	5.6379625
4.99603069	5.22501525	5.81829406
4.96108825	5.1884715	5.77760119
4.8798555	5.10351531	5.6829985
4.93544013	5.16164794	5.74773175
4.82362544	5.04470825	5.61751413
4.90640737	5.13128431	5.71392044
5.00221494	5.23148287	5.82549631
5.17326631	5.41037431	6.0247
5.73410394	5.996917	6.67784237
6.96897206	7.28838319	8.11594913
8.54874469	8.940562	9.95572769
9.78658081	10.2351317	11.3972889
11.6216993	12.1543602	13.5344375
12.3159111	12.8803916	14.3429075
11.5589094	12.0886934	13.461315
9.47601613	9.91033387	11.0356121
7.80455544	8.16226381	9.0890555
6.47348269	6.77018375	7.5389105
5.61126237	5.86844519	6.53478306
5.31829594	5.56205125	6.19359931
4.00980894	4.19359156	4.66975681
3.91581819	4.09529319	4.56029675
3.82926862	4.00477656	4.4595025
3.93403325	4.11434288	4.58150988
3.95225787	4.13340306	4.60273388
3.88993125	4.0682195	4.53014944
3.93678812	4.11722412	4.58471819
4.06040206	4.24650369	4.72867669
4.21779319	4.41110856	4.91197175
4.71784844	4.934083	5.49432794
5.0964675	5.33005544	5.93526138
6.30111631	6.58991706	7.33817525
7.28624888	7.62020144	8.48544413
7.18478981	7.51409244	8.36728688
6.28705438	6.57521075	7.321799
5.38778956	5.63472956	6.27453019
4.77510462	4.9939635	5.56100781
4.27554156	4.47150381	4.97922469
3.50313213	3.66369231	4.07968969
3.31433569	3.46624262	3.85982031
3.34683531	3.50023187	3.89766894
3.39848431	3.55424812	3.95781844
3.37760944	3.53241631	3.93350775
3.53308669	3.69501975	4.11457419
3.89320331	4.07164169	4.53395975
4.28146387	4.4776975	4.98612163
4.87174994	5.09503825	5.67355919
4.69978975	4.91519656	5.47329694
4.29560725	4.492489	5.00259287
3.69303744	3.8623015	4.30084994
3.22023644	3.36783062	3.750234
3.09173994	3.2334445	3.60058887
3.13850181	3.28234981	3.65504719
3.36851956	3.52290988	3.92292188
3.54154619	3.70386694	4.12442569
3.52025894	3.68160413	4.09963506
3.17629437	3.3218745	3.69905969
