#?RADIANCE
genskyvec -m 1
NROWS=146
NCOLS=1
NCOMP=3
FORMAT=ascii

14.4365744	15.0982506	16.8125944
23.6625931	24.7471275	27.5570637
22.593085	23.6286006	26.3115313
22.28739	23.3088937	25.9555231
21.9870294	22.9947681	25.6057294
21.3587206	22.3376613	24.8740106
22.8239775	23.8700775	26.5804244
24.9813925	26.1263725	29.0929144
28.7530175	30.0708631	33.4852856
33.9046181	35.4585794	39.4847556
44.6759344	46.7235787	52.0288506
54.3118031	56.8010938	63.250625
61.4925375	64.3109444	71.6131894
59.7405938	62.4787	69.5729019
51.9061606	54.2851912	60.4490537
42.3080088	44.247125	49.2712056
34.1639394	35.7297869	39.7867575
29.8004738	31.1663269	34.7051356
24.9453231	26.0886488	29.0509069
22.0124044	23.0213056	25.6352806
22.3499613	23.3743344	26.0283925
20.9284062	21.8876231	24.3728737
22.0668169	23.0782119	25.6986481
21.7237988	22.7194694	25.2991738
24.0071244	25.1074494	27.9582975
25.9376788	27.1264875	30.2065906
27.2601488	28.50957	31.746715
28.1206194	29.40948	32.7488063
26.4310625	27.6424856	30.7811787
25.9123869	27.1000375	30.1771344
24.3690925	25.4860069	28.3798394
14.330655	14.9874756	16.6892425
12.7057663	13.2881144	14.796925
13.5931631	14.2161825	15.8303713
13.2393362	13.8461381	15.41831
14.0372681	14.6806419	16.3475706
14.9264925	15.6106225	17.3831444
17.8372425	18.6547819	20.7729569
22.1008663	23.1138219	25.7382994
28.8762206	30.1997125	33.6287669
37.5338925	39.2541969	43.7113494
53.1294869	55.5645862	61.8737181
67.390005	70.4787125	78.4812806
65.0532531	68.0348588	75.7599369
51.3185656	53.6706669	59.7647506
37.7793731	39.5109275	43.9972313
26.7485563	27.9745306	31.1509256
22.5376031	23.5705756	26.2469181
17.1492519	17.9352587	19.9717325
14.8216525	15.5009775	17.26105
13.1671556	13.7706513	15.3342519
12.83875	13.4271919	14.9517931
13.10076	13.70121	15.2569256
12.5641819	13.1400375	14.6320363
14.3751244	15.0339844	16.74103
15.2239594	15.9217231	17.7295681
15.9691756	16.701095	18.5974363
15.2732212	15.9732431	17.7869419
15.6274463	16.3437044	18.199465
14.8286306	15.5082756	17.2691763
14.6819219	15.3548431	17.0983244
9.163253	9.58323412	10.6713721
8.74295944	9.14367806	10.1819058
8.94191694	9.3517545	10.4136084
10.1703759	10.6365166	11.8442488
11.781805	12.321805	13.720895
15.0197238	15.7081269	17.49172
20.9388825	21.8985806	24.3850756
33.2655331	34.7902	38.7404856
53.0540462	55.4856888	61.7858638
2480.83707451976	2484.67777441976	2494.62869321976
70.12797	73.3421681	81.6698675
37.1229719	38.8244406	43.2327975
22.69912	23.739495	26.4350188
15.8196988	16.5447669	18.4233581
12.2421775	12.8032769	14.2570362
10.4713075	10.9512426	12.1947113
9.24915975	9.67307888	10.7714172
9.42795294	9.8600665	10.9796366
9.22051238	9.64311963	10.7380567
9.02309012	9.43664788	10.5081409
9.68474794	10.1286324	11.2786983
9.86736088	10.3196153	11.4913652
9.296949	9.72305925	10.8270718
9.51117312	9.94710094	11.0765537
7.13570488	7.46275794	8.3101235
7.32472938	7.66044587	8.530258
7.6793435	8.03131325	8.94323581
8.43822744	8.82497956	9.82701919
10.3999501	10.8766139	12.1116088
12.4731213	13.0448075	14.5259913
18.3923938	19.2353775	21.4194769
29.0150888	30.3449463	33.7904912
50.8299263	53.1596312	59.1956875
3667.68287689423	3671.33317569423	3680.79080069423
1931.39540322553	1933.89083572553	1940.35628002553
30.4145619	31.8085619	35.4202944
21.0454456	22.0100294	24.5091762
14.0207019	14.6633181	16.3282763
10.7215216	11.2129231	12.4861062
8.99561494	9.40791319	10.4761438
7.91513487	8.27791194	9.21783487
7.42628569	7.76665669	8.64852881
7.30745137	7.64237606	8.51013681
7.25079306	7.58312094	8.44415319
7.33728825	7.67358044	8.54488413
7.42879219	7.769278	8.65144794
7.26928244	7.60245744	8.46568537
7.34495444	7.68159812	8.55381206
6.37613462	6.66837387	7.42554056
6.80441806	7.11628712	7.92431212
7.636712	7.98672775	8.893588
9.45326081	9.88653513	11.0091112
12.5185325	13.0922981	14.5788744
20.26787	21.1968119	23.6036231
30.1251762	31.5059125	35.0832794
36.3100094	37.9742188	42.286035
26.9994144	28.2368856	31.4430688
17.0202681	17.8003637	19.8215219
11.7456475	12.2839888	13.6787856
9.05048456	9.46529844	10.5400431
7.50561912	7.84962625	8.74091925
6.6496115	6.95438512	7.74402706
6.31682462	6.60634563	7.35646919
6.20410581	6.48846044	7.22519838
6.23853144	6.524464	7.26529025
6.25773381	6.54454625	7.28765281
6.37954138	6.67193669	7.42950788
7.23541631	7.56703944	8.42624587
9.27832687	9.70358275	10.8053852
13.50031	14.1190738	15.7222369
17.0693731	17.8517181	19.8787081
17.1736537	17.9607794	20.0001531
13.1297362	13.731515	15.2906719
9.64464756	10.0866941	11.2319961
7.40143319	7.74066538	8.61958613
6.466387	6.76276269	7.53064681
6.03449006	6.31107088	7.02766694
6.08515575	6.36405844	7.08667131
6.96286606	7.28199719	8.10883819
8.48002506	8.86869313	9.87569644
10.5764811	11.0612372	12.317195
10.4736477	10.9536896	12.1974363
7.61917638	7.96838837	8.87316631
6.68338769	6.98970944	7.78336219
8.11923519	8.49136644	9.45552669
