#?RADIANCE
genskyvec -m 1
NROWS=146
NCOLS=1
NCOMP=3
FORMAT=ascii

22.521755	23.5540006	26.2284606
35.2863525	36.9036437	41.0939013
34.30977	35.8823	39.9565888
33.3737188	34.9033469	38.86648
31.3957237	32.8346937	36.5629394
27.4904369	28.7504169	32.0149081
26.4657119	27.6787244	30.8215281
26.3566319	27.5646437	30.6944944
26.7053269	27.9293213	31.1005819
27.4805969	28.7401238	32.0034463
34.7258094	36.3174069	40.4411
36.4473613	38.1178631	42.4459894
43.3099925	45.2950325	50.4380988
47.5133144	49.6910075	55.3332181
49.6614644	51.9376131	57.834915
50.7630437	53.0896819	59.1177975
47.8804894	50.07501	55.7608219
44.9829962	47.0447169	52.38645
38.9725619	40.7588006	45.3867956
33.600005	35.1400038	39.1300069
32.1234469	33.59577	37.4104331
27.6664312	28.9344756	32.2198675
27.2987175	28.5499106	31.7916344
25.3936131	26.5574888	29.5729819
27.1845569	28.430515	31.6586831
30.2447131	31.6309269	35.22249
32.7237962	34.2236344	38.1095881
35.8732213	37.5174088	41.7773562
35.0018738	36.6061263	40.7626019
36.2280775	37.8885281	42.1906162
35.5066519	37.1340406	41.3504575
19.3592831	20.2465831	22.5455
16.8704169	17.6436437	19.6470075
17.9393419	18.7615606	20.8918594
16.3772531	17.1278775	19.0726769
15.7933256	16.517185	18.392645
15.1693987	15.8646606	17.6660281
16.7638112	17.5321525	19.5228556
18.560965	19.4116769	21.6157919
20.7590375	21.7104913	24.1756288
22.10471	23.1178413	25.7427781
26.8761069	28.1079281	31.2994669
32.3895875	33.8741094	37.7203769
39.4615931	41.2702469	45.9563125
46.14766	48.26276	53.7427988
47.2491375	49.4147212	55.0255613
41.97516	43.8990225	48.8835744
36.6764675	38.3574706	42.7128044
29.2040463	30.5425644	34.0105463
24.3377163	25.4531937	28.3432994
20.572215	21.5151069	23.95806
18.3956081	19.2387394	21.4232206
16.8845356	17.6584113	19.66345
14.9709394	15.6571063	17.4349062
16.0182856	16.7524556	18.6546288
16.6858544	17.4506219	19.4320681
17.7730338	18.5876294	20.69818
17.6399538	18.4484512	20.5431987
18.9976531	19.8683787	22.1243519
18.7908713	19.6521187	21.8835344
19.3193462	20.2048162	22.4989887
11.3791577	11.9007012	13.2519781
10.6751782	11.1644556	12.4321338
10.4916782	10.9725456	12.2184338
11.1494034	11.6604169	12.98441
11.6874406	12.2231144	13.6110006
13.08559	13.6853463	15.2392619
15.2950669	15.9960888	17.8123794
18.8717506	19.7367069	21.9777269
23.246065	24.3115087	27.0719806
33.8879081	35.4411025	39.4652925
50.3437206	52.65114	58.6294606
60.7852375	63.5712244	70.7894775
47.312305	49.4807844	55.099125
32.6899113	34.1881981	38.0701269
22.7855531	23.8298925	26.5356775
17.9363581	18.7584406	20.8883837
14.2575513	14.9110213	16.6041075
12.9504575	13.5440188	15.0818869
11.3837306	11.9054844	13.2573019
10.6090111	11.0952563	12.3550769
11.00395	11.5082988	12.8150181
11.3246958	11.8437456	13.1885531
11.0259141	11.5312681	12.840595
11.6401894	12.1736969	13.5559712
8.59170675	8.98549288	10.0057589
8.69839388	9.09707012	10.1300054
8.77653137	9.17878906	10.2210032
9.21776744	9.64024837	10.7348588
10.3499207	10.8242919	12.0533437
11.3980644	11.9204744	13.2739956
13.874825	14.5107531	16.15839
17.5863194	18.3923588	20.4807356
24.8894225	26.0301875	28.9858081
39.2354531	41.033745	45.6929569
2449.48409431478	2453.07523311478	2462.37956061478
5006.49105950965	5011.97314250965	5026.17674750965
73.5523594	76.9235012	85.65785
34.9858844	36.5894025	40.7439787
22.0867956	23.0991062	25.7219162
16.8522594	17.6246519	19.62586
13.4430463	14.0591862	15.6555487
11.4536519	11.9786125	13.3387325
10.0762706	10.5380988	11.7346569
9.25343644	9.67755119	10.7763988
8.91111363	9.3195395	10.3777355
8.84944781	9.25504719	10.3059198
8.7060205	9.10504625	10.138886
8.829286	9.233961	10.2824401
7.88539675	8.24681025	9.18320206
8.16861306	8.54300744	9.51303094
8.79032287	9.19321244	10.2370651
9.96398344	10.4206664	11.6038906
11.7470694	12.2854763	13.6804406
16.093145	16.8307475	18.7418081
23.277835	24.344735	27.10898
49.9730062	52.2634344	58.1977331
3120.01886976939	3123.67699606939	3133.15488856939
58.6704569	61.3595156	68.3266462
29.1445694	30.48036	33.9412806
18.366025	19.2077994	21.3887669
13.4025719	14.0168556	15.6084125
10.5653977	11.0496438	12.3042856
9.23615319	9.659477	10.7562706
8.36812419	8.75166325	9.74537869
7.97323862	8.33867838	9.28550106
7.85456962	8.21457063	9.1473015
8.25053556	8.628685	9.60843656
9.04796531	9.46266294	10.5371109
10.581885	11.0668876	12.3234875
13.7588413	14.3894556	16.0233188
19.3439287	20.2305244	22.52762
30.3560319	31.7473475	35.35213
30.058885	31.4365813	35.0060775
19.8231969	20.7317594	23.0857663
13.1875844	13.792015	15.3580412
10.332232	10.8057918	12.032745
8.62145106	9.01660069	10.0403979
8.32027238	8.70161794	9.68965069
9.68776581	10.1317876	11.28221
11.2850994	11.8023331	13.14244
14.771765	15.4488038	17.2029531
17.5762588	18.3818375	20.46902
12.3894494	12.9572988	14.4285463
10.1096039	10.5729603	11.7734781
12.0095187	12.5599538	13.9860862
