#?RADIANCE
genskyvec -m 1
NROWS=146
NCOLS=1
NCOMP=3
FORMAT=ascii

16.536565	17.2944913	19.2582094
27.1992681	28.4459006	31.6758162
29.2850606	30.62729	34.1048944
30.6804925	32.0866819	35.7299925
31.3520606	32.7890281	36.5120875
29.8159288	31.1824919	34.723135
28.93186	30.2579019	33.6935631
27.9750038	29.2571894	32.579225
25.5359225	26.70632	29.7387119
23.5946288	24.6760481	27.4779131
25.8507238	27.0355469	30.1053244
23.8868619	24.9816769	27.8182444
26.0185556	27.2110725	30.3007775
27.6182338	28.8840688	32.1637356
29.7376938	31.1006713	34.6320269
35.1175769	36.7271319	40.8973475
42.430875	44.3756238	49.4142919
49.4233056	51.6885375	57.55756
59.4333712	62.1573981	69.2151169
65.938965	68.961165	76.7914219
62.6125262	65.482265	72.9175075
55.1041531	57.62976	64.1733825
45.099635	47.1667	52.5222869
37.2479025	38.9550981	43.37829
32.3897369	33.8742656	37.7205475
28.2776794	29.57374	32.9317156
26.3688575	27.5774294	30.7087337
25.6907406	26.8682325	29.9190125
24.4971006	25.6198856	28.5289175
25.0414106	26.1891419	29.1628106
25.8463581	27.0309831	30.1002406
17.0990044	17.8827094	19.9132188
16.2712119	17.0169744	18.9491844
18.3265675	19.1665344	21.3428163
17.9681737	18.7917156	20.9254356
17.7820606	18.5970719	20.7086938
16.5051219	17.2616062	19.2215906
17.35171	18.1469962	20.2075119
17.2058662	17.9944669	20.037665
16.1673487	16.9083513	18.828225
14.3211856	14.9775725	16.6782144
15.3179575	16.02003	17.8390388
16.3453806	17.0945437	19.0355587
19.1425044	20.0198688	22.2930437
22.2624613	23.2828237	25.9264919
26.524265	27.7399606	30.8897181
35.2351419	36.8500862	41.0342625
46.4762469	48.6064075	54.1254669
61.6663494	64.4927225	71.8156081
71.9568356	75.2548563	83.7997363
67.3364025	70.4226544	78.4188581
53.1329012	55.5681575	61.877695
39.15916	40.9539537	45.6041087
28.5248019	29.8321894	33.2195119
23.7058331	24.7923519	27.6074212
20.1773206	21.1021137	23.4981731
18.2936931	19.1321525	21.3045287
16.1342875	16.8737731	18.789725
15.8980975	16.6267594	18.5146613
15.5294362	16.2412025	18.0853244
16.1913394	16.9334419	18.8561637
11.0589179	11.5657856	12.8790325
10.7602619	11.25344	12.5312212
10.9226422	11.4232606	12.7203263
11.7065645	12.2431156	13.6332706
11.4620364	11.9873788	13.3484975
11.2525933	11.7683369	13.1045825
11.0852872	11.5933619	12.9097388
11.31938	11.838185	13.1823606
11.4743262	12.0002344	13.3628106
13.3749819	13.988	15.5762812
15.8726706	16.6001687	18.48505
22.256165	23.2762387	25.9191587
33.3132344	34.84009	38.7960406
53.6722025	56.1321787	62.5057575
85.82555	89.7592181	99.9510025
1750.92078560016	1754.84021310016	1764.99512750016
49.5819037	51.8544056	57.74226
33.1758856	34.6964444	38.6360825
21.2600469	22.2344644	24.7590962
16.0742906	16.8110287	18.7198531
13.4237388	14.0389944	15.6330644
11.9584725	12.50657	13.9266419
10.7987427	11.2936856	12.5760381
10.9363418	11.4375906	12.7362825
8.60214444	8.99640913	10.0179149
8.64381694	9.03999162	10.066445
8.50394887	8.89371281	9.90355787
8.61372119	9.00851631	10.031397
8.76653344	9.16833313	10.2093593
8.70399788	9.10293075	10.1365304
8.80285762	9.20632194	10.2516616
9.35715844	9.78602769	10.8971912
10.2486909	10.7184209	11.9354538
11.8273025	12.3693875	13.7738806
14.8277156	15.5073181	17.2681106
20.26789	21.196835	23.6036469
28.4526994	29.7567806	33.1355406
52.5323706	54.9401037	61.1783256
3411.04569258874	3415.40550638874	3426.70138248874
3539.6724031656	3543.8808537656	3554.7845771656
51.59791	53.9628125	60.09007
31.2993269	32.7338781	36.4506769
20.1409869	21.0641144	23.4558569
14.7184937	15.3930919	17.1409156
11.9217781	12.4681938	13.8839037
10.2114891	10.6795143	11.89213
9.28315344	9.70863113	10.8110063
8.9818245	9.39349113	10.4600826
7.83059956	8.18950181	9.119386
7.62152456	7.97084444	8.87590081
7.52314931	7.86796012	8.76133469
7.65452294	8.00535494	8.91433031
7.87140512	8.2321775	9.16690756
8.54321475	8.93477844	9.94928562
9.65023269	10.0925348	11.2385
12.5089394	13.0822656	14.5677044
16.4034663	17.1552906	19.103205
26.0707813	27.2656912	30.3616006
36.6503981	38.3302081	42.6824463
52.2535087	54.64846	60.8535681
40.8560088	42.7285731	47.58023
22.3123287	23.3349775	25.9845681
15.0666669	15.75722	17.5463906
11.180985	11.6934481	13.0211888
9.25159837	9.67562981	10.7742575
8.29740669	8.67770431	9.66302194
7.78445925	8.14124675	9.065652
7.56401494	7.91069875	8.80892625
7.6406505	7.99084675	8.89817481
8.23598419	8.61346663	9.59149
9.67977762	10.1234341	11.2729094
13.3486719	13.9604869	15.5456419
19.5450681	20.4408831	22.7618606
24.5075156	25.6307769	28.5410463
23.6948913	24.7809056	27.5946756
15.693785	16.413085	18.2767225
10.6907667	11.18076	12.4502888
8.776772	9.17904044	10.2212836
8.80102362	9.20440381	10.2495261
8.71870056	9.11830744	10.1536534
10.1638926	10.6297357	11.8367012
13.4389525	14.054905	15.6507819
13.3569675	13.9691619	15.5553019
10.8938669	11.3931686	12.6868181
10.4000503	10.8767181	12.111725
