#?RADIANCE
genskyvec -m 1
NROWS=146
NCOLS=1
NCOMP=3
FORMAT=ascii

19.4249637	20.3152731	22.6219887
28.0044675	29.2880056	32.61354
28.5390713	29.8471106	33.2361294
28.7185556	30.0348213	33.4451512
28.1365112	29.4261	32.7673131
25.7712069	26.9523875	30.01272
24.8029863	25.9397894	28.8851481
24.3265412	25.4415081	28.3302863
23.4293431	24.5031869	27.2854225
23.0981919	24.1568581	26.8997712
27.4269594	28.6840269	31.9409813
28.1705062	29.4616531	32.8069031
33.042245	34.5566781	38.4804475
37.3864969	39.10004	43.5396925
41.5881225	43.4942431	48.4328356
46.5423787	48.6755687	54.2024781
50.1223256	52.4195969	58.3716275
48.4016913	50.6201013	56.3678069
45.6865556	47.7805219	53.2058038
39.2709325	41.0708475	45.7342725
35.7472738	37.3856913	41.6306844
30.6505681	32.0553856	35.6951437
28.1320319	29.4214162	32.7620975
25.165625	26.3190481	29.3074694
24.8071844	25.9441794	28.8900331
24.9728862	26.117475	29.0830075
25.5547081	26.725965	29.7605894
26.7703194	27.9972919	31.17627
26.2649931	27.4688037	30.5877737
27.1526669	28.3971625	31.6215431
27.390855	28.6462675	31.8989338
17.0677462	17.8500175	19.8768137
15.6303312	16.3467194	18.2028206
16.9746556	17.7526594	19.7684031
16.06536	16.8016856	18.7094506
15.6102262	16.3256944	18.17941
14.6883956	15.3616138	17.1058619
15.7074006	16.4273237	18.2925781
16.4549819	17.2091687	19.1631981
17.1775419	17.9648463	20.0046806
17.4153344	18.2135369	20.2816094
20.6381481	21.5840619	24.0348437
24.5452556	25.6702462	28.5849987
30.6880669	32.0946031	35.7388137
38.0727863	39.8177881	44.3389338
44.8581031	46.9140981	52.2410025
50.3124344	52.6184188	58.5930244
49.0955387	51.34575	57.17585
43.3534794	45.3405119	50.4887419
34.7652894	36.3586956	40.4870775
28.0801706	29.3671762	32.7016994
23.4421638	24.5165956	27.3003556
20.1052775	21.0267694	23.4142725
16.9067913	17.6816856	19.6893688
16.5465581	17.30494	19.2698456
16.0017119	16.7351225	18.6353263
16.0331794	16.7680338	18.6719756
15.352755	16.0564238	17.879565
16.0445019	16.7798725	18.6851575
15.9536838	16.6848963	18.5793963
16.5846806	17.3448112	19.314245
10.8570594	11.3546744	12.6439519
10.4061407	10.8830875	12.1188188
10.3545522	10.8291352	12.0587387
10.9172557	11.4176294	12.714055
10.9823241	11.48568	12.7898325
11.5244869	12.0526937	13.4212288
12.6132531	13.1913594	14.6891837
14.7452369	15.4210594	17.1720587
17.3810294	18.1776594	20.2416575
23.7606463	24.8496744	27.6712531
32.7712975	34.273315	38.16491
49.341395	51.6028731	57.4621688
61.6737631	64.500475	71.8242419
57.3318225	59.9595306	66.76769
40.1573575	41.9979031	46.7665912
27.9638375	29.2455119	32.5662212
19.4475194	20.3388638	22.6482581
16.1545837	16.8950031	18.8133594
13.0990581	13.6994319	15.2549456
11.5229337	12.0510681	13.4194175
11.0774938	11.5852125	12.9006638
10.8591256	11.3568362	12.6463569
10.4170976	10.8945492	12.1315813
10.8579309	11.3555848	12.6449638
8.50355631	8.89330231	9.90310081
8.57321806	8.96615694	9.9842275
8.52328363	8.91393413	9.92607506
8.74421094	9.144987	10.1833634
9.32326088	9.75057637	10.8577137
9.83788169	10.2887839	11.4570331
11.3100381	11.828415	13.1714844
13.6859588	14.3132306	15.9384387
17.8610637	18.679695	20.8006975
24.3612575	25.4778137	28.370715
37.8771894	39.6132281	44.1111456
64.6975494	67.6628519	75.34569
3421.85624392702	3426.09676642702	3437.08359402702
2328.35255741776	2331.76084861776	2340.59143551776
44.9082988	46.9665919	52.2994581
29.9713344	31.3450194	34.9041175
20.2337469	21.1611269	23.5638856
15.25571	15.9549294	17.7665463
12.1804325	12.7387019	14.1851288
10.4781366	10.9583863	12.202665
9.57018669	10.0088197	11.14528
9.06607719	9.48160569	10.5582023
8.73519563	9.1355585	10.172864
8.73174556	9.13195038	10.1688456
7.89504538	8.25690156	9.19443887
7.94928044	8.31362213	9.25759981
8.23305956	8.61040775	9.58808444
8.89905931	9.30693244	10.3636967
10.0557364	10.5166246	11.7107444
13.1178031	13.7190344	15.2767738
17.54618	18.3503788	20.43399
29.9251894	31.2967594	34.8503781
47.6300125	49.8130512	55.46912
3228.94057969505	3232.71265839505	3242.48576469505
57.6885556	60.3326112	67.183135
34.7735781	36.3673638	40.4967306
21.0592362	22.0244494	24.5252369
13.8753125	14.511265	16.1589588
11.0080081	11.5125412	12.8197425
9.284005	9.70952169	10.8119969
8.41540419	8.80111	9.80044006
8.04206825	8.41066294	9.36565906
8.23686825	8.61439106	9.59252019
8.68542694	9.08350887	10.1149044
9.6798275	10.123487	11.2729664
12.1024794	12.657175	14.0943475
16.9706106	17.7484306	19.7636912
28.4211281	29.7237631	33.0987744
39.9424244	41.7731163	46.5162825
32.2149944	33.6915144	37.5170488
19.5350556	20.4304087	22.7502006
12.986485	13.5817	15.1238456
9.59472694	10.034485	11.1738587
8.73837825	9.13888706	10.1765703
10.0397799	10.4999358	11.6921594
11.3381869	11.8578544	13.204265
15.3313319	16.0340169	17.8546131
20.8823862	21.839495	24.31928
15.3413906	16.0445388	17.8663287
11.4732865	11.9991462	13.3616
13.2575156	13.8651519	15.4394837
