#?RADIANCE
genskyvec -m 1
NROWS=146
NCOLS=1
NCOMP=3
FORMAT=ascii

0.526778831	0.550922812	0.613477869
1.89911488	1.98615756	2.21167781
1.92987294	2.0183255	2.24749806
1.97835175	2.06902625	2.3039555
2.07979106	2.17511494	2.42209019
2.31926506	2.4255645	2.70097763
2.48532244	2.59923281	2.89436512
2.64673131	2.76803975	3.08233944
2.93327775	3.06771969	3.41604656
3.30512931	3.45661431	3.84909856
3.10781425	3.25025588	3.619309
3.105445	3.24777781	3.61654981
2.70124888	2.82505606	3.1458295
2.47962125	2.59327038	2.88772588
2.34754456	2.45514031	2.73391131
2.13903738	2.2370765	2.49108725
2.10150006	2.19781894	2.44737219
1.87036612	1.95609106	2.17819725
1.92183369	2.00991775	2.23813556
1.8690945	1.95476131	2.17671644
1.77581681	1.85720819	2.06808669
1.8402275	1.92457125	2.14309831
1.74115656	1.82095937	2.027722
1.77528887	1.85665619	2.06747181
1.75660681	1.83711794	2.045715
1.67315444	1.74984063	1.94852775
1.72421338	1.80323981	2.00799012
1.69383219	1.77146613	1.97260881
1.79201325	1.87414713	2.08694894
1.77283319	1.854088	2.06461213
1.85271737	1.93763331	2.15764363
2.19809975	2.29884594	2.55987056
2.30796756	2.4137495	2.68782081
2.37716994	2.4861235	2.76841275
2.51859294	2.6340285	2.93311169
2.71280544	2.83714237	3.15928825
2.91665	3.05032969	3.39668206
3.06858	3.20922325	3.57361725
3.28510937	3.43567669	3.82578387
3.51477063	3.67586431	4.09324363
3.54639525	3.70893825	4.13007281
3.40902044	3.56526719	3.97008856
3.20195062	3.34870669	3.72893856
2.96225044	3.09802012	3.44978769
2.76372519	2.89039575	3.21858844
2.61425944	2.73407962	3.04452325
2.4567095	2.56930862	2.86104294
2.31395956	2.42001587	2.69479881
2.25209812	2.35531925	2.62275612
2.17591412	2.27564338	2.53403344
2.14525144	2.24357519	2.49832388
2.10348737	2.19989725	2.44968631
2.06688631	2.16161838	2.4070615
2.07330544	2.16833187	2.414537
2.02891025	2.12190194	2.36283525
2.01952881	2.11209031	2.35190981
2.02129987	2.11394288	2.35397231
2.0598015	2.154209	2.39881062
2.0738805	2.16893338	2.41520694
2.11480037	2.21172875	2.46286144
2.145712	2.24405713	2.49886038
2.37697269	2.48591731	2.76818313
2.46949013	2.58267506	2.87592725
2.60505806	2.72445644	3.03380744
2.77451662	2.90168188	3.23115587
2.98719944	3.12411269	3.47884287
3.21349381	3.36077906	3.74238169
3.39916825	3.55496337	3.958615
3.47742281	3.63680456	4.04974875
3.3851495	3.540302	3.94228875
3.18726975	3.33335262	3.71184119
2.99224319	3.12938744	3.48471663
2.75534919	2.88163563	3.20883375
2.58466056	2.70312431	3.01005306
2.46389044	2.57681869	2.86940575
2.35168425	2.45946944	2.73873238
2.27934894	2.383819	2.65449194
2.23943219	2.34207294	2.6080055
2.19440925	2.29498612	2.55557244
2.18968963	2.29005037	2.55007619
2.2029765	2.30394619	2.56554969
2.19364775	2.29418981	2.55468569
2.20662825	2.30776556	2.56980281
2.25683406	2.36027219	2.62827144
2.28943406	2.39436638	2.66623681
2.47359575	2.58696881	2.8807085
2.55827688	2.67553125	2.97932687
2.69640637	2.81999163	3.14019019
2.81288675	2.94181056	3.27584131
3.0034545	3.14111275	3.49777337
3.12856144	3.27195369	3.64347069
3.26529287	3.41495206	3.80270581
3.3119455	3.463743	3.85703681
3.24061362	3.38914187	3.773965
3.12852425	3.271915	3.64342744
2.96522288	3.10112888	3.45324944
2.80422006	2.93274663	3.26574794
2.68621675	2.80933494	3.12832363
2.54414056	2.66074694	2.96286369
2.44924113	2.561498	2.85234569
2.39899238	2.50894638	2.79382694
2.35086288	2.4586105	2.73777569
2.31954987	2.42586244	2.70130925
2.29448875	2.39965275	2.67212344
2.29201362	2.39706425	2.66924094
2.29572206	2.40094256	2.67355956
2.31191481	2.41787756	2.69241756
2.35070719	2.45844788	2.73759456
2.38452681	2.49381762	2.7769805
2.53637169	2.65262194	2.95381625
2.64611819	2.76739863	3.08162525
2.77796025	2.90528325	3.23516631
2.93278044	3.0671995	3.41546744
3.05757169	3.19771019	3.56079713
3.12782687	3.27118562	3.64261513
3.10535538	3.247684	3.61644519
2.97572681	3.11211419	3.46548225
2.84905119	2.97963269	3.31795756
2.697892	2.82154519	3.14192019
2.59698706	2.71601544	3.02440788
2.49614031	2.61054669	2.90696344
2.42918312	2.54052062	2.82898644
2.39496094	2.50472994	2.78913181
2.39185219	2.50147863	2.78551131
2.39451119	2.50425937	2.78860769
2.41317288	2.5237765	2.81034088
2.46175656	2.574587	2.86692087
2.59829994	2.71738856	3.02593687
2.71663812	2.84115069	3.16375156
2.86486794	2.99617431	3.33637763
2.97026125	3.10639812	3.45911694
2.94434056	3.07928931	3.42892994
2.83086969	2.96061769	3.29678381
2.705552	2.82955625	3.15084075
2.600109	2.71928056	3.02804363
2.50743244	2.62235644	2.92011406
2.47635412	2.58985356	2.88392081
2.46559869	2.57860513	2.87139519
2.52424363	2.639938	2.93969238
2.64290369	2.76403656	3.07788175
2.74626087	2.87213119	3.19824981
2.78001438	2.90743175	3.23755869
2.71110506	2.83536394	3.15730769
2.60167681	2.72092019	3.02986937
2.56925075	2.687008	2.99210669
2.67775837	2.80048875	3.11847275
