#?RADIANCE
genskyvec -m 1
NROWS=146
NCOLS=1
NCOMP=3
FORMAT=ascii

21.7760969	22.7741669	25.3600788
31.4368831	32.87774	36.6108725
33.2097044	34.731815	38.6754687
33.89882	35.4525131	39.4780031
33.1909163	34.712165	38.6535912
29.4523931	30.8022931	34.2997669
27.4586231	28.7171431	31.9778581
25.835185	27.0192975	30.0872269
23.4123812	24.4854494	27.2656719
21.5892344	22.5787413	25.1424637
25.7240913	26.9031119	29.9578481
24.8480925	25.9869631	28.9376762
29.1349231	30.4702719	33.9300481
32.1191581	33.5912875	37.4054394
34.63173	36.2190162	40.3315362
39.37076	41.1752519	45.8505338
42.7686613	44.7288888	49.8076725
44.8206762	46.8749556	52.1974162
43.7424775	45.7473394	50.9417631
40.0119894	41.8458719	46.5972975
37.8413894	39.5757862	44.0694556
32.4786475	33.9672513	37.8240925
29.88229	31.2518931	34.8004169
26.0629463	27.2574963	30.352475
25.0001575	26.1459981	29.1147694
24.8680231	26.0078069	28.9608862
25.1798062	26.3338794	29.3239825
27.0347513	28.2738431	31.4842225
26.8246131	28.0540737	31.2394981
28.7862388	30.1056069	33.5239781
30.008345	31.3837287	34.9472212
17.5213444	18.324405	20.4050675
16.1031256	16.8411856	18.7534319
17.9347281	18.7567344	20.8864875
16.7688	17.5373687	19.528665
15.8887719	16.6170075	18.5038019
14.2920231	14.9470737	16.6442512
14.9426419	15.6275112	17.4019531
15.0086756	15.6965706	17.4788531
14.8627312	15.5439387	17.3088894
14.3409725	14.9982663	16.7012587
16.4718481	17.2268075	19.18284
18.7155187	19.5733131	21.7957819
22.5798144	23.6147219	26.2960756
26.5441719	27.7607787	30.9129
30.8726863	32.2876844	35.9538175
37.1660531	38.8694975	43.2829687
40.4694113	42.3242569	47.130005
39.9665919	41.7983931	46.5444288
33.8970462	35.4506612	39.4759375
28.0772006	29.36407	32.6982413
23.8753619	24.9696494	27.8048513
20.6092369	21.5538244	24.0011725
17.0715494	17.8539944	19.8812431
16.2230569	16.9666125	18.8931025
15.1927006	15.8890325	17.6931675
14.9504838	15.6357119	17.4110825
14.2497344	14.9028456	16.5950025
15.1625012	15.8574469	17.6579956
15.4204831	16.1272562	17.9584387
16.5101037	17.2668169	19.2273944
10.3178026	10.7907009	12.0159413
9.87966912	10.3324868	11.5056988
9.81611044	10.2660153	11.4316794
10.3009788	10.7731073	11.9963488
9.99478956	10.4528839	11.6397656
10.0547495	10.5155919	11.7095956
10.5551707	11.0389508	12.2923775
11.7945012	12.3350819	13.7356787
13.0685388	13.6675131	15.2194037
16.311275	17.0588756	18.9958406
20.3592831	21.2924156	23.7100831
30.0642869	31.4422325	35.01237
45.4417475	47.5244931	52.9207038
55.4028869	57.9421856	64.5212819
42.4881669	44.4355406	49.4810144
28.4693569	29.7742013	33.15494
19.5070762	20.4011494	22.7176169
16.3335719	17.0821944	19.0218081
13.0549888	13.6533438	15.2036244
11.1797312	11.6921363	13.0197275
10.3759656	10.8515296	12.0836763
9.9751295	10.4323229	11.6168706
9.55629281	9.99428913	11.1290994
10.1164543	10.5801247	11.781455
7.70710425	8.06034631	8.97556569
7.77124431	8.12742606	9.05026206
7.6316465	7.98143025	8.88768887
7.74612287	8.10115319	9.021006
8.05979987	8.42920706	9.38630919
8.29943569	8.67982625	9.66538544
9.12414231	9.54233219	10.625825
10.4383894	10.9168156	12.1563763
12.393285	12.9613119	14.4330156
15.1906531	15.8868894	17.6907825
21.024045	21.9876475	24.4842537
35.4586169	37.0838025	41.2945163
2385.50678700505	2388.27101890505	2395.43290140505
4841.65794868416	4846.17263328416	4857.86979828416
57.2415137	59.8650825	66.6625175
32.6405806	34.1366038	38.0126756
20.1084925	21.03013	23.4180137
14.9690119	15.6550919	17.4326637
11.9904481	12.5400087	13.9638769
10.1856679	10.6525103	11.8620594
9.080152	9.49632556	10.5745952
8.37760675	8.76158	9.75642238
7.96654556	8.33167856	9.27770656
7.93295263	8.29654625	9.238585
7.06486669	7.38867287	8.22762644
7.01576331	7.337319	8.17044131
7.12902431	7.45577113	8.30234344
7.51561594	7.86008138	8.75256162
8.19169619	8.56714894	9.53991387
9.79465331	10.243575	11.4066912
11.81922	12.3609344	13.7644675
17.1722806	17.95934	19.9985519
26.4223206	27.6333444	30.7709956
58.1255331	60.789615	67.6920306
3085.7225429473	3088.7167266473	3096.4743854473
38.3626188	40.1209056	44.67647
20.4160375	21.3517712	23.7761775
13.0976119	13.6979181	15.2532613
10.4322151	10.9103581	12.1491844
8.74467238	9.14546994	10.1838997
7.77490237	8.13125188	9.05452225
7.29247025	7.62670813	8.4926895
7.28604294	7.61998638	8.48520456
7.4557615	7.79748362	8.68285581
7.96210125	8.32703069	9.27253094
9.22987544	9.65291063	10.7489601
11.5834013	12.1143069	13.4898375
17.7080712	18.51969	20.622525
28.6111675	29.9225119	33.3200906
27.7221225	28.9927188	32.2847244
17.2282038	18.0178306	20.0636806
11.5998681	12.1315287	13.5090144
8.80388256	9.2073935	10.2528554
7.86405275	8.22448856	9.15834538
8.53351569	8.92463494	9.93799125
9.08721694	9.50371469	10.5828215
11.2026763	11.7161319	13.0464512
14.9286163	15.6128419	17.3856144
12.3097287	12.8739244	14.3357063
9.79112419	10.2398818	11.4025794
10.4554353	10.9346409	12.176225
