#?RADIANCE
genskyvec -m 1
NROWS=146
NCOLS=1
NCOMP=3
FORMAT=ascii

1.64919719	1.7247855	1.92062769
13.6070525	14.2307075	15.8465475
13.0299711	13.6271784	15.1744894
12.7475486	13.3318112	14.8455844
12.7427733	13.3268169	14.8400212
13.1152719	13.7163881	15.27383
12.8632256	13.4527875	14.9802963
12.9465147	13.5398956	15.0772956
12.8829353	13.4734027	15.0032519
13.5337562	14.1540544	15.76119
12.7699124	13.3551987	14.8716294
13.5540944	14.1753225	15.7848725
13.1542231	13.7571256	15.3191906
13.2697924	13.8779913	15.4537812
13.6061962	14.2298119	15.8455506
14.0269062	14.6698038	16.3355019
16.05342	16.7892013	18.695545
17.1506362	17.9367063	19.9733438
23.1226063	24.1823925	26.9282019
35.3401494	36.9599069	41.1565519
51.862025	54.2390331	60.3976519
93.1777394	97.4483819	108.51325
520.872105438512	525.397169338512	537.121249338511
72.5613231	75.887045	84.5037106
44.1386013	46.1616206	51.4030837
26.7661475	27.9929288	31.1714094
20.3357594	21.267815	23.6826881
16.4081131	17.1601513	19.1086144
15.2372206	15.9355925	17.7450138
13.9262046	14.5644894	16.2182269
13.69556	14.3232712	15.9496213
12.2568281	12.8185987	14.2740988
11.5190156	12.0469712	13.4148556
11.9977744	12.5476725	13.97241
11.7827581	12.3228006	13.722005
11.6850224	12.2205844	13.6081825
11.3322634	11.8516575	13.1973656
11.8386444	12.3812494	13.7870887
12.087065	12.6410563	14.076395
11.964595	12.5129725	13.9337688
11.1201269	11.6297963	12.9503144
11.5058281	12.0331787	13.3994987
11.6258337	12.1586831	13.5392525
12.3366862	12.9021175	14.3671
12.4930119	13.0656094	14.5491569
12.9455931	13.5389331	15.0762237
14.3288819	14.9856212	16.6871769
17.3635231	18.1593506	20.2212712
21.1381887	22.1070219	24.6171825
30.8157319	32.2281206	35.8874906
44.8227931	46.8771719	52.1998831
362.282245283272	365.528259683272	373.938385283272
521.376332560511	525.517860660511	536.248242060511
56.7570681	59.3584325	66.0983394
38.13398	39.8817856	44.4102
26.0640144	27.2586138	30.3537181
20.034305	20.9525438	23.33162
15.5472919	16.2598756	18.1061181
13.8410025	14.4753813	16.119
12.7050856	13.2874013	14.7961325
12.44162	13.0118619	14.4893044
8.7669995	9.16881975	10.2099009
8.31744	8.6986555	9.68635344
8.23135275	8.60862294	9.58609613
8.677883	9.0756185	10.1061188
8.61932719	9.01437956	10.0379257
8.66513838	9.06229012	10.0912755
8.66917487	9.0665125	10.0959766
8.78362419	9.18620656	10.229263
8.40807225	8.79344225	9.79190169
8.80653644	9.21016919	10.2559467
8.95129625	9.36156381	10.4245305
9.71730556	10.1626813	11.3166106
10.7356934	11.2277456	12.50261
12.618535	13.1968831	14.6953344
17.7413275	18.5544712	20.6612556
26.6428481	27.8639794	31.02782
36.5765369	38.25296	42.5964281
43.1297775	45.1065563	50.2282219
27.2204088	28.4680125	31.7004375
17.5628531	18.3678162	20.4534069
13.5316731	14.1518738	15.7587613
11.1512978	11.6623994	12.9866169
9.35009706	9.77864269	10.8889662
9.11533394	9.53312044	10.6155666
6.53020038	6.82950112	7.604963
6.48715575	6.78448356	7.55483388
6.25977456	6.54668069	7.2900295
6.34063725	6.63124956	7.38420081
6.47573494	6.77253931	7.54153337
6.41958194	6.71381256	7.47613856
6.35829144	6.64971306	7.40476062
6.50231538	6.800338	7.5724885
6.44675556	6.74223156	7.50778438
6.621527	6.92501337	7.71132025
6.75807869	7.06782388	7.87034625
6.93231762	7.25004863	8.07326188
7.64739831	7.99790394	8.90603262
9.34075131	9.76886894	10.8780838
11.7740842	12.3137296	13.7119019
13.8983031	14.5353094	16.1857338
17.0363488	17.8171813	19.84025
17.7366462	18.549575	20.6558019
15.6353425	16.3519625	18.2086594
12.1390704	12.6954439	14.13696
9.77667944	10.2247761	11.3857586
8.20200038	8.57792519	9.55191413
7.27842062	7.61201475	8.47632788
7.04632813	7.36928438	8.20603656
5.26586694	5.50721906	6.13254131
5.15824731	5.39466675	6.00720913
5.01523556	5.2451005	5.84066019
5.12510944	5.36001006	5.96861725
5.145669	5.38151206	5.9925605
5.104704	5.33866944	5.9448535
5.20783969	5.44653225	6.06496369
5.40011288	5.647618	6.28888181
5.58364331	5.83956044	6.50261844
6.20163131	6.48587238	7.22231675
6.67658881	6.982599	7.77544444
8.4161165	8.80185538	9.80127088
9.86850275	10.3208086	11.4926949
9.47988694	9.91438144	11.040118
8.03132688	8.39942912	9.35315
6.77361056	7.08406762	7.88843456
6.0711435	6.349404	7.07035288
5.54799294	5.80227581	6.46110038
4.5419855	4.75015963	5.28952088
4.30578825	4.50313669	5.01444956
4.35030675	4.54969588	5.066295
4.42935875	4.63237094	5.15835769
4.41069763	4.61285444	5.13662525
4.60076581	4.81163419	5.35797569
5.03772606	5.2686215	5.866852
5.50936312	5.7618755	6.41611275
6.26742894	6.55468575	7.29894356
5.95883669	6.23194987	6.93956225
5.40938106	5.65731075	6.29967531
4.71168987	4.92764206	5.48715575
4.11723862	4.30594538	4.79486769
3.97511025	4.15730262	4.62934725
4.03691356	4.22193844	4.70132231
4.31266669	4.51033075	5.02246025
4.48178025	4.68719512	5.21940688
4.44789644	4.65175844	5.17994644
4.04633975	4.231797	4.71230006
