#?RADIANCE
genskyvec -m 1
NROWS=146
NCOLS=1
NCOMP=3
FORMAT=ascii

20.1745475	21.0992131	23.4949419
31.3720144	32.8098975	36.5353275
29.6550512	31.0142413	34.5357819
28.5353925	29.8432631	33.2318444
26.8288063	28.0584594	31.2443825
23.9841069	25.0833781	27.9314931
23.9738744	25.0726781	27.9195769
24.7651712	25.9002394	28.8411044
26.2460394	27.44898	30.5657006
27.9345412	29.2148725	32.5321031
35.5524206	37.1819063	41.4037581
38.1358138	39.8837025	44.4123344
44.9350756	46.9945994	52.3306412
48.1257756	50.3315387	56.0464775
47.98922	50.188725	55.88745
45.6182869	47.7091256	53.1263012
40.4698081	42.3246737	47.1304681
37.3936687	39.1075437	43.5480475
31.6787662	33.1307094	36.8925644
27.4021956	28.6581288	31.9121425
26.8086881	28.0374194	31.2209506
23.7044831	24.7909387	27.6058481
24.4926688	25.6152481	28.523755
23.6496238	24.7335637	27.5419581
26.3581812	27.5662638	30.6963
29.8895237	31.2594588	34.8088419
32.4131738	33.8987744	37.7478444
35.0448006	36.6510206	40.8125931
33.5268094	35.0634556	39.0447681
33.8968706	35.4504769	39.4757319
32.2562056	33.7346144	37.5650425
17.3073975	18.1006544	20.1559069
14.8635406	15.5447844	17.3098313
15.6423413	16.35928	18.2168112
14.4092681	15.0696944	16.7807956
14.3221256	14.978555	16.6793081
14.3214075	14.9778063	16.6784756
16.2894262	17.0360244	18.970395
18.6542056	19.5091894	21.7243794
21.5233706	22.5098575	25.0657594
23.6494844	24.73342	27.5417969
29.83202	31.1993194	34.7418763
37.4367237	39.1525731	43.5981881
44.2480531	46.2760881	51.53055
47.0687762	49.2260938	54.8155137
41.7296075	43.6422131	48.5976075
32.7899012	34.2927719	38.1865744
28.3605675	29.6604275	33.0282463
22.2270362	23.2457744	25.8852369
18.8718875	19.7368488	21.9778863
16.1912506	16.9333488	18.85606
14.9203006	15.6041475	17.3759344
14.340685	14.9979663	16.7009231
13.2839412	13.8927875	15.4702562
15.040205	15.7295481	17.5155762
16.1616775	16.9024194	18.8216206
17.4154988	18.2137081	20.2818
17.1606325	17.9471619	19.9849881
18.1987538	19.0328612	21.1939663
17.6032256	18.4100394	20.5004225
17.69299	18.5039194	20.6049613
10.2536119	10.7235686	11.9411869
9.57875131	10.017777	11.1552544
9.47693275	9.91129156	11.0366788
10.2966052	10.7685319	11.9912556
11.2129132	11.7268394	13.0583737
13.033505	13.6308744	15.1786031
15.7550244	16.4771294	18.3480381
20.4349638	21.3715662	23.7982194
27.4668956	28.7257956	31.9874894
44.972215	47.0334413	52.3738963
65.3759175	68.3723112	76.1357069
51.1662037	53.5113206	59.5873119
31.8836138	33.3449431	37.131125
21.9054737	22.9094725	25.5107512
16.4894337	17.2451994	19.2033225
13.5837519	14.20634	15.8194125
11.2207575	11.7350425	13.0675081
10.6562845	11.1446981	12.4101325
9.89676719	10.3503689	11.5256106
9.55607356	9.99406087	11.128845
10.2918746	10.7635854	11.9857463
10.6895098	11.1794429	12.4488244
10.2676806	10.7382826	11.9575706
10.698986	11.1893556	12.45986
7.75175819	8.10704681	9.02756888
7.87008094	8.23079262	9.16536544
8.05415919	8.42330806	9.37974044
8.60919331	9.0037815	10.0261231
9.96332031	10.4199729	11.6031188
11.19994	11.7132706	13.043265
14.1624719	14.8115844	16.4933794
19.2173381	20.0981319	22.3801919
31.1943562	32.6240975	36.3284306
58.678	61.3674062	68.3354256
6242.12460156996	6247.22147056996	6260.42698756996
2094.44151445155	2097.49583755155	2105.40932635155
37.2575663	38.9652025	43.3895419
20.8265406	21.7810894	24.2542444
15.00645	15.6942469	17.4762644
12.2204131	12.7805156	14.2316906
10.2305017	10.6993989	11.9142725
9.04499212	9.45955425	10.5336479
8.3312965	8.71314738	9.70249019
7.95881669	8.32359562	9.26870575
7.916381	8.27921475	9.21928569
8.0216025	8.389259	9.34182463
7.8999065	8.26198544	9.20009981
8.01046006	8.377606	9.32884888
7.02051719	7.34229075	8.17597769
7.38048381	7.71875581	8.59518875
8.08600475	8.45661294	9.41682694
9.41056344	9.84188081	10.9593856
11.3858669	11.9077194	13.2597906
16.5105044	17.2672356	19.2278587
25.9080394	27.0954913	30.1720719
56.372055	58.9557706	65.6499594
1689.31349568962	1691.88944878962	1698.56350258962
29.7791625	31.1440406	34.6803187
17.5265362	18.3298356	20.4111131
12.6590994	13.2393081	14.7425763
10.0215629	10.4808836	11.6709456
8.31663956	8.69781863	9.68541981
7.53267525	7.87792262	8.7724285
7.08508331	7.40981612	8.25117038
6.94881331	7.26730062	8.09247269
6.93156619	7.24926281	8.07238687
7.2388605	7.57064125	8.43025669
8.06425944	8.43387125	9.3915025
9.69498894	10.1393431	11.2906245
13.02537	13.6223663	15.1691288
17.9793075	18.8033594	20.9384044
23.6204306	24.7030337	27.5079625
19.3599631	20.2472937	22.5462925
13.5016713	14.1204969	15.7238206
9.89877575	10.3524694	11.52795
8.19778675	8.57351837	9.54700575
7.17902856	7.5080675	8.36057762
7.10309881	7.42865737	8.27215094
8.25235581	8.63058863	9.61055719
9.74365131	10.1902348	11.3472938
12.4024419	12.9708887	14.4436806
13.4893194	14.1075794	15.7094381
9.76405831	10.211578	11.3710606
8.281464	8.66103075	9.64445544
9.89851013	10.3521914	11.5276394
