#?RADIANCE
genskyvec -m 1
NROWS=146
NCOLS=1
NCOMP=3
FORMAT=ascii

1.0766303	1.12597587	1.25382575
12.2002129	12.75939	14.2081656
11.6202129	12.1528061	13.5327046
11.3231627	11.8421403	13.1867671
11.2796077	11.7965908	13.1360444
11.5928215	12.1241574	13.5008081
11.3367562	11.8563569	13.2025975
11.4018692	11.9244538	13.2784283
11.3584058	11.8790008	13.2278127
11.9782819	12.5272863	13.9497087
11.2901723	11.8076371	13.1483463
12.0512007	12.6035464	14.0346269
11.6997708	12.2360111	13.6253581
11.8049024	12.3459615	13.747793
12.0786672	12.6322726	14.0666156
12.3581829	12.9245986	14.392135
13.9689088	14.60915	16.2679594
14.6952262	15.3687581	17.1138156
19.3592181	20.2465156	22.545425
28.8183944	30.1392362	33.5614244
42.3974125	44.3406263	49.3753237
186.239283702358	189.771588702358	198.923478702358
425.491605786266	429.906600586266	441.345471586266
70.7002575	73.9406819	82.3363437
42.2683019	44.2055969	49.2249619
25.0547762	26.2031175	29.1783744
18.6952337	19.5521	21.7721606
14.9035537	15.5866312	17.3564294
13.762075	14.3928369	16.027085
12.5286441	13.1028731	14.59065
12.3006839	12.8644663	14.3251725
11.0029788	11.5072819	12.8138862
10.3087656	10.7812499	12.0054181
10.7120385	11.2030074	12.4750625
10.4854022	10.9659829	12.2111244
10.3638138	10.838822	12.0695256
10.0309458	10.4906964	11.6818738
10.4743864	10.9544629	12.1982956
10.7002461	11.1906727	12.4613287
10.6113629	11.0977159	12.3578162
9.87772512	10.330455	11.503435
10.2453595	10.7149376	11.9315738
10.3660858	10.8411976	12.0721713
11.0019094	11.5061621	12.8126406
11.0921431	11.6005347	12.9177256
11.399565	11.9220469	13.2757462
12.4001537	12.9684937	14.4410138
14.7573044	15.4336806	17.1861125
17.3493094	18.1444844	20.2047188
24.3900281	25.5079025	28.4042212
34.2173538	35.7856469	39.8489606
52.4581175	54.862445	61.0918506
207.537384550097	210.737975150097	219.030430850097
48.996685	51.242365	57.0607256
34.5613375	36.1453956	40.2495575
23.6843075	24.7698369	27.58235
18.1692694	19.0020256	21.1596288
14.0190037	14.6615412	16.3262988
12.4653775	13.0367075	14.5169706
11.4286417	11.952455	13.3096075
11.1867805	11.6995063	13.0279394
7.805518	8.16327056	9.09017606
7.38569844	7.72420956	8.601262
7.28978219	7.62389688	8.48955925
7.67196713	8.02359875	8.93464556
7.60340244	7.9518915	8.85479631
7.6396845	7.98983619	8.89704956
7.64938937	7.99998606	8.90835125
7.76663594	8.12260675	9.04489556
7.43659275	7.77743644	8.66053219
7.79738794	8.154768	9.08070869
7.89961256	8.26167819	9.19975756
8.48238013	8.8711555	9.87843925
9.17211406	9.59250313	10.6816922
10.432167	10.9103079	12.1491282
14.0476731	14.6915244	16.3596862
20.2151825	21.1417119	23.5422656
27.1305969	28.3740812	31.5958431
33.3193844	34.8465219	38.8032
22.8373325	23.8840419	26.5959762
15.1326819	15.8262625	17.62327
11.9081839	12.453975	13.8680719
9.88491244	10.3379708	11.5118038
8.30218781	8.68270487	9.66859069
8.12106113	8.49327625	9.45765381
5.74218412	6.00536731	6.68725225
5.70518194	5.96666944	6.64416025
5.48998875	5.74161312	6.39354981
5.55700025	5.81169581	6.47159006
5.67093856	5.93085644	6.60428075
5.61750256	5.87497137	6.54205025
5.56373475	5.81873887	6.479433
5.69721869	5.95834106	6.63488619
5.64648656	5.90528363	6.57580437
5.79499356	6.06059712	6.74875306
5.879766	6.14925494	6.84747775
5.95308094	6.22593025	6.93285925
6.4759145	6.77272719	7.54174263
7.66586469	8.01721669	8.92753863
9.33004837	9.75767544	10.86562
10.7357117	11.2277646	12.5026321
12.9840097	13.5791081	15.1209613
13.7783487	14.4098569	16.0460363
12.6883189	13.2698661	14.7766044
10.1889847	10.6559788	11.8659219
8.39107425	8.77566431	9.77210656
7.14201913	7.46936169	8.31747687
6.37357688	6.66569881	7.42256156
6.20027475	6.48445387	7.22073706
4.56428163	4.77347775	5.31548669
4.47804494	4.68328862	5.21505687
4.34727994	4.54653025	5.06276994
4.44525787	4.64899869	5.17687369
4.46150962	4.66599531	5.19579987
4.42137463	4.62402106	5.14905963
4.50841144	4.71504675	5.25042125
4.65284512	4.86610056	5.41862619
4.76549969	4.98391825	5.54982163
5.19153075	5.4294755	6.04597013
5.45852	5.708702	6.35690169
6.68185419	6.98810563	7.78157663
7.72197069	8.07589425	8.99287844
7.56249381	7.90910788	8.80715519
6.58160744	6.88326412	7.6648305
5.70143094	5.96274644	6.63979188
5.20293906	5.44140681	6.05925631
4.79415581	5.01388787	5.58319419
3.88826169	4.06647369	4.52820506
3.68467475	3.85355556	4.29111094
3.73032856	3.901302	4.34427875
3.7994765	3.97361912	4.42480744
3.76622994	3.93884881	4.38608894
3.889819	4.06810231	4.53001875
4.19283569	4.385007	4.88290663
4.50083125	4.70711925	5.2415935
5.04410306	5.27529094	5.8742785
4.86156981	5.08439169	5.66170356
4.52695344	4.73443837	5.27201456
3.99433356	4.17740706	4.65173438
3.47121638	3.6303135	4.04252088
3.35885881	3.51280644	3.91167112
3.39938606	3.55519106	3.95886831
3.59495988	3.75972869	4.18663044
3.70160762	3.87126456	4.31083075
3.7024755	3.87217219	4.3118415
3.38373788	3.53882581	3.94064512
