#?RADIANCE
genskyvec -m 1
NROWS=146
NCOLS=1
NCOMP=3
FORMAT=ascii

22.4114937	23.4386875	26.1000531
33.1488838	34.6682062	38.6046381
34.6944287	36.2845894	40.4045562
35.1978338	36.811065	40.9908106
34.2474025	35.817075	39.8839587
30.2272394	31.6126525	35.2021425
28.1510537	29.44131	32.7842512
26.544795	27.7614306	30.9136281
24.2767844	25.3894706	28.2723381
22.6480944	23.6861287	26.3755931
27.2521019	28.5011569	31.7373469
26.6615956	27.883585	31.0496525
31.4319306	32.8725594	36.6051038
34.7573706	36.3504163	40.4778556
37.5053256	39.2243169	43.6780756
42.399805	44.3431269	49.3781088
45.5847875	47.6740869	53.0872837
47.0622344	49.2192525	54.8078937
45.1454444	47.2146094	52.5756331
40.7692913	42.6378844	47.4792413
38.498095	40.2625906	44.8342444
32.9389306	34.4486306	38.36013
30.4262194	31.8207544	35.4338694
26.6318562	27.8524819	31.0150175
25.7939006	26.9761181	30.0391475
26.0200356	27.21262	30.3025
26.6391206	27.86008	31.0234769
28.8009925	30.1210375	33.5411581
28.6198238	29.9315637	33.3301712
30.6651725	32.07066	35.7121519
31.8078525	33.2657113	37.0428963
18.3982169	19.2414662	21.4262588
16.7988212	17.568765	19.563625
18.5986713	19.4511106	21.659705
17.2959381	18.0886669	20.1425594
16.3500013	17.0993744	19.0409375
14.7524531	15.4286062	17.1804613
15.4771131	16.1864806	18.0243887
15.6939456	16.4132525	18.2769075
15.7891962	16.5128675	18.3878369
15.4725094	16.1816656	18.0190262
17.9155775	18.7367094	20.8641844
20.4960925	21.4354944	23.8694087
24.8060588	25.9430013	28.8887238
29.3343675	30.6788562	34.162315
34.1187038	35.6824756	39.7340738
40.3132988	42.1609913	46.9481988
42.5008562	44.44881	49.4957913
40.3775712	42.2282075	47.0230494
33.7865775	35.3351275	39.3472863
28.0017138	29.2851244	32.6103288
23.9674606	25.0659694	27.9121094
20.7979963	21.7512375	24.2210013
17.309025	18.1023562	20.1578038
16.5915544	17.3519994	19.3222487
15.7041756	16.4239494	18.2888231
15.6160131	16.3317469	18.1861512
15.0101619	15.6981262	17.4805856
16.0580844	16.7940794	18.7009788
16.3264231	17.0747175	19.0134813
17.4325187	18.2315081	20.3016219
10.8171027	11.3128865	12.5974181
10.3286292	10.8020242	12.0285494
10.2290664	10.6978978	11.9126006
10.7107843	11.2016966	12.4736006
10.4486292	10.9275253	12.1683
10.6271796	11.1142581	12.3762381
11.3134206	11.8319531	13.1754238
12.8122644	13.3994938	14.92095
14.3563875	15.0143894	16.7192094
18.1290431	18.9599562	21.1127819
23.0358119	24.0916169	26.8271225
34.5960388	36.1816881	40.2899725
50.6689981	52.9913256	59.0082738
56.2747775	58.8540356	65.5366706
40.6016144	42.46252	47.2839663
27.6544706	28.921965	32.2059362
19.4591938	20.3510725	22.661855
16.4715581	17.226505	19.1825013
13.2770494	13.8855819	15.4622319
11.4571819	11.9823019	13.3428444
10.7456911	11.2382	12.5142512
10.4248896	10.9026973	12.1406538
10.0392266	10.4993574	11.6915162
10.6463948	11.1343523	12.398615
8.09742525	8.46855681	9.43012681
8.16349	8.53764975	9.50706475
8.03031969	8.39837569	9.35197706
8.16905144	8.54346612	9.51354125
8.56044944	8.95280325	9.96935713
8.88719687	9.2945265	10.3498817
9.90132481	10.3551357	11.5309181
11.445	11.9695631	13.3286575
13.7747537	14.4060931	16.0418481
17.1825969	17.9701319	20.0105669
24.6540944	25.7840719	28.7117469
43.6739825	45.6757031	50.8619937
3034.53571909719	3037.96023089719	3046.83283589719
4397.77616977106	4402.16779997106	4413.54613097106
51.7870031	54.1605731	60.3102844
30.7431756	32.1522363	35.8029912
19.8031663	20.7108106	23.0624381
15.0849325	15.7763256	17.5676613
12.220275	12.7803706	14.2315306
10.4529279	10.9320206	12.173305
9.38167981	9.811673	10.9257475
8.72477806	9.12466363	10.1607308
8.339059	8.72126594	9.71152969
8.32630513	8.70792719	9.69667675
7.44759025	7.78893756	8.67333969
7.42562594	7.76596681	8.64776063
7.59286506	7.94087131	8.84252444
8.06440725	8.43402581	9.39167487
8.87395938	9.28068225	10.3344664
10.7700359	11.2636637	12.542605
13.1969887	13.80185	15.3689931
19.9300519	20.8435137	23.2102081
31.9221906	33.38529	37.1760519
71.8118294	75.1032025	83.6308606
3057.19799671108	3060.24656231108	3068.14512801108
36.6014494	38.2790162	42.6254406
20.184605	21.1097319	23.506655
13.3609681	13.9733463	15.5599631
10.7596173	11.252765	12.5304713
9.07812806	9.49420844	10.5722367
8.11910131	8.49122644	9.45537025
7.65705125	8.00799906	8.91727456
7.72455706	8.07859906	8.99589062
7.97320019	8.3386385	9.2854565
8.60054587	8.99473737	10.0160528
10.0993752	10.5622626	11.7615638
12.8897912	13.480575	15.0112375
20.2791738	21.2086344	23.61679
32.4484956	33.9357175	37.7889787
29.2771588	30.6190269	34.0956919
17.6797987	18.4901219	20.5895994
12.0543119	12.6068006	14.0382519
9.20509625	9.62699575	10.7201025
8.289042	8.66895619	9.65328075
9.10909931	9.52659931	10.6083069
9.81586669	10.2657617	11.4313963
12.2680781	12.8303644	14.2871987
16.3950113	17.1464488	19.0933588
13.11881	13.7200888	15.2779488
10.3741802	10.8496627	12.0815975
11.2628594	11.7790731	13.1165394
