#?RADIANCE
genskyvec -m 1
NROWS=146
NCOLS=1
NCOMP=3
FORMAT=ascii

9.32856513	9.75612394	10.8638919
25.7708825	26.9520462	30.0123412
24.8224694	25.9601644	28.9078344
24.7666781	25.9018181	28.8428637
25.3113738	26.4714762	29.4772044
26.6208769	27.841	31.0022313
29.5432575	30.8973244	34.4055875
34.3122944	35.88494	39.9595275
43.3043287	45.2891088	50.4315012
57.2531431	59.8772456	66.67606
73.8540637	77.2390406	86.0092156
97.277165	101.735703	113.287366
95.0287806	99.3842613	110.668934
79.5583094	83.2047294	92.6522831
61.8051912	64.6379256	71.9772981
46.2521963	48.3720875	53.8645388
37.1458863	38.848405	43.2594831
31.2260819	32.657275	36.365375
27.6588812	28.92658	32.211075
25.1595962	26.3127444	29.30045
25.4142256	26.5790438	29.5969844
25.2310375	26.3874588	29.3836469
25.6237831	26.7982062	29.8410325
25.6307119	26.8054519	29.8491025
27.5320512	28.7939356	32.0633688
27.9252044	29.2051069	32.5212269
29.2523944	30.5931281	34.0668544
28.9995212	30.3286663	33.7723619
28.2587994	29.5539931	32.9097287
27.1331237	28.3767219	31.5987844
26.11197	27.3087669	30.4095638
17.5997238	18.4063794	20.496345
15.9449569	16.6757669	18.5692312
17.5177856	18.3206838	20.4009225
17.677555	18.4877775	20.5869881
19.4936431	20.3871012	22.7019725
21.5430012	22.5303881	25.0886225
27.1619025	28.4068225	31.6323019
36.3144581	37.97887	42.2912144
52.1995419	54.59202	60.7907213
72.46661	75.7879937	84.3934094
105.913317	110.767657	123.344881
115.100619	120.376062	134.044288
87.6883	91.7073444	102.120345
58.1727006	60.8389475	67.7469625
40.7434712	42.6108788	47.44917
29.0215756	30.3517313	33.7980444
25.5390113	26.7095481	29.7423081
19.708345	20.6116431	22.9520106
17.8105287	18.6268444	20.7418456
16.2732087	17.0190638	18.9515087
16.3200925	17.0680969	19.0061087
16.9557281	17.7328656	19.7463588
16.1338106	16.8732756	18.7891675
18.3163881	19.1558875	21.3309606
19.1301006	20.0068956	22.2785975
19.7223669	20.6263063	22.9683412
18.5331125	19.3825456	21.5833544
18.7612694	19.6211606	21.8490619
17.7877806	18.6030519	20.7153513
17.7704287	18.5849037	20.6951456
10.6337792	11.1211586	12.3839219
10.1598791	10.6255393	11.8320262
10.640386	11.128069	12.3916144
12.7943625	13.38077	14.9001031
15.4855062	16.19526	18.0341619
21.1899456	22.1611487	24.6774575
32.0861044	33.5567163	37.366945
55.8348806	58.3939756	65.0243744
2078.55482274358	2082.64870774358	2093.25559624358
2334.42288906181	2339.07160406181	2351.11600806181
58.9809244	61.6842156	68.688205
32.5317613	34.0227987	37.8859494
20.9409181	21.9007087	24.387445
15.1914369	15.8877094	17.6916944
12.6689881	13.24965	14.7540925
11.5049511	12.0322606	13.398475
10.5350871	11.0179467	12.2689894
11.2356937	11.7506639	13.0849031
10.9038704	11.4036302	12.6984669
10.4227711	10.9004816	12.1381863
11.2137772	11.7277411	13.0593762
11.3309651	11.8503002	13.1958531
10.4764133	10.9565796	12.2006556
10.8650949	11.3630777	12.6533094
7.29978169	7.63435487	8.50120463
7.60647119	7.95510081	8.85836981
7.99357663	8.35994875	9.30918719
9.02070562	9.43415412	10.5053636
11.6509926	12.1849956	13.5685538
14.37174	15.0304437	16.7370887
21.94893	22.9549212	25.5613594
34.480335	36.0606831	40.1552256
51.0394869	53.3787956	59.4397387
1401.00044918789	1403.36375988789	1409.48688988789
33.5608288	35.0990313	39.0843838
20.5768056	21.5199094	23.9634069
15.56114	16.2743587	18.1222444
11.5118157	12.0394394	13.4064688
9.44854406	9.8816025	11.0036179
8.20034588	8.57619506	9.54998681
7.58882381	7.93664456	8.837818
7.40654706	7.74601362	8.62554156
7.54028044	7.88587637	8.78128506
7.50267819	7.8465505	8.73749419
7.60147175	7.94987231	8.85254762
7.68592744	8.03819881	8.95090356
7.43264931	7.77331219	8.6559395
7.60734137	7.95601081	8.85938319
5.68658056	5.94721531	6.62249712
6.1257295	6.40649181	7.13392269
6.83707294	7.15043856	7.96234156
8.77625325	9.17849719	10.220678
11.8301962	12.3724122	13.7772488
17.8594112	18.6779663	20.7987737
23.2295725	24.2942625	27.052775
22.0722044	23.0838475	25.7049244
16.3325519	17.0811263	19.0206187
11.2674803	11.7839063	13.1219194
8.21848581	8.59516637	9.57111244
6.96189125	7.28097756	8.10770275
6.19347875	6.47734631	7.21282244
5.71307087	5.97491988	6.6533475
5.47535787	5.72631156	6.37651088
5.47402138	5.72491369	6.37495437
5.59987756	5.85653844	6.52152438
5.59992681	5.85659025	6.52158175
5.026417	5.25679419	5.85368156
5.53307569	5.7866745	6.44372769
7.21640019	7.54715162	8.4041
10.2706324	10.7413701	11.9610081
11.514374	12.0421146	13.4094488
10.4049089	10.8817994	12.1173839
8.14605487	8.5194155	9.48676031
6.34534088	6.63616881	7.38967856
5.28457406	5.52678356	6.15432731
4.8173485	5.03814356	5.61020406
4.73887269	4.95607069	5.51881238
4.685872	4.900641	5.45708875
4.80480494	5.02502506	5.59559594
5.66991781	5.92978881	6.60309212
6.68100825	6.98722094	7.780591
6.42480956	6.71927975	7.4822265
4.91935462	5.14482494	5.72899875
4.55660181	4.76544588	5.30654294
5.18435581	5.42197194	6.03761475
