#?RADIANCE
genskyvec -m 1
NROWS=146
NCOLS=1
NCOMP=3
FORMAT=ascii

2.62064087	2.7407535	3.05195462
15.5129356	16.2239431	18.0661063
15.2471688	15.9459963	17.7565994
15.2920831	15.9929694	17.8089056
15.4907137	16.2007037	18.0402262
15.6823694	16.4011438	18.2634262
15.5064656	16.2171787	18.0585725
15.6184488	16.3342931	18.1889856
15.2074369	15.9044431	17.7103269
15.4812613	16.1908169	18.0292187
15.4870081	16.1968288	18.0359131
15.5355994	16.2476475	18.0925013
15.4738375	16.1830544	18.020575
15.4541456	16.1624606	17.9976406
15.6069069	16.3222213	18.1755425
16.5833475	17.3434163	19.31269
18.9800863	19.8500063	22.1038938
21.7200837	22.7155875	25.29485
29.264425	30.60571	34.0808644
46.3986013	48.5252025	54.03504
71.1493669	74.4103775	82.8593675
122.578463	128.196637	142.752837
580.638501900279	586.130369900279	600.359332900279
85.4590788	89.3759488	99.5242262
52.8904031	55.3145462	61.595285
32.2103656	33.6866719	37.5116556
24.2011419	25.31036	28.1842475
19.4883288	20.3815425	22.6957844
17.4088419	18.2067462	20.2740469
15.9284006	16.65845	18.5499481
15.483335	16.1929875	18.031635
12.2852312	12.8483031	14.3071762
11.5499	12.07927	13.4508219
12.2983919	12.8620688	14.3225044
12.1267694	12.6825781	14.1226338
12.1593612	12.716665	14.1605888
11.7743319	12.3139875	13.7121906
12.4201694	12.9894269	14.4643213
12.6606412	13.2409231	14.7443738
12.3741456	12.9412925	14.4107231
11.244585	11.7599606	13.0952563
11.5848719	12.1158444	13.4915487
11.6208325	12.1534544	13.5334287
12.36091	12.9274525	14.3953119
12.6221975	13.2007144	14.6996013
13.1827275	13.7869356	15.3523856
14.9751106	15.6614681	17.4397644
18.8814825	19.7468825	21.9890587
24.0218913	25.1228931	27.975495
36.764505	38.4495469	42.8153331
55.6653525	58.2166788	64.8269469
615.897675481408	620.093727281408	630.965329081408
805.265149608866	810.416045608866	823.761568608866
63.7051425	66.6249625	74.1899575
41.3637606	43.2595969	48.1715481
27.5397563	28.8019944	32.0723431
20.8370531	21.7920863	24.2664875
15.8199944	16.5450769	18.4237038
13.9389831	14.5778513	16.2331075
12.6692263	13.2499006	14.7543719
12.3758106	12.943035	14.4126644
8.95188437	9.36217931	10.4252172
8.61118125	9.0058605	10.0284388
8.60120331	8.99542475	10.0168183
9.05731469	9.47244125	10.5479984
9.04852919	9.46325325	10.5377677
9.08356762	9.49989769	10.5785725
9.04828338	9.462996	10.537481
9.0764455	9.4924485	10.5702773
8.71101006	9.11026425	10.1446979
9.02001088	9.43342781	10.5045546
9.20257819	9.62436275	10.7171694
10.1221837	10.5861169	11.7881269
11.5857831	12.1167969	13.4926094
14.3417294	14.9990581	16.7021381
21.270875	22.24579	24.7717081
33.626515	35.1677281	39.1608812
47.7923637	49.9828463	55.658195
53.6468375	56.1056488	62.4762163
31.4832463	32.9262256	36.6648631
19.7432719	20.6481719	22.992685
14.5200412	15.1855431	16.9097975
11.6387169	12.1721588	13.5542575
9.68744787	10.1314564	11.2818412
9.29702525	9.72313775	10.8271616
7.32308363	7.65872475	8.52834163
7.26187094	7.59470637	8.45705425
7.11409519	7.44015775	8.28495713
7.19039162	7.519951	8.37381069
7.31373269	7.64894519	8.51745175
7.27295556	7.60629906	8.46996325
7.20845006	7.53883712	8.39484106
7.29601187	7.630412	8.49681425
7.24878413	7.58101969	8.44181344
7.40608038	7.7455255	8.624998
7.64438206	7.99474931	8.90252038
8.08478663	8.45533906	9.41540775
9.03663938	9.45081894	10.5239209
11.4494774	11.974245	13.3338731
15.0868531	15.7783344	17.5698994
18.5608663	19.4115712	21.6156769
23.1525856	24.2137444	26.9631162
23.6349563	24.7182237	27.5248775
19.8074563	20.7152969	23.0674331
14.7718181	15.44886	17.2030138
11.4724771	11.9982994	13.3606562
9.32598969	9.75343081	10.8608929
8.20299581	8.57896625	9.55307237
7.79865281	8.15609088	9.08218163
6.54463425	6.84459644	7.62177256
6.38763231	6.68039862	7.4389305
6.27552663	6.56315494	7.30837419
6.34701887	6.63792381	7.39163287
6.36339844	6.655054	7.41070819
6.33940819	6.62996431	7.38276969
6.43589831	6.73087681	7.49514019
6.69445756	7.00128669	7.79625394
7.05019287	7.37332638	8.21053737
8.03064081	8.39871181	9.35235125
9.07771063	9.49377244	10.5717521
11.7313459	12.2690332	13.6621319
13.9985181	14.6401169	16.3024419
13.2598125	13.8675512	15.4421562
10.9475019	11.4492614	12.7492775
8.87879069	9.28573463	10.3400912
7.66216712	8.01334963	8.92323288
6.90913175	7.2258	8.04626
6.12822519	6.40910225	7.13682931
5.88844369	6.15833044	6.85758356
5.874837	6.14410025	6.84173744
5.93058175	6.20239994	6.906657
5.99542762	6.27021775	6.9821755
6.35919869	6.65066175	7.40581713
7.09235644	7.41742244	8.25964044
8.00373606	8.37057362	9.32101775
9.26230287	9.68682431	10.7867243
8.70091581	9.0997075	10.1329428
7.55587819	7.90218888	8.79945031
6.52504062	6.82410494	7.59895413
6.00319687	6.27834325	6.9912235
5.79781794	6.06355125	6.7520425
5.91129062	6.18222462	6.88419081
6.37690069	6.669175	7.42643244
6.776156	7.08672956	7.89139869
6.61188694	6.91493137	7.70009363
6.06954275	6.34772987	7.06848862
