#?RADIANCE
genskyvec -m 1
NROWS=146
NCOLS=1
NCOMP=3
FORMAT=ascii

10.5116925	10.9934775	12.2417412
22.8790831	23.9277081	26.6446013
21.6545638	22.6470656	25.2185463
21.4591038	22.4426463	24.990915
21.5472675	22.5348506	25.0935912
21.7706969	22.7685206	25.3537931
24.1535125	25.2605481	28.12878
27.4752937	28.7345763	31.9972706
33.6782075	35.2217912	39.2210812
42.5902281	44.5422775	49.5998712
57.9742731	60.6314262	67.5158769
73.3028406	76.6625531	85.3672694
75.5941644	79.0588963	88.0357094
64.0920556	67.0296056	74.6405431
49.8889663	52.1755425	58.09986
38.5288613	40.2947669	44.8700719
30.5411487	31.94095	35.5677144
26.799955	28.028285	31.2107819
22.8383025	23.8850587	26.5971106
20.8291488	21.7838175	24.2572806
21.7244363	22.7201394	25.2999188
21.1337769	22.1024088	24.6120475
22.5531269	23.5868113	26.2649975
22.5888038	23.6241244	26.3065462
25.155695	26.3086638	29.2959038
26.8075819	28.0362606	31.2196644
28.0493675	29.3349612	32.6658269
28.4024369	29.704215	33.0770069
26.4908781	27.7050437	30.8508388
25.4831631	26.6511419	29.6772681
23.7161712	24.8031625	27.61946
14.2537994	14.9070963	16.5997369
12.67366	13.2545369	14.7595344
13.6287538	14.2534031	15.8718206
13.5438363	14.164595	15.7729262
14.8235325	15.5029437	17.2632387
16.32106	17.0691069	19.0072356
20.2323838	21.1597	23.5622975
26.5416313	27.7581225	30.9099431
37.6418212	39.36707	43.8370375
53.3441369	55.7890738	62.1236956
79.2613	82.8941094	92.3063931
89.4085787	93.5064687	104.123747
68.0522594	71.1713175	79.25253
45.1364575	47.2052087	52.5651669
31.5375119	32.9829794	36.7280612
22.4839519	23.5144662	26.1844388
19.6304212	20.5301475	22.8612631
15.3267375	16.0292119	17.8492637
13.7951363	14.4274119	16.0655875
12.6733788	13.2542431	14.7592088
12.81937	13.4069238	14.9292262
13.5182713	14.1378588	15.7431544
13.2143025	13.8199588	15.3891581
15.2891731	15.9899262	17.8055181
16.1910344	16.9331225	18.85581
16.8697894	17.6429869	19.6462762
15.93813	16.6686275	18.5612806
16.0623019	16.7984881	18.705885
15.0388987	15.7281819	17.5140531
14.7206431	15.3953375	17.1434162
9.21125225	9.63343413	10.7272704
8.80563494	9.209226	10.2548953
9.107677	9.52511169	10.6066494
10.6220472	11.108891	12.3702594
12.7531237	13.3376406	14.852075
17.1436625	17.9294119	19.965225
25.7019731	26.8799781	29.93209
45.0607312	47.1260144	52.4769794
1919.07808780838	1922.59288650838	1931.69940220838
2658.93534252334	2663.26173252334	2674.47101392334
52.7725388	55.1912775	61.4580231
27.7893244	29.0630019	32.3629862
17.8090456	18.6252944	20.7401187
13.0775031	13.6768881	15.2298425
10.7786328	11.2726532	12.5526169
9.71853125	10.1639638	11.31804
9.03641531	9.4505835	10.5236587
9.57520369	10.0140679	11.1511231
9.60101194	10.0410584	11.1811765
9.45130413	9.88448844	11.0068328
10.1564013	10.6219024	11.8279775
10.2623704	10.7327283	11.9513856
9.52599469	9.96260244	11.0938161
9.63377275	10.0753199	11.2193315
7.16292163	7.49122213	8.3418195
7.36097931	7.69835719	8.57247425
7.77895875	8.13549419	9.05924625
8.66110137	9.05806819	10.0865759
10.9643922	11.4669269	12.7689494
13.4478144	14.0641719	15.6611019
20.5549125	21.4970119	23.9379087
32.7287288	34.2287963	38.115335
51.6681594	54.0362806	60.1718806
1564.16448022637	1566.63867212637	1573.04908522637
34.2845781	35.8559538	39.9272512
20.713225	21.6625813	24.1222762
15.3672094	16.0715381	17.8963975
11.1887132	11.7015306	13.0301906
9.13483444	9.55351331	10.6382771
8.01423137	8.38154987	9.33324138
7.40714575	7.7466395	8.62623894
7.23021119	7.56159563	8.42018375
7.36116444	7.69855081	8.57268988
7.41881775	7.75884656	8.63983194
7.5491315	7.89513306	8.79159337
7.61717362	7.96629381	8.87083388
7.38916344	7.72783325	8.60529712
7.42203713	7.7622135	8.64358138
6.31460069	6.60401981	7.35387906
6.74673075	7.05595575	7.85713062
7.59091525	7.938832	8.84025369
9.51519094	9.95130275	11.0812316
12.6823581	13.2636337	14.7696625
19.5427694	20.43848	22.759185
25.9057406	27.0930869	30.169395
24.9734256	26.1180406	29.0836356
18.3867344	19.22946	21.4128869
12.5228325	13.096795	14.5838831
9.34180331	9.76996894	10.8793095
7.721931	8.07585256	8.99283269
6.7964195	7.10792187	7.91499719
6.32759119	6.61760531	7.36900731
6.15883556	6.44111525	7.17247744
6.15468756	6.43677719	7.16764675
6.22774994	6.51318837	7.25273419
6.22031837	6.505416	7.24407944
6.17370312	6.45666431	7.18979194
6.92996669	7.24759	8.07052413
8.84203506	9.24729463	10.2972874
12.4022911	12.9707287	14.4435037
14.2700062	14.9240475	16.6186113
13.0611781	13.6598131	15.2108294
10.1701256	10.6362558	11.8439587
7.95165575	8.31610625	9.26036625
6.549747	6.8499435	7.62772669
6.00000106	6.27500069	6.98750131
5.811506	6.07786644	6.76798325
5.85745375	6.12592025	6.8214935
6.45779756	6.75377988	7.52064375
7.66915144	8.02065381	8.93136619
9.038972	9.45325719	10.5266361
8.65171706	9.0482545	10.0756464
6.70140869	7.00855625	7.80434913
6.12917706	6.41009738	7.13793769
7.17866819	7.50769025	8.36015781
