#?RADIANCE
genskyvec -m 1
NROWS=146
NCOLS=1
NCOMP=3
FORMAT=ascii

1.23607738	1.29273094	1.43951519
12.6312394	13.2101719	14.7101319
12.0507411	12.6030678	14.0340944
11.7575711	12.2964573	13.6926722
11.72581	12.2632406	13.6556825
12.0582425	12.6109101	14.0428288
11.8036475	12.3446481	13.7463313
11.8748124	12.4190733	13.8292094
11.8260501	12.3680752	13.7724193
12.4570125	13.0279581	14.50723
11.7439822	12.2822455	13.676845
12.5134999	13.087034	14.5730138
12.1456432	12.7023175	14.1446137
12.2526699	12.8142505	14.2692575
12.5439016	13.1188289	14.6084187
12.8633733	13.4529444	14.98047
14.5963912	15.2653913	16.9987144
15.4316481	16.1389319	17.9714425
20.4844431	21.4233125	23.8558406
30.7743656	32.1848562	35.8393138
45.308695	47.38534	52.7657513
243.130679885946	246.905976685946	256.687446685946
466.607452606996	471.080170506996	482.668560506996
71.5162862	74.7941137	83.2866725
42.9139306	44.8808169	49.97685
25.6045894	26.7781325	29.8186806
19.2098038	20.09025	22.3714169
15.369735	16.0741812	17.8993387
14.2174025	14.869035	16.5573519
12.9580416	13.5519504	15.09072
12.7286025	13.3119975	14.8235194
11.3886344	11.9106119	13.2630137
10.6806439	11.1701711	12.4384988
11.1068772	11.6159415	12.934885
10.8838464	11.3826874	12.6751462
10.7698255	11.2634426	12.54236
10.4312371	10.9093366	12.148045
10.8943886	11.3937132	12.6874231
11.1276856	11.6377055	12.9591188
11.0289112	11.5344027	12.8440869
10.261103	10.7314028	11.9499087
10.6340638	11.1214585	12.384255
10.7537964	11.246677	12.5236919
11.411328	11.9343475	13.2894425
11.5191944	12.0471556	13.4150625
11.8674288	12.4113519	13.8206106
12.9779131	13.5727337	15.1138631
15.5331869	16.2451256	18.0896919
18.4658613	19.3122131	21.5050344
26.2713225	27.4754244	30.5951463
37.2952425	39.0046069	43.4334206
57.7613181	60.4087094	67.2678725
291.346580169575	294.834086969575	303.869913869575
51.5849912	53.9493013	60.0750225
35.7432538	37.3814856	41.6259994
24.4489487	25.5695256	28.47284
18.7579306	19.6176688	21.8451744
14.4951569	15.1595194	16.8808187
12.8913738	13.4822287	15.01308
11.8225869	12.364455	13.7683894
11.5733393	12.1037831	13.4781188
8.100724	8.47200706	9.43396944
7.67161025	8.02322544	8.93423006
7.5787205	7.92607844	8.82605194
7.98089694	8.34668769	9.29441956
7.91569025	8.27849244	9.21848087
7.95525113	8.31986663	9.26455375
7.96345056	8.32844206	9.27410238
8.07986944	8.45019625	9.40968125
7.73528025	8.08981356	9.00837894
8.10659956	8.47815181	9.44081062
8.21996256	8.5967105	9.57283181
8.85440012	9.260227	10.3116885
9.63688975	10.078581	11.2229608
11.0731319	11.5806498	12.8955856
15.1169187	15.8097787	17.6049131
22.055625	23.0665062	25.6856125
29.8316069	31.1988875	34.7413931
36.2445613	37.9057688	42.2098138
24.2049581	25.3143506	28.1886925
15.8890112	16.6172562	18.5040788
12.4125506	12.9814569	14.4554475
10.2762505	10.7472449	11.9675506
8.62453437	9.01982463	10.0439885
8.42664981	8.81287075	9.81353625
5.98331656	6.25755188	6.968071
5.94458206	6.21704194	6.92296156
5.7257055	5.98813325	6.66806144
5.79711856	6.06281963	6.75122781
5.91778588	6.18901731	6.89175512
5.86361169	6.13236044	6.82866475
5.80754894	6.07372806	6.763375
5.94414381	6.21658363	6.92245131
5.89129194	6.16130944	6.86090081
6.04691106	6.32406081	7.04213206
6.14551344	6.42718225	7.15696263
6.2462245	6.53250956	7.27424919
6.82326169	7.13599444	7.94625731
8.15501881	8.52879044	9.49719956
10.0353608	10.4953144	11.6870146
11.642749	12.1763748	13.5589525
14.1488206	14.7973062	16.4774813
14.9364156	15.6210006	17.3947
13.5737169	14.195845	15.807725
10.782712	11.2769183	12.5573668
8.81482337	9.21883662	10.2655975
7.46637762	7.80858631	8.69521919
6.65035794	6.95516587	7.74489644
6.45925775	6.75530681	7.52234431
4.77801437	4.99700656	5.56439625
4.685584	4.90033981	5.4567535
4.551207	4.75980388	5.30026
4.65305388	4.86631875	5.41886925
4.67065794	4.88472956	5.43937062
4.62994119	4.84214669	5.39195288
4.72135319	4.9377485	5.49840969
4.87874375	5.10235269	5.68170394
5.0107285	5.24038681	5.83541119
5.49024312	5.74187906	6.39384587
5.81483606	6.08134931	6.77186163
7.18376837	7.51302425	8.3660975
8.34288119	8.72526231	9.715981
8.1260155	8.49845731	9.46342213
7.01375375	7.33521744	8.16810225
6.02454169	6.30066619	7.01608106
5.46631675	5.71685613	6.36598162
5.02343794	5.25367869	5.85021256
4.08661056	4.27391331	4.75919881
3.87333494	4.05086269	4.51082156
3.91894062	4.09855875	4.56393319
3.99101263	4.17393394	4.647867
3.96133006	4.14289075	4.61329919
4.10301725	4.29107188	4.77830581
4.44328594	4.64693625	5.17457706
4.79710419	5.01697131	5.58662787
5.40219006	5.6497905	6.29130088
5.18618356	5.42388363	6.03974325
4.79165213	5.01126937	5.58027844
4.21086406	4.40386181	4.90390231
3.6659335	3.83395531	4.26928519
3.54491225	3.70738719	4.12834581
3.5911975	3.75579388	4.18224881
3.80908287	3.98366575	4.43599475
3.93357306	4.11386162	4.58097388
3.92537931	4.10529238	4.57143156
3.58243838	3.74663344	4.17204812
