#?RADIANCE
genskyvec -m 1
NROWS=146
NCOLS=1
NCOMP=3
FORMAT=ascii

4.63444794	4.84686	5.39720106
16.5226625	17.27995	19.2420187
16.2693763	17.015055	18.947045
16.2722569	17.0180688	18.9503994
16.4450825	17.1988169	19.15167
16.6408	17.4035031	19.3795981
16.4313887	17.1844944	19.1357231
16.5481256	17.3065806	19.2716737
16.162785	16.9035775	18.8229087
16.4648356	17.2194744	19.1746738
16.3829906	17.133875	19.0793556
16.5646437	17.3238569	19.2909081
16.5166169	17.2736281	19.2349775
16.67144	17.4355481	19.4152831
17.0907319	17.8740575	19.9035825
18.3895831	19.2324375	21.4162013
21.6514881	22.6438481	25.2149631
24.9629881	26.1071231	29.07148
34.8961388	36.4955444	40.6394656
55.6913213	58.2438381	64.8571888
78.0059731	81.5812487	90.8444644
112.773888	117.942702	131.334606
92.0152925	96.2326506	107.159477
68.8177656	71.9719119	80.1440256
45.3375525	47.4155219	52.79936
29.5647062	30.9197544	34.4305669
23.4807513	24.5569519	27.3452937
19.6451931	20.5455981	22.8784681
18.0883263	18.9173725	21.0653644
16.7983219	17.5682431	19.5630469
16.4696412	17.2245006	19.1802712
13.4515056	14.0680313	15.6654
12.6948919	13.2767412	14.7842594
13.4474606	14.0638031	15.6606913
13.2602119	13.8679713	15.4426238
13.2651688	13.873155	15.4483963
12.8534413	13.4425569	14.968905
13.5018606	14.120695	15.7240412
13.7464219	14.3764644	16.0088544
13.4697056	14.0870656	15.6865963
12.3463975	12.9122756	14.3784106
12.7508469	13.33526	14.8494231
12.8803275	13.4706762	15.000215
13.7978188	14.4302181	16.0687106
14.3250944	14.9816613	16.6827669
15.3196938	16.0218456	17.84106
18.0800625	18.9087319	21.05574
23.4176919	24.4910038	27.2718569
31.6152325	33.0642631	36.8185763
50.6168819	52.9368212	58.9475806
80.29513	83.9753231	93.5103831
1871.53918657072	1877.36123657072	1892.44562357072
869.529202202344	874.596126202344	887.724089202344
61.6901631	64.5176275	71.8433431
39.6519681	41.4693506	46.1780231
27.3316744	28.584375	31.8300119
21.2801556	22.2554956	24.7825156
16.7227231	17.4891788	19.4750044
14.9855813	15.6724213	17.4519581
13.7848831	14.41669	16.0536462
13.5297506	14.1498644	15.7565231
9.9411815	10.3968183	11.5773356
9.56514188	10.0035446	11.1394063
9.53719469	9.97431581	11.1068588
10.0084897	10.4672121	11.6557225
9.98290956	10.4404591	11.6259319
10.0152334	10.4742648	11.6635744
9.98722556	10.4449729	11.6309569
10.0511113	10.5117874	11.7053575
9.71485675	10.1601206	11.3137613
10.1696586	10.6357674	11.843415
10.5518743	11.0355016	12.2885381
12.0131644	12.5637681	13.9903312
14.4683869	15.1315194	16.8496412
19.1451606	20.0226463	22.2961362
30.6584656	32.063645	35.7043387
52.0881862	54.4755581	60.6610356
645.541797534013	648.960063134012	657.816520034012
67.1747406	70.2535788	78.2305825
34.7189906	36.3102756	40.4331594
21.5756075	22.5644887	25.1265956
15.7344688	16.4556294	18.3240994
12.72793	13.3112925	14.8227344
10.7175207	11.2087381	12.481445
10.3070295	10.7794329	12.003395
8.17611344	8.55085181	9.52176569
8.09238244	8.46328288	9.42425425
7.91271531	8.27538119	9.21501675
7.98390606	8.34983487	9.29792444
8.10743488	8.47902525	9.44178381
8.06281919	8.43236481	9.38982563
8.00957794	8.37668344	9.32782119
8.14023156	8.51332525	9.47997919
8.15958387	8.53356431	9.50251594
8.43491087	8.82151087	9.82315719
8.89960644	9.30750481	10.3643339
9.74673781	10.1934626	11.3508881
11.3140129	11.8325731	13.1761113
15.3993513	16.1051537	17.9338287
21.7173644	22.7127431	25.2916825
27.7672856	29.0399544	32.3373219
34.42268	36.0003838	40.0880819
32.26431	33.74309	37.5744813
24.2378894	25.3487938	28.227045
17.0992369	17.8829506	19.9134869
12.9658875	13.5601588	15.0998581
10.4534152	10.9325302	12.1738738
9.18269431	9.60356781	10.6940136
8.71256869	9.1118945	10.1465127
7.35326475	7.690289	8.56349
7.14368325	7.47110181	8.31941488
7.00233469	7.32327481	8.15480256
7.06904463	7.39304213	8.23249181
7.09486881	7.42005	8.26256625
7.11484856	7.44094569	8.28583456
7.29075719	7.6249165	8.49069469
7.76042525	8.11611137	9.03766256
8.40734956	8.79268625	9.79105944
10.0885187	10.5509093	11.7489225
11.95449	12.502405	13.9220006
16.3777187	17.1283619	19.0732175
19.7027225	20.6057669	22.9454656
17.3247531	18.118805	20.17612
13.4196469	14.0347156	15.6282987
10.3879506	10.8640658	12.0976363
8.74206931	9.14274706	10.1808684
7.80553375	8.16328712	9.09019513
6.93374506	7.25154156	8.07492444
6.63546038	6.93958538	7.72754706
6.59999444	6.90249412	7.68624381
6.68725194	6.99375081	7.78786256
6.85861894	7.17297219	7.98743369
7.51265144	7.85698112	8.749109
8.75469125	9.155947	10.1955674
10.2589406	10.7291408	11.9473906
12.0944456	12.6487731	14.0849894
10.84127	11.3381607	12.6255613
8.90516188	9.31331525	10.3708034
7.50187425	7.84571	8.73655806
6.91142656	7.22820013	8.04893256
6.64178537	6.94620031	7.73491281
6.85974756	7.17415244	7.98874813
7.633426	7.98329119	8.88976144
8.20292669	8.57889406	9.55299225
7.83055387	8.18945394	9.119333
7.10844888	7.43425256	8.27838156
