#?RADIANCE
genskyvec -m 1
NROWS=146
NCOLS=1
NCOMP=3
FORMAT=ascii

7.42905575	7.7695535	8.65175469
24.4403487	25.5605313	28.4628244
25.534365	26.7046887	29.7368969
26.5148481	27.7301125	30.8787538
27.5949281	28.8596956	32.136595
28.0463181	29.3317712	32.6622725
27.7353775	29.0065813	32.30016
27.6863075	28.95526	32.2430125
26.06447	27.2590925	30.3542494
25.5017756	26.6706069	29.6989469
25.1969131	26.35177	29.3439056
24.2282694	25.3387313	28.2158388
23.9370506	25.0341644	27.8766913
24.069345	25.1725213	28.0307588
24.9637906	26.1079631	29.072415
27.9565138	29.2378525	32.5576913
34.2270681	35.7958075	39.8602756
40.661965	42.5256375	47.3542513
56.9454088	59.5554037	66.3176756
85.8515837	89.786445	99.9813294
104.943214	109.753111	122.215133
121.644188	127.219538	141.664806
93.6232325	97.9143025	109.032066
72.2717544	75.5842081	84.1664831
52.2500044	54.6447969	60.8494894
37.05153	38.7497231	43.1495956
30.944705	32.363005	36.03769
26.6488956	27.8703037	31.0348625
24.7257156	25.8589787	28.7951587
23.4405331	24.51489	27.2984544
23.5981481	24.6797288	27.4820106
17.9119925	18.73296	20.8600106
17.0677694	17.8500431	19.8768419
19.1496287	20.0273206	22.3013413
19.2238044	20.1048938	22.3877219
19.5238975	20.4187413	22.7372069
18.6235188	19.4770956	21.6886394
19.8722212	20.7830313	23.1428606
19.9938581	20.9102394	23.2845138
18.8013881	19.6631169	21.8957844
16.1416062	16.8814287	18.7982469
16.5325188	17.2902587	19.2534969
16.5567631	17.315615	19.2817306
18.1812056	19.01451	21.1735306
19.4103481	20.2999894	22.6049713
21.6043713	22.5945706	25.1600925
27.0886419	28.330205	31.5469831
37.0064719	38.7026025	43.0971244
51.1710769	53.5164175	59.5929875
82.0358781	85.7958569	95.5376125
123.745171	129.416844	144.111594
1571.11838293957	1577.84677693957	1595.27945193957
102.920555	107.637749	119.859578
62.3895869	65.2491081	72.6578775
43.3275138	45.3133594	50.4585031
31.8180669	33.276395	37.0547925
25.8047675	26.9874862	30.0518037
20.5365163	21.4777725	23.9164856
18.69115	19.5478269	21.7674019
17.3035856	18.0966669	20.1514687
17.4028169	18.2004431	20.2670312
11.5022804	12.0294675	13.3953644
11.088772	11.5970075	12.9137994
11.3527319	11.8730644	13.2212019
12.5343744	13.1088663	14.5973256
12.5173088	13.0910181	14.5774494
12.440192	13.0103675	14.4876419
12.130415	12.6863938	14.1268813
11.9477302	12.4953356	13.9141275
11.1662942	11.6780831	13.0040806
11.9101	12.4559794	13.8703044
12.7134094	13.2961069	14.8058244
15.6400094	16.3568425	18.214095
20.3268894	21.2585381	23.6723562
28.8526481	30.1750606	33.6013163
49.8704806	52.1562081	58.0783319
1108.4165899651	1112.5777411651	1123.3589121651
2231.85885379689	2236.90286179689	2249.97139679689
72.4313081	75.7510744	84.3522944
36.8638425	38.553435	42.9310206
23.3842706	24.4560475	27.2329319
17.5401075	18.3440287	20.4269175
14.3322094	14.9891006	16.6910544
11.9089331	12.4547594	13.8689469
11.663875	12.1984681	13.5835556
8.3197865	8.70110969	9.68908519
8.3670335	8.75052206	9.74410825
8.21342131	8.58986956	9.565214
8.43309806	8.81961475	9.82104637
8.7099235	9.10912762	10.1434319
8.58297231	8.97635813	9.99558731
8.36834763	8.75189675	9.74563862
8.51279019	8.90295975	9.913854
8.48681806	8.87579669	9.88360737
8.98763219	9.39956525	10.4668474
9.90206537	10.3559084	11.5317794
11.4751896	12.0011356	13.363815
14.3036281	14.9592113	16.6577694
21.5119462	22.4979088	25.0524556
32.6570544	34.1538344	38.0318637
42.5686119	44.5196725	49.5747006
49.2238625	51.4799544	57.3252925
39.38616	41.1913575	45.8684694
26.5460737	27.7627681	30.9151175
18.1188925	18.9493406	21.1009619
13.6302431	14.2549612	15.873555
10.899973	11.3995566	12.6939281
9.41405538	9.84553244	10.9634531
8.95684019	9.36736137	10.4309872
6.85246819	7.1665395	7.98027062
6.6733385	6.97919956	7.77165906
6.51903319	6.81782194	7.59195775
6.68916362	6.99574988	7.79008894
6.72305575	7.03119556	7.82955894
6.71246388	7.02011838	7.81722413
7.00703025	7.32818569	8.16027119
7.85143319	8.21129006	9.14364875
8.9770825	9.38853181	10.454561
11.8004819	12.3413375	13.7426456
14.6311038	15.301695	17.0391406
21.4995181	22.4849106	25.0379806
25.2565069	26.4140963	29.4133087
19.4912194	20.3845662	22.6991506
13.965165	14.6052337	16.2635975
10.3191684	10.7921299	12.0175312
8.45261556	8.84002625	9.84377469
7.369091	7.70684069	8.58192087
6.13298769	6.41408281	7.14237569
5.76551588	6.02976856	6.71442412
5.78692	6.05215381	6.739351
5.9511865	6.223949	6.93065281
6.22840719	6.51387581	7.25349975
7.28697244	7.62095863	8.48628725
9.220143	9.64273225	10.7376247
11.2755323	11.7923271	13.1312956
13.3556825	13.9678162	15.553805
11.0587958	11.5656566	12.8788894
8.47690275	8.86542744	9.87205975
6.77795712	7.08861331	7.89349637
6.01843937	6.29428419	7.00897431
5.71866212	5.98076744	6.65985887
6.08799756	6.3670305	7.08998081
7.23131331	7.56274825	8.42146713
7.79035875	8.14741669	9.07252225
7.17753956	7.50650969	8.35884325
6.3248955	6.61478638	7.36586831
