#?RADIANCE
genskyvec -m 1
NROWS=146
NCOLS=1
NCOMP=3
FORMAT=ascii

5.32208694	5.56601587	6.198014
21.8749113	22.8775088	25.4751581
22.8887737	23.9378394	26.6558844
23.8734794	24.9676788	27.8026569
25.0607625	26.2093806	29.1853475
25.8639131	27.0493425	30.120685
25.7652044	26.9461075	30.0057281
25.8354856	27.0196113	30.0875769
24.4252225	25.5447106	28.4452069
24.0149288	25.1156125	27.9673875
23.2323275	24.2971425	27.0559825
22.3084763	23.3309469	25.98008
21.54452	22.5319756	25.0903888
21.2874025	22.2630738	24.7909544
21.7769156	22.775025	25.3610356
23.9874575	25.0868831	27.9353969
29.0689713	30.4012988	33.8532419
34.4060219	35.9829637	40.0686806
48.4549406	50.6757919	56.4298194
76.3857331	79.8867419	88.957555
103.726592	108.480732	120.798258
139.575044	145.972231	162.546756
111.311712	116.413492	129.631759
83.7895287	87.6298825	97.5798963
57.02729	59.6410387	66.413035
37.9415056	39.6804881	44.1860462
30.2281563	31.6136106	35.2032069
25.0482788	26.1963244	29.1708094
22.7528106	23.7956481	26.4975462
21.1653244	22.1354025	24.6487856
21.1603462	22.130195	24.6429869
16.5409113	17.2990369	19.26327
15.8860487	16.6141575	18.5006275
17.8552894	18.6736562	20.7939719
18.1146088	18.9448606	21.0959706
18.5786181	19.4301363	21.6363481
17.8825787	18.7021963	20.8257531
19.0918419	19.9668837	22.23404
19.2161925	20.0969344	22.37886
18.0283456	18.8546456	20.9955131
15.4183831	16.1250581	17.9559937
15.5578706	16.2709394	18.1184369
15.315785	16.0177588	17.8365075
16.4559706	17.2102006	19.1643506
17.1968387	17.9850269	20.0271531
18.7687337	19.6289663	21.857755
22.9570094	24.009205	26.7353512
30.8820863	32.2975144	35.9647644
41.7959238	43.7115681	48.6748387
67.11625	70.1924094	78.1624744
105.709767	110.554799	123.107851
2172.73201816369	2179.99093716368	2198.79813716369
960.636753668157	966.397300668157	981.322346668157
71.2140806	74.47806	82.9347387
47.2713375	49.43794	55.0514163
33.1715975	34.6919613	38.6310913
25.9535888	27.1431263	30.2251169
19.98429	20.9002356	23.2733706
17.7237581	18.5360975	20.6407956
16.1703256	16.9114644	18.8316925
16.1163381	16.8550025	18.7688194
10.8853821	11.3842952	12.676935
10.5561099	11.0399324	12.2934712
10.8935129	11.3927987	12.6864031
12.106544	12.6614262	14.0990806
12.18374	12.7421625	14.1889825
12.1463666	12.7030756	14.1454569
11.8108325	12.3521631	13.7547
11.5121061	12.0397429	13.4068075
10.610572	11.0968903	12.3568962
11.0267607	11.532153	12.8415812
11.4828117	12.0091075	13.3726906
13.6203306	14.2445944	15.86201
17.0353725	17.8161587	19.8391119
23.1334913	24.1937769	26.94088
38.0782606	39.8235119	44.3453075
66.0486994	69.07593	76.91922
999.678523681549	1003.94060428155	1014.98326908155
76.7230694	80.2395413	89.3504087
38.7488394	40.5248281	45.1262544
23.9327006	25.0296156	27.871625
17.5586037	18.3633713	20.4484575
14.0086381	14.6506994	16.3142275
11.4212069	11.94468	13.30095
11.0557082	11.5624278	12.8752944
8.00698181	8.373968	9.32479806
8.07603594	8.44618725	9.40521713
7.99260987	8.35893738	9.3080605
8.24505812	8.62295625	9.60205738
8.55472138	8.94681219	9.9626875
8.43933937	8.82614237	9.82831481
8.18557144	8.560743	9.53278031
8.23267712	8.61000775	9.58763881
8.05409213	8.42323769	9.37966212
8.34620038	8.72873431	9.71984631
8.93848112	9.34816137	10.4096069
10.0242895	10.4837356	11.67412
12.09361	12.6479	14.0840169
17.2139044	18.0028737	20.0470269
24.8538437	25.9929781	28.9443744
31.7453994	33.2003969	36.9701663
38.9224194	40.7063619	45.3284025
35.2181687	36.8323319	41.0144944
25.760785	26.9414863	30.0005812
17.9348312	18.7568437	20.8866062
13.455475	14.0721844	15.6700225
10.632656	11.1199847	12.3826138
9.10383075	9.52108856	10.6021685
8.61054612	9.00519556	10.0276993
6.65458075	6.95958219	7.74981425
6.50963937	6.80799775	7.581018
6.3936805	6.68672419	7.44597425
6.5796945	6.88126369	7.66260306
6.597949	6.90035475	7.68386175
6.49778094	6.79559563	7.56720769
6.66247419	6.96783725	7.75900681
7.21985263	7.55076231	8.40812069
8.01616138	8.38356863	9.33548831
10.0692746	10.5307843	11.7265112
12.0970006	12.6514462	14.0879662
17.1274419	17.9124481	19.9463338
20.5787919	21.5219844	23.9657181
17.478125	18.2792063	20.3547325
13.1671769	13.7706725	15.3342769
9.95484875	10.4111122	11.5932511
8.20235069	8.57829112	9.55232119
7.14342125	7.47082794	8.31910987
5.96577462	6.23920575	6.94764213
5.6281615	5.88611875	6.55446362
5.65720637	5.91649469	6.58828856
5.76768944	6.03204187	6.71695538
5.91224587	6.1832235	6.88530306
6.66719575	6.9727755	7.7645055
8.11034369	8.48206719	9.44517162
9.707851	10.1527926	11.3056019
11.5774575	12.1080888	13.4829131
10.1194425	10.5832492	11.7849348
8.09523769	8.46626931	9.4275795
6.543578	6.84349194	7.62054219
5.78943012	6.05477869	6.742274
5.50007731	5.75216406	6.40529881
5.75342469	6.01712306	6.70034275
6.63009425	6.93397338	7.72129769
7.17488444	7.50373281	8.35575112
6.77295087	7.08337769	7.887666
5.97322087	6.24699319	6.95631362
