#?RADIANCE
genskyvec -m 1
NROWS=146
NCOLS=1
NCOMP=3
FORMAT=ascii

9.74212231	10.1886369	11.3455131
26.9353387	28.1698725	31.3684481
28.0550594	29.3409169	32.6724556
29.0001138	30.3292838	33.7730506
29.925945	31.2975494	34.8512569
29.9707169	31.3443737	34.9034006
29.4661581	30.81669	34.3157988
29.3101244	30.6535044	34.134085
27.5402962	28.8025606	32.0729738
26.8570069	28.0879525	31.2772256
27.1622288	28.4071637	31.6326819
26.1893088	27.38965	30.4996331
26.4911406	27.7053169	30.8511425
27.0966344	28.3385638	31.5562919
28.4706775	29.7755831	33.1564781
32.3633619	33.8466813	37.6898331
39.9211156	41.75083	46.4914675
47.2945413	49.4622075	55.0784375
64.9571919	67.9343938	75.6480662
90.9553231	95.1241038	105.925058
100.268243	104.86387	116.770727
103.945658	108.709831	121.053381
79.6371213	83.287155	92.7440731
62.9636506	65.8494837	73.326425
48.2407119	50.4517437	56.1803331
36.3993425	38.0676438	42.3900681
31.7362219	33.1907975	36.9594781
28.3196681	29.6176531	32.9806163
26.7138187	27.9382006	31.1104694
25.7357137	26.915265	29.9713844
26.0059138	27.1978487	30.286055
19.1675994	20.0461137	22.3222681
18.1280125	18.9588794	21.1115825
20.2764069	21.20574	23.6135669
20.1535306	21.0772331	23.4704675
20.2912225	21.2212363	23.63082
19.2219469	20.1029519	22.38556
20.5020662	21.4417431	23.8763663
20.6496038	21.5960419	24.0481831
19.5208987	20.4156056	22.7337144
16.8976025	17.6720763	19.6786681
17.5798606	18.3856031	20.4732144
17.9249669	18.7465263	20.8751181
20.0948806	21.0158969	23.4021644
21.9250438	22.9299419	25.5335431
24.8914144	26.0322694	28.9881281
31.94258	33.4066137	37.1997975
43.9553569	45.9699756	51.1896775
61.2929169	64.1021737	71.3807119
94.0859887	98.39827	109.570991
123.578675	129.242681	143.917687
118.565156	123.999369	138.078994
83.2628187	87.0790337	96.9664925
53.6122731	56.0695019	62.4359644
39.338135	41.1411313	45.8125381
30.3201687	31.7098419	35.3103644
25.5215763	26.6913138	29.722005
20.9848806	21.9466869	24.4386437
19.5760488	20.4732863	22.79794
18.3610075	19.2025531	21.3829238
18.5987119	19.4511519	21.65975
12.11801	12.6734194	14.1124338
11.6311075	12.1641981	13.5453931
11.822065	12.3639106	13.76778
12.9550181	13.5487894	15.0871987
12.8634319	13.453005	14.9805406
12.7723687	13.3577681	14.8744881
12.5223669	13.0963069	14.5833381
12.4920362	13.0645881	14.5480181
11.8803187	12.4248331	13.8356219
13.0061094	13.6022231	15.1467013
14.2486631	14.9017256	16.5937569
18.2019231	19.0361781	21.1976575
24.6419669	25.7713894	28.6976244
36.5256206	38.1997113	42.5371313
65.1832163	68.1707769	75.9112856
2324.89467938815	2330.29693238815	2344.29365038815
2012.8632153865	2017.4501023865	2029.3343433865
63.1383512	66.0321869	73.5298719
33.9311656	35.4863406	39.51567
22.4642594	23.4938706	26.1615025
17.3965019	18.1938412	20.2596769
14.6094681	15.2790694	17.013945
12.3955581	12.9636863	14.43566
12.2726669	12.8351637	14.2925437
8.71324031	9.11259669	10.1472951
8.74166219	9.14232162	10.1803946
8.53296738	8.92406125	9.93735206
8.72489556	9.12478619	10.1608684
8.98053375	9.39214087	10.4585803
8.85908081	9.26512137	10.3171382
8.71129162	9.11055956	10.1450264
8.97444219	9.38577044	10.4514868
9.14115725	9.56012775	10.6456397
9.90113894	10.3549413	11.5307019
11.2520964	11.7678169	13.1040044
13.5458231	14.1666725	15.7752406
17.4833906	18.2847119	20.360865
27.8453787	29.1216225	32.4282637
44.4088962	46.4443031	51.7178631
1386.84867740432	1389.52665370432	1396.46505430432
58.8174331	61.5132319	68.4978044
41.1573106	43.0436856	47.93112
26.361855	27.570105	30.7005781
18.0104362	18.8359137	20.9746556
13.740655	14.370435	16.0021394
11.1910276	11.7039506	13.0328856
9.78182456	10.2301595	11.3917506
9.36687731	9.79619262	10.9085107
7.18182744	7.51099419	8.36383669
6.9769295	7.29670538	8.12521638
6.80001669	7.111684	7.91918669
6.965348	7.28459275	8.11172856
7.03223687	7.35454731	8.18962606
7.14466612	7.47212987	8.32055962
7.60463994	7.95318569	8.85623744
8.83501025	9.23994756	10.289106
10.4435464	10.9222079	12.1623812
14.4373781	15.0990919	16.8135312
18.5153487	19.3639694	21.5626669
27.934095	29.2144069	32.5315838
31.1017987	32.527295	36.220635
21.42316	22.405055	24.9490563
14.7382394	15.4137419	17.1639094
10.7560439	11.2490289	12.5263094
8.80662712	9.21026356	10.2560528
7.7163175	8.06998194	8.98629512
6.47133712	6.76793987	7.53641175
6.09141269	6.37060225	7.093958
6.11901869	6.39947356	7.12610756
6.36220587	6.6538065	7.40931894
6.8238985	7.13666037	7.94699894
8.31768656	8.69891369	9.68663944
10.9800927	11.4833464	12.7872331
13.6732006	14.2998888	15.9235831
15.8007106	16.5249081	18.4012444
12.2785491	12.8413152	14.2993956
9.02720819	9.44095513	10.5129365
7.19064219	7.520213	8.37410269
6.47493325	6.77170069	7.54059969
6.18199494	6.465336	7.1994485
6.72174494	7.02982462	7.82803244
8.24409825	8.62195212	9.60094
8.77748244	9.1797835	10.222109
7.84934969	8.20911138	9.14122213
6.97053962	7.2900225	8.11777469
