#?RADIANCE
genskyvec -m 1
NROWS=146
NCOLS=1
NCOMP=3
FORMAT=ascii

11.4492856	11.9740437	13.3336456
22.8935219	23.9428081	26.6614156
21.7100794	22.7051231	25.2831975
21.4774931	22.4618763	25.0123319
21.4444438	22.4273125	24.9738431
21.4065875	22.3877231	24.9297563
23.4944387	24.5712663	27.3612338
26.4141406	27.6247894	30.76147
31.7539125	33.2092988	36.98008
39.2903269	41.0911319	45.7568606
52.9888106	55.4174631	61.70989
66.3178194	69.3573831	77.23263
70.7953869	74.0401713	82.4471319
62.6951744	65.5687012	73.0137581
50.3029275	52.6084775	58.5819537
39.3377981	41.1407794	45.8121456
31.2538125	32.6862787	36.3976712
27.367715	28.6220688	31.8719862
23.1556194	24.2169194	26.96665
20.9068537	21.8650831	24.347775
21.6509275	22.6432606	25.2143106
20.8249156	21.77939	24.2523494
22.1768937	23.1933344	25.8268425
22.1105175	23.123915	25.7495431
24.5999019	25.7273969	28.6486375
26.3509681	27.5587206	30.6879006
27.6127388	28.8783206	32.1573363
28.1229494	29.4119188	32.7515206
26.2654563	27.4692906	30.588315
25.4046012	26.5689775	29.5857769
23.6987012	24.7848906	27.5991144
14.1059637	14.7524881	16.4275719
12.5230706	13.0970444	14.5841581
13.4450494	14.0612825	15.6578819
13.280045	13.8887119	15.4657194
14.4041512	15.0643413	16.774835
15.702835	16.4225481	18.2872594
19.2579025	20.1405562	22.4274344
24.8305	25.9685625	28.9171881
34.3381219	35.9119519	39.9896069
47.4183712	49.5917106	55.2226462
69.52023	72.7065706	80.962105
82.5196581	86.3018062	96.1010225
67.5738631	70.6709975	78.6953994
46.6800069	48.8195063	54.3627619
32.8979675	34.40579	38.3124275
23.3161706	24.3848288	27.1536256
20.1343738	21.0572	23.4481587
15.5836456	16.2978956	18.1484537
13.8595106	14.4947375	16.1405556
12.6078713	13.1857312	14.6829156
12.626375	13.2050837	14.7044669
13.203225	13.8083713	15.3762562
12.8457156	13.4344756	14.9599075
14.83723	15.5172706	17.2791938
15.7246419	16.4453525	18.3126556
16.4237075	17.1764587	19.1267769
15.5710825	16.284755	18.1338244
15.7623494	16.4847887	18.35657
14.8100806	15.4888744	17.2475731
14.5403431	15.2067737	16.9334425
9.07885975	9.49497456	10.573089
8.67297644	9.07048769	10.1004044
8.9421925	9.35204281	10.4139287
10.3572252	10.8319322	12.0618538
12.3141787	12.8785788	14.3408894
16.3091444	17.0566469	18.9933587
23.9577837	25.0558469	27.9008375
40.8768775	42.7503981	47.6045313
1554.46656915342	1557.61550345342	1565.77410905342
3062.171563806	3066.554157306	3077.909020306
57.4121475	60.0435363	66.8612356
29.830395	31.1976225	34.7399838
18.7844756	19.6454313	21.8760881
13.5734756	14.195595	15.8074444
10.9873339	11.4909181	12.7956644
9.75827512	10.2055282	11.3643269
8.94398206	9.35391394	10.4160132
9.38160431	9.81159381	10.925661
9.35095425	9.77953969	10.8899659
9.19659413	9.61810362	10.7102013
9.88894606	10.3421889	11.5165023
10.0199798	10.4792277	11.6691006
9.34024181	9.76833631	10.8774915
9.47756494	9.91195325	11.0374154
7.06107419	7.38470688	8.22320981
7.25550837	7.58805231	8.4496445
7.653769	8.00456637	8.91345225
8.49409281	8.88340519	9.8920785
10.6828028	11.1724294	12.4410144
13.0331725	13.6305269	15.1782187
19.7861638	20.6930275	23.0426375
31.6323125	33.0821263	36.8384669
52.589415	54.9997637	61.2447644
1883.96839086372	1886.75087466372	1893.96005216372
38.4957775	40.2601675	44.8315431
22.6949531	23.7351394	26.4301675
16.4975444	17.2536825	19.2127662
11.7156731	12.2526412	13.6438763
9.39234125	9.82282319	10.9381646
8.13726331	8.510221	9.47652206
7.41777319	7.75775419	8.63861531
7.16293625	7.49123731	8.34183669
7.22890738	7.56023206	8.41866556
7.25966762	7.59240219	8.454488
7.3812275	7.7195335	8.59605481
7.45957437	7.80147125	8.68729631
7.25590669	7.588469	8.45010863
7.3019435	7.63661581	8.50372206
6.24820237	6.53457819	7.27655269
6.67825663	6.98434325	7.77738675
7.516149	7.86063906	8.75318219
9.40264681	9.83360131	10.9501668
12.5400762	13.1148294	14.6039656
19.7108038	20.6142144	22.9548744
27.087305	28.3288056	31.5454269
27.4871375	28.746965	32.0110625
20.1590519	21.0830063	23.4768969
13.4108906	14.0255562	15.6181019
9.79132706	10.2400956	11.4028162
7.93724838	8.30103881	9.24358756
6.87110713	7.18603275	8.00197725
6.3110095	6.60026394	7.34969688
6.10479687	6.38459988	7.10954506
6.07597025	6.35445194	7.07597419
6.14188988	6.423393	7.15274313
6.14533675	6.42699775	7.156757
6.15030625	6.432195	7.1625445
6.93227006	7.24999881	8.07320669
8.87522394	9.2820055	10.3359384
12.6175872	13.1958922	14.6942312
14.9023656	15.5853919	17.3550481
13.9300525	14.5685138	16.2227075
10.7543193	11.2472244	12.5243019
8.25895281	8.63748787	9.61823875
6.66966256	6.97535513	7.76737819
6.03196275	6.30842763	7.02472369
5.78627725	6.05148144	6.73860231
5.83832963	6.10591962	6.79922175
6.51137563	6.80981337	7.58303987
7.798423	8.1558505	9.08191338
9.33913569	9.76717862	10.8762022
9.00414419	9.41683456	10.4860776
6.84729819	7.16113281	7.97424981
6.19127913	6.47504594	7.21026094
7.33541075	7.67161694	8.54269775
