#?RADIANCE
genskyvec -m 1
NROWS=146
NCOLS=1
NCOMP=3
FORMAT=ascii

2.34680712	2.45436913	2.73305269
12.933075	13.5258406	15.061645
12.979405	13.5742938	15.1155994
13.3805525	13.9938269	15.5827675
14.3409663	14.9982613	16.7012506
16.4201956	17.1727869	19.1226869
20.2691531	21.1981575	23.6051212
26.6481463	27.8695194	31.0339888
41.5693213	43.4745794	48.4109387
66.4711569	69.5177506	77.4112044
594.919980110869	599.346841510869	610.816467510869
100.985266	105.613756	117.605759
57.5308456	60.1676744	66.9994669
35.4282669	37.0520625	41.2591719
24.5627813	25.6885763	28.6054081
18.5567838	19.4073031	21.6109219
15.7332113	16.4543162	18.3226375
13.9873969	14.6284875	16.2894931
13.3477025	13.9594719	15.5445125
12.887765	13.4784531	15.0088763
13.0716975	13.6708169	15.2230825
13.2276056	13.8338712	15.4046506
13.0047738	13.6008262	15.1451437
12.900285	13.4915481	15.0234569
13.3701775	13.9829763	15.5706856
12.9710063	13.5655094	15.1058181
13.4001625	14.0143344	15.605605
13.0879256	13.6877875	15.2419794
13.107365	13.70812	15.2646212
12.703601	13.2858481	14.7944019
12.7399838	13.3239006	14.8367738
10.2353028	10.7044202	11.9198631
9.84725981	10.2985931	11.4679575
10.8531014	11.3505346	12.6393425
11.480105	12.0062758	13.36954
13.4666569	14.0838794	15.6830456
16.2204237	16.96386	18.8900356
22.2655006	23.2860025	25.9300313
34.3469912	35.9212281	39.9999356
59.4291056	62.1529381	69.2101488
817.055569461922	820.755921961922	830.343231261922
629.524186806388	633.121719906388	642.442631206388
48.3858187	50.6035013	56.3493213
31.513355	32.9577163	36.6999287
20.7496769	21.7007019	24.1647294
15.4840381	16.1937219	18.0324519
12.4422512	13.0125187	14.4900394
11.9335201	12.4804711	13.8975787
10.3553472	10.8299669	12.059665
10.0486251	10.5091874	11.702464
9.64409437	10.0861168	11.2313527
9.77264081	10.2205526	11.3810551
10.0245936	10.4840524	11.6744756
9.602958	10.0430933	11.1834444
10.3037541	10.7760098	11.9995816
10.4690023	10.9488316	12.1920256
10.5824851	11.0675163	12.3241869
10.1063843	10.5695936	11.7697275
10.2013312	10.6688931	11.8803022
9.94166475	10.3973241	11.5778969
10.0787943	10.5407379	11.7375961
7.49596337	7.839528	8.72967406
7.44360225	7.78476712	8.66869556
7.95114544	8.31557275	9.25977194
9.61047087	10.0509508	11.1921953
12.2607894	12.8227413	14.2787094
17.96472	18.7881031	20.9214156
28.02116	29.3054644	32.6329794
42.8951644	44.8611919	49.9549956
37.8888519	39.6254237	44.1247281
27.0632262	28.3036225	31.5173812
18.0087044	18.8341038	20.9726381
12.2055585	12.7649787	14.2143913
9.50816663	9.94395812	11.0730539
8.1633165	8.53746794	9.50686256
7.71552319	8.06915119	8.98537012
7.557258	7.90363194	8.80105694
7.32736831	7.66320581	8.53333169
7.65932275	8.010375	8.91992019
7.48440475	7.82743975	8.7162135
7.24233525	7.5742755	8.43430356
7.49309837	7.83653169	8.72633794
7.514268	7.85867169	8.75099163
7.21784019	7.54865769	8.40577694
7.42782931	7.76827119	8.65032669
6.1082965	6.38825994	7.11362075
6.35234794	6.64349719	7.39783894
6.75482675	7.06442275	7.86655906
7.54301338	7.88873462	8.784468
9.60366044	10.0438291	11.1842654
11.7095086	12.2461944	13.6366987
16.0910844	16.8285931	18.7394094
20.1644519	21.0886569	23.4831869
19.0870912	19.9619156	22.2285081
15.95457	16.6858213	18.5804281
11.7922356	12.3327116	13.7330419
8.88598662	9.29326075	10.3484726
7.75109812	8.10635687	9.02680025
6.85025406	7.164224	7.977692
6.41610112	6.71017219	7.47208469
6.12153325	6.40210325	7.12903581
6.02252269	6.29855494	7.01373
6.02213031	6.29814469	7.013273
6.10631012	6.38618237	7.11130737
6.08630388	6.36525937	7.08800856
6.11148237	6.39159206	7.117331
6.13611125	6.41734969	7.14601337
6.05058456	6.32790269	7.04641019
6.15523638	6.43735131	7.16828631
5.41947094	5.66786312	6.31142581
5.73102412	5.99369575	6.6742555
6.248427	6.53481306	7.27681431
7.5268755	7.87185725	8.76567431
9.26341656	9.68798862	10.7880212
11.0828003	11.5907614	12.9068444
11.4574399	11.9825714	13.343145
9.62699231	10.0682294	11.2114356
7.93903063	8.30290262	9.24566319
6.60882925	6.91173363	7.69653275
5.82320344	6.09010031	6.78160612
5.5472545	5.8015035	6.46024038
5.39526525	5.64254788	6.283236
5.29272831	5.53531144	6.16382344
5.22519756	5.46468581	6.0851785
5.24001756	5.48018494	6.1024375
5.303914	5.54701	6.17685031
5.32755094	5.57173006	6.20437719
5.13530587	5.37067394	5.98049175
5.45584675	5.70590625	6.35378869
6.40041769	6.69376963	7.45381987
7.64687231	7.99735394	8.9054205
7.55939762	7.90586975	8.80354919
6.65230563	6.95720262	7.74716456
5.8305795	6.09781394	6.79019581
5.28838606	5.53077013	6.15876656
5.010326	5.2399655	5.83494231
4.90217869	5.12686163	5.70899587
4.92027494	5.1457875	5.73007063
4.92507906	5.15081162	5.73566538
4.99761894	5.22667625	5.82014387
5.40595256	5.65372525	6.29568275
5.69095212	5.95178712	6.62758819
5.42653688	5.67525294	6.31965488
4.90701275	5.13191744	5.71462556
4.81862556	5.03947906	5.61169131
5.08449825	5.31753769	5.92132194
