#?RADIANCE
genskyvec -m 1
NROWS=146
NCOLS=1
NCOMP=3
FORMAT=ascii

18.6051669	19.4579031	21.6672663
30.1670919	31.5497506	35.1320925
33.5507438	35.0884856	39.0726394
35.5367269	37.1654925	41.3854819
36.1515969	37.8085463	42.1015525
33.1983812	34.7199738	38.662285
31.5204188	32.9651037	36.7081563
29.4963856	30.8483019	34.3509994
25.8474781	27.0321512	30.1015412
22.6846819	23.7243962	26.4182031
25.5144394	26.6838506	29.7136938
22.8326225	23.8791162	26.5904919
25.7604987	26.9411869	30.0002487
27.7180269	28.988435	32.2799544
29.7366563	31.099585	34.6308169
34.7850056	36.3793181	40.5100388
39.4783337	41.2877563	45.9758125
45.0140606	47.0772037	52.4226281
48.8829206	51.1233863	56.9282375
50.1275262	52.4250363	58.377685
47.9462562	50.1437906	55.8374131
41.4966881	43.3986175	48.3263537
36.7512719	38.4357056	42.7999219
31.2308419	32.6622556	36.3709206
28.5778775	29.8876956	33.2813206
26.25547	27.458845	30.5766844
24.8749994	26.0151031	28.9690106
25.3255325	26.4862844	29.4936944
24.5146269	25.6382144	28.5493281
26.24878	27.45185	30.5688962
28.0307119	29.3154531	32.6441025
17.0466738	17.8279806	19.8522737
16.2659581	17.0114806	18.9430656
18.7452187	19.6043756	21.8303706
18.1690637	19.0018125	21.15939
17.6584138	18.4677575	20.564695
15.8835831	16.6115819	18.4977588
16.4949	17.2509169	19.2096863
15.9684644	16.7003525	18.5966081
14.6281494	15.2986056	17.0357013
12.8913187	13.4821713	15.0130162
14.0202419	14.6628362	16.3277425
15.273185	15.973205	17.7868975
18.1327225	18.9638063	21.1170681
20.9486062	21.9087488	24.3963975
24.2317656	25.3423888	28.2199137
30.5127319	31.91123	35.5346206
38.3810025	40.1401294	44.6978781
47.8248337	50.0168031	55.6960069
49.9291669	52.2175862	58.1466787
43.2479481	45.2301469	50.3658431
34.1700912	35.7362206	39.7939225
27.1217112	28.3647887	31.5854931
21.3253294	22.30274	24.8351256
19.1665262	20.04499	22.3210169
16.9439444	17.7205419	19.7326375
15.7169219	16.43728	18.3036669
14.1476419	14.7960744	16.4761088
14.4046225	15.0648319	16.7753831
14.5025056	15.1672025	16.8893775
15.6369131	16.3536044	18.2104894
10.2718059	10.7425972	11.962375
10.0322894	10.4921027	11.6834381
10.2268944	10.6956262	11.9100719
10.9783529	11.4815269	12.7852075
10.5392436	11.0222917	12.2738281
10.1533544	10.6187148	11.8244267
9.92884	10.3839105	11.56296
10.2467944	10.7164394	11.9332469
10.6561555	11.1445631	12.4099837
12.6818031	13.2630512	14.7690162
15.0076525	15.6955031	17.4776625
20.3007162	21.231165	23.6418756
29.9613106	31.3345344	34.8924431
50.3450594	52.6525394	58.6310194
1177.36610693749	1180.72381323749	1189.42334013749
56.4785944	59.067195	65.7740319
30.7994494	32.2110894	35.8685269
22.167445	23.1834506	25.8158375
16.0671406	16.8035506	18.7115256
13.0367881	13.6343069	15.1824275
11.3701769	11.8913094	13.2415194
10.3367155	10.8104806	12.0379669
9.52756519	9.96424425	11.0956438
9.89654425	10.3501353	11.5253513
7.71029331	8.06368169	8.97927956
7.8070365	8.16485869	9.09194506
7.68299106	8.03512812	8.94748394
7.77455506	8.13088863	9.05411756
7.89059656	8.25224863	9.18925744
7.82498112	8.183626	9.11284312
8.01358937	8.38087844	9.33249331
8.685744	9.08384044	10.1152727
9.74400669	10.1906058	11.3477075
11.3189487	11.8377325	13.18186
13.9719125	14.6122919	16.2714556
18.8489175	19.7128244	21.9511344
27.1780994	28.42376	31.6511619
59.7553387	62.4941231	69.5900744
6424.53769695897	6429.88372595897	6443.73477695897
1698.84345975427	1702.24286415427	1711.05042475427
34.8581037	36.4557656	40.5951694
21.0928556	22.0596131	24.5643888
14.8810969	15.5631469	17.3302787
11.8597694	12.4033425	13.8116906
10.0974052	10.5602031	11.7592706
8.86963387	9.27615863	10.3294281
8.16324494	8.53739356	9.50677937
7.97038875	8.33569806	9.28218225
7.02618013	7.34821319	8.18257256
6.86430356	7.1789175	7.994054
6.80759144	7.119606	7.92800788
6.95738463	7.27626444	8.10245425
7.24320363	7.57518344	8.4353145
8.07915031	8.44944444	9.40884425
9.23780456	9.661204	10.7581944
11.8593225	12.4028712	13.8111675
15.3051794	16.0066656	17.8241569
25.3792244	26.5424394	29.556225
38.5814644	40.3497812	44.9313325
52.102015	54.4900244	60.6771387
31.0509731	32.474145	36.1614488
16.4200488	17.1726325	19.1225162
11.97289	12.5216481	13.9434306
9.538217	9.97538456	11.1080488
8.15473756	8.52849606	9.49687194
7.40262856	7.74191537	8.62097825
7.09142131	7.41644456	8.2585515
6.97429906	7.293954	8.12215263
7.11838688	7.44464606	8.28995506
7.80148862	8.15905619	9.08548381
9.20855906	9.63061725	10.7241341
12.3842394	12.95185	14.42248
18.0357219	18.8623594	21.0041019
22.1372387	23.1518625	25.7806588
19.1385681	20.0157513	22.2884575
12.6796794	13.2608294	14.7665412
9.26667712	9.69139969	10.7918194
7.90149725	8.26364913	9.20195262
8.0779675	8.44820775	9.40746694
8.14288494	8.51610031	9.48306894
9.45777819	9.89125862	11.01437
12.101655	12.6563125	14.0933869
11.5847056	12.1156719	13.4913556
9.61563519	10.0563511	11.1982096
9.46864319	9.90262169	11.027025
