#?RADIANCE
genskyvec -m 1
NROWS=146
NCOLS=1
NCOMP=3
FORMAT=ascii

2.94242187	3.07728281	3.42669556
16.1102969	16.8486844	18.7617837
15.8358575	16.5616656	18.4421763
15.8732169	16.6007375	18.4856837
16.0734131	16.8101119	18.7188287
16.2763656	17.022365	18.955185
16.08779	16.8251488	18.735575
16.2044544	16.9471588	18.87144
15.7859088	16.5094306	18.38401
16.0779944	16.8149019	18.7241656
16.0568925	16.7928331	18.69959
16.1360944	16.8756638	18.7918269
16.066295	16.8026675	18.7105412
16.0717487	16.8083706	18.7168906
16.2695331	17.0152206	18.9472288
17.3173713	18.1110838	20.1675231
19.9151612	20.8279381	23.1928656
22.8195075	23.8654013	26.5752212
30.9664619	32.3857575	36.0630281
49.276995	51.5355231	57.3871725
74.7763844	78.203635	87.08334
126.057231	131.834844	146.804169
582.979731238613	588.398888238613	602.439472238613
84.9971331	88.8928344	98.9862494
53.0931269	55.52656	61.8313738
32.6568819	34.1536531	38.0316613
24.752435	25.88692	28.8262737
20.0484625	20.9673481	23.348105
18.0052075	18.8304481	20.9685675
16.5103775	17.2671019	19.2277119
16.0749363	16.8117044	18.7206037
12.8264613	13.4143412	14.937485
12.0663919	12.619435	14.0523194
12.8373806	13.4257588	14.9502006
12.6584762	13.2386569	14.7418525
12.6875069	13.2690169	14.7756587
12.2867969	12.84994	14.3089988
12.9516181	13.5452331	15.0832362
13.1992806	13.8042494	15.3716638
12.9052287	13.4967163	15.0292144
11.7427138	12.2809219	13.6753719
12.10175	12.6564119	14.0934962
12.1515725	12.7085194	14.1515181
12.9381988	13.5311981	15.0676106
13.2432825	13.8502656	15.4229063
13.8800706	14.51624	16.1645
15.8592206	16.5861019	18.4693863
20.0855531	21.0061412	23.3913037
25.80912	26.9920387	30.0568725
39.8475144	41.6738562	46.4057525
60.9105319	63.7022656	70.9353944
764.979928019724	769.585929019724	781.519711019724
902.986272969373	908.454865969373	922.623492969373
65.7515069	68.765115	76.5731125
42.4149619	44.3589794	49.3957594
28.35098	29.6503987	33.0170819
21.5299881	22.5167781	25.0734662
16.4294962	17.1825131	19.1335175
14.5117731	15.176895	16.9001694
13.2143825	13.8200406	15.3892494
12.9179263	13.5099969	15.0440025
9.36710325	9.79642888	10.9087739
9.01063125	9.42361819	10.4936317
8.997462	9.40984481	10.4782934
9.46941506	9.903429	11.0279235
9.45745919	9.89092606	11.0139998
9.49266844	9.92774925	11.0550041
9.45681931	9.89025669	11.0132562
9.49041644	9.92539331	11.0523807
9.11731244	9.53518869	10.6178706
9.45541994	9.88879394	11.0116256
9.66993825	10.1131432	11.2614494
10.6891876	11.1791062	12.4484487
12.3271006	12.8920931	14.3559375
15.4171531	16.1237719	17.95456
23.1561294	24.2174512	26.9672438
37.0500119	38.7481375	43.14783
52.8567356	55.2793356	61.5560762
57.8618825	60.5138831	67.3849856
33.0945637	34.6113956	38.5413781
20.6669281	21.6141612	24.0683619
15.1549312	15.8495313	17.64918
12.1559162	12.7130612	14.1565756
10.1327373	10.5971558	11.8004194
9.72618056	10.1719633	11.3269481
7.668257	8.01971862	8.930325
7.60157187	7.94997706	8.85266431
7.44423837	7.78543219	8.669436
7.521891	7.86664406	8.75986912
7.648622	7.99918369	8.907458
7.60568475	7.9542785	8.85745406
7.54024313	7.88583738	8.78124181
7.63611725	7.98610588	8.8928955
7.59602087	7.94417169	8.8462
7.77368237	8.12997594	9.05310138
8.04858662	8.41747981	9.37325075
8.55441406	8.94649119	9.96232831
9.61448844	10.055152	11.1968738
12.3143387	12.8787463	14.3410769
16.40222	17.1539887	19.1017544
20.3127375	21.2437381	23.6558775
25.3664987	26.5291275	29.5414012
25.6221594	26.7965088	29.8391425
21.1199975	22.0879962	24.5959981
15.5958513	16.3106588	18.1626669
12.0534506	12.6059006	14.0372488
9.77782812	10.2259784	11.3870973
8.59557913	8.98954294	10.0102689
8.16803206	8.54239975	9.51235475
6.85889944	7.17326531	7.98776031
6.68898344	6.9955615	7.78987881
6.56874788	6.86981525	7.64985469
6.64136219	6.94575787	7.73442019
6.65910769	6.96431675	7.75508606
6.63974619	6.94406762	7.73253812
6.74950131	7.05885338	7.86035712
7.0432945	7.36611206	8.20250381
7.44718375	7.78851281	8.6728665
8.54693081	8.93866512	9.953613
9.73029225	10.1762636	11.331735
12.6940063	13.2758131	14.7832294
15.1862644	15.8823025	17.6856731
14.24403	14.8968806	16.58836
11.6452887	12.17903	13.56191
9.37175294	9.80129106	10.9141884
8.05275056	8.42183456	9.37809931
7.24807819	7.5802815	8.44099163
6.42826812	6.72289687	7.48625444
6.17200606	6.45488944	7.18781575
6.15433106	6.43640438	7.16723169
6.21548525	6.50036144	7.23845081
6.295888	6.58444925	7.33208662
6.7081475	7.01560419	7.81219719
7.52914494	7.8742305	8.76831688
8.54632437	8.93803063	9.95290813
9.9266015	10.3815699	11.560355
9.26546156	9.690129	10.7904032
7.97915781	8.34486875	9.29239456
6.86209138	7.17660369	7.99147762
6.3121835	6.60149156	7.351064
6.09059213	6.36974412	7.0930025
6.22057331	6.50568262	7.24437613
6.7405695	7.04951231	7.8499555
7.17727194	7.50623	8.3585315
6.98249319	7.302524	8.13169575
6.39670719	6.68988944	7.44949887
