#?RADIANCE
genskyvec -m 1
NROWS=146
NCOLS=1
NCOMP=3
FORMAT=ascii

7.76997431	8.126098	9.04878269
24.7654013	25.90048	28.8413737
25.8653775	27.0508744	30.12239
26.8388494	28.0689619	31.2560775
27.8885237	29.1667487	32.4785144
28.2588819	29.55408	32.909825
27.9102744	29.1894931	32.5038425
27.8404869	29.1165087	32.4225688
26.1891944	27.3895331	30.4995031
25.5997087	26.7730294	29.8129962
25.4150131	26.5798669	29.5979019
24.4393625	25.5595006	28.4616781
24.2576744	25.3694844	28.2500837
24.4696044	25.5911263	28.4968944
25.437895	26.6037963	29.62455
28.5759363	29.8856656	33.2790613
35.0371506	36.6430188	40.8036837
41.6401581	43.5486638	48.4934362
58.1452819	60.8102706	67.71503
86.6100994	90.5797319	100.864689
103.761158	108.516876	120.838521
117.36696	122.746281	136.683619
90.1005831	94.2301875	104.92965
69.8522287	73.0537863	81.3487419
51.0857313	53.4271613	59.4935962
36.6679806	38.3485956	42.7029219
30.8911425	32.3069856	35.9753131
26.7920006	28.0199669	31.2015194
24.9420662	26.0852438	29.0471181
23.7239169	24.8112631	27.6284819
23.9058375	25.0015194	27.8403406
18.0013413	18.8264025	20.9640631
17.1187194	17.9033256	19.9361769
19.2102388	20.0907081	22.3719256
19.2438156	20.1258238	22.41103
19.509895	20.4040981	22.7209006
18.575725	19.4271119	21.6329813
19.829695	20.7385569	23.0933337
19.9561456	20.8708012	23.2405944
18.7763312	19.6369131	21.866605
16.1242281	16.8632556	18.7780081
16.568385	17.3277681	19.2952656
16.6479587	17.4109906	19.3879362
18.363395	19.2050487	21.3857038
19.6817737	20.5838537	22.9210675
21.9843144	22.9919275	25.6025669
27.6893494	28.958445	32.246555
37.930635	39.6691206	44.1733863
52.5626756	54.9717956	61.2136175
83.8842188	87.7289156	97.6901638
123.948432	129.6294	144.348275
1464.47971566429	1470.90205266429	1487.54180966429
97.9445844	102.433694	114.064634
60.0662231	62.8192556	69.9521263
42.1614881	44.0938862	49.1005675
31.2506331	32.6829519	36.3939675
25.5289337	26.6990081	29.7305713
20.4385712	21.3753363	23.8024188
18.6958912	19.5527875	21.772925
17.3508656	18.1461125	20.2065294
17.4802962	18.2814744	20.3572619
11.4715079	11.9972837	13.3595275
11.0431	11.5492406	12.8606119
11.2901886	11.807655	13.1483656
12.4583511	13.0293581	14.5087894
12.4250087	12.9944875	14.4699587
12.3445291	12.9103206	14.3762356
12.0465712	12.5987056	14.0292363
11.8926321	12.4377112	13.8499625
11.1411387	11.6517738	12.974785
11.9465625	12.4941131	13.91277
12.8118919	13.3991038	14.920515
15.8754562	16.6030806	18.4882919
20.7857125	21.7383912	24.2066969
29.7454744	31.1088063	34.6410825
51.8375956	54.2134831	60.3692006
1245.74540870424	1250.09549680424	1261.36618140424
2327.9264206605	2332.8814036605	2345.7193326605
69.9901275	73.1980063	81.5093394
35.8887956	37.5336981	41.7954956
22.9163569	23.9666894	26.6880075
17.2935475	18.0861669	20.1397781
14.2040169	14.855035	16.5417619
11.8420838	12.3848444	13.7910937
11.6295066	12.1625231	13.54353
8.24574706	8.623677	9.60286031
8.29015781	8.67012312	9.65457969
8.12466925	8.49704963	9.46185488
8.33743931	8.71957162	9.70964387
8.60809363	9.00263106	10.0248428
8.48165081	8.87039244	9.87758925
8.27900606	8.65846031	9.64159325
8.44345344	8.83044494	9.83310494
8.44760238	8.83478425	9.83793725
8.98517025	9.39699063	10.4639804
9.95342287	10.4096219	11.5915906
11.6068409	12.1388212	13.517135
14.5670025	15.2346556	16.9644894
22.1541306	23.1695244	25.80033
33.9605387	35.5170631	39.5498812
44.3833281	46.4175619	51.6880869
50.3737081	52.6825013	58.6643837
39.2649881	41.0646325	45.7273525
26.1382069	27.3362069	30.4401219
17.8144494	18.6309438	20.7464119
13.4275937	14.0430256	15.6375531
10.7720464	11.2657646	12.5449481
9.32015294	9.74732594	10.8540947
8.881529	9.28859813	10.3432809
6.76067819	7.0705425	7.8733735
6.58079106	6.88241044	7.66387988
6.42233244	6.71668938	7.47934175
6.59060506	6.89267425	7.67530937
6.62895925	6.93278625	7.71997587
6.63652275	6.94069656	7.72878406
6.95343725	7.27213631	8.0978575
7.843653	8.20315362	9.1345885
9.01997994	9.43339537	10.5045184
11.9681306	12.5166694	13.9378869
14.9235156	15.6075094	17.3796787
22.0798456	23.0918369	25.7138219
25.75174	26.9320275	29.9900494
19.4615206	20.3535056	22.6645644
13.8181787	14.4515113	16.09242
10.1781446	10.6446429	11.8532969
8.33631594	8.71839687	9.70833506
7.27168075	7.60496612	8.46847881
6.03624038	6.31290138	7.02970525
5.67037162	5.93026344	6.60362075
5.69416087	5.95514306	6.63132512
5.86892475	6.137917	6.83485237
6.16597912	6.44858637	7.180797
7.26661394	7.59966669	8.46257769
9.26906094	9.69389206	10.7945946
11.376393	11.8978118	13.2487594
13.4365838	14.0524281	15.6480237
10.9969019	11.5009272	12.8068094
8.36481319	8.74820031	9.74152212
6.67559594	6.98156044	7.77428812
5.92564456	6.1972365	6.90090738
5.63237644	5.89052694	6.55937187
6.01863019	6.29448375	7.00919669
7.19348356	7.52318475	8.37741169
7.73427769	8.088765	9.007211
7.09077013	7.4157635	8.25779313
6.24795831	6.53432294	7.27626869
