#?RADIANCE
genskyvec -m 1
NROWS=146
NCOLS=1
NCOMP=3
FORMAT=ascii

1.42777475	1.49321438	1.66276275
13.04944	13.64754	15.1971613
12.4736819	13.0453899	14.5266419
12.1876122	12.7462117	14.19349
12.1699377	12.7277248	14.1729069
12.5215861	13.0954925	14.5824312
12.27009	12.8324687	14.2895431
12.3472888	12.9132076	14.3794481
12.2917143	12.8550849	14.3147269
12.9298162	13.5224313	15.0578488
12.1939766	12.752866	14.2009019
12.9669616	13.5612817	15.1011081
12.5839469	13.1607131	14.6550588
12.6939036	13.2757076	14.7831094
13.0055433	13.6016294	15.1460406
13.3731144	13.9860481	15.5741062
15.2431819	15.9418288	17.7519594
16.2050487	16.9477775	18.8721287
21.6917531	22.6859581	25.2618538
32.8999569	34.40787	38.314745
48.39611	50.6142625	56.3613031
306.668206704938	310.684466704938	321.090244404938
492.452462836433	496.933937536433	508.545095536433
71.69044	74.9762475	83.4894894
43.2945175	45.2788506	50.4200775
26.044895	27.23862	30.3314531
19.6677094	20.5691475	22.9046881
15.8044675	16.5288387	18.4056206
14.6495125	15.3209469	17.0605781
13.3706327	13.9834539	15.5712175
13.1418612	13.7441956	15.304795
11.7609362	12.29998	13.6965913
11.0420847	11.54818	12.8594294
11.4924501	12.0191875	13.3839175
11.2750816	11.791855	13.1307719
11.1703648	11.6823381	13.0088206
10.8269445	11.323179	12.60888
11.3095155	11.8278661	13.1708738
11.549329	12.0786769	13.4501606
11.4392103	11.9635063	13.3219138
10.6368878	11.1244113	12.3875438
11.0137876	11.518585	12.8264756
11.13241	11.6426437	12.9646206
11.8122943	12.3536931	13.7564031
11.9429344	12.4903188	13.9085437
12.3405637	12.9061725	14.3716156
13.5801044	14.2025262	15.8151631
16.3601138	17.1099525	19.0527187
19.6950669	20.5977563	22.93655
28.3894812	29.6906662	33.0619187
40.8306663	42.70207	47.5507169
63.9322994	66.8625287	74.4544913
399.27275747637	403.07431507637	412.92381187637
54.0274931	56.5037519	62.91952
36.7838288	38.4697531	42.837835
25.13738	26.2895087	29.2745737
19.2999562	20.1845363	22.4764088
14.9450462	15.6300262	17.4047531
13.2972831	13.90674	15.4857944
12.2001213	12.7592931	14.2080575
11.9447875	12.492255	13.9106987
8.39043956	8.77500113	9.77136625
7.95355125	8.31808881	9.26257319
7.8648	8.22526969	9.15921512
8.28731262	8.66714738	9.65126656
8.22613125	8.60316169	9.58001562
8.26884369	8.64783194	9.629758
8.27495944	8.65422837	9.63688125
8.38958531	8.7741075	9.77037106
8.03098381	8.39907019	9.35275063
8.41322412	8.79882975	9.797901
8.54093038	8.93238962	9.94662569
9.23640144	9.65973625	10.7565598
10.1307317	10.5950564	11.7980806
11.7792182	12.3190991	13.7178825
16.332985	17.0815794	19.0211244
24.198795	25.3079044	28.1815144
32.999015	34.5114694	38.430105
39.5139388	41.3249938	46.0172769
25.613595	26.78755	29.8291669
16.6527706	17.4160238	19.3935425
12.9105212	13.5022519	15.0353781
10.660596	11.1492064	12.4151519
8.94169362	9.35152044	10.4133468
8.72592825	9.12586694	10.1620721
6.2251105	6.51042781	7.24966025
6.18447737	6.46793244	7.20233975
5.96270625	6.23599681	6.94406887
6.038602	6.315371	7.03245556
6.16603719	6.44864719	7.18086463
6.11125337	6.39135231	7.11706419
6.052865	6.330288	7.04906619
6.19229906	6.47611263	7.21144844
6.13802881	6.41935488	7.14824631
6.30193894	6.59077756	7.33913331
6.41827519	6.71244613	7.47461675
6.55418981	6.85459	7.63290075
7.1958295	7.52563806	8.38014325
8.69792206	9.096577	10.129456
10.8394909	11.3363012	12.6234903
12.6919329	13.2736475	14.7808156
15.4989463	16.2093125	18.049815
16.249925	16.9947137	18.9243925
14.5368594	15.2031319	16.9293863
11.4082166	11.9310949	13.2858206
9.25151581	9.6755435	10.7741616
7.79555875	8.15285513	9.07857838
6.92948369	7.24708494	8.06996163
6.71863462	7.02657162	7.82441019
4.99691081	5.22593581	5.81931919
4.897464	5.12193106	5.70350513
4.75960913	4.97775775	5.54296181
4.86503644	5.08801712	5.66574069
4.88405844	5.10791119	5.68789369
4.84328775	5.06527156	5.64041256
4.93980481	5.1662125	5.75281469
5.11314075	5.34749281	5.95467888
5.26943937	5.51095512	6.1367015
5.81405613	6.08053362	6.77095344
6.21046419	6.49511037	7.2326035
7.75406356	8.10945756	9.03025369
9.05255781	9.46746663	10.5424586
8.75627069	9.15759875	10.1974067
7.48485956	7.82791556	8.71674419
6.36751056	6.65935469	7.41549706
5.74016306	6.00325356	6.68489856
5.259367	5.50042119	6.12497156
4.29297075	4.48973169	4.9995225
4.06946675	4.255984	4.73923344
4.11437106	4.30294625	4.79152825
4.18948769	4.38150588	4.87900781
4.16515769	4.35606075	4.8506735
4.32952481	4.52796125	5.04209275
4.71517875	4.93129088	5.49121881
5.124895	5.35978575	5.9683675
5.80257125	6.06852231	6.75757825
5.543314	5.79738237	6.45565156
5.07493006	5.30753081	5.91017925
4.43909069	4.64254881	5.16969131
3.87227281	4.04975169	4.5095845
3.74142869	3.91291075	4.35720575
3.7949575	3.968893	4.41954444
4.0399175	4.22508031	4.70482088
4.18586244	4.37771438	4.87478606
4.16541025	4.35632475	4.85096775
3.79518819	3.96913419	4.41981313
