#?RADIANCE
genskyvec -m 1
NROWS=146
NCOLS=1
NCOMP=3
FORMAT=ascii

20.7116494	21.6609325	24.1204431
29.2834506	30.6256075	34.1030194
31.5402975	32.985895	36.7313088
32.6247525	34.1200544	37.9942456
32.3815919	33.8657475	37.711065
29.0801825	30.4130237	33.8662988
27.2386475	28.4870838	31.7216769
25.551365	26.7224681	29.756695
22.7915294	23.8361387	26.542635
20.5606725	21.5030369	23.9446175
24.0022638	25.1023656	27.9526387
22.54102	23.5741506	26.2508975
26.1104944	27.3072244	30.4078475
28.57512	29.8848131	33.2781106
30.7531738	32.1626956	35.8146356
35.3326138	36.9520231	41.1477744
39.0746038	40.8655213	45.5056344
42.2623394	44.1993613	49.2180181
42.8201681	44.7827581	49.8676588
40.4525038	42.3065737	47.1103131
38.364695	40.1230769	44.6788888
33.0883181	34.6048644	38.5341062
30.1607637	31.54313	35.1247238
26.1117938	27.3085844	30.4093619
24.600845	25.7283831	28.6497356
23.7772362	24.8670256	27.690575
23.5007206	24.5778363	27.36855
24.811795	25.9490006	28.8954044
24.4614825	25.5826331	28.4874369
26.2916825	27.4967169	30.6188563
27.6656475	28.933655	32.2189537
16.4254131	17.1782419	19.1287625
15.3053013	16.0067944	17.8243
17.2634475	18.0546888	20.1047238
16.3424594	17.0914881	19.0321556
15.5979906	16.3128969	18.16516
13.9850731	14.6260556	16.286785
14.55185	15.2188056	16.9468412
14.3690644	15.0276475	16.7339744
13.7850031	14.4168156	16.053785
12.8623981	13.4519237	14.9793369
14.5079325	15.1728806	16.8956975
16.2518081	16.9966812	18.9265856
19.4972731	20.3908994	22.7061994
22.7013669	23.7418456	26.437635
26.3293806	27.5361431	30.6627581
32.5226725	34.0132937	37.8753644
37.7283781	39.457595	43.9378431
40.7177463	42.5839744	47.4192106
36.2010675	37.8602806	42.1591619
30.0392669	31.4160675	34.98323
25.0081875	26.1543944	29.1241175
21.1987294	22.1703375	24.6876894
17.3463881	18.1414288	20.2013156
16.1967475	16.9391006	18.862465
14.8483619	15.5289112	17.2921569
14.2951531	14.9503463	16.6478969
13.36081	13.9731813	15.55978
14.0216375	14.6642963	16.3293669
14.2392619	14.891895	16.5828081
15.310445	16.0121725	17.8302881
9.72577012	10.1715342	11.3264708
9.37396969	9.80360919	10.9167691
9.38967881	9.82003819	10.9350634
9.91896744	10.3735871	11.5514652
9.54963706	9.98732944	11.1213503
9.41753319	9.84916975	10.9675031
9.61019175	10.050658	11.1918687
10.4342234	10.9124569	12.1515213
11.3019031	11.8199075	13.1620088
13.8332806	14.4673056	16.1100106
16.7882038	17.5576612	19.5512625
23.8301412	24.922355	27.7521888
36.7344844	38.4181462	42.7803688
53.4994325	55.9514856	62.3045481
49.7401031	52.0198588	57.9265013
32.8674481	34.3738738	38.2768869
20.9118312	21.8702913	24.3535725
16.8874325	17.6614419	19.6668244
13.1852219	13.7895444	15.35529
11.1043844	11.613335	12.9319831
10.0834451	10.5456032	11.7430137
9.50394844	9.93954613	11.0681406
8.99049075	9.40255437	10.4701778
9.4672085	9.90112081	11.0253541
7.25171013	7.58407994	8.44522131
7.31860881	7.65404481	8.52313031
7.17605013	7.50495238	8.35710881
7.26177562	7.59460662	8.45694319
7.463508	7.80558544	8.69187763
7.56487431	7.91159744	8.80992694
8.09349375	8.46444537	9.42554869
9.07395825	9.48984756	10.5673809
10.5238899	11.0062353	12.2559469
12.5560388	13.1315231	14.6225525
16.3647137	17.1147619	19.0580744
24.9346163	26.0774512	29.0384394
40.3810694	42.2318675	47.0271213
4027.84916718744	4032.04466848744	4042.91485698744
3315.36624255461	3318.86425065461	3327.92728565461
40.4753106	42.3304288	47.136875
22.3696875	23.3949638	26.0513675
15.6098638	16.3253156	18.1789887
12.0913	12.6454844	14.0813275
10.0925366	10.5551089	11.7536
8.86435719	9.27063987	10.3232832
8.03969719	8.40818306	9.36289794
7.55886712	7.90531494	8.80293106
7.47886225	7.82164344	8.70975888
6.61383094	6.91696481	7.70235781
6.51975731	6.81857956	7.59280119
6.55065069	6.85088881	7.628779
6.811716	7.12391956	7.93281137
7.28827312	7.62231863	8.48780169
8.47516775	8.86361281	9.87003919
9.97428806	10.4314435	11.6158919
13.5971656	14.2203687	15.8350331
19.2843419	20.1682069	22.4582231
38.5809525	40.349245	44.9307362
2745.36681750178	2747.94259810178	2754.61623310178
43.8385431	45.8478075	51.0536375
22.2755769	23.2965387	25.9417644
13.2372894	13.8439981	15.4159306
10.2507189	10.7205442	11.937815
8.458944	8.84664538	9.85114475
7.42331325	7.76354819	8.64506769
6.88171981	7.197132	8.01433656
6.75073606	7.06014463	7.861795
6.79442344	7.10583431	7.91267262
7.11965775	7.445975	8.29143506
8.06088319	8.43034013	9.38757063
9.82698888	10.277392	11.4443475
14.1677494	14.8171031	16.4995244
22.4359031	23.4642156	26.1284794
24.7023294	25.8345187	28.7679225
16.9967344	17.7757512	19.7941156
11.21557	11.7296181	13.0614663
8.395555	8.78035119	9.77732438
7.37335281	7.71129781	8.58688419
7.80641325	8.16420713	9.09121931
8.12652119	8.49898631	9.46401175
9.7601145	10.207453	11.3664675
12.8353812	13.4236688	14.9478681
11.2584475	11.7744594	13.1114013
9.08703	9.50351831	10.5826042
9.38997806	9.820352	10.9354125
