#?RADIANCE
genskyvec -m 1
NROWS=146
NCOLS=1
NCOMP=3
FORMAT=ascii

3.31039037	3.46211656	3.85522544
17.6297331	18.4377619	20.5312925
16.8367206	17.6084038	19.6077669
17.038325	17.8192475	19.84255
18.2084444	19.0429987	21.2052525
21.0427356	22.0071937	24.5060212
25.9130625	27.1007438	30.1779213
33.5683969	35.1069469	39.093195
50.3216956	52.6281056	58.6038113
77.5641581	81.1191788	90.3299287
107.59986	112.531525	125.309015
682.540042040673	688.458764040673	703.793657040673
82.7904419	86.5849925	96.4163656
52.8760362	55.29952	61.5785556
36.6561738	38.3362475	42.6891713
26.786455	28.0141669	31.1950619
21.8836919	22.8866931	25.4853831
18.6508462	19.5056781	21.7204662
17.4682219	18.2688481	20.3432031
16.8623488	17.6352063	19.6376106
17.5451419	18.3492925	20.4327813
18.6099881	19.4629438	21.67288
19.144685	20.0221481	22.2955806
19.8069875	20.7148081	23.06689
21.3447331	22.3230319	24.8577206
21.1667425	22.1368825	24.650435
21.9776031	22.9849106	25.5947531
21.1126306	22.0802913	24.5874169
20.4712094	21.4094731	23.8404306
19.0454238	19.9183394	22.1799869
18.0658712	18.89389	21.0392137
13.1950788	13.7998525	15.36677
12.1244875	12.6801925	14.1199756
13.4150556	14.0299094	15.6229488
14.2000919	14.8509287	16.5371913
16.8842531	17.6581138	19.6631194
20.3260419	21.25765	23.6713706
27.9334181	29.2136994	32.530795
42.3125319	44.2518556	49.2764719
71.379375	74.6509281	83.1272394
1065.44803107557	1070.36431607557	1083.10197807557
1566.71761498971	1572.51509698971	1587.53586698971
76.0883444	79.5757288	88.6112244
48.6654419	50.8959394	56.674965
31.0751594	32.499435	36.1896144
22.3147362	23.3374938	25.9873706
16.9900694	17.76878	19.7863519
15.8442094	16.5704025	18.4519025
13.0547994	13.6531437	15.2034019
12.5806044	13.1572162	14.6511638
12.1563794	12.7135462	14.1571187
12.7722506	13.357645	14.8743519
13.7952987	14.4275831	16.0657762
13.5507244	14.1717988	15.7809481
15.4095544	16.1158256	17.9457131
16.0561544	16.7920625	18.69873
16.3389969	17.0878669	19.0281237
15.1279419	15.8213044	17.6177519
14.8876588	15.5700087	17.33792
13.8250994	14.45875	16.1004819
13.5195575	14.139205	15.7446519
8.42493881	8.8110815	9.811543
8.11483738	8.48676737	9.45040437
8.70326288	9.10216163	10.1356754
10.9957288	11.4996988	12.8054419
14.3089975	14.9648262	16.6640212
21.2406375	22.2141675	24.7364944
33.9263763	35.4813344	39.5100931
57.2682106	59.8930025	66.6936063
55.6465263	58.1969906	64.8050213
39.8443262	41.6705244	46.4020425
25.4410419	26.6070881	29.6282125
16.3285994	17.0769944	19.0160162
11.8731282	12.4173132	13.8272494
9.51901031	9.95529787	11.0856798
8.73145263	9.13164431	10.1685047
8.56629237	8.95891481	9.9761615
8.44382656	8.83083513	9.83354006
9.38037956	9.81031262	10.9242338
9.39709288	9.82779356	10.9436979
9.05591469	9.47097706	10.5463679
9.64535356	10.0874319	11.2328191
9.57121888	10.0098994	11.1464833
8.64370062	9.03986906	10.0663083
8.7285995	9.12865944	10.1651814
5.96817419	6.24171538	6.95043656
6.21387394	6.49867619	7.23657431
6.64068813	6.94505269	7.73363494
7.64637044	7.99682894	8.9048365
10.1822863	10.648974	11.8581192
12.6699954	13.250705	14.7552675
18.1953756	19.02933	21.1900319
24.3519144	25.4680431	28.359835
24.2539012	25.3655387	28.2456925
20.3685462	21.3021031	23.7208712
14.4484481	15.1106688	16.8264225
10.1922802	10.6594253	11.8697594
8.56194862	8.95437125	9.97110394
7.18567612	7.51501944	8.36831887
6.48780863	6.78516631	7.55559431
6.03421375	6.31078169	7.02734494
5.98157812	6.25573369	6.96604656
6.12999262	6.41095062	7.13888788
6.46544531	6.761778	7.52955006
6.52010306	6.81894075	7.59320369
6.5960625	6.89838188	7.68166506
6.57030381	6.87144269	7.65166687
6.24440625	6.530608	7.27213169
6.28018231	6.56802375	7.313796
4.7100225	4.92589856	5.48521381
5.04771044	5.27906369	5.87847981
5.6221765	5.87985963	6.54749331
7.16324775	7.49156294	8.34219931
9.22689062	9.64978969	10.745483
11.5990168	12.1306368	13.5080231
12.4567119	13.0276444	14.50688
10.4449156	10.9236406	12.1639767
8.25733788	8.63579887	9.61635844
6.48584169	6.78310925	7.55330356
5.31240369	5.55588875	6.18673719
4.95894163	5.18622631	5.77510106
4.78775431	5.00719281	5.57573919
4.71279631	4.92879931	5.48844425
4.6399085	4.85257087	5.4035605
4.68738294	4.90222125	5.45884838
4.76483481	4.98322294	5.54904744
4.69201125	4.90706156	5.4642385
4.12802275	4.31722381	4.80742675
4.43633263	4.63966437	5.16647931
5.549388	5.80373481	6.46272525
7.06365187	7.38740206	8.22621144
7.03210456	7.35440913	8.18947212
6.05574719	6.33330213	7.05242269
5.08585437	5.31895581	5.92290162
4.37484369	4.57535719	5.09487025
4.03262287	4.21745162	4.69632563
3.90602469	4.08505075	4.54889169
3.97313462	4.15523669	4.62704663
3.88874869	4.06698294	4.52877206
3.80612475	3.98057206	4.43254975
4.25398962	4.448964	4.95412575
4.61497813	4.82649763	5.37452675
4.36402431	4.56404194	5.08227013
3.71747269	3.88785675	4.329307
3.62584406	3.7920285	4.22259769
3.87312056	4.05063863	4.51057194
