#?RADIANCE
genskyvec -m 1
NROWS=146
NCOLS=1
NCOMP=3
FORMAT=ascii

9.29331444	9.71925769	10.8228406
26.4488525	27.6610887	30.8018925
27.5658731	28.8293062	32.1027562
28.51881	29.8259225	33.2125344
29.4799787	30.8311437	34.3318931
29.6189056	30.9764381	34.4936875
29.153415	30.4896106	33.9515825
29.0180419	30.3480331	33.7939306
27.2770787	28.5272781	31.7664356
26.6191881	27.8392325	31.0002631
26.7735025	28.00062	31.1799756
25.80427	26.9869669	30.0512262
25.9661894	27.156305	30.2397925
26.4666494	27.6797031	30.8226194
27.7382156	29.0095494	32.3034656
31.4316075	32.8722238	36.6047281
38.7263388	40.5012944	45.1000513
45.9213112	48.0260375	53.4791981
63.4347475	66.34217	73.8750544
90.4390662	94.5841938	105.323846
101.773731	106.438362	118.523988
107.752309	112.690952	125.486544
82.4741469	86.2542063	96.0480169
64.8943419	67.8686644	75.5748725
49.1081087	51.3588944	57.1904881
36.5720256	38.2482406	42.5911725
31.6049687	33.0535275	36.8066219
27.9965669	29.2797425	32.6043381
26.3295312	27.5363012	30.662935
25.2846675	26.4435475	29.4461056
25.5358044	26.7061931	29.7385712
18.9774244	19.8472219	22.1007944
17.984405	18.8086894	20.94434
20.1189369	21.041055	23.4301794
20.0410875	20.9596344	23.339515
20.21333	21.1397756	23.5401087
19.1790244	20.0580644	22.3355731
20.4482556	21.3854669	23.8136994
20.5850044	21.5284825	23.9729531
19.4370331	20.3278956	22.6360444
16.8043569	17.5745562	19.570075
17.4190275	18.2173981	20.2859094
17.6926219	18.5035325	20.6045338
19.7409025	20.6456944	22.9899281
21.4415837	22.4243238	24.9705131
24.2437675	25.3549406	28.2338894
30.9667094	32.3860169	36.0633163
42.56027	44.51095	49.5649844
59.3625244	62.083305	69.13261
92.36109	96.5943181	107.562192
1388.20229175452	1393.95806075452	1408.87076075452
124.981863	130.7102	145.551794
87.4882969	91.4981719	101.887418
55.6702869	58.2218406	64.8326937
40.3305469	42.17903	46.968285
30.7590063	32.1687956	35.8214287
25.6823106	26.8594156	29.9091931
20.97883	21.94036	24.4315981
19.4668969	20.35913	22.6708256
18.2126837	19.0474319	21.21019
18.4199344	19.2641813	21.4515487
12.0718294	12.62512	14.0586513
11.6012156	12.1329381	13.5105825
11.808575	12.3498019	13.7520706
12.9523063	13.545955	15.0840419
12.8748656	13.4649638	14.9938556
12.7834025	13.3693075	14.8873369
12.516425	13.0900938	14.57642
12.4493131	13.0199069	14.4982625
11.799725	12.3405456	13.7417644
12.8419787	13.4305694	14.9555544
13.9911231	14.6323825	16.2938306
17.7243113	18.5366756	20.6414387
23.7886762	24.8789912	27.7038981
34.95712	36.55932	40.7104806
62.0805762	64.9259356	72.2980088
2003.16500605935	2008.36264705935	2021.82925005934
2202.88126334433	2207.65760634433	2220.03268934433
65.7414938	68.7546437	76.5614506
34.8612394	36.4590456	40.5988188
22.859925	23.9076731	26.6222894
17.5616125	18.36652	20.4519638
14.6570487	15.3288275	17.0693544
12.3848738	12.9525137	14.4232194
12.2290513	12.7895481	14.24175
8.71663237	9.11614525	10.1512459
8.74749131	9.148418	10.1871833
8.54979338	8.94165919	9.95694712
8.74703838	9.14794431	10.1866565
9.00571431	9.41847537	10.4879049
8.88142775	9.28849306	10.3431631
8.71681062	9.116331	10.1514536
8.95302744	9.36337438	10.4265477
9.07837038	9.49446219	10.5725189
9.78364525	10.2320623	11.39387
11.0439381	11.5501187	12.8615875
13.1874037	13.7918281	15.3578313
16.8860006	17.6599419	19.6651556
26.556395	27.7735644	30.9271375
41.9112956	43.8322269	48.8091963
55.1303744	57.65718	64.2039162
57.6957156	60.3400987	67.1914706
41.4759869	43.3769688	48.3022469
26.7637975	27.9904725	31.168675
18.2501012	19.0865644	21.2537656
13.8679913	14.5036069	16.1504313
11.243938	11.759286	13.0945044
9.80285294	10.2521505	11.4162394
9.37056994	9.8000545	10.9128092
7.20284662	7.53297712	8.38831569
6.998889	7.31967119	8.15078981
6.82471244	7.13751162	7.94794675
6.98920219	7.30954038	8.13950894
7.04777988	7.37080294	8.2077275
7.1335375	7.46049112	8.30759925
7.55928656	7.90575363	8.80341944
8.71155163	9.11083063	10.1453273
10.2226769	10.6912148	11.9051588
13.9729787	14.6134063	16.2726981
17.8002131	18.6160569	20.7298331
26.7234325	27.9482569	31.1216663
30.1964831	31.5804862	35.1663225
21.3374275	22.3153925	24.8492137
14.7935969	15.4716362	17.2283775
10.8134321	11.3090487	12.5931437
8.846623	9.25209262	10.3026295
7.74118931	8.09599356	9.01526044
6.49387519	6.79151119	7.56265931
6.11167888	6.39179725	7.11755963
6.13433463	6.41549125	7.143944
6.35993562	6.6514325	7.40667544
6.78644363	7.09748875	7.90337956
8.19755844	8.57327969	9.54674106
10.7188213	11.2100993	12.4829625
13.3049719	13.9147825	15.4947494
15.4827037	16.1923256	18.0309
12.2060746	12.7655181	14.2149912
9.04805738	9.46275956	10.5372163
7.2121695	7.54272712	8.39917269
6.48149756	6.77856587	7.54824419
6.18041931	6.46368837	7.19761369
6.687412	6.99391813	7.78804906
8.14298675	8.51620619	9.48318663
8.701099	9.09989881	10.1331543
7.83223631	8.19121369	9.12129244
6.94345	7.26169131	8.08622656
