#?RADIANCE
genskyvec -m 1
NROWS=146
NCOLS=1
NCOMP=3
FORMAT=ascii

6.9766525	7.29641556	8.12489337
24.0323969	25.13388	27.9877294
25.1148087	26.2659031	29.24829
26.0992206	27.295435	30.3947181
27.2065144	28.4534794	31.684255
27.7372394	29.0085269	32.3023275
27.464515	28.7233044	31.9847175
27.4370669	28.6945988	31.9527544
25.8490931	27.0338425	30.1034231
25.3178556	26.4782556	29.4847525
24.8968	26.0379013	28.9944
23.9397794	25.0370187	27.87987
23.5418519	24.6208525	27.4164494
23.59466	24.6760806	27.47795
24.4126356	25.5315481	28.4305506
27.25421	28.5033606	31.7397987
33.3175313	34.8445844	38.801045
39.5608581	41.3740625	46.0719194
55.5377881	58.0832694	64.678385
84.6550356	88.5350581	98.58785
105.615939	110.456677	122.998567
125.621037	131.378663	146.296169
97.0390794	101.486698	113.010106
74.57137	77.9892225	86.8445831
53.2950744	55.7377631	62.0665588
37.3298075	39.0407569	43.4736737
30.9047113	32.3211775	35.9911131
26.4203894	27.6313244	30.7687469
24.4280412	25.54766	28.4484937
23.0770106	24.1347044	26.8751019
23.2096037	24.2733756	27.0295169
17.742795	18.5560062	20.6629644
16.9360919	17.7123287	19.7234913
19.0039512	19.874965	22.1316844
19.116935	19.9931256	22.263265
19.4502362	20.3417025	22.65142
18.5857038	19.4375469	21.6446012
19.8286656	20.7374788	23.0921369
19.9476875	20.8619544	23.2307444
18.7474881	19.6067475	21.8330138
16.0858125	16.8230781	18.7332719
16.4249394	17.1777494	19.1282131
16.3945081	17.1459244	19.0927731
17.9259125	18.747515	20.8762187
19.0613875	19.9350338	22.1985756
21.1388719	22.1077375	24.6179819
26.3835044	27.5927481	30.7257919
35.9455619	37.5930656	41.8616038
49.5568525	51.8282056	57.7130862
79.6901544	83.3426163	92.805825
1175.88531980086	1181.48554580086	1195.99523680086
1674.42222338588	1681.40716138588	1699.50447938588
107.641255	112.574807	125.357218
64.4618694	67.4163712	75.0712225
44.3209788	46.352355	51.6154762
32.2525575	33.7307987	37.5607944
25.9715112	27.1618713	30.2459912
20.5423406	21.4838625	23.9232694
18.6035281	19.4561894	21.6653594
17.1776506	17.9649594	20.0048075
17.2471275	18.0376213	20.0857181
11.4615469	11.9868669	13.3479269
11.0633073	11.570375	12.8841437
11.3430407	11.8629294	13.2099169
12.5354988	13.1100425	14.5986337
12.5354362	13.1099769	14.5985612
12.4633781	13.0346181	14.5146438
12.1443587	12.7009731	14.14312
11.9351512	12.4821794	13.8994788
11.1255921	11.6355169	12.9566831
11.8059694	12.347075	13.7490337
12.5430894	13.1179812	14.6074744
15.3214056	16.0236369	17.8430563
19.7658019	20.6717331	23.018925
27.823215	29.098445	32.402455
47.67884	49.8641188	55.5259863
86.1637819	90.11295	100.344909
2014.34686471411	2019.39648271411	2032.47957071411
74.3015137	77.7070025	86.5303162
37.5855313	39.3082012	43.7714837
23.6920912	24.7779787	27.5914162
17.67556	18.4856894	20.5846638
14.3713462	15.0300325	16.7366306
11.8990769	12.4444506	13.8574675
11.6258351	12.1586856	13.5392544
8.32709963	8.70875806	9.69760181
8.37789419	8.76188075	9.75675625
8.23672875	8.61424538	9.59235806
8.46310281	8.85099469	9.85598906
8.74616475	9.14703031	10.1856383
8.61969019	9.01475913	10.0383486
8.39457119	8.77932206	9.77617825
8.51913144	8.90959163	9.92123963
8.46234544	8.85020269	9.85510712
8.92367825	9.33267994	10.3923674
9.77804475	10.2262036	11.3873475
11.2598566	11.7759319	13.1130419
13.9433938	14.582465	16.2382456
20.7428738	21.6935869	24.156805
31.1868244	32.6162181	36.3196562
40.52448	42.38185	47.1941369
47.6074638	49.7894706	55.4428619
39.0812538	40.8724763	45.5133794
26.7032044	27.9270987	31.0981081
18.2665637	19.1037806	21.2729356
13.7208881	14.3497619	15.9791187
10.9410128	11.4424743	12.74172
9.43248675	9.86480888	10.9849173
8.96215344	9.37291844	10.4371759
6.87799181	7.193233	8.00999519
6.70240394	7.00959737	7.80550844
6.55355825	6.85392944	7.63216506
6.72606531	7.03434313	7.833064
6.75585644	7.06549969	7.86775831
6.72669712	7.03500394	7.83379988
6.99679794	7.31748413	8.14835475
7.78868956	8.145671	9.07057856
8.85437262	9.260198	10.3116549
11.5339269	12.062565	13.4322206
14.2159556	14.8675194	16.5556644
20.7471306	21.6980406	24.1617644
24.5237431	25.6477475	28.5599444
19.3093363	20.1943456	22.4873313
13.963125	14.6031	16.2612237
10.3549099	10.8295094	12.0591556
8.486298	8.87525288	9.88300125
7.39505581	7.73399562	8.61215912
6.16266325	6.4451185	7.17693544
5.79684119	6.06252938	6.75090475
5.81759137	6.08423088	6.77507025
5.97090538	6.24457181	6.95361738
6.2242065	6.50948244	7.24860769
7.229742	7.56110513	8.4196375
9.07627388	9.4922685	10.5700778
11.0571101	11.5638938	12.8769275
13.1277431	13.7294319	15.2883519
10.9924012	11.4962201	12.8015687
8.49342106	8.88270269	9.89129706
6.80369356	7.11552931	7.92346837
6.03852856	6.31529419	7.03237013
5.73615662	5.99906369	6.680233
6.08464013	6.36351938	7.08607056
7.18398619	7.51325187	8.36635087
7.75113719	8.10639744	9.02684562
7.17651413	7.50543737	8.357649
6.32357669	6.61340719	7.3643325
