#?RADIANCE
genskyvec -m 1
NROWS=146
NCOLS=1
NCOMP=3
FORMAT=ascii

17.0293681	17.8098806	19.8321206
26.5319588	27.7480075	30.8986788
28.5579362	29.86684	33.2580981
29.8925863	31.2626631	34.8124112
30.4841425	31.8813294	35.501325
28.8625294	30.185395	33.6128219
27.9840675	29.2666688	32.5897794
27.0339388	28.2729925	31.4832756
24.6790337	25.8101556	28.7407931
22.755885	23.7988612	26.5011244
25.1461419	26.2986737	29.2847806
23.2321456	24.2969525	27.0557706
25.4849081	26.6529644	29.6793
27.15818	28.4029281	31.627965
29.3045956	30.6477219	34.1276444
34.6615144	36.2501662	40.3662238
41.7510312	43.6646181	48.6225588
48.429645	50.6493344	56.4003606
57.4760931	60.1104131	66.935705
62.5888913	65.4575488	72.8899831
59.0615781	61.7685662	68.7821356
51.6241625	53.9902681	60.1206425
42.569455	44.520555	49.5756819
35.2773394	36.8942156	41.0834044
30.9085487	32.3251888	35.9955825
27.2606944	28.5101419	31.7473519
25.5224412	26.69222	29.7230112
25.0227669	26.1696438	29.1410975
23.8598363	24.9534137	27.7867706
24.4704363	25.5919981	28.4978644
25.2340975	26.3906594	29.3872113
16.5147413	17.2716669	19.2327944
15.6852156	16.4041206	18.2667412
17.6547681	18.4639431	20.5604487
17.2693062	18.0608144	20.1115475
17.0583831	17.8402269	19.86591
15.81198	16.5366944	18.4143681
16.6232837	17.3851831	19.3591994
16.4957837	17.2518406	19.2107162
15.538015	16.2501737	18.0953137
13.8194169	14.4528056	16.0938631
14.8519531	15.5326688	17.2963388
15.9314988	16.6616925	18.5535581
18.7454931	19.6046613	21.8306906
21.9080919	22.9122137	25.5138
26.1867487	27.3869737	30.4966531
34.8066663	36.4019706	40.5352662
45.59108	47.6806706	53.0946163
59.6843244	62.4198544	69.50737
67.6566825	70.7576106	78.7918469
62.1092837	64.9559562	72.3314394
48.8904081	51.1312175	56.9369581
36.3148081	37.9792362	42.2916225
26.6788575	27.9016375	31.069755
22.3827406	23.4086162	26.0665675
19.1759994	20.0548975	22.33205
17.4745675	18.2754869	20.3505919
15.4784238	16.1878487	18.0259138
15.3116337	16.0134175	17.8316744
14.9842538	15.6710313	17.4504144
15.6386744	16.3554463	18.2125406
10.6443018	11.1321652	12.3961769
10.3483854	10.8226861	12.0515581
10.490578	10.9713952	12.2171544
11.2269932	11.7415621	13.0747688
10.9858063	11.4893229	12.7938881
10.7945484	11.2892989	12.5711525
10.6649676	11.1537781	12.4202431
10.9441756	11.4457825	12.745405
11.1638444	11.6755206	13.0012275
13.1073188	13.70807	15.2645675
15.6639612	16.3818912	18.2419888
22.1429787	23.157865	25.7873456
33.3448962	34.8732038	38.8329131
53.6249994	56.08281	62.4507831
1719.12753093398	1722.91898783398	1732.74233593398
77.9471025	81.5196706	90.7758925
45.3700581	47.4495175	52.8372156
30.7106719	32.11824	35.7651362
19.9594531	20.8742612	23.2444469
15.2198144	15.91739	17.7247425
12.7936044	13.3799781	14.8992194
11.4486712	11.9734019	13.3329306
10.3731696	10.8486044	12.08042
10.5254848	11.0079019	12.257805
8.27613619	8.655459	9.63825062
8.31445206	8.69553087	9.68287394
8.17635337	8.55110269	9.52204569
8.27897756	8.65843056	9.64156031
8.42942644	8.81577487	9.8167705
8.38197825	8.766152	9.76151344
8.51369937	8.90391044	9.91491194
9.093674	9.51046725	10.5903425
10.0305591	10.4902928	11.6814225
11.6512337	12.18525	13.568835
14.7361694	15.4115781	17.1614987
20.3584594	21.2915537	23.7091237
28.8006787	30.12071	33.5407944
53.6877556	56.1484425	62.5238687
4015.73852568036	4020.15771518036	4031.60741618036
3204.82415002423	3208.76308512423	3218.96853782423
47.8673419	50.0612588	55.74551
29.2122375	30.5511325	34.0200875
18.9654544	19.8347025	22.0868525
13.9645631	14.604605	16.2628987
11.3708687	11.8920319	13.2423244
9.78074625	10.2290306	11.390495
8.91403456	9.32259444	10.3811381
8.63589662	9.03170812	10.0572224
7.54489144	7.89069869	8.78665525
7.34654088	7.68325719	8.5556595
7.25865856	7.59134675	8.45331319
7.39358763	7.73246	8.61044919
7.62570894	7.97522044	8.88077406
8.33447175	8.71646806	9.70618687
9.47479981	9.90906138	11.0341937
12.4136456	12.9826038	14.4567238
16.4310356	17.184125	19.1353125
26.4433281	27.6553125	30.7954612
37.2694337	38.9776137	43.4033631
51.9614419	54.343005	60.5134306
39.0456356	40.8352262	45.4718981
21.2263031	22.199175	24.7197987
14.3854456	15.0447769	16.75305
10.7144536	11.2055319	12.4778737
8.8875505	9.29489606	10.3502929
7.98687906	8.35294406	9.301387
7.52372237	7.8685595	8.76200219
7.32844875	7.66433569	8.53458969
7.42089875	7.76102313	8.64225537
8.03954856	8.40802756	9.36272481
9.52326763	9.95975012	11.0906394
13.2792094	13.88784	15.4647456
19.6131625	20.5120969	22.8411619
24.4662956	25.5876669	28.4930431
23.1184662	24.1780606	26.9233819
15.1559638	15.8506112	17.6503837
10.3000494	10.7721352	11.9952656
8.47841812	8.86701206	9.8738255
8.555069	8.94717613	9.96309063
8.51008481	8.90013006	9.91070431
9.98951088	10.4473636	11.6336181
13.2934906	13.9027744	15.4813781
13.082435	13.6820462	15.2355875
10.592342	11.0778234	12.3356644
10.1798264	10.6464009	11.8552569
