#?RADIANCE
genskyvec -m 1
NROWS=146
NCOLS=1
NCOMP=3
FORMAT=ascii

19.32674	20.2125475	22.5076013
29.3937881	30.7410012	34.2315162
27.62649	28.8927006	32.1733506
26.5531656	27.7701844	30.9233744
25.0203087	26.1670719	29.1382375
22.5467581	23.5801513	26.2575787
22.7894369	23.8339531	26.5402
23.7615881	24.85066	27.6723506
25.4193781	26.5844312	29.6029869
27.2280394	28.4759906	31.7093237
34.6849631	36.2746887	40.3935331
37.4108631	39.1255281	43.5680713
43.8986806	45.9107025	51.123675
46.5211612	48.6533819	54.1777738
45.5821625	47.6713431	53.0842281
42.5054194	44.4535838	49.501105
37.2286456	38.9349575	43.355865
34.3988563	35.9754688	40.0603362
29.0545506	30.3862156	33.8364462
25.2355775	26.3922094	29.3889363
24.9094112	26.0510919	29.0090856
22.2349962	23.2541	25.8945069
23.2697119	24.3362406	27.0995194
22.67196	23.7110913	26.4033894
25.462735	26.6297756	29.6534781
28.9170969	30.2424637	33.6763688
31.2984831	32.7329969	36.4496938
33.6633744	35.2062781	39.2038062
32.0211713	33.4888056	37.2913237
32.1686019	33.6429938	37.4630188
30.3786387	31.7709925	35.3784588
16.2602294	17.0054881	18.9363925
13.9271256	14.5654506	16.2192988
14.6377681	15.3086656	17.0469019
13.5425338	14.1632337	15.77141
13.5864156	14.209125	15.8225125
13.7216388	14.3505481	15.9799944
15.71544	16.4357325	18.3019412
18.1239337	18.9546119	21.1068294
21.0482406	22.0129512	24.5124331
23.352965	24.4233081	27.1964737
29.8689944	31.2379894	34.784935
37.94282	39.6818662	44.1875775
44.0133962	46.030675	51.2572706
44.8591125	46.9151525	52.2421769
38.1647206	39.9139369	44.4460025
29.3951494	30.7424269	34.2331019
25.5645388	26.7362456	29.7720375
20.0445269	20.9632325	23.3435231
17.1331025	17.9183694	19.9529281
14.7859887	15.4636812	17.2195206
13.7726656	14.4039131	16.0394181
13.4332494	14.0489406	15.6441387
12.5912056	13.1683025	14.6635106
14.4412937	15.1031863	16.8180906
15.5995619	16.3145419	18.1669931
16.8180181	17.588845	19.5859856
16.5078906	17.2645031	19.2248162
17.4112694	18.2092838	20.2768744
16.7350231	17.5020444	19.4893306
16.7195163	17.4858256	19.47127
9.6564175	10.0990027	11.2457038
9.01451819	9.427684	10.4981592
8.94149381	9.35131231	10.4131154
9.78022956	10.2284916	11.3898944
10.7452829	11.2377745	12.5137788
12.5887438	13.1657269	14.6606425
15.3405044	16.0436087	17.8652969
20.2368319	21.1643513	23.5674756
28.0759406	29.362755	32.6967756
47.5701519	49.75045	55.3994087
66.2103313	69.2449713	77.1074519
45.3006675	47.3769475	52.7564056
27.4823431	28.7419494	32.0054806
19.1370706	20.0141875	22.286715
14.7080844	15.382205	17.1287912
12.2580313	12.8198581	14.2755
10.2493345	10.7190949	11.9362038
9.87838281	10.33114	11.5041994
9.31493594	9.74187013	10.8480189
9.06461637	9.48007775	10.5565014
9.83406825	10.2847954	11.4525927
10.2145698	10.6827367	11.8957188
9.76011944	10.2074579	11.3664721
10.1266145	10.5907509	11.7932873
7.29517025	7.62953219	8.495834
7.41062294	7.75027613	8.63028844
7.60787544	7.9565695	8.86000538
8.16593088	8.54020244	9.50990737
9.51149556	9.94743962	11.07693
10.7341987	11.2261831	12.5008694
13.6988494	14.3267125	15.9534537
18.9790575	19.8489312	22.1026944
32.1386737	33.6116963	37.4281669
1346.08605818175	1349.00561758175	1356.56994248175
7350.72018872643	7355.45309072643	7367.71559872643
1228.33966217732	1230.75319647732	1237.00645087732
30.1852031	31.56869	35.1531875
17.7605262	18.5745494	20.6836131
13.1988313	13.8037775	15.3711394
10.8968893	11.3963288	12.6903344
9.23197981	9.65511269	10.7514106
8.25410506	8.63241787	9.61259363
7.71079381	8.06420494	8.97986237
7.44370706	7.78487688	8.66881763
7.458955	7.80082331	8.68657487
7.5832835	7.93085037	8.83136606
7.45845081	7.80029625	8.68598794
7.55581287	7.90212081	8.79937444
6.57157731	6.8727745	7.65314956
6.92746131	7.24496981	8.06760662
7.61223787	7.96113175	8.86508575
8.90527681	9.31343481	10.3709373
10.8247585	11.3208937	12.6063344
15.8643206	16.5914369	18.4753256
25.2166238	26.3723863	29.3668625
51.7094213	54.0794325	60.2199325
45.6494669	47.7417306	53.1626119
24.1803144	25.2885794	28.1599931
14.938	15.6226569	17.3965475
11.1440403	11.6548094	12.9781656
8.98271269	9.39441994	10.4611169
7.55759513	7.90398488	8.80145
6.91260325	7.22943056	8.05030275
6.567397	6.8684025	7.6482815
6.48537175	6.78261787	7.55275619
6.48117981	6.778234	7.54787444
6.73156275	7.04009262	7.83946631
7.51029231	7.85451394	8.74636175
9.06699213	9.482562	10.559269
12.2171353	12.7770856	14.2278731
16.5883888	17.3486881	19.3185625
20.6218925	21.5670631	24.0159138
16.4933737	17.2493181	19.2079094
11.7866069	12.326825	13.7264863
8.85462812	9.26046481	10.3119529
7.437439	7.77832162	8.661518
6.60255694	6.90517388	7.68922812
6.564782	6.86566756	7.64523606
7.58861913	7.93643075	8.83758006
8.95557294	9.3660365	10.4295117
11.2503932	11.7660362	13.1020212
11.9773304	12.5262919	13.9486006
8.79667144	9.19985188	10.2444571
7.54843881	7.89440856	8.7907865
8.99449656	9.40674413	10.4748419
