#?RADIANCE
genskyvec -m 1
NROWS=146
NCOLS=1
NCOMP=3
FORMAT=ascii

17.13455	17.9198825	19.9546106
28.3346956	29.6333675	32.998115
26.2128844	27.4143069	30.5270894
25.1295613	26.2813319	29.2654706
23.8516406	24.9448406	27.7772263
22.0205956	23.0298719	25.6448194
22.9463812	23.9980887	26.7229744
24.4862806	25.6085669	28.5163156
26.8974538	28.1302531	31.3243287
29.4729994	30.8238437	34.3237656
37.9379306	39.6767512	44.1818831
42.0307144	43.9571213	48.9482706
48.8747412	51.1148306	56.9187112
49.8585419	52.1437231	58.0644306
46.1388425	48.2535388	53.7325319
40.9056481	42.7804869	47.6380375
34.7225869	36.3140406	40.43735
31.9374287	33.4012269	37.1937975
26.7542456	27.9804825	31.1575512
23.4666275	24.5421813	27.328845
23.6859731	24.7715794	27.5842919
21.7360994	22.7323369	25.3135013
23.4185325	24.4918806	27.2728337
23.3326944	24.4021094	27.1728687
26.6973337	27.9209613	31.0912725
30.3438712	31.7346294	35.3379675
32.6722612	34.1697394	38.0495731
34.6661106	36.2549706	40.371575
32.4454731	33.932555	37.7854575
32.0398125	33.5083013	37.3130313
29.683675	31.044175	34.5691137
15.7684788	16.4911994	18.3637081
13.4300138	14.0455581	15.6403725
14.0814087	14.7268069	16.3989744
13.2042456	13.8094406	15.3774456
13.5976131	14.2208375	15.8355556
14.1039888	14.7504206	16.4252712
16.456435	17.21069	19.1648925
19.3853656	20.2738606	22.575875
23.1268775	24.1868588	26.9331762
26.9244912	28.1585294	31.3558144
36.4204056	38.0896725	42.4145988
47.7660575	49.9553362	55.6275581
50.8723675	53.2040144	59.2451144
44.7903544	46.8432444	52.1621019
34.6378619	36.22543	40.3386769
25.8639762	27.0494081	30.1207575
22.7831388	23.8273669	26.5328656
17.8581263	18.6766225	20.7972756
15.4587631	16.1672881	18.0030181
13.54571	14.1665525	15.7751081
12.98406	13.5791631	15.1210213
13.1522813	13.7550944	15.3169262
12.6938744	13.2756756	14.7830744
14.9667794	15.6527563	17.4300631
16.3166775	17.0645256	19.0021313
17.5642813	18.36931	20.4550681
17.0475819	17.8289287	19.85333
17.7075444	18.5191413	20.6219119
16.7380206	17.5051787	19.4928206
16.4574306	17.2117294	19.1660494
9.46968056	9.90370669	11.0282324
8.83397312	9.23886369	10.2878977
8.8314885	9.23626512	10.2850038
9.83853231	10.289465	11.4577912
11.0796276	11.5874437	12.9031506
13.3050031	13.9148162	15.4947869
16.7588069	17.5269175	19.5170269
23.7182488	24.8053375	27.6218794
36.7883031	38.4744337	42.8430456
1800.2302798272	1803.2983860272	1811.2475741272
73.3741075	76.7370919	85.4502706
37.1317512	38.8336219	43.2430225
22.3424006	23.3664256	26.0195875
16.1592444	16.8998775	18.8187869
12.8786937	13.4689663	14.9983125
10.9717575	11.4746288	12.7775269
9.461399	9.895046	11.0185887
9.46811669	9.90207287	11.0264116
9.26947419	9.69432475	10.7950744
9.1767395	9.59733963	10.6870784
10.0844177	10.5466187	11.7441443
10.4397846	10.9182739	12.1579998
9.82855269	10.2790287	11.4461693
10.0636632	10.5249143	11.7199743
7.18894088	7.51843387	8.37212131
7.31070087	7.64577444	8.51392081
7.57723406	7.92452375	8.82432106
8.22694856	8.60401688	9.58096756
9.7686225	10.2163528	11.376375
11.182145	11.6946606	13.0225406
14.8013044	15.4796981	17.2373537
21.9281306	22.9331681	25.5371369
41.3100394	43.2034163	48.1089862
3678.52033420586	3682.56508480586	3693.04469190586
3425.20975055943	3428.73037615943	3437.85205245943
34.4046106	35.9814881	40.0670375
21.7628838	22.76035	25.3446938
14.4270269	15.088265	16.8014763
11.3311088	11.85045	13.19602
9.57836419	10.0173731	11.1548038
8.31708994	8.69828975	9.68594512
7.64253763	7.99282019	8.90037231
7.39304862	7.73189637	8.6098215
7.31304438	7.64822531	8.51665
7.439907	7.78090275	8.66439231
7.59634819	7.94451394	8.84658119
7.42977381	7.77030494	8.65259156
7.49056463	7.833882	8.72338731
6.42928406	6.72395937	7.48743738
6.8220055	7.13468044	7.94479425
7.56689569	7.9137115	8.81228081
8.99173187	9.40385206	10.4716211
11.1175776	11.6271312	12.9473469
16.770365	17.5390063	19.5304894
26.7016506	27.9254731	31.0962969
41.8186031	43.7352875	48.7012512
30.7228475	32.130975	35.7793175
17.678865	18.4891475	20.5885138
12.1768506	12.7349562	14.1809563
9.6219685	10.0629758	11.205585
8.00384656	8.37068931	9.32114681
6.94491769	7.26322631	8.087936
6.50174275	6.799739	7.57182169
6.31738787	6.60693469	7.357125
6.32336338	6.61318381	7.36408381
6.33151912	6.62171344	7.37358206
6.51066381	6.80906906	7.582211
7.30337144	7.63810919	8.50538525
8.92961513	9.33888894	10.3992807
12.1202895	12.6758031	14.1150887
15.6267719	16.3429981	18.1986788
17.0326063	17.8132675	19.8358925
13.3197156	13.9302038	15.5119194
10.0583464	10.5193546	11.7137825
7.89117487	8.25285356	9.18993137
6.82160231	7.13425881	7.94432475
6.23887469	6.52482287	7.26568975
6.26700606	6.55424369	7.29845131
7.18160075	7.51075731	8.36357306
8.48155538	8.87029312	9.87747863
10.3391667	10.8130444	12.0408219
10.5280192	11.0105535	12.2607569
7.97653225	8.34212306	9.28933688
7.00466819	7.32571531	8.15752025
8.30942862	8.69027744	9.67702238
