#?RADIANCE
genskyvec -m 1
NROWS=146
NCOLS=1
NCOMP=3
FORMAT=ascii

20.2745169	21.2037644	23.6113656
31.4660431	32.9082344	36.6448319
34.2124681	35.7805381	39.8432706
35.6296469	37.26267	41.4936937
35.59889	37.2305044	41.4578769
32.13771	33.61069	37.4270444
30.1656094	31.5482006	35.1303681
28.2032919	29.4959431	32.8450875
24.9632556	26.1074038	29.0717919
22.3230406	23.3461806	25.9970431
25.7615044	26.94224	30.00142
23.9091819	25.0050169	27.8442344
27.5740394	28.8378488	32.1122675
30.1378175	31.5191337	35.0980006
32.5147344	34.0049931	37.8661212
37.6820975	39.4091919	43.8839463
42.1854612	44.11896	49.1284881
46.3351425	48.4588356	53.9611369
47.9333619	50.1303063	55.8223981
46.1038856	48.2169781	53.6918206
43.6452406	45.6456469	50.8285231
37.5809613	39.3034212	43.7661637
33.892865	35.4462875	39.4710675
29.1376337	30.4731063	33.9332025
27.17789	28.42354	31.6509169
25.8153106	26.9985113	30.06408
25.2258931	26.3820781	29.3776562
26.393055	27.6027331	30.7369119
25.9469069	27.1361388	30.2173356
27.9002381	29.1789981	32.4921531
29.5568356	30.9115231	34.4214006
17.6590631	18.4684381	20.5654525
16.5704825	17.3299631	19.2977094
18.80585	19.6677844	21.9009813
17.9102394	18.731125	20.8579663
17.1607044	17.9472381	19.9850744
15.3745588	16.0792262	17.9049563
15.9654231	16.6971713	18.5930656
15.6488469	16.3660875	18.2243881
14.8029469	15.4814163	17.2392681
13.61583	14.2398869	15.8567675
15.2363037	15.9346344	17.743945
16.9908469	17.7695925	19.7872563
20.3839937	21.3182581	23.7388594
23.76995	24.8594056	27.6820894
27.6552781	28.9228094	32.2068763
34.5690675	36.1534819	40.2585619
41.1922881	43.0802681	47.9718556
46.4678556	48.5976294	54.1156919
42.6982731	44.6552763	49.7256987
35.549425	37.1787731	41.4002681
29.0866356	30.4197731	33.8738144
24.2033575	25.3126756	28.1868269
19.5796431	20.4770419	22.8021269
18.0410631	18.8679456	21.0103238
16.3347369	17.0834119	19.0231631
15.5421287	16.2544756	18.100105
14.3781719	15.0371694	16.7445794
14.9769831	15.6634269	17.4419463
15.1953688	15.8918219	17.6962719
16.3705706	17.1208875	19.0648944
10.5143251	10.9962331	12.2448088
10.1741368	10.640452	11.8486306
10.2367927	10.7059794	11.9215988
10.8482413	11.345452	12.6336813
10.4189389	10.8964738	12.1337244
10.1919312	10.6590607	11.8693531
10.2750141	10.7459519	11.9661106
11.0180537	11.5230481	12.8314431
11.8458312	12.3887631	13.7954562
14.4384706	15.1002331	16.8148025
17.4535912	18.2535469	20.3261625
24.530465	25.6547769	28.5677719
37.6887744	39.4161731	43.8917187
58.3274738	61.0008162	67.9272081
60.879105	63.6693956	70.8987938
40.8718631	42.745155	47.5986931
24.8917844	26.0326581	28.98856
19.48003	20.3728656	22.6861213
14.8962431	15.5789869	17.3479169
12.4008806	12.9692544	14.4418606
11.1004137	11.6091831	12.9273569
10.3436244	10.8177069	12.0460144
9.71988263	10.1653774	11.3196137
10.1984158	10.6658428	11.8769044
7.873387	8.23425038	9.16921581
7.94985	8.314218	9.25826344
7.79953981	8.1570185	9.08321437
7.88561369	8.24703725	9.18345494
8.06686119	8.43659219	9.39453281
8.12602506	8.49846762	9.46343369
8.60117963	8.99540019	10.0167912
9.57325475	10.0120295	11.1488538
11.0410788	11.5471294	12.8582575
13.1059512	13.7066419	15.2629738
16.8464144	17.6185406	19.6190531
24.7678113	25.9030006	28.84418
38.8058219	40.5844231	45.1926163
3135.68118979158	3139.80829479158	3150.50125589158
4363.69820280154	4368.19371820154	4379.84118920154
51.9237688	54.3036081	60.4695594
27.3316494	28.5843513	31.8299869
18.3013425	19.1401538	21.3134406
13.7807456	14.4123631	16.0488275
11.3293044	11.8485638	13.19392
9.84059525	10.2916228	11.4601938
8.82768312	9.23228494	10.2805738
8.24604013	8.62398331	9.60320131
8.12267275	8.49496175	9.45952975
7.20659169	7.5368935	8.39267706
7.079405	7.40387744	8.24455744
7.08548787	7.41023912	8.25164131
7.3270005	7.66282125	8.53290313
7.78654681	8.14342994	9.06808319
8.9803735	9.39197375	10.4583934
10.5111144	10.9928718	12.2410688
14.1220806	14.7693413	16.44634
19.4932419	20.38668	22.7015056
36.9123919	38.6042069	42.9875575
2335.67531487594	2338.23430987594	2344.86443807594
52.1266494	54.5157862	60.70583
26.8040969	28.0326169	31.2156063
15.274225	15.9742925	17.7881087
11.5780462	12.1087038	13.4835975
9.422123	9.85396994	10.9728475
8.18239819	8.55742463	9.52908444
7.53064956	7.87580419	8.77006956
7.36139081	7.69878769	8.57295337
7.36324019	7.70072181	8.57510725
7.65684331	8.00778181	8.91703263
8.60470462	8.99908663	10.0208962
10.4360529	10.9143712	12.1536512
14.8122525	15.4911456	17.2501044
23.0354556	24.0912494	26.8267106
26.4826213	27.6964075	30.84122
19.375625	20.2636731	22.5645313
12.6511556	13.231	14.7333263
9.32955875	9.757163	10.86505
8.10750031	8.47909394	9.44186012
8.52709031	8.91791519	9.93050831
8.80101	9.20438913	10.2495089
10.5061449	10.9876756	12.2352819
13.7865819	14.4184662	16.0556244
12.4011525	12.9695387	14.4421775
10.0303075	10.4900299	11.68113
10.2331414	10.7021629	11.9173488
