#?RADIANCE
genskyvec -m 1
NROWS=146
NCOLS=1
NCOMP=3
FORMAT=ascii

17.3221425	18.1160744	20.1730781
26.0736769	27.2687206	30.3649738
28.0366425	29.3216537	32.6510081
29.3104756	30.6538737	34.1344937
29.8280225	31.1951412	34.7372213
28.1384356	29.4281131	32.769555
27.254505	28.5036681	31.7401444
26.3108937	27.5168094	30.6412294
24.029	25.1303288	27.983775
22.1411581	23.1559619	25.7852256
24.6306488	25.7595544	28.684445
22.7903837	23.8349437	26.5413019
25.1494719	26.3021562	29.2886581
26.9059275	28.1391144	31.3341944
29.1021106	30.4359556	33.891835
34.45804	36.0373656	40.1292606
41.4024894	43.3001031	48.2166525
47.7656081	49.9548625	55.6270325
55.9960725	58.5625581	65.2120969
59.8908931	62.63589	69.7479388
56.1772819	58.7520719	65.4231306
48.8299662	51.0680056	56.8665669
40.5362456	42.3941563	47.2078388
33.7135337	35.2587362	39.2622213
29.7466825	31.1100712	34.6424925
26.4737831	27.687165	30.8309275
24.8928819	26.0338056	28.9898356
24.5413531	25.6661644	28.5804519
23.4216681	24.4951594	27.2764856
24.083795	25.187635	28.0475881
24.8197575	25.9573306	28.9046775
16.1186181	16.8573856	18.7714738
15.2810556	15.9814381	17.7960644
17.1819925	17.9695	20.0098625
16.7692881	17.5378813	19.5292356
16.5340825	17.2918956	19.2553187
15.3095481	16.0112344	17.8292444
16.0942763	16.8319313	18.7431256
15.9855675	16.7182394	18.6165269
15.1005063	15.7926131	17.5857981
13.4924244	14.1108275	15.7130538
14.5694394	15.237205	16.9673269
15.71051	16.430575	18.2961994
18.5672162	19.4182131	21.62307
21.8032425	22.8025575	25.3916944
26.1416694	27.3398281	30.4441538
34.7478219	36.34043	40.4667362
45.1543631	47.2239369	52.5860194
58.2671619	60.9377381	67.8569688
64.1963519	67.1386825	74.7620044
57.9157262	60.5701931	67.4476925
45.5205494	47.606905	53.0124756
34.0734375	35.635135	39.6813588
25.2409813	26.3978594	29.3952275
21.3687887	22.3481906	24.8857356
18.4257831	19.2702975	21.45836
16.8759125	17.6493925	19.6534069
15.0144812	15.7026456	17.4856156
14.9092406	15.5925806	17.3630556
14.6167287	15.2866619	17.0224006
15.2678556	15.9676331	17.78069
10.3621138	10.8370429	12.0675456
10.0658346	10.5271843	11.7225038
10.1902807	10.6573342	11.8674306
10.8889544	11.3880318	12.6810956
10.6504471	11.1385911	12.4033325
10.4768688	10.9570566	12.2011869
10.3840497	10.8599857	12.0930931
10.7109241	11.2018428	12.4737656
10.9960256	11.5000094	12.8057887
13.0027112	13.5986663	15.1427387
15.6471906	16.3643531	18.2224588
22.2954931	23.3173694	25.9649625
33.7587075	35.3059806	39.31483
54.0877169	56.5667344	62.9896556
1622.42289805678	1626.09627925678	1635.61368425678
71.8188719	75.1105662	83.6390588
42.0155988	43.9413144	48.9306694
28.7669	30.0853825	33.5014537
18.9546694	19.823425	22.0742919
14.575035	15.2430581	16.973845
12.3324688	12.8977069	14.3621894
11.0868631	11.5950106	12.9115762
10.0797154	10.5417029	11.7386681
10.2466827	10.7163231	11.9331169
8.0555635	8.42477681	9.38137519
8.09122287	8.46207031	9.42290394
7.95395506	8.31851137	9.26304425
8.0514535	8.42047812	9.37658913
8.20246156	8.57840737	9.55245006
8.16996325	8.54441962	9.51460344
8.33587956	8.71794038	9.70782663
8.94776675	9.35787194	10.4204217
9.93978694	10.3953619	11.5757131
11.62139	12.1540356	13.5340775
14.8295375	15.5092256	17.2702344
20.7091531	21.6583213	24.1175369
29.5192956	30.8722625	34.3776819
55.5104475	58.0546756	64.6465463
4669.79342367003	4674.29098207003	4685.94375507003
2758.97163192742	2762.67522932742	2772.27090942742
44.8293175	46.8839931	52.2074781
27.5561181	28.8191044	32.0913969
18.0569063	18.884515	21.0287744
13.3979463	14.0120175	15.6030269
10.9683203	11.4710344	12.7735231
9.47573581	9.910039	11.035285
8.65878613	9.05564656	10.0838784
8.400042	8.78504362	9.7825495
7.35469537	7.6917855	8.56515625
7.16531556	7.4937255	8.34460756
7.08735881	7.41219575	8.25382038
7.22824106	7.55953506	8.41788937
7.478432	7.82119331	8.70925769
8.23170119	8.60898719	9.58650188
9.41849375	9.8501745	10.9686206
12.4740131	13.0457362	14.5270269
16.6673206	17.4312381	19.4104844
27.1603763	28.4052263	31.6305237
38.3416225	40.0989475	44.6520194
52.0544413	54.4402669	60.6217381
37.6044425	39.32798	43.79351
20.3963444	21.3311763	23.7532437
13.8823575	14.5186312	16.1671631
10.3812915	10.8570997	12.0898788
8.63499131	9.0307615	10.0561669
7.776903	8.13334406	9.05685206
7.35648169	7.69365356	8.56723644
7.18429169	7.51357144	8.36670656
7.29440106	7.62872769	8.49493838
7.94365362	8.30773744	9.25104681
9.48402388	9.91870712	11.0449363
13.3720294	13.9849125	15.5728438
19.9169031	20.8297619	23.194895
24.68769	25.8192069	28.7508725
22.7705337	23.8141844	26.5181869
14.7881131	15.4659019	17.2219925
10.0329527	10.4927963	11.6842106
8.28322175	8.66286906	9.64650263
8.41146269	8.79698781	9.79584956
8.40390631	8.78908525	9.78704938
9.93402944	10.38934	11.5690069
13.3017006	13.9113606	15.4909394
12.9536844	13.547395	15.0856469
10.4130778	10.8903429	12.1268962
10.0781149	10.5400268	11.7368056
