#?RADIANCE
genskyvec -m 1
NROWS=146
NCOLS=1
NCOMP=3
FORMAT=ascii

0.750878238	0.785293469	0.874460375
9.18055731	9.60133275	10.6915245
9.19072737	9.6119685	10.7033692
9.36328044	9.79243025	10.9043207
10.0221109	10.4814585	11.6715829
11.7645121	12.3037171	13.7007538
14.5283487	15.1942331	16.9194762
19.2631206	20.1460137	22.43351
30.9421631	32.360345	36.0347319
50.6181594	52.9381544	58.9490675
405.935875196016	409.150586396016	417.479621396016
130.59363467003	133.14311967003	139.74860777003
30.04858	31.4258063	34.9940769
19.2564581	20.1390469	22.4257531
14.3364856	14.9935737	16.6960319
11.3726436	11.8938886	13.2443894
10.4223338	10.9000216	12.1376746
9.17883794	9.59953512	10.6895232
9.34092131	9.7690475	10.8782824
9.11941081	9.53738312	10.6203149
8.88075706	9.28779119	10.3423833
9.19863294	9.6202365	10.7125749
8.70160737	9.10043113	10.1337474
8.7772215	9.17951056	10.2218063
8.83197538	9.23677413	10.285572
8.33911806	8.72132725	9.71159819
8.66302294	9.060078	10.0888127
8.42129444	8.80727019	9.80729894
8.86442575	9.27071169	10.3233623
8.66097288	9.057934	10.0864255
8.96921975	9.380309	10.4454047
8.3250625	8.7066275	9.69523019
8.10552162	8.47702437	9.43955525
8.83924319	9.24437469	10.2940359
9.34452494	9.77281563	10.8824798
10.7797929	11.2738661	12.55397
12.788415	13.3745494	14.893175
17.2893937	18.0818244	20.1349406
26.0561706	27.2504106	30.3445819
42.2321719	44.1678112	49.1828863
132.336325774068	134.307277074068	139.413840174068
37.82899	39.5628163	44.0550125
25.538365	26.7088731	29.7415544
18.2754669	19.1130913	21.2833056
13.1563825	13.7593825	15.3217038
10.6730441	11.1622253	12.4296488
9.2689535	9.69378019	10.7944678
9.208861	9.63093288	10.7244869
8.25219412	8.63041938	9.61036869
8.10086394	8.47215331	9.43413137
7.79776256	8.15515994	9.08114475
7.80751363	8.16535787	9.09249994
7.89875394	8.26078	9.19875825
7.51411637	7.85851325	8.75081544
7.89452819	8.25636044	9.193836
8.01113794	8.37831463	9.32963831
8.08545769	8.45604081	9.41618981
7.82841712	8.18721931	9.11684487
7.97006737	8.33536175	9.28180788
7.90846287	8.27093394	9.21006419
8.13346837	8.50625212	9.47210181
5.929356	6.201118	6.9052295
5.82349569	6.09040575	6.78194631
6.15797037	6.44021037	7.17146994
7.389569	7.72825731	8.60576894
9.06811006	9.48373131	10.5605707
12.5445898	13.1195491	14.6092213
17.6992669	18.5104831	20.6122744
22.8732719	23.9216294	26.6378313
18.4575106	19.3034794	21.4953106
14.0531525	14.6972544	16.3660694
10.3192042	10.7921676	12.0175736
7.98191437	8.34775169	9.295605
6.78785794	7.09896781	7.90502669
6.11165769	6.39177519	7.11753506
5.98711537	6.26152456	6.972495
5.92296144	6.19443019	6.89778231
5.66654675	5.92626331	6.59916631
5.94080556	6.21309231	6.91856363
5.69489881	5.95591475	6.63218444
5.42849488	5.67730094	6.321935
5.67402944	5.93408906	6.60788069
5.74631487	6.00968756	6.69206287
5.53779738	5.79161275	6.44922663
5.81230581	6.07870287	6.76891475
4.31880531	4.51675019	5.02960875
4.49464256	4.70064688	5.234386
4.64584356	4.85877787	5.41047225
5.11077556	5.3450195	5.95192444
6.2361655	6.52198944	7.26253475
7.21068538	7.54117506	8.39744425
8.89560738	9.30332256	10.3596765
10.2914311	10.7631214	11.9852309
9.25550462	9.6797145	10.778807
8.00735856	8.37436194	9.32523719
6.40593756	6.69954287	7.46024837
5.22806088	5.46768006	6.08851269
4.89652019	5.12094381	5.70240588
4.64988119	4.86300056	5.41517431
4.497983	4.70414062	5.23827656
4.28333806	4.4796575	4.98830444
4.21978625	4.41319319	4.91429288
4.21402762	4.40717044	4.90758644
4.28129125	4.47751694	4.9859205
4.24290837	4.43737469	4.9412205
4.27430837	4.47021394	4.97778837
4.33073612	4.52922813	5.04350344
4.26729569	4.46287987	4.96962156
4.41491606	4.61726638	5.14153794
3.39761775	3.55334162	3.956809
3.55932931	3.72246506	4.14513581
3.73152637	3.90255444	4.3456735
4.33586706	4.53459419	5.04947881
5.00963544	5.23924375	5.83413838
5.467191	5.71777037	6.36699956
5.50740019	5.7598225	6.41382663
4.82769719	5.04896663	5.622256
4.22762925	4.42139556	4.92342681
3.8188375	3.99386744	4.44735469
3.45194019	3.610154	4.02007219
3.45311344	3.61138106	4.02143863
3.41361944	3.57007688	3.97544462
3.32136525	3.47359425	3.86800663
3.23749712	3.38588238	3.77033519
3.26130581	3.41078219	3.79806263
3.34649175	3.4998725	3.89726863
3.36310156	3.51724356	3.91661231
2.90493069	3.03807337	3.38303406
2.950315	3.08553763	3.43588775
3.33429106	3.48711275	3.88306012
3.764955	3.9375155	4.38460394
3.61708031	3.78286312	4.21239169
3.29349394	3.44444581	3.83554844
3.07211087	3.21291581	3.57772944
2.89051987	3.02300175	3.36625119
2.82805219	2.95767125	3.29350281
2.76361631	2.89028206	3.21846181
2.81950525	2.9487325	3.28354894
2.76567931	2.89243944	3.22086406
2.56932131	2.68708194	2.99218894
2.669889	2.79225863	3.10930831
2.74335081	2.86908775	3.19486081
2.68657412	2.80970869	3.12873962
2.50375194	2.61850712	2.91582781
2.50908962	2.62408944	2.922044
2.50713513	2.62204556	2.91976806
