#?RADIANCE
genskyvec -m 1
NROWS=146
NCOLS=1
NCOMP=3
FORMAT=ascii

14.5939256	15.2628138	16.9958431
27.3239187	28.5762638	31.8209831
29.5663156	30.9214381	34.43244
31.1614231	32.5896544	36.2900756
32.1286587	33.6012244	37.4165044
30.9694869	32.3889213	36.0665525
30.2258737	31.6112244	35.2005506
29.323975	30.6679894	34.1502156
26.7540044	27.9802294	31.1572687
24.7531	25.8876163	28.8270475
26.5528538	27.7698581	30.9230106
24.3167875	25.4313081	28.3189275
25.9025481	27.08975	30.1656781
27.0113781	28.2494	31.4570025
28.7179131	30.0341506	33.4444056
33.687015	35.2310037	39.23134
40.8036406	42.6738056	47.5192406
48.5312438	50.75559	56.5186794
60.8694325	63.6592781	70.8875288
73.2747	76.63312	85.3344988
72.5013538	75.8243306	84.4338725
65.8185375	68.8352194	76.6511762
52.5926206	55.0031156	61.2484931
42.6257163	44.5793963	49.6412019
35.883825	37.5284981	41.7897075
30.1758313	31.55889	35.1422738
27.5532062	28.8160612	32.0880056
26.2345775	27.436995	30.5523544
24.8098975	25.9470169	28.8931956
25.0833494	26.2330013	29.2116519
25.8960144	27.0829144	30.1580688
17.5060563	18.3084162	20.3872631
16.7680481	17.5365831	19.5277912
18.9860012	19.8561931	22.1107813
18.7852094	19.6461981	21.8769438
18.7464269	19.6056369	21.8317775
17.4878606	18.2893862	20.36607
18.4181444	19.2623087	21.4494644
18.2265431	19.0619262	21.2263306
16.959565	17.7368775	19.7508269
14.7540344	15.4302613	17.182305
15.4930356	16.2031325	18.0429313
16.1789	16.9204331	18.8416794
18.5944412	19.4466862	21.6547775
21.1701131	22.14041	24.6543637
24.8192456	25.9567925	28.9040788
32.6873344	34.1855025	38.0671262
44.0986694	46.1198594	51.3565781
60.9741006	63.7687431	71.0094225
80.393365	84.0780581	93.6247756
83.2078919	87.0215844	96.9025288
67.3371888	70.4234737	78.4197712
48.0928344	50.2970856	56.008115
33.6505456	35.19286	39.1888662
26.8414538	28.0716869	31.2591125
22.1756644	23.1920469	25.8254119
19.6626856	20.5638913	22.8988369
16.9932919	17.7721525	19.7901069
16.4727469	17.2277456	19.1838875
15.9506775	16.6817506	18.5758938
16.5627744	17.3218994	19.2887313
11.4045169	11.9272219	13.2815087
11.1333944	11.643675	12.9657662
11.3723031	11.8935338	13.2439962
12.2820075	12.8449344	14.3034238
12.0658569	12.6188744	14.0516956
11.8158824	12.3574444	13.7605812
11.5160656	12.0438819	13.4114169
11.5361856	12.0649263	13.4348506
11.3985956	11.9210319	13.2746181
12.9049619	13.4964381	15.0289044
14.8799481	15.561945	17.32894
20.1381044	21.0610988	23.4525006
29.2023969	30.54084	34.0086256
46.5693481	48.703775	54.2338894
82.5393019	86.3223562	96.1238912
2428.03702895627	2433.01464995627	2445.91122195627
63.7063181	66.62619	74.1913213
40.6341287	42.4965256	47.3218331
24.4494081	25.5700069	28.4733756
17.7873794	18.6026344	20.7148869
14.4451813	15.1072506	16.8226188
12.6177669	13.1960794	14.69444
11.2224925	11.7368575	13.0695281
11.279569	11.7965494	13.1360006
8.86145212	9.26760144	10.3198997
8.91834369	9.32710094	10.3861547
8.79684981	9.20003825	10.2446657
8.93198006	9.3413625	10.4020361
9.088877	9.50545038	10.5847561
8.97655481	9.38797969	10.4539459
8.93216238	9.34155213	10.4022474
9.31897006	9.74608925	10.8527181
9.92229225	10.377064	11.555335
11.1553344	11.66662	12.9913156
13.494765	14.1132756	15.7157812
17.6468738	18.4556856	20.5512544
23.943675	25.0410944	27.8844069
42.1324738	44.0635431	49.06678
1890.92296560673	1894.34858060673	1903.22403750673
3565.6387649079	3569.93626180789	3581.0707089079
60.120755	62.8762887	70.015635
36.2508181	37.9123131	42.2171006
22.6439569	23.681805	26.3707769
16.0641125	16.8003844	18.7079988
12.7335675	13.31719	14.8293006
10.7158143	11.2069563	12.4794581
9.63724844	10.078955	11.2233794
9.27620181	9.70136106	10.80291
8.00756413	8.37457725	9.32547606
7.78856156	8.14553706	9.07042938
7.66714619	8.01855681	8.92903119
7.77878169	8.135309	9.05904
7.91368338	8.27639363	9.21614438
8.35967756	8.74282925	9.73554194
9.20819644	9.63023869	10.7237121
11.4358219	11.9599631	13.3179688
14.4314837	15.0929262	16.8066656
21.7357688	22.7319906	25.313115
29.9596556	31.3328056	34.8905156
45.1565956	47.2262719	52.5886219
41.382085	43.2787644	48.1928912
23.6824006	24.7678438	27.58013
15.89029	16.6185937	18.5055675
11.6604956	12.1949344	13.5796206
9.56685944	10.0053393	11.141405
8.51390988	8.90413031	9.91515844
7.8559675	8.21603256	9.14892938
7.568166	7.91504	8.81376038
7.58378788	7.93137812	8.83195331
8.022185	8.38986837	9.34250363
9.13672513	9.55549144	10.6404782
12.0348663	12.5864637	14.0156044
16.9369381	17.713215	19.7244781
21.4501112	22.4332431	24.9804456
22.5210925	23.5533062	26.2276875
15.7075675	16.4274981	18.2927713
10.8857433	11.3846744	12.6773575
8.86055069	9.26665919	10.3188512
8.66723563	9.06448363	10.0937189
8.45998775	8.84773687	9.85236019
9.59416788	10.0339008	11.1732088
12.3228113	12.8876062	14.3509406
12.6840856	13.2654388	14.771675
10.6784807	11.1679129	12.4359812
9.94995337	10.4059938	11.5875525
