#?RADIANCE
genskyvec -m 1
NROWS=146
NCOLS=1
NCOMP=3
FORMAT=ascii

18.3670275	19.2088487	21.3899356
28.2617787	29.5571075	32.9131975
26.3955419	27.6053375	30.73981
25.3409212	26.5023787	29.5116162
23.9410625	25.0383606	27.8813637
21.7742256	22.77221	25.3579012
22.274665	23.2955869	25.9407062
23.44665	24.5212862	27.3055787
25.341095	26.5025619	29.5118194
27.3657194	28.6199813	31.8696613
34.9466787	36.5483981	40.6983194
38.0227831	39.7654925	44.2807019
44.4549906	46.49251	51.7715438
46.4996819	48.6309156	54.1527575
44.6149781	46.6598306	51.9578613
40.7600462	42.6282131	47.4684731
35.2416475	36.8568881	41.0418375
32.5262963	34.0170844	37.8795837
27.3837944	28.6388831	31.8907094
23.8791131	24.9735719	27.8092175
23.7843187	24.8744331	27.6988237
21.4593413	22.4428931	24.9911937
22.7369825	23.7790944	26.4791137
22.3594206	23.3842244	26.0394087
25.30852	26.4684937	29.4738819
28.7628831	30.0811813	33.4967744
31.0703744	32.4944306	36.1840406
33.2336806	34.7568888	38.70339
31.4152638	32.8551306	36.5856944
31.343025	32.7795781	36.5015656
29.3684344	30.7144888	34.2019937
15.6757925	16.3942644	18.2557669
13.3928819	14.0067219	15.5971256
14.0600581	14.7044769	16.37411
13.0742656	13.6735031	15.2260731
13.2518787	13.859255	15.4329156
13.527275	14.1472744	15.75364
15.607565	16.3229113	18.1763112
18.1433213	18.9748912	21.1294094
21.2588994	22.2332625	24.7577588
23.9484231	25.0460606	27.8899369
31.2288781	32.6602006	36.3686319
40.2304531	42.0743481	46.8517181
45.4099106	47.4911963	52.8836294
43.8597762	45.8700138	51.0783669
35.7929906	37.4335006	41.6839219
27.1340262	28.3776669	31.599835
23.733375	24.8211544	27.6394956
18.6116919	19.4647275	21.6748669
15.9997856	16.7331094	18.6330838
13.8913275	14.5280119	16.1776081
13.0875794	13.6874275	15.2415806
12.9628562	13.556985	15.0963256
12.2986631	12.8623519	14.3228181
14.2793294	14.9337969	16.6294681
15.4937075	16.203835	18.0437144
16.7011981	17.4666688	19.4499362
16.3216994	17.0697781	19.0079819
17.1115512	17.8958325	19.9278287
16.3365169	17.0852744	19.0252356
16.2169419	16.9602162	18.8859812
9.34374025	9.77199431	10.8815644
8.71848975	9.11808694	10.1534084
8.67365775	9.07120025	10.1011973
9.55652369	9.99453031	11.1293684
10.6018365	11.087754	12.3467225
12.5352725	13.109805	14.5983694
15.4458912	16.1538275	17.9880287
20.8661619	21.8225287	24.3003844
30.1577481	31.5399769	35.1212112
52.8810444	55.3047569	61.584385
1485.28584796248	1488.42150546248	1496.54572486248
40.8364431	42.7081106	47.5574425
24.4635856	25.5848344	28.4898875
17.3065081	18.0997225	20.1548706
13.5376469	14.1581225	15.7657194
11.3954894	11.9177831	13.2709987
9.6468345	10.0889814	11.2345437
9.44106544	9.87378138	10.9949095
9.04234619	9.456787	10.5305656
8.86558738	9.27192644	10.3247161
9.67836937	10.1219611	11.2712681
10.0450301	10.5054277	11.6982754
9.54239831	9.9797565	11.1129185
9.85126462	10.3027801	11.4726191
7.06495412	7.38876431	8.22772819
7.18041125	7.509513	8.36218744
7.39847419	7.73757088	8.61614025
7.97724156	8.342865	9.29016312
9.36031462	9.78932856	10.9008669
10.6170624	11.1036775	12.3644544
13.7220369	14.3509638	15.9804575
19.5039587	20.3978894	22.7139862
34.58262	36.1676563	40.2743456
2333.71037561393	2337.00743691393	2345.54983941393
5590.98729515642	5595.30338635642	5606.48601485642
42.7257113	44.6839719	49.7576544
25.4006112	26.5648056	29.5811312
15.7500794	16.4719581	18.34228
12.0208256	12.5717819	13.9992563
10.0368644	10.4968871	11.6887662
8.59501112	8.98894881	10.0096074
7.77127219	8.12745513	9.0502945
7.36492169	7.70248038	8.57706556
7.18391881	7.51318138	8.36627238
7.24801494	7.58021544	8.44091775
7.38705894	7.72563225	8.60284613
7.25169519	7.58406419	8.44520356
7.33500169	7.67118888	8.54222113
6.33856569	6.62908313	7.38178837
6.7003325	7.00743094	7.80309606
7.38873425	7.72738431	8.60479738
8.69566931	9.09422044	10.1268314
10.6349424	11.1223763	12.3852769
15.7760856	16.4991562	18.3725669
25.2592263	26.41694	29.4164744
47.050365	49.2068381	54.794075
37.660645	39.3867581	43.8589637
20.441415	21.3783106	23.8057312
13.2542369	13.8617237	15.4356656
10.1664584	10.6324214	11.8396869
8.31803181	8.699275	9.68704112
7.0902545	7.41522425	8.25719269
6.54851369	6.84865362	7.62629006
6.28205575	6.56998319	7.31597781
6.24217237	6.52827175	7.26953019
6.24609475	6.53237387	7.27409825
6.45699362	6.752939	7.51970737
7.21821444	7.54904887	8.40621256
8.75700994	9.15837269	10.1982676
11.8373354	12.3798797	13.7855656
15.7601313	16.4824719	18.3539875
18.5142931	19.3628637	21.5614381
14.5855787	15.2540844	16.9861238
10.6821987	11.1717986	12.4403113
8.193154	8.56867344	9.54161131
6.97009306	7.28955544	8.11725469
6.26793463	6.55521475	7.29953244
6.26068131	6.54762919	7.29108544
7.20699806	7.53731875	8.3931505
8.50517013	8.89499	9.90497956
10.5472173	11.0306319	12.283115
11.0072058	11.5117031	12.81881
8.19769069	8.57341788	9.54689438
7.10831538	7.43411281	8.278226
8.45007606	8.83737075	9.84081813
