#?RADIANCE
genskyvec -m 1
NROWS=146
NCOLS=1
NCOMP=3
FORMAT=ascii

10.1444219	10.6093738	11.8140244
27.4339137	28.6913006	31.9490806
28.554615	29.8633669	33.25423
29.4924631	30.8441981	34.3464313
30.3875806	31.7803419	35.3888713
30.3514212	31.7425288	35.3467631
29.8119706	31.1783519	34.7185275
29.6379081	30.9963144	34.5158156
27.8428013	29.1189281	32.4252644
27.1406431	28.3845894	31.6075431
27.5765181	28.8404419	32.1151562
26.60542	27.8248337	30.9842281
27.0327456	28.2717456	31.4818863
27.7371869	29.0084738	32.3022675
29.2115687	30.5504319	34.0193094
33.2940987	34.8200781	38.7737544
41.11183	42.9961225	47.8781538
48.6415812	50.870985	56.6471769
66.4404625	69.4856487	77.37546
91.4842156	95.6772337	106.540998
99.0831637	103.624484	115.390611
100.957879	105.585114	117.573864
77.4588813	81.0090775	90.2073281
61.5092019	64.32837	71.6325925
47.636545	49.8198844	55.4767306
36.3540312	38.0202562	42.3373019
31.9404144	33.4043487	37.1972763
28.6814306	29.995995	33.4019175
27.1261844	28.3694656	31.5907025
26.2027631	27.4037219	30.5153013
26.4896838	27.7037937	30.8494456
19.4001794	20.289355	22.5931263
18.3187569	19.1583675	21.3337213
20.4817419	21.4204881	23.8526956
20.3198369	21.2511625	23.664145
20.4281125	21.3644	23.79024
19.32794	20.2138038	22.5089981
20.6191431	21.5641875	24.0127131
20.7769875	21.7292669	24.1965344
19.6652856	20.5666106	22.9018631
17.0489631	17.8303713	19.8549388
17.79351	18.6090456	20.7220256
18.2056663	19.0400925	21.2020175
20.4915856	21.4307831	23.8641606
22.449715	23.4786606	26.1445656
25.5810494	26.7535125	29.7912656
32.9601575	34.4708306	38.3848506
45.3752863	47.454985	52.8433069
63.2220075	66.11968	73.6273
95.6927119	100.078629	111.442137
121.800719	127.383269	141.847094
113.531887	118.735438	132.217356
79.9969169	83.6634356	93.1630844
52.0487825	54.4343494	60.6151469
38.6218025	40.3919687	44.9783106
30.0459513	31.4230569	34.991015
25.4706931	26.6380975	29.6627444
21.0662375	22.0317725	24.5333881
19.7417681	20.6465981	22.990935
18.5575019	19.4080525	21.6117575
18.8211263	19.6837606	21.9187712
12.2170337	12.7769819	14.2277544
11.7156137	12.2525794	13.6438087
11.8931581	12.4382619	13.8505763
13.0188594	13.6155563	15.1615469
12.9156131	13.5075769	15.0413081
12.8255094	13.4133444	14.9363738
12.5908331	13.1679138	14.6630756
12.5940531	13.17128	14.6668244
12.0172263	12.568015	13.9950619
13.2237637	13.8298519	15.4001756
14.5604275	15.2277819	16.9568338
18.7390169	19.5978887	21.82315
25.5671381	26.7389625	29.7750631
38.182685	39.9327219	44.46692
68.3319481	71.4638262	79.5782525
2565.5703630705	2571.1491890705	2585.6034490705
1807.68304810646	1812.11162190646	1823.58564090646
61.1233638	63.92485	71.183255
33.2660087	34.7907	38.7410425
22.2229256	23.2414769	25.8804506
17.3334875	18.1279388	20.1862925
14.6370575	15.3079225	17.0460744
12.4666937	13.038085	14.5185044
12.3702156	12.9371825	14.4061463
8.76599238	9.16776731	10.2087301
8.79212156	9.1950935	10.2391596
8.57407319	8.96705225	9.9852235
8.76206437	9.16365888	10.2041548
9.01615725	9.42939756	10.5000675
8.89757219	9.305378	10.3619652
8.76543494	9.16718362	10.2080797
9.05431456	9.46930344	10.5445032
9.261323	9.68580075	10.785583
10.0765098	10.538347	11.734935
11.5225788	12.0506975	13.4190031
13.9778063	14.6184569	16.2783213
18.1680063	19.0007056	21.1581581
29.2581819	30.5991806	34.0735931
47.0890731	49.2473194	54.8391512
1498.15545155173	1500.99305345173	1508.34503345173
59.9224837	62.66893	69.7847294
41.0110144	42.8906838	47.7607469
26.1351194	27.3329781	30.4365269
17.8994344	18.7198256	20.8453831
13.7090756	14.3374087	15.9653631
11.2117998	11.7256742	13.057075
9.82411575	10.2743857	11.4410013
9.42111156	9.85291263	10.9716688
7.21967231	7.55057388	8.40791025
7.01261719	7.33402875	8.1667775
6.83329519	7.14648775	7.95794212
7.000061	7.320897	8.15215481
7.07539319	7.39968188	8.23988544
7.21431131	7.54496694	8.40166719
7.70934231	8.06268712	8.97817231
9.02262019	9.43615656	10.507594
10.7375315	11.2296688	12.5047519
14.9958912	15.6832025	17.4639669
19.3490356	20.2358669	22.533565
29.2894919	30.6319262	34.1100562
32.1252575	33.597665	37.4125431
21.6327012	22.6242	25.1930863
14.7916244	15.4695725	17.22608
10.7849857	11.2792966	12.5600144
8.83754031	9.24259375	10.2920526
7.75382313	8.1092065	9.0299735
6.50980119	6.80816688	7.58120631
6.13067056	6.4116595	7.13967719
6.16269094	6.44514744	7.17696769
6.42396106	6.71839238	7.48123831
6.92391031	7.24125619	8.06347131
8.50982912	8.89986269	9.91040606
11.3295522	11.848824	13.1942094
14.1452844	14.7936094	16.4733619
16.2282244	16.9720181	18.8991213
12.4484188	13.0189706	14.4972213
9.08628869	9.50274394	10.5817417
7.23681769	7.56850494	8.42787775
6.5345395	6.83403913	7.61001631
6.24756044	6.53390681	7.27580506
6.823537	7.13628225	7.94657781
8.42268744	8.80872738	9.80892162
8.93642506	9.34601069	10.4072119
7.94281481	8.3068605	9.2500705
7.06865125	7.39263081	8.23203394
