#?RADIANCE
genskyvec -m 1
NROWS=146
NCOLS=1
NCOMP=3
FORMAT=ascii

11.446435	11.9710638	13.3303281
28.4297169	29.7327456	33.108775
29.5648525	30.9199069	34.4307356
30.4951612	31.8928556	35.5141594
31.3207569	32.7562906	36.4756356
31.0801963	32.5047037	36.19548
30.4800644	31.8770644	35.4965756
30.2721031	31.6595737	35.2543888
28.4282094	29.7311687	33.10702
27.65774	28.9253862	32.2097444
28.4520875	29.7561419	33.1348287
27.443795	28.7016369	31.9605875
28.1842225	29.4759981	32.8228762
29.1057638	30.4397775	33.8960894
30.7847931	32.19576	35.8514563
35.2862962	36.9035819	41.0938337
43.58914	45.5869769	50.76319
51.4301725	53.7873881	59.8947262
69.1958475	72.3673225	80.5843344
91.7145331	95.9181094	106.809211
95.9800631	100.379153	111.776797
94.5740969	98.9087281	110.139424
72.9701656	76.3146294	84.9798425
58.461655	61.1411444	68.08347
46.3270269	48.4503475	53.9516863
36.2440544	37.9052388	42.2092231
32.3402844	33.8225475	37.66296
29.4406925	30.7900562	34.2861413
27.955145	29.23642	32.5560963
27.1648819	28.4099381	31.63577
27.4636881	28.72244	31.9837544
19.753695	20.6590712	23.004825
18.5799994	19.4315825	21.6379581
20.7700337	21.7219925	24.1884369
20.5227125	21.4633356	23.9004094
20.570595	21.5134131	23.9561744
19.4099719	20.299595	22.6045313
20.7282394	21.6782819	24.1397638
20.9149306	21.8735312	24.3571813
19.8488075	20.7585431	23.1155906
17.2539925	18.0448	20.0937119
18.1357788	18.9670031	21.1206269
18.6930525	19.5498144	21.7696175
21.2280356	22.2009869	24.7218169
23.4574794	24.5326125	27.3181913
26.932095	28.1664838	31.3646713
34.9767588	36.5798569	40.7333519
48.1512481	50.3581781	56.0761437
66.7475781	69.80684	77.7331187
97.4375425	101.903433	113.474154
115.93605	121.249775	135.017206
102.741567	107.450547	119.651118
73.0380188	76.3855925	85.0588619
48.5263312	50.7504531	56.51296
36.9083125	38.5999425	42.9828075
29.2845463	30.626755	34.1042963
25.2013662	26.3564281	29.3490931
21.0906163	22.0572663	24.5617819
19.9555312	20.8701588	23.23988
18.83905	19.7025062	21.9396444
19.1563325	20.0343319	22.3091475
12.2982562	12.8619256	14.3223437
11.7674431	12.3067825	13.7041688
11.916235	12.4623963	13.8774488
13.0241956	13.6211375	15.16776
12.8999012	13.4911456	15.0230112
12.81679	13.4042275	14.9262219
12.6202981	13.1987306	14.6973906
12.6992912	13.2813412	14.7893856
12.1996631	12.7588144	14.2075244
13.57735	14.1996444	15.8119562
15.1123094	15.8049563	17.5995444
19.7663506	20.6723062	23.0195631
27.4104587	28.66677	31.921765
41.5364381	43.4401931	48.3726494
74.3963256	77.80615	86.6407281
3071.19141614963	3076.95004414963	3091.87012514963
1542.35558698753	1546.38672268753	1556.83108988753
56.3134125	58.8944437	65.5816663
31.5126619	32.9569931	36.6991238
21.46218	22.4458631	24.9944981
17.0169969	17.7969425	19.8177137
14.5425837	15.2091169	16.9360512
12.4814956	13.0535631	14.5357419
12.4471069	13.0175988	14.4956937
8.75824925	9.15966869	10.1997122
8.78155094	9.18403856	10.2268484
8.54611337	8.93780956	9.95266256
8.72661931	9.12658919	10.1628754
8.9792515	9.3908	10.4570872
8.869268	9.27577562	10.3290017
8.773495	9.1756135	10.2174659
9.11766225	9.53555537	10.6182787
9.40972719	9.84100587	10.9584118
10.3399796	10.8138954	12.0417675
11.9842662	12.5335431	13.9566769
14.7785069	15.4558544	17.2108031
19.5074162	20.4015063	22.7180131
32.1670381	33.6413594	37.4611988
52.7598969	55.1780575	61.4432988
1896.42455639941	1899.58524639941	1907.77431319941
60.5081194	63.2814063	70.4667506
39.78578	41.6092931	46.3338581
25.2089881	26.3644006	29.35797
17.3929731	18.19015	20.2555681
13.4468813	14.0631963	15.6600131
11.1020266	11.6108686	12.9292356
9.77882637	10.227022	11.3882584
9.41045575	9.841768	10.9592605
7.18085463	7.50997694	8.36270406
6.97534125	7.29504412	8.12336669
6.79434419	7.10575137	7.91258031
6.96636819	7.28566	8.11291694
7.06093544	7.3845615	8.22304819
7.25573175	7.58828587	8.44990444
7.8225025	8.1810335	9.1099565
9.30472944	9.73119637	10.8361327
11.2374925	11.7525431	13.0869963
16.0483812	16.7839306	18.6896787
20.95747	21.9180206	24.4067213
31.875765	33.3367375	37.1219875
33.655835	35.1983931	39.1950262
21.6074725	22.597815	25.1637037
14.613045	15.2828094	17.01811
10.6511574	11.1393353	12.4041612
8.75312537	9.15430994	10.1937442
7.70424162	8.05735263	8.97223194
6.47012787	6.76667531	7.5350035
6.09956025	6.37912331	7.10344663
6.14540456	6.42706887	7.15683612
6.44510306	6.7405035	7.50586
7.01957169	7.34130169	8.17487656
8.78515963	9.18781219	10.2310506
11.9151166	12.4612257	13.8761456
14.9394762	15.6242037	17.3982675
16.8251694	17.5963219	19.5943131
12.5477121	13.1228169	14.6128594
9.03123337	9.44516506	10.5176241
7.19380013	7.52351594	8.37778025
6.5274865	6.82666262	7.60180244
6.26196069	6.548967	7.29257537
6.90836831	7.22500163	8.04537081
8.64768012	9.04403138	10.0709443
9.09202825	9.50874506	10.5884252
7.97501294	8.340534	9.28756744
7.13229312	7.45918969	8.30615006
