#?RADIANCE
genskyvec -m 1
NROWS=146
NCOLS=1
NCOMP=3
FORMAT=ascii

15.1793506	15.8750706	17.6776206
28.2762725	29.5722681	32.9300775
30.5101294	31.90851	35.53159
32.0733506	33.5433787	37.3520906
32.9849219	34.4967294	38.4136919
31.7399756	33.1947244	36.9638487
30.9097631	32.3264619	35.9969994
29.9764506	31.3503706	34.9100756
27.3674025	28.6217387	31.8716213
25.3825881	26.5459563	29.5601425
27.2472781	28.4961106	31.7317269
25.1040319	26.2546319	29.2357381
26.82509	28.0545719	31.2400556
28.1114869	29.3999288	32.7381694
30.0176081	31.3934144	34.9580081
35.2458381	36.8612706	41.0467175
42.7815462	44.7423663	49.82268
50.5003563	52.8149544	58.8118756
62.897855	65.7806706	73.2497987
74.1132425	77.5100969	86.3110525
72.2920581	75.6054412	84.1901287
65.1435706	68.1293169	75.8651212
52.2588113	54.6540063	60.859745
42.6282112	44.5820031	49.644105
36.1761331	37.8342031	42.1301244
30.6663331	32.0718737	35.7135031
28.1891531	29.4811556	32.8286188
26.9695706	28.2056744	31.4083131
25.6287525	26.8034044	29.8468219
25.956635	27.146315	30.2286669
26.8165406	28.04563	31.2300956
18.1805994	19.013875	21.1728225
17.3917563	18.1888775	20.2541519
19.6431544	20.5434644	22.8760912
19.3930831	20.2819312	22.5848619
19.3086037	20.1935813	22.4864788
17.9971069	18.8219738	20.9591312
18.9346669	19.802505	22.0509975
18.7463612	19.6055681	21.8316981
17.49512	18.2969769	20.3745244
15.3078238	16.0094337	17.8272387
16.1460025	16.8860269	18.8033662
16.9551162	17.732225	19.7456469
19.5719975	20.4690469	22.7932219
22.4062363	23.43319	26.0939319
26.390475	27.6000369	30.7339075
34.8684894	36.4666281	40.6072631
46.7957513	48.9405537	54.4975531
64.194345	67.1365844	74.7596662
82.01709	85.7762037	95.5157406
82.418535	86.1960525	95.9832637
66.0611794	69.08898	76.9337513
47.5486781	49.7279913	55.3744006
33.6539381	35.1964106	39.1928169
27.1278338	28.3711906	31.5926219
22.5988381	23.6346175	26.3182306
20.1591763	21.08314	23.4770437
17.528325	18.3317069	20.4131988
17.0628431	17.8448912	19.871105
16.5634687	17.3226275	19.2895388
17.213205	18.0021438	20.0462138
11.8557287	12.399115	13.8069844
11.56391	12.0939244	13.4671388
11.7897075	12.3300675	13.7300975
12.7007525	13.2828712	14.7910856
12.4658981	13.0372519	14.5175787
12.2154006	12.7752744	14.2258544
11.938685	12.4858744	13.9035938
12.0183887	12.56923	13.9964144
11.9551769	12.5031213	13.9227988
13.6336719	14.2585475	15.8775456
15.8359094	16.5617213	18.4422363
21.6317937	22.6232494	25.1920269
31.6602525	33.111345	36.8710025
50.7559938	53.0823119	59.1095875
88.1871987	92.2291131	102.701342
2181.17587711385	2186.10455811385	2198.87432411385
62.4502606	65.3125625	72.7285356
40.3219281	42.1700156	46.9582481
24.6787106	25.8098162	28.7404162
18.1455456	18.9772156	21.1320006
14.8458238	15.5262575	17.2891988
13.0385081	13.636105	15.18443
11.6473294	12.1811637	13.5642856
11.7277206	12.2652425	13.6579081
9.224725	9.6475255	10.7429625
9.27843706	9.70369825	10.8055147
9.14448888	9.56361137	10.6495204
9.27726594	9.70247375	10.8041499
9.43815781	9.87074019	10.9915213
9.333664	9.76145669	10.86983
9.32557344	9.75299425	10.8604069
9.77443938	10.2224338	11.3831494
10.481781	10.962195	12.2069069
11.8613694	12.4050144	13.8135519
14.4790475	15.1426719	16.8620588
19.1535062	20.031375	22.3058544
26.2280219	27.4301381	30.5447175
46.7901931	48.9347419	54.4910813
2136.32185474674	2140.16196164674	2150.11135034674
3772.62594711534	3777.22187011534	3789.12950311534
60.9319569	63.7246681	70.9603438
36.6598762	38.3401187	42.6934831
23.0427275	24.0988525	26.8351775
16.4666956	17.2214194	19.1768413
13.1260588	13.7276694	15.2863888
11.099035	11.6077419	12.9257537
10.0119112	10.4707909	11.6597056
9.65002331	10.0923166	11.2382556
8.35472956	8.73765431	9.72977931
8.12647794	8.49894137	9.46396156
8.00401456	8.37086506	9.32134237
8.12431156	8.49667544	9.46143806
8.28630481	8.66609337	9.65009306
8.81209056	9.21597769	10.2624139
9.76706731	10.214724	11.3745644
12.2605481	12.8224888	14.2784294
15.6260431	16.3422362	18.1978306
23.8745212	24.96877	27.8038706
33.12169	34.6397644	38.5729688
49.4597075	51.7266112	57.5999562
43.580395	45.5778288	50.7530056
24.5283156	25.65253	28.5652681
16.4593531	17.2137413	19.1682894
12.1054581	12.6602919	14.0978138
9.95220862	10.408351	11.5901775
8.87527575	9.28205869	10.3359996
8.22495956	8.60193662	9.57865131
7.93989406	8.30380562	9.24666875
7.97031319	8.335619	9.28209425
8.469141	8.85730969	9.86302075
9.72182931	10.1674125	11.3218825
12.9571756	13.5510469	15.0897125
18.4332013	19.278055	21.4669994
23.3243187	24.3933513	27.1631156
24.0194706	25.1203619	27.9726762
16.5062988	17.2628362	19.2229631
11.37492	11.8962706	13.2470419
9.27698481	9.70217956	10.8038225
9.13174788	9.55028588	10.6346814
8.94474612	9.35471337	10.416902
10.2141037	10.6822499	11.8951763
13.2220387	13.82805	15.3981675
13.4988744	14.1175725	15.7205662
11.2691446	11.785645	13.1238569
10.5613821	11.045445	12.2996094
