#?RADIANCE
genskyvec -m 1
NROWS=146
NCOLS=1
NCOMP=3
FORMAT=ascii

0.626020787	0.654713388	0.729053387
8.53542312	8.92662956	9.94021031
8.54995794	8.94183075	9.95713994
8.713572	9.112944	10.1476816
9.33477969	9.76262369	10.8711284
10.9776946	11.4808366	12.7844406
13.5967481	14.2199325	15.8345481
18.0960281	18.9254269	21.0743319
29.1398844	30.4754606	33.9358262
91.134921515962	93.315013415962	98.963439615962
336.52421337643	339.52113457643	347.28589647643
49.5512575	51.8223556	57.7065706
26.9770906	28.2135394	31.4170712
17.3899538	18.1869913	20.25205
13.0404548	13.6381412	15.1866975
10.4268988	10.9047976	12.1429921
9.61388656	10.0545234	11.1961734
8.49085719	8.88002125	9.88831156
8.66150356	9.058489	10.0870439
8.46189313	8.84972963	9.85458094
8.23459812	8.612017	9.58987562
8.52619888	8.91698262	9.92946969
8.05357531	8.42269694	9.37905912
8.11932162	8.49145669	9.45562675
8.16482319	8.53904394	9.50861769
7.70397037	8.05706881	8.971916
8.0097935	8.37690881	9.32807288
7.79040156	8.14746138	9.072572
8.21508281	8.59160712	9.567149
8.03333419	8.40152831	9.355488
8.33190575	8.7137845	9.70319938
7.742911	8.09779394	9.01726581
7.53966906	7.885237	8.78057331
8.225344	8.60233875	9.57909937
8.69485556	9.09336975	10.1258843
10.0276184	10.4872173	11.6779974
11.8841904	12.4288825	13.8401294
16.0764606	16.8132988	18.7223794
24.15937	25.266675	28.1356019
38.54455	40.3111756	44.8883431
84.22370373487	85.95375563487	90.43616933487
33.0321013	34.5460706	38.4686369
22.5594075	23.5933775	26.2723088
16.3561675	17.1058237	19.04812
11.9129403	12.4589482	13.8736112
9.75160837	10.1985567	11.3565619
8.53613531	8.92737444	9.94104206
8.51886719	8.909315	9.92093175
7.65075025	8.00140937	8.90993656
7.51737106	7.86191688	8.75460581
7.23438969	7.56596531	8.42504988
7.23924463	7.57104325	8.43070413
7.31788725	7.65329006	8.52228988
6.95494125	7.27370919	8.09960906
7.30427075	7.63904956	8.50643256
7.41237544	7.75210919	8.6323295
7.48394462	7.82695856	8.71567762
7.25167194	7.58403994	8.44517656
7.39119825	7.72996119	8.60766675
7.34198844	7.67849619	8.55035794
7.55874087	7.90518288	8.80278406
5.50022181	5.75231512	6.405467
5.39937719	5.6468485	6.28802506
5.705116	5.96660044	6.64408344
6.8398905	7.15338531	7.965623
8.364537	8.74791106	9.74120131
11.4903119	12.0169522	13.3814256
15.9842188	16.7168275	18.614955
20.20235	21.1282894	23.5273212
16.1960856	16.9384056	18.8616906
12.437699	13.0077607	14.4847369
9.24737056	9.67120725	10.7693336
7.260733	7.5935165	8.45572906
6.23269263	6.51835744	7.25849031
5.63960531	5.898087	6.5677905
5.54010513	5.79402631	6.45191431
5.48425387	5.73561544	6.38687094
5.24287194	5.48317006	6.10576162
5.49515662	5.74701788	6.39956806
5.26268737	5.50389388	6.12883844
5.01430744	5.24412981	5.83957919
5.24456025	5.48493581	6.10772781
5.31585631	5.55949944	6.19075806
5.12713925	5.36213281	5.97098106
5.3879365	5.6348835	6.27470125
3.98951275	4.17236531	4.64612025
4.15098744	4.341241	4.83417125
4.28210219	4.478365	4.986865
4.70163994	4.91713169	5.47545181
5.70798919	5.96960531	6.64742944
6.56010194	6.86077313	7.63978581
7.98837394	8.35450781	9.30312813
9.14775812	9.56703063	10.6533264
8.19506725	8.57067519	9.54383912
7.12440856	7.45094381	8.29696787
5.75831906	6.02224175	6.70604269
4.74653625	4.96408556	5.52773706
4.47521994	4.68033394	5.21176675
4.2756255	4.47159144	4.97932225
4.14690388	4.33697031	4.82941544
3.95057275	4.13164069	4.60077169
3.89217356	4.07056475	4.53276056
3.88593681	4.06404212	4.52549744
3.94737356	4.12829481	4.59704581
3.9114065	4.09067919	4.55515913
3.94167525	4.12233525	4.59040938
3.99676875	4.17995394	4.65457056
3.93996488	4.12054637	4.58841769
4.07988331	4.266878	4.75136431
3.12439137	3.2675925	3.63861425
3.26959756	3.41945406	3.80771913
3.41684156	3.57344663	3.97919687
3.95120944	4.13230625	4.60151281
4.53160087	4.73929894	5.27742687
4.89833406	5.12284087	5.70451862
4.9202195	5.14572944	5.73000594
4.33664431	4.535407	5.05038394
3.82504956	4.00036406	4.45458913
3.48320044	3.64284706	4.05647744
3.16003512	3.30486988	3.68012438
3.17110088	3.316443	3.6930115
3.13801831	3.281844	3.654484
3.05236069	3.1922605	3.55472863
2.97412375	3.11043781	3.46361506
2.99703969	3.13440381	3.49030256
3.07766619	3.21872569	3.58419881
3.0937535	3.23555031	3.60293388
2.65970413	2.78160713	3.09744725
2.69270775	2.8161235	3.13588281
3.02877888	3.16759756	3.52726544
3.39701888	3.55271544	3.95611175
3.25801494	3.4073405	3.79423006
2.97917606	3.11572162	3.46949906
2.795346	2.92346594	3.25541356
2.63954881	2.760528	3.07397469
2.58860075	2.70724487	3.01464138
2.53018556	2.64615256	2.94661231
2.58353713	2.701949	3.00874444
2.53232944	2.6483945	2.94910881
2.34175513	2.44908563	2.72716913
2.4251145	2.53626562	2.82424837
2.48599362	2.599935	2.895147
2.43992287	2.5517525	2.84149344
2.28137169	2.38593444	2.65684787
2.28931619	2.39424294	2.66609937
2.27930344	2.38377144	2.65443888
