#?RADIANCE
genskyvec -m 1
NROWS=146
NCOLS=1
NCOMP=3
FORMAT=ascii

17.6139594	18.4212644	20.5129225
28.7966475	30.1164931	33.5360969
26.7075706	27.9316694	31.1031925
25.6051406	26.7787075	29.8193206
24.2558738	25.3676006	28.2479881
22.2803469	23.3015294	25.9473219
23.0854037	24.143485	26.8848794
24.5333725	25.6578188	28.57116
26.8312769	28.0610425	31.2472606
29.2837944	30.6259663	34.1034206
37.6226931	39.3470662	43.8147638
41.4564825	43.3565688	48.2795319
48.3497069	50.5657338	56.3072662
49.774235	52.0555537	57.9662488
46.6156	48.7521444	54.2877538
41.6905412	43.6013563	48.5521131
35.55624	37.1859006	41.4082056
32.7021306	34.2009775	38.08436
27.413145	28.6695781	31.9248925
23.9773319	25.0762925	27.9236025
24.0849638	25.1888594	28.0489494
21.97507	22.9822587	25.5918019
23.5529081	24.6324169	27.429325
23.3767375	24.4481719	27.2241612
26.6759812	27.8986294	31.066405
30.3392137	31.72976	35.3325462
32.7132819	34.2126406	38.0973444
34.8098569	36.4053069	40.5389787
32.6769562	34.1746494	38.0550431
32.3738544	33.8576569	37.7020563
30.097095	31.4765456	35.0505787
15.9974644	16.73068	18.6303806
13.6348775	14.2598075	15.8789512
14.2974406	14.9527406	16.6505619
13.367955	13.9806538	15.5681006
13.6982556	14.3260919	15.9527594
14.1432781	14.7915125	16.4710281
16.4490387	17.2029537	19.1562787
19.3064613	20.1913431	22.483985
22.9159863	23.9663	26.6875725
26.4112613	27.6217762	30.7581163
35.3082762	36.9265713	41.1194337
46.0954012	48.2081081	53.68194
50.1399094	52.4379863	58.3921031
45.5376125	47.6247506	53.0323456
35.7743988	37.4140569	41.6622694
26.7844225	28.0120394	31.1926919
23.5077119	24.5851487	27.3766912
18.4116025	19.2554675	21.4418475
15.8871619	16.6153238	18.5019256
13.870905	14.5066544	16.1538275
13.2147206	13.8203944	15.3896431
13.287095	13.8960856	15.4739312
12.7573013	13.3420125	14.8569425
14.97487	15.6612187	17.4394862
16.3082888	17.05575	18.9923625
17.5688644	18.3741037	20.4604075
17.0934106	17.8768588	19.9067031
17.8097806	18.6260619	20.7409744
16.8876594	17.661675	19.6670869
16.6531706	17.4164419	19.3940056
9.58746106	10.0268855	11.1653981
8.94439619	9.35434738	10.4164949
8.92787319	9.33706669	10.3972524
9.91145206	10.3657269	11.5427125
11.1156612	11.6251288	12.9451144
13.2935475	13.9028356	15.481445
16.6406969	17.403395	19.3794794
23.2103306	24.2741369	27.030365
35.1937381	36.806785	40.9860438
63.3620944	66.2661919	73.7904431
1751.32581444058	1754.70834134058	1763.47218574058
39.1721925	40.9675837	45.6192863
23.4690706	24.5447356	27.3316906
16.8341088	17.6056731	19.6047244
13.3221125	13.9327087	15.5147112
11.294525	11.8121913	13.1534175
9.67416281	10.1175616	11.2663694
9.60684506	10.0471592	11.1879717
9.34133112	9.76947588	10.8787595
9.22318894	9.64591869	10.7411722
10.117718	10.5814458	11.7829263
10.4855404	10.9661278	12.2112869
9.9017405	10.3555694	11.5314025
10.1646914	10.6305731	11.8376307
7.27482925	7.60825881	8.47214538
7.39713625	7.73617144	8.61458206
7.65529375	8.00616106	8.915228
8.29580181	8.676026	9.6611535
9.8203825	10.2704824	11.4366538
11.2169819	11.7310925	13.0631094
14.7548925	15.43116	17.1833025
21.5981362	22.5880538	25.1528325
39.9622488	41.7938506	46.5393719
3321.18962093293	3325.09435783293	3335.21119533293
4009.39187794251	4013.27189604251	4023.32467544251
37.6067569	39.3304006	43.7962062
23.3203563	24.3892056	27.1585
15.1306131	15.8241019	17.6208638
11.7686663	12.3080612	13.7055906
9.90348744	10.3573971	11.5334375
8.55419794	8.94626488	9.96207681
7.81478412	8.17296144	9.10096794
7.50720838	7.85128838	8.74277031
7.39334106	7.73220225	8.61016219
7.50316062	7.84705531	8.73805631
7.65835456	8.00936238	8.9187925
7.50065056	7.84443025	8.73513312
7.57004619	7.91700669	8.81595025
6.5187135	6.81748769	7.59158525
6.91101781	7.22777263	8.04845644
7.65675231	8.00768656	8.91692675
9.07790056	9.49397094	10.5719716
11.1989919	11.7122763	13.0421575
16.8476756	17.61986	19.6205238
26.943405	28.17831	31.3778419
44.6242719	46.66955	51.9686844
33.49666	35.0319225	39.0096537
18.8964694	19.7625575	22.0065144
12.7701069	13.3554019	14.8718537
9.98827831	10.4460741	11.6321837
8.257297	8.63575625	9.61631094
7.11894713	7.44523206	8.29060769
6.63445012	6.93852881	7.72637031
6.4194255	6.71364881	7.47595606
6.41080569	6.70463425	7.465918
6.41914594	6.71335663	7.475631
6.62067006	6.92411719	7.71032244
7.42530837	7.76563469	8.64739081
9.06652319	9.4820715	10.5587224
12.3152211	12.8796694	14.3421012
16.0682813	16.8047444	18.7128556
17.9192675	18.7405656	20.8684806
14.0153537	14.6577231	16.3220469
10.4719024	10.9518653	12.195405
8.14810562	8.52156037	9.48914938
7.00303413	7.32400644	8.15561725
6.36675762	6.65856706	7.41462031
6.38636394	6.67907212	7.43745362
7.3397815	7.67618775	8.54778731
8.67645881	9.07412894	10.1044601
10.6475549	11.1355673	12.3999656
10.9223269	11.4229336	12.7199606
8.21825269	8.59492231	9.57084131
7.1824115	7.51160525	8.36451725
8.53735038	8.92864519	9.94245594
