#?RADIANCE
genskyvec -m 1
NROWS=146
NCOLS=1
NCOMP=3
FORMAT=ascii

18.8335169	19.69672	21.9332
30.3802375	31.7726631	35.38032
33.6438613	35.18587	39.1810825
35.519745	37.1477325	41.365705
36.0096387	37.6600806	41.9362275
32.962055	34.472815	38.3870619
31.2166563	32.6474188	36.3543994
29.1984863	30.5367488	34.0040719
25.6195156	26.7937444	29.8360631
22.5581787	23.5920931	26.2708775
25.4804719	26.648325	29.6741325
22.9668869	24.0195344	26.7468544
26.0259775	27.218835	30.3094213
28.1018294	29.3898275	32.7269225
30.1925175	31.5763406	35.1617038
35.2646131	36.8809075	41.0685831
39.9479406	41.7788869	46.5227088
45.2303913	47.30345	52.6745631
48.6866144	50.9180838	56.6996244
49.2431669	51.500145	57.3477744
46.9618656	49.1142825	54.6910081
40.6028	42.4637594	47.2853469
36.0960244	37.7504256	42.0368306
30.7524269	32.1619125	35.8137669
28.2413694	29.535765	32.8894294
26.0968456	27.2929506	30.3919538
24.8721919	26.0121675	28.9657425
25.4577881	26.6246019	29.6477169
24.7324706	25.8660431	28.8030244
26.5111575	27.7262513	30.8744531
28.2808294	29.5770331	32.9353863
17.1523437	17.9384925	19.975335
16.3158481	17.0636556	19.0011656
18.7487256	19.6080394	21.8344538
18.1104206	18.9404794	21.0910944
17.5495031	18.3538544	20.4378594
15.7672613	16.4899256	18.3622888
16.36847	17.1186912	19.0624488
15.8747812	16.6023744	18.4875069
14.6225319	15.2927306	17.0291588
12.9900687	13.5854469	15.1280194
14.2088338	14.8600719	16.5473719
15.5548994	16.2678313	18.1149769
18.5109637	19.3593825	21.5575612
21.4245656	22.4065262	24.9506944
24.8115494	25.9487437	28.8951175
31.2308644	32.6622794	36.3709488
38.9496031	40.7347925	45.36006
47.7220569	49.909315	55.5763137
48.4298737	50.6495738	56.4006262
41.4812981	43.3825231	48.3084313
32.9832806	34.4950119	38.4117794
26.4604031	27.6731706	30.8153463
20.9427494	21.9026256	24.38958
18.9203369	19.7875169	22.0343087
16.8010781	17.5711294	19.5662594
15.6572012	16.3748231	18.2341175
14.1684269	14.8178119	16.5003125
14.4919487	15.1561619	16.8770825
14.6169156	15.2868569	17.0226169
15.7622888	16.484725	18.3564994
10.3095545	10.7820761	12.0063363
10.0508873	10.5115519	11.7050975
10.2189594	10.6873274	11.90083
10.9405248	11.4419669	12.7411537
10.4984036	10.9795781	12.2262644
10.1372127	10.6018346	11.8056269
9.96634013	10.4231299	11.6066331
10.3609247	10.8358014	12.0661625
10.8475519	11.3447319	12.6328781
12.9726544	13.5672344	15.1077369
15.4087988	16.115035	17.9448306
20.9785438	21.9400606	24.4312631
31.2498669	32.6821538	36.3930769
52.1833731	54.5751106	60.7718894
71.358395	74.6289875	83.1028063
52.8201181	55.2410381	61.5134319
29.406005	30.7537806	34.2457456
21.5546919	22.542615	25.1022362
15.8130681	16.5378325	18.4156381
12.8993644	13.4905856	15.0223869
11.3054544	11.8236206	13.1661444
10.325507	10.7987588	12.0249131
9.55359663	9.991469	11.12596
9.94417994	10.3999536	11.5808262
7.73333013	8.08777419	9.00610775
7.8253435	8.18400444	9.11326481
7.69427912	8.04693344	8.96062969
7.78255763	8.13925825	9.0634375
7.90691969	8.26931994	9.20826731
7.86218662	8.22253675	9.15617206
8.10132306	8.47263362	9.4346665
8.826527	9.231076	10.2792274
9.95641331	10.4127485	11.5950731
11.6106731	12.1428281	13.5215969
14.4235331	15.0846112	16.7974063
19.7311525	20.6354969	22.9785738
28.89225	30.2164788	33.647435
1186.24786789007	1189.21863909007	1196.91564789007
7028.66471237817	7033.96436737817	7047.69532337817
1292.68745010435	1295.87169130435	1304.12178880435
33.2009131	34.7226213	38.6652325
20.4790694	21.4176919	23.8495825
14.6434975	15.3146588	17.053575
11.7458631	12.2842138	13.6790363
10.0393192	10.4994556	11.6916238
8.85330556	9.25908169	10.3104127
8.17111469	8.54562381	9.51594438
7.99149937	8.35777625	9.30676737
7.05272644	7.37597638	8.213488
6.89568312	7.21173513	8.03059819
6.84842781	7.16231394	7.97556525
7.01223606	7.33362975	8.16633381
7.32767231	7.66352375	8.53368531
8.226088	8.60311706	9.57996562
9.44649363	9.87945806	11.00123
12.2173519	12.7773144	14.2281238
15.9388725	16.669405	18.5621475
27.0701263	28.3108394	31.5254194
41.4135844	43.3117056	48.2295738
53.0662519	55.4984556	61.80008
30.3011675	31.6899719	35.2882381
16.1923387	16.9344869	18.8573294
11.8899875	12.434945	13.8468825
9.50979494	9.94565962	11.0749469
8.15353437	8.52723775	9.49547094
7.42010856	7.7601965	8.64133506
7.13448056	7.4614775	8.30869762
7.03744819	7.35999769	8.19569538
7.2060075	7.53628256	8.39199663
7.93392469	8.29756281	9.23971725
9.41077931	9.84210519	10.9596369
12.7718031	13.3571763	14.8738294
18.8402275	19.7037356	21.9410144
22.9500063	24.0018787	26.7271956
19.2430106	20.1249819	22.4100913
12.6782144	13.2592963	14.7648369
9.27359131	9.69863038	10.7998706
7.93409144	8.297737	9.23991125
8.15399656	8.52772131	9.49600944
8.25411306	8.63242613	9.61260281
9.63442656	10.0760041	11.2200931
12.388715	12.95653	14.4276925
11.7339288	12.2717344	13.6651394
9.68852531	10.1325824	11.2830962
9.60079194	10.0408291	11.1809225
