#?RADIANCE
genskyvec -m 1
NROWS=146
NCOLS=1
NCOMP=3
FORMAT=ascii

4.23133469	4.42527081	4.92774219
16.3816731	17.1325006	19.0778256
16.1233387	16.862325	18.7769713
16.1323856	16.8717869	18.7875088
16.310525	17.05809	18.9949656
16.5098381	17.2665387	19.2270831
16.3040875	17.0513581	18.9874687
16.4209819	17.1736094	19.1236019
16.0295375	16.7642231	18.6677312
16.3313081	17.0798269	19.0191694
16.2553644	17.0004	18.9307256
16.4184319	17.1709431	19.1206325
16.3606231	17.1104844	19.0533087
16.4810956	17.2364781	19.1936106
16.8493275	17.6215869	19.6224475
18.0843756	18.9132425	21.0607625
21.1872294	22.1583087	24.6742944
24.4015931	25.52	28.4176913
33.929765	35.4848775	39.5140394
54.2475969	56.7339438	63.1758519
77.5527444	81.1072431	90.3166369
116.129718	121.452337	135.242744
96.7802338	101.215992	112.708647
71.8060063	75.0971125	83.6240762
46.7538994	48.8967856	54.448815
30.091605	31.4708006	35.0441831
23.6616575	24.74615	27.5559731
19.6579025	20.5588906	22.8932688
18.0106194	18.836105	20.9748687
16.6800594	17.4445613	19.4253188
16.3318512	17.0803944	19.0198031
13.2801644	13.8888369	15.4658587
12.5247825	13.0988344	14.5861537
13.2794406	13.88808	15.4650156
13.0945681	13.6947344	15.2497144
13.1045481	13.7051738	15.2613388
12.6959994	13.2778988	14.7855512
13.3460456	13.9577381	15.5425825
13.5901937	14.2130781	15.8269131
13.3097225	13.9197506	15.5002819
12.1798762	12.73812	14.1844825
12.5722169	13.1484431	14.6413944
12.682235	13.2635019	14.7695187
13.566095	14.187875	15.7988488
14.0382925	14.6817138	16.3487631
14.9445325	15.6294906	17.4041544
17.5113469	18.31395	20.3934231
22.5772912	23.6120819	26.2931375
30.1756487	31.5586981	35.1420606
48.0165812	50.2173381	55.9193138
75.7589606	79.2312444	88.2276194
1658.21127781814	1663.81216281814	1678.32355881814
915.16581571166	920.38284271166	933.89972471166
62.7500775	65.62612	73.0777
40.2184831	42.0618275	46.8377762
27.507305	28.7680569	32.0345525
21.2884019	22.26412	24.7921188
16.6194169	17.3811406	19.3546981
14.8445031	15.5248763	17.2876619
13.6249556	14.2494325	15.8673975
13.3611719	13.97356	15.5602019
9.789257	10.2379301	11.4004056
9.41819506	9.84986119	10.9682725
9.39342569	9.82395775	10.9394275
9.8637	10.3157859	11.4871019
9.8408575	10.2918975	11.4605
9.87329781	10.3258226	11.4982769
9.84300563	10.2941421	11.463
9.89917681	10.3528898	11.5284181
9.55427213	9.99217588	11.1267481
9.97973794	10.4371419	11.6222363
10.3198081	10.7927981	12.0182769
11.6690669	12.2038981	13.5896006
13.9164812	14.5543194	16.2069013
18.1891756	19.0228444	21.18281
28.7436506	30.0610669	33.4743787
48.2373962	50.448275	56.17647
563.886762036044	567.059583236044	575.280087036044
65.6268337	68.6347262	76.4279188
34.4417663	36.020345	40.1103081
21.3750781	22.3547694	24.89306
15.5849881	16.2993	18.1500175
12.5759587	13.1523575	14.6457538
10.5632216	11.0473694	12.3017525
10.1532269	10.6185817	11.8242806
8.04227437	8.41087819	9.36589875
7.96228931	8.32722744	9.27274994
7.78769506	8.14463062	9.06942025
7.86001056	8.22026088	9.15363769
7.98364812	8.34956513	9.29762375
7.93915238	8.30302994	9.24580513
7.88259456	8.24388	9.17993894
8.00434175	8.37120706	9.32172387
8.00879256	8.37586212	9.32690688
8.25940088	8.63795637	9.61876106
8.67569025	9.07332563	10.1035649
9.43502944	9.86746731	10.9878792
10.8716715	11.3699568	12.6609675
14.59884	15.2679538	17.0015681
20.3382663	21.2704344	23.6856056
25.8391806	27.0234756	30.0918806
32.1539794	33.6277025	37.4459894
30.7139256	32.1216469	35.7689281
23.5470994	24.6263419	27.4225613
16.7568981	17.5249219	19.5148044
12.7455319	13.3297019	14.8432331
10.2821578	10.7534229	11.9744294
9.03081706	9.44472975	10.5171394
8.57009806	8.962894	9.98059431
7.22345194	7.55452688	8.41231219
7.02289	7.3447725	8.178741
6.88620556	7.20182319	8.01956069
6.9537795	7.27249444	8.09825619
6.97718019	7.2969675	8.12550837
6.986986	7.30722256	8.13692775
7.14602031	7.47354606	8.32213662
7.57071575	7.91770675	8.81673
8.15508413	8.52885869	9.49727544
9.6859165	10.1298546	11.2800581
11.3757597	11.8971475	13.24802
15.4258538	16.1328712	17.9646919
18.5597094	19.4103625	21.6143294
16.5784925	17.3383412	19.3070387
12.9939625	13.5895181	15.1325525
10.1387206	10.6034118	11.8073875
8.56772244	8.96040969	9.97782687
7.6611935	8.01233144	8.92209869
6.80114231	7.11286112	7.92049744
6.51238737	6.8108715	7.58421825
6.48057488	6.777601	7.54716981
6.560738	6.86143825	7.64052637
6.70881475	7.01630206	7.81297425
7.30083713	7.63545875	8.50243369
8.43461506	8.82120137	9.82281275
9.81565794	10.2655411	11.4311519
11.5438944	12.07299	13.4438275
10.4482616	10.9271403	12.1678719
8.67328738	9.0708125	10.1007655
7.33743631	7.67373525	8.5450565
6.75513075	7.06474081	7.86691325
6.49634225	6.79409125	7.56553238
6.691368	6.99805544	7.792656
7.40039837	7.73958312	8.61838094
7.93919631	8.30307594	9.24585619
7.61336906	7.96231481	8.866403
6.92293069	7.24023137	8.06233006
