#?RADIANCE
genskyvec -m 1
NROWS=146
NCOLS=1
NCOMP=3
FORMAT=ascii

16.1895344	16.9315538	18.8540625
28.3037269	29.60098	32.96205
30.46814	31.8645963	35.4826913
31.9392512	33.4031338	37.1959225
32.70982	34.2090175	38.0933119
31.2765756	32.710085	36.4241825
30.37641	31.7686606	35.3758612
29.4137244	30.7618512	34.2547337
26.8607456	28.0918631	31.28158
24.8977225	26.0388669	28.9954731
26.9942319	28.2314669	31.4370363
24.975375	26.1200781	29.0859069
26.9691431	28.2052275	31.407815
28.49898	29.8051831	33.1894406
30.6132519	32.0163588	35.6516856
36.0594488	37.7121731	41.994235
43.7179525	45.72169	50.9132019
51.1003319	53.4424281	59.5105975
62.3921444	65.2517831	72.6608544
70.7349531	73.97697	82.3767512
67.6731319	70.7748113	78.8110056
60.1013119	62.8559494	69.9929863
48.7615112	50.9964125	56.7868469
40.1310719	41.9704119	46.7359794
34.5827088	36.16775	40.2744494
29.8381425	31.2057238	34.7490056
27.7014856	28.9711369	32.2606894
26.7912256	28.0191544	31.2006163
25.5575487	26.728935	29.7638969
26.0186456	27.211165	30.3008812
26.87645	28.1082869	31.2998681
18.0377444	18.8644737	21.0064581
17.2023181	17.9907569	20.0335325
19.3808419	20.26913	22.5706075
19.05272	19.9259706	22.1884813
18.8959256	19.7619875	22.0058806
17.5715325	18.3768938	20.4635156
18.4713412	19.3179462	21.5114175
18.3052525	19.1442444	21.317995
17.1623875	17.9489975	19.9870325
15.1445506	15.838675	17.6370919
16.1120819	16.8505506	18.7638606
17.0916106	17.8749744	19.9046044
19.9043756	20.81666	23.1803069
23.0161188	24.0710244	26.8041906
27.3163331	28.5683313	31.81215
36.2410425	37.9020894	42.2057156
48.1257556	50.3315169	56.0464556
64.7517481	67.7195331	75.4088119
78.0809544	81.6596631	90.9317819
74.8268	78.2563581	87.1420425
59.2774219	61.9943025	69.0335006
43.3017969	45.2864606	50.4285531
31.234555	32.6661381	36.3752431
25.6695063	26.8460244	29.8942813
21.6867388	22.6807125	25.2560137
19.5497431	20.4457725	22.7673069
17.1616106	17.9481831	19.9861275
16.8345944	17.60618	19.6052888
16.4089406	17.1610156	19.1095806
17.0850075	17.8680706	19.8969156
11.7237744	12.2611144	13.6533125
11.4175444	11.9408481	13.2966831
11.6064388	12.1383994	13.516665
12.4585194	13.0295356	14.5089844
12.2091375	12.7687225	14.2185594
11.9779463	12.526935	13.949315
11.7656488	12.3049075	13.7020775
11.9509063	12.4986556	13.9178269
12.031485	12.5829256	14.0116688
13.9095256	14.5470469	16.1988037
16.3768225	17.1274281	19.0721769
22.7481075	23.7907294	26.49207
33.7983425	35.3474325	39.3609888
54.45709	56.9530387	63.4198231
90.1741662	94.3071531	105.015348
1895.1174051303	1899.5290977303	1910.9593747303
55.6748262	58.2265863	64.8379781
36.766545	38.4516763	42.8177081
23.1809888	24.2434512	26.996195
17.3570413	18.15257	20.2137206
14.3893888	15.0489044	16.757645
12.7554625	13.3400862	14.8547988
11.4761962	12.0021888	13.3649862
11.5965456	12.1280537	13.505145
9.12726994	9.54560319	10.6294665
9.173689	9.59414906	10.6835264
9.030347	9.44423769	10.5165925
9.15109331	9.57051869	10.6572108
9.31054656	9.73727969	10.8429084
9.23028681	9.65334044	10.7494396
9.2927535	9.71867125	10.8221869
9.82556013	10.2758987	11.4426838
10.6772368	11.16661	12.4345337
12.2317525	12.7923744	14.2448975
15.184485	15.8804419	17.6836006
20.5110119	21.4510987	23.8867837
28.54228	29.8504663	33.239865
52.0890481	54.4764606	60.6620413
2846.94946739435	2851.27468679435	2862.48096439435
3784.73578866942	3789.29688256942	3801.11426356942
56.8605594	59.4666681	66.2188625
34.3167106	35.8895575	39.96467
21.875995	22.8786437	25.47642
15.8537356	16.580365	18.4629975
12.7673037	13.3524706	14.8685881
10.8862271	11.3851794	12.6779187
9.87002225	10.322398	11.4944625
9.53653187	9.97362231	11.1060862
8.29526694	8.67546612	9.66053
8.07124356	8.44117525	9.39963631
7.95980638	8.32463056	9.26985844
8.09023625	8.46103837	9.42175481
8.29317756	8.67328137	9.65809713
8.93202912	9.34141363	10.4020932
10.0176759	10.4768193	11.6664194
12.8310869	13.4191769	14.94287
16.6521369	17.41536	19.3928025
26.0962519	27.2923306	30.3912625
36.5453363	38.22033	42.5600919
53.183265	55.6208294	61.9363481
43.4647275	45.4568619	50.6183013
23.9275388	25.0242181	27.8656138
16.1048663	16.843005	18.75546
11.9079606	12.4537425	13.8678137
9.82930731	10.2798166	11.4470488
8.79787725	9.201113	10.2458619
8.21729294	8.59391869	9.569723
7.96462138	8.32966625	9.27546575
8.02524425	8.39306763	9.34606606
8.60314519	8.99745544	10.0190806
10.0227451	10.4821206	11.6723219
13.6504206	14.2760637	15.8970537
19.7866806	20.69357	23.04324
24.9222081	26.0644756	29.02399
24.6872875	25.8187869	28.7504044
16.5552875	17.3140706	19.2800119
11.3163688	11.835035	13.1788562
9.26670556	9.69142906	10.7918519
9.22885669	9.65184669	10.7477737
9.10297181	9.52019144	10.6011693
10.5305624	11.0132119	12.2637175
13.8199619	14.4533775	16.0944975
13.8788469	14.5149613	16.163075
11.414151	11.9372975	13.2927287
10.8201896	11.3161156	12.6010137
