#?RADIANCE
genskyvec -m 1
NROWS=146
NCOLS=1
NCOMP=3
FORMAT=ascii

5.622534	5.88023344	6.54790969
21.5346181	22.5216206	25.0788587
20.5820625	21.5254044	23.9695275
20.64392	21.5900981	24.0415662
21.5812219	22.5703613	25.1331319
23.922375	25.0188175	27.8596013
28.1123575	29.4008381	32.7391844
34.7085744	36.2993819	40.4210275
48.3752313	50.5924275	56.3369925
69.9104544	73.1146837	81.416555
93.2115987	97.4837963	108.55269
121.775997	127.357394	141.818311
96.4010744	100.819451	112.267101
67.7830625	70.889785	78.9390294
48.3238544	50.5386962	56.2771606
35.2058569	36.8194562	41.0001544
28.3839719	29.6849019	33.0555013
23.9818825	25.0810531	27.9289037
21.9055262	22.9095287	25.5108112
20.5891325	21.5328037	23.9777644
21.1361294	22.1048675	24.6147831
21.8262112	22.8265794	25.4184437
22.34816	23.3724494	26.0262969
22.8431606	23.8901394	26.6027656
24.62187	25.7503731	28.6742213
24.6804944	25.8116837	28.7424956
25.7668425	26.9478213	30.0076363
25.0985169	26.2488663	29.2293163
24.4271987	25.5467762	28.4475081
23.0314556	24.0870637	26.8220519
21.9793238	22.9867094	25.596755
15.5669238	16.2804075	18.1289806
14.2113919	14.8627444	16.5503481
15.643875	16.3608856	18.2185969
16.2112775	16.9542938	18.8793844
18.6646144	19.520075	21.7364994
21.72165	22.7172231	25.2966731
28.7903113	30.1098669	33.5287194
41.5241069	43.4272944	48.3582862
65.896785	68.9170531	76.7423006
99.3317737	103.884468	115.680135
1999.10774398895	2005.70599398895	2022.80151898895
1024.09726784232	1028.97174184232	1041.60106984232
68.137725	71.2607038	79.3520656
42.7432925	44.70236	49.7781281
29.9788256	31.3528563	34.9128444
22.0747775	23.0865381	25.7079194
20.0685437	20.9883512	23.3714919
16.0654606	16.8017944	18.7095675
15.0572619	15.7473875	17.5354375
14.2073356	14.8585062	16.5456275
14.642685	15.3138081	17.0526281
15.5796656	16.2937319	18.1438206
15.1303944	15.8238719	17.6206075
17.2266369	18.01619	20.0618525
18.0015813	18.8266537	20.9643444
18.4438444	19.2891869	21.4793963
17.2073	17.995965	20.0393325
17.1502944	17.93635	19.9729481
16.075255	16.8120387	18.7209763
15.86273	16.5897694	18.47347
9.73226444	10.1783259	11.3340326
9.34516894	9.77348875	10.883229
9.92576819	10.3806987	11.5593838
12.2876944	12.85088	14.3100438
15.5823875	16.2965787	18.1469894
22.5941031	23.629665	26.3127169
36.1188406	37.7742838	42.0634006
65.4135569	68.4116762	76.1795406
1460.47233514017	1464.30892454017	1474.24917824017
62.9353056	65.8198413	73.2934112
37.8364625	39.5706325	44.0637163
22.5879806	23.6232638	26.3055869
15.57003	16.2836556	18.1325975
11.9735535	12.5223406	13.9442
10.5595951	11.0435771	12.2975287
10.0278194	10.4874284	11.6782312
9.58850231	10.0279749	11.1666096
10.4844379	10.9649747	12.2100038
10.389388	10.8655676	12.0993111
9.99862525	10.4568941	11.6442324
10.718176	11.2094248	12.4822087
10.7344834	11.2264811	12.5012
9.80423344	10.2535944	11.4178488
10.020596	10.4798739	11.6698191
6.81460775	7.12694381	7.93617925
7.10504106	7.43068844	8.27441294
7.55572831	7.90203219	8.79927544
8.647551	9.04389719	10.0707938
11.447127	11.971785	13.3311325
14.3165319	14.9727056	16.672795
21.57294	22.5616988	25.1234869
31.4641175	32.9062213	36.6425875
36.0407044	37.6925694	41.9724056
31.1600694	32.5882369	36.2884988
21.1370894	22.1058712	24.6159031
14.0571306	14.7014137	16.3707
11.3210266	11.8399068	13.1842794
9.040307	9.45465319	10.5281911
7.85643125	8.2165175	9.14946919
7.10260775	7.42814394	8.27157912
6.844251	7.15794569	7.97070106
6.87889594	7.19417837	8.01104787
7.16147344	7.48970744	8.340133
7.19623412	7.52606125	8.38061494
7.29929406	7.63384481	8.5006365
7.33162331	7.66765581	8.53828681
7.03015025	7.35236531	8.18719644
7.13120019	7.45804694	8.30487744
5.35529494	5.60074587	6.2366875
5.76670012	6.03100706	6.71580319
6.45243275	6.74816919	7.51439619
8.29829975	8.67863781	9.66406213
10.9945356	11.4984526	12.8040548
15.0016012	15.6891738	17.4706156
17.2387206	18.0288281	20.0759269
14.793275	15.4713019	17.2280031
11.3083704	11.8266694	13.1695412
8.42421144	8.81032056	9.81069575
6.59678	6.89913225	7.68250038
5.92269681	6.19415356	6.89747431
5.53116687	5.7846785	6.441505
5.30712131	5.55036438	6.18058544
5.17713063	5.41441562	6.02920044
5.21989894	5.45914406	6.07900762
5.33283919	5.57726081	6.21053581
5.29749844	5.54030025	6.16937881
4.71684819	4.93303687	5.49316313
5.13817194	5.37367138	5.98382969
6.57357763	6.87486625	7.65547937
8.79329475	9.196321	10.2405259
9.11605231	9.53387106	10.6164036
7.89820769	8.26020862	9.19812094
6.42150644	6.71582531	7.47837975
5.30835937	5.55165894	6.182027
4.69768856	4.91299919	5.47085006
4.44582381	4.6495905	5.17753244
4.4714925	4.67643563	5.20742613
4.41011444	4.6122445	5.13594613
4.41374844	4.61604506	5.14017813
5.05658619	5.28834637	5.88881631
5.65827581	5.91761331	6.58953412
5.35662044	5.60213212	6.23823106
4.37024175	4.57054444	5.08951094
4.17965206	4.37121906	4.86755337
4.59283269	4.80333744	5.34873675
