#?RADIANCE
genskyvec -m 1
NROWS=146
NCOLS=1
NCOMP=3
FORMAT=ascii

1.34756612	1.4093295	1.569353
13.1769344	13.7808756	15.3456381
12.4682578	13.0397191	14.520325
12.1418669	12.6983678	14.1402169
12.0969768	12.6514201	14.0879369
12.4264261	12.9959694	14.4716081
12.1540231	12.7110819	14.154375
12.2135352	12.7733237	14.2236813
12.1375348	12.6938354	14.1351706
12.755195	13.3398075	14.8544862
12.0056376	12.5558974	13.9815669
12.7513978	13.3358366	14.8500669
12.3387269	12.9042506	14.3694769
12.3795363	12.9469324	14.4170044
12.5652513	13.1411586	14.6332825
12.6767454	13.2577627	14.7631256
13.9171244	14.5549925	16.2076519
14.1151887	14.762135	16.4383137
17.3891337	18.1861337	20.2510956
23.4971244	24.5740744	27.36436
32.0404637	33.508985	37.3137919
54.747005	57.2562425	63.7574525
307.700810631855	311.500141331855	321.343852531855
449.516760089227	454.412678089227	467.097559089227
66.6792269	69.735355	77.6535188
36.903825	38.5952494	42.9775819
25.1798031	26.3338763	29.3239819
18.5376656	19.3873069	21.5886562
16.0278694	16.7624781	18.6657906
14.0435789	14.6872419	16.3549175
13.4330512	14.0487313	15.6439081
11.8766837	12.4210331	13.8313887
11.0636386	11.5707231	12.8845306
11.4639281	11.9893581	13.3507013
11.2169504	11.73106	13.0630731
11.0879073	11.5961028	12.9127913
10.7294756	11.2212437	12.4953725
11.1928904	11.7058982	13.0350538
11.4129054	11.9359955	13.2912794
11.2856775	11.8029361	13.1431106
10.4792308	10.959531	12.2039406
10.8303559	11.3267483	12.6128531
10.9151377	11.415415	12.7115875
11.5186098	12.0465456	13.4143806
11.519243	12.0472075	13.4151188
11.6875056	12.2231825	13.6110738
12.3697462	12.9366919	14.4056
14.1815012	14.8314856	16.5155413
15.71332	16.4335131	18.2994719
20.5679013	21.5105956	23.9530356
27.63749	28.9042069	32.1861613
42.0085619	43.9339531	48.9224731
69.3013856	72.4776994	80.707245
347.054931729092	350.370270529092	358.960010529092
54.9827644	57.5028075	64.0320156
35.2927075	36.9102894	41.1013
25.0292156	26.1763887	29.1486106
17.6185181	18.4260331	20.5182344
14.6143737	15.2841988	17.0196581
12.8279844	13.4159338	14.9392594
12.2445919	12.8058031	14.2598487
8.46362694	8.85154306	9.85659931
7.96607894	8.33119056	9.27716375
7.83489531	8.19399431	9.12438919
8.2297535	8.60695031	9.58423419
8.15109725	8.52468906	9.49263219
8.17741863	8.55221706	9.52328594
8.16868294	8.54308094	9.51311231
8.26567619	8.64451931	9.62606975
7.89428156	8.25610269	9.19354925
8.22967825	8.60687156	9.58414688
8.28625956	8.66604631	9.65004019
8.7604075	9.16192606	10.2022247
9.23967369	9.66315813	10.7603706
10.1172607	10.5809688	11.782395
12.8856263	13.4762194	15.0063887
17.9094981	18.73035	20.8571044
26.0297756	27.2228069	30.3138438
38.2007931	39.95166	44.4880087
32.4685513	33.9566925	37.8123356
21.3199612	22.2971263	24.8288738
15.8372644	16.5631375	18.4438131
12.1686563	12.7263875	14.1714175
9.53720475	9.97432681	11.1068694
8.99596994	9.4082845	10.4765568
6.28543962	6.57352194	7.31991856
6.19080812	6.47455319	7.20971231
5.93520044	6.20723037	6.91203587
5.99557988	6.27037706	6.98235275
6.1061065	6.3859695	7.11107031
6.04274144	6.31970012	7.03727619
5.97200219	6.24571862	6.95489463
6.09698456	6.37642956	7.10044694
6.02375019	6.29983863	7.0151595
6.1552695	6.43738588	7.16832475
6.20648256	6.49094619	7.2279665
6.22756963	6.51299956	7.25252425
6.67569537	6.98166437	7.77440381
7.6754955	8.02728875	8.93875469
9.1156795	9.53348113	10.6159686
10.5782499	11.0630853	12.3192553
13.49318	14.1116156	15.7139331
15.838315	16.5642375	18.44504
16.2609263	17.0062175	18.9372044
13.3688811	13.98162	15.569175
10.6789099	11.1683595	12.4364827
8.56473219	8.95728244	9.97434438
7.31198638	7.64711875	8.51541769
6.91370494	7.23058294	8.05158606
5.04162175	5.27269588	5.87138906
4.89021494	5.11434969	5.69506306
4.72755381	4.94423331	5.50563075
4.8164745	5.03722937	5.60918606
4.82373856	5.04482637	5.61764581
4.76687688	4.98535869	5.55142569
4.84437519	5.06640881	5.64167881
4.96963944	5.19741462	5.7875595
5.06087475	5.29283156	5.89381087
5.44417025	5.69369444	6.34019013
5.70055194	5.96182681	6.63876812
6.94422819	7.26250513	8.08713281
8.29998744	8.680403	9.666028
8.81790287	9.22205619	10.2691831
7.93857681	8.3024285	9.24513531
6.82548731	7.13832187	7.94884919
6.04620606	6.32332356	7.04131125
5.393188	5.64037581	6.2808175
4.30884975	4.50633894	5.01801506
4.04655212	4.23201894	4.71254731
4.06923375	4.25574006	4.738962
4.1270235	4.31617856	4.80626313
4.08205756	4.26915163	4.75389638
4.19637081	4.38870437	4.88702362
4.49557644	4.70162362	5.23547369
4.84645313	5.06858206	5.64409881
5.56677969	5.82192369	6.48297938
5.56944213	5.82470806	6.48608
5.23848788	5.47858506	6.10065581
4.5076045	4.71420288	5.24948131
3.85712288	4.03390756	4.49194119
3.69732869	3.86678956	4.30584763
3.72362862	3.89429481	4.33647581
3.928589	4.10864931	4.57516956
4.11380437	4.30235381	4.79086825
4.16151256	4.35224838	4.84642856
3.74234825	3.91387256	4.35827663
