#?RADIANCE
genskyvec -m 1
NROWS=146
NCOLS=1
NCOMP=3
FORMAT=ascii

18.3832931	19.2258594	21.4088769
27.4514831	28.7096756	31.9695419
29.5271787	30.8805075	34.3868631
31.1932662	32.6229575	36.3271613
32.3654856	33.8489025	37.6923075
31.4710081	32.91343	36.6506138
31.2424744	32.67442	36.3844662
30.7327419	32.1413269	35.7908419
28.4651856	29.7698381	33.1500825
26.4273225	27.6385744	30.7768212
28.6466287	29.9595981	33.3613887
25.9092087	27.0967137	30.1734338
27.1979137	28.4444844	31.6742375
27.553775	28.8166537	32.0886675
28.31353	29.6112325	32.9734662
31.9048375	33.3671419	37.1558431
36.3505412	38.0166075	42.3332381
41.9127075	43.8337069	48.8108438
49.488735	51.7569675	57.6337581
59.2873175	62.0046519	69.0450263
62.867525	65.7489513	73.2144756
63.132395	66.0259606	73.5229387
54.9170938	57.434125	63.9555344
47.2974344	49.4652331	55.0818075
40.7075719	42.5733331	47.4073619
34.2492938	35.8190519	39.8861594
30.8392056	32.2526687	35.9148262
28.7752	30.0940625	33.51112
26.5170488	27.7324119	30.8813156
26.2345212	27.4369381	30.5522894
26.3890069	27.5985006	30.7321981
17.7301406	18.5427719	20.6482262
16.8537688	17.6262319	19.6276194
18.9513931	19.8199975	22.0704775
18.84445	19.7081531	21.9459338
19.0191994	19.8909138	22.1494437
17.9778263	18.8018087	20.9366763
19.1453106	20.0228006	22.2963094
19.1804406	20.0595419	22.3372225
18.0122012	18.8377612	20.9767113
15.651735	16.3691081	18.2277506
16.2989931	17.04603	18.9815381
16.721155	17.4875406	19.4731806
18.6876075	19.5441206	21.7632763
20.5166394	21.456985	23.8933362
23.0361875	24.0920113	26.8275619
28.37206	29.672445	33.0416294
36.0495931	37.701865	41.9827569
46.0637337	48.1749869	53.6450606
59.5533594	62.2828881	69.3548531
67.8160206	70.9242544	78.9774119
65.7031444	68.7145369	76.5167906
53.7562781	56.2201069	62.6036675
40.8063525	42.6766425	47.5224
32.4584062	33.9460831	37.8005206
26.486095	27.7000425	30.8452669
22.9869888	24.04056	26.7702656
19.3666387	20.2542763	22.5540656
18.1010537	18.930685	21.0801863
16.9906056	17.7693406	19.7869781
17.1426581	17.9283625	19.9640538
11.9363338	12.4834144	13.9008537
11.5387594	12.0676194	13.4378469
11.6792912	12.2145906	13.6015075
12.5898587	13.1668956	14.6619419
12.50391	13.077005	14.5618469
12.3992825	12.9675813	14.4399969
12.2009644	12.7601737	14.2090406
12.245625	12.8068831	14.2610538
12.0168419	12.5676156	13.9946156
13.2924888	13.9017263	15.48021
14.8928962	15.5754881	17.34402
19.0053731	19.8764513	22.1333412
25.5647737	26.7364944	29.7723131
37.0533594	38.7516362	43.1517263
58.5090875	61.1907512	68.1387094
82.4756906	86.2558225	96.0498244
76.555545	80.06434	89.1553175
52.6654656	55.0793	61.3333269
32.6029094	34.0972075	37.9688056
23.2518212	24.31753	27.078685
17.8775306	18.6969181	20.8198744
14.9450562	15.6300369	17.4047656
12.7412388	13.3252119	14.8382369
12.2419081	12.802995	14.2567231
9.74731938	10.1940734	11.3515675
9.57903225	10.0180704	11.1555819
9.35844269	9.78737131	10.8986863
9.44994294	9.88306506	11.0052456
9.62491688	10.0660588	11.20902
9.56511375	10.0035141	11.1393719
9.58361325	10.0228626	11.1609175
9.9897185	10.4475799	11.6338594
10.5650424	11.0492725	12.3038738
11.6928888	12.2288131	13.6173437
13.8166494	14.4499119	16.0906406
17.6138444	18.4211444	20.5127894
22.8826369	23.931425	26.64874
37.3995975	39.1137425	43.55495
63.476225	66.3855481	73.923355
4220.06932812011	4224.86620612011	4237.29447912011
3178.81381519487	3183.39477669487	3195.26367569487
57.5285775	60.1653006	66.9968225
33.4408337	34.9735375	38.9446406
22.1966769	23.2140244	25.8498813
16.5876556	17.3479219	19.3177081
13.1848269	13.7891312	15.35483
11.3726275	11.8938731	13.2443737
10.5071606	10.9887388	12.2364644
9.26119363	9.68566463	10.7854319
8.71842019	9.11801413	10.1533273
8.47804413	8.86662088	9.87338919
8.50981269	8.89984544	9.9103865
8.6656015	9.06277487	10.0918158
9.17379225	9.59425744	10.6836456
10.0533833	10.5141634	11.7080038
12.3185869	12.8831887	14.3460244
15.4328575	16.140195	17.9728481
22.9697719	24.0225525	26.750215
33.7438994	35.2904944	39.2975856
59.8426119	62.5853956	69.6917119
1758.02242561522	1761.26766121522	1769.67578311522
38.3199281	40.0762563	44.6267525
23.53647	24.6152244	27.4101844
15.8284725	16.5539437	18.433575
12.0855644	12.639485	14.0746488
10.2214246	10.6899069	11.9037013
9.38458856	9.81471456	10.9291356
8.827222	9.23180269	10.2800349
8.64025462	9.03626588	10.0622966
9.06506225	9.480544	10.5570219
10.3960242	10.8725081	12.1070363
13.8587338	14.4939238	16.13965
20.0297987	20.9478313	23.3263719
27.9610719	29.2426181	32.5629981
34.2072794	35.7751119	39.83723
23.3904188	24.4624775	27.2400919
14.7755838	15.4527981	17.2073988
11.2246412	11.7391044	13.0720319
10.8138631	11.3094994	12.5936469
10.2239888	10.6925891	11.9066888
11.5934488	12.124815	13.5015387
15.4051662	16.1112363	17.9406006
17.1350938	17.9204525	19.9552463
14.2531344	14.9064038	16.5989644
12.6048906	13.1826156	14.6794475
