#?RADIANCE
genskyvec -m 1
NROWS=146
NCOLS=1
NCOMP=3
FORMAT=ascii

25.5652294	26.7369675	29.7728406
29.1605075	30.4970313	33.9598425
31.611885	33.0607625	36.8146769
33.013305	34.5264144	38.4467456
33.2095481	34.7316525	38.6752887
30.3082725	31.6974012	35.2965119
29.0488956	30.3803019	33.8298613
27.7372412	29.0085312	32.3023288
25.1157862	26.2669269	29.2494275
22.6584181	23.69693	26.3876169
26.3688331	27.5774025	30.708705
24.242915	25.3540475	28.2328944
27.4045881	28.6606319	31.9149281
29.2070275	30.5456819	34.0140194
30.7133163	32.1210081	35.7682181
34.443935	36.0226144	40.1128331
36.8726356	38.5626294	42.9412594
40.0603681	41.8964669	46.6536387
40.3854637	42.236465	47.0322406
39.9317262	41.76193	46.5038256
39.5772775	41.3912344	46.0910406
35.634365	37.2676056	41.4991894
33.3091012	34.83577	38.7912275
29.4506188	30.8004369	34.2977019
27.8616231	29.138615	32.4471831
26.7076119	27.9317088	31.1032406
25.8122656	26.9953288	30.0605356
26.5445531	27.7611775	30.9133456
25.4422219	26.6083238	29.6295906
26.8624687	28.0936644	31.2835856
27.7325831	29.0036581	32.2969056
16.4724937	17.2274813	19.1835931
15.38198	16.0869869	17.9135988
17.3867806	18.1836744	20.2483563
16.6961025	17.4613406	19.4440019
16.2786775	17.0247831	18.9578762
14.9037031	15.5867912	17.3566056
15.7351888	16.4563856	18.3249412
15.7389675	16.4603363	18.3293394
15.1622538	15.8571906	17.6577094
14.0574344	14.7017325	16.3710537
15.5930238	16.3077044	18.1593788
17.1166756	17.9011888	19.9337962
19.9801244	20.89588	23.26852
22.5406038	23.5737137	26.2504144
25.0664231	26.2153	29.1919394
28.8771863	30.2007244	33.6298919
32.7246744	34.224555	38.1106131
34.5612031	36.1452569	40.2494025
33.9412531	35.4968925	39.5274206
30.9809725	32.4009344	36.0799281
27.6850319	28.95393	32.2415306
24.35544	25.4717319	28.3639419
20.4767706	21.41529	23.8469081
19.0891094	19.9640256	22.2308581
17.3644662	18.1603375	20.2223688
16.3944681	17.1458819	19.0927256
14.9048869	15.5880275	17.357985
15.0326625	15.7216594	17.5067888
14.8231869	15.5025825	17.2628369
15.556935	16.2699606	18.1173481
10.2237605	10.6923478	11.9064219
9.85808831	10.3099164	11.4805656
9.89735756	10.3509862	11.5262981
10.5308812	11.0135459	12.26409
10.3583394	10.8330964	12.0631506
10.4003505	10.8770321	12.112075
10.7049964	11.1956412	12.46686
11.5634181	12.0934088	13.466565
12.4130581	12.9819881	14.45604
14.77808	15.4554087	17.2103063
17.3438787	18.1388056	20.1983919
22.3406844	23.3646319	26.0175906
29.2146769	30.5536812	34.0229262
37.41651	39.1314325	43.5746456
39.9577463	41.7891406	46.5341262
33.9226738	35.4774612	39.5057825
25.084995	26.2347231	29.2135688
20.5508588	21.4927725	23.9331894
16.28515	17.0315519	18.9654156
13.7500044	14.3802125	16.0130262
12.1909319	12.7496825	14.197355
11.1328987	11.6431587	12.9651913
10.1614749	10.6272084	11.833885
10.2367719	10.7059577	11.921575
8.24762712	8.62564319	9.60505012
8.18466588	8.55979613	9.53172619
8.05748063	8.42678156	9.38360794
8.15777681	8.53167475	9.50041144
8.44908863	8.83633831	9.83966813
8.64742375	9.04376375	10.0706458
9.30377788	9.73020063	10.8350263
10.3631413	10.8381187	12.0687412
11.9019256	12.4474294	13.8607844
13.919785	14.5577738	16.2107494
17.4731656	18.2740181	20.3489581
24.7219994	25.8550894	28.7908287
34.4446181	36.0233287	40.1136319
57.1462038	59.7654031	66.5515187
2391.14421444892	2394.21172134892	2402.15937944892
51.3980381	53.75378	59.8573031
31.18101	32.6101381	36.3128856
21.2271544	22.2000681	24.7207937
15.8338356	16.5595537	18.4398244
12.9713644	13.5658838	15.106235
11.1978831	11.7111181	13.0408663
9.87882806	10.3316055	11.5047175
9.0498865	9.46467269	10.5393487
8.64792581	9.04428863	10.0712309
8.07764013	8.44786506	9.40708556
7.8107795	8.16877331	9.09630419
7.84035481	8.19970419	9.130747
8.10112775	8.47242937	9.43443894
8.67905525	9.07684512	10.1074828
10.0871098	10.5494354	11.7472806
11.8016062	12.3425137	13.743955
15.9322131	16.6624375	18.5543894
22.5804056	23.61534	26.296765
44.3464725	46.3790181	51.6451669
5162.63022852664	5166.55222912664	5176.71377282664
3348.77948669851	3352.65251109851	3362.68717229851
37.4419513	39.1580406	43.6042775
19.59413	20.4921931	22.8189988
14.1359	14.7837956	16.462435
11.178715	11.6910744	13.018545
9.500609	9.936053	11.0642525
8.58256175	8.97592912	9.99510994
8.59984075	8.99399988	10.0152322
8.59099956	8.98475344	10.0049348
8.86949819	9.27601669	10.3292705
9.97424731	10.4313993	11.6158437
12.4147275	12.983735	14.4579856
19.2027394	20.0828631	22.3631906
35.4278087	37.0515844	41.2586388
48.7861531	51.0221819	56.8155438
31.1861081	32.6154725	36.3188231
16.9986913	17.7777963	19.7963931
11.3961787	11.9185044	13.2718025
9.71397306	10.1591969	11.3127344
10.44278	10.9214068	12.1614881
10.7523503	11.2451681	12.5220106
13.3052125	13.9150344	15.4950281
19.5565169	20.4528575	22.7751963
17.3879869	18.184935	20.2497606
12.8885388	13.4792631	15.0097787
13.2136719	13.8192987	15.3884225
