#?RADIANCE
genskyvec -m 1
NROWS=146
NCOLS=1
NCOMP=3
FORMAT=ascii

3.791796	3.9655865	4.41586244
16.1058625	16.8440481	18.7566206
15.6352687	16.3518862	18.2085756
15.5855763	16.2999137	18.1507025
15.7395331	16.4609269	18.3299975
15.9529744	16.6841519	18.5785681
15.79509	16.5190306	18.3947
15.9491813	16.6801862	18.5741519
15.6120656	16.3276169	18.1815512
15.9372856	16.667745	18.5602969
15.868785	16.5961038	18.4805219
15.9821556	16.7146706	18.6125544
15.8178219	16.5428038	18.4211713
15.7117625	16.4318862	18.2976606
15.7269994	16.4478194	18.3154025
16.3178981	17.0658012	19.0035525
18.0063969	18.8316862	20.9699494
19.5861044	20.4837994	22.8096494
24.6558206	25.7858775	28.7137575
35.5773319	37.2079575	41.4327675
50.5783256	52.8964981	58.9026794
84.3833	88.2508669	98.2713819
105.197033	110.018555	122.510713
105.07891	109.895019	122.373168
69.9635894	73.1702512	81.478435
41.5781319	43.4837937	48.4212006
29.6299925	30.9880331	34.5065981
22.5669131	23.60123	26.2810556
19.3384706	20.2248181	22.5212631
17.1564825	17.9428206	19.980155
16.2967962	17.0437313	18.9789781
13.0553837	13.6537562	15.2040831
12.1803381	12.7386025	14.1850181
12.8373794	13.42576	14.9501975
12.6305425	13.2094419	14.7093188
12.6473631	13.2270338	14.7289106
12.2746869	12.837275	14.2948975
12.9345706	13.5274044	15.0633863
13.2039725	13.8091556	15.3771275
12.9483525	13.5418194	15.0794375
11.8233381	12.3652406	13.7692631
12.1625744	12.7200262	14.1643325
12.1712063	12.7290538	14.1743856
12.8419687	13.4305575	14.9555425
12.9576262	13.5515156	15.090235
13.2980713	13.9075656	15.4867131
14.5787519	15.2469425	16.9781706
17.5355925	18.3393075	20.4216606
21.0387831	22.00306	24.5014181
30.1405212	31.5219606	35.10115
44.1418044	46.1649706	51.4068125
72.2330481	75.5437287	84.1214088
1511.41773117055	1517.00066417055	1531.46552017055
798.301791605336	802.986613605336	815.124586605336
62.3893613	65.2488706	72.6576144
39.1104769	40.9030381	45.5474119
27.6089687	28.87438	32.1529463
19.4831338	20.3761106	22.6897337
16.1225006	16.86145	18.7759981
14.0848594	14.730415	16.4029925
13.39539	14.0093431	15.6000469
9.63665156	10.0783314	11.2226831
9.18079131	9.60157731	10.6917958
9.09031088	9.50694937	10.5864247
9.52081356	9.95718362	11.0877793
9.50799169	9.94377475	11.0728503
9.55702075	9.99505075	11.1299486
9.53781956	9.97496875	11.1075869
9.58075019	10.0198682	11.1575832
9.19663769	9.61814956	10.7102506
9.48437106	9.9190715	11.0453409
9.60457706	10.0447862	11.1853312
10.348635	10.8229453	12.0518475
11.4901487	12.01678	13.381235
13.6843425	14.3115406	15.9365569
19.3691094	20.2568575	22.5569431
30.2675113	31.6547725	35.2490425
50.2428669	52.5456644	58.5120075
500.974811137511	504.406896137511	513.299131737511
49.3783581	51.6415312	57.5052162
29.0570244	30.388805	33.8393306
19.5850381	20.482685	22.8084094
14.4408213	15.1026937	16.8175412
11.1956125	11.7087438	13.0382237
10.2947938	10.7666373	11.9891431
7.96617244	8.33128825	9.27727206
7.783778	8.14053419	9.06485862
7.55622644	7.90255306	8.79985588
7.60539569	7.953976	8.85711744
7.71632137	8.06998587	8.9862995
7.674723	8.02648094	8.93785494
7.6144075	7.96340113	8.86761256
7.71050056	8.06389825	8.97952081
7.65507931	8.00593694	8.91497837
7.798188	8.15560463	9.08164038
7.99310944	8.35946006	9.3086425
8.36542775	8.748843	9.74223825
9.21163444	9.63383419	10.7277178
11.3923137	11.9144612	13.2673012
14.8892338	15.5716581	17.3397556
19.0336456	19.9060212	22.1662706
26.3249244	27.5314819	30.6575719
30.8318756	32.2450012	35.90629
28.338855	29.6377187	33.0029606
20.7920563	21.7450262	24.2140838
15.2002675	15.896945	17.7019788
11.4272787	11.9510287	13.3080188
9.51192494	9.94788794	11.0774299
8.71716044	9.11669663	10.1518606
7.18138769	7.51053425	8.36332475
6.8684235	7.18322619	7.998852
6.68494206	6.99133481	7.78517244
6.72500756	7.03323675	7.831832
6.73408719	7.0427325	7.842406
6.70764256	7.015076	7.81160913
6.80421037	7.11606975	7.92407031
7.05127387	7.37445712	8.21179656
7.39270762	7.73153988	8.60942437
8.35170588	8.73449213	9.72625813
9.51128944	9.94722412	11.07669
12.5520519	13.1273556	14.6179125
16.0510138	16.7866831	18.6927438
16.8385163	17.6102819	19.6098569
14.1542506	14.8029881	16.483805
11.0851646	11.5932345	12.9095994
9.08319131	9.49950506	10.5781338
7.805913	8.16368375	9.09063669
6.72608356	7.03436219	7.83308513
6.34647119	6.63735075	7.39099469
6.26260088	6.5496365	7.29332094
6.29946044	6.58818556	7.33624706
6.368559	6.66045131	7.41671813
6.75615731	7.06581425	7.86810869
7.55109081	7.89718219	8.79387494
8.69886206	9.09755969	10.1305499
10.61677	11.1033711	12.3641137
10.4134276	10.8907095	12.127305
8.99090912	9.40299187	10.4706646
7.40053956	7.73973081	8.61854575
6.60925969	6.91218369	7.69703381
6.26731412	6.55456569	7.29880963
6.36329231	6.654943	7.41058475
6.90633494	7.222875	8.043003
7.579108	7.92648338	8.82650337
7.48845187	7.83167237	8.72092663
6.64869269	6.95342431	7.74295719
