#?RADIANCE
genskyvec -m 1
NROWS=146
NCOLS=1
NCOMP=3
FORMAT=ascii

18.3857163	19.2283944	21.4116994
23.9898506	25.0893869	27.938185
23.4192806	24.4926637	27.273705
23.6114081	24.6935987	27.4974569
23.9634206	25.0617419	27.9074006
24.1484119	25.2552131	28.12284
26.6453881	27.8666344	31.0307762
29.7316306	31.09433	34.6249644
34.76933	36.3629244	40.491785
40.9735463	42.8514975	47.7171113
49.7442144	52.0241569	57.9312863
56.0251469	58.5929637	65.2459569
55.9259288	58.4891975	65.1304081
50.1846212	52.48475	58.4441769
42.7769662	44.7375769	49.8173437
36.3144381	37.97885	42.2911913
30.58099	31.9826169	35.6141125
28.3185669	29.6165	32.9793338
24.5613637	25.6870931	28.6037569
22.739105	23.7813138	26.4815863
23.8805544	24.9750781	27.8108981
22.81591	23.8616388	26.5710294
24.4245219	25.5439775	28.4443925
24.0357138	25.1373481	27.9915919
26.3059887	27.5116781	30.6355156
28.0463544	29.33181	32.6623175
28.8531662	30.1756038	33.6019194
29.3073137	30.6505662	34.1308131
27.0803969	28.3215806	31.5373794
26.3815631	27.5907169	30.7235294
24.6456738	25.7752669	28.7019413
14.7911625	15.4690912	17.2255431
13.4794163	14.0972231	15.6979056
14.7659762	15.4427506	17.1962113
14.9918725	15.6789994	17.459285
16.6840519	17.4487356	19.4299681
18.5218238	19.3707394	21.5702075
22.5740094	23.6086519	26.2893162
28.5412612	29.8494013	33.2386787
37.3851962	39.0986812	43.5381775
47.7874713	49.9777287	55.6524956
58.0451769	60.70558	67.5984481
59.3487862	62.068935	69.1166094
50.248505	52.5515606	58.518575
38.8732631	40.6549544	45.2711587
30.0458406	31.42294	34.9908869
23.01693	24.0718713	26.8051337
20.5770825	21.5201981	23.9637288
16.5689038	17.32831	19.2958687
14.9944687	15.6817113	17.4623075
13.7591431	14.3897687	16.0236681
13.7781838	14.4096837	16.0458444
14.3027444	14.9582844	16.6567356
13.764225	14.3950863	16.0295887
15.671705	16.3899913	18.2510069
16.3842038	17.1351456	19.0807706
16.9425956	17.7191319	19.7310656
15.9421212	16.6728019	18.5659312
16.0860563	16.8233337	18.7335538
15.1712875	15.8666375	17.6682281
15.0118656	15.6999106	17.48257
9.87890131	10.3316839	11.5048044
9.73027256	10.176243	11.3317138
10.4242696	10.9020481	12.1399325
12.4547	13.0255412	14.5045381
15.288155	15.9888631	17.8043325
20.6784113	21.6261719	24.081735
30.3505731	31.7416394	35.3457719
48.3608487	50.5773856	56.3202406
71.3281087	74.5973112	83.0675287
71.8131487	75.1045819	83.6323975
48.62474	50.8533719	56.6275612
28.7243106	30.0408406	33.451855
19.5448138	20.4406175	22.761565
14.76211	15.4387062	17.19171
12.142385	12.69891	14.1408187
10.8361964	11.332855	12.6196525
9.89908787	10.3527952	11.5283138
10.2427918	10.7122533	11.9285875
10.045828	10.5062621	11.6992044
9.76417244	10.2116975	11.3711944
10.3408689	10.8148253	12.042805
10.4087724	10.8858409	12.121885
9.7737335	10.2216959	11.3823281
10.0127915	10.4717109	11.6607319
8.02974231	8.39777194	9.35130419
8.50433438	8.89411606	9.90400575
9.39814919	9.82889713	10.9449281
10.7520358	11.2448363	12.5216419
14.2037037	14.8547062	16.5413969
18.0034538	18.8286113	20.9665244
29.2406938	30.5808925	34.0532263
49.7614081	52.0421388	57.9513113
3982.15242224126	3986.18485474126	3996.63256964126
3509.76831790701	3513.53657600701	3523.29980230701
45.8114944	47.9111862	53.351305
26.5270937	27.7429181	30.8930119
19.0722119	19.9463538	22.2111806
13.4733719	14.0909006	15.6908644
10.8083875	11.30377	12.5872669
9.36884612	9.79825137	10.9108031
8.45978213	8.84752175	9.85212169
8.05451119	8.42367613	9.38015025
7.97332644	8.3387705	9.2856035
7.90093881	8.26306481	9.20130212
7.95031631	8.31470563	9.25880625
8.00240494	8.36918169	9.31946787
7.86968169	8.23037537	9.16490063
8.00310731	8.36991625	9.320286
7.45586256	7.79758938	8.68297381
8.31801588	8.699258	9.68702375
9.89056113	10.3438792	11.5183831
13.1628369	13.7661331	15.3292206
18.9333481	19.8011256	22.0494631
33.908775	35.4629256	39.4895962
1693.97745885082	1696.26763315082	1702.20126825082
43.0900081	45.064965	50.1819081
27.71575	28.9860556	32.277305
17.0215806	17.8017369	19.8230519
12.2207456	12.7808631	14.2320763
9.57860338	10.017622	11.1550825
8.11395044	8.48583981	9.449372
7.32050531	7.65602831	8.52533875
7.01459869	7.33610087	8.16908512
6.90418681	7.2206285	8.04050137
6.96833412	7.28771594	8.11520619
7.10192481	7.42742931	8.27078362
7.74221094	8.09706213	9.01645037
9.3030205	9.72940856	10.8341426
12.9226775	13.5149669	15.0495356
20.4344737	21.3710506	23.797645
24.9878625	26.1331394	29.1004506
21.3442344	22.32251	24.8571394
14.7767131	15.4539794	17.2087156
10.7083566	11.1991551	12.4707731
8.26648925	8.64536975	9.62701569
7.334215	7.6703665	8.54130531
6.89864413	7.21483187	8.03404644
7.14686081	7.47442512	8.32311531
8.65894888	9.05581706	10.0840685
11.1308584	11.6410231	12.9628119
13.9491263	14.58846	16.2449206
12.8419981	13.4305906	14.9555781
9.05658094	9.47167419	10.5471436
7.96159712	8.3265035	9.27194344
10.1648789	10.630769	11.8378506
