#?RADIANCE
genskyvec -m 1
NROWS=146
NCOLS=1
NCOMP=3
FORMAT=ascii

16.9093344	17.6843444	19.6923294
22.944365	23.9959806	26.720625
22.3938081	23.4201906	26.0794575
22.6419038	23.6796569	26.368385
23.1101312	24.1693444	26.9136756
23.5134687	24.5911675	27.3833944
26.2475631	27.450575	30.5674763
29.5929537	30.9492981	34.4634644
35.1751169	36.7873081	40.9643563
42.0738488	44.0022331	48.9985056
51.1897556	53.5359512	59.6147388
57.5435544	60.1809675	67.0142669
56.0433244	58.6119737	65.2671231
48.92046	51.1626469	56.9719556
40.8479488	42.7201444	47.5708413
34.3663844	35.9415081	40.02252
28.7810569	30.1001887	33.5179406
26.7461044	27.9719662	31.1480681
23.2277456	24.2923506	27.0506481
21.6745	22.667915	25.2417631
22.9530037	24.0050156	26.7306862
22.0791269	23.0910856	25.7129844
23.7505456	24.8391125	27.6594906
23.4364925	24.5106656	27.2937506
25.7167219	26.8954031	29.9492669
27.3723625	28.6269269	31.8773969
28.0986825	29.3865381	32.7232587
28.4319438	29.7350738	33.11137
26.14701	27.3454144	30.4503725
25.3662756	26.5288975	29.5411438
23.6117631	24.6939681	27.4978675
14.1245081	14.7718794	16.4491663
12.8810288	13.4714075	15.0010306
14.1592581	14.808225	16.4896363
14.4667425	15.1298019	16.8477288
16.2686725	17.0143206	18.9462256
18.2620894	19.0991	21.267725
22.5337762	23.5665719	26.2424606
28.9926656	30.3214937	33.764375
38.7791837	40.5565631	45.161595
50.4430313	52.7550019	58.7451169
60.6349294	63.4140256	70.6144313
59.5063863	62.2337606	69.30015
48.3167587	50.5312744	56.268895
36.23833	37.8992525	42.2025569
27.6802113	28.9488869	32.2359131
21.18574	22.1567513	24.6725588
19.0816075	19.95618	22.2221219
15.4234956	16.1304075	17.9619481
14.0896588	14.7354338	16.4085831
13.0275075	13.6246006	15.17162
13.1698656	13.7734838	15.3374075
13.7889219	14.4209138	16.05835
13.3226369	13.9332569	15.5153206
15.2311988	15.9292963	17.7380025
15.9243469	16.6542125	18.5452294
16.44153	17.1951006	19.1475306
15.4091694	16.1154238	17.9452637
15.4886275	16.1985237	18.0377988
14.54997	15.2168431	16.944655
14.3566156	15.0146275	16.719475
9.42260381	9.85447369	10.9734082
9.29111331	9.71695656	10.8202745
10.0012338	10.4596234	11.64727
12.0662638	12.6193006	14.0521706
15.0089	15.6968087	17.4791169
20.7077963	21.6569031	24.115955
31.2000412	32.6300425	36.33505
51.2721906	53.622165	59.7107419
1654.47255446761	1657.97418456761	1667.04660456761
69.8069644	73.0064494	81.2960244
44.1058275	46.1273431	51.364915
25.7801919	26.9617819	30.0231831
17.6359144	18.4442275	20.538495
13.4379381	14.0538425	15.6495988
11.2059623	11.7195694	13.0502775
10.1263543	10.590479	11.7929844
9.36459719	9.793808	10.9058543
9.79154925	10.2403278	11.4030752
9.66031119	10.1030748	11.2502387
9.39895694	9.82974194	10.9458691
9.96308644	10.4197271	11.602845
10.0073142	10.4659841	11.6543539
9.35526125	9.78404344	10.8949813
9.56152206	9.99975869	11.1351904
7.63260431	7.98243162	8.88880406
8.09722306	8.46834562	9.42989162
8.98251106	9.39421	10.4608834
10.3353621	10.8090637	12.0363925
13.8106556	14.4436431	16.0836606
17.6784931	18.4887562	20.5880781
29.2236275	30.5630444	34.0333513
50.2300894	52.5322988	58.4971256
4406.78237328238	4410.64686508238	4420.65941698238
2479.08140235982	2482.27529665982	2490.55040485982
39.0140225	40.8021637	45.4350837
22.9557119	24.0078469	26.7338425
16.7766256	17.5455525	19.5377787
12.1000425	12.6546269	14.0915075
9.85314694	10.3047496	11.4748112
8.62834313	9.02380869	10.0484254
7.88560956	8.24703325	9.18345
7.58319263	7.93075562	8.83126025
7.57412194	7.92126913	8.82069656
7.53521144	7.88057487	8.77538187
7.594494	7.94257463	8.84442144
7.639218	7.98934869	8.89650644
7.49548569	7.83902856	8.72911812
7.616133	7.96520562	8.86962194
7.04326306	7.36607925	8.20246731
7.87332138	8.2341815	9.16913937
9.38112837	9.81109562	10.9251056
12.5627287	13.13852	14.6303456
18.1467763	18.9785019	21.1334325
31.8643812	33.3248325	37.1087287
44.50178	46.5414444	51.826035
36.0595894	37.7123194	41.9943994
23.5496856	24.6290475	27.4255738
14.8527181	15.5334681	17.2972287
10.8747382	11.3731631	12.6645394
8.69133588	9.0896885	10.1217852
7.47740256	7.8201165	8.70805881
6.82982231	7.14285556	7.95389769
6.58352594	6.88527069	7.66706506
6.51071425	6.80912163	7.58226925
6.58605881	6.88791963	7.67001487
6.7088315	7.01631944	7.81299375
7.25279094	7.58521	8.44647969
8.69051819	9.08883325	10.1208332
12.0579862	12.6106431	14.0425306
18.7812513	19.6420581	21.8723337
22.1318481	23.1462225	25.7743831
18.4313087	19.2760769	21.4647975
12.9465875	13.5399719	15.0773781
9.57628631	10.0151982	11.1523847
7.545726	7.89157156	8.78762719
6.77918256	7.08989475	7.89492344
6.443953	6.73930056	7.50452037
6.6763975	6.98239881	7.7752215
7.99151944	8.35779719	9.30679044
10.1772062	10.6436621	11.8522063
12.4952694	13.0679675	14.5517837
11.4092275	11.9321489	13.2869956
8.22248675	8.5993505	9.57577206
7.32232406	7.65793025	8.52745694
9.22832525	9.65128987	10.7471531
