#?RADIANCE
genskyvec -m 1
NROWS=146
NCOLS=1
NCOMP=3
FORMAT=ascii

27.0327063	28.271705	31.48184
30.0283175	31.4046125	34.9704788
31.4234062	32.863645	36.5951775
32.0187894	33.4863144	37.2885494
31.4349069	32.8756738	36.6085725
28.1583925	29.4489844	32.792795
26.8689994	28.1004944	31.29119
25.9156062	27.103405	30.1808862
24.2497425	25.3611906	28.2408487
22.7978456	23.8427456	26.5499925
27.3167463	28.5687637	31.8126306
26.4224031	27.6334281	30.7710906
30.3167488	31.7062656	35.3063825
32.5746637	34.0676681	37.9359125
34.1062844	35.6694894	39.7196119
37.2018062	38.90689	43.3246044
38.4455931	40.2076806	44.7730975
39.9472888	41.7782031	46.5219475
38.2619012	40.0155687	44.5591712
35.919055	37.5653437	41.830735
35.1094737	36.718655	40.8879081
31.0535144	32.4767988	36.1644063
29.5192575	30.8722225	34.3776375
26.4169863	27.6277638	30.7647825
25.82392	27.0075131	30.074105
26.1461363	27.3444987	30.449355
26.3384813	27.5456594	30.6733575
27.9630162	29.244655	32.5652656
27.1450325	28.3891806	31.612655
28.6565462	29.96997	33.3729369
29.0951263	30.4286519	33.8836988
16.8266944	17.5979175	19.5960887
15.3813244	16.0863019	17.9128344
17.0191119	17.7991556	19.8201756
16.051105	16.7867819	18.6928512
15.5444581	16.2569131	18.1028175
14.43224	15.0937175	16.8075475
15.3912481	16.0966787	17.9243906
15.9034594	16.6323675	18.5209056
16.2141206	16.9572675	18.8826956
15.9492556	16.6802631	18.5742394
18.1490744	18.9809056	21.1361081
20.2786131	21.2080475	23.616135
23.60854	24.6905975	27.494115
26.4855106	27.69943	30.844585
28.85846	30.1811381	33.6080831
31.403985	32.8433337	36.5725606
32.9611894	34.47191	38.3860544
31.4574681	32.8992669	36.634845
28.7068294	30.02256	33.4314956
25.4218769	26.5870437	29.6058963
22.8896481	23.9387562	26.656905
20.5529656	21.4949756	23.9356419
17.5947219	18.4011469	20.4905206
17.0024256	17.7817025	19.8007419
16.0894856	16.8269194	18.7375494
15.81885	16.5438787	18.4223688
14.9179569	15.601695	17.3732044
15.512615	16.2236094	18.0657331
15.4220675	16.1289113	17.9602831
16.1468812	16.8869463	18.80439
10.3643742	10.8394073	12.0701775
9.95530594	10.4115908	11.5937844
9.95145137	10.4075588	11.5892937
10.5503556	11.0339131	12.2867688
10.6129096	11.0993344	12.3596187
11.08263	11.5905825	12.9066462
11.9684844	12.5170394	13.9382969
13.5155613	14.1350238	15.7399988
15.0081131	15.6959838	17.4781987
18.2351481	19.070925	21.2363494
21.8949269	22.8984438	25.4984675
28.1436375	29.4335519	32.7756106
33.9810437	35.5385056	39.5737587
35.829755	37.4719506	41.7267375
30.7100512	32.117595	35.7644175
24.705145	25.837465	28.7712031
19.3029825	20.1876987	22.47993
16.8278881	17.5991662	19.59748
13.9644287	14.6044644	16.2627437
12.1971431	12.7561781	14.2045881
11.3068844	11.8251169	13.1678112
10.7430006	11.2353894	12.5111213
10.1072282	10.5704762	11.7707106
10.3883463	10.8644802	12.0980956
8.38254406	8.76674387	9.76217169
8.40367813	8.78884625	9.78678419
8.40148275	8.78655056	9.78422725
8.61917237	9.01421738	10.0377436
9.18714919	9.60822663	10.6992
9.675677	10.1191449	11.2681325
10.8819631	11.3807175	12.6729538
12.5218538	13.0957706	14.5827425
14.9498406	15.6350425	17.4103375
18.2248306	19.060135	21.224335
24.8704156	26.0103081	28.9636719
39.7108319	41.5309106	46.2465762
52.6107062	55.0220306	61.269555
55.2332156	57.7647369	64.3236856
41.2298094	43.1195106	48.0155538
29.5680006	30.9231994	34.4344025
20.7640488	21.7157325	24.1814656
16.22792	16.9716975	18.898765
13.2868931	13.8958737	15.4736944
11.4442319	11.9687581	13.3277625
10.2457203	10.7153137	11.9319944
9.39049875	9.820896	10.9360188
8.85345531	9.25923875	10.3105876
8.64131312	9.03737313	10.06353
8.25528669	8.63365369	9.61396956
8.21098437	8.58732063	9.56237569
8.4972725	8.88673056	9.89578225
9.06844262	9.484079	10.5609575
10.0558801	10.5167734	11.7109106
12.3250925	12.8899925	14.3535994
15.2525731	15.9516481	17.7628925
23.6704519	24.7553475	27.566215
39.82814	41.6535944	46.3831894
4002.50250535508	4006.72142225508	4017.65223835508
4520.93618983343	4525.55038183343	4537.50534983343
44.8083156	46.8620287	52.18302
23.5630631	24.6430375	27.4411531
15.431295	16.1385625	17.9710287
12.3423837	12.9080756	14.3737356
10.3330999	10.8067003	12.0337569
9.13495513	9.55364075	10.6384175
8.53253394	8.92360819	9.93684719
8.93984688	9.34958937	10.4111983
9.31817294	9.74525506	10.8517893
10.0825486	10.5446644	11.7419681
11.9729675	12.5217281	13.9435194
16.2303438	16.9742338	18.9015887
30.2908913	31.6792219	35.27627
2465.37845831222	2468.20466701222	2475.52711831222
52.3529794	54.7524906	60.9694119
24.2300756	25.34062	28.2179438
14.9010762	15.5840406	17.353545
10.81137	11.3068894	12.5907419
9.71289013	10.1580649	11.3114706
11.083421	11.5914106	12.9075687
12.1621537	12.719585	14.1638419
16.34015	17.0890731	19.0294688
25.1367663	26.2888675	29.2738613
18.0714412	18.8997144	21.0456987
12.9963744	13.5920413	15.1353619
14.7416788	15.4173388	17.1679144
