#?RADIANCE
genskyvec -m 1
NROWS=146
NCOLS=1
NCOMP=3
FORMAT=ascii

27.4253081	28.6823006	31.9390569
30.8028781	32.2146769	35.8725212
31.7892394	33.2462456	37.0212194
32.1142625	33.5861625	37.3997388
31.2877988	32.7218237	36.4372519
27.9208363	29.2005419	32.5161412
26.7148644	27.939295	31.1116856
25.9558	27.1454387	30.2276925
24.7006944	25.8328094	28.7660188
23.6632262	24.7477919	27.5578025
28.58266	29.8926975	33.2868912
28.11603	29.4046775	32.7434594
32.3021069	33.7826187	37.6184975
34.6718969	36.2610256	40.3783156
36.1303225	37.786295	42.0767731
38.8863312	40.6686194	45.2863744
39.5359594	41.3480225	46.0429237
40.4140612	42.2663694	47.0655438
38.012245	39.7544719	44.2684287
35.1557194	36.7670219	40.9417675
34.2695831	35.8402713	39.9097863
30.1758056	31.5588625	35.1422431
28.9253063	30.2510487	33.6859306
26.0644806	27.2591025	30.3542625
25.8901213	27.0767488	30.1512031
26.75242	27.9785713	31.1554231
27.3321844	28.5849069	31.8306062
29.2402438	30.58042	34.0527012
28.4091563	29.71124	33.0848294
29.8842862	31.2539794	34.8027425
30.0865956	31.4655631	35.03835
17.2118844	18.0007619	20.0446756
15.6118706	16.3274144	18.1813256
17.1490681	17.9350669	19.9715213
16.108045	16.8463306	18.7591619
15.6327875	16.34929	18.2056844
14.6653887	15.3375525	17.0790687
15.7526119	16.4746075	18.3452312
16.5262237	17.283675	19.2461662
17.2098431	17.9986269	20.0422969
17.24107	18.0312844	20.0786638
19.7472	20.65228	22.9972619
22.1545012	23.1699162	25.8007656
25.7000463	26.8779663	29.9298488
28.7022469	30.017765	33.4261594
30.8652688	32.2799244	35.9451775
32.5818012	34.0751325	37.9442237
33.2074181	34.7294244	38.6728088
30.6386862	32.0429581	35.6813044
27.5241144	28.7856344	32.0541269
24.2326031	25.3432637	28.2208863
21.8643575	22.8664737	25.4628669
19.7415569	20.6463781	22.9906888
17.0151281	17.7949863	19.815535
16.7133944	17.4794231	19.4641419
16.08576	16.8230219	18.7332075
16.0609788	16.7971081	18.7043512
15.3129325	16.014775	17.8331881
16.0475987	16.7831106	18.6887663
15.947095	16.6780025	18.5717219
16.6397656	17.4024219	19.378395
10.5912313	11.0766623	12.3343731
10.1673134	10.6333145	11.840685
10.1726455	10.6388916	11.8468938
10.8143971	11.3100547	12.5942669
11.0205991	11.5257081	12.8344056
11.7111731	12.2479356	13.6386381
12.8714188	13.4613581	14.98984
14.7475375	15.4234663	17.1747381
16.5728131	17.3323994	19.3004219
20.3322294	21.2641231	23.6785769
24.696245	25.8281544	28.7608369
31.2602119	32.6929712	36.4051219
35.537415	37.1662119	41.3862831
34.6408231	36.2285281	40.34213
28.3453044	29.6444625	33.0104694
22.869605	23.9177938	26.6335619
18.1602719	18.9926163	21.1491513
16.0373169	16.7723575	18.6767906
13.4772362	14.0949412	15.6953644
11.9143244	12.4603963	13.8752231
11.2443237	11.75969	13.0949538
10.8383294	11.3350875	12.6221381
10.2860917	10.7575363	11.9790119
10.6312976	11.1185647	12.3810325
8.58032669	8.97359131	9.99250531
8.64396475	9.04014613	10.0666174
8.71268662	9.11201794	10.1466504
9.00353431	9.41619612	10.4853675
9.72897587	10.1748876	11.3302031
10.3642723	10.8393031	12.0700619
11.8532425	12.396515	13.8040881
13.8393013	14.4736019	16.1170213
16.8797944	17.65345	19.6579281
21.1127138	22.08038	24.5875156
30.0409819	31.4178631	34.9852313
49.19163	51.446245	57.2877563
59.5872738	62.318355	69.3943494
50.2682006	52.5721581	58.5415106
35.0401769	36.646185	40.8072081
25.6360913	26.8110762	29.855365
18.8786475	19.7439188	21.9857594
15.2440106	15.942695	17.7529225
12.7481494	13.3324387	14.8462819
11.1346369	11.6449738	12.9672113
10.0969782	10.5597562	11.7587737
9.38623981	9.81644231	10.93106
8.938429	9.34810687	10.4095468
8.78975894	9.19262237	10.2364078
8.46125319	8.84906031	9.85383481
8.51825144	8.90867106	9.92021456
8.93217194	9.34156294	10.4022581
9.67142813	10.1147021	11.2631844
10.8836494	11.3824825	12.6749163
13.6962619	14.3240062	15.9504381
17.53243	18.3359988	20.4179763
29.3966919	30.7440381	34.2348981
52.9051156	55.3299331	61.6124206
5881.3691004962	5886.6385694962	5900.2913124962
2657.2905318546	2660.9454124546	2670.4148680546
36.4251062	38.0945887	42.4200719
20.8734294	21.830125	24.3088481
14.5471606	15.2139062	16.9413831
11.9629831	12.5112856	13.9318906
10.1964837	10.6638228	11.8746556
9.14530306	9.5644625	10.6504681
8.65022925	9.04669788	10.0739131
9.21172388	9.63392756	10.72782
9.76936831	10.2171321	11.3772444
10.7943437	11.2890822	12.5709125
13.1702775	13.7739156	15.3378863
18.63902	19.4933081	21.7066919
37.2287306	38.9350481	43.3559619
2535.38854691216	2538.57926501216	2546.84615571216
46.4327362	48.5609013	54.0747931
22.0326325	23.0424594	25.6588388
14.3621894	15.0204556	16.7259662
10.7470719	11.2396456	12.5158619
9.84567175	10.2969309	11.4661056
11.4700481	11.9957581	13.3578281
12.92725	13.5197488	15.0548606
17.9132887	18.7343169	20.8615188
27.1677537	28.4129431	31.6391156
18.1453038	18.9769631	21.13172
13.1160588	13.7172113	15.2747425
15.4294075	16.1365913	17.9688331
