#?RADIANCE
genskyvec -m 1
NROWS=146
NCOLS=1
NCOMP=3
FORMAT=ascii

6.104463	6.38425081	7.10915638
18.8366013	19.6999431	21.9367925
18.3468269	19.1877237	21.36641
18.2629262	19.0999756	21.2686987
18.4150006	19.2590194	21.4458025
18.6536631	19.5086206	21.723745
18.4522456	19.2979731	21.4891794
18.6176556	19.4709625	21.6818106
18.2650794	19.1022269	21.2712081
18.6389869	19.4932731	21.7066537
18.4815625	19.3286331	21.5233206
18.70692	19.5643194	21.7857681
18.5276931	19.3768787	21.5770431
18.5350262	19.3845469	21.585585
18.7385969	19.5974469	21.8226581
19.5862506	20.4839525	22.8098206
21.9827194	22.99026	25.60071
24.0266006	25.1278175	27.98098
31.0120138	32.4333969	36.1160756
45.1355019	47.2042106	52.5640563
61.1837494	63.9880044	71.2535806
94.8544475	99.2019331	110.465913
99.9961675	104.579326	116.453889
93.261315	97.5357919	108.610586
64.9413931	67.91787	75.6296675
41.247635	43.1381512	48.03631
31.1124156	32.5383994	36.2330006
24.719495	25.8524712	28.7879144
21.9099725	22.9141794	25.51599
19.7870175	20.6939231	23.0436325
19.0066462	19.8777838	22.1348244
15.6378969	16.3546325	18.2116344
14.6566675	15.3284294	17.0689112
15.382715	16.0877575	17.9144556
15.1412319	15.8352044	17.6332288
15.1333269	15.8269356	17.6240187
14.6960188	15.369585	17.1147375
15.4245281	16.1314856	17.9631506
15.7220425	16.4426356	18.30963
15.4427994	16.1505925	17.9844281
14.2003106	14.8511581	16.5374469
14.6220406	15.2922181	17.0285863
14.69985	15.3735931	17.1192012
15.5679056	16.2814344	18.1301237
15.8765388	16.6042119	18.4895525
16.5436625	17.3019144	19.2664744
18.5810488	19.4326775	21.6391794
22.708095	23.74888	26.44547
28.4256494	29.7284931	33.1040406
42.0113281	43.9368444	48.9256938
63.1443369	66.03845	73.5368456
905.698886127962	910.364258127962	922.451843127962
1822.99577290728	1829.58139190728	1846.64410990728
103.945186	108.709358	121.052844
63.9011113	66.8299113	74.4181713
41.7159306	43.6279106	48.5816831
30.4034719	31.7969638	35.4073787
22.3086262	23.3311025	25.980255
18.8478813	19.7117425	21.94993
16.7115125	17.4774562	19.4619488
15.9972581	16.730465	18.6301425
11.7163831	12.2533819	13.6447031
11.1725862	11.6846619	13.0114069
11.0485506	11.5549425	12.8669575
11.5345706	12.0632381	13.43297
11.5016725	12.0288306	13.3946563
11.5498975	12.0792688	13.4508181
11.5306256	12.0591113	13.4283756
11.6041925	12.13605	13.5140488
11.196745	11.7099288	13.0395425
11.6280469	12.1609994	13.5418313
11.9101412	12.4560219	13.8703513
13.1238969	13.7254081	15.2838725
15.0828013	15.7740975	17.5651812
18.8439175	19.7075956	21.9453131
28.2236362	29.5172169	32.8687775
46.5928612	48.7283669	54.2612738
83.0336137	86.8393175	96.6995669
1234.58523721257	1239.93330421257	1253.78962821257
60.3769194	63.1441913	70.313955
34.8748706	36.4733025	40.6146938
23.1480644	24.2090187	26.9578525
17.2221762	18.011525	20.05666
13.5399144	14.1604925	15.7683575
12.4823925	13.0545019	14.5367863
9.76221462	10.2096483	11.3689131
9.51892619	9.95520956	11.0855838
9.22543175	9.64826325	10.7437844
9.26863269	9.693445	10.7940956
9.38547338	9.8156405	10.9301656
9.33268625	9.7604335	10.8686919
9.27130894	9.69624306	10.7972113
9.41239913	9.8438	10.9615238
9.40415844	9.83518156	10.9519281
9.65799212	10.1006495	11.2475388
10.0556881	10.5165739	11.7106863
10.7997576	11.2947456	12.5772181
12.218675	12.7786981	14.2296662
15.9582162	16.6896363	18.584675
22.1035225	23.1165994	25.7413963
29.6546994	31.0138713	34.5353706
42.5626737	44.5134631	49.5677837
47.9732244	50.1719956	55.86882
39.3128494	41.1146875	45.7830906
26.8351956	28.0651431	31.2518244
18.9786081	19.84846	22.1021712
14.0896606	14.7354362	16.4085831
11.6982456	12.234415	13.6235825
10.6871481	11.1769762	12.4460756
8.88372444	9.290895	10.3458376
8.44698256	8.834136	9.83721581
8.19859144	8.57436013	9.54794356
8.22617012	8.60320281	9.58006112
8.23928956	8.61692338	9.59534006
8.2450345	8.62293187	9.60203038
8.42038263	8.80631638	9.80623669
8.87801906	9.28492806	10.3391936
9.51608294	9.95223594	11.0822706
11.2046737	11.7182206	13.0487756
13.3375738	13.9488781	15.5327156
18.6737363	19.5296163	21.747125
24.6251562	25.7538088	28.6780481
24.6979	25.8298856	28.7627637
19.4830169	20.3759888	22.6895969
14.4484681	15.11069	16.8264462
11.4687356	11.9943856	13.3563
9.72606825	10.1718454	11.3268175
8.39442075	8.77916494	9.776003
7.87508388	8.236025	9.17119194
7.73345069	8.08790006	9.00624794
7.79246156	8.14961531	9.07497112
7.97170419	8.33707369	9.28371438
8.68738044	9.08555175	10.1171794
10.0853872	10.5476338	11.745275
12.0920862	12.6463044	14.0822413
15.246445	15.94524	17.755755
14.4572075	15.1198281	16.8366225
11.7977312	12.3384606	13.7394437
9.42212931	9.8539765	10.9728544
8.404221	8.789414	9.78741562
7.90420981	8.26648588	9.20511144
8.10577263	8.47728687	9.43984806
9.05109712	9.46593906	10.5407568
10.1246304	10.5886759	11.7909762
9.827521	10.2779487	11.4449681
8.58110731	8.97440775	9.99341488
