#?RADIANCE
genskyvec -m 1
NROWS=146
NCOLS=1
NCOMP=3
FORMAT=ascii

26.6159019	27.8357994	30.9964375
29.6793419	31.0396431	34.5640681
31.7676419	33.2236587	36.9960669
32.8661244	34.3724862	38.2753419
32.7393512	34.2399025	38.1277031
29.6185194	30.9760331	34.4932356
28.2920494	29.5887681	32.9484519
27.0716062	28.3123875	31.5271419
24.7619494	25.8968713	28.8373544
22.6349013	23.6723331	26.3602287
26.6925706	27.9159794	31.0857237
25.0197819	26.1665206	29.1376238
28.52529	29.8326969	33.2200775
30.5636519	31.9644844	35.5939219
32.1376888	33.6106656	37.42702
35.7265187	37.3639844	41.6065119
37.7890319	39.5210294	44.00848
40.38517	42.2361556	47.0318994
39.9000919	41.7288463	46.4669856
38.5852025	40.3536875	44.9356869
37.9935788	39.7349494	44.2466894
33.9224137	35.4771888	39.50548
31.8960875	33.3579894	37.1456538
28.2949875	29.5918394	32.9518713
27.0582187	28.2983869	31.5115531
26.4823163	27.6960919	30.8408688
26.0017125	27.1934569	30.2811631
27.1227325	28.3658544	31.5866837
26.1548544	27.3536188	30.4595081
27.6685581	28.9366981	32.2223419
28.4118856	29.7140956	33.08801
16.6843069	17.4490025	19.4302675
15.4532212	16.161495	17.996565
17.3246225	18.1186675	20.1759669
16.5042044	17.2606481	19.2205225
16.0190019	16.7532037	18.6554619
14.7089594	15.3831206	17.1298088
15.56465	16.2780294	18.1263331
15.7350431	16.4562312	18.3247687
15.4803744	16.1898925	18.0281869
14.7041831	15.3781238	17.1242456
16.5008744	17.2571638	19.2166437
18.2714706	19.1089138	21.2786512
21.3433725	22.3216106	24.8561375
24.06452	25.1674762	28.02514
26.6187087	27.8387325	30.9997075
30.1401	31.52152	35.1006594
33.2143313	34.7366531	38.6808587
33.7353238	35.2815256	39.2875994
32.00361	33.4704413	37.2708731
28.7617213	30.0799662	33.4954231
25.7650162	26.9459131	30.0055106
22.8690594	23.9172225	26.6329269
19.3645369	20.2520763	22.5516175
18.2793775	19.1171831	21.2878587
16.8580444	17.6307056	19.6325988
16.1544513	16.8948612	18.8132037
14.9048081	15.5879431	17.3578912
15.2300406	15.9280819	17.7366506
15.0881538	15.7796938	17.5714144
15.8397344	16.5657212	18.4466919
10.3175562	10.7904434	12.0156537
9.93096438	10.3861318	11.5654362
9.94305719	10.3987795	11.5795175
10.5454922	11.0288276	12.2811056
10.4385287	10.9169613	12.1565363
10.6222334	11.109085	12.3704762
11.1360975	11.6465013	12.968915
12.2518169	12.8133581	14.2682625
13.3448475	13.9564856	15.5411887
16.0188437	16.7530406	18.6552788
18.9525931	19.8212544	22.0718769
24.5030669	25.6261256	28.5358656
31.5029538	32.9468388	36.6878169
37.7705725	39.5017219	43.9869819
36.5548675	38.2302975	42.57119
29.9255688	31.2971575	34.8508213
22.5872925	23.6225413	26.304785
19.0436444	19.9164781	22.1779112
15.4009994	16.1068769	17.9357481
13.1784475	13.7824588	15.3474006
11.8728019	12.4169731	13.82687
11.004205	11.5085644	12.8153131
10.169755	10.6358678	11.8435275
10.3298901	10.8033423	12.0300169
8.33472431	8.71673238	9.70648162
8.298284	8.67862169	9.66404413
8.20837512	8.58459225	9.55933769
8.34282206	8.72520125	9.71591225
8.72315794	9.12296894	10.1588454
9.02313763	9.43669775	10.508195
9.87842344	10.3311832	11.5042481
11.140895	11.6515213	12.9745031
12.97247	13.5670394	15.1075212
15.3691431	16.0735606	17.8986475
19.8186444	20.7269981	23.0804644
29.4100031	30.75796	34.2504006
41.1227775	43.0075688	47.8909025
60.0176788	62.7684863	69.8955912
56.8124994	59.416405	66.1628931
41.1369706	43.022415	47.9074325
26.3814431	27.5905925	30.72339
19.08526	19.9599994	22.226375
14.8467481	15.5272219	17.2902744
12.4250981	12.9945806	14.4700619
10.877415	11.3759631	12.6676575
9.73290006	10.1789912	11.3347737
9.01481069	9.42798894	10.4984987
8.68298594	9.08095581	10.1120613
8.19064738	8.56605181	9.53869213
7.99828694	8.36487475	9.31467181
8.11600744	8.487991	9.45176763
8.48061638	8.86931087	9.87638462
9.20212556	9.6238895	10.7166437
10.9010506	11.4006819	12.6951819
12.9810163	13.5759787	15.1174762
18.2968644	19.1354694	21.3082244
27.5308256	28.792655	32.0619437
58.4983512	61.1795219	68.1262069
8024.7480297656	8029.5584127656	8042.0216307656
1589.87549891666	1592.96633271666	1600.97441141666
31.2335669	32.665105	36.3740925
17.9364569	18.7585431	20.8884994
13.5108912	14.1301394	15.7345606
10.9264392	11.4272337	12.7247488
9.42115444	9.85295725	10.97172
8.61611425	9.01101919	10.0341838
8.78872044	9.19153669	10.2351986
8.91766956	9.32639556	10.3853705
9.35981519	9.78880694	10.9002854
10.7247167	11.2162663	12.4898269
13.7329237	14.3623475	15.9931337
22.7163031	23.7574675	26.4550294
44.7150644	46.7645044	52.0744219
1396.71250895548	1399.21919835548	1405.71380715548
29.0535244	30.3851419	33.8352506
16.3750119	17.1255325	19.0700662
11.2725856	11.7892463	13.1278656
9.79637831	10.2453777	11.4086994
10.7862509	11.28062	12.56149
11.3613919	11.8821225	13.2312881
14.4949575	15.1593081	16.8805856
21.909235	22.9134075	25.5151313
18.0288431	18.8551644	20.9960913
13.1068625	13.7075944	15.2640338
13.956335	14.5959994	16.2533156
