#?RADIANCE
genskyvec -m 1
NROWS=146
NCOLS=1
NCOMP=3
FORMAT=ascii

23.7055156	24.7920169	27.6070488
28.5375112	29.8454781	33.2343112
30.465445	31.8617775	35.4795519
31.8223087	33.2808281	37.0597312
32.4705694	33.9588025	37.8146856
30.8231144	32.2358406	35.8960862
30.267405	31.6546606	35.2489181
29.6170856	30.9745344	34.4915644
27.48312	28.7427625	32.006385
25.4815538	26.6494575	29.6753925
28.5609219	29.8699631	33.2615756
26.2915969	27.4966269	30.618755
28.6043731	29.9154056	33.3121756
29.86706	31.235965	34.78268
31.3353781	32.7715825	36.4926625
35.5470306	37.1762687	41.3974819
40.1471656	41.9872419	46.7547212
44.8449531	46.9003444	52.225685
49.8833269	52.1696444	58.0932925
53.5759806	56.0315462	62.3937
53.1478837	55.583825	61.8951438
49.65823	51.9342319	57.8311506
43.9592831	45.9740806	51.1942513
38.3881719	40.1476281	44.7062269
34.73646	36.3285456	40.4535037
31.3243125	32.7600087	36.4797744
29.3578438	30.7034112	34.1896569
28.6522025	29.9654269	33.3678788
26.9135194	28.1470556	31.3430362
27.2685112	28.5183156	31.7564556
27.51169	28.7726413	32.0396556
17.9356956	18.7577469	20.8876131
16.9087631	17.6837487	19.691665
18.8267406	19.6896312	21.9253094
18.4347256	19.2796506	21.4687756
18.3374387	19.1779037	21.3554763
17.2106825	17.9995038	20.0432738
18.24529	19.0815319	21.2481625
18.3477206	19.1886562	21.3674494
17.560765	18.3656331	20.4509756
15.8251819	16.5505012	18.4297412
16.9921013	17.7709056	19.7887175
18.0894037	18.9185019	21.06662
20.7970675	21.7502662	24.2199194
23.580655	24.6614356	27.4616394
27.0032794	28.24093	31.4475725
33.2738237	34.7988737	38.7501437
40.4394006	42.2928731	47.0950562
48.3813088	50.5987831	56.3440706
53.6130937	56.07036	62.4369206
52.7240856	55.1406037	61.4015944
46.7692312	48.9128212	54.4666731
38.5011088	40.2657413	44.8377506
30.5804013	31.9820006	35.6134281
26.2735544	27.4777587	30.597745
22.7740694	23.8178806	26.522305
20.7237088	21.6735444	24.1344887
18.2437938	19.0799681	21.2464213
17.673545	18.4835819	20.5823181
16.9524	17.729385	19.7424844
17.3081394	18.1014288	20.1567719
12.0140581	12.5647037	13.9913731
11.596745	12.1282625	13.5053775
11.6460156	12.1797937	13.5627581
12.3858163	12.9534981	14.4243163
12.2544431	12.8161044	14.2713213
12.2293669	12.7898806	14.2421187
12.2877563	12.8509425	14.3101162
12.7653437	13.3504219	14.8663069
13.1377956	13.7399444	15.3000575
15.243005	15.9416425	17.7517525
17.8914356	18.7114575	20.8360675
23.8824631	24.977075	27.8131194
33.017105	34.5303869	38.45117
46.7490856	48.89175	54.4432063
62.0932475	64.93919	72.3127675
64.2608219	67.2061088	74.8370869
49.0152962	51.2618319	57.0824012
35.9268825	37.57353	41.8398513
24.9969013	26.1425894	29.1109744
19.4378931	20.3287956	22.6370481
16.037135	16.7721694	18.6765819
14.0696194	14.7144781	16.385245
12.4671825	13.0385956	14.5190744
12.2307244	12.7912994	14.2436987
9.91048819	10.364718	11.54159
9.76144144	10.2088407	11.3680125
9.54892525	9.986584	11.1205194
9.62241881	10.0634452	11.2061094
9.82958675	10.2801083	11.4473725
9.88529594	10.3383707	11.5122519
10.2258844	10.6945694	11.9088937
11.0257088	11.5310537	12.8403563
12.2790006	12.8417881	14.2999206
14.2125394	14.8639462	16.5516875
17.8491019	18.6671869	20.7867662
24.5348588	25.6593725	28.5728906
33.1940925	34.7154881	38.6572887
55.5732856	58.1203931	64.7197244
2585.00906784279	2588.98536284279	2599.28758964279
3108.67837571287	3113.21940971287	3124.98483271287
65.1218206	68.1065687	75.8397912
40.8260438	42.6972375	47.5453337
26.251155	27.4543337	30.5716606
18.9943469	19.8649206	22.1205019
15.0982481	15.7902519	17.5831712
12.6078088	13.1856656	14.6828438
11.2174631	11.7315969	13.0636712
10.5360744	11.0189769	12.2701369
9.62460231	10.0657291	11.2086531
9.14405913	9.56316181	10.6490194
8.99812519	9.41053881	10.4790662
9.11197606	9.52960787	10.6116556
9.49189319	9.926938	11.0541025
10.5987906	11.0845675	12.343175
12.1835556	12.7419687	14.1887663
16.188105	16.9300588	18.8523988
21.8640794	22.8661819	25.4625456
36.0024306	37.6525412	41.9278338
57.023075	59.6366313	66.4081256
4570.42002842812	4574.80444052812	4586.16405952812
68.8067725	71.9604138	80.1312256
34.1407619	35.7055462	39.7597644
21.8066981	22.80617	25.3957162
15.3030219	16.0044119	17.8216469
12.0455262	12.5976137	14.0280188
10.4607597	10.94021	12.182425
10.1029098	10.5659596	11.7656813
9.75842769	10.2056889	11.3645044
9.75628713	10.2034501	11.3620106
10.6474417	11.1354512	12.3998356
13.070815	13.6698931	15.2220544
19.3021575	20.1868387	22.4789713
30.7054719	32.112805	35.7590813
43.1276381	45.1043206	50.2257325
42.7234931	44.6816506	49.7550694
25.1700481	26.3236744	29.31262
15.2975194	15.9986556	17.8152362
11.994495	12.5442438	13.9685913
12.3920356	12.9600031	14.4315594
12.1762056	12.7342825	14.1802087
14.7435731	15.41932	17.1701212
21.0908969	22.0575625	24.5621075
21.5766594	22.56559	25.1278194
16.4726731	17.2276694	19.1837994
15.5663881	16.2798469	18.1283575
