#?RADIANCE
genskyvec -m 1
NROWS=146
NCOLS=1
NCOMP=3
FORMAT=ascii

28.10263	29.3906688	32.7278562
31.0978713	32.5231887	36.2160637
31.1240906	32.5506113	36.2465988
30.9212694	32.3384919	36.0103963
29.7591838	31.1231469	34.6570525
26.5694056	27.7871687	30.9422881
25.9007056	27.0878231	30.1635331
25.8186231	27.0019756	30.0679394
25.6985263	26.8763731	29.9280756
25.66878	26.8452644	29.8934344
31.4291625	32.8696638	36.6018819
31.7779819	33.2344694	37.0081094
36.3213112	37.9860356	42.2991963
38.5264731	40.29227	44.8672912
39.3451969	41.1485163	45.8207637
40.7423225	42.6096775	47.44783
39.5699263	41.3835463	46.0824781
39.2033163	41.0001337	45.6555306
35.4267906	37.0505187	41.2574531
31.9643844	33.4294181	37.2251925
31.2510887	32.6834319	36.3945012
27.4360738	28.6935581	31.9515944
27.1375069	28.3813087	31.60389
25.0257737	26.1727875	29.1446013
25.94993	27.1392988	30.2208569
28.0266369	29.3111894	32.6393556
29.3125994	30.6560925	34.1369675
31.5964294	33.0445975	36.7966763
30.4494644	31.8450631	35.46094
31.5876481	33.0354144	36.7864512
31.0115369	32.4328975	36.1155219
17.2645869	18.0558788	20.1060494
15.4061725	16.1122869	17.9417719
16.6916894	17.4567244	19.4388644
15.6543719	16.3718619	18.2308213
15.4434075	16.15123	17.9851369
14.9784088	15.6649181	17.443605
16.4554981	17.20971	19.1638025
17.9110794	18.7320038	20.8589475
19.4586931	20.3505487	22.6612713
20.122825	21.04512	23.4347069
23.2971231	24.3649081	27.1314425
26.2975312	27.5028331	30.6256681
30.017695	31.3935069	34.9581094
32.7285569	34.2286144	38.115135
33.4590931	34.9926331	38.9659044
32.3796294	33.8636956	37.7087775
31.1509613	32.5787131	36.2778913
26.9850544	28.22187	31.4263475
23.7689075	24.858315	27.6808738
20.7776531	21.7299606	24.1973081
18.9008031	19.76709	22.0115619
17.3986694	18.1961081	20.2622025
15.3398756	16.0429531	17.8645631
15.8275544	16.5529838	18.4325062
15.88952	16.6177875	18.50467
16.3874181	17.1385069	19.0845125
15.8751306	16.6027406	18.4879119
16.7717931	17.5404994	19.53215
16.52401	17.2813581	19.243585
17.0203656	17.8004688	19.8216375
10.6295039	11.1166879	12.3789419
10.2065241	10.6743224	11.8863487
10.290013	10.7616381	11.98358
11.1097994	11.6189975	12.9382887
11.7418825	12.2800525	13.6744019
13.0061112	13.6022237	15.1467019
14.8304663	15.510195	17.2713144
17.5300681	18.3335294	20.4152263
20.3532431	21.2861	23.7030494
25.7345781	26.9140769	29.9700606
31.8488619	33.3086006	37.0906556
36.2556138	37.9173287	42.2226856
34.1906706	35.7577419	39.8178881
28.7850481	30.1043606	33.5225875
22.6267231	23.66378	26.3507038
18.6432175	19.4976994	21.7115806
15.224715	15.9225144	17.7304494
13.7989381	14.4313906	16.0700144
11.9823406	12.5315306	13.954435
10.9242394	11.4249319	12.7221875
10.793755	11.2884687	12.5702275
10.7239979	11.2155138	12.48899
10.3003168	10.772415	11.9955781
10.7305275	11.2223424	12.4965925
8.61940444	9.01446038	10.0380154
8.79625306	9.1994145	10.2439697
9.06343044	9.47883737	10.5551194
9.55817781	9.99626144	11.1312956
10.6962706	11.1865169	12.4566994
11.6957056	12.2317594	13.6206244
13.9244956	14.5626994	16.2162344
17.0198425	17.7999181	19.8210269
22.3954219	23.4218781	26.0813363
30.47898	31.8759337	35.495315
47.1367	49.2971319	54.8946187
68.4621725	71.6000206	79.7299088
57.6882262	60.3322675	67.18275
34.9642625	36.5667906	40.7187988
24.0405756	25.1424362	27.9972569
18.7603225	19.6201706	21.8479581
14.9891738	15.6761775	17.4561431
12.7356813	13.3193981	14.8317619
11.0721594	11.5796344	12.8944544
9.98328006	10.4408468	11.62636
9.34614162	9.774506	10.8843619
8.97995719	9.391538	10.4579097
8.72569306	9.12562038	10.1617967
8.71852375	9.11812238	10.1534469
8.46321044	8.85110731	9.85611444
8.77693912	9.17921519	10.2214774
9.49690981	9.9321845	11.0599425
10.6692706	11.1582787	12.425255
12.4677025	13.0391381	14.5196788
17.0042313	17.7835906	19.8028462
24.3784806	25.4958269	28.3907763
50.9160644	53.2497169	59.2960013
5094.61111054861	5099.17444844861	5110.99767944861
3856.52596105274	3860.35253975274	3870.26685725274
42.1841675	44.1176087	49.1269787
23.1090444	24.1682088	26.9124094
15.7650162	16.4875788	18.3596756
12.1737306	12.7316931	14.177325
10.5207148	11.002915	12.25225
9.32919056	9.75677869	10.8646194
8.66580725	9.06299012	10.0920549
8.43529419	8.82191175	9.82360387
9.24709231	9.67091756	10.76901
10.1953422	10.6626284	11.8733262
11.8760813	12.4204019	13.8306869
15.6381844	16.3549338	18.2119681
24.5076631	25.6309306	28.5412194
51.2363094	53.5846375	59.6689556
2472.38650419164	2474.97546669164	2481.68324169164
30.1645138	31.5470531	35.12909
16.7591506	17.5272794	19.5174281
12.3519281	12.91806	14.3848519
9.9097925	10.3639919	11.5407794
9.48216875	9.916768	11.0427769
11.4336887	11.9577325	13.3154838
13.6416694	14.2669125	15.8868606
19.780905	20.6875275	23.0365131
26.8244419	28.053895	31.2393
16.2125538	16.9556281	18.8808712
12.2452931	12.8065344	14.2606644
15.3184319	16.0205275	17.8395944
