#?RADIANCE
genskyvec -m 1
NROWS=146
NCOLS=1
NCOMP=3
FORMAT=ascii

28.5888725	29.8991956	33.2941275
33.4085644	34.9397888	38.9070587
33.2680831	34.79287	38.7434575
32.970865	34.4820275	38.3973206
31.6765837	33.1284263	36.8900237
28.3018969	29.5990669	32.9599188
27.6783138	28.9469025	32.2337062
27.6828288	28.9516256	32.2389644
27.7521106	29.0240819	32.3196475
27.9423631	29.2230544	32.5412144
34.2799413	35.8511044	39.9218488
34.8594331	36.4571575	40.5967187
39.8814281	41.7093238	46.4452462
42.2662963	44.2034994	49.2226256
43.0580231	45.0315125	50.14466
44.3324537	46.3643556	51.6288394
42.7868319	44.7478913	49.8288331
42.10943	44.0394444	49.0399406
37.8371719	39.5713744	44.0645412
33.9818475	35.53935	39.5746969
33.1900756	34.7112863	38.65261
29.1254687	30.4603863	33.9190387
28.8822275	30.2059944	33.6357625
26.7207663	27.9454669	31.11856
27.9021425	29.1809906	32.4943731
30.2759406	31.6635875	35.2588569
31.7869844	33.2438863	37.0185938
34.2861987	35.8576506	39.9291394
32.9873575	34.4992775	38.4165281
34.1336444	35.6981031	39.7514769
33.4116344	34.9429994	38.910635
18.4894962	19.3369319	21.5325625
16.4629494	17.2175	19.1724762
17.8080519	18.6242544	20.7389625
16.7068012	17.4725294	19.4564625
16.5388831	17.2969156	19.2609094
16.1353806	16.8749187	18.7909962
17.7956319	18.6112644	20.7244975
19.4871356	20.3802963	22.6943937
21.3237194	22.3010556	24.8332488
22.2121444	23.2302006	25.8678962
25.8152956	26.9984944	30.0640619
29.2487688	30.5893363	34.0626294
33.3259125	34.8533494	38.8108044
36.2247394	37.8850394	42.18673
36.72676	38.41007	42.7713775
35.0745013	36.6820819	40.8471831
33.4374644	34.9700137	38.940715
28.7368781	30.053985	33.4664913
25.1905919	26.3451594	29.3365425
21.9614419	22.9680069	25.5759306
19.9582463	20.8729987	23.2430406
18.3939344	19.23699	21.4212713
16.2628075	17.0081856	18.9393944
16.8836894	17.6575238	19.6624644
17.0369694	17.8178313	19.8409713
17.6366037	18.4449469	20.5392956
17.1090694	17.893235	19.9249375
18.0821531	18.9109162	21.0581744
17.7847987	18.599935	20.7118813
18.2793019	19.1171038	21.2877713
11.405115	11.9278469	13.2822044
10.9588269	11.4611063	12.7624675
11.0692513	11.5765912	12.8910662
11.9861431	12.5355094	13.958865
12.7534688	13.3380012	14.8524763
14.2339175	14.8863056	16.576585
16.35562	17.1052531	19.0474831
19.4938938	20.3873631	22.702265
22.8859606	23.9348987	26.65261
29.1877031	30.5254719	33.9915138
36.19944	37.8585794	42.1572669
40.2574356	42.1025656	46.8831406
36.9669131	38.66123	43.051055
30.6564531	32.0615394	35.7019944
23.9843256	25.0836069	27.9317462
19.72769	20.6318744	22.9745394
16.0948875	16.8325688	18.74384
14.5866131	15.2551681	16.9873275
12.7068056	13.2892013	14.7981356
11.6286525	12.1616319	13.542535
11.5449331	12.0740756	13.4450369
11.5049862	12.0322981	13.3985163
11.0618169	11.5688162	12.8824069
11.5251191	12.0533537	13.4219638
9.28914169	9.71489337	10.8179806
9.49869137	9.934048	11.0620194
9.83144444	10.2820526	11.4495356
10.405975	10.8829156	12.1186256
11.7241256	12.2614831	13.6537231
12.8931594	13.484095	15.0151594
15.5143481	16.2254231	18.0677525
19.2058694	20.0861369	22.3668363
25.7578781	26.9384469	29.9971975
35.5838338	37.2147569	41.4403419
55.1276469	57.6543294	64.2007438
76.0305013	79.5152306	88.5438581
61.0793306	63.8787988	71.1319744
36.5537112	38.22909	42.5698456
25.2788038	26.4374144	29.439275
19.8298081	20.7386744	23.0934644
15.8929563	16.6213825	18.5086731
13.5161156	14.1356069	15.740645
11.7627881	12.3019138	13.6987475
10.6311575	11.1184181	12.38087
9.98204906	10.4395601	11.6249287
9.62183881	10.0628392	11.2054337
9.37021012	9.79967794	10.9123919
9.37402575	9.80366819	10.916835
9.16127056	9.58116156	10.6690625
9.54543038	9.98292925	11.11645
10.3947737	10.8712013	12.1055813
11.7633175	12.3024681	13.6993625
13.8752062	14.5111525	16.1588344
19.3165231	20.2018644	22.4957031
28.3057013	29.603045	32.9643506
60.6354906	63.4146144	70.6150862
6007.48772274544	6012.75987574544	6026.41953074544
3276.6372145568	3280.4943276568	3290.4877963568
42.9649275	44.9341525	50.0362412
24.2046387	25.3140169	28.18832
16.7424231	17.5097844	19.4979475
12.9881937	13.583485	15.125835
11.2537381	11.7695356	13.1059175
10.0022203	10.4606554	11.6484206
9.315989	9.742972	10.8492463
9.09812156	9.51511856	10.5955212
10.0652786	10.5266039	11.7218575
11.1867636	11.69949	13.0279194
13.1689225	13.7725	15.3363088
17.6342087	18.4424437	20.5365063
28.0462613	29.3317138	32.6622087
57.345165	59.9734831	66.7832269
2248.44036340211	2251.11807330211	2258.05578400211
31.4491975	32.8906175	36.6252144
17.8619437	18.680615	20.8017225
13.2746181	13.8830375	15.4594
10.680755	11.1702887	12.4386281
10.2740202	10.7449119	11.9649538
12.5145406	13.0881231	14.5742256
15.0900125	15.7816363	17.5735756
22.0161669	23.02524	25.6396625
29.2098869	30.5486731	34.0173494
17.5658225	18.3709231	20.4568663
13.3044313	13.9142156	15.49412
16.8152187	17.5859156	19.582725
