#?RADIANCE
genskyvec -m 1
NROWS=146
NCOLS=1
NCOMP=3
FORMAT=ascii

0.409529431	0.428299513	0.476931175
5.56352112	5.81851562	6.47918412
5.17459063	5.41175931	6.02624225
5.07247062	5.30495887	5.90731506
5.14188412	5.37755381	5.988153
5.47543637	5.72639388	6.37660225
5.50146931	5.75361988	6.40691988
5.5771865	5.83280725	6.49509869
5.62888	5.88687012	6.55530031
5.93455825	6.20655869	6.91128813
5.34955681	5.59474481	6.23000506
5.64591231	5.90468319	6.57513563
5.25417138	5.49498744	6.11892062
5.15020769	5.38625881	5.9978465
5.18752037	5.42528162	6.04130031
5.17274606	5.40983013	6.02409431
5.76673238	6.03104075	6.71584081
5.83640894	6.10391088	6.796985
7.34357825	7.68015869	8.55220938
9.74094125	10.1874005	11.344138
12.6069879	13.1848094	14.6818894
19.6971044	20.5998875	22.9389219
41.5150286030034	42.7810592030034	46.0612361030034
86.6148751962276	88.3710838962276	92.9212726962276
48.83937846045	50.33482226045	54.20938406045
19.1940719	20.0737975	22.3530963
13.1701684	13.7738012	15.33776
9.41161856	9.84298387	10.9606147
7.72173313	8.07564575	8.99260269
6.40264894	6.69610331	7.45641844
5.83800656	6.10558169	6.7988455
5.50158819	5.75374413	6.40705819
5.16598325	5.40275731	6.01621819
5.28516119	5.52739763	6.155011
5.30036788	5.54330119	6.17272038
5.3791395	5.62568344	6.26445669
5.35843706	5.60403187	6.24034681
5.58223806	5.83809044	6.50098163
5.70126	5.96256769	6.63959256
5.63604269	5.89436131	6.56364163
5.282523	5.52463831	6.15193837
5.30166881	5.54466169	6.17423544
5.21846506	5.4576445	6.07733781
5.31322444	5.55674681	6.18769281
5.23944625	5.47958744	6.10177225
5.319598	5.56341256	6.19511544
5.66267538	5.92221431	6.59465769
6.41331919	6.7072625	7.46884494
7.20518538	7.53542275	8.39103962
9.102515	9.5197135	10.6006378
11.4868463	12.0133282	13.3773925
15.6567725	16.374375	18.2336169
22.3146894	23.3374444	25.9873169
24.68785	25.8193756	28.7510606
24.2050625	25.31446	28.1888113
17.9723331	18.796065	20.9302831
13.4576537	14.0744625	15.6725613
9.54892044	9.98658006	11.1205144
7.61635931	7.96544225	8.86988538
6.40132169	6.69471537	7.45487281
5.84981856	6.11793525	6.81260175
4.20897075	4.40188194	4.9016975
3.95736213	4.13874106	4.60867812
3.92402481	4.10387575	4.56985412
4.18563875	4.37748044	4.87452531
4.24035431	4.43470363	4.93824619
4.31477212	4.51253244	5.024912
4.31510612	4.51288175	5.02530113
4.31206806	4.50970444	5.02176294
4.05849969	4.24451406	4.72646131
4.10762931	4.29589562	4.78367694
4.06491888	4.25122744	4.73393694
4.239553	4.43386575	4.93731306
4.48242631	4.68787069	5.22015919
4.92216756	5.14776688	5.73227475
6.1080155	6.38796594	7.11329337
7.93844381	8.30228906	9.24497938
10.4013007	10.878026	12.1131798
14.0625948	14.7071294	16.3770637
13.6455209	14.27094	15.8913469
10.4868279	10.9674741	12.2127855
8.55163113	8.94358019	9.95908712
6.71003862	7.017582	7.81439937
5.09997994	5.33372875	5.93935194
4.61460544	4.826108	5.37409288
3.18709044	3.33316531	3.7116325
3.11639794	3.25923281	3.62930525
3.0066145	3.14441756	3.50145325
3.07125544	3.21202119	3.57673319
3.18256294	3.32843031	3.70635981
3.17359744	3.31905381	3.69591869
3.13772075	3.28153275	3.65413744
3.17998019	3.32572925	3.70335219
3.08691788	3.22840125	3.59497319
3.10524244	3.24756594	3.61631381
3.08674031	3.22821563	3.59476637
3.07573031	3.21670119	3.5819445
3.29466919	3.44567487	3.836917
3.77904925	3.95225537	4.40101781
4.40592294	4.607861	5.13106469
4.94910194	5.17593563	5.76364181
5.98636719	6.26074206	6.97162375
6.886082	7.20169388	8.01941638
7.39833513	7.73742544	8.61597812
6.615889	6.91911694	7.70475412
5.64318069	5.90182619	6.57195444
4.62899931	4.84116163	5.39085575
3.88308994	4.06106494	4.52218231
3.5892025	3.75370762	4.17992569
2.53960275	2.65600112	2.95757919
2.446363	2.55848787	2.84899369
2.37237969	2.48111356	2.76283387
2.44855363	2.56077888	2.85154494
2.46768769	2.58079012	2.87382806
2.42320394	2.53426744	2.82202312
2.44059312	2.5524535	2.84227406
2.46558581	2.57859156	2.87138006
2.49210662	2.60632813	2.90226594
2.67602487	2.79867587	3.11645406
2.788439	2.91624231	3.24736963
3.34750319	3.50093044	3.89844656
3.91127781	4.09054475	4.55500919
4.18073438	4.37235138	4.86881387
3.906631	4.08568469	4.54959731
3.5081815	3.668973	4.08556981
3.14756806	3.29183137	3.66560556
2.76344013	2.89009769	3.21825637
2.13260506	2.23034937	2.48359662
1.98466519	2.07562888	2.31130813
2.00978125	2.10189625	2.340558
2.04591425	2.13968537	2.38263787
2.00271075	2.09450156	2.33232381
2.03957869	2.13305938	2.37525938
2.18198981	2.28199756	2.54110906
2.34802038	2.45563788	2.73446531
2.68714231	2.81030294	3.12940138
2.72345288	2.84827769	3.171688
2.63226031	2.75290556	3.06548663
2.24804369	2.35107906	2.61803444
1.87017737	1.95589381	2.17797756
1.78154088	1.86319475	2.07475306
1.78934362	1.871355	2.08383969
1.88720944	1.97370644	2.19781269
1.98274475	2.07362037	2.30907138
2.02553437	2.11837138	2.35890362
1.7954115	1.87770125	2.09090637
