#?RADIANCE
genskyvec -m 1
NROWS=146
NCOLS=1
NCOMP=3
FORMAT=ascii

11.2646462	11.7809413	13.1186194
22.6829969	23.722635	26.4162431
22.0965994	23.1093606	25.7333331
22.6054881	23.6415725	26.3259763
23.7220075	24.8092656	27.6262556
25.4737606	26.6413081	29.66632
29.8876812	31.2575337	34.8066994
35.5462506	37.1754519	41.3965744
46.0727319	48.1843981	53.6555388
59.8509706	62.5941381	69.7014456
71.4075137	74.6803556	83.1600038
78.2011394	81.7853544	91.0717475
65.2963275	68.2890744	76.0430169
50.3088131	52.6146319	58.5888081
39.0598681	40.8501113	45.4884744
31.9065438	33.3689269	37.1578306
26.6933137	27.916755	31.0865894
24.8877125	26.0283988	28.9838169
22.2696225	23.2903131	25.9348325
21.5658075	22.55424	25.1151806
23.3764162	24.4478331	27.2237869
23.4097	24.4826406	27.262545
25.2000056	26.355005	29.34751
25.2100538	26.3655137	29.35921
27.7066356	28.9765225	32.2666894
28.8028113	30.1229394	33.5432762
29.3982019	30.74562	34.2366581
29.0542769	30.3859319	33.8361288
26.5930662	27.8119144	30.9698437
25.2501094	26.4074056	29.4058581
23.3799994	24.4515831	27.22796
14.5623019	15.2297425	16.959015
13.4104975	14.0251456	15.6176444
14.9274519	15.6116256	17.3842613
15.6853012	16.4042087	18.2668406
18.3996106	19.2429237	21.4278812
21.6699906	22.6631981	25.2365125
28.2674606	29.5630525	32.9198156
39.5963156	41.411145	46.1132094
58.7716331	61.46533	68.4444656
82.6297388	86.4169337	96.2292231
88.2750856	92.321025	102.8037
67.4319988	70.5226313	78.5301881
46.9772038	49.130325	54.7088713
32.3863387	33.8707131	37.7165931
24.2852531	25.398325	28.2822
18.9179219	19.7849937	22.0314988
17.648685	18.4575819	20.5533662
14.6771281	15.3498294	17.09274
13.99126	14.6325244	16.2939875
13.38255	13.995915	15.5850944
13.98941	14.6305906	16.2918344
15.0375831	15.7268038	17.5125187
14.7060794	15.3801069	17.1264556
16.8662937	17.6393331	19.6422063
17.5402719	18.3442006	20.4271094
17.9215256	18.7429269	20.8711113
16.5545769	17.3133275	19.2791844
16.3651356	17.1152019	19.0585631
15.1826906	15.8785637	17.6815106
14.84689	15.5273719	17.29044
9.79949231	10.2486342	11.4123256
9.70869781	10.1536799	11.3065881
10.6280262	11.115145	12.3772225
13.2922775	13.9015075	15.4799669
17.4057713	18.2035363	20.2704731
26.0630038	27.2575563	30.3525412
43.8270219	45.8357587	51.0402206
1502.91548473317	1506.69616033317	1516.49154103317
3088.55561714862	3093.58847714862	3106.62818814862
59.9631919	62.7115019	69.8321369
34.3157994	35.8886031	39.9636088
20.6393769	21.5853469	24.0362756
14.8077863	15.4864756	17.2449013
11.827815	12.3699231	13.7744763
10.4825644	10.9630166	12.20782
9.99389844	10.4519513	11.6387269
9.70127044	10.1459111	11.2979381
10.5002697	10.9815316	12.2284394
10.5275943	11.010109	12.2602625
10.2363757	10.7055424	11.9211144
10.8059165	11.3011879	12.5843919
10.7292022	11.2209574	12.4950494
9.86387831	10.3159721	11.4873081
9.97514269	10.4323359	11.6168856
7.85265731	8.21257044	9.14507438
8.35662562	8.73963731	9.7319875
9.35534381	9.78413	10.8950784
10.9510815	11.4530069	12.7534488
15.1476794	15.8419456	17.6407337
19.9393194	20.8532031	23.2209981
33.9069962	35.4610662	39.4875244
54.998075	57.5188181	64.0498463
1754.35536936541	1757.16691566541	1764.45138246541
42.4425925	44.3878775	49.4279375
25.6754025	26.8521919	29.9011481
16.5308569	17.2885206	19.2515581
12.98286	13.5779081	15.1196231
10.1951352	10.6624118	11.873085
8.833031	9.23787844	10.2868006
8.07549213	8.44561875	9.40458431
7.75002862	8.10523806	9.02555456
7.73597006	8.09053506	9.00918225
7.95711056	8.32181119	9.26671875
7.99424194	8.36064463	9.30996194
8.06321425	8.43277825	9.39028594
8.05072431	8.41971563	9.37574
7.81108756	8.16909537	9.0966625
7.89111994	8.25279606	9.18986731
7.07258544	7.39674544	8.23661544
7.90271713	8.26492469	9.20337338
9.38743431	9.81769081	10.9324506
12.6575837	13.2377219	14.7408125
18.0502381	18.87754	21.0210062
27.4192263	28.67594	31.931975
31.1041994	32.5298081	36.2234337
22.7002687	23.7406969	26.4363569
16.0050412	16.738605	18.6392056
11.2575819	11.7735556	13.1103937
8.89615975	9.30390063	10.3603204
7.67152294	8.02313431	8.93412831
7.01933931	7.34105869	8.174606
6.7177155	7.02561056	7.82333981
6.59971888	6.90220569	7.68592275
6.60914619	6.91206512	7.69690188
6.70294313	7.01016131	7.80613631
6.77670325	7.08730188	7.89203606
7.02755512	7.34965125	8.18417419
8.22723987	8.60432131	9.58130644
11.1306114	11.640765	12.9625262
15.8754344	16.6030581	18.4882662
16.5275825	17.2850963	19.2477481
13.1721681	13.77589	15.3400862
9.93887706	10.3944094	11.5746512
7.96278363	8.32774425	9.27332519
6.79273881	7.10407244	7.91071069
6.38887794	6.6817015	7.44038106
6.28874219	6.57697619	7.32376469
6.46184256	6.75800994	7.52535431
7.30698925	7.64189269	8.50959819
8.8741155	9.28084538	10.3346477
10.1077671	10.5710397	11.7713375
9.11884525	9.53679212	10.6196558
7.16606438	7.49450894	8.34547969
6.68749713	6.99400744	7.78814806
7.94292663	8.3069775	9.25020038
