#?RADIANCE
genskyvec -m 1
NROWS=146
NCOLS=1
NCOMP=3
FORMAT=ascii

4.158958	4.34957681	4.84345325
16.1630081	16.9038125	18.8231719
15.7035963	16.4233444	18.2881475
15.6502562	16.3675606	18.2260288
15.8001294	16.5243019	18.4005681
16.0101569	16.7439531	18.6451594
15.8491738	16.5755944	18.4576844
16.0018969	16.7353188	18.635545
15.6698006	16.3879988	18.2487906
15.9915375	16.7244825	18.6234806
15.9137894	16.6431706	18.5329337
16.0391125	16.7742388	18.6788844
15.8774094	16.6051225	18.4905669
15.7922644	16.5160769	18.3914075
15.8363381	16.5621694	18.4427369
16.4539862	17.2081275	19.16204
18.2103975	19.04504	21.2075262
19.8337181	20.7427644	23.0980206
25.0905163	26.2404981	29.2199994
36.3100312	37.9742419	42.28606
51.2505594	53.5995413	59.6855481
84.6001144	88.4776187	98.5238831
101.799116	106.4649	118.553568
99.9253569	104.505274	116.371411
67.1305475	70.2073631	78.1791212
40.4076744	42.2596906	47.0581056
29.1112431	30.4455088	33.9024706
22.3553356	23.3799544	26.0346525
19.2847331	20.168615	22.4586806
17.1705956	17.95758	19.99659
16.3456037	17.094775	19.0358194
13.159095	13.7622219	15.324865
12.2877394	12.8509269	14.3100975
12.9404556	13.5335594	15.0702394
12.7329206	13.3165106	14.8285475
12.7452113	13.3293656	14.8428594
12.3706669	12.937655	14.4066725
13.0257806	13.6227944	15.1696069
13.2929531	13.9022119	15.4807512
13.0390231	13.6366438	15.18503
11.9211069	12.4674913	13.8831231
12.2649075	12.8270481	14.2835056
12.2834988	12.8464919	14.3051575
12.9687994	13.5632012	15.1032462
13.1102063	13.7110913	15.2679294
13.4914362	14.1097919	15.7119019
14.8562213	15.5371306	17.3013081
17.9253356	18.7469144	20.87555
21.6859919	22.6799319	25.2551462
31.2874381	32.7214425	36.4368294
46.1320537	48.2464381	53.7246237
75.5862925	79.0506631	88.0265425
1734.88720990423	1740.61972890423	1755.47222290423
771.358285926275	775.987497926275	787.981372926275
61.2343362	64.0409069	71.3124894
38.62737	40.3977906	44.9847925
27.4092581	28.6655138	31.9203663
19.4775206	20.3702394	22.6831963
16.1773356	16.9187975	18.8398575
14.1714575	14.8209837	16.5038431
13.4940937	14.1125731	15.7149956
9.74015844	10.1865814	11.3432256
9.28072662	9.70609381	10.8081806
9.18687594	9.60794112	10.6988834
9.61608969	10.0568256	11.1987378
9.6000945	10.0400989	11.1801091
9.64748094	10.089657	11.2352971
9.62824094	10.0695348	11.2128894
9.67443088	10.1178409	11.2666808
9.29475594	9.72076525	10.8245183
9.59720444	10.0370758	11.1767444
9.73806013	10.1843878	11.3407831
10.5338376	11.0166369	12.2675306
11.7679287	12.3072906	13.7047331
14.1394706	14.78753	16.4665925
20.2369569	21.1644831	23.5676237
31.9842569	33.4502025	37.2483356
53.8165606	56.28315	62.6738725
558.840023832035	562.502395632035	571.991256932035
50.3471525	52.65473	58.6334569
29.4050025	30.7527313	34.2445763
19.7230888	20.6270631	22.9691825
14.5536525	15.2206925	16.9489419
11.3076162	11.8258831	13.1686619
10.4007562	10.8774571	12.1125475
8.06297606	8.43252894	9.39000775
7.87492512	8.235859	9.17100706
7.64195194	7.99220781	8.89969012
7.68892506	8.041334	8.95439475
7.79796056	8.155367	9.0813755
7.75527119	8.110721	9.03166
7.69563225	8.04834844	8.96220544
7.79600037	8.15331681	9.07909244
7.74824175	8.10336919	9.02347369
7.90409294	8.26636331	9.20497519
8.12344638	8.49577094	9.46043094
8.5397605	8.93116575	9.94526381
9.44869231	9.881757	11.0037899
11.80173	12.3426431	13.7440988
15.5937006	16.3084106	18.1601638
20.11913	21.0412569	23.4304044
28.039515	29.3246587	32.6543525
32.6837575	34.1817625	38.0629606
29.4706431	30.8213787	34.32102
21.314685	22.2916056	24.8227281
15.4660525	16.1749137	18.0115075
11.5885805	12.1197231	13.4958687
9.63728888	10.0789972	11.2234269
8.82504231	9.22952337	10.2774971
7.28051281	7.61420288	8.47876412
6.9550745	7.27384844	8.09976406
6.76533588	7.07541344	7.87879775
6.80232969	7.11410288	7.92188006
6.81140456	7.12359388	7.93244869
6.78962975	7.100821	7.90709012
6.89517681	7.21120531	8.03000825
7.16654081	7.49500687	8.34603419
7.54207037	7.8877485	8.78336994
8.582255	8.97560806	9.99475206
9.85172131	10.3032589	11.4731506
13.1463713	13.7489131	15.310045
16.9201044	17.6956081	19.7048719
17.63315	18.441335	20.5352731
14.6562525	15.3279975	17.0684294
11.3583928	11.878985	13.2277962
9.24832819	9.67221006	10.7704493
7.92548175	8.28873281	9.22988444
6.82880812	7.14179519	7.95271669
6.43569369	6.73066275	7.49490194
6.34456369	6.63535594	7.3887735
6.38330756	6.67587575	7.43389406
6.46605388	6.76241444	7.53025888
6.89109512	7.20693669	8.02525481
7.75308806	8.10843769	9.02911712
8.99675137	9.40910206	10.4774679
11.0524039	11.5589731	12.8714481
10.7825908	11.2767948	12.5572275
9.21674544	9.63917844	10.7336684
7.541899	7.88756906	8.78317031
6.73124006	7.03975494	7.83909025
6.37252812	6.66460219	7.42134031
6.48057256	6.7775985	7.547167
7.06835938	7.39232569	8.23169394
7.78589881	8.14275238	9.06732856
7.67076037	8.02233669	8.93324
6.78780231	7.09890981	7.904962
