#?RADIANCE
genskyvec -m 1
NROWS=146
NCOLS=1
NCOMP=3
FORMAT=ascii

10.5364512	11.0193706	12.270575
27.362685	28.6168081	31.8661281
28.0998331	29.3877413	32.7245994
29.0363706	30.3672031	33.815275
30.1280444	31.5089106	35.08662
30.5176738	31.9164	35.5403769
30.4875694	31.884915	35.5053162
30.7029744	32.1101938	35.7561744
29.26641	30.607785	34.083175
28.7270963	30.0437531	33.4550981
29.1486506	30.4846294	33.9460362
27.8372719	29.1131469	32.418825
27.6367087	28.9033919	32.1852531
27.3332069	28.5859769	31.8317981
27.5549575	28.8178925	32.0900469
29.7956537	31.1612875	34.6995244
34.2208569	35.7893125	39.8530413
38.946065	40.7310925	45.3559406
49.9523662	52.2418487	58.173695
69.2701531	72.4450337	80.6708688
84.7682825	88.6534869	98.7197219
106.200351	111.067877	123.679175
95.7648537	100.154071	111.526151
83.7524781	87.5911306	97.5367437
64.4791875	67.4344813	75.0913925
46.5121725	48.6439794	54.1673044
38.5261681	40.2919494	44.866935
32.7013162	34.2001269	38.0834106
29.5623019	30.9172413	34.4277663
27.4817788	28.7413612	32.0048256
26.9034919	28.1365681	31.3313606
19.791485	20.6985944	23.0488344
18.5456894	19.3956994	21.5980031
20.5439694	21.4855687	23.9251663
20.5084963	21.4484675	23.8838531
20.8658525	21.8222037	24.3000256
20.02919	20.9471925	23.3256612
21.5517338	22.5395219	25.0987913
21.9327663	22.9380169	25.5425369
20.8894837	21.8469181	24.3275456
18.0409575	18.8678337	21.0102012
18.5450563	19.3950381	21.5972662
18.4823362	19.3294431	21.5242206
20.003785	20.9206262	23.2960756
20.7956663	21.7488006	24.2182881
22.3225694	23.3456875	25.9964925
26.4573581	27.6699862	30.8118013
34.1568794	35.7224006	39.7785331
43.8092975	45.8172206	51.0195787
64.4799469	67.4352769	75.0922769
91.2073987	95.387735	106.218639
119.753312	125.242019	139.462731
114.328431	119.568481	133.144987
82.1380337	85.9026906	95.6565831
57.4078206	60.03901	66.8561931
41.650205	43.5591719	48.5051387
32.93818	34.447845	38.3592556
25.4637756	26.6308656	29.6546912
22.4067125	23.4336856	26.0944856
20.1391875	21.0622325	23.4537631
19.704555	20.6076806	22.9475981
12.9402587	13.533355	15.07001
12.2982238	12.8618931	14.3223075
12.3928831	12.9608894	14.4325456
13.5450569	14.1658725	15.7743488
13.5828256	14.2053737	15.8183338
13.6241169	14.248555	15.8664206
13.4360244	14.0518425	15.6473712
13.3586819	13.9709563	15.5573006
12.5285012	13.1027238	14.5904837
13.2427094	13.8496656	15.4222375
13.8850681	14.5214656	16.1703194
16.3876819	17.1387819	19.0848213
20.3006044	21.2310475	23.6417463
27.3568637	28.6107194	31.85935
44.1316944	46.1543944	51.3950369
76.0924056	79.5799687	88.6159475
2863.08890738026	2869.46678838026	2885.99133838026
1473.50600387356	1478.41919187356	1491.14884287356
55.075475	57.5997669	64.1399837
33.6352112	35.1768244	39.1710094
23.5399775	24.6188925	27.4142669
18.2566375	19.0934012	21.2613781
14.496635	15.161065	16.88254
13.6191956	14.2434081	15.8606894
9.71455175	10.1598012	11.313405
9.53593837	9.97300275	11.1053964
9.23114888	9.65424363	10.7504445
9.39815662	9.82890444	10.9449371
9.67491269	10.1183457	11.2672409
9.58027031	10.0193654	11.1570232
9.42618081	9.85821438	10.977573
9.62884869	10.0701697	11.2135963
9.61719381	10.0579818	11.200025
10.1113901	10.5748278	11.7755569
10.9781224	11.481285	12.7849381
12.5215806	13.0954875	14.5824263
15.2274325	15.9253563	17.7336156
22.2252106	23.2438662	25.8831131
33.8172269	35.3671831	39.3829819
48.5615131	50.7872469	56.55393
1557.58190235974	1560.91471355974	1569.54973485974
66.3262594	69.3662081	77.2424638
42.5773931	44.5288575	49.5849281
27.0760675	28.3170531	31.5323388
19.0388288	19.91144	22.172305
14.2611325	14.9147669	16.6082781
11.7802744	12.3202038	13.7191112
10.7794665	11.2735262	12.5535887
8.31101806	8.69193962	9.67887331
7.84264306	8.20209731	9.133412
7.55827812	7.90469888	8.80224525
7.66919719	8.020702	8.93141956
7.71473238	8.06832425	8.98444925
7.74918063	8.10435113	9.024567
8.08599063	8.45659831	9.41681031
8.99597719	9.40829262	10.4765654
10.2294815	10.6983316	11.9130831
13.34492	13.9565619	15.5412725
17.0883981	17.8716156	19.9008644
26.6791031	27.901895	31.0700412
35.9759031	37.6247975	41.8969388
30.5504387	31.9506669	35.5785337
21.1458244	22.1150075	24.6260769
14.5762	15.2442769	16.9752006
11.1813056	11.6937812	13.0215638
9.26501425	9.68966087	10.7898819
7.61149506	7.96035494	8.86422069
6.99101425	7.31143544	8.14161912
6.87114825	7.18607556	8.00202513
7.026168	7.34820038	8.18255844
7.39615281	7.73514281	8.61343675
8.69951669	9.09824425	10.1313134
11.1273792	11.6373861	12.9587625
14.3066769	14.9623988	16.6613188
18.6591906	19.5144037	21.7301844
15.99354	16.7265781	18.6258125
11.7427519	12.2809606	13.6754156
8.84407888	9.24943206	10.2996684
7.68263488	8.0347555	8.94706913
7.10440037	7.43001831	8.27366669
7.53433612	7.87965975	8.77436269
9.0916	9.50829844	10.5879251
10.366613	10.8417494	12.072785
9.611245	10.0517604	11.1930956
8.10200887	8.47335087	9.43546506
