#?RADIANCE
genskyvec -m 1
NROWS=146
NCOLS=1
NCOMP=3
FORMAT=ascii

2.73401281	2.85932175	3.18398587
15.156775	15.85146	17.6513288
14.6849681	15.3580281	17.1018694
14.6542156	15.325865	17.0660544
14.8122688	15.4911625	17.2501212
15.0106563	15.6986419	17.4811594
14.8754675	15.5572594	17.3237225
15.02412	15.7127269	17.4968419
14.68787	15.3610656	17.1052512
14.9903106	15.6773669	17.4574688
14.9879437	15.67489	17.4547087
15.0371056	15.7263069	17.5119644
14.8946244	15.5772938	17.3460325
14.7346675	15.4100062	17.1597494
14.6633538	15.3354219	17.0766956
15.1598981	15.8547269	17.6549663
16.5610037	17.3200506	19.2866713
17.9519975	18.7747988	20.9066
22.1995025	23.2169794	25.8531719
31.6134306	33.0623788	36.8164769
45.6867	47.7806725	53.2059706
77.7817238	81.3467169	90.5832975
538.934814544232	543.919166544232	556.833148544232
116.925017	122.284077	136.168939
75.6037563	79.0689269	88.0468769
43.235415	45.2170381	50.3512475
29.7999094	31.1657381	34.7044794
22.1466038	23.161655	25.791565
18.5667425	19.4177181	21.62252
16.2979063	17.0448931	18.9802712
15.3662019	16.0704856	17.895225
12.0877394	12.6417613	14.0771819
11.2463774	11.7618356	13.0973438
11.8826974	12.4273212	13.8383919
11.6877918	12.2234825	13.6114094
11.7172208	12.2542588	13.6456806
11.3693386	11.8904319	13.2405425
12.0100237	12.5604825	13.9866731
12.2730584	12.8355744	14.293
12.0268424	12.5780731	14.0062612
10.9401263	11.4415487	12.7406894
11.2508152	11.7664794	13.1025137
11.2326834	11.7475137	13.0813969
11.8306578	12.372895	13.7777888
11.872545	12.4167037	13.8265687
12.0864775	12.6404406	14.07571
13.0769169	13.6762756	15.2291588
15.576105	16.2900081	18.1396725
18.2032462	19.0375606	21.1991981
25.44612	26.6123994	29.6341281
36.3437031	38.0094556	42.3252738
58.7335663	61.42552	68.4001387
809.036478397759	813.761581397759	826.003933397758
761.786000325209	766.188564425209	777.595212425209
61.88294	64.7192406	72.067845
38.303165	40.0587263	44.60723
26.7051606	27.9291456	31.1003856
18.4754925	19.3222856	21.5162519
15.13105	15.824555	17.62137
13.1112344	13.7121644	15.2691244
12.424055	12.9934888	14.4688469
8.84603094	9.25147425	10.3019409
8.42470219	8.81083419	9.81126788
8.34883213	8.73148669	9.72291231
8.76059431	9.16212119	10.2024429
8.75813912	9.15955425	10.1995833
8.81018881	9.213989	10.2601992
8.79331525	9.19634187	10.2405491
8.82624963	9.2307855	10.2789034
8.45154888	8.83891119	9.842533
8.68564462	9.08373606	10.115157
8.74605006	9.1469105	10.1855047
9.31714419	9.74417956	10.8505919
10.161178	10.6268978	11.8335394
11.7862726	12.3264756	13.7260969
16.1088375	16.8471575	18.7600837
24.2553412	25.3670438	28.2473675
38.5989519	40.3680662	44.9516956
57.6211906	60.2621613	67.1046806
43.1327219	45.1096375	50.2316525
26.2733063	27.4774975	30.5974562
18.083365	18.9121863	21.0595869
13.34295	13.9545	15.5389762
10.2914623	10.7631548	11.9852656
9.46096456	9.89459231	11.0180817
7.28365294	7.61748687	8.48242119
7.12734456	7.45401431	8.300387
6.92766037	7.24517806	8.06783831
6.98070006	7.30064844	8.12960744
7.09175325	7.41679138	8.25893794
7.0561295	7.37953531	8.21745137
6.99841331	7.31917362	8.15023588
7.07880606	7.40325112	8.24386006
7.00708869	7.32824656	8.16033906
7.10989362	7.43576375	8.28006425
7.23243856	7.56392506	8.42277787
7.47456825	7.81715244	8.70475794
8.11766181	8.48972131	9.45369406
9.75048581	10.1973834	11.355254
12.3269362	12.8919194	14.355745
15.3132044	16.0150569	17.8335031
20.6518012	21.5983413	24.050745
24.4080781	25.5267825	28.4252431
23.6273969	24.7103187	27.5160725
18.1307131	18.9617019	21.1147262
13.6063819	14.2300069	15.8457656
10.3621704	10.8371021	12.0676106
8.66121863	9.058191	10.0867117
7.96157663	8.32648188	9.27191981
6.53633506	6.83591681	7.61210712
6.27516062	6.56277175	7.30794763
6.11948888	6.39996519	7.12665513
6.16649094	6.44912137	7.18139275
6.176118	6.45918987	7.1926045
6.14021769	6.42164431	7.15079563
6.20908763	6.49367087	7.23100031
6.38168775	6.6741815	7.43200744
6.61960725	6.92300575	7.70908463
7.32524513	7.66098519	8.53085875
8.15140244	8.52500825	9.49298806
10.4011058	10.8778224	12.112955
13.0183475	13.6150194	15.1609494
13.8733394	14.5092	16.1566612
12.0462587	12.5983794	14.0288744
9.74561625	10.1922909	11.3495837
8.14875775	8.52224244	9.48990819
7.06965831	7.39368419	8.23320675
6.09862419	6.37814431	7.1023565
5.77723637	6.04202625	6.72807356
5.71827669	5.98036419	6.65940994
5.74954887	6.0130695	6.69582894
5.78124206	6.04621556	6.7327385
6.05467312	6.33217894	7.05117181
6.64020038	6.94454294	7.733067
7.48700619	7.83016019	8.71924313
8.9491045	9.35927156	10.4219775
8.90091419	9.30887144	10.3658564
7.91113681	8.27373044	9.21317844
6.63327463	6.93729944	7.7250015
5.94170994	6.21403806	6.91961669
5.66383663	5.92342887	6.59601019
5.72588994	5.98832625	6.66827638
6.12806069	6.40892994	7.13663744
6.64737444	6.95204563	7.74142194
6.617709	6.92102038	7.70687381
5.93877481	6.21096825	6.9161985
