#?RADIANCE
genskyvec -m 1
NROWS=146
NCOLS=1
NCOMP=3
FORMAT=ascii

5.31037181	5.55376375	6.18437081
20.808965	21.7627094	24.2337763
20.6716881	21.6191394	24.0739038
21.55719	22.5452256	25.1051456
23.7672319	24.8565638	27.6789244
28.4123562	29.7145875	33.0885575
36.2983894	37.9620663	42.2725044
47.9822906	50.1814769	55.8793775
72.47103	75.7926188	84.3985537
106.596268	111.481936	124.140264
110.609432	115.679033	128.813892
106.964167	111.866688	124.568678
68.8220244	71.976365	80.1489875
47.1801481	49.34257	54.9452188
35.1074594	36.7165481	40.8855625
27.6098463	28.8752981	32.1539694
23.8463994	24.9393581	27.7711206
21.4683775	22.4523444	25.0017163
20.67252	21.62001	24.0748731
20.5335281	21.4746475	23.9130075
21.701775	22.6964394	25.2735269
22.8525131	23.8999194	26.6136556
23.4699031	24.5456063	27.3326588
23.8923944	24.9874613	27.824685
25.4089537	26.5735319	29.5908475
24.9318163	26.0745244	29.0351781
25.48143	26.6493275	29.67525
24.3581375	25.4745525	28.3670831
23.3918106	24.4639338	27.2417131
21.90263	22.9064987	25.5074375
20.9869687	21.9488719	24.4410756
15.4842475	16.1939419	18.0326975
14.69488	15.368395	17.1134131
16.8187562	17.5896144	19.5868431
18.5455131	19.3955156	21.5977962
23.2580656	24.3240606	27.0859575
29.4815	30.8327356	34.3336644
42.0079719	43.9333362	48.9217862
66.0446912	69.0717363	76.9145469
963.304709046156	968.400882046156	981.604569046156
2051.39554224124	2058.38607324124	2076.49794224124
106.428086	111.306029	123.944374
64.5856737	67.5458456	75.2153975
43.5357194	45.5311056	50.7009769
29.7245025	31.0868737	34.6166606
22.6000994	23.6359369	26.3197013
18.2039894	19.0383381	21.2000631
17.64255	18.4511656	20.5462212
15.0911263	15.7828019	17.5748737
14.8954213	15.5781263	17.3469588
14.5281931	15.1940675	16.9192906
15.3049994	16.0064787	17.8239494
16.4342475	17.1874831	19.1390519
15.9243625	16.6542294	18.5452475
17.8986944	18.7190506	20.8445219
18.3899044	19.2327731	21.4165756
18.528835	19.3780737	21.5783738
17.0101906	17.789825	19.8097856
16.7219075	17.4883275	19.4740569
15.6316056	16.3480537	18.2043081
15.4921225	16.2021781	18.04187
10.0918627	10.5544051	11.7528156
10.0506927	10.5113499	11.7048713
11.3239175	11.8429319	13.1876481
15.1757006	15.8712525	17.6733675
21.2214438	22.1940925	24.7141413
34.1734275	35.7397075	39.7978056
58.8379331	61.5346688	68.52168
1221.4879383446	1226.0422928446	1237.8422138446
68.9047831	72.0629244	80.24537
40.3070969	42.1545056	46.940975
25.47743	26.6451444	29.6705938
16.9734913	17.7514425	19.7670462
12.9353163	13.5281844	15.0642544
10.7984987	11.2934304	12.5757531
10.19787	10.6652707	11.8762694
10.1611962	10.6269176	11.8335595
10.0363659	10.4963663	11.6881852
11.0772894	11.5849988	12.9004275
10.9334449	11.4345597	12.7329075
10.4111499	10.8883291	12.1246538
10.957458	11.4596747	12.7608731
10.8178532	11.3136723	12.5982944
9.84711969	10.2984456	11.4677921
10.0846444	10.5468556	11.7444071
7.29765706	7.63213281	8.49873006
7.86443213	8.22488513	9.15878681
8.85434863	9.26017263	10.3116281
10.6490704	11.1371521	12.4017294
15.2278456	15.9257862	17.7340956
19.9309669	20.8444688	23.2112725
30.004715	31.37993	34.9429925
38.6107413	40.3803987	44.9654287
31.98343	33.4493369	37.2473719
23.71574	24.8027112	27.6189575
16.1521244	16.8924306	18.810495
11.4252412	11.9488981	13.3056469
9.68185206	10.1256032	11.2753233
8.29434681	8.67450419	9.659458
7.62875481	7.97840581	8.88432075
7.16898575	7.49756419	8.34888181
7.12321294	7.44969344	8.29557544
7.26299044	7.59587719	8.458358
7.5786075	7.92596006	8.82592056
7.57242725	7.91949663	8.81872294
7.60628481	7.95490581	8.858153
7.56451463	7.91122138	8.80950813
7.26680587	7.59986756	8.46280156
7.41149544	7.75118869	8.63130456
5.88499406	6.154723	6.85356669
6.58974475	6.8917745	7.67430731
7.71219769	8.06567319	8.98149681
10.4140674	10.8913783	12.1280494
14.0090994	14.6511819	16.3147644
17.2192975	18.0085131	20.0533069
17.1045294	17.8884875	19.9196506
12.818255	13.4057588	14.9279294
9.81225363	10.2619814	11.4271884
7.64103919	7.9912535	8.89862731
6.34191681	6.63258781	7.385691
5.94184019	6.21417431	6.91976844
5.74649144	6.00987219	6.69226856
5.6304305	5.88849162	6.55710575
5.52124619	5.77430319	6.42995156
5.55482769	5.80942388	6.46906006
5.66605919	5.9257535	6.5985985
5.68286	5.943324	6.61816419
5.27894719	5.52089875	6.14777419
5.92532237	6.1968995	6.900532
7.79577544	8.15308175	9.07883075
10.0769106	10.5387671	11.7354014
9.55862906	9.99673225	11.1318204
7.68062581	8.03265394	8.94472844
6.256756	6.54352375	7.28651413
5.35616513	5.60165612	6.23770106
4.92054331	5.14606806	5.73038287
4.75886519	4.97698012	5.54209581
4.8274335	5.04869044	5.62194869
4.82866769	5.04998144	5.62338594
4.92633156	5.15212156	5.737124
5.66806644	5.92785281	6.600936
6.09197775	6.37119319	7.094616
5.56417531	5.81919994	6.47994631
4.67882313	4.89326925	5.44887975
4.55730206	4.76617837	5.30735825
5.01189738	5.24160913	5.83677237
