#?RADIANCE
genskyvec -m 1
NROWS=146
NCOLS=1
NCOMP=3
FORMAT=ascii

23.4857131	24.5621412	27.3510712
32.4799744	33.9686387	37.8256381
36.1013506	37.755995	42.0430337
38.4827438	40.2465337	44.8163619
39.5677512	41.3812713	46.0799456
36.8489375	38.5378463	42.91366
35.7328012	37.3705537	41.6138269
34.0325156	35.5923388	39.6337019
30.3856331	31.7783044	35.3866037
26.8856563	28.1179144	31.3105863
30.3762919	31.7685369	35.3757231
26.8646531	28.0959481	31.2861294
29.6764638	31.0366325	34.5607169
31.1074644	32.5332219	36.227235
32.6392562	34.1352219	38.0111362
37.2467131	38.9538531	43.3769062
40.9042919	42.7790725	47.6364594
45.9713762	48.0783975	53.5375025
48.4969731	50.71975	56.47877
50.7695562	53.0964931	59.1253831
51.2553394	53.6045387	59.6911144
47.0385425	49.1944756	54.7803063
43.2134825	45.1940994	50.325705
37.8167337	39.5499987	44.04074
34.9949663	36.5989006	40.7545556
32.0554581	33.5246656	37.3312538
29.9644806	31.3378525	34.8961381
29.7388356	31.101865	34.6333531
27.9953281	29.2784462	32.6028931
29.2543144	30.5951369	34.0690875
30.5015375	31.8995238	35.5215844
18.4927787	19.3403656	21.5363856
17.5620475	18.3669744	20.4524688
20.1918169	21.1172744	23.5150537
19.7590112	20.6646319	23.0110156
19.5449725	20.4407819	22.7617506
17.9159394	18.737085	20.8646062
18.9147075	19.7816306	22.0277537
18.6374994	19.4917162	21.7049219
17.3055331	18.0987006	20.153735
15.2815325	15.9819344	17.7966188
16.48152	17.2369238	19.1941075
17.6918562	18.5027319	20.6036413
20.5347575	21.4759344	23.9144369
23.2118862	24.2757662	27.0321781
26.0940794	27.2900569	30.3887319
30.9626656	32.3817881	36.058605
36.8775544	38.5677737	42.9469869
42.1250387	44.0557694	49.0581206
45.5342812	47.6212662	53.0284669
43.9644638	45.9795006	51.2002862
39.2562413	41.0554844	45.7171675
33.4084744	34.9396944	38.9069531
27.3552412	28.6090238	31.8574613
24.5963919	25.723725	28.6445488
21.6863538	22.6803113	25.2555669
19.8432525	20.7527338	23.1091238
17.4530431	18.2529725	20.3255238
17.0603438	17.8422756	19.8681919
16.5795306	17.3394269	19.3082456
17.3199962	18.1138275	20.1705794
11.6407756	12.17431	13.556655
11.2869813	11.8043	13.1446312
11.4372194	11.9614244	13.3195956
12.30536	12.8693556	14.3306181
12.0492563	12.601515	14.0323638
11.8646938	12.4084906	13.817425
11.8114381	12.3527956	13.7554044
12.2761988	12.8388575	14.2966588
12.7666262	13.3517644	14.8678012
14.9391675	15.62388	17.3979069
17.3830194	18.1797412	20.2439756
22.3334587	23.3570762	26.0091763
29.5479362	30.9022156	34.4110375
41.1975775	43.0857988	47.9780138
54.43079	56.92553	63.3891925
54.2671969	56.7544412	63.1986762
39.661845	41.47968	46.1895263
29.6968944	31.0580019	34.58451
21.9050869	22.9090688	25.5102994
17.7679263	18.5822875	20.6922294
15.1204969	15.8135194	17.60908
13.3480312	13.9598131	15.5448931
11.8362713	12.378765	13.784325
11.67923	12.2145281	13.6014387
9.45062725	9.88378094	11.0060431
9.32790181	9.75543094	10.8631206
9.14189919	9.56090338	10.6465044
9.2204425	9.64304612	10.7379737
9.42763156	9.85973113	10.9792637
9.47883081	9.91327681	11.03889
9.86744475	10.319702	11.4914625
10.7295981	11.2213712	12.4955119
12.0408544	12.5927244	14.0225762
13.8615144	14.4968331	16.14289
16.9094363	17.6844537	19.6924494
22.3570637	23.3817631	26.036665
29.9673706	31.3408738	34.8995006
53.2132413	55.65218	61.9712569
2593.24600958928	2597.39088708928	2608.12993448928
2709.87108372724	2714.41672712724	2726.19408412724
56.7002694	59.2990294	66.0321913
33.449325	34.9824181	38.9545294
22.096305	23.1090506	25.7329894
16.9382619	17.7145981	19.7260188
14.0529394	14.6970319	16.3658194
11.9743469	12.5231713	13.9451256
10.6986212	11.1889744	12.4594375
10.0329181	10.4927594	11.6841706
9.26999412	9.69486844	10.7956812
8.804093	9.2076135	10.2531006
8.68529531	9.08337119	10.11475
8.81109419	9.21493575	10.2612556
9.23526244	9.65854519	10.7552325
10.4030938	10.8799012	12.11527
11.8984344	12.4437794	13.8567181
15.3018913	16.0032269	17.8203281
20.0046306	20.92151	23.2970612
33.5319613	35.0688444	39.0507675
59.4026069	62.1252225	69.1792875
4966.76418623213	4971.88514423213	4985.15309323213
65.0219006	68.0020687	75.7234275
28.6276256	29.9397237	33.3392562
18.7083981	19.5658662	21.7874906
13.9599569	14.5997881	16.2575344
11.4381081	11.9623544	13.3206312
10.0511849	10.5118646	11.7054431
9.78369869	10.2321164	11.3939325
9.50859031	9.94439956	11.0735456
9.5420345	9.97937775	11.1124937
10.4233331	10.9010694	12.1388413
12.53307	13.1075031	14.5958063
17.6951662	18.5061938	20.6074963
28.4114681	29.7136594	33.0875244
41.8232375	43.7401369	48.70665
39.1687456	40.9639781	45.61527
21.6760763	22.6695644	25.2435987
13.9039694	14.5412344	16.1923319
11.3691806	11.8902688	13.2403594
11.7248956	12.2622862	13.6546194
11.6231356	12.1558637	13.5361106
13.7496038	14.3797956	16.0125606
19.0537312	19.9270262	22.1896575
19.0998375	19.9752438	22.2433519
14.8658581	15.5472106	17.3125325
14.2861594	14.9409431	16.6374263
