#?RADIANCE
genskyvec -m 1
NROWS=146
NCOLS=1
NCOMP=3
FORMAT=ascii

21.5416931	22.5290206	25.0870969
29.5492888	30.9036281	34.4126113
27.8338819	29.1095994	32.4148756
27.30038	28.5516475	31.7935687
26.7739344	28.0010706	31.1804769
25.8141681	26.9973169	30.0627519
27.8128831	29.0876387	32.3904231
30.1236062	31.5042694	35.08145
33.2910713	34.8169106	38.7702288
36.4011787	38.0695669	42.3922094
44.6210862	46.6662163	51.9649762
47.3018125	49.4698094	55.0869062
50.6865581	53.0096906	59.0287231
48.6443444	50.8738744	56.6503956
44.1309431	46.1536106	51.3941644
40.2393688	42.08367	46.8620981
34.9383575	36.5396981	40.6886319
33.1119388	34.6295713	38.5616156
28.2967	29.59363	32.9538669
25.7014113	26.8793919	29.931435
26.8348256	28.0647531	31.2513906
25.2604388	26.4182087	29.4178869
27.7194256	28.9898987	32.2815844
27.621055	28.8870206	32.1670219
31.2902613	32.724395	36.4401169
34.9113881	36.5114937	40.6572225
36.6265619	38.3052787	42.6546869
38.060485	39.8049238	44.3246081
34.7745619	36.3683944	40.4978763
33.9312225	35.4864012	39.5157381
31.0114488	32.4328031	36.1154156
16.6172081	17.3788275	19.3521225
14.5694925	15.23726	16.9673906
15.7076687	16.4276025	18.29289
15.4760563	16.1853738	18.0231569
16.7730569	17.5418219	19.533625
18.0218938	18.8478969	20.9879981
21.2014231	22.1731538	24.6908256
25.1028444	26.2533912	29.2343563
29.8977088	31.2680188	34.8183744
34.7357087	36.3277613	40.45263
42.4350906	44.3800319	49.4192037
46.8206981	48.9666444	54.5266075
44.1200775	46.1422462	51.3815106
37.8140525	39.5471969	44.0376156
31.2091456	32.6395625	36.3456519
25.3319588	26.4930069	29.5011781
23.2568331	24.3227712	27.0845225
18.84343	19.7070862	21.9447456
16.7401137	17.5073669	19.4952575
15.0277931	15.7165675	17.50112
14.7603825	15.4369013	17.1896969
15.2298744	15.92791	17.7364587
14.7332956	15.4085719	17.1581519
17.2699031	18.0614394	20.1122413
18.4956938	19.3434131	21.5397775
19.5352738	20.4306394	22.750455
18.5121406	19.3606144	21.5589325
18.8559056	19.720135	21.9592737
17.6064806	18.413445	20.5042181
17.2258781	18.0153987	20.0609719
10.514461	10.9963731	12.2449656
10.2042665	10.6719603	11.8837162
10.7641425	11.2574994	12.53574
12.548455	13.1235944	14.6137237
14.6924025	15.3658025	17.1105281
18.1544931	18.9865731	21.1424206
23.642925	24.7265581	27.5341575
34.19595	35.7632619	39.8240344
50.90505	53.2381944	59.2831744
62.6070813	65.4765713	72.9111669
50.30011	52.6055306	58.5786731
30.657785	32.0629319	35.7035469
21.7313394	22.7273588	25.3079563
16.9707963	17.7486244	19.7639075
14.0060156	14.6479575	16.3111731
12.1992456	12.7583775	14.2070394
10.7728198	11.2665744	12.5458475
10.8968381	11.3962781	12.6902787
10.6591779	11.1477238	12.4135025
10.4288135	10.9067991	12.1452219
11.2220282	11.7363719	13.0689894
11.3996432	11.9221262	13.275835
10.6428453	11.1306411	12.3944806
10.8811338	11.3798516	12.6719887
8.51106337	8.90115369	9.91184319
8.96054937	9.37124106	10.4353075
9.79487712	10.2438088	11.4069513
10.9523625	11.4543463	12.7549394
13.5297219	14.149835	15.7564906
16.0153787	16.7494169	18.6512444
23.2752638	24.3420462	27.1059844
39.1745869	40.9700881	45.6220744
2404.68721719773	2408.38040539773	2417.94910099773
5246.15729142237	5251.56766942237	5265.58547342237
64.6991194	67.6644931	75.3475225
32.3439763	33.8264081	37.6672588
22.1427481	23.1576244	25.7870787
15.6982006	16.4177025	18.2818644
12.7007669	13.2828838	14.7911025
10.9233375	11.4239912	12.7211375
9.60452694	10.0447338	11.1852719
8.88582856	9.29309556	10.3482885
8.58635106	8.97989163	9.99952119
8.43548062	8.8221065	9.82382162
8.48085681	8.86956237	9.87666413
8.55642681	8.94859606	9.96467275
8.40553687	8.7907905	9.78894819
8.51744069	8.90782319	9.91926994
8.05843994	8.42778488	9.38472544
8.90531737	9.31347744	10.3709849
10.3136022	10.7863087	12.0110494
12.8304169	13.4184781	14.9420906
17.079955	17.8627863	19.8910344
31.3115513	32.7466637	36.4649131
58.5147194	61.196645	68.1452731
2586.70026900567	2589.82429840567	2597.91837280567
37.4768888	39.1945787	43.6449625
20.3579712	21.2910437	23.7085544
14.4317162	15.0931694	16.8069381
11.3486825	11.8688275	13.2164862
9.47893306	9.91338475	11.0390088
8.29444575	8.67460769	9.65957369
7.80095819	8.15850175	9.08486631
7.55258788	7.89874781	8.79561856
7.55141763	7.89752412	8.79425556
7.68665944	8.03896469	8.95175625
8.52884575	8.919751	9.93255244
10.0176219	10.4767629	11.6663562
13.0482894	13.6463362	15.19582
20.17657	21.1013275	23.4972981
27.8627619	29.139805	32.4485106
26.3625781	27.5708637	30.7014212
17.4976644	18.2996425	20.3774913
12.6222244	13.2007444	14.6996325
9.74905088	10.1958815	11.3535819
8.478468	8.86706406	9.873883
7.75842494	8.11401913	9.03533269
7.99862981	8.36523331	9.3150715
9.68756344	10.1315767	11.2819756
12.0626994	12.6155725	14.0480181
15.3507437	16.0543181	17.8772206
14.7398719	15.4154487	17.1658094
10.4890012	10.9697468	12.2153163
9.14400312	9.56310325	10.6489547
11.4342706	11.9583425	13.3161619
