#?RADIANCE
genskyvec -m 1
NROWS=146
NCOLS=1
NCOMP=3
FORMAT=ascii

0.667538362	0.698133844	0.777404094
7.87059344	8.23132881	9.16596225
7.374896	7.71291169	8.58868131
7.24674456	7.57888669	8.43943819
7.35348237	7.69051669	8.5637435
7.76399069	8.11983981	9.04181438
7.77292812	8.12918737	9.05222319
7.89469344	8.2565335	9.194029
7.90374075	8.26599525	9.20456538
8.28833706	8.66821894	9.65245944
7.61214987	7.96104	8.86498356
7.96019425	8.32503619	9.27031
7.47486938	7.81746756	8.70510894
7.33628025	7.67252656	8.54371037
7.37192162	7.70980119	8.58521769
7.41062887	7.75028262	8.63029519
8.253944	8.63224906	9.61240675
8.46539356	8.85339075	9.85865631
10.5880172	11.0733002	12.3306286
14.0557131	14.6999331	16.36905
18.3426156	19.1833181	21.3615063
28.61169	29.9230594	33.3207
59.5466571339047	61.3951427339047	66.1844121339047
189.892309874821	192.412587374821	198.942401174821
61.6902582781483	63.6693664781483	68.7970589781483
25.4668131	26.6340406	29.6582275
17.7717125	18.5862494	20.6966394
12.8887258	13.4794592	15.0099968
10.6814108	11.1709759	12.4393945
8.94646312	9.35650906	10.4189028
8.20333506	8.57932106	9.55346762
7.3222555	7.65785869	8.52737738
6.82280744	7.13551931	7.94572831
7.06696663	7.39086881	8.23007181
7.05045288	7.37359831	8.21084025
7.14141712	7.46873188	8.31677569
7.0566355	7.38006444	8.21804044
7.41156469	7.75126088	8.63138519
7.58343506	7.931009	8.83154231
7.46555619	7.80772712	8.69426281
6.88714831	7.20280906	8.0206585
6.96151769	7.280587	8.10726781
6.86724737	7.18199613	7.99748225
7.07021138	7.39426256	8.23385075
6.9956075	7.31623931	8.14696844
7.10160694	7.42709712	8.27041344
7.59224594	7.94022388	8.84180369
8.73870131	9.13922437	10.176946
9.77785119	10.2260016	11.3871214
12.4338709	13.0037569	14.48028
15.7240119	16.444695	18.3119238
21.6810412	22.6747569	25.2493812
31.3271463	32.7629731	36.4830719
34.0184544	35.5776325	39.6173275
32.0629875	33.5325388	37.3400231
23.2404375	24.3056244	27.0654269
17.3873781	18.1842994	20.2490506
12.3539988	12.9202225	14.3872612
9.95872225	10.4151641	11.5977644
8.40618569	8.79146912	9.78970456
7.73676313	8.09136456	9.01010569
5.43544481	5.68456919	6.33002869
5.1147375	5.34916294	5.95653844
5.06903638	5.30136719	5.90331575
5.40006206	5.64756481	6.28882275
5.45631862	5.70639975	6.35433806
5.53879331	5.79265456	6.45038662
5.53492213	5.788606	6.44587838
5.53278344	5.78636919	6.44338775
5.21404963	5.45302656	6.07219556
5.29605644	5.53879256	6.16769975
5.25898263	5.50001925	6.12452394
5.51875613	5.771699	6.42705194
5.87402588	6.14325181	6.84079287
6.4987435	6.79660256	7.56832894
8.1341535	8.50696844	9.47289969
10.6699417	11.1589803	12.4260374
14.1231431	14.7704538	16.4475794
19.1452156	20.0227062	22.2962019
18.1416512	18.9731406	21.1274644
13.6375188	14.26257	15.8820281
10.9528744	11.4548801	12.7555362
8.57347744	8.96642806	9.98452956
6.55137937	6.85165075	7.62962756
5.94724044	6.219822	6.92605731
4.20702525	4.39984719	4.89943175
4.10625344	4.2944565	4.78207444
3.96850987	4.15039956	4.62166056
4.037723	4.22278519	4.70226519
4.16314894	4.35396013	4.84833438
4.15028344	4.34050463	4.83335131
4.1061045	4.29430081	4.78190112
4.15556812	4.34603163	4.83950569
4.05121562	4.23689619	4.71797856
4.079619	4.2666015	4.75105662
4.0795435	4.26652244	4.75096856
4.10696975	4.29520575	4.78290856
4.40694588	4.60893081	5.13225612
5.07840556	5.31116569	5.91422694
5.96443369	6.23780356	6.94608044
6.76655856	7.07669213	7.88022156
8.22925069	8.60642437	9.58364812
9.45033706	9.8834765	11.005705
10.0165008	10.4755877	11.6650496
8.8351035	9.24004431	10.2892138
7.44850512	7.78989462	8.67440581
6.07543756	6.35389475	7.07535362
5.10957956	5.34376844	5.95053144
4.70915887	4.92499519	5.484208
3.49757837	3.65788394	4.0732215
3.35856975	3.51250419	3.91133444
3.26295306	3.412505	3.79998094
3.33890588	3.49193894	3.88843425
3.35847913	3.51240931	3.91122894
3.30965481	3.461347	3.85436894
3.33281169	3.48556531	3.88133712
3.37892756	3.53379487	3.935043
3.43986719	3.59752769	4.00601206
3.71245331	3.88260744	4.32346144
3.92705544	4.10704538	4.57338356
4.71379375	4.92984262	5.489606
5.52536281	5.77860844	6.43474581
5.90368794	6.1742735	6.87533694
5.49435238	5.74617656	6.39863144
4.88126244	5.10498675	5.68463719
4.33326075	4.53186831	5.0464435
3.80261787	3.97690437	4.42846537
3.06123831	3.201545	3.5650675
2.86827812	2.99974081	3.34034881
2.87623794	3.00806506	3.34961869
2.9112325	3.04466388	3.390373
2.87593825	3.00775212	3.34926994
2.95051681	3.08574862	3.43612275
3.16688837	3.31203719	3.68810531
3.43787812	3.59544756	4.00369581
3.94075125	4.121369	4.5893335
3.99142581	4.17436631	4.6483485
3.803917	3.97826287	4.4299785
3.26175919	3.41125644	3.79859063
2.80143	2.92982875	3.26249869
2.67112825	2.79355481	3.11075156
2.68448381	2.8075225	3.12630525
2.83311244	2.96296344	3.29939588
3.00472875	3.14244556	3.49925719
3.04859137	3.18831844	3.55033888
2.72989837	2.85501875	3.17919456
