#?RADIANCE
genskyvec -m 1
NROWS=146
NCOLS=1
NCOMP=3
FORMAT=ascii

8.79220906	9.19518525	10.23926
24.2184081	25.3284175	28.2043562
23.9676656	25.0661819	27.9123456
24.6520981	25.781985	28.7094256
26.3477025	27.5553038	30.6840956
29.67647	31.0366406	34.560725
35.5415006	37.1704856	41.3910406
44.01096	46.0281281	51.2544325
60.2169588	62.9768994	70.1276688
82.3622819	86.1372138	95.9177375
91.7503638	95.95558	106.850946
100.847732	105.469916	117.445599
76.4992544	80.0054675	89.0897606
56.69772	59.2963637	66.0292237
43.3188281	45.3042763	50.44839
34.2776925	35.8487512	39.9192306
29.2064981	30.5451275	34.0134031
26.2962156	27.5014569	30.6241338
24.5260663	25.650175	28.5626469
23.6980744	24.784235	27.5983838
24.8203025	25.9578975	28.9053125
25.3180781	26.4784894	29.4850144
26.0050569	27.1969575	30.2850581
26.0815812	27.2769869	30.3741769
27.8279525	29.1033987	32.4079725
27.7553081	29.0274256	32.32337
28.5422637	29.85045	33.2398462
27.7816119	29.0549363	32.3540025
26.6853331	27.9084088	31.0772944
25.3792694	26.5424844	29.5562731
24.3860625	25.5037569	28.3996038
16.9635325	17.7410256	19.7554475
15.850565	16.5770475	18.4593038
17.9894281	18.8139425	20.9501881
19.2047956	20.0850162	22.3655856
22.9664644	24.019095	26.7463644
27.6332744	28.8997988	32.1812513
37.3582513	39.0705038	43.5067988
54.3681363	56.8600075	63.3162288
82.8781856	86.676765	96.5185544
1357.35116333019	1362.56918533019	1376.08864233019
111.621028	116.736991	129.992
78.6913581	82.2980413	91.6426475
54.443005	56.9383088	63.4034213
37.0840125	38.7836962	43.1874256
27.7195063	28.9899825	32.2816775
21.7103206	22.7053769	25.28348
20.6399062	21.5859	24.0368913
17.1054844	17.8894862	19.9207637
16.4253	17.1781269	19.1286331
15.6191119	16.3349881	18.18976
16.1683769	16.9094287	18.8294244
17.1364956	17.9219169	19.9568769
16.3895325	17.1407188	19.0869781
18.5406538	19.3904331	21.5921369
19.1398406	20.0170825	22.2899412
19.4613594	20.3533388	22.6643756
17.9965038	18.8213425	20.9584288
17.96138	18.7846106	20.9175256
16.930705	17.7066944	19.7172169
16.9232669	17.6989162	19.7085556
10.5982486	11.0840011	12.3425444
10.4501159	10.9290789	12.1700306
11.5673119	12.0974794	13.4710981
15.0533675	15.7433138	17.5309019
20.2195675	21.1462975	23.5473719
31.2566375	32.6892312	36.4009613
53.0749706	55.5075719	61.81023
1880.74538564445	1885.26299884445	1896.96775884445
2365.11790249061	2369.85482949061	2382.12784849061
56.7182844	59.3178725	66.0531725
33.9161406	35.4706313	39.4981763
21.1805569	22.1513325	24.6665263
15.3578006	16.0616981	17.8854387
12.2991406	12.8628506	14.3233756
11.1775888	11.6898949	13.0172331
10.7865033	11.2808845	12.5617825
10.3283363	10.8017181	12.0282112
11.2598816	11.7759589	13.1130706
10.9911638	11.4949246	12.800125
10.4443036	10.9230013	12.1632637
11.1089515	11.6181109	12.9373019
11.0904104	11.5987213	12.9157094
10.1927001	10.6598656	11.8702488
10.577199	11.0619879	12.3180325
7.44865281	7.79004906	8.67457725
8.01242963	8.37966556	9.33114194
8.92220775	9.33114269	10.3906555
10.6387546	11.1263636	12.3897169
15.1133931	15.80609	17.6008081
19.9635925	20.8785888	23.2492681
32.7238175	34.2236575	38.1096131
49.1530075	51.4058525	57.2427769
47.5640412	49.7440569	55.3922931
34.0711631	35.6327575	39.67871
21.5969794	22.5868394	25.1514831
14.2150537	14.8665775	16.5546169
11.4986177	12.0256375	13.3910987
9.34705019	9.77545725	10.8854201
8.26353381	8.64227906	9.62357444
7.53233631	7.87756838	8.77203438
7.27564319	7.60910994	8.47309319
7.28314656	7.61695725	8.48183156
7.51910869	7.86373431	8.75662912
7.49300425	7.8364335	8.72622831
7.55968494	7.90617025	8.80388375
7.59474269	7.94283488	8.84471131
7.35215619	7.68912975	8.56219938
7.56560275	7.91235931	8.81077531
5.89692619	6.16720181	6.86746219
6.62523731	6.92889413	7.71564162
7.79668912	8.15403706	9.07989481
10.7324276	11.2243294	12.4988069
15.1816819	15.8775075	17.6803344
21.2411294	22.2146794	24.7370644
22.8812537	23.9299769	26.6471288
16.8741575	17.6475538	19.6513625
12.1934288	12.7522936	14.2002638
8.8629575	9.26917556	10.3216518
6.970605	7.29009081	8.11785063
6.265881	6.55306712	7.29714106
5.85580869	6.12419975	6.81957756
5.58930263	5.84547881	6.50920919
5.42764313	5.67641006	6.32094319
5.45862312	5.70880975	6.35702169
5.60742625	5.86443325	6.53031556
5.66792812	5.92770812	6.60077487
5.26538425	5.50671419	6.13197906
6.00650531	6.28180331	6.99507644
8.21500263	8.59152369	9.56705525
11.4961339	12.0230394	13.3882059
11.4231687	11.9467303	13.3032317
9.05051469	9.46532944	10.5400796
7.00055094	7.32140931	8.15272538
5.69612956	5.95720194	6.63361775
5.00017538	5.22934981	5.82312094
4.71751144	4.93373056	5.4939355
4.74146637	4.95878356	5.52183312
4.76980744	4.98842337	5.55483831
4.96052406	5.18788113	5.77694375
5.90952587	6.18037906	6.88213563
6.61685963	6.92013206	7.70588475
6.00899481	6.28440675	6.99797544
4.77073094	4.98938931	5.55591394
4.54819662	4.7566555	5.29675444
5.17469081	5.41186394	6.02635894
