#?RADIANCE
genskyvec -m 1
NROWS=146
NCOLS=1
NCOMP=3
FORMAT=ascii

3.55850731	3.7216055	4.14417844
14.7908394	15.4687531	17.2251675
15.1263406	15.8196319	17.6158856
15.8912856	16.619635	18.5067281
17.5806163	18.386395	20.4740956
21.3031563	22.2795488	24.8093025
28.1087125	29.3970269	32.73494
38.7901994	40.5680831	45.1744219
63.2976687	66.1988106	73.7154137
98.7102737	103.2345	114.956337
571.288695749673	575.554316449673	586.606139149673
77.0010188	80.5302313	89.6741056
45.2943606	47.3703494	52.7490588
30.2051431	31.5895437	35.1764075
22.6877662	23.7276194	26.4217925
18.38683	19.2295587	21.4129962
16.5014287	17.2577419	19.21729
15.1459675	15.8401588	17.6387419
14.82433	15.5037763	17.2641669
14.5356288	15.2018437	16.9279506
14.7711869	15.4482	17.2022788
15.0245181	15.7131419	17.4973044
14.7674019	15.4442394	17.1978706
14.6754531	15.348075	17.0907888
15.1188512	15.8117975	17.6071631
14.63078	15.3013575	17.0387631
15.0557681	15.7458244	17.5336981
14.6874969	15.3606719	17.104815
14.7601275	15.4366331	17.1893981
14.3528012	15.0106388	16.715035
14.4815106	15.1452456	16.8649256
12.0090675	12.5594825	13.9855606
11.7936919	12.3342363	13.7347375
13.2895581	13.8986631	15.4767994
14.6768306	15.3495206	17.092395
18.5077894	19.3560606	21.5538613
24.08459	25.1884656	28.0485138
35.0564831	36.6632381	40.8261981
57.59349	60.23319	67.0724213
858.906302611328	863.649926611328	875.940219611328
1460.25942647184	1465.26190047184	1478.22282347184
68.5496281	71.6914844	79.8317575
41.4690156	43.3696794	48.2941275
28.1364744	29.4260625	32.7672713
19.8240587	20.7326612	23.0867712
15.7279994	16.448865	18.3165656
13.3469706	13.9587069	15.5436606
13.1529837	13.7558275	15.3177469
11.7286506	12.2662131	13.6589919
11.5318373	12.0603794	13.4297856
11.1498636	11.6608975	12.9849456
11.3237273	11.8427325	13.187425
11.6149756	12.1473294	13.5266081
11.1315659	11.6417638	12.9636381
11.8881253	12.4329962	13.8447125
12.0513988	12.6037525	14.0348575
12.1552006	12.7123137	14.1557444
11.6184348	12.1509469	13.5306369
11.7301856	12.2678206	13.6607794
11.4833277	12.0096462	13.3732937
11.7071217	12.2436994	13.63392
8.95022081	9.36043906	10.4232784
9.07036281	9.48608763	10.5631936
10.0972729	10.5600636	11.7591162
13.08872	13.6886187	15.2429056
18.3137312	19.1531119	21.3278694
29.4608406	30.8111275	34.309605
48.1140888	50.3193169	56.0328687
64.06032	66.996415	74.6035856
43.3967044	45.3857162	50.5390806
26.87709	28.1089556	31.3006119
17.8916281	18.71166	20.8362919
12.7060056	13.2883631	14.7972006
10.3803563	10.8561216	12.0887906
9.207198	9.62919412	10.7225502
8.86883819	9.27532675	10.3285019
8.76792138	9.16978431	10.2109756
8.53770762	8.92901869	9.9428735
8.92482931	9.33388369	10.3937088
8.70958094	9.10877	10.1430337
8.41675481	8.80252262	9.80201281
8.69274481	9.09116225	10.1234265
8.71900937	9.11863062	10.1540136
8.41236681	8.79793319	9.79690287
8.71281231	9.11214919	10.1467965
7.33461931	7.67078906	8.54177563
7.80571213	8.16347381	9.09040269
8.67009012	9.06746881	10.0970431
10.149802	10.6150016	11.8202906
14.0084025	14.650455	16.3139525
17.9143356	18.7354094	20.8627381
24.8645569	26.0041806	28.9568494
28.8964031	30.2208206	33.6522712
23.1994994	24.2628094	27.0177519
17.69341	18.5043594	20.6054531
12.7921194	13.3784244	14.89749
9.76710269	10.2147616	11.3746062
8.63964106	9.03562394	10.0615823
7.79092562	8.14800931	9.07318231
7.39618244	7.73517381	8.61347113
7.10491362	7.43055538	8.27426431
7.01637256	7.337956	8.17115087
7.022557	7.344424	8.17835344
7.11689419	7.44308475	8.28821644
7.08820456	7.41308056	8.25480538
7.11577806	7.4419175	8.28691681
7.15491975	7.48285338	8.33250069
7.08985819	7.41480981	8.25673113
7.26368156	7.59660006	8.45916275
6.53084488	6.83017494	7.60571338
7.12684269	7.45348937	8.29980262
8.11038419	8.48211	9.44521869
10.3620096	10.8369338	12.0674237
13.200625	13.805655	15.3732306
15.1226569	15.8157775	17.6115944
14.4934894	15.1577737	16.8788756
11.1711017	11.6831107	13.0096794
9.04690631	9.46155575	10.5358773
7.54177231	7.8874365	8.78302256
6.72107069	7.02911969	7.82724737
6.43865462	6.73375956	7.49835025
6.286383	6.57450881	7.32101762
6.176374	6.45945775	7.19290262
6.10216725	6.38184975	7.10648275
6.12736988	6.40820744	7.13583306
6.2267125	6.51210337	7.251526
6.31134669	6.60061644	7.3500895
6.22684556	6.51224244	7.25168112
6.818522	7.13103731	7.9407375
8.36739456	8.75089969	9.74452937
10.0807416	10.5427759	11.7398649
9.50095731	9.93641713	11.0646581
7.91834587	8.28126987	9.22157356
6.81526256	7.12762856	7.93694163
6.17607412	6.45914413	7.1925535
5.85912725	6.12767056	6.82344244
5.74618594	6.00955275	6.69191275
5.78481025	6.04994719	6.736894
5.85408669	6.12239888	6.81757206
6.05428606	6.331774	7.05072094
6.68055544	6.98674744	7.780064
6.96761012	7.28695862	8.11436313
6.47701325	6.77387606	7.54302206
5.81550569	6.0820495	6.77264137
5.72288981	5.98518887	6.66478262
6.13243513	6.41350475	7.141732
