#?RADIANCE
genskyvec -m 1
NROWS=146
NCOLS=1
NCOMP=3
FORMAT=ascii

0.157251062	0.1644584	0.183131962
3.8911235	4.06946656	4.531538
4.11416081	4.30272625	4.79128337
4.498822	4.70501769	5.23925337
5.33530625	5.57984094	6.21340894
7.14760506	7.4752035	8.32398213
9.92132919	10.3760559	11.5542151
13.8473568	14.4820254	16.1263994
34.2018630970375	35.1774417970375	37.7050829970375
52.4923141547907	53.6983078547907	56.8229359547907
28.2793909187709	29.1232584187709	31.3096396187709
13.3015412	13.9111956	15.490755
8.59151113	8.98528844	10.0055322
6.30393	6.59285994	7.34145219
5.14040987	5.37601187	5.986436
4.27850125	4.47459919	4.98267181
4.04253238	4.22781513	4.70786612
3.56940063	3.732998	4.15686475
3.74943931	3.92128844	4.36653456
3.79898006	3.97309988	4.424229
3.7850265	3.95850669	4.40797894
4.10592206	4.29411	4.78168881
3.97294019	4.15503294	4.62682
4.11896756	4.30775337	4.796881
4.17168769	4.36289	4.85827844
3.90062894	4.0794075	4.54260756
3.969879	4.15183169	4.62325519
3.74896456	3.920792	4.36598169
3.85000169	4.02645975	4.48364794
3.67258581	3.84091263	4.27703262
3.7756555	3.9487065	4.39706594
3.73431944	3.90547569	4.34892644
3.80840931	3.98296125	4.43521025
4.41681537	4.61925275	5.14374994
5.15722506	5.39359787	6.00601894
6.67885525	6.9849695	7.77808413
8.44935575	8.83661744	9.83997894
11.6751667	12.2102773	13.596705
16.1760781	16.9174806	18.8383913
17.9807731	18.8048913	20.9401087
12.8320256	13.42016	14.943965
10.2366419	10.7058203	11.9214234
7.66559925	8.01693887	8.92722931
6.18353475	6.46694681	7.20124188
4.90273481	5.12744325	5.70964344
4.21082081	4.40381663	4.903852
3.78041506	3.95368394	4.40260856
3.79287863	3.96671875	4.41712338
3.49356462	3.65368625	4.0685475
3.532293	3.69418975	4.11365006
3.51452537	3.67560763	4.09295788
3.62669769	3.79292131	4.22359212
3.780556	3.95383138	4.40277281
3.67939631	3.84803519	4.28496381
3.88256956	4.06052069	4.52157612
3.92616294	4.10611187	4.57234412
3.898843	4.07753988	4.54052781
3.68007988	3.84875025	4.28576006
3.63345669	3.79999019	4.23146362
3.53358438	3.69554019	4.11515375
3.60520481	3.77044325	4.19856169
2.66572625	2.78790537	3.10446069
2.70038587	2.82415356	3.14482475
3.08542094	3.22683612	3.59323019
4.1577545	4.34831844	4.842052
5.4203515	5.66878431	6.31245156
7.19315969	7.52284613	8.37703425
8.38041075	8.76451194	9.75968781
8.0734165	8.44344737	9.40216606
5.98241412	6.25660781	6.96702013
4.72441244	4.94094769	5.50197225
3.76121388	3.93360288	4.38024725
3.13757938	3.281385	3.65397281
2.75981419	2.88630569	3.21403394
2.53151262	2.64754025	2.9481575
2.55344769	2.67048069	2.97370288
2.61328131	2.73305656	3.04338394
2.58651656	2.70506531	3.01221444
2.80898556	2.93773075	3.27129781
2.72331762	2.84813631	3.17153062
2.5668475	2.6844945	2.98930794
2.66405081	2.78615294	3.10250931
2.6400275	2.76102881	3.07453225
2.45675994	2.5693615	2.86110181
2.56069625	2.6780615	2.98214413
1.80871006	1.89160913	2.10639375
1.95699713	2.04669275	2.27908631
2.13793562	2.23592444	2.4898045
2.49220469	2.60643069	2.90238019
3.19219144	3.33850006	3.71757306
3.58872206	3.75320506	4.17936625
3.86898062	4.04630875	4.50575056
3.95174762	4.13286913	4.60213962
3.26320612	3.41276937	3.8002755
2.82917625	2.95884675	3.29481181
2.34441275	2.45186487	2.73026425
1.95931062	2.04911206	2.28178038
1.8772885	1.96333081	2.186259
1.82927956	1.91312138	2.13034869
1.80823819	1.89111575	2.10584431
1.74330888	1.82321037	2.0302285
1.76489313	1.84578394	2.05536525
1.80545969	1.88820981	2.10260837
1.87623444	1.96222825	2.18503131
1.85506819	1.940092	2.16038162
1.85392569	1.93889712	2.15905112
1.84651075	1.93114244	2.15041588
1.77831163	1.85981744	2.07099213
1.84421344	1.92873988	2.14774056
1.28997025	1.34909375	1.50227794
1.40907631	1.473659	1.640987
1.52558681	1.59550944	1.77667306
1.85655869	1.94165087	2.16211731
2.09351844	2.18947131	2.438077
2.05996331	2.15437819	2.39899919
1.96446562	2.05450356	2.28778413
1.69052012	1.768002	1.96875144
1.487421	1.55559444	1.73222575
1.36553875	1.42812606	1.59028406
1.22514081	1.28129288	1.42677856
1.26980256	1.32800169	1.47879087
1.28936319	1.34845906	1.50157094
1.27018569	1.32840263	1.47923719
1.22862531	1.2849375	1.43083687
1.23609156	1.29274581	1.43953175
1.26961531	1.32780575	1.47857269
1.26504775	1.32302888	1.47325338
0.99912	1.04491297	1.16355862
1.01741459	1.06404614	1.18486431
1.20247397	1.25758737	1.40038119
1.33591244	1.39714169	1.55578125
1.20940649	1.26483763	1.40845469
1.06741697	1.11634029	1.24309619
0.999210262	1.04500755	1.16366375
0.940855881	0.983978419	1.0957051
0.943292606	0.986526869	1.09854294
0.925137494	0.967539631	1.07739984
0.962251088	1.00635423	1.12062171
0.920510919	0.962700925	1.0720116
0.789454088	0.825637387	0.919385081
0.8206473	0.858260281	0.955712275
0.8311416	0.869235569	0.967933738
0.808793056	0.845862706	0.941906944
0.745074813	0.77922405	0.867701775
0.761663237	0.7965728	0.887020381
0.735035375	0.768724481	0.856010006
