#?RADIANCE
genskyvec -m 1
NROWS=146
NCOLS=1
NCOMP=3
FORMAT=ascii

23.6260713	24.7089319	27.5145288
30.4644913	31.8607806	35.4784437
28.9872788	30.3158625	33.7581044
28.3536413	29.6531813	33.0201788
27.4464463	28.7044075	31.9636744
25.7353931	26.9149319	29.9710125
26.9128175	28.1463187	31.3422194
28.5619037	29.8709906	33.2627194
30.8313856	32.2444912	35.90572
33.0277181	34.5414856	38.4635306
40.3927175	42.2440481	47.0406869
42.3592663	44.3007306	49.3308969
46.6124987	48.7489044	54.2841412
46.5876869	48.7229537	54.2552462
44.0622562	46.081775	51.3141719
41.4811006	43.3823175	48.3082019
36.9328862	38.6256431	43.0114275
35.1297675	36.7398806	40.9115444
30.251895	31.6384394	35.2308544
27.110805	28.353385	31.572795
27.5695444	28.8331494	32.1070356
25.2754175	26.4338738	29.4353312
27.0016494	28.2392263	31.4456725
26.4478756	27.6600694	30.8007569
29.5328806	30.8864712	34.3935025
33.0035812	34.5162425	38.4354219
34.8849106	36.4838	40.6263856
36.7657525	38.4508462	42.8167837
34.1935269	35.7607275	39.8212125
33.9300475	35.4851731	39.5143694
31.5926469	33.0406413	36.7922713
17.0503988	17.8318744	19.8566106
14.9551775	15.6406225	17.4165537
16.0633875	16.7996244	18.7071544
15.5304956	16.2423087	18.0865581
16.3693081	17.1195681	19.063425
17.1568131	17.9431669	19.9805394
19.8237581	20.7323469	23.08642
22.9529519	24.00496	26.7306281
26.530505	27.746485	30.8969863
29.3394306	30.6841538	34.1682138
35.1784381	36.7907825	40.968225
39.8696394	41.6969969	46.4315181
41.0110069	42.8906756	47.7607381
38.5156725	40.2809725	44.8547131
33.5102569	35.0461431	39.0254894
27.9118844	29.1911769	32.5057156
25.6142431	26.7882281	29.8299225
20.8866231	21.8439269	24.3242156
18.3529588	19.1941338	21.37355
16.2132287	16.9563356	18.8816575
15.4502463	16.1583825	17.9931006
15.3656844	16.0699438	17.8946206
14.5073281	15.1722456	16.8949931
16.5879875	17.3482694	19.3180931
17.6487919	18.4576931	20.5534881
18.6921587	19.5488813	21.7685781
17.9367825	18.7588844	20.8888794
18.5500675	19.4002788	21.6031
17.6046481	18.4115269	20.5020812
17.4724544	18.2732756	20.3481319
10.6798233	11.1693126	12.4375444
10.3254239	10.7986721	12.0248169
10.7434581	11.2358681	12.5116537
12.2479612	12.8093262	14.2637725
13.9769819	14.6175906	16.2773594
16.7341731	17.5011556	19.4883387
20.7147156	21.6641388	24.1240125
27.4673438	28.7262644	31.9880131
37.301945	39.0116144	43.4412256
49.1829275	51.437145	57.2776213
49.7271375	52.0062975	57.9113987
34.9575625	36.5597844	40.7109987
25.1943087	26.3490469	29.3408731
19.5315262	20.42672	22.7460906
15.8531075	16.5797081	18.462265
13.5618344	14.1834181	15.7938875
11.62621	12.1590775	13.53969
11.32602	11.8451281	13.190095
10.724825	11.2163811	12.4899525
10.3565341	10.8312078	12.0610481
11.0089635	11.5135406	12.8208544
11.2207312	11.7350152	13.0674769
10.6276577	11.1147575	12.3767931
10.9731302	11.4760642	12.779125
8.6516275	9.04816019	10.0755414
9.048542	9.46326663	10.5377806
9.75576256	10.2029004	11.3613975
10.7511381	11.2438987	12.5205975
12.9416631	13.5348225	15.0716444
14.9575312	15.6430819	17.41929
20.2391906	21.1668175	23.5702244
30.4197606	31.814	35.4263475
54.4317612	56.9265487	63.3903231
2961.48276313062	2965.50918563062	2975.94130463062
2674.53646101289	2678.29172171289	2688.02128791289
44.5565481	46.5987231	51.8898175
28.5554038	29.8641931	33.2551506
18.7836288	19.6445437	21.8751
14.7063625	15.3804031	17.126785
12.4413787	13.0116106	14.489025
10.7019006	11.192405	12.4632569
9.65135088	10.0937034	11.2398037
9.0298835	9.44375312	10.5160519
8.683015	9.08098637	10.1120952
8.61001119	9.00463638	10.0270757
8.64598831	9.04226256	10.0689749
8.52691506	8.91773181	9.93030362
8.64948263	9.04591681	10.0730439
8.29067181	8.67066044	9.65517844
9.0481055	9.46281006	10.5372725
10.3376674	10.8114756	12.0390744
12.5497425	13.1249381	14.6152212
16.1379919	16.87765	18.7940381
27.898625	29.1773106	32.490275
52.8734838	55.2968488	61.5755812
4979.32888558168	4984.08755558168	4996.41689358168
58.6784244	61.3678519	68.3359144
27.5636694	28.8270037	32.1001913
17.8252169	18.6422081	20.7589544
13.2419769	13.8489019	15.4213863
10.7332281	11.2251663	12.4997406
9.1334855	9.5521025	10.6367056
8.41507469	8.80076544	9.80005675
7.97951425	8.34524175	9.29280969
7.8627805	8.22315756	9.15686331
7.96030069	8.32514738	9.27043381
8.89481519	9.30249394	10.358754
10.3596717	10.8344901	12.0647019
13.2503075	13.8576131	15.4310881
20.2670563	21.1959625	23.6026763
31.1946463	32.6244	36.3287669
35.8697506	37.51378	41.7733156
22.9055725	23.9554094	26.6754469
15.1947719	15.8911994	17.69558
11.1229044	11.6327031	12.9535494
9.39154894	9.82199419	10.9372418
8.34136894	8.72368125	9.71421969
8.49282894	8.8820835	9.89060725
10.3904998	10.866731	12.1006044
13.0088863	13.6051244	15.1499337
17.5282781	18.33166	20.4131437
17.7752238	18.5899219	20.7007313
11.8785787	12.4230125	13.8335956
10.0358946	10.4958718	11.6876369
12.7372169	13.321005	14.8335506
