#?RADIANCE
genskyvec -m 1
NROWS=146
NCOLS=1
NCOMP=3
FORMAT=ascii

27.3774588	28.6322581	31.8833325
30.5899244	31.9919625	35.6245175
31.7117081	33.1651587	36.9309275
32.1230325	33.5953356	37.4099512
31.3695694	32.8073394	36.53248
28.0194319	29.303655	32.630965
26.7784225	28.0057656	31.1857063
25.9506869	27.1400931	30.2217388
24.5571131	25.6826475	28.5988063
23.3799025	24.4514813	27.2278475
28.1775288	29.4689988	32.8150812
27.5719844	28.8357	32.1098775
31.6739925	33.1257169	36.8870069
34.0174694	35.5766031	39.6161794
35.5093019	37.1368088	41.3535419
38.3906662	40.1502369	44.7091325
39.24248	41.0410919	45.70114
40.3242206	42.1724125	46.9609187
38.1430731	39.8912969	44.4207894
35.4361463	37.0603025	41.2683487
34.5680344	36.1524025	40.2573575
30.4741225	31.8708519	35.4896563
29.1290644	30.464145	33.9232237
26.1841725	27.3842819	30.4936544
25.8705637	27.0562962	30.1284281
26.5625581	27.7800075	30.934315
27.0192106	28.2575906	31.4661231
28.8444387	30.166475	33.5917544
28.0218819	29.3062175	32.6338187
29.5173481	30.8702244	34.3754125
29.8004725	31.1663275	34.7051356
17.1046869	17.8886537	19.919835
15.5525225	16.2653463	18.1122081
17.1226719	17.90746	19.9407794
16.1008787	16.838835	18.7508156
15.6103694	16.325845	18.1795775
14.59155	15.2603294	16.9930756
15.634475	16.3510556	18.2076513
16.3210194	17.0690656	19.0071881
16.8835069	17.6573344	19.6622513
16.8205837	17.5915256	19.5889719
19.2288144	20.1101344	22.3935575
21.5475156	22.5351087	25.0938794
25.0290931	26.1762612	29.1484662
28.0004719	29.2838269	32.6088844
30.2518094	31.6383469	35.2307525
32.2642094	33.7429869	37.5743625
33.1891	34.7102681	38.6514762
30.9425994	32.3607988	36.0352381
27.9212175	29.2009394	32.5165875
24.6229506	25.7515031	28.67548
22.2014056	23.21897	25.8553875
20.0090588	20.9261381	23.302215
17.2059162	17.9945194	20.0377231
16.8078756	17.578235	19.5741731
16.0873188	16.824655	18.7350244
15.984155	16.7167613	18.61488
15.1898225	15.8860237	17.6898163
15.8832706	16.6112556	18.4973962
15.7893394	16.5130169	18.3880019
16.4955606	17.2516075	19.2104556
10.5274136	11.0099205	12.2600506
10.1074429	10.5706999	11.77096
10.1082039	10.571496	11.7718463
10.7336981	11.2256597	12.5002881
10.8906139	11.3897669	12.6830294
11.5076606	12.035095	13.4016319
12.5781631	13.1546613	14.6483181
14.3467487	15.0043063	16.7079856
16.0606469	16.7967594	18.7039625
19.639445	20.5395844	22.8717706
23.7664412	24.8557344	27.6780019
30.2768487	31.6645363	35.2599131
35.1510244	36.7621112	40.9362994
35.1161613	36.7256513	40.8956969
29.0992363	30.4329494	33.8884862
23.4399075	24.5142363	27.2977275
18.5236994	19.3727006	21.5723906
16.2958394	17.0427325	18.9778644
13.6396906	14.2648406	15.884555
12.0108925	12.5613919	13.9876856
11.2692363	11.7857437	13.1239669
10.8130194	11.308615	12.5926625
10.2355849	10.7047171	11.9201931
10.5616126	11.0456854	12.2998794
8.52448056	8.91518569	9.92746813
8.5738555	8.96682362	9.98496944
8.61849281	9.01350669	10.0369537
8.8845145	9.29172081	10.3467581
9.55728875	9.99533075	11.1302594
10.144189	10.6091294	11.8137537
11.5396444	12.0685437	13.4388787
13.407735	14.0222588	15.6144269
16.2330119	16.977025	18.9046969
20.1243188	21.0466806	23.4364481
28.2491219	29.5438731	32.8984581
46.0178525	48.1270012	53.591625
57.671065	60.3143206	67.1627663
52.0636269	54.4498744	60.632435
36.8945825	38.5855838	42.9668194
26.7921606	28.0201331	31.2017056
19.4490175	20.3404287	22.6500006
15.5560287	16.2690125	18.1162931
12.9277425	13.5202637	15.0554356
11.242345	11.7576187	13.0926475
10.1526363	10.6179656	11.82359
9.39515719	9.82576844	10.9414425
8.91889694	9.3276795	10.3867994
8.74983525	9.15086906	10.1899125
8.40400231	8.78918531	9.78716138
8.42737306	8.81362719	9.81437794
8.79923119	9.20252912	10.2474391
9.48246975	9.91708363	11.0431275
10.6198975	11.1066425	12.3677556
13.2461181	13.8532306	15.4262081
16.7591844	17.5273144	19.5174687
27.3781944	28.6330275	31.8841906
48.2568131	50.4685825	56.1990831
5299.30950840139	5304.33693840139	5317.36257140139
3172.15900089345	3176.12720269345	3186.40847849345
38.8712606	40.6528588	45.268825
21.6789644	22.6725819	25.2469606
14.8316219	15.5114038	17.2726594
12.0955881	12.64997	14.0863213
10.2517276	10.7215982	11.9389919
9.15218194	9.57165625	10.6584794
8.6219935	9.01716781	10.0410308
9.13560475	9.55431956	10.6391737
9.63496081	10.0765626	11.220715
10.5730925	11.0576912	12.3132488
12.7840006	13.3699337	14.8880331
17.8379875	18.65556	20.7738231
34.9187319	36.5191725	40.6657737
2602.90919454269	2606.01907324269	2614.07648574269
48.5584719	50.7840663	56.5503894
22.7416581	23.7839831	26.4845563
14.5520181	15.2189844	16.9470375
10.7823862	11.2765787	12.5569875
9.81676063	10.2666954	11.4324363
11.36414	11.8849962	13.2344881
12.6988163	13.2808456	14.7888325
17.4310681	18.2299925	20.2999319
26.6197169	27.8397862	31.0008794
18.17664	19.0097344	21.1682119
13.1037525	13.7043387	15.2604113
15.2431231	15.9417662	17.7518888
