#?RADIANCE
genskyvec -m 1
NROWS=146
NCOLS=1
NCOMP=3
FORMAT=ascii

7.71281363	8.06631738	8.98221456
24.4855394	25.6077937	28.5154537
25.0986319	26.248985	29.2294494
26.0134438	27.2057269	30.2948269
27.2116937	28.4588956	31.6902869
27.9961619	29.2793206	32.6038663
28.1699431	29.4610644	32.8062475
28.5201925	29.8273687	33.2141437
27.3132656	28.5651231	31.8085737
26.9835037	28.2202469	31.4245406
26.8297875	28.0594856	31.2455244
25.6519744	26.8276881	29.8738631
24.9310256	26.0736981	29.0342587
24.2795244	25.3923362	28.2755325
24.1874869	25.2960794	28.1683463
25.7635812	26.9444125	30.00384
29.4125444	30.7606181	34.25336
33.3216444	34.848885	38.8058331
43.1462456	45.12378	50.2474
61.9890156	64.8301775	72.1913787
81.2615944	84.98608	94.6359056
113.884375	119.104062	132.627844
110.358506	115.416598	128.521675
98.552265	103.069238	114.772322
72.3112225	75.6254844	84.2124494
48.7817788	51.01761	56.81045
38.35253	40.1103531	44.6647181
31.1454119	32.5729094	36.27143
27.467125	28.7260331	31.9877575
24.9534056	26.0971006	29.0603206
24.1756363	25.2836862	28.154545
18.1897669	19.0234644	21.1835
17.1035419	17.8874556	19.9185019
18.9877406	19.8580119	22.1128062
19.1301925	20.0069925	22.2787044
19.6487775	20.5493456	22.8826387
19.0128525	19.8842744	22.1420531
20.515805	21.4561125	23.8923656
20.9171287	21.8758281	24.35974
19.8896575	20.8012644	23.163165
17.0839056	17.8669181	19.8956331
17.3596094	18.155255	20.2167119
17.0502994	17.8317725	19.8564969
18.1349325	18.9661163	21.1196425
18.4969281	19.3447025	21.5412144
19.5261325	20.4210794	22.73981
22.7037931	23.7443825	26.44046
29.0596925	30.3915931	33.8424344
36.73632	38.4200663	42.7825081
54.6560963	57.1611656	63.6515838
80.6545637	84.3512231	93.9289606
122.202225	127.80315	142.314675
1483.8572304328	1490.2816364328	1506.9267244328
99.2332456	103.781429	115.565386
65.2073525	68.1960206	75.9394
44.7363187	46.7867319	52.0991744
33.8370631	35.387925	39.4060831
25.0754919	26.2247831	29.2025
21.3846344	22.3647638	24.90419
18.8458712	19.70964	21.94759
18.2164094	19.0513275	21.2145269
11.9962775	12.5461069	13.9706644
11.416985	11.9402644	13.2960319
11.5735919	12.1040469	13.4784119
12.7645256	13.3495669	14.865355
12.8976494	13.4887919	15.0203881
12.9897225	13.5850819	15.1276125
12.7901488	13.3763625	14.8951931
12.6162781	13.1945244	14.6927069
11.6653675	12.2000313	13.5852956
12.0785888	12.6321888	14.0665219
12.3899831	12.9578569	14.4291669
14.1882475	14.8385431	16.5233975
17.0147962	17.7946388	19.8151481
22.1095444	23.1228956	25.7484069
34.5924438	36.17793	40.2857856
58.8263425	61.5225481	68.5081819
1513.53077423567	1518.54704023567	1531.54377523567
1873.17824525537	1878.87756325537	1893.64403025537
59.6930275	62.428955	69.5175088
34.7126575	36.3036569	40.4257856
23.6138825	24.696185	27.5003337
17.7621588	18.5762563	20.6855144
13.7161306	14.3447862	15.9735781
12.7072119	13.289625	14.7986075
8.99079537	9.40287406	10.4705324
8.83700931	9.24203875	10.2914337
8.59356744	8.98743987	10.0079254
8.79512706	9.19823656	10.2426579
9.11090919	9.52849119	10.6104135
9.03121619	9.44514556	10.5176039
8.84625062	9.25170362	10.3021971
8.96294263	9.37374387	10.4380937
8.79803075	9.20127369	10.2460411
9.08425931	9.50061969	10.5793767
9.60896525	10.0493768	11.1904412
10.6058971	11.0920006	12.3514512
12.5455113	13.1205138	14.6102931
17.44021	18.2395531	20.3105794
25.2663306	26.42437	29.4247481
34.6668325	36.2557288	40.3724194
50.9249087	53.258965	59.3063025
54.0746319	56.5530525	62.9744181
39.9189519	41.7485694	46.4889481
26.1483112	27.346775	30.4518894
18.3359769	19.1763744	21.3537744
13.5354775	14.1558538	15.7631925
11.0353367	11.5411232	12.8515687
10.0282745	10.4879045	11.6787637
7.62110531	7.97040569	8.87541275
7.21327081	7.54387894	8.40045525
6.97200881	7.29155894	8.11948544
7.10938344	7.43523013	8.27946994
7.14327444	7.47067444	8.31893894
7.0848545	7.40957681	8.25090381
7.2824365	7.6162145	8.48100475
7.86098875	8.22128369	9.154777
8.67843544	9.07619738	10.1067627
10.8207449	11.3166956	12.6016606
13.2780575	13.8866331	15.4634044
19.69422	20.59687	22.9355612
26.3665462	27.5750106	30.7060413
24.8854019	26.0259819	28.9811256
18.5178469	19.3665825	21.5655775
13.2307012	13.8371056	15.4082519
10.2814821	10.7527169	11.9736425
8.50107063	8.89070269	9.90020613
6.885451	7.20103412	8.018682
6.32488544	6.61477581	7.3658565
6.2388825	6.52483106	7.265699
6.34218456	6.63286781	7.38600294
6.53219281	6.83158481	7.60728325
7.397243	7.73628313	8.61470656
9.06989281	9.48559531	10.5626457
11.2726004	11.7892601	13.1278844
14.5612119	15.2285994	16.9577456
13.2642537	13.8721969	15.4473287
10.3569384	10.8316306	12.0615188
7.90605362	8.26841419	9.20725863
6.76646794	7.07659738	7.88011619
6.26045038	6.54738737	7.29081662
6.52288931	6.82185487	7.59644862
7.61299406	7.96192269	8.8659665
8.63993437	9.03593119	10.0619241
8.250442	8.62858694	9.60832756
6.96286269	7.28199356	8.10883419
