#?RADIANCE
genskyvec -m 1
NROWS=146
NCOLS=1
NCOMP=3
FORMAT=ascii

10.0444255	10.504795	11.6975713
20.9363981	21.8959838	24.3821812
20.4647106	21.4026756	23.8328606
21.05025	22.0150506	24.5147694
22.2595887	23.27982	25.9231481
24.1279762	25.2338406	28.09904
28.7330456	30.0499744	33.4620263
34.6589387	36.2474725	40.363225
45.9691112	48.0760281	53.534865
60.7889125	63.57507	70.7937581
72.52679	75.8509306	84.4634956
77.3753356	80.921705	90.1100319
61.9608631	64.800735	72.1585931
46.3266206	48.4499238	53.9512137
35.4674594	37.0930494	41.3048119
29.0035025	30.3328294	33.7769963
24.2529131	25.364505	28.2445388
22.8180425	23.8638694	26.5735131
20.4711562	21.4094194	23.8403706
20.0144881	20.9318169	23.30854
21.8876087	22.8907894	25.4899444
21.9937156	23.0017594	25.6135144
23.775125	24.8648175	27.688115
23.7754125	24.8651188	27.6884525
26.1449356	27.3432431	30.4479569
27.1396006	28.3834975	31.6063288
27.583965	28.8482294	32.1238263
27.1750594	28.4205812	31.6476225
24.7078144	25.8402531	28.7743087
23.3939587	24.4661831	27.2442169
21.5928719	22.582545	25.1467012
13.3429606	13.9545144	15.53899
12.3030006	12.8668875	14.3278694
13.7633494	14.3941688	16.0285669
14.5563512	15.2235169	16.9520844
17.260825	18.0519475	20.1016712
20.564925	21.507485	23.9495706
27.2777412	28.5279694	31.7672025
39.1556263	40.9502581	45.5999931
59.8748194	62.6190806	69.7292206
85.6183463	89.5425187	99.7097119
86.110155	90.0568681	100.282457
60.99279	63.7882912	71.0311906
41.5096981	43.4122256	48.3415056
28.3990769	29.7006994	33.0730931
21.3348894	22.3127375	24.8462588
16.7584356	17.5265313	19.5165956
15.8107313	16.53539	18.4129156
13.2459187	13.8530256	15.4259775
12.7649238	13.3499819	14.8658162
12.3030063	12.8668912	14.327875
12.9642325	13.5584263	15.0979281
14.015775	14.658165	16.3225394
13.7238056	14.3528125	15.9825175
15.7595981	16.4819119	18.3533644
16.3569412	17.1066369	19.0490244
16.6683919	17.4323588	19.4117312
15.3252681	16.0276769	17.8475537
15.0898037	15.7814175	17.5733325
13.9470319	14.5862675	16.2424813
13.6082287	14.2319387	15.8479187
8.953396	9.36375937	10.4269758
8.87662375	9.28346875	10.3375689
9.75468781	10.2017779	11.3601475
12.3100537	12.8742625	14.3360838
16.308375	17.0558425	18.9924606
24.871075	26.0109969	28.96444
42.7970156	44.758545	49.8406956
1788.6137549247	1792.3997443247	1802.2089093247
2725.84609536435	2730.27997836435	2741.76776036435
49.9503525	52.23974	58.17135
28.8601244	30.1828781	33.6100219
17.7122794	18.52409	20.627425
12.9135544	13.5054263	15.0389119
10.4488288	10.9277337	12.1685325
9.40325963	9.83424144	10.9508808
9.08298025	9.49928356	10.5778874
8.91440819	9.32298481	10.3815718
9.72125762	10.1668148	11.3212143
9.77040094	10.2182089	11.3784464
9.48833838	9.92322025	11.0499605
9.99819019	10.45644	11.6437262
9.89222388	10.3456181	11.5203211
9.04911206	9.46386281	10.5384467
9.12503475	9.54326644	10.6268652
7.14656412	7.47411475	8.32276987
7.60668156	7.95532094	8.85861525
8.52578756	8.91655256	9.92899019
10.0098497	10.4686347	11.6573038
13.9126644	14.5503269	16.2024581
18.3526312	19.1937913	21.3731688
30.9156438	32.3326094	36.003845
48.24381	50.4549819	56.1839394
1438.89577177899	1441.13668107899	1446.94268297899
33.9599144	35.5164094	39.5491513
21.0697606	22.0354581	24.537495
13.9154219	14.5532112	16.20567
11.1291888	11.6392756	12.9608688
8.91922544	9.32802269	10.3871815
7.84285037	8.20231419	9.13365344
7.24406169	7.57608106	8.436314
7.03123394	7.35349856	8.18845838
7.07560869	7.399907	8.24013619
7.32012994	7.65563544	8.52490156
7.36263325	7.70008706	8.57440037
7.41936956	7.75942369	8.64047475
7.38668331	7.72523938	8.60240862
7.1412055	7.4685105	8.31652931
7.19935744	7.52932781	8.38425206
6.39871762	6.69199169	7.45184006
7.13908675	7.46629444	8.3140615
8.45555237	8.84309844	9.84719531
11.3674636	11.8884712	13.2383606
16.0308344	16.7655819	18.6692437
23.2825575	24.3496756	27.1144819
25.39768	26.5617375	29.577715
18.49537	19.3430744	21.5394
13.3173156	13.9276931	15.509125
9.61697913	10.0577569	11.199775
7.73359188	8.08804781	9.00641244
6.78636706	7.09740875	7.90329044
6.29753831	6.58617544	7.33400875
6.0877825	6.36680575	7.08973031
6.000436	6.27545575	6.98800812
6.01774844	6.29356169	7.00816981
6.09801094	6.37750294	7.10164244
6.14650587	6.4282205	7.15811875
6.30425375	6.59319844	7.34182906
7.32499413	7.66072294	8.5305665
9.80773075	10.2572522	11.4219213
13.6349425	14.2598794	15.8790294
13.8762669	14.5122631	16.16007
11.0629392	11.5699901	12.883715
8.50847075	8.89844219	9.90882413
6.94273331	7.26094156	8.08539194
6.0296085	6.3059655	7.02198187
5.72547856	5.98789613	6.66779725
5.67167169	5.93162306	6.60513463
5.80638869	6.07251437	6.76202362
6.47214606	6.76878594	7.53735381
7.76029388	8.11597363	9.03750912
8.70033625	9.09910138	10.1322674
7.85814075	8.21830525	9.15146019
6.30002381	6.58877487	7.33690319
5.936709	6.20880769	6.91379263
6.94659294	7.26497819	8.08988675
