#?RADIANCE
genskyvec -m 1
NROWS=146
NCOLS=1
NCOMP=3
FORMAT=ascii

22.0345431	23.04446	25.6610625
28.91237	30.2375187	33.6708644
27.3437287	28.5969819	31.8440537
26.7815338	28.0090194	31.1893306
26.1158744	27.3128506	30.4141131
24.8901306	26.0309281	28.9866325
26.4700975	27.6833106	30.8266375
28.4280069	29.7309575	33.1067856
31.0745244	32.4987737	36.1888756
33.6475131	35.1896887	39.1853362
41.1000994	42.9838525	47.8644938
43.3404237	45.3268594	50.4735394
46.9575637	49.1097819	54.6859975
45.9022287	48.0060788	53.4569731
42.4172819	44.3614069	49.3984625
39.2046488	41.0015281	45.6570831
34.4256406	36.0034813	40.0915288
32.6979494	34.1966044	38.0794888
28.0533694	29.3391475	32.6704875
25.3430081	26.5045594	29.5140444
26.17232	27.3718819	30.4798481
24.3808006	25.4982544	28.3934763
26.4645275	27.6774856	30.8201488
26.1996506	27.4004656	30.5116781
29.5048688	30.8571744	34.3608819
32.9268419	34.4359881	38.346055
34.6631594	36.2518875	40.36814
36.2137019	37.8734944	42.1738756
33.3632269	34.8923731	38.8542581
32.7736537	34.2757794	38.1676525
30.1892125	31.5728825	35.1578544
16.2620363	17.0073794	18.9384981
14.2580606	14.9115525	16.6046981
15.3443	16.0475813	17.8697163
14.99568	15.6829819	17.4637206
16.0570062	16.7929519	18.6997231
17.0638106	17.8459	19.8722313
19.9096162	20.8221413	23.1864094
23.3136438	24.3821856	27.1506825
27.3289456	28.5815206	31.8268375
30.9522325	32.3708769	36.0464587
37.5028181	39.2216956	43.6751575
41.9852081	43.9095263	48.895275
41.1753931	43.062595	47.9521763
36.6845812	38.3659562	42.7222544
30.9141625	32.33106	36.00212
25.362385	26.5248262	29.5366131
23.3180769	24.3868206	27.1558444
18.9504094	19.8189681	22.0693306
16.7714544	17.5401444	19.5317569
14.9573994	15.6429456	17.41914
14.5122931	15.1774406	16.9007775
14.7566369	15.43298	17.1853312
14.1392869	14.7873381	16.46638
16.4231256	17.1758513	19.1260987
17.553375	18.3579037	20.4423675
18.5675388	19.41855	21.6234462
17.6883519	18.4990681	20.5995625
18.13257	18.9636469	21.1168919
17.0460138	17.8272881	19.8515044
16.7782244	17.5472256	19.5396412
10.2334881	10.7025211	11.9177513
9.91181956	10.3661109	11.54314
10.3916021	10.8678825	12.1018863
11.99772	12.5476144	13.972345
13.8799581	14.5161231	16.1643688
16.8830994	17.6569081	19.6617769
21.4292681	22.4114438	24.9561706
29.7351425	31.0980031	34.6290544
42.5704906	44.5216375	49.5768856
54.5102625	57.0086469	63.4817444
48.5266444	50.7507781	56.5133231
31.0421994	32.4649662	36.1512306
22.1015356	23.1145225	25.7390819
17.2351813	18.0251269	20.0718056
14.1676338	14.8169819	16.4993894
12.2645906	12.8267137	14.283135
10.7020778	11.1925888	12.4634625
10.6674394	11.1563636	12.4231219
10.3024306	10.7746241	11.9980381
10.0304061	10.4901337	11.6812444
10.7526217	11.2454504	12.522325
10.9449513	11.4465937	12.7463088
10.2804131	10.7515982	11.9723987
10.558642	11.0425785	12.2964181
8.26536956	8.6441985	9.62571175
8.67697737	9.07467194	10.1050628
9.42274462	9.85462025	10.9735712
10.4665259	10.9462394	12.1891406
12.7693287	13.3545888	14.8709488
14.934705	15.6192119	17.3927088
20.9853006	21.9471256	24.4391331
33.6998963	35.2444731	39.2463387
65.8370563	68.8545844	76.6727425
4350.06495371497	4354.86129671497	4367.28813571497
2424.3880208635	2427.6058832635	2435.9430739635
35.0469912	36.6533119	40.815145
23.3069694	24.3752044	27.1429069
16.1075406	16.8458031	18.758575
12.9120462	13.5038481	15.0371562
11.0498762	11.5563288	12.8685019
9.64096512	10.0828413	11.2277069
8.83268031	9.23751125	10.2863923
8.42970512	8.81606613	9.81709381
8.21511256	8.59163825	9.56718344
8.21986763	8.59661125	9.57272156
8.28451181	8.66421813	9.64800406
8.15429762	8.52803606	9.49636019
8.27097863	8.65006456	9.632244
7.84324625	8.20272819	9.13411431
8.61959075	9.014655	10.0382322
9.91416269	10.368561	11.54587
12.1914438	12.7502181	14.1979519
15.9685762	16.7004694	18.5967381
28.6913381	30.0063556	33.413455
55.0192094	57.5409206	64.0744556
3493.94706349475	3497.53053159475	3506.81497409475
42.5426206	44.4924881	49.5444281
21.7390256	22.7353963	25.3169056
14.9222856	15.6062237	17.3782463
11.5399719	12.0688881	13.43926
9.55383888	9.99172262	11.1262412
8.27613169	8.65545419	9.63824594
7.7234925	8.07748556	8.99465106
7.4215435	7.76169731	8.64300625
7.38354225	7.7219545	8.59875075
7.50210325	7.8459495	8.73682475
8.32626294	8.70788312	9.69662738
9.73154438	10.177572	11.3331944
12.5640225	13.1398731	14.6318519
19.37071	20.2585331	22.5588069
28.0340419	29.3189344	32.6479788
28.4001031	29.7017731	33.0742888
18.4411831	19.2864044	21.4762956
12.9283913	13.5209444	15.0561912
9.828026	10.2784771	11.4455556
8.46405331	8.85198869	9.857095
7.66567256	8.01701562	8.92731494
7.86342156	8.22382812	9.15761006
9.53560312	9.97265144	11.1050044
11.8786563	12.423095	13.8336862
15.435985	16.1434694	17.9764925
15.1013762	15.7935213	17.5868125
10.522272	11.0045426	12.2540625
9.08219319	9.49846069	10.5769721
11.3940312	11.9162569	13.2692981
