#?RADIANCE
genskyvec -m 1
NROWS=146
NCOLS=1
NCOMP=3
FORMAT=ascii

22.5602288	23.5942381	26.2732663
28.9837138	30.3121325	33.7539513
27.4729569	28.732135	31.9945506
26.8986013	28.1314538	31.3256638
26.1669394	27.3662556	30.4735813
24.8009456	25.9376537	28.88277
26.226215	27.4282487	30.5426144
28.0560269	29.3419269	32.6735819
30.5258256	31.9249231	35.5498681
32.9104806	34.4188775	38.3269994
40.1921544	42.0342931	46.8071144
42.2760819	44.2137344	49.2340231
46.0339319	48.1438181	53.6103512
45.3451975	47.4235175	52.808265
42.2361225	44.1719444	49.1874881
39.2842431	41.0847688	45.749775
34.6591631	36.2477062	40.3634831
32.9622787	34.4730494	38.3873238
28.3171794	29.6150513	32.9777181
25.5199806	26.6896456	29.7201444
26.2297994	27.4319981	30.54679
24.3043019	25.4182487	28.3043875
26.2559475	27.459345	30.5772419
25.9033931	27.0906319	30.1666625
29.0857456	30.4188412	33.8727762
32.474885	33.9633156	37.8197113
34.2274288	35.7961837	39.8606962
35.8576175	37.5010938	41.7591881
33.141875	34.6608756	38.5964762
32.6662975	34.1635025	38.0426294
30.1946	31.5785181	35.16413
16.2806656	17.0268644	18.9601937
14.27556	14.9298569	16.6250806
15.3529381	16.0566156	17.8797781
14.9501425	15.6353587	17.4106875
15.9229487	16.6527513	18.5436019
16.8402431	17.6120862	19.6118681
19.5812956	20.4787712	22.8040525
22.8307694	23.8771806	26.5883356
26.6082038	27.8277456	30.9874712
29.8466525	31.2146231	34.7589156
36.0240619	37.6751637	41.9530256
40.52138	42.3786106	47.1905275
40.4091225	42.2612056	47.0597913
36.6386125	38.3178812	42.6687194
31.1897056	32.6192319	36.3230138
25.7175444	26.8962637	29.9502231
23.6479562	24.73182	27.5400169
19.2441756	20.1262006	22.4114475
16.9992219	17.7783525	19.7970119
15.1157881	15.8085969	17.6035956
14.5833394	15.2517425	16.9835144
14.7262381	15.40119	17.1499331
14.0447131	14.6884294	16.35624
16.2366912	16.9808719	18.9089806
17.3320375	18.1264213	20.1846031
18.3427931	19.1835031	21.3617119
17.5156269	18.318425	20.3984087
18.0076031	18.83295	20.9713544
16.9810188	17.7593144	19.7758113
16.7601388	17.5283094	19.5185775
10.2242129	10.6928224	11.9069481
9.89539519	10.3489329	11.5240131
10.3469834	10.8212206	12.0499262
11.8952919	12.4404912	13.8530594
13.6930713	14.3206687	15.9467244
16.5542763	17.3130131	19.2788337
20.8065069	21.7601381	24.2309125
28.3883281	29.6894588	33.0605762
39.9152444	41.7446913	46.4846287
51.7687194	54.1414519	60.28899
48.1717938	50.3796656	56.1000719
31.6730531	33.1247338	36.8859112
22.6202819	23.657045	26.3432044
17.6175144	18.4249837	20.5170644
14.4408881	15.1027613	16.8176181
12.4615844	13.03274	14.5125544
10.8145892	11.3102563	12.5944906
10.7040192	11.19462	12.4657238
10.2742583	10.7451624	11.9652313
9.977964	10.4352872	11.6201713
10.6718451	11.1609701	12.4282525
10.8697164	11.3679114	12.6586912
10.2376018	10.7068242	11.9225413
10.5345835	11.0174178	12.2684006
8.25729863	8.63575775	9.61631281
8.65739288	9.05418994	10.0822562
9.376001	9.80573425	10.9191338
10.3852359	10.8612256	12.0944737
12.6061869	13.1839712	14.6809581
14.6747731	15.3473656	17.0899956
20.3331219	21.2650556	23.6796169
31.93696	33.4007369	37.1932544
60.718975	63.5019269	70.7123106
3869.70747776553	3874.19155326553	3885.80939026553
2559.1100575066	2562.4673913066	2571.1659519066
37.0804194	38.7799381	43.18324
24.3348831	25.4502331	28.3400025
16.5802	17.3401256	19.309025
13.2126413	13.8182213	15.3872244
11.2743425	11.7910819	13.1299106
9.79817125	10.2472539	11.4107869
8.93459581	9.34409763	10.4050818
8.47577344	8.864246	9.87074519
8.22674119	8.60379994	9.58072638
8.21014238	8.58644031	9.56139581
8.26745744	8.64638237	9.6281435
8.14348169	8.51672412	9.48376362
8.2617955	8.64046112	9.62155056
7.85147731	8.21133656	9.1437
8.60753713	9.00204906	10.0241953
9.87326675	10.3257919	11.4982419
12.0827231	12.6365131	14.0713369
15.7173369	16.4377144	18.30415
27.9080813	29.1872025	32.5012888
53.6458262	56.1045925	62.4750381
3992.54297596535	3996.42267716535	4006.47465976535
46.13794	48.2525925	53.7314769
22.9042187	23.9539944	26.6738725
15.4478075	16.1558313	17.99026
11.8228806	12.3647625	13.7687313
9.73614456	10.1823839	11.3385544
8.391301	8.775902	9.77237
7.80103875	8.15858619	9.08496006
7.46706931	7.80930987	8.69602494
7.40862938	7.74819137	8.62796675
7.51971381	7.86436706	8.75733375
8.35423687	8.73713925	9.72920594
9.746604	10.1933234	11.3507331
12.5369319	13.1115412	14.6003025
19.2828375	20.1666331	22.4564725
28.4990837	29.80529	33.1895612
29.9734131	31.3471937	34.90654
19.3028556	20.18757	22.479785
13.3186719	13.9291106	15.5107044
10.0266203	10.4861729	11.676835
8.58901181	8.98267475	10.0026212
7.73647169	8.09106	9.00976631
7.91684025	8.27969525	9.21982081
9.61527494	10.0559751	11.19779
11.9874913	12.5369169	13.9604325
15.7455169	16.4671856	18.3369669
15.5635169	16.2768438	18.1250131
10.7175261	11.2087464	12.4814538
9.198273	9.61985994	10.7121569
11.568725	12.0989581	13.472745
