#?RADIANCE
genskyvec -m 1
NROWS=146
NCOLS=1
NCOMP=3
FORMAT=ascii

26.4088644	27.6192706	30.7553244
30.19376	31.5776388	35.16315
32.4716887	33.9599737	37.8159894
33.7120331	35.2571675	39.260475
33.6989081	35.2434387	39.2451881
30.5724706	31.9737069	35.6041919
29.2253925	30.5648875	34.0354056
27.9205475	29.2002388	32.5158056
25.4273362	26.5927575	29.6122538
23.1283637	24.1884131	26.9349087
27.1432769	28.3873438	31.61061
25.2763669	26.4348669	29.4364369
28.7551219	30.0730625	33.4877369
30.7782725	32.1889419	35.8438638
32.3938969	33.8786156	37.725395
36.1619063	37.8193269	42.1135569
38.46414	40.2270788	44.7946975
41.3497925	43.2449906	48.1552806
41.1737381	43.0608662	47.9502513
40.1185756	41.9573444	46.7214269
39.5637681	41.3771056	46.0753056
35.4069181	37.029735	41.2343112
33.1815394	34.7023587	38.64267
29.37702	30.7234669	34.2119894
27.9670969	29.24892	32.570015
27.1392181	28.3830975	31.6058819
26.4969644	27.7114081	30.8579262
27.5024131	28.7629388	32.0288531
26.4742306	27.6876331	30.8314494
27.9956594	29.2787937	32.60328
28.8256806	30.1468569	33.5699088
16.9876181	17.7662156	19.7834956
15.7815562	16.5048763	18.3789387
17.7465894	18.5599744	20.6673844
16.9513281	17.7282631	19.7412337
16.4742087	17.2292756	19.1855894
15.1041844	15.7964575	17.5900813
15.9647131	16.6964294	18.5922419
16.0719144	16.8085431	18.7170825
15.6915088	16.4107037	18.27407
14.7857312	15.4634106	17.2192163
16.5345737	17.2924069	19.2558894
18.2693506	19.106695	21.2761825
21.3538131	22.3325306	24.8682969
24.112805	25.2179744	28.0813725
26.75768	27.9840738	31.1615512
30.5350994	31.9346244	35.5606694
34.00165	35.5600588	39.597755
35.0529125	36.6595037	40.82204
33.6263675	35.1675769	39.1607112
30.3558487	31.7471569	35.351915
27.139515	28.38341	31.6062281
23.98853	25.0880044	27.9366431
20.247135	21.1751281	23.5794775
19.0040131	19.8750306	22.1317588
17.4245094	18.2231331	20.2922944
16.5992306	17.3600294	19.3311894
15.2324294	15.9305812	17.7394319
15.4930162	16.2031131	18.04291
15.3271056	16.0295969	17.8496938
16.0929075	16.8304994	18.741535
10.5229104	11.0052098	12.2548063
10.1359955	10.6005624	11.8042119
10.1569952	10.6225245	11.8286681
10.7803587	11.2744569	12.5546269
10.6434273	11.131252	12.3951587
10.7767353	11.2706688	12.5504088
11.2266013	11.7411531	13.0743125
12.2787325	12.8415063	14.2996056
13.3216025	13.9321744	15.5141169
15.9617456	16.693325	18.5887838
18.8551244	19.7193181	21.9583638
24.3931994	25.51122	28.4079169
31.6423487	33.0926206	36.8501531
38.9264169	40.7105419	45.3330569
38.9618325	40.7475825	45.3743019
32.2183694	33.6950444	37.5209787
24.1087038	25.213685	28.0765956
20.0992644	21.0204819	23.4072706
16.1232762	16.8622581	18.7769006
13.7219725	14.3508956	15.9803813
12.2759625	12.8386113	14.2963819
11.3098494	11.8282156	13.1712619
10.405091	10.88199	12.1175956
10.5352703	11.0181364	12.2692
8.50882794	8.89881569	9.90923988
8.45970588	8.84744237	9.85203319
8.35347006	8.73633719	9.72831288
8.47653581	8.86504363	9.87163325
8.83130506	9.23607319	10.284792
9.10213206	9.51931269	10.6001912
9.90992269	10.3641266	11.5409312
11.1345787	11.6449131	12.9671462
12.9166831	13.5086975	15.0425544
15.2451256	15.94386	17.7542194
19.4902306	20.3835331	22.698
28.4596675	29.7640663	33.143655
39.8184525	41.6434631	46.3719056
61.2400025	64.0468338	71.3190944
62.3247256	65.1812712	72.5823388
45.8540125	47.9556525	53.40082
28.8341781	30.1557444	33.5798056
20.4132825	21.3488919	23.7729706
15.6288469	16.3451681	18.2010962
12.96667	13.5609738	15.1007688
11.2829913	11.8001275	13.1399838
10.035427	10.4953835	11.68709
9.25501538	9.67920331	10.7782369
8.88452994	9.29173712	10.3467749
8.36814181	8.7516815	9.74539881
8.13974494	8.51281631	9.47941175
8.22806569	8.605185	9.58226869
8.56191944	8.9543405	9.97106925
9.25192237	9.67596812	10.774635
10.8983181	11.3978237	12.692
12.9063863	13.4979294	15.0305631
17.9265819	18.7482169	20.877
26.3974262	27.6073056	30.742005
54.4728956	56.9695675	63.4382294
7015.70593209217	7020.36098009217	7032.42178909217
2192.10283045592	2195.56504985592	2204.53536105592
34.3872431	35.9633231	40.0468137
19.1091781	19.9850175	22.2542331
14.1581681	14.8070838	16.4883675
11.3393494	11.85907	13.2056181
9.71279869	10.1579689	11.3113631
8.83782169	9.2428885	10.2923805
8.97086219	9.3820265	10.4473178
9.05336306	9.46830869	10.5433965
9.4453895	9.87830325	10.9999438
10.7564447	11.2494481	12.5267769
13.6527731	14.2785256	15.8997925
22.0639375	23.0752	25.695295
42.4440488	44.3893975	49.4296331
1713.68500370528	1716.18624940528	1722.66675680528
30.9106363	32.3273738	35.9980138
17.1672444	17.9540769	19.9926875
11.6687281	12.2035444	13.5892075
10.0600824	10.5211697	11.715805
10.9992144	11.5033444	12.8094994
11.4930037	12.0197644	13.3845606
14.5213181	15.1868763	16.911285
21.7732406	22.7711812	25.3567569
18.4410344	19.2862469	21.4761212
13.467625	14.0848913	15.6841737
14.1506669	14.7992388	16.4796294
