#?RADIANCE
genskyvec -m 1
NROWS=146
NCOLS=1
NCOMP=3
FORMAT=ascii

1.20699975	1.26232056	1.40565181
12.31668	12.881195	14.3438013
12.5271432	13.1013021	14.5889019
13.0502966	13.6484351	15.1981581
14.5197125	15.1851994	16.9094163
18.2176512	19.0526263	21.2159731
24.6248144	25.7534494	28.6776494
35.1008544	36.7096419	40.8778712
60.9111987	63.7029594	70.93617
453.962941037396	458.593593037396	470.591197037396
284.109325398474	287.462954098474	296.151926598474
50.4954125	52.8097844	58.8061194
29.1238263	30.4586675	33.9171263
20.2646656	21.1934612	23.5998937
16.2246656	16.9682938	18.894975
13.6763453	14.3031769	15.9272438
13.04462	13.6424987	15.1915475
11.7577762	12.2966743	13.6929113
12.1064447	12.6613221	14.0989644
11.9281413	12.4748475	13.8913163
11.6803696	12.2157188	13.6027641
12.1410419	12.6975044	14.139255
11.5437807	12.0728691	13.4436947
11.6776694	12.2128952	13.5996189
11.7911056	12.33153	13.7317244
11.1742653	11.6864189	13.0133631
11.6114057	12.1435939	13.5224494
11.2912582	11.808775	13.149615
11.8575363	12.4010062	13.8090894
11.5828397	12.1137185	13.4891829
11.9965258	12.5463675	13.9709556
11.1933051	11.7063294	13.0355362
11.0502603	11.55673	12.8689481
12.3324087	12.8976444	14.3621175
13.6181012	14.2422625	15.8594125
17.0045219	17.7838962	19.803185
21.8937912	22.8972569	25.4971456
31.8610694	33.3213662	37.1048737
51.4471119	53.8051037	59.9144519
331.334410224878	335.079192824878	344.781601524878
56.9440137	59.5539456	66.3160531
39.9780094	41.810335	46.5577269
26.46977	27.6829675	30.8262544
19.6987869	20.60165	22.9408819
15.0915306	15.7832256	17.575345
12.8693738	13.4592194	14.9874588
11.6221225	12.1548044	13.5349306
11.7579921	12.2968989	13.6931625
10.6996312	11.1900307	12.4606131
10.5845041	11.0696272	12.3265369
10.2402281	10.7095717	11.9255988
10.2950144	10.766868	11.9894025
10.4564751	10.9357301	12.1774363
9.98866956	10.4464822	11.6326375
10.5232579	11.0055731	12.2552112
10.6986714	11.189026	12.4594938
10.8068574	11.3021721	12.5854875
10.464144	10.9437496	12.1863681
10.6456179	11.1335418	12.3977106
10.5624164	11.0465286	12.3008169
10.87599	11.3744726	12.6659988
8.04948581	8.41842031	9.37429756
8.026835	8.39473119	9.3479185
8.79233781	9.19531944	10.2394107
11.2840976	11.8012856	13.1412712
15.1050644	15.7973813	17.5911075
22.4933044	23.524245	26.1953263
31.2683737	32.7015094	36.4146306
33.4234556	34.9553612	38.9244006
23.0374994	24.0933844	26.8290894
16.2287569	16.9725738	18.8997406
12.1052312	12.6600539	14.0975531
9.7865565	10.2351069	11.3972602
8.61930244	9.01435375	10.0378962
7.92508794	8.28832125	9.22942513
7.84624381	8.20586313	9.13760525
7.80960919	8.16754944	9.09494119
7.51694475	7.86147131	8.75410919
7.90104	8.26317094	9.20141981
7.60979975	7.95858187	8.86224619
7.27619444	7.60968644	8.47373513
7.61011031	7.95890687	8.8626075
7.70769262	8.06096181	8.97625081
7.43606938	7.776889	8.65992319
7.81471325	8.17288731	9.10088563
5.91584562	6.18698844	6.88949563
6.25324506	6.539852	7.28242544
6.69143144	6.998122	7.79273
7.64903219	7.99961281	8.90793594
9.94779775	10.4037377	11.5850399
11.8551622	12.3985219	13.8063231
14.2651631	14.9189812	16.6129725
15.2589738	15.9583438	17.7703488
12.265199	12.8273537	14.2838462
10.0880884	10.5504583	11.748419
8.05721719	8.42650606	9.38330125
6.69546463	7.00234006	7.79742688
6.34385675	6.6346165	7.38795006
6.10218681	6.38187037	7.1065055
5.9506885	6.22342825	6.93007319
5.69973219	5.96096994	6.63781344
5.63907956	5.89753731	6.5671785
5.64882769	5.90773206	6.57853075
5.75371106	6.01742275	6.7006765
5.71561537	5.97758094	6.65631081
5.764841	6.02906281	6.71363819
5.84490925	6.11280075	6.80688412
5.77095931	6.0354615	6.7207635
5.98351637	6.25776075	6.96830381
4.69735112	4.91264613	5.47045719
5.02225662	5.25244312	5.84883663
5.4255305	5.67420044	6.31848281
6.55711181	6.857646	7.63630344
7.69815425	8.05098587	8.96514219
8.01912638	8.38666956	9.33894194
7.64413975	7.99449606	8.90223794
6.38440619	6.67702456	7.43517338
5.569041	5.82428844	6.4856125
5.05942738	5.29131762	5.89212494
4.62040137	4.83216969	5.38084263
4.63524275	4.84769131	5.39812669
4.59876906	4.80954575	5.35564994
4.49525056	4.70128281	5.23509419
4.39692838	4.59845425	5.12058988
4.43792287	4.64132756	5.16833125
4.56081694	4.76985388	5.31145144
4.60355213	4.81454831	5.36122031
4.05352538	4.23931169	4.72066837
4.19581825	4.38812631	4.88638025
4.86501994	5.08799994	5.6657215
5.477447	5.7284965	6.37894394
5.09237256	5.32577275	5.93049244
4.499839	4.7060815	5.24043788
4.16623494	4.35718731	4.85192806
3.92887538	4.10894875	4.57550294
3.85329456	4.02990381	4.48748294
3.78126912	3.95457712	4.40360331
3.86717081	4.04441594	4.50364312
3.8204125	3.99551469	4.449189
3.60003731	3.76503894	4.19254363
3.778805	3.952	4.40073344
3.85050287	4.02698413	4.48423175
3.71496719	3.88523637	4.32638906
3.46232469	3.62101444	4.03216575
3.47669994	3.63604881	4.04890725
3.50436725	3.66498406	4.08112775
