#?RADIANCE
genskyvec -m 1
NROWS=146
NCOLS=1
NCOMP=3
FORMAT=ascii

7.65930256	8.01035387	8.91989644
23.5182144	24.5961306	27.3889206
23.2744112	24.3411538	27.1049938
24.0134875	25.1141062	27.96571
25.8844538	27.0708238	30.1446056
29.6870781	31.0477363	34.5730775
36.219205	37.87925	42.1802825
45.7001694	47.7947594	53.2216581
64.3856413	67.3366481	74.9824494
89.9913963	94.116	104.802487
98.4276869	102.938961	114.627253
105.368793	110.198188	122.710749
75.9847437	79.4673731	88.4905706
54.8329638	57.3461381	63.8575562
41.4680762	43.3686944	48.2930337
32.6704487	34.1678431	38.0474606
27.9370031	29.2174475	32.5349687
25.1036444	26.2542275	29.2352869
23.65298	24.7370725	27.5458662
23.0341819	24.089915	26.8252269
24.1642906	25.2718206	28.1413319
24.9119906	26.0537906	29.0120912
25.5727338	26.7448162	29.7815794
25.7897544	26.9717844	30.0343219
27.4881419	28.7480125	32.0122338
27.2736988	28.5237425	31.7624962
28.0103656	29.2941725	32.620405
27.1120469	28.35468	31.5742381
26.0717694	27.2667256	30.3627481
24.675325	25.8062775	28.7364738
23.6982037	24.7843706	27.598535
16.8774538	17.6510037	19.6552025
15.8578387	16.5846569	18.4677744
18.0151375	18.8408294	20.9801294
19.4223806	20.3125719	22.6189819
23.562795	24.6427556	27.4408387
28.8339231	30.1554769	33.57951
39.5602231	41.3733969	46.0711788
58.912715	61.6128788	68.6087713
92.3923881	96.6270319	107.598649
1482.75091421197	1488.66554521197	1503.98987021197
116.303356	121.633926	135.444962
77.0236744	80.5539225	89.7004887
52.4262413	54.8291063	61.0547294
35.5886556	37.2198019	41.4459588
26.6957819	27.9193369	31.0894637
21.0639581	22.0293875	24.5307344
20.1068794	21.0284431	23.4161388
16.8317387	17.603195	19.6019637
16.2872787	17.0337781	18.9678925
15.6111362	16.3266456	18.1804694
16.2393794	16.9836838	18.9121113
17.2758913	18.0677037	20.1192175
16.6073237	17.3684931	19.3406156
18.7350644	19.593755	21.8185463
19.3173475	20.2027256	22.4966612
19.5899406	20.4878125	22.8141212
18.0943744	18.9236994	21.0724075
17.9765581	18.8004831	20.9352006
16.9117744	17.6868969	19.6951712
16.8579225	17.6305775	19.6324556
10.7575551	11.2506101	12.52807
10.6500248	11.1381504	12.40284
11.8538581	12.3971581	13.8048038
15.5489575	16.2616188	18.1080587
21.1757387	22.1462925	24.6609137
33.2553856	34.7795888	38.7286687
57.2277556	59.8506944	66.6464938
1931.16988970151	1936.08320870151	1948.81320370151
1671.37770279086	1675.77721589086	1687.17599789086
53.0015069	55.4307413	61.7246731
32.1043962	33.5758475	37.3882456
20.3909594	21.3255444	23.7469713
14.9999919	15.6874912	17.4687425
12.1661325	12.7237469	14.1684756
11.1753008	11.6875016	13.01457
10.8821189	11.3808818	12.673135
10.5226207	11.0049064	12.2544687
11.5029608	12.0301782	13.3961563
11.2784589	11.7953889	13.1347063
10.7384219	11.2305993	12.5057881
11.3803744	11.9019731	13.253395
11.3264256	11.8455522	13.190565
10.3939942	10.8703859	12.1046744
10.7375182	11.2296559	12.504735
7.68616706	8.03844944	8.95118263
8.27280844	8.65197869	9.63437563
9.25509419	9.67928637	10.7783288
11.0679549	11.5752347	12.8895569
15.7823769	16.5057337	18.3798938
20.8533619	21.8091394	24.2854787
33.5713625	35.1100481	39.0966494
48.200875	50.4100794	56.1339381
43.8140544	45.8221987	51.0251213
31.6377319	33.0877925	36.8447769
20.4877444	21.4267656	23.8596869
13.7888288	14.4208162	16.05824
11.3066111	11.8248287	13.1674906
9.33220994	9.75993606	10.8681358
8.34700925	8.72958031	9.72078919
7.68310788	8.03525006	8.94761987
7.48381806	7.826826	8.71553006
7.53208231	7.8773025	8.77173812
7.798558	8.15599156	9.08207112
7.78213519	8.138816	9.06294531
7.84301744	8.20248894	9.13384787
7.85758006	8.21771894	9.15080756
7.59690487	7.945096	8.84722925
7.79448981	8.151737	9.07733337
6.16538281	6.44796256	7.18010231
6.92331737	7.24063581	8.06278025
8.14770719	8.52114356	9.48868469
11.1609433	11.6724866	12.9978506
15.5825231	16.2967213	18.1471494
20.9542256	21.9146262	24.4029425
21.9110125	22.9152675	25.5172031
16.1788412	16.9203706	18.8416087
11.8986758	12.4440314	13.8569994
8.83234963	9.237165	10.2860076
7.07291031	7.39708537	8.236994
6.42994075	6.72464619	7.48820213
6.06900525	6.34716787	7.06786269
5.84268756	6.11047725	6.80429675
5.69678025	5.9578825	6.63437556
5.73151831	5.99421281	6.674831
5.87453406	6.14378344	6.84138481
5.92888219	6.20062256	6.90467794
5.54814019	5.80242975	6.461272
6.31149588	6.6007725	7.35026319
8.53263506	8.92371369	9.93696537
11.6478159	12.1816739	13.5648548
11.3936997	11.915911	13.2689137
9.04789637	9.46259162	10.5370303
7.10624544	7.43194825	8.2758155
5.875072	6.14434606	6.84201131
5.22689244	5.46645812	6.08715206
4.97245344	5.20035762	5.79083681
5.00975412	5.23936769	5.83427644
5.04160763	5.27268106	5.8713725
5.24000863	5.4801755	6.10242713
6.18187519	6.46521112	7.19930937
6.82919069	7.14219506	7.95316219
6.20275875	6.48705175	7.22362962
5.01689475	5.2468355	5.84259231
4.81286725	5.03345706	5.60498531
5.43155944	5.68050556	6.32550381
