#?RADIANCE
genskyvec -m 1
NROWS=146
NCOLS=1
NCOMP=3
FORMAT=ascii

15.4224962	16.1293613	17.9607831
26.7494944	27.9755119	31.1520162
28.8244412	30.1455594	33.5684663
30.63551	32.0396381	35.6776069
32.1088338	33.5804875	37.393415
31.7106862	33.1640925	36.92974
31.7571062	33.2126394	36.9838012
31.4169906	32.8569362	36.5877062
29.1926069	30.5306	33.9972256
27.2316637	28.4797819	31.7135444
29.0098444	30.3394625	33.7843825
26.0573763	27.2516725	30.3459875
26.7481606	27.9741169	31.1504619
26.54026	27.7566894	30.9083456
26.8264388	28.0559831	31.2416244
29.9014913	31.2719744	34.8227812
33.9453963	35.5012263	39.5322456
39.5934025	41.4080994	46.1098206
47.9446675	50.1421294	55.835565
61.4059344	64.2203731	71.5123337
69.3161994	72.4931894	80.7244944
74.6489456	78.0703544	86.9349225
65.2599581	68.2510356	76.0006619
55.8498987	58.409685	65.041865
46.2502669	48.3700694	53.8622931
37.0268138	38.7238756	43.1208138
32.3274231	33.8090963	37.6479819
29.2365438	30.5765506	34.0483944
26.5068231	27.7217169	30.8694044
25.7516344	26.9319163	29.9899256
25.7396106	26.9193419	29.9759225
17.5695794	18.3748506	20.46124
16.7650044	17.5333981	19.5242444
18.9494163	19.8179294	22.068175
19.0288969	19.9010544	22.1607375
19.4103356	20.2999744	22.6049519
18.4834356	19.3305937	21.5255031
19.7791531	20.6856981	23.0344725
19.8483994	20.7581175	23.1151187
18.5350537	19.3845769	21.5856163
15.8467581	16.573065	18.4548681
16.2294744	16.973325	18.9005744
16.2808444	17.0270487	18.9604
17.8261206	18.64315	20.7600044
19.1034444	19.9790169	22.247555
21.0534987	22.0184519	24.5185562
25.5810569	26.75352	29.7912738
32.8663819	34.3727563	38.2756431
42.5955331	44.5478269	49.6060506
59.5493081	62.2786519	69.3501362
75.79346	79.2673225	88.2678069
81.8302975	85.5808494	95.298205
68.6405231	71.7865475	79.9376144
50.5277169	52.8435681	58.8437387
37.9152188	39.6529981	44.155435
29.53584	30.8895663	34.39695
24.76763	25.9028125	28.8439688
20.2238831	21.1508094	23.5523975
18.4555588	19.3014387	21.4930375
17.0535	17.8351169	19.8602206
17.04572	17.82698	19.8511606
11.8647606	12.4085619	13.8175037
11.4846106	12.0109881	13.3747856
11.697335	12.2334625	13.6225225
12.7399575	13.3238719	14.8367431
12.7345456	13.3182094	14.83044
12.64605	13.22566	14.7273787
12.3576069	12.9239975	14.3914637
12.2054381	12.7648531	14.2142519
11.6647944	12.1994312	13.5846263
12.5208425	13.0947156	14.581565
13.6054381	14.2290237	15.8446681
16.7688969	17.5374694	19.5287781
21.8379963	22.8389056	25.4321694
30.9858175	32.4059981	36.0855669
50.8625419	53.1937419	59.2336719
83.9469669	87.7945344	97.76325
1846.84879889987	1851.57820789987	1863.83170589987
68.8705156	72.0270794	80.2054619
38.9430925	40.7279844	45.35248
26.0214688	27.21412	30.3041719
19.1143625	19.9904363	22.2602687
15.4916106	16.2016419	18.0412731
12.8829019	13.4733656	15.0032131
12.228085	12.78854	14.2406263
9.62032212	10.0612525	11.2036662
9.46256094	9.89626081	11.0199406
9.26808044	9.69286731	10.7934519
9.39865112	9.82942181	10.9455131
9.60468844	10.0449022	11.1854594
9.51444344	9.95052056	11.0803619
9.40226669	9.83320331	10.9497244
9.63509187	10.0766992	11.2208669
9.89148475	10.3448442	11.5194594
10.6559094	11.144305	12.409695
12.1361206	12.6923594	14.1335231
14.7776119	15.4549181	17.2097619
18.5859287	19.4377837	21.644865
28.957955	30.285195	33.723955
47.7060281	49.8925519	55.5576462
1981.753194198	1985.245389798	1994.293354798
4216.31319779522	4221.09591379522	4233.48752679522
66.7530356	69.8125481	77.7394775
37.7608612	39.4915681	43.9756719
24.01295	25.1135425	27.9650831
17.3511575	18.1464169	20.2068681
13.4222338	14.03742	15.6313113
11.3848956	11.9067031	13.2586613
10.4384234	10.9168513	12.156415
8.99816269	9.41057825	10.4791119
8.46898581	8.85714713	9.86284075
8.219087	8.59579475	9.57181219
8.25447106	8.63280062	9.61301988
8.3326705	8.71458437	9.7040895
8.5853635	8.978859	9.99837212
9.16686544	9.58701306	10.6755788
10.731247	11.2230944	12.4974312
12.8787569	13.4690337	14.9983875
18.0031394	18.8282831	20.9661581
25.0320069	26.1793062	29.1518581
42.2777063	44.2154338	49.2359138
55.9804319	58.5462	65.19388
37.2069531	38.9122713	43.3306
23.4287706	24.5025894	27.2847588
15.6956469	16.4150294	18.27889
11.9127288	12.4587287	13.873365
9.97585913	10.4330848	11.6177219
8.91725306	9.32596025	10.3848847
8.31394094	8.69499619	9.68227737
8.10107456	8.47237344	9.43437669
8.35422044	8.73712212	9.72918638
9.23299331	9.656172	10.7525906
11.6227706	12.1554787	13.5356838
15.8346894	16.560445	18.4408144
21.4472119	22.4302088	24.9770663
27.6111163	28.8766256	32.1554475
21.0078463	21.9707056	24.4653906
14.0158775	14.65827	16.3226588
10.6038899	11.0899	12.349115
9.87193506	10.324398	11.4966925
9.21800625	9.64049763	10.7351361
10.1119974	10.5754628	11.7762625
12.8243975	13.4121819	14.93508
14.5866556	15.25521	16.9873763
12.7533888	13.3379187	14.8523837
11.0366362	11.5424812	12.8530825
