#?RADIANCE
genskyvec -m 1
NROWS=146
NCOLS=1
NCOMP=3
FORMAT=ascii

0.833854962	0.872073356	0.971093675
10.7189867	11.2102752	12.483155
10.9128718	11.4130448	12.7089474
11.3824471	11.9041425	13.2558081
12.7056239	13.2879632	14.7967587
16.0401725	16.7753475	18.68012
21.8867775	22.88992	25.4889775
31.5453763	32.9912069	36.7372219
55.0179931	57.5396519	64.0730437
356.914820345074	360.996799145074	371.572853245074
153.290311476877	156.083234576877	163.319456476877
40.7506375	42.6183731	47.457515
23.8316694	24.9239537	27.7539662
16.8091025	17.5795187	19.5755994
13.6461475	14.271595	15.8920781
11.6535791	12.1876998	13.5715653
11.220597	11.7348743	13.0673212
10.1426805	10.6075526	11.8119964
10.4776517	10.9578789	12.2020991
10.3211674	10.794222	12.0198614
10.0833047	10.5454545	11.742848
10.4720226	10.9519925	12.1955456
9.92526256	10.3801693	11.5587951
10.0345556	10.4944744	11.6860784
10.1252373	10.5893087	11.7916819
9.58788694	10.0273312	11.1658942
9.98811475	10.4459028	11.6319917
9.72656375	10.1723647	11.3273953
10.2566474	10.7267433	11.9447204
10.0351404	10.4950834	11.6867586
10.4245627	10.9023544	12.1402706
9.74619756	10.1928977	11.3502592
9.61752687	10.0583295	11.2004121
10.7400107	11.2322604	12.5076381
11.8578467	12.4013313	13.8094512
14.7975394	15.47576	17.2329713
18.982435	19.8524637	22.1066287
27.6357919	28.90243	32.1841831
43.9420987	45.9561094	51.1742388
161.125925206555	164.035523306555	171.574039606555
43.0162138	44.9877881	50.0959669
31.0186531	32.4403413	36.12381
21.0756394	22.0416056	24.54434
16.09499	16.8326787	18.7439588
12.5991887	13.1766519	14.6728062
10.9089152	11.4089075	12.7043406
9.97323331	10.4303398	11.6146613
10.156189	10.6216801	11.8277288
9.26200425	9.68651194	10.7863757
9.16638088	9.586506	10.6750148
8.85746188	9.26342838	10.3152526
8.891032	9.29853763	10.354349
9.01563644	9.42885188	10.4994608
8.59906194	8.993185	10.0143243
9.05730875	9.47243537	10.5479909
9.21510325	9.6374625	10.7317569
9.32049306	9.747682	10.8544911
9.0432405	9.45772244	10.5316067
9.22289862	9.64561419	10.7408355
9.16968081	9.58995806	10.678858
9.45919231	9.892739	11.0160206
6.96220606	7.28130687	8.10806931
6.92773756	7.24525844	8.06792806
7.56373381	7.91040487	8.80859925
9.67188119	10.1151772	11.2637116
12.79829	13.3848769	14.9046769
18.6027563	19.4553825	21.6644619
24.7479744	25.8822556	28.8210787
25.4447056	26.6109206	29.6324806
17.7361238	18.5490281	20.655195
12.8872821	13.4779475	15.0083131
9.88049075	10.3333469	11.5066562
8.2147345	8.59124288	9.56674356
7.34602813	7.68272094	8.55506231
6.80202137	7.1137805	7.92152094
6.75915656	7.068951	7.87160131
6.72915831	7.03757794	7.836666
6.4640855	6.76035581	7.5279665
6.79128544	7.10255238	7.90901831
6.53168194	6.83105019	7.60668837
6.243129	6.52927225	7.27064425
6.54247869	6.842342	7.61926194
6.64001537	6.94434913	7.73285175
6.4155585	6.70960475	7.471453
6.75680981	7.06649675	7.86886856
5.06669588	5.29891919	5.90058975
5.3452945	5.59028694	6.22504119
5.68106294	5.94144481	6.61607163
6.45093694	6.74660469	7.51265406
8.25735387	8.63581556	9.61637763
9.66835994	10.1114921	11.2596106
11.2673714	11.7837923	13.1217944
11.8545782	12.3979139	13.8056451
9.59505162	10.0348249	11.1742394
8.04186837	8.41045394	9.36542656
6.57794244	6.87943125	7.66056281
5.57365925	5.82911844	6.49099106
5.3460515	5.59107863	6.22592281
5.1954465	5.433571	6.05053088
5.08628244	5.31940375	5.92340031
4.87182038	5.09511212	5.67364112
4.81861775	5.03947088	5.61168231
4.824727	5.04586006	5.61879706
4.91448475	5.13973181	5.72332725
4.88242912	5.10620694	5.68599575
4.92966231	5.15560513	5.741003
5.00688	5.23636194	5.83092938
4.94647256	5.17318588	5.76057987
5.13574231	5.37113025	5.98100031
3.98159806	4.16408781	4.63690306
4.237629	4.43185338	4.93507213
4.53257669	4.7403195	5.27856344
5.39892344	5.64637381	6.28749638
6.21948213	6.50454156	7.24310556
6.36763325	6.65948313	7.41564006
6.07452519	6.35294056	7.07429113
5.17325819	5.41036581	6.02469069
4.58758944	4.797854	5.34263044
4.23572031	4.4298575	4.9328495
3.89171681	4.07008712	4.53222863
3.926706	4.10667988	4.57297644
3.90226931	4.08112319	4.54451819
3.812267	3.98699575	4.43970275
3.72644837	3.89724369	4.33975981
3.764626	3.93717119	4.38422087
3.874584	4.05216919	4.51227637
3.91032325	4.08954613	4.55389731
3.40146594	3.55736644	3.96129081
3.48861612	3.64851094	4.06278431
3.99042744	4.17332194	4.64718544
4.42639613	4.6292725	5.15490731
4.11766775	4.30639419	4.7953675
3.68875819	3.85782606	4.29586663
3.46192788	3.62059931	4.03170356
3.28820344	3.43891256	3.829387
3.23980969	3.38830087	3.77302844
3.18044369	3.32621381	3.70389175
3.25844225	3.40778744	3.79472775
3.21124025	3.35842194	3.73975719
2.99168237	3.12880106	3.48406375
3.11263025	3.25529225	3.62491725
3.15896381	3.30374956	3.6788765
3.06854956	3.20919137	3.57358181
2.88069631	3.01272831	3.35481112
2.90040931	3.03334456	3.37776856
2.89778606	3.03060113	3.37471325
