#?RADIANCE
genskyvec -m 1
NROWS=146
NCOLS=1
NCOMP=3
FORMAT=ascii

17.6080694	18.4151038	20.5060644
23.0914456	24.1498012	26.8919131
22.5499981	23.58354	26.2613544
22.7731369	23.8169037	26.5212169
23.176165	24.2384087	26.9905781
23.4451362	24.5197056	27.3038162
26.0250494	27.2178625	30.3083381
29.1824356	30.5199631	33.98538
34.3877931	35.9639013	40.0474538
40.7804369	42.64954	47.4922194
49.6460706	51.9215137	57.81699
55.8022281	58.35983	64.9863494
55.0986306	57.6239812	64.1669481
48.7754625	51.0110006	56.8030937
41.1411319	43.0267662	47.91228
34.7883387	36.3828038	40.5139225
29.19238	30.530365	33.9969606
27.1157656	28.35857	31.5785687
23.50163	24.5787856	27.3696081
21.8411575	22.84221	25.4358481
23.0500675	24.1065281	26.8437256
22.072045	23.0836769	25.7047344
23.713575	24.8004444	27.616435
23.3569506	24.4274763	27.2011162
25.60433	26.7778619	29.8183775
27.3057975	28.5573138	31.79988
28.0489938	29.3345712	32.6653919
28.4524225	29.7564919	33.1352187
26.1996337	27.40045	30.5116587
25.4815663	26.6494719	29.6754094
23.7485025	24.8369737	27.6571094
14.1747225	14.8243975	16.5076475
12.9171744	13.5092106	15.0431269
14.17806	14.8278869	16.5115337
14.438555	15.1003206	16.8149006
16.1540119	16.8944031	18.8126919
18.0319838	18.85845	20.9997488
22.1165912	23.1302675	25.7566131
28.2059106	29.4986806	32.8481356
37.3236837	39.0343513	43.4665412
48.107385	50.3123037	56.02506
58.1658144	60.8317444	67.7389406
58.3199681	60.9929637	67.9184656
48.3649763	50.5817031	56.3250488
36.8276344	38.5155656	42.8888513
28.2859337	29.5823719	32.9413287
21.6527506	22.6451669	25.2164338
19.4322019	20.3228438	22.6304219
15.670315	16.3885369	18.2493881
14.2462206	14.8991731	16.5909137
13.1197525	13.7210731	15.2790437
13.2023294	13.8074356	15.3752138
13.7670575	14.3980488	16.0328869
13.2747556	13.8831825	15.4595606
15.1540075	15.8485662	17.6481069
15.8457675	16.5720306	18.4537181
16.37577	17.1263262	19.0709488
15.3755331	16.0802438	17.90609
15.4854806	16.1952331	18.034135
14.5728644	15.2407869	16.9713144
14.3980731	15.0579856	16.7677569
9.4515995	9.88479744	11.0071763
9.31399938	9.74089056	10.8469289
10.0029388	10.4614061	11.6492575
12.0122394	12.5628	13.9892544
14.8447281	15.5251088	17.2879231
20.2787069	21.2081475	23.616245
30.151565	31.5335113	35.1140131
48.7781625	51.0138269	56.8062381
1599.92059407899	1603.23557777899	1611.82440837899
69.5874581	72.7768806	81.0403975
45.4320687	47.51437	52.9094331
26.670615	27.8930175	31.0601537
18.18996	19.023665	21.1837256
13.7964281	14.4287637	16.0670906
11.4247681	11.9484031	13.3050969
10.2584698	10.7286504	11.9468431
9.42815263	9.86027619	10.9798701
9.80837769	10.2579276	11.4226725
9.64956131	10.0918331	11.237718
9.384329	9.81444375	10.9288323
9.94533556	10.4011629	11.5821719
10.0005556	10.4589137	11.6464796
9.36832381	9.79770594	10.9101947
9.58636888	10.0257436	11.1641266
7.66696156	8.01836375	8.92881613
8.127664	8.50018169	9.46534237
9.00051981	9.41304363	10.4818564
10.3281027	10.8014725	12.0279375
13.7247213	14.3537719	15.9835819
17.4838006	18.2851406	20.3613437
28.6558281	29.9692181	33.3721006
49.0551781	51.3035369	57.128845
4265.88553726112	4269.76853226112	4279.82903036112
2946.12814238674	2949.53117678674	2958.34814298674
41.4136031	43.311725	48.2295944
24.1633363	25.2708206	28.1402181
17.5148969	18.3176631	20.3975575
12.5025875	13.0756225	14.5603063
10.1045025	10.5676237	11.7675344
8.80257925	9.20603063	10.2513373
7.9958345	8.36230994	9.311816
7.65084862	8.00151244	8.91005138
7.6083515	7.95706737	8.86055975
7.55496188	7.90123069	8.79838312
7.609055	7.95780306	8.86137906
7.65696025	8.00790425	8.917169
7.52135656	7.86608519	8.759247
7.64586569	7.99630088	8.90424831
7.09649844	7.42175444	8.26446406
7.92650331	8.28980131	9.23107419
9.43683381	9.869355	10.9899794
12.6012213	13.1787762	14.6751731
18.1692081	19.0019625	21.1595581
32.2475462	33.725555	37.554955
46.2771712	48.3982069	53.8936263
38.5918325	40.3606231	44.9434075
25.0067069	26.1528462	29.1223981
15.564305	16.2776694	18.1259313
11.2853625	11.8026081	13.142745
8.93241706	9.34181944	10.4025444
7.62505137	7.97453269	8.88000812
6.92161363	7.23885406	8.06079644
6.65236212	6.95726169	7.74723025
6.56367844	6.8645135	7.64395075
6.632766	6.9367675	7.72440919
6.75875156	7.06852725	7.87112969
7.33871669	7.67507444	8.54654775
8.80782994	9.21152206	10.2574524
12.2312569	12.7918544	14.2443169
19.2022	20.0823006	22.3625625
23.043195	24.0993413	26.8357231
19.418265	20.3082694	22.6141906
13.5391831	14.1597281	15.7675062
9.91332425	10.3676843	11.5448919
7.73176244	8.08613475	9.00428219
6.90293188	7.21931612	8.03904006
6.52752156	6.8266995	7.601843
6.76367275	7.07367425	7.87686087
8.14680187	8.52019656	9.48762975
10.4252393	10.9030622	12.1410613
12.9300862	13.5227138	15.0581638
11.8513656	12.3945556	13.801905
8.449204	8.83645925	9.839802
7.47611194	7.81876688	8.70655569
9.48468594	9.91940081	11.0457074
