#?RADIANCE
genskyvec -m 1
NROWS=146
NCOLS=1
NCOMP=3
FORMAT=ascii

7.13372062	7.46068281	8.30781256
23.7776444	24.8674544	27.6910506
24.3642	25.4808912	28.3741413
25.2702356	26.4284563	29.4292981
26.4786681	27.6922725	30.8366163
27.3200775	28.5722475	31.8165087
27.5314	28.7932556	32.0626131
27.9067394	29.1857962	32.4997244
26.7489588	27.97495	31.1513919
26.4567544	27.6693556	30.8110969
26.2268794	27.428945	30.5433894
25.0731044	26.2222869	29.1997212
24.276705	25.3893869	28.2722475
23.5674625	24.6476375	27.4462769
23.4151606	24.4883556	27.2689087
24.8663756	26.0060831	28.9589669
28.3403263	29.6392569	33.0046731
32.0745019	33.5445838	37.3534325
41.5468125	43.4510394	48.3847275
59.9542044	62.7021025	69.8216681
79.5701644	83.2171294	92.6660925
113.905501	119.126162	132.652469
112.501577	117.657901	131.017478
101.053063	105.684659	117.684709
73.4769388	76.8446306	85.5700225
48.9309106	51.1735775	56.9841281
38.0747838	39.8198781	44.34126
30.6531994	32.0581381	35.6982075
26.8859031	28.1181713	31.310875
24.3118394	25.42613	28.3131619
23.4974237	24.5743912	27.3647112
17.6990525	18.51026	20.6120231
16.6414706	17.4042056	19.38038
18.4970981	19.3448806	21.5414131
18.6662681	19.521805	21.7384269
19.2096375	20.0900781	22.3712256
18.6119025	19.464945	21.6751119
20.109015	21.0306775	23.4186225
20.5178825	21.4582844	23.894785
19.5042612	20.398205	22.7143413
16.7205069	17.4868619	19.4724225
16.9613538	17.7387469	19.7529094
16.6130456	17.3744775	19.3472769
17.6190794	18.4266187	20.5188869
17.8997381	18.7201419	20.8457387
18.828205	19.6911637	21.9270144
21.8048087	22.8041969	25.3935194
27.8678369	29.1451125	32.4544194
35.0677975	36.6750712	40.8393756
52.1401163	54.5298706	60.7215163
77.1508113	80.6868881	89.8485475
119.363987	124.834856	139.009325
1564.00414411185	1570.58664411185	1587.64123111185
101.534847	106.188529	118.245773
66.0128237	69.0384094	76.8774387
44.8280856	46.882705	52.2060444
33.6369387	35.17863	39.17302
24.7176044	25.8504944	28.7857106
20.9602631	21.9209425	24.4099744
18.397375	19.2405888	21.4252781
17.7437569	18.5570119	20.6640844
11.6369944	12.1703569	13.5522506
11.0723035	11.5797844	12.8946213
11.2389388	11.7540562	13.0886825
12.4304375	13.0001656	14.4762812
12.5804175	13.1570213	14.6509456
12.6840337	13.2653856	14.771615
12.48818	13.0605538	14.5435269
12.3038206	12.8677469	14.328825
11.3386483	11.8583363	13.2048019
11.6993549	12.2355744	13.6248738
11.9484831	12.4961212	13.9150063
13.6062094	14.2298275	15.8455656
16.2123725	16.9554381	18.8806588
20.9084362	21.8667394	24.3496194
32.4854369	33.97435	37.8319987
54.9079856	57.4246	63.9449294
1295.01532357237	1299.63965957237	1311.62091357237
1797.47854269482	1803.16324369482	1817.89173969482
59.2628263	61.9790388	69.0165037
34.2144438	35.7826069	39.8455731
23.2155375	24.2795831	27.0364294
17.3793663	18.1759213	20.2397212
13.3458387	13.9575206	15.5423419
12.3413931	12.9070406	14.3725813
8.6759015	9.07354656	10.1038103
8.53304375	8.92414137	9.937441
8.30369794	8.684284	9.67034862
8.51136769	8.90147162	9.91219725
8.83390744	9.23879406	10.2878217
8.75883081	9.16027638	10.2003891
8.57257969	8.96548994	9.98348519
8.67634338	9.07400888	10.1043256
8.48658025	8.87554787	9.88333038
8.73441519	9.13474206	10.1719544
9.19176194	9.61305094	10.704573
10.0785106	10.540442	11.7372656
11.8659694	12.4098262	13.8189106
16.3529775	17.1024869	19.0444056
23.4712175	24.5469825	27.3341906
31.9141306	33.3768619	37.1666694
46.634235	48.7716388	54.3094581
50.4474544	52.7596294	58.7502675
38.3140575	40.0701162	44.6199131
25.3294756	26.49041	29.498285
17.7926144	18.6081088	20.7209831
13.1166525	13.7178325	15.2754337
10.6701318	11.1591794	12.4262594
9.69088275	10.1350489	11.2858419
7.30912894	7.6441305	8.51209013
6.925386	7.24279938	8.06518937
6.69743944	7.00440512	7.79972675
6.84199131	7.15558231	7.96806931
6.875585	7.19071563	8.00719194
6.80279394	7.11458825	7.92242056
6.97474763	7.29442331	8.12267531
7.48772413	7.83091138	8.72007906
8.22021069	8.59697019	9.573121
10.1684142	10.6344656	11.841965
12.3724381	12.9395075	14.4087363
18.1875656	19.0211631	21.18094
24.2794431	25.3922494	28.2754344
23.2655019	24.3318362	27.0946181
17.5433844	18.3474544	20.4307331
12.6376013	13.2168237	14.7175406
9.85893138	10.3107979	11.4815476
8.15238394	8.52603462	9.49413069
6.56600981	6.86695162	7.64666575
6.03029881	6.30668725	7.02278581
5.95814081	6.23122206	6.93875188
6.05441394	6.33190788	7.05086994
6.20841488	6.49296706	7.23021688
6.981838	7.30183856	8.13093256
8.49843156	8.88794256	9.89713288
10.4925912	10.9735011	12.2194988
13.5153606	14.1348144	15.7397644
12.4282418	12.9978719	14.4737263
9.81887969	10.2689108	11.4349042
7.51506256	7.85950269	8.75191713
6.40387956	6.69739044	7.45785175
5.92710894	6.19876794	6.90261275
6.15779263	6.44002456	7.17126306
7.14631731	7.47385675	8.32248244
8.0940315	8.46500737	9.42617438
7.76910131	8.12518481	9.04776644
6.5571105	6.85764456	7.636302
