#?RADIANCE
genskyvec -m 1
NROWS=146
NCOLS=1
NCOMP=3
FORMAT=ascii

2.43274337	2.54424419	2.83313256
14.8157244	15.4947794	17.2541481
14.34666	15.0042131	16.7078819
14.3226775	14.9791331	16.6799531
14.4811919	15.1449125	16.8645556
14.6715869	15.344035	17.0862862
14.5449919	15.2116375	16.9388575
14.6906387	15.3639594	17.1084744
14.3560638	15.0140488	16.7188325
14.6475287	15.3188731	17.0582688
14.6717969	15.3442544	17.0865325
14.6973194	15.3709444	17.1162519
14.5665988	15.2342319	16.9640169
14.3918975	15.0515256	16.7605625
14.2954381	14.9506444	16.6482294
14.76531	15.4420531	17.1954337
16.0765419	16.8133831	18.7224737
17.4091812	18.2071019	20.2744431
21.3949094	22.3755088	24.9161556
30.3061256	31.695155	35.29401
43.9454512	45.959615	51.1781406
74.9928175	78.4299856	87.3353988
108.620963	113.599411	126.498141
536.069989662385	541.592919662385	555.902349662385
77.1735306	80.7106494	89.8750175
43.6189031	45.6181025	50.7978506
29.7549263	31.118695	34.6520925
21.9483881	22.9543556	25.5607294
18.2670612	19.1043006	21.2735175
15.9824937	16.7150244	18.6129444
15.0305881	15.7194906	17.5043737
11.7480425	12.2864938	13.681575
10.9205598	11.4210869	12.7179037
11.5476809	12.07695	13.4482394
11.3570406	11.8775731	13.2262225
11.3900469	11.91209	13.2646606
11.0512231	11.5577375	12.8700725
11.6832944	12.2187769	13.6061694
11.9434363	12.4908438	13.9091275
11.7015772	12.2379	13.6274631
10.6318629	11.1191569	12.3816912
10.9332814	11.434388	12.7327194
10.9081982	11.4081563	12.7035056
11.4830794	12.0093881	13.3730038
11.5052521	12.0325744	13.3988244
11.6840456	12.2195631	13.607045
12.5909275	13.1680106	14.6631856
14.9508219	15.63607	17.4114788
17.3263575	18.1204831	20.1779875
24.0155606	25.1162725	27.9681238
33.9919913	35.5499575	39.5865094
54.5962819	57.09861	63.5819238
644.288282175095	648.658048475095	659.979728175095
684.496408116319	688.719089316319	699.659677216319
61.1474494	63.95004	71.2113075
37.7978569	39.5302588	44.0187569
26.2843481	27.4890475	30.6103162
18.0828275	18.911625	21.0589612
14.7665244	15.4433231	17.1968488
12.7638625	13.3488719	14.8645831
12.0814269	12.6351569	14.0698275
8.57433944	8.9673295	9.98553356
8.16534781	8.53959244	9.509229
8.0941335	8.46511456	9.42629413
8.49827356	8.88777756	9.89694906
8.49897862	8.88851469	9.89776975
8.55186963	8.94383025	9.95936525
8.53611206	8.92735019	9.941014
8.56645787	8.95908669	9.97635519
8.1970845	8.57278394	9.54618888
8.41549425	8.80120425	9.80054525
8.45995894	8.84770662	9.85232806
8.98220344	9.39388719	10.4605245
9.74391894	10.1905149	11.3476069
11.2119837	11.7258651	13.0572888
15.1539906	15.8485475	17.6480856
22.5395625	23.5726275	26.2492013
35.3887225	37.010705	41.2131187
52.7366788	55.1537756	61.4162619
40.8820956	42.7558581	47.6106112
25.2541213	26.4116006	29.4105294
17.528505	18.331895	20.413405
12.9493719	13.5428844	15.0806244
9.97700931	10.4342884	11.6190594
9.17300181	9.59342987	10.6827253
7.05198912	7.37520519	8.21262931
6.90409437	7.22053187	8.04039369
6.71360906	7.02131594	7.81855763
6.76750656	7.07768387	7.881326
6.87813494	7.19338262	8.01016187
6.84461556	7.15832706	7.97112575
6.78835625	7.09948912	7.905607
6.86424494	7.178856	7.99398562
6.78900119	7.10016344	7.90635794
6.8806815	7.196046	8.01312738
6.98390244	7.30399775	8.13333681
7.19149975	7.52111019	8.37510144
7.77848663	8.13500044	9.0586965
9.26160712	9.68609706	10.7859138
11.5892911	12.1204644	13.4966938
14.2674256	14.9213487	16.6156062
19.0799856	19.9544838	22.2202362
22.5800194	23.614935	26.2963156
22.1682225	23.1842637	25.8167425
17.2527394	18.0434888	20.0922531
13.0658287	13.66468	15.2162469
9.999329	10.4576324	11.6450542
8.37228412	8.75601356	9.75022306
7.70468719	8.0578185	8.97275081
6.32041956	6.61010513	7.3606555
6.07538987	6.35384512	7.07529806
5.92861169	6.20033956	6.90436269
5.97740681	6.25137106	6.96118856
5.98742081	6.26184419	6.97285088
5.94970356	6.222398	6.92892581
6.01108394	6.28659181	7.00040863
6.16354856	6.44604437	7.17796637
6.37370138	6.66582894	7.42270675
7.01071088	7.33203481	8.16455763
7.74802619	8.10314387	9.0232225
9.78428256	10.2327283	11.394612
12.1592163	12.7165144	14.1604238
13.00456	13.6006019	15.144895
11.3995619	11.9220419	13.2757413
9.31663387	9.74364637	10.8499979
7.84118637	8.20057381	9.131716
6.82477344	7.13757544	7.94801763
5.89130606	6.16132419	6.86091731
5.58822831	5.84435525	6.50795787
5.53663412	5.7903965	6.44787219
5.56660069	5.82173631	6.48277063
5.5888205	5.84497475	6.50864769
5.83159856	6.09888006	6.79138288
6.36039137	6.65190919	7.40720631
7.12545125	7.45203438	8.29818225
8.46004637	8.84779794	9.85242913
8.44500237	8.83206494	9.83491031
7.57010569	7.91706881	8.81601956
6.38482238	6.67745994	7.43565819
5.72623756	5.98868994	6.66868112
5.46766206	5.71826287	6.36754825
5.52115069	5.77420338	6.4298405
5.88497337	6.15470112	6.85354225
6.36038831	6.65190581	7.4072025
6.34473669	6.635537	7.38897513
5.71350644	5.97537538	6.6538545
