#?RADIANCE
genskyvec -m 1
NROWS=146
NCOLS=1
NCOMP=3
FORMAT=ascii

1.56011194	1.63161706	1.81688044
13.684745	14.3119625	15.9370275
12.9687844	13.5631874	15.1032319
12.6447088	13.2242572	14.7258156
12.6121593	13.1902181	14.6879131
12.962745	13.5568706	15.0961994
12.6946519	13.2764906	14.7839813
12.7636797	13.3486813	14.86437
12.6848826	13.2662727	14.7726019
13.3162769	13.9266063	15.5079144
12.5427423	13.1176181	14.6070687
13.2959704	13.9053688	15.4842669
12.862275	13.4517956	14.9791919
12.8969816	13.4880916	15.0196094
13.0886797	13.6885744	15.2428575
13.2221623	13.8281763	15.3983087
14.5470012	15.2137375	16.9411962
14.8123694	15.4912687	17.2502388
18.3516231	19.1927381	21.3719944
25.0077438	26.1539325	29.1236031
34.1951262	35.7624	39.8230744
58.6000569	61.2858937	68.244655
374.737246524791	378.739140924791	389.107685424791
482.788295633411	487.726792633411	500.522020633411
67.2690981	70.3522637	78.3404731
37.6002131	39.3235538	43.7885844
25.848845	27.0335831	30.103135
19.1325738	20.009485	22.2814769
16.5959969	17.3566469	19.3274219
14.5674263	15.2351012	16.9649844
13.9442412	14.5833506	16.2392331
12.3309756	12.8961444	14.3604488
11.4959525	12.0228513	13.3879969
11.91836	12.4646162	13.8799231
11.6736161	12.2086562	13.5948987
11.5532703	12.082795	13.4547469
11.1896638	11.7025238	13.0312981
11.6776431	12.2128687	13.5995881
11.9089278	12.4547531	13.8689375
11.7728593	12.3124481	13.7104756
10.9271541	11.4279819	12.7255813
11.2841246	11.8013119	13.1413038
11.3646444	11.8855212	13.235075
11.9859706	12.5353269	13.9586619
11.99262	12.5422806	13.966405
12.1848944	12.7433681	14.1903256
12.9420856	13.5352644	15.0721387
14.8975137	15.5803181	17.3493994
16.6573369	17.4207975	19.3988575
22.0348212	23.0447494	25.6613869
29.9349556	31.3069719	34.8617512
45.94163	48.0472869	53.5028575
76.7045244	80.220145	89.3288113
454.199543539149	457.797893539149	467.120887939149
57.2295737	59.852595	66.6486094
36.5508556	38.2261025	42.56652
25.9043356	27.0916169	30.1677587
18.2735738	19.1111106	21.2811
15.1642838	15.8593131	17.6600731
13.3162544	13.9265825	15.5078887
12.7098219	13.2923544	14.8016475
8.81434281	9.21833313	10.2650374
8.30120931	8.681681	9.66745044
8.16951231	8.54394831	9.51407881
8.585341	8.97883538	9.99834544
8.51100119	8.9010885	9.91177019
8.54254056	8.93407338	9.94850063
8.53367956	8.92480581	9.93818219
8.63071475	9.02628906	10.0511863
8.24160338	8.61934306	9.59803463
8.58533844	8.97883337	9.99834419
8.64719	9.04351988	10.0703736
9.15911963	9.57891206	10.6665575
9.70591325	10.1507675	11.3033466
10.7150729	11.2061801	12.4785956
13.8112562	14.4442712	16.0843587
19.4633075	20.3553744	22.6666444
28.70961	30.0254662	33.4347325
42.3160012	44.2554837	49.2805125
35.0550113	36.6616975	40.824485
22.640385	23.6780694	26.3666162
16.6254181	17.3874156	19.3616856
12.7203769	13.3033944	14.8139394
9.95573825	10.4120436	11.5942881
9.37256044	9.80213575	10.9151289
6.57625975	6.87767112	7.65860281
6.47382775	6.77054463	7.53931213
6.21051906	6.49516763	7.23266719
6.274532	6.5621145	7.30721581
6.39218044	6.68515519	7.444227
6.32831625	6.61836381	7.36985194
6.25554512	6.54225744	7.28510406
6.3841795	6.6767875	7.4349095
6.30736481	6.59645219	7.34545225
6.44433988	6.73970538	7.50497131
6.50514069	6.80329269	7.57577862
6.54704375	6.8471165	7.62457863
7.04017425	7.36284863	8.19887
8.15951506	8.53349275	9.50243594
9.79228806	10.2410999	11.4039358
11.4777149	12.0037766	13.3667562
14.78482	15.4624569	17.2181575
17.3757969	18.1721875	20.235565
17.6545812	18.4637488	20.5602319
14.32512	14.9816863	16.6827956
11.3242438	11.8432724	13.1880281
9.01700663	9.43028556	10.5010566
7.67366619	8.02537581	8.93662369
7.23716362	7.5688665	8.4282805
5.30250831	5.54553981	6.17521306
5.13706469	5.37251313	5.98254006
4.96726119	5.19492712	5.78478975
5.05908675	5.29096144	5.89172844
5.0675955	5.29985987	5.90163744
5.009701	5.239312	5.8342145
5.0911945	5.32454081	5.92912062
5.22757975	5.46717706	6.0879525
5.33575156	5.58030669	6.21392781
5.76797481	6.03234025	6.71728756
6.08357225	6.36240238	7.08482713
7.48405581	7.82707481	8.71580719
9.01823162	9.431567	10.5024832
9.57341587	10.0121973	11.1490421
8.55246913	8.94445663	9.96006312
7.278815	7.61242719	8.476787
6.39829412	6.69154894	7.45134694
5.68323787	5.9437195	6.61860444
4.55079956	4.75937756	5.2997855
4.27164662	4.46743056	4.97468894
4.29120669	4.48788694	4.99746825
4.35112425	4.55055069	5.06724725
4.30923369	4.50674	5.01846187
4.44150131	4.64506981	5.1724985
4.77895375	4.99798894	5.56549013
5.1848955	5.42253644	6.03824331
5.99816756	6.27308344	6.98536619
5.98977094	6.264302	6.97558781
5.58877406	5.844926	6.50859331
4.78124687	5.00038725	5.56816075
4.09421619	4.28186762	4.76805619
3.91912125	4.09874762	4.56414362
3.94995669	4.13099631	4.60005412
4.179952	4.37153306	4.86790263
4.39577319	4.59724587	5.11924444
4.43923312	4.64269762	5.16985694
3.98121419	4.16368631	4.636456
