#?RADIANCE
genskyvec -m 1
NROWS=146
NCOLS=1
NCOMP=3
FORMAT=ascii

21.8995081	22.9032344	25.5038019
30.8186444	32.2311638	35.8908806
29.0391831	30.3701444	33.8185494
28.4412669	29.744825	33.1222294
27.8056006	29.0800231	32.3819419
26.6787256	27.9014994	31.0696006
28.6145025	29.9260012	33.3239737
30.8999875	32.316235	35.9856125
34.0688763	35.6303663	39.6760481
37.1814312	38.8855794	43.3008769
45.6147225	47.7053956	53.1221463
48.3292031	50.5442906	56.2833862
52.1480731	54.5381906	60.7307806
50.4628287	52.7757069	58.7681731
46.1177331	48.2314619	53.7079462
42.2155119	44.1503887	49.1634844
36.7552019	38.4398144	42.8044981
34.7544644	36.3473769	40.4744719
29.6981656	31.05933	34.58599
26.8569731	28.0879181	31.2771838
27.8726381	29.1501331	32.4600125
26.1077344	27.3043381	30.4046344
28.5117438	29.8185313	33.2043025
28.3454419	29.6446069	33.0106313
32.0812187	33.5516056	37.3612556
35.8450537	37.4879488	41.7445525
37.6903881	39.4178631	43.8936006
39.2862044	41.0868188	45.7520606
35.996995	37.6468569	41.9215037
35.2220369	36.8363788	41.0189969
32.291485	33.7715094	37.6061269
17.2996444	18.0925437	20.1468806
15.1629838	15.8579538	17.65856
16.3281131	17.0764862	19.0154506
16.031505	16.7662819	18.6700256
17.3009344	18.0938925	20.1483806
18.5328875	19.3823106	21.5830925
21.748035	22.7448206	25.3274006
25.6776294	26.8545194	29.9037412
30.4567575	31.8526906	35.4694331
35.1003075	36.7090706	40.8772338
42.7780662	44.7387269	49.8186269
47.595305	49.7767556	55.4287012
45.6947381	47.7890806	53.2153344
39.8500244	41.6764812	46.4086762
33.1366363	34.6553963	38.5903744
26.929265	28.1635225	31.3613769
24.6453681	25.7749463	28.7015856
19.9543631	20.8689369	23.2385194
17.6511181	18.4601269	20.5561981
15.7760256	16.4990931	18.3724987
15.3894869	16.0948363	17.9223394
15.7640294	16.4865456	18.3585256
15.1893587	15.8855369	17.689275
17.7382288	18.5512306	20.6576469
18.9900044	19.86038	22.1154444
20.0804281	21.0007806	23.3853331
19.0810956	19.955645	22.221525
19.4943006	20.3877875	22.7027375
18.2557556	19.0924769	21.26035
17.9033944	18.7239663	20.849995
10.9403902	11.4418256	12.7409975
10.6144728	11.1009681	12.36144
11.174865	11.6870475	13.0140638
12.9820287	13.5770387	15.1186563
15.1569088	15.8515987	17.6514831
18.657305	19.5124312	21.7279894
24.102965	25.2076838	28.0699125
34.28131	35.8525356	39.9234444
50.1314569	52.4291469	58.3822631
62.8690194	65.7505125	73.2162144
53.1432212	55.57895	61.8897137
33.07869	34.5947963	38.5228925
23.3999006	24.4723956	27.2511363
18.1908644	19.0246112	21.1847781
14.9195913	15.6034062	17.3751088
12.9190956	13.5112206	15.0453638
11.3244944	11.8435331	13.1883169
11.359435	11.8800731	13.2290094
11.0479862	11.5543519	12.8663006
10.7913347	11.2859369	12.5674094
11.5921525	12.1234594	13.5000275
11.7885907	12.3289006	13.7287962
11.0404103	11.54643	12.8574781
11.3076552	11.8259219	13.1687063
8.88079875	9.28783519	10.3424307
9.34349481	9.77173775	10.8812787
10.2027292	10.6703527	11.8819281
11.3899612	11.9120019	13.2645606
14.0346044	14.6778556	16.3444656
16.5722306	17.3317906	19.299745
23.8256275	24.917635	27.7469294
39.248155	41.0470275	45.7077506
2281.69901358206	2285.29222918206	2294.60193358206
4907.81936073332	4913.31326573332	4927.54753973332
72.1559	75.4630394	84.03157
36.1272281	37.7830581	42.0731694
24.3730587	25.4901581	28.3844606
16.9914687	17.7702444	19.7879825
13.6313175	14.2560875	15.8748069
11.6699394	12.2048112	13.5906194
10.198772	10.6662144	11.87732
9.376206	9.80594894	10.9193744
8.99592237	9.40823512	10.4765017
8.80239456	9.20583737	10.2511211
8.82930769	9.23398438	10.2824655
8.90401987	9.31212063	10.3694725
8.75830006	9.15972231	10.1997712
8.87763756	9.28452931	10.3387487
8.45233562	8.83973406	9.84344931
9.33133519	9.75902169	10.8671181
10.8049569	11.3001856	12.5832744
13.4165694	14.0314969	15.6247144
17.8066487	18.6227863	20.7373269
32.4678112	33.9559163	37.8114725
61.2758206	64.0842962	71.3607994
3000.16732050818	3003.73303480818	3012.97150040818
42.7534569	44.7129875	49.7899631
22.6070138	23.6431681	26.3277531
15.7446731	16.4663038	18.3359838
12.2240944	12.7843663	14.2359788
10.1301408	10.5944387	11.7973919
8.80329856	9.20678275	10.2521751
8.24375294	8.62159144	9.60053775
7.94745156	8.31170956	9.25547019
7.92482194	8.2880425	9.22911594
8.06424431	8.43385525	9.391485
8.99714031	9.40950844	10.4779198
10.5821762	11.0671928	12.3238269
13.7900875	14.4221337	16.0597081
21.403855	22.384865	24.926575
30.2442038	31.6303944	35.2218969
29.4901056	30.8417344	34.3436875
19.3512919	20.2382237	22.5361925
13.7217613	14.3506763	15.9801362
10.4673139	10.9470644	12.1900594
9.03970381	9.45402331	10.5274893
8.21473469	8.59124306	9.56674337
8.459379	8.84710025	9.85165244
10.3100786	10.7826241	12.0069469
12.8983438	13.4895194	15.0211969
16.6345444	17.3969619	19.3723144
16.0946694	16.8323419	18.7435856
11.2828892	11.8000219	13.1398644
9.76167125	10.2090802	11.3682788
12.2879113	12.8511075	14.3102988
