#?RADIANCE
genskyvec -m 1
NROWS=146
NCOLS=1
NCOMP=3
FORMAT=ascii

1.91334163	2.0010365	2.22824587
13.8188731	14.4522369	16.09323
14.0326381	14.6757994	16.3421763
14.5875694	15.2561638	16.9884406
16.1388331	16.8785275	18.7950169
20.0248919	20.9426994	23.3206569
26.6197569	27.8398281	31.0009256
37.1843556	38.8886388	43.3042831
63.1137456	66.006455	73.50122
520.296706580272	525.014370580272	537.237457580272
82.7237031	86.5152	96.3386506
61.9696475	64.80992	72.16882
35.5105231	37.1380875	41.354965
24.3819569	25.4994619	28.3948219
19.1813306	20.0604744	22.33826
15.8712888	16.5987238	18.48344
14.9166606	15.6003425	17.3716981
13.3872465	14.0008281	15.5905644
13.6959238	14.3236538	15.9500444
13.4841356	14.1021594	15.7034019
13.247086	13.8542444	15.4273381
13.7719169	14.4031287	16.038545
13.1626451	13.7659325	15.3289981
13.3228136	13.9334419	15.5155269
13.4691806	14.0865169	15.6859831
12.7948963	13.38133	14.9007244
13.2486044	13.8558325	15.429105
12.8674228	13.4571787	14.9851869
13.4263712	14.041745	15.6361281
13.0909219	13.6909214	15.2454694
13.4934762	14.1119256	15.7142775
12.5328162	13.1072394	14.5955106
12.375515	12.9427269	14.4123206
13.7910806	14.4231719	16.0608625
15.2150137	15.9123675	17.7191525
18.9662175	19.8355031	22.0877419
24.4503831	25.5710256	28.4745106
35.354535	36.9749519	41.1733056
57.5360737	60.1731437	67.0055569
656.704723486923	661.320610486923	673.279980486923
567.639264065954	571.246434765954	580.592299065954
52.9599369	55.3872656	61.676265
33.8681525	35.4204406	39.4422875
24.3280237	25.4430575	28.3320119
18.0776494	18.9062081	21.05293
15.0673581	15.7579462	17.547195
13.3413569	13.9528337	15.5371206
13.3467144	13.9584394	15.5433631
12.0907963	12.6449588	14.0807406
11.93939	12.4866113	13.9044156
11.5634756	12.0934681	13.4666325
11.6462844	12.1800712	13.5630675
11.8546306	12.3979656	13.805705
11.3497362	11.86993	13.2177119
11.9647219	12.5131037	13.9339175
12.1559306	12.7130787	14.156595
12.26076	12.8227106	14.2786775
11.8417419	12.3844888	13.7906956
12.0079263	12.5582875	13.9842306
11.8798612	12.4243538	13.8350881
12.1998763	12.7590381	14.2077719
9.10045937	9.51756406	10.5982443
9.1012355	9.51837531	10.5991485
10.0089883	10.4677333	11.6563013
12.8868	13.4774462	15.0077531
17.4743131	18.27522	20.3502956
26.7951837	28.0232962	31.2052269
39.738695	41.5600519	46.2790244
45.7809944	47.8792888	53.3157862
31.1903262	32.6198831	36.3237381
21.0048831	21.9676069	24.4619375
15.0466925	15.7363319	17.5231287
11.6485091	12.1823992	13.5656619
10.0050591	10.4636231	11.6517259
9.08413787	9.5004945	10.5792369
8.92777856	9.33696775	10.3971421
8.8720225	9.27865675	10.3322103
8.55758656	8.94980888	9.96602331
8.99811087	9.41052419	10.4790502
8.68506375	9.08312887	10.1144811
8.311165	8.69209288	9.67904494
8.67192788	9.06939144	10.0991828
8.76075625	9.16229025	10.2026312
8.43675938	8.82344419	9.82530981
8.8402695	9.24544812	10.2952306
6.7858485	7.0968665	7.90268663
7.19291594	7.522591	8.3767505
7.77080425	8.12696581	9.04974906
8.96243444	9.37321144	10.4375026
11.9104099	12.4563025	13.8706656
14.55543	15.2225537	16.9510119
18.4342612	19.2791656	21.4682344
20.32881	21.2605463	23.6745931
16.2605025	17.0057725	18.9367106
13.0191231	13.6158312	15.161855
10.027441	10.4870306	11.6777906
8.07520413	8.445317	9.4042485
7.49626988	7.83984869	8.73003106
7.081525	7.40609462	8.24702638
6.852562	7.16663756	7.98037988
6.55580044	6.85627444	7.63477619
6.48263031	6.77975063	7.5495635
6.49520737	6.79290425	7.5642105
6.61463356	6.91780406	7.70329237
6.5710975	6.87227263	7.65259119
6.61979662	6.92320369	7.70930506
6.69768319	7.00466	7.80001044
6.60944362	6.91237625	7.69724825
6.84076238	7.15429725	7.96663831
5.47080513	5.72155013	6.3712085
5.89038156	6.16035706	6.85984056
6.45939806	6.75545356	7.52250756
7.977677	8.34332031	9.29066956
9.64559956	10.0876895	11.233105
10.3612264	10.8361161	12.0665126
9.89634944	10.3499315	11.5251233
8.03390337	8.40212319	9.35615006
6.82499256	7.1378045	7.948273
6.033944	6.31049962	7.02703125
5.44688331	5.69653206	6.34334981
5.406765	5.65457506	6.29662869
5.34370313	5.58862263	6.22318806
5.22411531	5.46355369	6.08391794
5.11440444	5.34881469	5.95615044
5.15642706	5.39276319	6.00508937
5.29001475	5.53247363	6.16066338
5.3430575	5.5879475	6.222436
4.79254338	5.01220144	5.58131662
5.03386	5.26457831	5.86234975
5.96495481	6.23834838	6.94668725
6.88577413	7.20137187	8.01905806
6.40876369	6.7024985	7.46353975
5.54531806	5.79947837	6.45798531
5.01891769	5.24895119	5.84494806
4.67085937	4.88494025	5.43960519
4.54052525	4.74863244	5.28782037
4.44982181	4.65377219	5.18218875
4.53883638	4.74686637	5.28585344
4.5025295	4.70889537	5.24357113
4.31984075	4.51783331	5.03081456
4.60219113	4.81312475	5.35963544
4.72508775	4.94165412	5.50275887
4.50988956	4.71659263	5.25214256
4.14688337	4.33694881	4.8293915
4.14446381	4.33441844	4.82657381
4.23999412	4.43432706	4.93782681
