#?RADIANCE
genskyvec -m 1
NROWS=146
NCOLS=1
NCOMP=3
FORMAT=ascii

23.2246406	24.2891037	27.04703
30.3373031	31.7277638	35.3303194
28.7911869	30.1107825	33.5297375
28.167205	29.4582	32.80306
27.3298469	28.5824656	31.8278869
25.7729494	26.9542087	30.0147481
27.1254319	28.3686812	31.5898263
28.9191387	30.2445975	33.6787481
31.3791681	32.81738	36.5436581
33.7603469	35.3076937	39.3167381
41.2968194	43.1895894	48.09359
43.4063681	45.395825	50.550335
47.5398844	49.7187925	55.3641581
47.1557387	49.3170425	54.9167925
44.22629	46.2533294	51.5052025
41.3350675	43.22959	48.1381344
36.58964	38.2666631	42.6116856
34.7585813	36.3516825	40.4792656
29.8684969	31.2374687	34.784355
26.8246706	28.0541344	31.2395669
27.4215763	28.6783956	31.9347112
25.2762169	26.43471	29.4362625
27.1667087	28.41185	31.6378981
26.7182881	27.9428762	31.1156744
29.9462637	31.3188012	34.8749212
33.4704825	35.0045463	38.97917
35.3355431	36.9550888	41.1511881
37.13327	38.83521	43.24479
34.4082719	35.9853187	40.0713031
34.0187312	35.5779213	39.6176475
31.546055	32.9919169	36.7380125
16.9952912	17.7742419	19.7924331
14.9015525	15.5845406	17.3541019
16.0139831	16.7479563	18.6496194
15.54197	16.2543075	18.0999175
16.4798375	17.2351625	19.192145
17.3688606	18.1649319	20.2274856
20.1459194	21.0692744	23.461605
23.4317994	24.505755	27.2882844
27.2334456	28.481645	31.7156175
30.3829769	31.7755287	35.3835081
36.5802906	38.2568869	42.6008006
41.3314969	43.2258575	48.133975
41.8400806	43.75775	48.7262631
38.5703306	40.3381363	44.918365
33.142485	34.6615144	38.5971881
27.4137231	28.6701831	31.9255662
25.14513	26.2976138	29.2836
20.4633175	21.4012194	23.8312419
18.0120488	18.8375994	20.9765319
15.9570375	16.6884	18.5833006
15.2972794	15.998405	17.8149581
15.3329525	16.0357119	17.8565012
14.5564994	15.2236712	16.9522556
16.7468825	17.5144475	19.5031419
17.8546375	18.6729756	20.7932156
18.9076	19.7741975	22.0194781
18.0993475	18.9288988	21.0781987
18.6609463	19.5162381	21.7322294
17.6486662	18.4575606	20.5533425
17.4619181	18.2622556	20.3358594
10.6668485	11.1557456	12.4224356
10.3209134	10.7939548	12.0195637
10.7702131	11.2638488	12.5428112
12.3374375	12.9029044	14.3679744
14.1584006	14.8073269	16.4886394
17.0599644	17.8418781	19.86775
21.3168938	22.2939181	24.8253006
28.7200288	30.0363619	33.4468688
39.7400988	41.5615181	46.2806594
51.9946162	54.3777012	60.5520681
50.415115	52.7258081	58.7126056
34.1671044	35.733095	39.7904425
24.45629	25.5772031	28.4813888
18.9751525	19.8448481	22.0981481
15.4555381	16.1639175	17.9992631
13.2663337	13.8743756	15.4497531
11.4371006	11.9612994	13.3194556
11.22805	11.7426687	13.076
10.7092211	11.2000589	12.4717806
10.3756466	10.8511988	12.0833081
11.0665562	11.5737731	12.8879288
11.2770156	11.7938798	13.1330269
10.6511134	11.1392886	12.4041094
10.9767016	11.4797987	12.7832831
8.63960181	9.03558331	10.0615371
9.05007388	9.46486869	10.5395644
9.78809581	10.2367163	11.3990537
10.8217494	11.3177462	12.6028306
13.1001488	13.7005719	15.2562156
15.2156194	15.9130019	17.7198581
20.8853656	21.8426119	24.3227506
32.1394444	33.6125006	37.4290625
59.2810456	61.9980925	69.0377219
3414.36606592046	3418.74940782046	3430.10626682046
2642.47980244665	2646.13856684665	2655.61810934665
41.6453562	43.5541	48.49949
27.0088781	28.2467844	31.45409
18.0701369	18.8983494	21.0441806
14.2599662	14.9135494	16.6069194
12.1085331	12.6635069	14.1013963
10.4618797	10.9413819	12.1837319
9.48307119	9.91771263	11.0438269
8.93238825	9.34178925	10.4025117
8.63097331	9.02655931	10.0514879
8.58767875	8.98128056	10.0010681
8.63710038	9.03296706	10.0586227
8.51433175	8.90457175	9.91564931
8.63729706	9.03317294	10.0588532
8.25842262	8.63693319	9.61762162
9.04017369	9.45451481	10.5280349
10.3624051	10.8373481	12.0678863
12.6503913	13.2302006	14.732435
16.3957706	17.1472438	19.09424
28.8082169	30.1285938	33.5495725
55.0288137	57.550965	64.0856388
4492.74748280626	4497.16881970626	4508.62410370626
53.15058	55.5866463	61.8982831
25.7303263	26.9096325	29.9651106
17.0050631	17.7844619	19.803815
12.8138106	13.4011106	14.9227506
10.4596464	10.9390456	12.1811312
8.95297475	9.36331931	10.426485
8.2856345	8.66539237	9.64931225
7.89368544	8.25547906	9.19285494
7.80573119	8.16349369	9.09042488
7.91530563	8.27809025	9.2180335
8.83661475	9.24162587	10.2909748
10.3163468	10.7891784	12.0142462
13.2592006	13.866915	15.4414469
20.3896438	21.3241687	23.74544
30.7469756	32.1562112	35.8074175
33.6627706	35.2056463	39.2031044
21.5648887	22.5532762	25.1141106
14.5907494	15.2594906	16.9921438
10.8224641	11.3184938	12.6036619
9.19969494	9.621348	10.7138121
8.22509894	8.60208237	9.57881381
8.40115719	8.78620988	9.78384856
10.2622185	10.7325714	11.9512087
12.8435794	13.4322412	14.9574181
17.0991344	17.8828431	19.9133663
17.0920544	17.8754394	19.9051219
11.5828345	12.1137144	13.4891769
9.85683813	10.3086096	11.4791106
12.475845	13.047655	14.5291619
