#?RADIANCE
genskyvec -m 1
NROWS=146
NCOLS=1
NCOMP=3
FORMAT=ascii

0.483854981	0.50603165	0.563489469
6.65741125	6.96254225	7.75311044
6.97304887	7.29264669	8.12069688
7.53709381	7.88254369	8.77757456
8.78425169	9.18686281	10.2299944
11.4673866	11.9929755	13.3547281
15.606215	16.3214994	18.1747381
21.6325719	22.6240637	25.1929344
59.6438156834334	61.1984413834334	65.2263394834334
193.062694338579	195.201431138579	200.742718638579
58.4502212374659	59.9613643374659	63.8766024374658
23.6001806	24.6818525	27.4843763
15.135915	15.8296431	17.6270337
11.0552976	11.5619982	12.8748163
8.95970481	9.37035744	10.4343241
7.48171075	7.82462238	8.71307625
7.01642588	7.33801187	8.171213
6.25374375	6.5403735	7.28300644
6.46113581	6.75727094	7.52453106
6.48427856	6.7814745	7.55148306
6.49034819	6.78782231	7.55855175
6.94306206	7.26128538	8.08577456
6.73905819	7.04793156	7.84819531
6.92152362	7.23875994	8.06069163
7.04651681	7.369482	8.20625631
6.63617656	6.94033419	7.72838081
6.7876785	7.09878019	7.90481756
6.45337125	6.74915081	7.51548919
6.60594931	6.90872162	7.69317869
6.32294025	6.61274137	7.363591
6.47086775	6.76744906	7.53586531
6.09495844	6.37431037	7.09808725
6.15371537	6.43576044	7.16651456
7.09911581	7.42449156	8.26751219
8.16138869	8.53545169	9.50461762
10.4498051	10.9287553	12.1696709
13.1887963	13.7932812	15.3594544
18.3339381	19.1742419	21.3513988
26.2948075	27.4999862	30.6224975
31.8248225	33.2834606	37.06266
22.6499587	23.6880794	26.377765
17.7855244	18.6006925	20.712725
13.0979694	13.6982919	15.2536794
10.4549934	10.9341807	12.1757113
8.24501325	8.62290956	9.60200537
7.02842675	7.35056269	8.18518887
6.2692355	6.55657531	7.30104763
6.289075	6.57732406	7.32415231
5.7388565	6.00188744	6.68337688
5.75775869	6.02165581	6.70539013
5.68093613	5.94131212	6.61592388
5.8428745	6.11067269	6.80451487
6.07107844	6.34933613	7.07027713
5.88386462	6.15354169	6.852251
6.24550244	6.53175456	7.2734085
6.32140156	6.61113225	7.36179938
6.3076995	6.59680212	7.34584194
5.96967094	6.24328094	6.95218013
5.93269581	6.20461106	6.90911931
5.77725681	6.04204763	6.72809712
5.89386719	6.16400256	6.86389994
4.44091681	4.64445862	5.17181787
4.51786875	4.72493762	5.26143487
5.12507694	5.35997606	5.9685795
6.77006319	7.08035731	7.88430312
8.86056369	9.26667244	10.3188659
12.0171888	12.5679776	13.9950188
14.5747756	15.2427875	16.9735438
14.4006742	15.0607049	16.7707869
10.6976759	11.1879854	12.4583363
8.27709331	8.65645994	9.63936556
6.51546163	6.8140865	7.58779838
5.35523319	5.60068119	6.23661562
4.68197131	4.89656144	5.452546
4.28305225	4.47935856	4.9879715
4.26437663	4.45982712	4.96622244
4.32069488	4.51872669	5.03180963
4.26898019	4.46464144	4.97158325
4.57324444	4.78285125	5.32592462
4.45668313	4.66094756	5.19017919
4.24762244	4.44230512	4.94671056
4.39125156	4.59251694	5.11397838
4.36373381	4.56373825	5.08193181
4.11766838	4.30639481	4.79536837
4.27713213	4.47316725	4.98107688
3.30419025	3.45563237	3.84800506
3.55294912	3.71579238	4.13770537
3.90773913	4.08684363	4.55088788
4.51716969	4.72420637	5.26062087
5.77038987	6.03486594	6.72010025
6.5875655	6.8894955	7.67176962
7.31751575	7.65290175	8.52185737
7.515072	7.85951244	8.75192725
6.25157288	6.53810319	7.28047806
5.36093656	5.60664594	6.24325769
4.41980987	4.62238425	5.14723712
3.70758431	3.87751537	4.31779137
3.49567475	3.65589294	4.07100475
3.33998488	3.49306744	3.88969094
3.26809125	3.4178785	3.80596475
3.16601156	3.31112044	3.6870845
3.18425244	3.33019731	3.70832737
3.23492375	3.38319087	3.76733844
3.32787944	3.48040706	3.87559306
3.30320556	3.45460225	3.84685819
3.30375125	3.45517313	3.84749375
3.29727606	3.448401	3.83995269
3.21603369	3.36343537	3.74533962
3.31220781	3.46401713	3.85734225
2.65954937	2.78144525	3.09726681
2.895259	3.02795837	3.3717705
3.177767	3.32341456	3.70077469
3.82180312	3.99696888	4.4508085
4.34439231	4.54351013	5.05940713
4.37939006	4.58011181	5.10016481
4.16362212	4.35445456	4.84888519
3.55093356	3.71368469	4.13535837
3.12130663	3.26436644	3.63502181
2.82347037	2.95287931	3.28816669
2.57761037	2.69575069	3.00184219
2.58869756	2.70734619	3.01475437
2.59450544	2.71342019	3.02151794
2.56789644	2.68559162	2.99052975
2.51840981	2.63383687	2.93289825
2.52895275	2.64486287	2.94517625
2.5759385	2.69400219	2.99989525
2.5875225	2.70611713	3.01338569
2.32419519	2.43072063	2.70671912
2.44178906	2.55370431	2.84366694
2.8406095	2.97080413	3.30812687
3.13979256	3.28369975	3.65655019
2.90651275	3.039728	3.38487644
2.56690744	2.68455738	2.98937794
2.36296756	2.47127006	2.75187269
2.22294344	2.32482856	2.58880312
2.18744344	2.28770106	2.54746031
2.15924219	2.25820719	2.51461756
2.20479925	2.30585231	2.56767237
2.17778744	2.27760256	2.53621506
2.08219988	2.17763406	2.42489538
2.20139981	2.30229738	2.56371369
2.23335763	2.33571981	2.60093113
2.13707	2.23501906	2.4887965
1.98842556	2.07956175	2.31568744
1.99685181	2.08837406	2.32550056
2.0291745	2.12217813	2.36314281
