#?RADIANCE
genskyvec -m 1
NROWS=146
NCOLS=1
NCOMP=3
FORMAT=ascii

9.55717031	9.99520675	11.1301238
26.5880487	27.8066656	30.9639988
27.2654644	28.5151294	31.7529062
28.1873213	29.47924	32.8264862
29.331555	30.6759162	34.1590419
29.9281881	31.2998962	34.8538712
29.9791175	31.3531612	34.9131825
30.2483856	31.6347687	35.2267669
28.9116131	30.2367294	33.6699844
28.4834969	29.7889887	33.1714069
28.5647844	29.874	33.2660719
27.3511963	28.6047912	31.8527487
26.8824281	28.1145375	31.3068294
26.4386213	27.6503894	30.7899781
26.5602481	27.77759	30.9316237
28.53094	29.838605	33.2266587
32.7404506	34.241055	38.128985
37.1369119	38.83902	43.2490313
47.9755012	50.1743775	55.8714737
67.6862231	70.7885062	78.8262513
85.0758062	88.9751125	99.0778731
111.624464	116.740575	129.995994
103.010018	107.73131	119.963773
90.8203962	94.9830025	105.767939
68.4965613	71.6359831	79.7699575
48.0698288	50.27303	55.981325
38.99259	40.7797488	45.4101213
32.5073631	33.9972812	37.8575344
29.1473144	30.4832319	33.94448
26.8476887	28.0782081	31.2663744
26.1925144	27.3930025	30.5033681
19.69084	20.5933362	22.9316256
18.5240406	19.3730569	21.57279
20.4738731	21.4122587	23.8435337
20.5292	21.4701206	23.9079644
20.9632862	21.9241019	24.413495
20.2169062	21.1435144	23.5442731
21.7218238	22.7174069	25.296875
22.0993787	23.1122662	25.7365694
21.0487856	22.0135194	24.5130656
18.2151381	19.0499969	21.213045
18.6074819	19.4603231	21.6699631
18.4377806	19.2828456	21.4723344
19.7761688	20.6825769	23.0309981
20.4193819	21.3552681	23.7800725
21.795415	22.7943681	25.3825781
25.6498944	26.8255137	29.8714413
32.9259206	34.4350231	38.3449781
42.1677006	44.1003844	49.1078019
62.5272119	65.3930381	72.81815
90.5849688	94.7367737	105.49375
126.506231	132.304425	147.327056
128.272675	134.151819	149.384206
91.6861537	95.8884331	106.776167
62.3145531	65.1706331	72.5704931
44.1655656	46.1898206	51.4344844
34.2706613	35.8414	39.9110431
26.0882219	27.2839294	30.3819094
22.6461156	23.6840631	26.3732906
20.210195	21.1364962	23.5364594
19.6627644	20.5639719	22.8989281
13.1493119	13.7519881	15.31347
12.5292563	13.1035138	14.591365
12.6519775	13.2318619	14.7342844
13.8286869	14.4625006	16.1046594
13.9092587	14.5467675	16.1984925
13.9678113	14.6080031	16.2666812
13.7643725	14.3952388	16.02976
13.6340506	14.2589444	15.8779875
12.7485544	13.3328631	14.8467537
13.3429188	13.9544675	15.5389406
13.8764131	14.5124169	16.1602412
16.1670288	16.9080163	18.8278519
19.7846875	20.691485	23.0409181
26.3186206	27.5248888	30.6502263
41.9627062	43.8859975	48.8690713
72.2259125	75.5362612	84.1131012
2407.88500401261	2414.13814201261	2430.33945401261
1742.73984556914	1748.25131356914	1762.53107856914
59.9940425	62.7437694	69.8680675
35.9291144	37.5758656	41.8424512
24.74512	25.8792712	28.817755
18.9274719	19.7949794	22.0426206
14.8892206	15.5716412	17.3397394
13.8752944	14.5112456	16.1589381
10.0399811	10.5001471	11.6923956
9.85070581	10.3021971	11.4719687
9.56477187	10.0031574	11.1389744
9.74493081	10.1915736	11.3487856
10.0380063	10.4980819	11.6900969
9.94729888	10.4032178	11.5844612
9.77490313	10.2229194	11.3836906
9.94008556	10.3956728	11.5760581
9.87043625	10.3228304	11.4949462
10.2953189	10.7671864	11.9897575
11.068345	11.5756437	12.8900106
12.4816012	13.0536744	14.5358644
14.9853619	15.6721894	17.4517044
21.4128019	22.3942225	24.9369944
31.9335319	33.3971519	37.1892612
45.0849644	47.1513544	52.5051975
1282.75438949227	1285.83000569227	1293.79865569227
65.9152431	68.936355	76.7637988
44.5676125	46.6102937	51.9027031
28.5731538	29.882755	33.2758194
20.0175869	20.9350581	23.3121488
14.8794044	15.5613775	17.3283081
12.23174	12.7923619	14.2448813
11.1405881	11.6512	12.9741456
8.68915062	9.08740281	10.1192399
8.201922	8.57784325	9.55182194
7.91983631	8.28282844	9.22330969
8.03309388	8.40127688	9.35520763
8.072321	8.44230225	9.40089087
8.07353444	8.44357113	9.40230419
8.36751088	8.75102144	9.74466469
9.19184456	9.61313725	10.7046686
10.3335129	10.8071313	12.0342369
13.2214231	13.8274044	15.3974506
16.6773319	17.4417088	19.4221437
25.4340462	26.5997706	29.6200663
34.2478163	35.8175063	39.8844369
30.548905	31.9490631	35.5767481
21.7971069	22.7961412	25.3845506
15.2189944	15.9165306	17.7237875
11.7039012	12.2403294	13.6301694
9.68739437	10.1313993	11.2817781
8.00244331	8.36922175	9.3195125
7.36307025	7.70054406	8.57490925
7.23072637	7.56213438	8.42078375
7.36419481	7.70172019	8.57621931
7.69553631	8.04824825	8.96209362
8.9143375	9.32291112	10.3814889
11.1924733	11.7054612	13.0345681
14.2055237	14.8566087	16.5435188
18.4669387	19.3133394	21.50629
16.2700231	17.0157319	18.9477981
12.2320613	12.7926975	14.2452544
9.27565438	9.70078763	10.8022731
8.06463588	8.43426481	9.39194075
7.46049869	7.80243813	8.68837306
7.85091231	8.21074569	9.14304225
9.33406994	9.76188131	10.8703044
10.6460557	11.1339994	12.3982194
9.98665906	10.4443816	11.6302981
8.44009656	8.82693394	9.8291965
