#?RADIANCE
genskyvec -m 1
NROWS=146
NCOLS=1
NCOMP=3
FORMAT=ascii

24.245	25.3562275	28.2353244
30.00126	31.3763181	34.93897
28.7115962	30.0275444	33.4370481
28.0980144	29.3858387	32.7224806
27.1100994	28.3526437	31.5719719
25.171585	26.3252825	29.3144087
26.0208331	27.2134544	30.3034306
27.3806556	28.6356013	31.8870575
29.252265	30.5929912	34.0667006
31.0576487	32.4811238	36.1692219
37.9622006	39.7021325	44.2101469
39.6126	41.4281769	46.1321763
43.8905794	45.9022319	51.1142412
44.3998525	46.434845	51.7073319
42.597015	44.5493744	49.6077756
40.6600375	42.5236206	47.3520031
36.6152844	38.2934869	42.6415544
34.9757519	36.5788056	40.7321794
30.2659531	31.6531431	35.2472262
27.0654406	28.30594	31.5199625
27.301955	28.5532931	31.7954025
24.8027906	25.9395825	28.8849156
26.2146606	27.4161663	30.5291575
25.4744912	26.6420712	29.6671687
28.2161812	29.5094219	32.8600956
31.4930444	32.9364738	36.6762775
33.3255806	34.8529987	38.8104156
35.2886769	36.9060731	41.0966063
33.0327262	34.5467269	38.4693644
32.9979006	34.5103056	38.4288075
30.9522881	32.3709337	36.0465206
16.7726512	17.5413975	19.5331519
14.7277894	15.4028144	17.1517406
15.8129612	16.53772	18.4155113
15.1905619	15.8867938	17.690675
15.83789	16.5637925	18.4445425
16.4228681	17.1755825	19.1258006
18.8396219	19.7031019	21.9403081
21.6269131	22.6181456	25.1863444
24.7484106	25.8827106	28.8215875
26.9587894	28.1944012	31.3957594
32.0748088	33.544905	37.3537913
36.4412556	38.1114775	42.4388819
38.4301212	40.1914987	44.7550794
37.2272344	38.9334825	43.35422
33.1614125	34.6813106	38.6192306
28.0481919	29.3337325	32.6644588
25.8162375	26.9994825	30.0651619
21.1581744	22.1279238	24.6404594
18.5658881	19.4168231	21.6215238
16.3410331	17.0899969	19.0304956
15.4277194	16.1348225	17.9668662
15.1418987	15.8359	17.6340037
14.1530337	14.8017144	16.4823881
15.9904925	16.72339	18.6222625
16.9330756	17.709175	19.7199781
17.923545	18.7450419	20.8734637
17.2644619	18.0557488	20.1059069
17.9450756	18.7675575	20.8985369
17.1348763	17.9202237	19.9549925
17.1019856	17.885825	19.9166875
10.4643803	10.9439985	12.186645
10.1019056	10.5649082	11.7645113
10.4547839	10.9339612	12.1754663
11.8157544	12.3573069	13.7604275
13.3374662	13.9487656	15.5325894
15.7775913	16.5007294	18.3743206
19.21434	20.0949962	22.3767012
24.8130344	25.9502981	28.8968488
32.6224231	34.1176162	37.9915313
43.3022075	45.2868912	50.4290306
46.6554	48.7937706	54.334105
35.1877269	36.8004975	40.9790437
25.8213369	27.0048144	30.0711013
20.0401344	20.9586387	23.3384081
16.1916175	16.9337344	18.8564906
13.7911863	14.4232825	16.0609887
11.7249594	12.2623531	13.6546931
11.2818381	11.7989219	13.1386419
10.5464359	11.0298166	12.2822056
10.1176241	10.5813488	11.7828175
10.6812017	11.1707579	12.4391525
10.8825637	11.3813475	12.6736519
10.3526537	10.8271503	12.05653
10.7222207	11.2136557	12.48692
8.46872669	8.85687625	9.8625385
8.8297005	9.23439494	10.2829218
9.45922425	9.89277162	11.016055
10.3590467	10.8338363	12.0639737
12.33345	12.8987344	14.3633319
14.1204369	14.7676231	16.4444256
18.6232075	19.47677	21.6882781
26.8735287	28.1052294	31.2964638
45.6318119	47.7232694	53.14205
73.0844412	76.4341437	85.112925
2734.88348853286	2738.58916233286	2748.19021673286
48.7184694	50.9513975	56.7367181
30.7185075	32.1264394	35.7742637
19.6224587	20.5218206	22.8519881
15.15204	15.8465069	17.6458137
12.7399144	13.3238269	14.8366912
10.8850913	11.3839906	12.6765963
9.73977469	10.1861803	11.3427813
9.01307812	9.4261775	10.4964819
8.59274344	8.98657725	10.0069657
8.46562781	8.85363569	9.85892956
8.47160462	8.85988606	9.86588937
8.35606969	8.739056	9.73133925
8.4724835	8.86080544	9.86691369
8.13834	8.511347	9.47777569
8.82672325	9.23128131	10.2794547
10.0128174	10.4717361	11.6607612
12.01872	12.5695762	13.9968025
15.2151863	15.9125487	17.719355
25.4347612	26.6005206	29.6209
47.0930975	49.2515294	54.8438381
5373.73401412603	5378.80329312603	5391.93737312603
2520.00068248656	2523.13023498656	2531.23862808656
30.472495	31.8691488	35.4877612
18.9208019	19.7880031	22.0348506
13.6850969	14.31233	15.9374369
10.9572325	11.4594406	12.7606125
9.23623319	9.65956	10.7563644
8.44527906	8.83235406	9.83523163
7.94299775	8.30705144	9.250283
7.77604244	8.13244387	9.05584963
7.84455419	8.20409606	9.1356375
8.75588631	9.15719738	10.1969591
10.1354594	10.6000019	11.8035894
12.8190919	13.4066331	14.9289031
19.3211163	20.2066656	22.5010506
30.6626544	32.068025	35.7092187
38.7889575	40.5667831	45.1729762
24.8689069	26.0087306	28.9619156
15.9107069	16.6399456	18.5293438
11.3686775	11.8897419	13.2397731
9.48767163	9.92252269	11.049185
8.33393387	8.7159055	9.70556181
8.42949912	8.81585094	9.81685406
10.3121509	10.7847923	12.0093606
12.8834881	13.4739806	15.0038975
17.6930088	18.5039369	20.6049825
18.4804162	19.3274338	21.5219856
12.0661388	12.6191694	14.0520231
10.0701947	10.531745	11.7275794
12.8093675	13.3964638	14.9175769
