#?RADIANCE
genskyvec -m 1
NROWS=146
NCOLS=1
NCOMP=3
FORMAT=ascii

23.2903994	24.3578744	27.1236106
30.1083644	31.4883306	35.0637013
33.2928825	34.8188044	38.7723394
35.3385813	36.9582637	41.1547238
36.1878231	37.8464319	42.1437381
33.6174619	35.1582625	39.1503388
32.5169719	34.0073325	37.8687269
31.0167606	32.4383625	36.121605
27.7642038	29.0367287	32.3337306
24.6735825	25.8044544	28.734445
27.9680325	29.2498994	32.5711075
24.9321462	26.0748719	29.035565
27.6060144	28.8712894	32.1495044
29.0060688	30.3355144	33.7799863
30.4172131	31.8113344	35.4233825
34.5321969	36.1149194	40.2156206
37.6913137	39.4188319	43.8946787
42.0398513	43.9666762	48.9589119
43.96108	45.97596	51.1963419
45.49817	47.5835006	52.9864144
45.7756531	47.8737019	53.3095681
41.9437906	43.8662112	48.8470412
38.7180694	40.4926456	45.09042
34.0317512	35.5915381	39.6328113
31.6661506	33.1175156	36.8778719
29.2698144	30.6113481	34.0871406
27.5561637	28.8191519	32.0914512
27.5252537	28.7868256	32.0554525
26.0316531	27.22477	30.3160325
27.2463438	28.495135	31.7306394
28.3439219	29.6430181	33.0088606
17.187785	17.9755575	20.0166081
16.2721456	17.0179538	18.9502738
18.6500237	19.5048163	21.7195088
18.1905662	19.0243013	21.1844325
17.9449637	18.7674394	20.8984056
16.441095	17.1946438	19.1470244
17.3561475	18.1516394	20.2126838
17.140805	17.9264256	19.9618963
16.0069769	16.74063	18.64146
14.2370731	14.889605	16.5802575
15.4229088	16.1297887	17.9612606
16.6042463	17.3652731	19.3370288
19.27576	20.15923	22.4482288
21.7288906	22.7247963	25.3051019
24.3226238	25.43741	28.3257244
28.6414738	29.9542069	33.3553838
33.8210644	35.3711931	39.3874475
38.0491912	39.7931131	44.3114575
40.3900787	42.24129	47.037615
38.5323613	40.2984269	44.8741481
34.4170238	35.9944687	40.0814925
29.5669719	30.9221238	34.4332031
24.401315	25.51971	28.4173681
22.1789787	23.195515	25.8292719
19.7133219	20.6168494	22.9578087
18.1634619	18.9959537	21.1528656
16.0826069	16.8197263	18.7295369
15.818845	16.5438756	18.4223669
15.417785	16.1244331	17.9552962
16.1231138	16.8620888	18.77671
10.770433	11.2640775	12.5430687
10.4278623	10.9058062	12.1441156
10.5468039	11.0301978	12.2826313
11.3273965	11.8465685	13.1916988
11.0928426	11.6012636	12.9185394
10.9512542	11.4531874	12.75365
10.9545062	11.4565869	12.7574369
11.4508675	11.9757	13.3354919
11.9507631	12.4985069	13.9176619
14.0022356	14.644005	16.3067706
16.2619762	17.0073156	18.9384281
20.8047181	21.7582669	24.22883
27.3862288	28.6414306	31.8935475
37.7580881	39.4886656	43.9724431
48.3195	50.5341425	56.2720869
46.5487825	48.6822675	54.2099394
33.88208	35.4350069	39.45851
25.8765456	27.0625525	30.1353956
19.4444719	20.335675	22.6447088
15.940455	16.6710581	18.5639906
13.7213013	14.3501956	15.9795994
12.21114	12.7708156	14.22089
10.8916225	11.3908225	12.6842037
10.7992305	11.2941963	12.5766056
8.69572369	9.09427762	10.1268954
8.59352094	8.98739044	10.0078731
8.42273025	8.80877169	9.80897144
8.49944163	8.88899937	9.89830887
8.70479394	9.10376319	10.1374584
8.77110244	9.173111	10.2146801
9.16859281	9.58881988	10.67759
9.99838344	10.4566415	11.6439519
11.2353362	11.7502887	13.0844869
12.9325144	13.5252544	15.0609894
15.7588075	16.481085	18.3524456
20.9001219	21.8580444	24.3399363
28.16077	29.4514688	32.795565
50.1991262	52.4999175	58.4610681
2619.63549568666	2623.40635568666	2633.17631008666
2465.46490861192	2469.28551551192	2479.18436741192
47.3897444	49.5617731	55.18931
28.5574056	29.866285	33.2574812
19.3483606	20.2351606	22.5327794
15.0850381	15.7764344	17.567785
12.6544894	13.2344862	14.7372088
10.8811437	11.3798619	12.6719981
9.77701656	10.2251299	11.3861513
9.21271787	9.63496725	10.7289769
8.48339694	8.87221912	9.87962306
8.08650781	8.45713906	9.41741275
7.99548569	8.361945	9.31140981
8.13461131	8.50744706	9.47343288
8.547725	8.9394955	9.95453825
9.65158569	10.0939492	11.2400769
11.0470219	11.5533444	12.8651787
14.2178188	14.8694681	16.557835
18.6860237	19.542465	21.7614319
31.9917138	33.4580019	37.2570194
58.1331356	60.7975681	67.7008838
5167.40204128067	5172.19651628067	5184.61860428067
55.3526781	57.8896725	64.4628075
24.7998894	25.9365494	28.8815394
16.5056019	17.2621075	19.22215
12.5023469	13.0753719	14.5600256
10.3520596	10.8265294	12.0558362
9.158071	9.57781575	10.6653381
8.92590069	9.33500438	10.3949554
8.7096565	9.10884888	10.1431211
8.77992238	9.18233512	10.224951
9.618768	10.0596271	11.2018575
11.567565	12.0977444	13.4713938
16.4182163	17.1707169	19.1203812
26.8472088	28.0777056	31.2658144
39.5786662	41.3926856	46.0926556
35.1204744	36.7301631	40.9007225
19.2131025	20.0937031	22.37526
12.4640712	13.0353419	14.5154519
10.292118	10.7638388	11.9860294
10.6523841	11.1406169	12.4055887
10.6177522	11.1043979	12.3652587
12.5963131	13.1736444	14.6694575
17.5378788	18.3416981	20.4243225
17.2995606	18.0924563	20.1467794
13.3984419	14.0125363	15.6036031
12.9948044	13.5904006	15.1335344
