#?RADIANCE
genskyvec -m 1
NROWS=146
NCOLS=1
NCOMP=3
FORMAT=ascii

12.44411	13.0144644	14.4922031
23.6394063	24.7228781	27.5300594
22.9863525	24.0398938	26.769525
23.4134525	24.4865694	27.26692
24.3892331	25.5070737	28.4032963
25.8950269	27.0818819	30.1569194
29.9649356	31.3383269	34.8966656
35.1414475	36.7520956	40.9251444
44.521335	46.561895	51.8488063
56.7293	59.3293906	66.0660012
67.8558	70.965855	79.0237356
75.5726075	79.0363506	88.0106038
65.7999625	68.8157919	76.6295437
52.3157431	54.7135475	60.9260469
41.2725413	43.1641963	48.0653163
33.80068	35.3498763	39.3637106
28.2751219	29.5710631	32.9287381
26.2177544	27.4194006	30.5327612
23.33761	24.4072506	27.1785931
22.3850838	23.4110656	26.0692969
24.0861375	25.1900856	28.0503169
23.9645819	25.0629594	27.908755
25.7386856	26.918375	29.9748444
25.7145263	26.8931081	29.9467087
28.2563938	29.5514781	32.9069256
29.4811144	30.8323288	34.3332156
30.1816181	31.5649419	35.1490106
29.9621581	31.335425	34.8934312
27.5315969	28.7934606	32.0628406
26.2439575	27.4468031	30.563275
24.3549437	25.4712131	28.3633644
15.1529981	15.8475094	17.64693
13.9278131	14.5661719	16.2201006
15.4394756	16.1471181	17.9805556
16.11316	16.8516788	18.7651187
18.698245	19.5552475	21.7756656
21.7591563	22.75645	25.3403519
27.9432837	29.2240169	32.5422856
38.2363062	39.9888025	44.5293675
55.1635531	57.69188	64.2425588
76.1415563	79.6313756	88.6731931
85.0979287	88.9982481	99.1036369
69.9718269	73.1788681	81.4880287
50.2877213	52.5925731	58.564245
35.1308625	36.7410263	40.9128187
26.355005	27.5629431	30.6926013
20.38484	21.3191444	23.739845
18.8225181	19.6852175	21.9203937
15.5355256	16.2475694	18.0924131
14.6494306	15.3208625	17.0604844
13.8992587	14.5363069	16.1868463
14.4125331	15.0731056	16.7845944
15.3999319	16.1057606	17.9345056
15.0301719	15.7190556	17.5038869
17.2238594	18.0132831	20.0586194
17.9436537	18.7660694	20.89688
18.3831038	19.2256613	21.4086575
17.0515862	17.8331175	19.857995
16.9253812	17.7011256	19.7110175
15.7560281	16.4781794	18.3492088
15.4415263	16.1492625	17.9829444
10.2002294	10.6677393	11.8790169
10.0962814	10.5590267	11.7579619
11.0078662	11.512395	12.8195794
13.6430606	14.2683675	15.8884812
17.6443731	18.4530713	20.5483419
25.9015306	27.0886838	30.1644919
42.4319269	44.37672	49.4155162
1380.36147410526	1383.90621850526	1393.09036730526
2977.40549061999	2982.53106561999	2995.81098561999
67.6661187	70.7674819	78.8028419
38.7329056	40.5081625	45.1076975
22.9219837	23.9725725	26.69456
16.2009581	16.9435	18.8673656
12.7764525	13.36204	14.8792431
11.1499271	11.6609656	12.98502
10.4898253	10.9706086	12.2162769
10.066389	10.5277644	11.72315
10.809773	11.3052182	12.5888806
10.8050864	11.3003188	12.583425
10.5149026	10.9968344	12.2454825
11.1174133	11.6269594	12.9471538
11.0747713	11.5823648	12.8974962
10.2286262	10.6974387	11.9120888
10.3727676	10.848187	12.0799531
8.20145531	8.57735494	9.551279
8.72407444	9.12392756	10.1599119
9.75077044	10.1976803	11.3555856
11.3730844	11.8943519	13.2449069
15.628005	16.3442869	18.2001156
20.48131	21.4200362	23.8521925
34.8995025	36.4990613	40.6433819
58.3254956	60.9987462	67.9249031
2408.78326585052	2412.11748405052	2420.75614465052
50.5936356	52.9125075	58.9205069
29.8829594	31.2525944	34.8011987
18.7656331	19.6257238	21.8541425
14.4682444	15.1313713	16.8494775
11.125195	11.6350987	12.9562163
9.49316719	9.92827062	11.055585
8.58814038	8.98176294	10.001605
8.1458605	8.51921212	9.48653356
8.06138994	8.43087006	9.38816112
8.2390555	8.61667888	9.595068
8.26408894	8.64285956	9.6242205
8.33962963	8.72186269	9.71219437
8.34740369	8.72999275	9.72124825
8.12543206	8.49784744	9.46274319
8.22362656	8.6005425	9.57709881
7.43155531	7.77216806	8.654666
8.31193012	8.6928935	9.67993631
9.89450812	10.3480066	11.5229806
13.3559206	13.9680663	15.5540819
19.2017231	20.0818013	22.3620081
30.4629144	31.8591313	35.4766044
36.1668069	37.8244519	42.1192638
26.6448781	27.8661025	31.030185
18.4014794	19.24488	21.4300569
12.5967931	13.1741462	14.6700169
9.77382075	10.2217873	11.38243
8.27630569	8.655636	9.63844781
7.46225988	7.80428	8.690424
7.06542344	7.38925519	8.22827469
6.91468938	7.23161238	8.05273244
6.91000119	7.22670938	8.04727262
7.00994937	7.33123875	8.16367044
7.1054635	7.43113056	8.27490488
7.44957188	7.7910105	8.67564781
8.7828135	9.18535894	10.2283186
11.9898812	12.539415	13.9632169
17.5331825	18.3367856	20.4188512
18.7393444	19.5982319	21.8235287
14.9864169	15.673295	17.4529331
11.0936718	11.6021313	12.9195056
8.71904781	9.11867037	10.1540586
7.29925356	7.63380256	8.50058956
6.79469419	7.10611756	7.91298806
6.63943587	6.94374306	7.73217681
6.84343438	7.15709144	7.96975
7.85199844	8.21188131	9.14430662
9.65799175	10.1006492	11.2475369
11.1914448	11.7043869	13.0333719
10.0988557	10.5617203	11.7609606
7.77193844	8.12815206	9.05107044
7.176574	7.50550012	8.35771894
8.65408269	9.05072763	10.0784016
