#?RADIANCE
genskyvec -m 1
NROWS=146
NCOLS=1
NCOMP=3
FORMAT=ascii

0.186160862	0.194693244	0.216799862
5.04880569	5.280209	5.87975519
5.33469575	5.57920238	6.21269794
5.82968819	6.09688206	6.789158
6.90696662	7.22353563	8.04373838
9.23186394	9.65499112	10.7512746
12.7684181	13.3536381	14.8698887
17.7835581	18.5986381	20.7104356
48.6721876052115	49.9344663052115	53.2049201052115
89.6462985337835	91.2588947337835	95.4369954337835
42.0311429045684	43.1607067045684	46.0873135045684
17.8004162	18.6162681	20.73007
11.4493567	11.9741169	13.3337294
8.36629944	8.74975444	9.74325394
6.78631644	7.09735562	7.90323138
5.619368	5.87692231	6.54422275
5.28230194	5.52440719	6.15168113
4.65331369	4.86659069	5.41917194
4.87383569	5.0972195	5.67598806
4.93280794	5.15889475	5.74466631
4.92284044	5.1484705	5.73305819
5.34177144	5.58660238	6.22093838
5.17646912	5.41372362	6.02843006
5.36685656	5.61283725	6.25015194
5.44378725	5.69329406	6.33974412
5.09194687	5.3253275	5.92999669
5.18315669	5.42071781	6.03621819
4.89098781	5.11515794	5.69596312
5.01360062	5.24339038	5.83875581
4.77580844	4.99469956	5.56182725
4.90152631	5.12617938	5.70823606
4.790896	5.01047856	5.57939787
4.87299919	5.096345	5.675014
5.66973156	5.92959412	6.60287519
6.61886119	6.9222255	7.70821594
8.5755425	8.96858762	9.98693388
10.8547278	11.3522353	12.6412356
15.062245	15.7525975	17.5412394
21.1112606	22.0788594	24.5858231
24.0368744	25.1385644	27.9929456
17.1039019	17.8878288	19.91892
13.6064821	14.2301131	15.8458825
10.1332173	10.5976563	11.8009764
8.14092044	8.51404569	9.48078044
6.40886813	6.70260781	7.4636615
5.46761394	5.71821281	6.36749231
4.878978	5.10259769	5.68197675
4.89427144	5.118592	5.69978731
4.47956831	4.68488181	5.21683081
4.52573787	4.73316744	5.270599
4.49606531	4.70213469	5.23604275
4.64637762	4.85933637	5.41109406
4.85429606	5.07678438	5.65323256
4.71570925	4.93184581	5.49183663
4.99787056	5.22693931	5.82043669
5.05937	5.29125756	5.89205831
5.02635319	5.2567275	5.85360731
4.73035069	4.94715825	5.50888781
4.66981337	4.88384637	5.43838706
4.53211906	4.73984112	5.27803062
4.62474919	4.83671669	5.38590619
3.35253413	3.50619187	3.90430569
3.39059131	3.54599331	3.94862631
3.88313106	4.06110762	4.52222994
5.26813612	5.50959231	6.13518381
6.89992181	7.21616819	8.03553412
9.24187256	9.66545644	10.7629312
10.9003758	11.3999769	12.6943983
10.5894669	11.0748171	12.3323173
7.79935106	8.15682169	9.08299506
6.12994906	6.41090494	7.13883687
4.84367294	5.0656745	5.64086088
4.00882606	4.19256381	4.66861213
3.49879306	3.65915437	4.07463644
3.187876	3.33398706	3.71254763
3.2109215	3.35808869	3.73938575
3.28577812	3.43637625	3.82656256
3.24684044	3.39565387	3.7812165
3.542139	3.70448694	4.12511619
3.42881119	3.58596494	3.99313656
3.22233794	3.37002825	3.75268119
3.35492756	3.50869487	3.90709275
3.32498612	3.47738112	3.87222363
3.08201969	3.22327869	3.58926888
3.21978781	3.36736125	3.74971137
2.21997569	2.32172456	2.585347
2.40923019	2.51965319	2.8057495
2.63545694	2.75624881	3.06920944
3.08856213	3.23012125	3.59688825
3.99002331	4.17289919	4.64671488
4.50842569	4.71506162	5.25043769
4.89628356	5.1206965	5.70213056
5.03192544	5.26255537	5.86009687
4.13831025	4.32798256	4.81940719
3.57441556	3.73824269	4.16270481
2.93793244	3.07258744	3.42146719
2.43010894	2.54148875	2.8300645
2.32178906	2.42820444	2.703917
2.25558812	2.35896931	2.62682069
2.22416869	2.32610956	2.59022975
2.13572694	2.23361444	2.48723213
2.16142319	2.26048844	2.51715756
2.21337319	2.31481938	2.57765762
2.30638719	2.41209662	2.68598012
2.2795745	2.38405481	2.65475444
2.27984381	2.38433656	2.65506825
2.27221487	2.376358	2.64618381
2.183382	2.2834535	2.54273031
2.26986325	2.37389844	2.64344469
1.53834163	1.608849	1.79152712
1.6878515	1.76521119	1.96564388
1.83070044	1.91460763	2.13200338
2.25171581	2.35491956	2.62231106
2.55750344	2.6747225	2.97842625
2.52152625	2.63709594	2.9365275
2.407774	2.51813025	2.80405362
2.06152625	2.15601294	2.40081944
1.80019256	1.88270125	2.09647431
1.64323638	1.71855137	1.91368594
1.45830756	1.5251465	1.69832069
1.51530019	1.58475137	1.76469344
1.53865544	1.60917706	1.79189244
1.51212431	1.58143006	1.76099487
1.45802825	1.52485456	1.6979955
1.46884544	1.53616756	1.71059319
1.51396669	1.58335687	1.7631405
1.50814219	1.57726531	1.75635731
1.15622817	1.20922206	1.34652419
1.173541	1.22732825	1.36668638
1.40512569	1.46952744	1.63638625
1.57613269	1.648372	1.835538
1.41777119	1.48275225	1.65111281
1.24255806	1.29950869	1.4470625
1.15904894	1.21217194	1.34980906
1.08431017	1.13400789	1.26276981
1.08691169	1.1367285	1.26579931
1.06257626	1.11127754	1.2374585
1.11130965	1.16224475	1.29421281
1.05649546	1.10491812	1.23037712
0.881617063	0.9220245	1.02671647
0.9171946	0.95923265	1.06814975
0.93105775	0.973731081	1.08429439
0.907078	0.94865245	1.05636799
0.826779131	0.864673138	0.9628532
0.848580056	0.887473287	0.988242325
0.810327831	0.847467837	0.943694344
