#?RADIANCE
genskyvec -m 1
NROWS=146
NCOLS=1
NCOMP=3
FORMAT=ascii

0.6883817	0.719932475	0.801677869
9.58555369	10.0248916	11.1631759
9.76354331	10.2110386	11.3704598
10.1888946	10.6558847	11.8658158
11.3885706	11.9105466	13.2629406
14.4116112	15.0721412	16.7835219
19.7385756	20.6432594	22.9872156
28.5687919	29.8781919	33.27074
49.7541619	52.0345575	57.9428694
324.841355548518	328.442043648518	337.771113048518
110.292792557875	112.715781357875	118.993529457875
35.0533138	36.6599231	40.8225075
20.6801056	21.6279444	24.0837075
14.6968006	15.3704044	17.1156506
12.0148845	12.5655661	13.9923344
10.3245951	10.7978054	12.0238526
9.98246906	10.4399993	11.6254177
9.03670363	9.45088494	10.5239957
9.34547156	9.77380525	10.8835818
9.20313938	9.62494925	10.7178235
8.98154838	9.39320162	10.4597614
9.32128313	9.7485085	10.8554119
8.82324094	9.22763931	10.2753999
8.917116	9.32581694	10.3847248
8.99538494	9.40767306	10.4758745
8.51771075	8.90810544	9.91958444
8.88353794	9.29069988	10.3456212
8.65858538	9.05543712	10.083645
9.14661431	9.56583388	10.6519949
8.95704306	9.36757406	10.4312228
9.31632737	9.74332544	10.8496409
8.71416606	9.11356531	10.1483737
8.59668663	8.99070175	10.0115586
9.60174894	10.0418279	11.1820371
10.5979025	11.0836403	12.3421419
13.2145543	13.82022	15.3894494
16.9086106	17.6835869	19.6914869
24.59194	25.7190725	28.6393662
38.711035	40.4852887	45.0822275
111.963394866228	114.415311166228	120.768009866228
36.0020169	37.6521094	41.9273525
26.2771531	27.4815212	30.6019363
18.080305	18.9089856	21.056025
13.9809819	14.6217775	16.2820194
11.0567674	11.5635359	12.8765275
9.64063419	10.0824952	11.2273231
8.86157913	9.26773494	10.3200481
9.0493795	9.46414237	10.5387568
8.25896569	8.63750144	9.61825394
8.17375025	8.54838006	9.51901331
7.89277294	8.25452506	9.19179269
7.91629806	8.27912831	9.21918956
8.02077669	8.38839525	9.34086331
7.64466538	7.99504556	8.90285006
8.05185437	8.42089731	9.3770555
8.19567319	8.57130788	9.54454512
8.29525681	8.67545569	9.66051819
8.05679325	8.42606275	9.3828075
8.22700256	8.60407331	9.5810305
8.18761212	8.56287738	9.53515725
8.45335356	8.8407985	9.84463556
6.20527312	6.48968138	7.226558
6.16805294	6.45075512	7.18321213
6.723031	7.03116969	7.82953013
8.57865	8.97183744	9.99055406
11.2819848	11.7990756	13.1388155
16.1975362	16.939925	18.8633819
21.1178856	22.0857894	24.5935394
21.3808244	22.3607788	24.8997531
14.9942006	15.6814363	17.4619981
11.0555918	11.5623044	12.8751583
8.58531538	8.9788085	9.99831569
7.22875581	7.56007337	8.41848875
6.50730912	6.80556081	7.57830431
6.04282262	6.319785	7.03737081
6.01303919	6.28863669	7.0026855
5.98571262	6.26005744	6.9708615
5.74374419	6.006999	6.68906919
6.03293394	6.30944338	7.02585487
5.79859231	6.064361	6.75294425
5.54185712	5.79585869	6.45395469
5.81356306	6.08001781	6.77037887
5.90647937	6.17719306	6.87858788
5.71119456	5.97295762	6.65116256
6.02133463	6.29731238	7.01234625
4.49501462	4.701036	5.2348195
4.73784956	4.95500075	5.51762081
5.01905338	5.24909331	5.84510631
5.680632	5.94099406	6.61556962
7.21541144	7.54611763	8.402948
8.37811362	8.7621105	9.75701256
9.62648037	10.0676933	11.2108397
10.0603863	10.5214864	11.7161584
8.17627187	8.55101844	9.52195094
6.91412437	7.23102169	8.05207456
5.71736844	5.9794145	6.6583525
4.88618838	5.11013838	5.6903735
4.71153038	4.92747531	5.48697019
4.59845	4.80921231	5.35527844
4.50851731	4.71515731	5.25054444
4.31754594	4.51543337	5.02814237
4.2691505	4.46481987	4.97178187
4.27332938	4.46919025	4.97664856
4.3528695	4.552376	5.06927944
4.32487338	4.52309638	5.03667544
4.36919975	4.5694545	5.08829744
4.44170706	4.64528531	5.1727385
4.38962756	4.590819	5.1120875
4.56077831	4.769814	5.31140688
3.51509506	3.67620331	4.09362125
3.7334025	3.90451662	4.34785856
3.97500713	4.15719488	4.62922731
4.70316256	4.91872413	5.47722506
5.37187069	5.61808138	6.25599131
5.46043844	5.71070862	6.35913606
5.21354606	5.45250019	6.07160906
4.48051137	4.68586812	5.21792944
4.00231787	4.18575737	4.66103294
3.72108813	3.891638	4.33351738
3.42698588	3.58405594	3.99101075
3.46584531	3.62469656	4.03626588
3.44614362	3.60409187	4.01332156
3.36538831	3.51963519	3.91927519
3.28861225	3.43934013	3.82986312
3.32392556	3.47627219	3.87098844
3.42369425	3.5806135	3.98717763
3.45533744	3.61370694	4.02402856
2.98882169	3.12580944	3.48073219
3.05282181	3.19274269	3.55526575
3.47100237	3.63009	4.04227187
3.82564056	4.00098225	4.4552775
3.56084719	3.72405244	4.14690331
3.20976581	3.35687994	3.73803981
3.03005012	3.16892744	3.52874612
2.88633706	3.01862725	3.36138019
2.84897119	2.979549	3.31786456
2.796921	2.92511306	3.25724744
2.867929	2.99937569	3.3399425
2.82346825	2.95287713	3.28816431
2.61687781	2.736818	3.0475725
2.71233225	2.83664744	3.158737
2.74826956	2.87423188	3.20058919
2.67768144	2.80040825	3.11838319
2.52106888	2.63661781	2.93599506
2.54120481	2.65767675	2.959445
2.52922331	2.64514594	2.9454915
