#?RADIANCE
genskyvec -m 1
NROWS=146
NCOLS=1
NCOMP=3
FORMAT=ascii

3.4699145	3.62895219	4.04100469
16.2357919	16.9799331	18.907935
15.748735	16.4705506	18.3407144
15.702545	16.4222444	18.2869237
15.8623713	16.589395	18.4730525
16.0807769	16.81781	18.7274038
15.9247062	16.6545887	18.5456488
16.0816581	16.8187344	18.7284331
15.7356188	16.4568363	18.32544
16.0671681	16.8035806	18.7115588
16.0099056	16.7436938	18.6448712
16.1109937	16.8494144	18.7625962
15.9439825	16.6747469	18.5680981
15.8159056	16.5408012	18.4189412
15.8024944	16.526775	18.4033219
16.3747925	17.1253019	19.0698106
18.0154419	18.8411481	20.9804819
19.5701362	20.4670987	22.7910537
24.509105	25.6324394	28.5428969
35.241695	36.8569381	41.0418931
50.4156406	52.7263544	58.7132163
84.8484256	88.7373056	98.8130713
558.849566202369	563.877537202369	576.90452920237
111.806621	116.931088	130.208149
73.7628506	77.1436437	85.9029862
43.2847019	45.2685837	50.4086481
30.51364	31.9121813	35.5356794
23.0510781	24.107585	26.8449031
19.6196963	20.5189313	22.8487731
17.3436331	18.1385519	20.19811
16.437715	17.1911087	19.1430888
13.1006856	13.7011338	15.2568419
12.2119694	12.771685	14.2218575
12.8807975	13.4711688	15.0007625
12.6722469	13.2530581	14.7578887
12.6938456	13.2756463	14.7830419
12.3188888	12.8835038	14.3463725
12.9911337	13.58656	15.12926
13.2659875	13.8740119	15.4493481
13.0060056	13.6021144	15.1465788
11.861375	12.4050231	13.8135606
12.2002312	12.7594056	14.2081856
12.1994381	12.7585794	14.2072631
12.8638919	13.4534863	14.981075
12.9562719	13.5501019	15.0886594
13.2614294	13.869245	15.44404
14.4758919	15.1393725	16.8583869
17.3572638	18.1528044	20.2139787
20.6511981	21.5977106	24.0500425
29.3651225	30.7110231	34.198135
42.6881956	44.6447356	49.7139644
69.66451	72.8574681	81.1301325
1258.52334790821	1263.99726690821	1278.17969190821
816.031205946767	820.790145946767	833.120137946767
64.1639019	67.1047444	74.7242138
40.0101438	41.8439419	46.5951506
28.1135675	29.4021044	32.7405944
19.7069425	20.61018	22.95038
16.2504125	16.9952206	18.9249606
14.1586144	14.8075494	16.4888881
13.4494856	14.06592	15.6630475
9.64354625	10.0855403	11.2307137
9.18619987	9.60723394	10.6980967
9.09809937	9.51509431	10.5954954
9.53473587	9.97174506	11.103995
9.52503662	9.96160019	11.0926986
9.57640237	10.0153216	11.1525201
9.55723288	9.99527212	11.130195
9.59767556	10.0375689	11.1772936
9.20519069	9.6270955	10.7202114
9.48214194	9.91674006	11.0427446
9.58415088	10.0234235	11.1615425
10.2875948	10.7591092	11.9807625
11.3546425	11.8750625	13.2234281
13.4064275	14.0208894	15.6129044
18.7647425	19.6247919	21.8531069
28.983895	30.3123231	33.7541644
47.4657088	49.6412194	55.2777769
70.8805181	74.129205	82.5462738
48.8092831	51.0463737	56.8424806
28.99123	30.3199931	33.7627031
19.6539888	20.5547969	22.8887087
14.4875206	15.1515306	16.8719244
11.2102656	11.7240694	13.0552894
10.3063352	10.7787091	12.0025875
7.9612285	8.326118	9.27151438
7.78247831	8.139175	9.06334525
7.55784394	7.90424481	8.80173931
7.60977912	7.95856019	8.86222244
7.72392263	8.07793569	8.99515238
7.68305994	8.03519975	8.947564
7.62163438	7.970959	8.87602888
7.71482944	8.06842575	8.98456231
7.651648	8.00234831	8.91098231
7.78434019	8.14112206	9.06551337
7.95853006	8.32329569	9.26837188
8.29398	8.67412038	9.65903144
9.09097663	9.5076465	10.5871997
11.1352757	11.6456431	12.9679581
14.3969844	15.0568475	16.7664881
18.2355794	19.0713769	21.236855
25.023605	26.1705194	29.142075
29.4194806	30.7678731	34.2614381
27.5288744	28.7906119	32.0596675
20.4908113	21.4299731	23.8632581
15.0997069	15.7917775	17.5848675
11.3940759	11.9163037	13.2693519
9.49494962	9.93013363	11.0576612
8.70926856	9.10844319	10.14267
7.16583844	7.4942725	8.34521631
6.86172869	7.1762245	7.99105531
6.68246662	6.98874631	7.78228981
6.72608225	7.03436088	7.83308381
6.73544625	7.044154	7.843989
6.70450662	7.01179619	7.80795694
6.79377181	7.10515275	7.91191369
7.02087031	7.34266006	8.17638919
7.33435644	7.67051406	8.54146962
8.2285795	8.60572263	9.58286656
9.29933456	9.72555344	10.8298511
12.1385826	12.6949338	14.1363925
15.4188913	16.12559	17.9565856
16.2696731	17.0153675	18.9473906
13.825105	14.4587537	16.1004881
10.9413831	11.4428621	12.7421519
9.02308637	9.43664425	10.5081366
7.77701825	8.13346469	9.05698625
6.70254969	7.00974962	7.80567819
6.33206944	6.622289	7.37422287
6.25444038	6.54110194	7.28381744
6.29014962	6.57844813	7.32540381
6.34738919	6.638311	7.392064
6.70446831	7.01175638	7.80791262
7.44593131	7.78720319	8.67140825
8.51716369	8.90753356	9.91894687
10.3263317	10.7996216	12.0258738
10.1784777	10.6449903	11.8536857
8.87344869	9.28014787	10.3338712
7.34717406	7.68391944	8.55639713
6.56682844	6.86780787	7.64761944
6.23742362	6.52330519	7.26399987
6.3234875	6.61331375	7.36422838
6.8308995	7.14398206	7.95515194
7.46838944	7.81069031	8.69756219
7.39857819	7.73767931	8.61626125
6.59122613	6.89332394	7.67603262
