#?RADIANCE
genskyvec -m 1
NROWS=146
NCOLS=1
NCOMP=3
FORMAT=ascii

20.5542969	21.4963688	23.9371925
28.7184594	30.0347206	33.4450412
30.746205	32.1554038	35.8065188
32.2786681	33.7581075	37.5912012
33.2124887	34.7347262	38.6787137
31.95918	33.4239725	37.2191306
31.5173681	32.9619125	36.7046025
30.9070594	32.3236325	35.9938481
28.6305437	29.942775	33.342655
26.6106431	27.8302975	30.9903119
29.1759819	30.5132137	33.9778638
26.6893375	27.9125994	31.0819606
28.4589425	29.7633094	33.1428125
29.2906256	30.6331119	34.1113769
30.465425	31.8617569	35.4795288
34.4781394	36.0583862	40.1526688
39.2919994	41.0928812	45.7588075
44.5710694	46.6139081	51.9067275
51.3644844	53.7186863	59.818225
58.2496156	60.9193887	67.836535
59.3755681	62.0969481	69.1478037
57.3271219	59.9546137	66.7622163
50.0684369	52.3632394	58.3088706
43.4447169	45.435935	50.5949994
38.3707081	40.1293644	44.6858881
33.37578	34.9055019	38.86888
30.7220069	32.1300981	35.7783381
29.2933925	30.6360038	34.1145962
27.3450269	28.59834	31.8455669
27.3626888	28.6168113	31.8661338
27.6231087	28.8891688	32.1694156
18.4266337	19.2711875	21.4593513
17.4539669	18.25394	20.3265994
19.5183162	20.4129044	22.7307081
19.2599044	20.1426506	22.429765
19.2871975	20.1711956	22.4615525
18.158005	18.9902462	21.1465112
19.2748513	20.1582825	22.4471713
19.32596	20.2117319	22.5066912
18.3003363	19.1391019	21.3122688
16.1830944	16.9248194	18.8465619
17.1003538	17.88412	19.9147881
17.8697062	18.6887338	20.8107619
20.2638381	21.1925969	23.5989288
22.6298794	23.6670812	26.35438
25.7070619	26.8853025	29.9380194
31.7893137	33.2463231	37.0213062
39.6596162	41.4773469	46.1869306
49.3821719	51.64552	57.5096563
59.209025	61.9227712	68.9538475
62.2475144	65.1005225	72.4924206
57.0857044	59.7021287	66.4810613
46.6255825	48.7625869	54.2993794
36.2353088	37.8960925	42.1990375
30.004985	31.3802119	34.9433069
25.2797894	26.4384469	29.4404244
22.4867194	23.5173606	26.1876612
19.3899769	20.2786837	22.581245
18.4571006	19.3030494	21.4948313
17.5264931	18.32979	20.4110625
17.7952031	18.6108162	20.7239987
12.3972362	12.9654425	14.4376169
11.9746825	12.5235206	13.945515
12.0668806	12.6199463	14.0528894
12.9088625	13.5005181	15.0334456
12.78245	13.3683113	14.8862288
12.6983881	13.2803963	14.7883319
12.6081419	13.1860156	14.6832325
12.8579969	13.4473225	14.97421
12.9135656	13.5054375	15.0389244
14.6272413	15.2976556	17.0346425
16.7771244	17.5460756	19.53836
21.9364313	22.9418512	25.5468037
30.0627419	31.4406187	35.0105706
43.543285	45.5390163	50.7097875
64.1223275	67.0612637	74.6757975
77.116195	80.6506875	89.8082413
63.0021069	65.8897013	73.3712069
44.6697831	46.7171456	52.0216869
29.424315	30.7729281	34.2670694
21.9723231	22.9793863	25.5886006
17.51157	18.3141819	20.3936831
15.0038788	15.6915575	17.4732675
13.0482913	13.6463369	15.1958225
12.666815	13.2473775	14.7515644
10.183036	10.6497594	11.8589937
10.0128441	10.4717666	11.6607919
9.78019975	10.2284589	11.38986
9.85727969	10.3090718	11.4796244
10.0399747	10.5001418	11.6923887
10.0263704	10.4859124	11.676545
10.1917601	10.6588837	11.8691562
10.7923994	11.28705	12.5686494
11.7030219	12.2394094	13.6291456
13.2382187	13.8449681	15.4170087
16.116835	16.8555225	18.7693975
21.332515	22.310255	24.8434931
28.3553919	29.6550137	33.0222188
47.4524387	49.6273394	55.2623225
79.579095	83.2264706	92.6764962
4812.98736115957	4818.30112715957	4832.06858115957
2219.53205445553	2223.42788255553	2233.52165255553
50.562005	52.87943	58.8836719
30.7927219	32.2040544	35.8606925
21.3156706	22.2926375	24.823875
16.4199681	17.1725481	19.1224206
13.37202	13.9849044	15.5728337
11.7111625	12.2479237	13.638625
10.9047356	11.4045362	12.6994744
9.78802219	10.2366399	11.3989687
9.245003	9.66873194	10.7665775
9.03145375	9.44539525	10.5178813
9.09071056	9.50736806	10.5868906
9.34900531	9.77750094	10.8876969
10.1462929	10.6113312	11.8162037
11.3729906	11.8942519	13.244795
14.4857331	15.1496619	16.8698444
18.8232488	19.6859806	21.9212438
29.48176	30.8330069	34.3339681
45.1076525	47.1750856	52.5316231
2640.25817721445	2643.99197101445	2653.66591911445
77.5955094	81.1519644	90.3664281
38.2695506	40.0235694	44.5680831
23.7212519	24.808475	27.6253762
16.2181069	16.961435	18.8873388
12.5380419	13.1127013	14.6015944
10.7316188	11.2234844	12.4978644
10.0963631	10.5591131	11.7580562
9.60554156	10.0457954	11.1864544
9.48066794	9.915199	11.0410288
10.1232994	10.5872823	11.7894256
11.9905688	12.5401362	13.9640163
16.7928631	17.5625344	19.5566887
25.4716731	26.6391256	29.6638881
35.9931694	37.6428556	41.9170469
40.5802694	42.4401975	47.2591088
25.5377744	26.7082531	29.7408694
15.6856	16.4045238	18.2671894
12.0617744	12.6146063	14.0469431
12.0090462	12.55946	13.9855344
11.5392769	12.06816	13.4384506
13.493085	14.1115169	15.7138231
18.6164463	19.4696994	21.6804031
20.0280537	20.9460044	23.3243394
15.9618781	16.6934631	18.5889363
14.5174981	15.1828825	16.9068375
