#?RADIANCE
genskyvec -m 1
NROWS=146
NCOLS=1
NCOMP=3
FORMAT=ascii

14.7910569	15.4689806	17.2254194
26.3968669	27.6067238	30.7413525
28.4542931	29.7584475	33.1373963
30.2794144	31.6672219	35.2629012
31.79646	33.2537937	37.0296275
31.4865519	32.9296844	36.6687162
31.5916312	33.03958	36.7910875
31.2879412	32.7219706	36.4374156
29.0952313	30.4287619	33.8838225
27.1608156	28.405685	31.6310331
28.8691813	30.1923506	33.6205675
25.8909362	27.0776038	30.152155
26.479275	27.6929069	30.8373256
26.1677525	27.3671081	30.4745319
26.3589306	27.5670469	30.6971725
29.3127219	30.6562187	34.1371069
33.2237012	34.7464512	38.69177
38.8233431	40.602745	45.2130188
47.1542669	49.3155031	54.9150769
61.0925681	63.8926419	71.1473912
69.9118769	73.1161681	81.4182087
76.4561294	79.9603669	89.03954
67.0665987	70.1404831	78.1046475
57.3406419	59.9687531	66.77796
47.1160012	49.2754844	54.8705144
37.3498731	39.0617412	43.4970419
32.39552	33.8803125	37.7272825
29.1222013	30.4569675	33.9152325
26.3021963	27.5077125	30.6311006
25.4630637	26.6301187	29.65386
25.4099106	26.5745319	29.5919613
17.3668475	18.1628275	20.2251431
16.5802438	17.34017	19.3090763
18.7613487	19.6212437	21.8491563
18.8744031	19.7394812	21.9808163
19.2934569	20.17774	22.4688394
18.3994162	19.2427237	21.4276563
19.7117644	20.6152187	22.9559913
19.7923463	20.6994925	23.0498356
18.4697325	19.3162619	21.5095419
15.7475462	16.4693069	18.3393306
16.0824938	16.8196062	18.7294031
16.0679181	16.8043631	18.7124313
17.5247544	18.3279725	20.4090381
18.6914756	19.5481681	21.7677825
20.5190088	21.4594613	23.8960962
24.8469375	25.9857538	28.9363319
31.9528144	33.417315	37.2117163
41.4211894	43.3196581	48.2384275
58.5816725	61.2666644	68.2232438
76.1152812	79.6038969	88.6425931
84.3314844	88.1966763	98.2110475
71.3927969	74.6649656	83.142865
52.2429625	54.63743	60.841285
38.7448387	40.520645	45.1215962
29.8938556	31.2639894	34.8138869
24.8942981	26.0352881	28.9914875
20.1982131	21.1239637	23.5225044
18.3476181	19.18855	21.3673312
16.9004475	17.67505	19.6819806
16.86132	17.6341287	19.6364113
11.7280894	12.2656263	13.6583381
11.3553081	11.8757606	13.224205
11.5807044	12.1114844	13.486695
12.6400456	13.2193794	14.7203863
12.6533375	13.2332831	14.7358675
12.5733531	13.1496325	14.6427194
12.2759419	12.8385887	14.2963569
12.0938387	12.6481406	14.0842856
11.5044844	12.0317725	13.3979306
12.2806	12.8434606	14.3017831
13.2672369	13.8753169	15.4508038
16.2404944	16.9848488	18.9134106
21.0055056	21.9682581	24.4626631
29.623295	30.9810294	34.4987969
48.7120875	50.9447219	56.7292875
82.0213412	85.7806456	95.52069
2065.28403130445	2070.23296630445	2083.05517330445
71.8281925	75.1203163	83.6499219
39.865645	41.6928175	46.4268663
26.2937675	27.4988975	30.621285
19.1535906	20.0314637	22.3059538
15.4334631	16.1408306	17.9735556
12.7738563	13.359325	14.8762219
12.0982756	12.6527775	14.0894494
9.49475931	9.92993587	11.0574406
9.34236319	9.77055437	10.8799606
9.15706131	9.57675994	10.6641613
9.2956475	9.72169713	10.8255556
9.50915638	9.94499225	11.0742056
9.4171415	9.84875931	10.9670456
9.28672837	9.71236875	10.8151687
9.48984562	9.92479669	11.0517156
9.69076487	10.1349241	11.285705
10.3881299	10.8642519	12.0978438
11.7511169	12.2897106	13.6851563
14.1890488	14.83938	16.5243306
17.7334937	18.5462787	20.6521313
27.3436356	28.5968837	31.8439425
44.6482038	46.6945781	51.9965537
1813.80435218611	1817.04091528611	1825.42656338611
3920.88231942982	3925.51430142982	3937.51534042982
67.1426412	70.22001	78.1932075
38.0509562	39.7949544	44.3135106
24.0581494	25.1608125	28.0177194
17.2910631	18.08357	20.136885
13.3151094	13.9253838	15.5065556
11.2617375	11.7779012	13.1152319
10.3131169	10.7858013	12.0104844
8.85340069	9.25918112	10.3105227
8.335941	8.71800469	9.70789844
8.09037975	8.46118881	9.42192188
8.12986894	8.50248762	9.46791056
8.197185	8.57288912	9.54630569
8.40745112	8.79279231	9.791178
8.9360185	9.34558544	10.4067391
10.3756992	10.8512505	12.083365
12.3564675	12.9228037	14.3901369
17.075785	17.858425	19.8861769
23.4919462	24.5686619	27.35833
39.2454656	41.0442162	45.7046175
52.47893	54.8842144	61.1160919
36.2639237	37.92602	42.2323631
23.0473681	24.103705	26.8405831
15.4664894	16.1753694	18.0120163
11.7407794	12.2788994	13.6731181
9.81961725	10.2696831	11.4357625
8.73792631	9.13841438	10.1760434
8.13831744	8.51132325	9.47774887
7.92848806	8.29187669	9.23338556
8.154677	8.52843281	9.49680162
8.954244	9.36464619	10.4279639
11.157743	11.6691388	12.9941219
15.0382463	15.7275	17.5132919
20.2280356	21.1551531	23.5572338
26.1632981	27.36245	30.4693438
20.2880319	21.2179013	23.6271056
13.7006287	14.328575	15.9555256
10.3713797	10.8467336	12.0783362
9.60241725	10.0425278	11.1828149
8.95325925	9.36361656	10.4268174
9.76717119	10.2148326	11.374685
12.2818875	12.8448062	14.3032825
13.9997862	14.6414431	16.3039194
12.3470269	12.9129319	14.3791425
10.6578912	11.1463788	12.4120044
