#?RADIANCE
genskyvec -m 1
NROWS=146
NCOLS=1
NCOMP=3
FORMAT=ascii

6.25120856	6.53772219	7.28005356
22.0027038	23.01116	25.6239844
21.8161881	22.8160963	25.4067719
22.6470606	23.6850519	26.3743919
24.7409269	25.8748862	28.8128713
29.1018506	30.4356837	33.8915312
36.5102287	38.1836131	42.5192069
47.38321	49.5549381	55.1816994
69.6494281	72.8416919	81.1125738
100.404484	105.006362	116.929396
106.624554	111.511506	124.173192
107.967852	112.916379	125.737568
72.4798469	75.8018356	84.4088213
50.5691838	52.886935	58.8920319
37.8125994	39.545675	44.035925
29.7271406	31.0896338	34.6197356
25.56492	26.7366438	29.7724813
22.9885344	24.0421762	26.7720681
21.9478431	22.9537863	25.5600937
21.6292162	22.6205531	25.1890231
22.7883756	23.8328431	26.5389637
23.80577	24.8968681	27.7238063
24.4458194	25.5662519	28.4691956
24.8039644	25.9408119	28.8862856
26.4026969	27.6128194	30.7481419
26.0221475	27.2148281	30.3049619
26.6496019	27.8710419	31.0356838
25.6003187	26.7736656	29.8137044
24.6042588	25.7319537	28.6537125
23.1346687	24.1950088	26.9422513
22.1869869	23.2038894	25.8385975
16.1713019	16.912485	18.8328288
15.2911263	15.9919694	17.8077919
17.4413137	18.2407056	20.3118631
19.0659825	19.9398387	22.203925
23.6102144	24.6923494	27.4960656
29.5446306	30.8987569	34.4071844
41.4819725	43.3832281	48.3092156
63.8894238	66.8176862	74.4045613
104.598406	109.392497	121.813577
1823.43916397207	1830.20860697207	1847.74760697207
113.501796	118.703939	132.182301
70.3650169	73.5900775	81.9459294
47.403365	49.5760181	55.2051706
32.2249425	33.70192	37.5286344
24.3535244	25.4697275	28.36171
19.4515588	20.3430875	22.6529619
18.7306125	19.5890988	21.81336
15.8894494	16.6177138	18.50459
15.5600725	16.2732431	18.1210031
15.07585	15.7668256	17.5570838
15.8037912	16.52813	18.4048325
16.909655	17.68468	19.6927044
16.3422663	17.091285	19.0319306
18.3922213	19.2351987	21.4192775
18.9257513	19.7931812	22.0406156
19.1184219	19.9946819	22.2649962
17.5991631	18.4057906	20.4956925
17.3721113	18.1683319	20.2312731
16.2821694	17.0284337	18.9619438
16.1716906	16.9128931	18.8332819
10.4733746	10.9534026	12.1971162
10.4102732	10.8874107	12.1236319
11.6757962	12.2109356	13.5974381
15.5173388	16.2285481	18.0712356
21.5031125	22.4886719	25.0421688
34.3757581	35.9513125	40.0334363
59.5396319	62.2685306	69.3388675
1641.61215804747	1646.54704304747	1659.33285604747
1059.96249668277	1063.61694168277	1073.08527858277
45.4334175	47.5157788	52.9110044
28.2067388	29.4995463	32.8490994
18.4310606	19.2758181	21.4645069
13.8530069	14.4879356	16.13298
11.4367346	11.9609181	13.3190331
10.6822411	11.1718429	12.4403606
10.5476274	11.0310611	12.2835919
10.3350234	10.8087116	12.0359962
11.3625613	11.8833451	13.2326506
11.1916019	11.7045486	13.0335512
10.6618564	11.1505237	12.4166219
11.2511459	11.7668231	13.1028969
11.1442726	11.6550521	12.9784344
10.1809074	10.6475325	11.8565169
10.4602383	10.9396663	12.1818213
7.55670812	7.90305725	8.80041694
8.14054831	8.51365656	9.48034756
9.14820425	9.56749681	10.6538467
10.9824268	11.4857869	12.78995
15.706385	16.4262606	18.291395
20.6673487	21.6146012	24.0688512
32.0430175	33.5116556	37.3167656
42.9814775	44.95146	50.0555175
36.6154487	38.2936562	42.6417444
26.8485256	28.0790813	31.2673456
17.9325794	18.7544881	20.8839825
12.4475906	13.0181038	14.4962587
10.4154725	10.8928491	12.1296863
8.79505175	9.19815812	10.2425708
8.001959	8.36871531	9.31894844
7.46101075	7.80297362	8.6889695
7.35666088	7.69384112	8.56744531
7.46373256	7.80582019	8.69213913
7.76498781	8.120883	9.04297606
7.75700706	8.11253656	9.03368156
7.80319562	8.16084175	9.08747194
7.78395881	8.14072356	9.06506881
7.499077	7.84278469	8.73330075
7.66599525	8.017353	8.92769031
6.09474381	6.37408619	7.09783762
6.83436687	7.14760825	7.95919019
8.02155213	8.38920631	9.34176575
10.8994407	11.3989982	12.6933075
14.88834	15.5707212	17.3387125
18.9257569	19.793185	22.0406212
19.1234569	19.9999481	22.2708606
14.22664	14.8786944	16.56811
10.7254067	11.2169868	12.4906288
8.20181481	8.57773131	9.55169713
6.71840062	7.02632713	7.82413781
6.21994631	6.50502719	7.24364631
5.95872163	6.23182938	6.93942812
5.80057088	6.06643019	6.7552485
5.6780765	5.93832137	6.61259337
5.71398187	5.97587263	6.65440844
5.83994837	6.10761263	6.80110694
5.87360237	6.14280888	6.84029975
5.483611	5.73494288	6.38612212
6.19150344	6.47528063	7.21052206
8.23374681	8.61112669	9.58888494
10.8637605	11.361683	12.6517563
10.4153366	10.8927064	12.1295283
8.32306587	8.70454006	9.69290325
6.68542525	6.99184037	7.78573519
5.64853244	5.90742338	6.578187
5.12531725	5.36022725	5.96885919
4.9272075	5.15303794	5.73814425
4.98549744	5.21399938	5.80602756
5.00235781	5.23163244	5.82566262
5.14775256	5.38369106	5.99498719
5.98145444	6.25560437	6.96590244
6.49306625	6.79066488	7.56171719
5.91396813	6.18502475	6.88730906
4.90146112	5.12611137	5.70816013
4.74669675	4.96425381	5.52792444
5.27550531	5.51729937	6.14376581
