#?RADIANCE
genskyvec -m 1
NROWS=146
NCOLS=1
NCOMP=3
FORMAT=ascii

5.82696569	6.09403475	6.78598725
21.6311806	22.62261	25.191315
21.4668306	22.4507269	24.9999119
22.3340669	23.3577119	26.009885
24.5111019	25.6345275	28.5452219
29.0756825	30.4083175	33.8610575
36.8164919	38.5039144	42.8758731
48.2209731	50.4310988	56.1573438
71.8710013	75.1650869	83.6997744
104.659792	109.456704	121.885059
109.853529	114.888477	127.933606
108.855795	113.845029	126.771653
71.4942244	74.7710387	83.2609863
49.4246206	51.6899138	57.5590931
36.861585	38.5510731	42.9283894
28.9710925	30.298935	33.7392531
24.96791	26.1122725	29.0772131
22.4531919	23.482295	26.1486131
21.5335813	22.5205369	25.0776506
21.3029781	22.2793644	24.8090938
22.4701888	23.50007	26.1684056
23.5719325	24.6523138	27.45148
24.2017625	25.3110075	28.1849688
24.6026212	25.7302412	28.6518044
26.171385	27.3709062	30.4787606
25.7342287	26.913715	29.9696575
26.328195	27.5349031	30.6613787
25.22923	26.3855694	29.3815431
24.2458625	25.3571294	28.2363269
22.7512056	23.7939675	26.4956775
21.8143044	22.8141256	25.4045756
16.0456712	16.7810981	18.6865219
15.2124675	15.9097062	17.7161881
17.36919	18.1652775	20.2278706
19.0757756	19.9500825	22.2153319
23.7791238	24.8689994	27.6927731
29.9685525	31.3421106	34.9008781
42.3664944	44.3082906	49.3393156
65.9220681	68.9434944	76.7717469
109.444071	114.460252	127.456746
1955.1566880259	1962.1817820259	1980.3832130259
111.907542	117.036646	130.325664
68.5073531	71.6472731	79.7825269
46.1147137	48.2283019	53.7044294
31.4098031	32.8494175	36.579335
23.80954	24.9008081	27.7281919
19.0944313	19.9695887	22.2370544
18.4278375	19.2724469	21.4607525
15.7087269	16.4287106	18.2941231
15.4406244	16.1483181	17.981895
15.0142056	15.7023562	17.485295
15.7732763	16.4962169	18.369295
16.9012563	17.6758956	19.6829225
16.3654694	17.1155512	19.0589537
18.3904525	19.2333475	21.4172138
18.9070069	19.7735787	22.018785
19.0726719	19.9468369	22.2117162
17.5433519	18.3474219	20.4306956
17.27956	18.0715406	20.1234881
16.1797719	16.921345	18.8426944
16.0508231	16.7864844	18.6925219
10.4812256	10.9616147	12.2062606
10.4368774	10.915234	12.1546156
11.7340744	12.2718863	13.6653081
15.6472744	16.36444	18.222555
21.7905081	22.78924	25.3768644
34.9752219	36.5782512	40.7315619
60.4557244	63.2266094	70.4057369
1449.95573768866	1454.82416968866	1467.43788668866
911.552371879819	915.018849979819	924.000201879819
43.6478744	45.6484	50.8315887
27.3399869	28.5930681	31.839695
18.0293794	18.855725	20.996715
13.6456531	14.2710781	15.8915006
11.3325815	11.8519919	13.1977369
10.6379609	11.1255315	12.3887906
10.5483649	11.0318329	12.2844506
10.381103	10.8569023	12.08966
11.4242139	11.9478228	13.3044494
11.270378	11.7869352	13.1252931
10.7429962	11.2353836	12.511115
11.3136227	11.8321637	13.1756562
11.1873326	11.7000843	13.0285819
10.2112299	10.6792442	11.8918294
10.4686486	10.9484602	12.191615
7.61710094	7.96621769	8.87074931
8.20619044	8.58230725	9.55679325
9.23692406	9.66028237	10.7571689
11.0964069	11.6049904	12.9226912
15.8664356	16.5936475	18.4777881
20.8300069	21.784715	24.25828
31.840505	33.29986	37.0809238
41.7954275	43.7110512	48.6742612
35.0878263	36.6960181	40.8627013
25.8701681	27.0558856	30.1279688
17.4537287	18.25369	20.3263212
12.2372887	12.7981625	14.2513425
10.2994196	10.7714768	11.9945344
8.75450081	9.15574844	10.1953449
8.00672994	8.37370475	9.32450438
7.49877544	7.84246919	8.73294906
7.42172612	7.76188838	8.64321881
7.5468655	7.89276337	8.78895475
7.859157	8.21936825	9.15264344
7.85317481	8.21311188	9.14567694
7.89333731	8.255115	9.19244981
7.86117575	8.22147931	9.15499431
7.5670375	7.91385975	8.81244625
7.72357475	8.07757169	8.99474656
6.17827756	6.46144831	7.19511931
6.92300256	7.24030675	8.06241369
8.1193255	8.49146075	9.45563069
10.9925279	11.4963514	12.8017163
14.8996862	15.5825888	17.3519269
18.627015	19.4807537	21.6927113
18.6482531	19.5029644	21.7174456
13.9200312	14.5580331	16.2110375
10.577473	11.0622744	12.3183506
8.1608475	8.53488625	9.50398769
6.73595731	7.04468844	7.844584
6.26704725	6.55428663	7.29849919
6.0303755	6.3067675	7.02287494
5.89148181	6.16150775	6.86112181
5.77546506	6.04017356	6.72601063
5.81054213	6.07685856	6.76686069
5.93014737	6.20194569	6.90615106
5.95778419	6.23084925	6.93833675
5.57616131	5.83173525	6.49390519
6.284319	6.57235	7.31861338
8.30728519	8.68803538	9.67452625
10.8420902	11.3390203	12.6265191
10.3440708	10.8181742	12.0465345
8.28902231	8.66893538	9.65325806
6.70295394	7.01017225	7.806149
5.7016765	5.96300306	6.64007781
5.20355256	5.44204862	6.05997087
5.01914856	5.24919288	5.84521737
5.0817405	5.31465344	5.91811038
5.09652325	5.33011381	5.93532638
5.24013419	5.48030688	6.10257325
6.06136625	6.33917869	7.05896638
6.54614844	6.84618006	7.62353575
5.967497	6.241007	6.94964775
4.98445225	5.21290625	5.80481044
4.83886275	5.06064394	5.63525919
5.35718831	5.60272581	6.23889256
