#?RADIANCE
genskyvec -m 1
NROWS=146
NCOLS=1
NCOMP=3
FORMAT=ascii

21.0668381	22.0324012	24.53409
27.7180737	28.9884856	32.2800081
26.1216381	27.31888	30.420825
25.6684694	26.84494	29.8930744
25.2567869	26.4143888	29.4136337
24.4597287	25.5807994	28.485395
26.4515219	27.6638831	30.805005
28.7173556	30.0335662	33.4437563
31.7747131	33.2310525	37.0043031
34.7745956	36.36843	40.4979181
42.5606494	44.5113456	49.5654256
45.1127206	47.1803869	52.5375263
47.9684419	50.1669944	55.8632525
45.6606494	47.7534275	53.1756337
41.1505813	43.0366475	47.9232812
37.4267394	39.1421294	43.58656
32.4448981	33.931955	37.7847894
30.8622831	32.2768037	35.941705
26.3956144	27.6054119	30.7398931
24.0959356	25.2003312	28.0617269
25.3155194	26.4758131	29.4820344
23.9429175	25.0403019	27.8835263
26.3893038	27.5988144	30.7325462
26.3423606	27.5497188	30.6778781
29.8428894	31.2106881	34.7545344
33.2308381	34.7539175	38.7000825
34.776295	36.3702075	40.4998962
36.023035	37.6740894	41.9518269
32.832375	34.3371919	38.2360381
31.9555412	33.4201688	37.2148919
29.1251	30.4600006	33.9186075
15.6231537	16.3392156	18.1944638
13.7050181	14.3331656	15.9606381
14.7960287	15.47418	17.23121
14.6259181	15.2962725	17.0331012
15.9085913	16.6377356	18.5268819
17.1281312	17.9131706	19.9471369
20.1887619	21.11408	23.5114969
23.9508425	25.04859	27.8927544
28.6178725	29.9295244	33.3279006
33.5010406	35.036505	39.0147562
41.0054894	42.8849062	47.7543138
44.7924775	46.8454644	52.1645744
41.3979813	43.2953881	48.2114013
34.89245	36.4916869	40.6351681
28.6316619	29.9439469	33.3439594
23.2579344	24.3239244	27.0858056
21.4511	22.4342744	24.9815963
17.4084669	18.2063563	20.2736138
15.5464344	16.2589794	18.1051175
14.0247644	14.6675656	16.3330069
13.8736731	14.5095475	16.1570469
14.4170431	15.0778238	16.7898487
13.9961806	14.6376719	16.29972
16.4574562	17.211755	19.16608
17.6251094	18.4329263	20.52591
18.5895862	19.44161	21.649125
17.5659981	18.3711075	20.45707
17.8385075	18.6561069	20.7744306
16.6107788	17.3721056	19.3446375
16.2173744	16.9606694	18.8864838
9.88374025	10.3367442	11.5104394
9.59278812	10.0324572	11.1716019
10.1349245	10.5994419	11.802965
11.8498556	12.3929763	13.8001469
13.8974569	14.5344225	16.1847475
17.2150156	18.0040369	20.0483225
22.5794512	23.6143425	26.2956519
33.2270362	34.7499419	38.695655
50.3993187	52.709285	58.69421
60.5601962	63.3358719	70.5274006
46.0924469	48.2050169	53.6785006
27.6162644	28.8820069	32.1614413
19.6708456	20.5724287	22.9083425
15.45543	16.1638031	17.9991369
12.8525819	13.4416575	14.9679019
11.2718137	11.7884381	13.1269675
10.0336051	10.4934781	11.6849688
10.2372842	10.7064943	11.9221738
10.0673127	10.528732	11.7242269
9.86142569	10.3134074	11.4844525
10.6263128	11.1133517	12.3752281
10.7807061	11.2748204	12.5550306
10.0326939	10.4925249	11.6839088
10.2403286	10.7096768	11.9257163
7.96777031	8.33295969	9.27913313
8.391561	8.77617381	9.77267219
9.17480056	9.595312	10.6848192
10.268817	10.7394706	11.9588944
12.6999962	13.2820769	14.7902037
15.0518619	15.7417394	17.52915
22.0782106	23.0901269	25.7119175
37.9758687	39.7164275	44.2260644
2578.8831343167	2582.5743737167	2592.1380549167
5407.39612019806	5412.48199319806	5425.65905019806
56.1217794	58.694025	65.3584906
28.1455869	29.4355925	32.777885
19.5847069	20.4823394	22.8080263
14.1421281	14.7903075	16.4696862
11.550685	12.0800912	13.4517381
9.98591975	10.4436075	11.6294362
8.8405725	9.24576506	10.2955843
8.23500169	8.61243875	9.59034669
8.01611575	8.38352088	9.33543544
7.90555813	8.26789613	9.20668175
7.96465075	8.32969719	9.27550012
8.03740606	8.40578712	9.36022956
7.88374206	8.24508012	9.18127481
7.98596431	8.35198719	9.30032162
7.49492606	7.83844319	8.72846638
8.28469519	8.66441019	9.64821863
9.584675	10.0239722	11.1621531
11.9272631	12.4739275	13.8902937
15.8935775	16.6220344	18.5093988
29.2068825	30.5455294	34.0138513
53.8475887	56.315605	62.7100119
2270.6143778177	2273.2674253177	2280.1412446177
31.9443037	33.4084175	37.201805
17.8460056	18.6639456	20.7831612
12.8855537	13.4761406	15.0063025
10.2731265	10.7439783	11.9639125
8.65601687	9.05275044	10.0806535
7.63117262	7.98093462	8.88713719
7.20866619	7.53906313	8.39509294
7.00884856	7.33008731	8.16238881
7.02581162	7.34782769	8.18214344
7.15123125	7.47899588	8.32820525
7.87600581	8.23698906	9.1722655
9.22465306	9.6474495	10.7428776
11.9852281	12.5345513	13.9577981
18.4076856	19.25137	21.437285
24.8220119	25.9596863	28.9073044
22.8657769	23.9137925	26.6291063
15.3871725	16.0924175	17.919645
11.3028511	11.8208981	13.1631113
8.84809387	9.25363125	10.3043429
7.75260594	8.10793331	9.02855606
7.14650869	7.47405669	8.32270531
7.37134438	7.70919737	8.58454525
8.85457487	9.26040925	10.3118898
10.9549784	11.4570825	12.7579863
13.741935	14.3717731	16.00363
13.1138181	13.7148669	15.2721338
9.48664375	9.92144669	11.0479889
8.33825556	8.72042556	9.71059369
10.3399163	10.8138286	12.0416956
