#?RADIANCE
genskyvec -m 1
NROWS=146
NCOLS=1
NCOMP=3
FORMAT=ascii

5.57605188	5.83162081	6.49377719
18.1783187	19.01149	21.1701675
17.6941081	18.5050869	20.6062631
17.6181531	18.4256525	20.51781
17.7706831	18.5851731	20.6954437
18.0035131	18.8286744	20.9665931
17.8119337	18.6283137	20.7434819
17.9751019	18.79896	20.9335062
17.6259106	18.4337656	20.5268431
17.9877331	18.81217	20.9482156
17.8494506	18.6675494	20.7871738
18.0482381	18.8754494	21.0186794
17.8704031	18.6894619	20.8115756
17.8496994	18.6678088	20.7874638
18.0065288	18.8318281	20.9701037
18.78955	19.6507363	21.881995
21.0105444	21.973525	24.46853
22.9458131	23.9974975	26.7223125
29.4736606	30.8245375	34.3245369
42.8850706	44.8506344	49.9432406
58.8478444	61.5450369	68.5332231
92.9894481	97.251465	108.293976
101.187994	105.825771	117.841858
95.3734294	99.7447063	111.070306
65.8007044	68.81657	76.6304062
41.203265	43.0917475	47.9846394
30.7062669	32.1136375	35.7600087
24.1786794	25.2868675	28.1580887
21.2833294	22.2588162	24.7862138
19.1497231	20.0274175	22.3014475
18.3527188	19.1938856	21.3732719
15.0174931	15.7057956	17.4891256
14.0614956	14.70598	16.3757844
14.7712838	15.4483006	17.2023913
14.5381231	15.2044531	16.9308563
14.53604	15.2022731	16.9284287
14.1138625	14.7607456	16.4367688
14.8258969	15.5054175	17.2659919
15.1163044	15.8091338	17.6041944
14.8419319	15.5221856	17.2846694
13.6263756	14.2509169	15.86905
14.027335	14.6702531	16.3360006
14.0869706	14.7326238	16.4054513
14.9056537	15.5888281	17.358875
15.1638231	15.8588312	17.6595363
15.7466844	16.4684069	18.3383275
17.5911294	18.3973894	20.4863362
21.4279763	22.4100894	24.9546644
26.58948	27.8081644	30.9656663
39.0888381	40.8804088	45.5222119
58.5558306	61.2396375	68.1931481
95.1930631	99.55608	110.860269
1904.58071078157	1911.11327278157	1928.03864178157
853.262831526803	858.045798526803	870.438012526802
63.6522875	66.5696806	74.1283962
41.1387669	43.0242925	47.9095244
29.7520631	31.1156988	34.6487587
21.6396587	22.631475	25.201185
18.1966425	19.0306544	21.1915056
16.0816931	16.8187706	18.7284731
15.3724856	16.0770556	17.9025412
11.21523	11.7292612	13.06107
10.6921462	11.1822019	12.451895
10.5760507	11.0607856	12.3166931
11.0489088	11.5553162	12.8673756
11.0205779	11.5256881	12.8343831
11.068597	11.5759081	12.890305
11.0486963	11.5550931	12.8671281
11.1139659	11.6233544	12.9431387
10.7106097	11.2015131	12.4733981
11.1050269	11.6140063	12.9327294
11.3442631	11.8642094	13.2113394
12.4357175	13.0056881	14.4824306
14.1803381	14.8302681	16.5141844
17.5309931	18.3344963	20.4163025
25.9536362	27.1431781	30.2251737
42.3916881	44.3346406	49.3686563
74.4125119	77.8230806	86.6595731
999.897389975643	1004.80712097564	1017.52783597564
58.2024056	60.870015	67.781555
33.6082712	35.1486481	39.1396344
22.3332431	23.3568494	26.0089231
16.56722	17.3265494	19.2939087
12.97938	13.5742669	15.1155694
11.9564669	12.5044719	13.9243025
9.32781919	9.75534387	10.8630238
9.09896125	9.515997	10.5964998
8.82105913	9.22535738	10.2728593
8.86567081	9.27201381	10.3248131
8.98089844	9.39252262	10.4590043
8.93043806	9.33974919	10.4002394
8.86848644	9.27495819	10.3280922
8.99776225	9.41015975	10.478643
8.9762595	9.38767106	10.4536024
9.20091156	9.62261937	10.7152287
9.54442112	9.98187287	11.1152744
10.1885759	10.6555518	11.8654456
11.4558294	11.98089	13.3412694
14.7808081	15.4582619	17.2134856
20.2179194	21.1445719	23.5454525
26.8474913	28.078	31.2661419
38.2551025	40.00846	44.5512575
43.6086331	45.6073612	50.78589
36.7314087	38.4149331	42.77679
25.4408588	26.6068956	29.628
18.0957913	18.9251812	21.0740563
13.4565675	14.0733263	15.671295
11.1732881	11.6853956	13.012225
10.2122158	10.6802756	11.8929763
8.4698715	8.85807356	9.8638715
8.06302188	8.43257688	9.39006131
7.83006169	8.1889395	9.11876013
7.86057225	8.22084819	9.154292
7.87212412	8.23292969	9.167745
7.86844319	8.22908	9.16345844
8.022732	8.39044056	9.34314044
8.42411013	8.81021481	9.81057881
8.98252369	9.39422238	10.4608981
10.4755618	10.9556906	12.1996644
12.345755	12.9116025	14.3776619
17.0655506	17.8477231	19.8742575
22.3734031	23.3988512	26.055695
22.7078112	23.748585	26.44514
18.17448	19.0074769	21.1656969
13.6334581	14.2583231	15.8772988
10.8918429	11.3910513	12.6844575
9.26000912	9.68442575	10.7840531
7.98613856	8.35216963	9.30052412
7.50044138	7.84421144	8.73488925
7.37285375	7.71077613	8.586303
7.42538725	7.76571769	8.64748281
7.57447975	7.92164325	8.82111313
8.20202994	8.577956	9.55194781
9.43840644	9.87099975	10.9918114
11.216145	11.7302181	13.062135
14.0502269	14.6941931	16.3626594
13.4360444	14.0518631	15.6473956
11.1060433	11.6150712	12.9339144
8.92551812	9.33460394	10.3945097
7.95971644	8.3245365	9.26975337
7.4985875	7.84227269	8.73273037
7.67083187	8.0224115	8.93332356
8.50883094	8.89881863	9.90924306
9.48045244	9.91497288	11.0407769
9.24272806	9.66635275	10.7639279
8.09754662	8.46868394	9.43026825
