#?RADIANCE
genskyvec -m 1
NROWS=146
NCOLS=1
NCOMP=3
FORMAT=ascii

26.8582256	28.0892269	31.2786437
31.0279194	32.4500313	36.1346006
30.4229338	31.8173175	35.4300437
29.9588056	31.3319169	34.8895275
28.7444044	30.0618556	33.4752569
25.9361731	27.1249131	30.2048356
25.8150612	26.9982512	30.0637906
26.2991212	27.5044956	30.6275188
27.0159156	28.2541425	31.4622844
27.7571106	29.02931	32.3254681
34.0312875	35.5910537	39.6322725
34.9406562	36.5421044	40.6913125
39.5634937	41.37682	46.0749881
41.3648738	43.2607619	48.1728444
41.3840081	43.2807744	48.19513
41.4988781	43.4009075	48.3289031
39.0179112	40.80623	45.4396119
37.9324944	39.671065	44.1755531
33.5411131	35.0784106	39.0614219
29.9774119	31.3513763	34.9111938
29.5400581	30.8939775	34.4018619
26.1412406	27.3393806	30.4436556
26.5269837	27.7428019	30.892885
24.9803125	26.1252412	29.0916544
26.7017713	27.9256006	31.0964375
29.4221356	30.7706488	34.2645319
31.0699125	32.4939488	36.1835044
33.37334	34.9029513	38.8660394
31.8468163	33.3064606	37.0882725
32.5708887	34.0637225	37.9315188
31.3918825	32.830675	36.5584637
17.2325206	18.0223456	20.0687081
15.2443331	15.94303	17.7532956
16.413875	17.1661762	19.1153262
15.4864906	16.1962862	18.0353088
15.5811006	16.2952344	18.1454906
15.5354669	16.2475088	18.0923469
17.3760538	18.1724556	20.2358638
19.3693488	20.25711	22.5572213
21.5430331	22.5304213	25.0886594
22.7053019	23.7459594	26.4422163
26.51596	27.7312756	30.8800469
30.0781556	31.4567369	35.02852
33.6363237	35.1779875	39.1723031
35.4768787	37.1029031	41.3157844
34.4594369	36.0388269	40.1308881
31.3209656	32.7565087	36.4758756
29.3264306	30.6705581	34.1530738
24.6564156	25.7865013	28.7144525
21.5886675	22.578145	25.1418006
18.8502931	19.7142625	21.9527375
17.31931	18.11311	20.1697813
16.2769044	17.0229275	18.9558125
14.6643969	15.3365144	17.0779125
15.7252781	16.4460181	18.3133981
16.2094975	16.9524313	18.8773119
16.9831494	17.761545	19.7782944
16.4904475	17.2462594	19.2045012
17.3752438	18.1716094	20.23492
16.9320144	17.7080631	19.7187419
17.2326131	18.0224406	20.0688138
10.6528613	11.1411172	12.4061456
10.2458692	10.7154702	11.9321694
10.4261358	10.9039994	12.1421025
11.4467169	11.9713575	13.3306556
12.438565	13.0086656	14.4857463
14.1693844	14.8188138	16.5014306
16.56408	17.3232662	19.2902538
20.1202088	21.0423837	23.43166
24.2607281	25.3726775	28.2536425
31.5329663	32.9782269	36.7227688
38.46783	40.2309394	44.7989981
37.9426831	39.6817206	44.1874181
31.4639494	32.906045	36.6423938
25.0356356	26.1831006	29.156085
19.7663475	20.6723044	23.0195594
16.5071619	17.2637388	19.223965
13.6702656	14.2968181	15.9201631
12.6337956	13.2128438	14.7131087
11.2743363	11.7910769	13.1299044
10.5087423	10.9903912	12.2383063
10.7053334	11.195995	12.4672538
10.7969831	11.2918462	12.5739881
10.375828	10.8513856	12.0835162
10.8135793	11.3092016	12.593315
8.64295875	9.03909394	10.0654469
8.90277875	9.31082269	10.3680281
9.32733981	9.75484212	10.8624644
9.99197138	10.4499362	11.6364838
11.4746381	12.0005581	13.3631725
12.7825731	13.3684387	14.8863713
15.7638675	16.4863775	18.3583375
20.2955125	21.2257225	23.6358181
29.0847181	30.4177656	33.8715806
42.59144	44.5435475	49.6012838
65.0111944	67.9908719	75.7109556
68.6303456	71.7759038	79.9257581
46.5993819	48.7351869	54.268865
27.3289612	28.5815381	31.8268531
19.6543919	20.5552181	22.8891775
15.9213375	16.6510669	18.5417256
13.1523412	13.7551569	15.3169981
11.4224237	11.9459506	13.3023644
10.1645721	10.6304469	11.83749
9.37023063	9.79969906	10.9124156
8.9670145	9.37800256	10.4428363
8.78850806	9.19131463	10.2349511
8.62165513	9.01681412	10.0406357
8.68513069	9.08319888	10.1145594
8.43652981	8.82320388	9.82504237
8.92692831	9.33607875	10.3961531
9.86873487	10.3210501	11.492965
11.3985981	11.9210331	13.2746169
13.7436325	14.3735481	16.0056075
20.2609725	21.1896	23.5955906
32.2964981	33.7767531	37.6119638
1853.76211915166	1857.36561165166	1866.70195975166
7693.79765288683	7698.89513488683	7712.10224188683
54.9537694	57.4724838	63.99825
29.2596669	30.6007344	34.0753219
18.2715006	19.1089419	21.2786856
13.5501812	14.1712325	15.7803169
10.9202487	11.4207606	12.7175419
9.67514606	10.1185895	11.2675131
8.79348838	9.196523	10.2407497
8.356896	8.73991988	9.73230213
8.2762155	8.65554156	9.638343
9.19888875	9.62050381	10.7128712
10.3910173	10.8672732	12.1012075
12.5689863	13.1450644	14.6376325
17.5987506	18.4053594	20.4952131
28.8536225	30.1760806	33.6024506
1541.40994266304	1543.80811886304	1550.02159076304
40.8961506	42.7705556	47.6269769
22.8286756	23.8749887	26.5858975
14.2741794	14.9284112	16.6234719
11.1873647	11.7001175	13.0286194
9.34113225	9.76926663	10.8785275
9.17396344	9.59443656	10.6838456
11.2165475	11.7306388	13.062605
13.7800581	14.4116456	16.0480281
19.9518988	20.8663606	23.2356512
24.136435	25.2426881	28.1088906
14.6285281	15.2990019	17.0361406
11.5121831	12.039825	13.4068981
14.6887906	15.3620275	17.1063213
