#?RADIANCE
genskyvec -m 1
NROWS=146
NCOLS=1
NCOMP=3
FORMAT=ascii

16.5836625	17.3437462	19.3130569
26.1196044	27.3167506	30.4184581
28.18358	29.4753269	32.8221306
29.9183637	31.2896212	34.8424281
31.24115	32.6730369	36.382925
30.6073306	32.0101644	35.6447881
30.5619363	31.9626881	35.5919206
30.1459881	31.5276787	35.1075162
27.9477819	29.2287219	32.5475231
25.9360837	27.1248187	30.2047319
27.9419813	29.2226556	32.5407675
25.0593813	26.2079356	29.1837394
26.0211025	27.213735	30.3037431
26.0321231	27.2252612	30.3165788
26.4728937	27.6862331	30.8298919
29.6903431	31.0511487	34.5768812
33.7096819	35.2547069	39.2577363
39.2796044	41.0799187	45.7443756
46.9916919	49.145475	54.7257437
58.5931025	61.2786194	68.2365544
64.4708562	67.4257688	75.081685
67.1704881	70.2491344	78.2256338
58.589875	61.2752425	68.2327956
50.1915394	52.491985	58.4522319
42.2915888	44.2299519	49.2520825
34.6446594	36.2325381	40.3465931
30.6215637	32.0250519	35.661365
28.0895781	29.3770175	32.7126563
25.5800225	26.7524413	29.79007
25.07244	26.2215938	29.1989475
25.1157406	26.2668788	29.249375
16.8983887	17.6728981	19.6795844
16.0968506	16.8346219	18.746125
18.1799837	19.0132319	21.1721056
18.1830919	19.0164831	21.1757263
18.4707688	19.3173437	21.5107488
17.5249606	18.3281887	20.4092781
18.7250556	19.5832869	21.8068906
18.7713025	19.6316525	21.8607469
17.5475556	18.3518169	20.4355912
15.0700513	15.7607625	17.5503325
15.5352294	16.24726	18.09207
15.7211144	16.4416656	18.3085475
17.3679944	18.1640256	20.2264787
18.8041269	19.6659838	21.898975
20.8897869	21.847235	24.3278988
25.5490663	26.7200631	29.7540188
32.747565	34.2484925	38.1372694
42.2756837	44.2133169	49.2335581
57.4345888	60.067005	66.8873662
69.8475219	73.0488637	81.3432625
71.7863287	75.0765344	83.601165
59.3849163	62.1067219	69.1586856
44.2526019	46.2808438	51.5358444
34.0563031	35.617215	39.6614056
27.0558981	28.29596	31.5088494
23.0167269	24.0716606	26.8048956
19.0278312	19.8999381	22.1594963
17.5331888	18.3367913	20.4188575
16.3016088	17.0487644	18.9845806
16.3608013	17.1106706	19.0535175
11.3677475	11.8887681	13.2386887
10.9970791	11.5011113	12.8070156
11.1743637	11.6865219	13.0134775
12.1252925	12.6810356	14.1209144
12.08508	12.6389781	14.0740813
11.9874706	12.536895	13.9604087
11.7376675	12.2756431	13.6694937
11.6592475	12.1936306	13.5781681
11.2539694	11.7697763	13.1061863
12.22901	12.7895056	14.2417031
13.4574431	14.0742419	15.6723138
16.8345544	17.6061387	19.6052462
22.2327044	23.2517012	25.8918369
31.8875581	33.3490687	37.1357213
51.8459894	54.2222637	60.3789787
81.0674806	84.7830719	94.40984
1599.77839645313	1603.78552395313	1614.16766135313
58.9783844	61.6815587	68.6852481
34.6512381	36.2394187	40.3542562
23.7904162	24.88081	27.7059225
17.8000087	18.6158406	20.729595
14.6037562	15.2730938	17.0072938
12.2607381	12.8226881	14.2786531
11.6924419	12.228345	13.6168238
9.23667456	9.66002181	10.7568762
9.08015144	9.496325	10.5745945
8.88208013	9.28917512	10.3439234
8.99052969	9.40259569	10.4702212
9.17241019	9.59281256	10.6820364
9.09393837	9.51074362	10.5906506
9.03034931	9.44424013	10.516594
9.31426106	9.741164	10.8472337
9.67518987	10.1186345	11.2675656
10.538214	11.0212163	12.27263
12.1835612	12.7419744	14.1887738
15.1107556	15.8033338	17.5977375
19.260885	20.1436731	22.4309044
30.6408362	32.0452056	35.6838094
51.2870338	53.6376875	59.7280275
2645.01888899172	2648.84276709172	2658.75008709172
4269.32424784897	4273.95340084897	4285.94711084897
60.7245319	63.5077381	70.7187831
34.5139337	36.0958237	40.1943544
22.28853	23.3100856	25.9568506
16.3116369	17.0592519	18.9962594
12.7475944	13.33186	14.8456363
10.8789068	11.3775231	12.6693931
10.0000726	10.4584093	11.64592
8.69423519	9.09272063	10.1251624
8.17817056	8.55300281	9.5241615
7.938846	8.30270938	9.24544819
7.96721206	8.33237569	9.27848294
8.06717306	8.43691837	9.39489588
8.39903044	8.78398562	9.78137106
9.06123981	9.47654662	10.5525691
10.8039146	11.2990944	12.5820588
13.1890588	13.7935575	15.3597594
18.9018962	19.7682331	22.0128344
26.8730213	28.1047	31.2958725
46.3813612	48.5071731	54.0149631
59.5520519	62.2815194	69.3533312
36.3351169	38.0004763	42.3152725
22.5417219	23.5748825	26.2517156
15.0891544	15.7807412	17.5725794
11.4634206	11.9888262	13.3501087
9.62861087	10.0699229	11.21332
8.69346981	9.09192025	10.1242701
8.12713094	8.49962394	9.4647215
7.92688438	8.29019969	9.23151787
8.22694737	8.60401537	9.58096625
9.22659425	9.64948037	10.74514
11.8813225	12.4258838	13.8367919
16.5706844	17.3301731	19.2979431
22.7486244	23.7912688	26.4926706
28.8538813	30.1763494	33.6027513
21.0503631	22.01517	24.5149025
13.7116119	14.3400612	15.9683169
10.3741121	10.8495901	12.0815187
9.78130069	10.2296101	11.3911415
9.16948675	9.58975456	10.6786316
10.187631	10.6545634	11.8643456
13.1632831	13.7666	15.3297412
14.8720425	15.5536762	17.3197344
12.7541006	13.3386619	14.8532125
11.1144738	11.6238856	12.9437306
