#?RADIANCE
genskyvec -m 1
NROWS=146
NCOLS=1
NCOMP=3
FORMAT=ascii

13.7864725	14.4183519	16.0554969
24.66875	25.7994013	28.7288175
23.9614394	25.0596706	27.9050944
24.3140425	25.4284337	28.3157275
25.1571156	26.3101494	29.2975606
26.427605	27.6388687	30.7771506
30.1936069	31.5774788	35.1629725
34.9695588	36.5723294	40.7249675
43.4196619	45.4097287	50.5658181
54.3738219	56.8659544	63.32285
65.0791781	68.0619725	75.7901319
73.3183487	76.6787706	85.3853319
66.1710606	69.2039019	77.0617231
54.2223631	56.7075544	63.146465
43.5146444	45.5090625	50.6764313
35.7850575	37.4252019	41.6746813
29.97238	31.3461112	34.9053356
27.6629894	28.930875	32.2158569
24.5211256	25.6450119	28.5568963
23.31235	24.3808319	27.1491744
24.898375	26.0395506	28.9962356
24.6116138	25.7396462	28.6622781
26.3604456	27.5686319	30.6989369
26.2916187	27.4966512	30.6187825
28.8659225	30.1889456	33.616775
30.21021	31.5948444	35.18231
31.0101406	32.4314369	36.1138956
30.9147119	32.3316375	36.0027612
28.5213269	29.8285525	33.2154613
27.2956788	28.5467287	31.788095
25.3956088	26.5595725	29.5753031
15.8025769	16.5268619	18.4034188
14.5032363	15.1679669	16.89023
16.0155763	16.7496219	18.6514738
16.6068856	17.3680331	19.3401012
19.0725381	19.9466969	22.2115631
21.9445831	22.9503762	25.5562975
27.7833481	29.0567512	32.356025
37.2277737	38.9340462	43.3548475
52.3712175	54.7715638	60.9906512
71.0327006	74.2883638	82.7235038
81.9096781	85.6638687	95.3906525
71.8139106	75.1053787	83.6332862
53.4375544	55.8867737	62.2324875
37.991595	39.7328769	44.2443794
28.5862394	29.8964425	33.2910606
21.99638	23.0045462	25.6166187
20.1219431	21.0441962	23.4336794
16.5025356	17.2589012	19.2185787
15.4045275	16.1105681	17.9398562
14.5036106	15.1683587	16.8906631
14.9165319	15.6002062	17.3715456
15.8361525	16.5619762	18.4425206
15.4189831	16.1256856	17.95669
17.6409425	18.4494844	20.5443488
18.4015756	19.2449781	21.4301675
18.8961469	19.7622225	22.0061413
17.5979669	18.4045394	20.4942981
17.5358869	18.3396131	20.4220019
16.3812106	17.1320156	19.0772856
16.0913263	16.8288438	18.7396894
10.6448817	11.1327715	12.3968519
10.5265678	11.009035	12.259065
11.4299919	11.9538675	13.3111794
14.0392231	14.6826856	16.3498462
17.9339781	18.75595	20.8856138
25.8182069	27.0015406	30.067455
41.2054994	43.0940837	47.9872394
72.6483175	75.9780281	84.6050219
2562.00495978517	2566.99069978517	2579.90828978517
74.9679775	78.4040094	87.306465
43.4662175	45.4584181	50.620035
25.4485112	26.6149019	29.6369156
17.7602919	18.574305	20.6833406
13.8465781	14.4812119	16.1254944
11.9110863	12.45701	13.8714512
11.0657281	11.5729069	12.8869625
10.5000032	10.9812523	12.2281294
11.1824979	11.6950283	13.0229512
11.1374825	11.647951	12.9705275
10.8427212	11.3396788	12.6272531
11.4748194	12.0007487	13.363385
11.4642456	11.9896887	13.35107
10.6357999	11.1232727	12.3862756
10.8137271	11.3093557	12.5934875
8.58767731	8.98127875	10.001067
9.12820212	9.546578	10.6305531
10.1804006	10.6470039	11.8559281
11.8260019	12.3680275	13.7723675
16.1242712	16.8633019	18.77806
21.006855	21.9696675	24.4642331
35.6455756	37.2793325	41.5122475
60.7305094	63.51399	70.7257431
3334.49467551556	3338.39304051556	3348.49338611556
1628.63615985946	1631.39032235946	1638.52611675946
34.7657625	36.3591919	40.48763
21.3421294	22.3203112	24.8546906
16.1687006	16.9097663	18.8298006
12.1840019	12.742435	14.1892831
10.2470972	10.7167569	11.9336
9.17826231	9.59893256	10.6888517
8.6074555	9.00196356	10.0240997
8.44503875	8.83210269	9.83495156
8.57291963	8.96584469	9.98388019
8.5809525	8.97424588	9.9932345
8.65954506	9.05644044	10.0847613
8.68496237	9.08302281	10.1143611
8.47904025	8.86766256	9.87454944
8.59473956	8.98866469	10.0092901
7.82754188	8.18630388	9.11582506
8.75655219	9.157894	10.1977348
10.4341883	10.9124225	12.1514825
14.0731094	14.7181263	16.3893094
20.3296788	21.2614562	23.6756056
33.5026769	35.0382144	39.0166594
41.745755	43.6591	48.6164119
31.2985231	32.7330369	36.4497369
21.2085144	22.18057	24.6990831
14.1435519	14.7917975	16.4713444
10.779403	11.27346	12.553515
8.96819806	9.37924069	10.4442149
7.97217519	8.33756637	9.28426287
7.46826644	7.81056156	8.69741887
7.27851288	7.61211106	8.47643519
7.25452256	7.58702125	8.44849637
7.35716513	7.69436831	8.56803219
7.47253294	7.81502363	8.70238756
7.912717	8.27538306	9.21501888
9.38307494	9.81313225	10.9273724
12.8984406	13.4896194	15.0213113
19.2894338	20.1735312	22.4641525
21.2031887	22.1750006	24.6928813
17.0825463	17.8654975	19.8940506
12.4227875	12.9921663	14.4673725
9.58249663	10.0216947	11.1596175
7.87654456	8.23755275	9.17289312
7.25653987	7.58913119	8.45084606
7.03607512	7.35856181	8.19409638
7.26868306	7.60183081	8.46498781
8.45296719	8.8403945	9.84418556
10.5182397	11.0003269	12.2493688
12.4022206	12.9706569	14.4434194
11.211104	11.7249463	13.0562663
8.45440162	8.84189475	9.84585519
7.72406869	8.07808831	8.995322
9.44682844	9.87980737	11.0016197
