#?RADIANCE
genskyvec -m 1
NROWS=146
NCOLS=1
NCOMP=3
FORMAT=ascii

27.7858112	29.0593275	32.3588944
33.6526663	35.19508	39.1913369
33.08145	34.5976806	38.5261044
32.6020919	34.096355	37.967855
31.257555	32.6901906	36.4020281
28.109545	29.3978987	32.7359094
27.8499581	29.1264156	32.4336006
28.2347044	29.5287963	32.8816688
28.87674	30.2002556	33.6293719
29.6000969	30.9567669	34.4717825
36.3633125	38.0299656	42.34811
37.3431656	39.0547256	43.4892294
42.4980419	44.4458669	49.4925125
44.6457381	46.6920006	51.9936875
44.9048631	46.9630012	52.2954581
45.3098169	47.3865156	52.7670594
42.8420856	44.80568	49.8931813
41.6450906	43.5538237	48.4991831
36.9059237	38.597445	42.9800256
32.9375944	34.4472325	38.3585762
32.3157944	33.796935	37.6344388
28.4948444	29.800855	33.1846206
28.7038887	30.0194831	33.4280731
26.9050331	28.1381788	31.3331519
28.6374244	29.9499731	33.3506706
31.4707956	32.9132069	36.6503656
33.2428969	34.7665294	38.7141256
35.7846938	37.4248256	41.6742619
34.2135937	35.7817156	39.8445844
35.0932969	36.7017387	40.8690688
33.9603137	35.5168262	39.5496169
18.6217519	19.4752481	21.6865831
16.4914406	17.2472969	19.2056587
17.7692625	18.5836875	20.6937887
16.7322263	17.4991188	19.4860731
16.7688987	17.5374738	19.5287806
16.6466375	17.4096075	19.3863963
18.5671956	19.4181913	21.6230487
20.64114	21.5871906	24.0383263
22.9293831	23.9803131	26.7031806
24.18637	25.2949094	28.1670431
28.2730906	29.5689388	32.9263694
32.1435394	33.616785	37.4338325
36.1654156	37.8229956	42.1176419
38.5148713	40.2801363	44.8537794
37.8262119	39.5599125	44.0517781
34.7320056	36.3238881	40.4483169
32.5349656	34.0261494	37.88968
27.4383069	28.6958937	31.9541956
23.9506225	25.0483563	27.8924969
20.8594319	21.8154869	24.2925487
19.0673994	19.9413212	22.2055781
17.7947588	18.6103513	20.7234812
15.9442356	16.6750137	18.5683931
16.9516925	17.7286444	19.74166
17.3885381	18.1855125	20.2504031
18.178285	19.011455	21.1701281
17.6612181	18.47069	20.5679619
18.6355425	19.4896719	21.7026431
18.2057469	19.0401769	21.2021119
18.5733975	19.4246769	21.6302687
11.5201044	12.0481094	13.4161219
11.0819856	11.5899081	12.905895
11.259565	11.7756275	13.1127031
12.3202825	12.8849606	14.3479944
13.3413594	13.9528406	15.5371275
15.1584569	15.8532188	17.6532863
17.7005175	18.5117906	20.6137294
21.4710756	22.4551663	25.0048581
25.8175587	27.000865	30.0667019
33.4833363	35.01799	38.9941381
41.1489981	43.034995	47.9214419
41.9068969	43.8276294	48.8040769
35.5479488	37.1772281	41.3985494
28.4551294	29.7593231	33.1383725
22.2948456	23.3166931	25.9642087
18.47579	19.3225963	21.5165994
15.1971006	15.8936363	17.6982919
13.9334575	14.5720738	16.2266744
12.342895	12.9086094	14.3743306
11.4517294	11.9766006	13.336495
11.5851631	12.1161494	13.4918875
11.6529519	12.1870456	13.5708344
11.2089087	11.7226494	13.0537106
11.6808419	12.2162131	13.6033138
9.39333338	9.82386063	10.93932
9.6616275	10.1044527	11.2517706
10.1069924	10.5702294	11.7704356
10.8041806	11.2993712	12.5823681
12.3753462	12.9425488	14.4121225
13.7741912	14.4055062	16.0411919
16.9558081	17.73295	19.7464537
21.6824444	22.6762231	25.2510175
30.6216662	32.0251587	35.661485
44.1628125	46.18694	51.4312787
67.8206912	70.9291412	78.9828538
77.0102906	80.5399269	89.6849112
54.2855394	56.7736263	63.2200381
31.849035	33.3087825	37.0908575
22.6021556	23.6380863	26.322095
18.1217444	18.9523231	21.1042812
14.8124519	15.4913544	17.2503331
12.7624588	13.3474031	14.8629469
11.2636025	11.7798487	13.1174038
10.3187489	10.7916913	12.0170431
9.82017256	10.2702643	11.4364106
9.58234344	10.0215335	11.1594362
9.38778525	9.81805925	10.9328588
9.438728	9.87133556	10.9921856
9.2386735	9.66211225	10.7592056
9.74890087	10.1957251	11.3534075
10.7639569	11.257305	12.5355256
12.399	12.9672875	14.4396712
14.9231012	15.6070762	17.3791956
21.8098887	22.8095087	25.399435
34.051895	35.612605	39.6562706
1515.42402491333	1519.07899741333	1528.54871931333
8394.41553226668	8400.08015726668	8414.75673826668
1449.93105844932	1452.96085594932	1460.81080844932
34.8934981	36.4927831	40.6363875
21.2283819	22.2013494	24.72222
15.4244363	16.1313881	17.9630413
12.275615	12.8382481	14.2959781
10.7985725	11.2935069	12.5758381
9.74279212	10.1893374	11.3462937
9.20203863	9.62379838	10.7165419
9.08382113	9.50016262	10.5788669
10.1468632	10.6119276	11.8168687
11.4558894	11.9809481	13.3413387
13.8151119	14.4483038	16.08885
19.2277669	20.1090388	22.3923388
31.4206737	32.86079	36.5919975
58.8111594	61.5066681	68.4904994
48.6648894	50.8953631	56.6743219
26.9087644	28.1420819	31.3375
16.3839619	17.1348925	19.0804888
12.6325906	13.2115844	14.711705
10.4119788	10.889195	12.1256188
10.1799926	10.6465753	11.8554506
12.5218219	13.0957369	14.582705
15.3881706	16.0934619	17.9208075
22.4434387	23.4720956	26.1372575
27.7634013	29.0358912	32.3327969
16.7048881	17.4705287	19.454235
12.96491	13.5591338	15.0987194
16.605985	17.3670925	19.339055
