#?RADIANCE
genskyvec -m 1
NROWS=146
NCOLS=1
NCOMP=3
FORMAT=ascii

0.406925237	0.425575963	0.473898362
6.90205194	7.21839581	8.03801513
6.43184719	6.72663975	7.49042231
6.31916131	6.60878944	7.35919037
6.43095894	6.72571113	7.48938806
6.86256544	7.17709975	7.99202994
6.90822331	7.22485006	8.04520206
7.02194325	7.34378219	8.17763863
7.07325575	7.39744656	8.23739619
7.4473365	7.7886725	8.6730445
6.72490644	7.03313125	7.83171419
7.06593375	7.38978887	8.22886906
6.55947631	6.86011881	7.63905719
6.41039419	6.70420369	7.46543869
6.44332406	6.73864294	7.50378825
6.44382994	6.73917181	7.50437706
7.22107069	7.55203631	8.40953881
7.36560019	7.70318994	8.57785544
9.33276413	9.76051575	10.8687819
12.4683897	13.0398563	14.5204787
16.1973794	16.9397575	18.8631987
25.2904687	26.4496131	29.4528575
56.1020144416382	57.7235269416382	61.9247212416382
147.285480211606	149.512997711606	155.284298311606
61.5994344691037	63.4184944691037	68.1315188691037
23.4487469	24.52348	27.3080194
16.2581594	17.003325	18.9339812
11.6795901	12.2149047	13.6018581
9.60292331	10.0430554	11.1834048
7.95352894	8.3180655	9.26254787
7.24036869	7.57221875	8.43201319
6.63201206	6.93597912	7.72353119
6.18040675	6.46367525	7.19759906
6.38611394	6.67881069	7.43716231
6.40724106	6.70090606	7.4617665
6.51942544	6.81823225	7.5924145
6.47580662	6.77261419	7.54161694
6.80601406	7.11795619	7.926171
6.97551663	7.2952275	8.12357081
6.87206775	7.18703744	8.00309619
6.34340525	6.63414462	7.3874245
6.38147456	6.67395863	7.43175937
6.26668094	6.55390356	7.2980725
6.41411056	6.70809025	7.46976656
6.3106525	6.59989081	7.34928131
6.40871925	6.70245187	7.46348781
6.86297725	7.17753038	7.99250938
7.89775144	8.25973131	9.19758994
8.877183	9.28405413	10.3382198
11.3190744	11.8378653	13.1820063
14.3117519	14.9677075	16.66723
19.6184706	20.51765	22.8473469
28.1103925	29.3987844	32.7368969
30.6936081	32.1003994	35.7452681
29.606825	30.9638056	34.4796188
21.7955544	22.7945162	25.38274
16.3325581	17.0811319	19.020625
11.5497199	12.0790825	13.4506138
9.22077881	9.64339819	10.7383659
7.71477513	8.06836869	8.98449862
7.05178325	7.37498962	8.2123895
4.80835919	5.02874231	5.59973563
4.48700081	4.69265506	5.22548681
4.45442544	4.65858625	5.18754975
4.81552156	5.03623281	5.60807644
4.8859195	5.1098575	5.69006069
4.98225813	5.21061144	5.80225512
4.97997288	5.20822156	5.79959375
4.975789	5.20384569	5.79472112
4.63023613	4.84245519	5.39229619
4.70220331	4.91772106	5.476108
4.64494606	4.85783931	5.40942688
4.87658863	5.100099	5.679194
5.18207519	5.41958675	6.03495869
5.72240169	5.98467831	6.66421412
7.21118544	7.54169794	8.39802694
9.47816756	9.912583	11.0381157
12.4336676	13.0035425	14.4800412
16.9711838	17.7490288	19.7643581
16.1856906	16.9275319	18.8495844
12.2090712	12.7686534	14.2184819
9.94345894	10.3991998	11.5799869
7.77679069	8.13322675	9.056722
5.83775531	6.105319	6.79855281
5.29275131	5.5353355	6.16385031
3.43510588	3.592548	4.00046713
3.36196438	3.51605438	3.915288
3.22581194	3.37366144	3.75672706
3.31218119	3.4639895	3.85731125
3.45735869	3.61582094	4.02638263
3.44304281	3.60084881	4.00971044
3.39361513	3.54915587	3.95214794
3.4507055	3.60886275	4.01863431
3.329924	3.48254538	3.877974
3.35599088	3.50980713	3.90833125
3.33131863	3.48400394	3.87959831
3.30858731	3.46023081	3.85312569
3.58240937	3.746603	4.1720145
4.17456456	4.36589887	4.86162863
4.9233725	5.14902681	5.73367794
5.53553369	5.78924538	6.44659056
6.73898563	7.04785569	7.84811075
7.769008	8.12508738	9.04765806
8.33982456	8.72206681	9.71242181
7.38976231	7.72845975	8.60599494
6.26313331	6.55019344	7.29394112
5.10610744	5.34013713	5.94648794
4.2394115	4.43371769	4.93714819
3.91813713	4.09771838	4.56299731
2.58183106	2.700165	3.00675756
2.48408431	2.597938	2.89292325
2.39507219	2.50484619	2.78926119
2.49450469	2.60883619	2.90505869
2.51818781	2.63360475	2.93263963
2.46038387	2.57315119	2.865322
2.484085	2.59793888	2.89292419
2.51610906	2.6314305	2.93021888
2.54349456	2.66007125	2.9621115
2.75918588	2.88564844	3.21330206
2.86496875	2.99627969	3.33649481
3.513881	3.67493369	4.09220737
4.14298469	4.33287125	4.82485113
4.41066813	4.61282375	5.13659113
4.07792275	4.2648275	4.74908119
3.63686156	3.80355106	4.23542856
3.25686856	3.40614175	3.79289519
2.83183194	2.96162425	3.29790456
2.05721238	2.15150119	2.39579537
1.88594938	1.97238863	2.19634544
1.92554319	2.01379725	2.24245575
1.97279269	2.06321231	2.29748144
1.91571344	2.00351681	2.23100794
1.95384812	2.04339956	2.27541912
2.11415731	2.21105606	2.46211238
2.28503081	2.38976144	2.66110894
2.64885506	2.77026081	3.08481256
2.67252094	2.79501144	3.11237356
2.58690906	2.70547569	3.01267138
2.16357025	2.26273394	2.51965806
1.71422788	1.79279681	1.99636144
1.61972481	1.69396212	1.88630456
1.62937325	1.70405287	1.89754113
1.73714831	1.81676762	2.02305425
1.82235162	1.905876	2.12228037
1.87252031	1.95834394	2.180706
1.61831919	1.69249213	1.88466763
