#?RADIANCE
genskyvec -m 1
NROWS=146
NCOLS=1
NCOMP=3
FORMAT=ascii

9.08349075	9.49981775	10.578485
26.2171094	27.4187238	30.5320081
26.870315	28.1018706	31.2927219
27.7906512	29.0643888	32.3645319
28.9606437	30.288005	33.727085
29.6421131	31.0007087	34.5207106
29.7332331	31.0960044	34.6268294
30.02884	31.4051619	34.9710887
28.7334769	30.0504269	33.4625288
28.3485331	29.6478412	33.0142325
28.3048281	29.60213	32.9633331
27.1189169	28.3618644	31.5822388
26.5418669	27.7583681	30.9102181
26.0305544	27.2236206	30.3147506
26.0974187	27.2935494	30.3926194
27.9509519	29.2320363	32.551215
32.0456262	33.5143838	37.3198025
36.3058406	37.9698594	42.2811825
47.0053556	49.1597675	54.7416569
66.7767419	69.83734	77.7670825
85.0192256	88.9159281	99.0119625
114.000034	119.225037	132.762544
106.627028	111.514092	124.176066
94.40457	98.7314475	109.941978
70.53713	73.7700781	82.14637
48.8681812	51.1079719	56.9110725
39.2424812	41.0410931	45.7011425
32.4373875	33.9240987	37.7760419
28.9516956	30.2786469	33.7166631
26.5492025	27.76604	30.9187606
25.8508444	27.0356731	30.1054637
19.5648356	20.4615588	22.7848844
18.4273225	19.2719069	21.4601538
20.3608206	21.2940237	23.7118737
20.4544169	21.3919112	23.8208744
20.924215	21.8832431	24.3679944
20.2171394	21.1437575	23.5445463
21.7214881	22.7170531	25.2964825
22.1025144	23.1155469	25.7402219
21.0499006	22.0146862	24.514365
18.2158781	19.0507713	21.2139106
18.5616212	19.4123619	21.6165562
18.3424413	19.183135	21.3613019
19.6000731	20.4984081	22.8259175
20.1685631	21.0929537	23.4879744
21.4644175	22.4482025	24.9971038
25.1709419	26.3246081	29.3136606
32.2377238	33.7152844	37.5435187
41.2021694	43.0906	47.9833619
61.2185425	64.02439	71.2941
89.4295538	93.5284056	104.148177
128.401137	134.286181	149.533831
1337.75254808316	1343.92927308316	1359.93259208316
96.0909094	100.495074	111.905888
64.505105	67.4615862	75.1215725
45.2264581	47.2993363	52.6699813
34.789965	36.3845044	40.5158137
26.279045	27.4835019	30.6041406
22.6703	23.7093544	26.4014556
20.1584019	21.0823294	23.4761394
19.5624375	20.4590469	22.7820887
13.1406263	13.7429037	15.303355
12.5303025	13.1046081	14.5925813
12.6664731	13.2470206	14.7511656
13.8565525	14.4916444	16.1371113
13.9578813	14.5976169	16.2551163
14.0266981	14.6695887	16.3352588
13.8187913	14.4521519	16.0931356
13.6665669	14.2929512	15.9158575
12.7536756	13.3382194	14.8527188
13.2915706	13.9007681	15.4791425
13.7680287	14.3990637	16.0340169
15.9464437	16.6773212	18.5709644
19.39947	20.2886112	22.5923
25.6373238	26.8123681	29.8568019
40.6254962	42.4874963	47.3117775
69.7098425	72.9048756	81.1829262
2107.04487686724	2113.09151386724	2128.75781486724
1841.27844081049	1847.02858881049	1861.92673581049
61.7928294	64.6249988	71.9629025
36.6826338	38.3639225	42.7199887
25.1116987	26.2626513	29.2446656
19.0922944	19.9673569	22.2345694
14.9464331	15.6314781	17.4063669
13.8835638	14.5198919	16.1685656
10.0727215	10.5343862	11.7305237
9.88309681	10.3360719	11.5096906
9.60760194	10.0479486	11.1888537
9.79536706	10.2443197	11.4075213
10.0978541	10.5606716	11.7597944
10.0098791	10.4686657	11.6573375
9.830076	10.2806213	11.4479437
9.97828206	10.4356192	11.6205419
9.87913613	10.3319304	11.5050775
10.2677873	10.7383965	11.9576962
10.9866063	11.4901594	12.7948194
12.3191569	12.8837838	14.3466844
14.7079987	15.3821138	17.1286894
20.8163606	21.7704437	24.2423875
30.7521125	32.1615831	35.8133969
43.05774	45.0312194	50.1443294
63.8284369	66.7539038	74.3335312
64.5035744	67.4599844	75.1197837
44.8123038	46.8661994	52.1876656
28.8967281	30.2211575	33.6526488
20.23178	21.1590719	23.5615956
14.9946188	15.6818713	17.4624844
12.2983475	12.86202	14.3224513
11.1820656	11.6945762	13.0224487
8.73405156	9.13436194	10.1715321
8.24770044	8.6257195	9.6051345
7.970383	8.33569175	9.28217556
8.08792481	8.45862113	9.41906225
8.12503	8.49742681	9.46227488
8.10901956	8.48068287	9.44362944
8.37938256	8.7634375	9.75849019
9.152014	9.57148131	10.6582827
10.2334752	10.7025099	11.9177375
12.9801788	13.5751044	15.1165019
16.2514344	16.9962912	18.92615
24.5284412	25.6526606	28.5654169
32.9763431	34.4877581	38.4037019
30.0168275	31.3925981	34.9570994
21.7230694	22.7187106	25.2983263
15.2714225	15.9713613	17.7848425
11.7684669	12.307855	13.7053612
9.73756888	10.1838732	11.3402106
8.04447538	8.41318013	9.36846238
7.40557481	7.74499681	8.62440962
7.27414856	7.60754687	8.47135294
7.397952	7.73702462	8.61553212
7.70230469	8.05532681	8.96997619
8.85956806	9.26563125	10.3177054
11.0328313	11.5385018	12.8486519
13.9157175	14.5535212	16.2060125
18.0526638	18.8800781	21.0238331
16.092585	16.8301619	18.7411562
12.2368981	12.7977562	14.2508881
9.30775263	9.73435806	10.8396538
8.08422388	8.45475062	9.41475237
7.48048956	7.82334506	8.71165387
7.84545275	8.205036	9.13668406
9.26700406	9.6917415	10.7921994
10.5633869	11.0475425	12.3019462
9.96225619	10.4188588	11.6018775
8.42703262	8.81327131	9.81398288
