#?RADIANCE
genskyvec -m 1
NROWS=146
NCOLS=1
NCOMP=3
FORMAT=ascii

11.850035	12.3931613	13.8003537
28.6114662	29.9228237	33.3204375
29.3853931	30.7322206	34.2217394
30.3223894	31.7121625	35.3129506
31.3643631	32.8018962	36.5264181
31.5975725	33.0457938	36.7980069
31.4931744	32.93661	36.6764256
31.660415	33.1115169	36.8711919
30.1515656	31.5335131	35.1140144
29.542485	30.8965144	34.4046875
30.196055	31.5800406	35.1658244
28.8501025	30.1723981	33.59835
28.8663181	30.1893569	33.6172356
28.7155888	30.03172	33.4416988
29.0783244	30.4110813	33.864135
31.5966425	33.0448206	36.7969256
36.3539294	38.0201512	42.3371856
41.3665181	43.2624819	48.1747594
52.761905	55.1801563	61.4456369
71.8400631	75.1327294	83.6637431
85.4890694	89.4073144	99.5591475
102.959929	107.678938	119.905438
91.2186475	95.39949	106.231724
79.4909638	83.1342981	92.5738631
62.2886306	65.1435231	72.540305
46.0498119	48.1604275	53.6288462
38.8481963	40.6287388	45.241965
33.5006644	35.0361106	39.0143194
30.5409494	31.9407419	35.5674812
28.6187738	29.9304662	33.3289481
28.1045687	29.3926944	32.7301144
20.55762	21.4998444	23.9410619
19.2506344	20.1329563	22.41897
21.2861937	22.2618106	24.7895475
21.1838275	22.1547537	24.6703337
21.482565	22.4671831	25.0182406
20.5773681	21.5204956	23.9640612
22.1068944	23.1201256	25.7453219
22.4859569	23.5165613	26.1867725
21.4489431	22.4320169	24.9790813
18.5995231	19.4520006	21.6606969
19.1990794	20.0790375	22.35893
19.2434225	20.1254131	22.41057
20.94792	21.9080325	24.3955975
21.9356306	22.941015	25.5458738
23.6961738	24.7822481	27.5961719
28.2749056	29.5708394	32.9284869
36.5322419	38.2066363	42.5448431
47.0227781	49.1779863	54.7619444
68.4344356	71.5710119	79.6976081
94.1806512	98.4972613	109.68122
116.5198	121.860275	135.697
106.406384	111.283338	123.919094
77.083885	80.6168937	89.770615
55.1135606	57.6395956	64.1843356
40.84015	42.7119919	47.5617625
32.8495413	34.3551431	38.25603
25.8111063	26.9941144	30.0591862
22.9744831	24.0274788	26.7557012
20.8005119	21.7538675	24.22393
20.4331056	21.3696231	23.7960569
13.4715119	14.0889581	15.6887006
12.8063962	13.3933556	14.9141162
12.8787244	13.4689988	14.9983494
14.0172788	14.6597369	16.3242881
14.0243	14.6670794	16.3324662
14.052595	14.6966725	16.3654187
13.8759556	14.5119356	16.1597069
13.8437869	14.4782931	16.122245
13.070945	13.6700306	15.2222088
13.9191075	14.557065	16.2099612
14.7199994	15.3946644	17.1426675
17.5691769	18.3744294	20.4607719
22.0414544	23.0516875	25.6691125
30.1019537	31.4816269	35.0562356
48.8707556	51.1106625	56.9140681
83.6365337	87.4698737	97.4017175
2949.52255548716	2955.94410548716	2972.58178048716
1366.33438198157	1370.94996498157	1382.90855198157
53.4613187	55.9116263	62.2601638
33.4299088	34.9621119	38.9319163
23.7305675	24.8182175	27.6362231
18.6452569	19.4998313	21.7139569
14.9808013	15.6674225	17.4463931
14.1432663	14.7914975	16.4710119
10.1766904	10.6431216	11.8516044
9.98560413	10.4432787	11.6290688
9.659152	10.1018629	11.2488862
9.81444113	10.2642684	11.4297338
10.0805067	10.5425289	11.7395894
9.98446162	10.4420823	11.6277387
9.84989738	10.3013517	11.4710281
10.0941725	10.5568223	11.755505
10.1568109	10.6223322	11.828455
10.7525586	11.2453831	12.5222494
11.7984019	12.3391619	13.7402244
13.6476569	14.2731769	15.8938363
16.7729181	17.5416763	19.5334606
24.9330112	26.0757725	29.0365694
38.6112094	40.3808881	44.9659719
56.4376038	59.0243262	65.7262969
2091.57296083786	2095.43836963786	2105.45331333786
70.4883906	73.7191044	82.0896063
43.52601	45.5209519	50.68967
27.6268831	28.8931144	32.1738094
19.5376387	20.4331125	22.75321
14.75501	15.43128	17.18344
12.2676225	12.8298894	14.2866681
11.2566569	11.7725881	13.1093175
8.78007	9.18248969	10.2251231
8.28051781	8.66004125	9.64335325
7.97995919	8.34570712	9.293328
8.08224319	8.45267912	9.41244619
8.13841363	8.51142412	9.47786131
8.22358675	8.60050088	9.57705269
8.63293687	9.02861256	10.0537753
9.72181138	10.1673946	11.3218612
11.193315	11.7063431	13.0355487
14.8742394	15.5559737	17.3222938
19.3914731	20.28025	22.5829888
30.8325137	32.2456706	35.9070344
41.4544425	43.3544369	48.2771556
33.4151325	34.9466594	38.91471
22.5424675	23.5756625	26.2525837
15.3886437	16.0939581	17.9213606
11.7694375	12.3088681	13.7064919
9.77591944	10.223983	11.3848731
8.11586538	8.48784213	9.4516025
7.4669125	7.80914569	8.69584219
7.33151181	7.66753912	8.53815675
7.5172065	7.86174513	8.75441388
7.990433	8.35666081	9.30552544
9.54958644	9.98727425	11.1212894
12.4262344	12.99577	14.4713875
16.18631	16.9281806	18.8503069
21.0967994	22.0637375	24.5689825
17.5878863	18.393995	20.4825594
12.6038506	13.1815281	14.6782356
9.46940413	9.90341906	11.0279119
8.30944106	8.69029013	9.67703656
7.69344056	8.04605631	8.95965313
8.22397119	8.600903	9.57750025
10.0589025	10.5199347	11.7144319
11.4711756	11.9969381	13.3591413
10.4918369	10.9727115	12.2186187
8.86695144	9.2733535	10.3263048
