#?RADIANCE
genskyvec -m 1
NROWS=146
NCOLS=1
NCOMP=3
FORMAT=ascii

7.15027225	7.47799312	8.32708838
22.9845681	24.0380275	26.7674487
22.7557725	23.7987437	26.5009931
23.5209663	24.59901	27.3921269
25.4594812	26.6263725	29.6496887
29.4348906	30.78399	34.2793856
36.2286844	37.8891612	42.1913219
46.123055	48.2370269	53.7141437
65.8608088	68.8794294	76.7004037
92.9629806	97.2237913	108.263141
100.822836	105.443857	117.416581
106.233672	111.102718	123.717976
74.8490856	78.2796663	87.168
53.3900931	55.8371363	62.1772163
40.2069569	42.049775	46.824355
31.6453531	33.0957625	36.8536531
27.10554	28.3478787	31.5666625
24.3597144	25.4762	28.3689175
23.0481019	24.1044725	26.8414363
22.5299019	23.5625212	26.23795
23.6693087	24.7541525	27.5648831
24.5077613	25.6310325	28.5413319
25.16162	26.3148612	29.302805
25.4266131	26.592	29.6114125
27.0932744	28.3350494	31.5523775
26.824635	28.0540969	31.2395231
27.5273513	28.7890219	32.0578969
26.5793244	27.7975419	30.95384
25.5556894	26.7269894	29.76173
24.1344544	25.2406144	28.1065844
23.1668869	24.2287012	26.9797712
16.6124131	17.3738138	19.3465406
15.6365869	16.3532631	18.2101094
17.7885062	18.6038138	20.7161987
19.2613887	20.1442013	22.4314938
23.5212313	24.5992856	27.392435
28.9904881	30.3192175	33.76184
40.0783869	41.9153144	46.6746262
60.3426725	63.1083756	70.2740725
95.927925	100.324609	111.716086
1563.0416723311	1569.2164603311	1585.2147663311
115.880293	121.19148	134.952269
74.8329425	78.2627825	87.1491994
50.6964581	53.0200438	59.0402519
34.401535	35.9782706	40.0634556
25.8574844	27.0426169	30.113195
20.4799156	21.4185762	23.8505694
19.6083731	20.5070887	22.8355862
16.4798919	17.2352181	19.1922081
16.00816	16.7418669	18.6428369
15.3954956	16.1011213	17.9293381
16.0565288	16.7924525	18.6991669
17.11589	17.9003681	19.9328819
16.4804025	17.2357531	19.1928013
18.58385	19.4356087	21.6424431
19.15139	20.0291606	22.3033913
19.3990781	20.2882019	22.5918425
17.89668	18.7169431	20.8421763
17.7444381	18.5577231	20.6648762
16.6720225	17.4361588	19.4159619
16.6000275	17.3608644	19.3321175
10.6278229	11.1149326	12.3769856
10.5328712	11.015628	12.2664069
11.7523694	12.2910188	13.6866137
15.4862681	16.1960556	18.0350494
21.2146594	22.1869969	24.7062419
33.5335812	35.0705375	39.0526531
57.9372731	60.5927312	67.4727875
1886.31680755502	1891.27984755502	1904.13861555502
1429.59621176159	1433.73726436159	1444.46638256159
50.2877544	52.5926081	58.5642831
30.6824994	32.0887788	35.7323275
19.6626256	20.56383	22.8987669
14.5632	15.2306788	16.96006
11.877635	12.4220263	13.8324969
10.9703211	11.4731286	12.775855
10.7310538	11.2228929	12.4972056
10.4199044	10.8974836	12.1348481
11.4156549	11.9388713	13.2944806
11.2086488	11.7223791	13.053405
10.6723919	11.161543	12.4288913
11.2983943	11.8162362	13.1579219
11.2284858	11.743125	13.0765081
10.2870911	10.758582	11.9801763
10.6106044	11.0969243	12.356935
7.60437212	7.95290569	8.85592537
8.18789525	8.56317331	9.53548662
9.17287331	9.593296	10.6825759
10.9861745	11.4897091	12.7943194
15.6893225	16.408415	18.2715225
20.7138425	21.6632256	24.1229969
32.9889131	34.5009031	38.4183388
46.3533919	48.4779231	53.9823912
41.127375	43.0123787	47.8962562
29.8325206	31.1998463	34.74246
19.5089456	20.4031056	22.719795
13.259485	13.8672119	15.4417769
10.94628	11.4479833	12.747855
9.10396194	9.52122594	10.6023223
8.18836444	8.5636645	9.53603312
7.56716875	7.91399688	8.81259938
7.40014894	7.73932181	8.61809025
7.46796731	7.810249	8.69707088
7.74596569	8.10098913	9.02082331
7.73269906	8.08711425	9.00537344
7.78949569	8.14651394	9.07151738
7.79409425	8.15132344	9.07687244
7.52621044	7.87116156	8.7649
7.7142235	8.06779206	8.9838565
6.10032525	6.37992325	7.1043375
6.84818937	7.16206444	7.97528775
8.05244469	8.421515	9.37774325
11.0075537	11.5120647	12.8192131
15.267785	15.9675606	17.78061
20.1528831	21.0765562	23.4697131
20.8233006	21.7777006	24.2504687
15.403275	16.1092594	17.9384006
11.4184702	11.9418171	13.2977606
8.55949194	8.95180169	9.96824219
6.90333819	7.21974106	8.039513
6.31502363	6.60446206	7.35437175
5.9899025	6.26443956	6.975741
5.78699206	6.05222906	6.73943481
5.64921069	5.90813244	6.57897688
5.68496087	5.94552106	6.62061075
5.82294981	6.08983481	6.78131069
5.87041825	6.13947913	6.83659194
5.48174094	5.732987	6.38394419
6.21972081	6.50479106	7.24338362
8.36745162	8.75095963	9.74459525
11.2987373	11.8165937	13.1583211
10.9726287	11.4755417	12.7785421
8.72720206	9.12719875	10.1635545
6.90520463	7.22169281	8.04168656
5.74934775	6.01285937	6.69559481
5.14865106	5.38463075	5.9960335
4.914586	5.13983781	5.72344525
4.95996338	5.18729494	5.77629094
4.98586013	5.21437856	5.80644987
5.16036981	5.39688669	6.00968119
6.05750844	6.33514387	7.0544735
6.65273438	6.95765088	7.74766394
6.0477145	6.32490138	7.043068
4.9300045	5.155963	5.7414015
4.74512275	4.96260744	5.52609119
5.32650144	5.57063244	6.20315513
