#?RADIANCE
genskyvec -m 1
NROWS=146
NCOLS=1
NCOMP=3
FORMAT=ascii

17.1670581	17.9538812	19.9924706
26.4302575	27.641645	30.7802412
28.4972556	29.8033781	33.1874294
30.2080606	31.5925956	35.1798062
31.4801113	32.9229494	36.6612144
30.761575	32.17148	35.8244206
30.6594756	32.0647012	35.7055169
30.2133838	31.5981631	35.1860056
27.9975256	29.280745	32.6054519
25.9753244	27.1658594	30.2504325
28.0488819	29.3344562	32.6652613
25.2108987	26.3663975	29.3601944
26.2754294	27.4797206	30.5999281
26.3932562	27.6029456	30.7371469
26.9298062	28.16409	31.3620044
30.2562219	31.6429631	35.2358938
34.3908025	35.9670475	40.0509581
39.9587325	41.7901731	46.5352775
47.6094219	49.7915206	55.4451431
58.6190075	61.30571	68.2667231
63.7111925	66.631285	74.1969962
65.5381306	68.5419575	76.3246187
57.0923481	59.7090787	66.4887988
48.9834331	51.2285056	57.0452912
41.5662187	43.4713363	48.4073275
34.3582013	35.9329513	40.0129894
30.5520562	31.9523581	35.5804163
28.1858	29.4776488	32.824715
25.7623725	26.9431475	30.00243
25.3326581	26.4937375	29.5019925
25.4105963	26.5752488	29.5927594
17.0783912	17.8611506	19.8892094
16.2577044	17.0028488	18.9334531
18.3379837	19.1784737	21.3561113
18.3068081	19.1458694	21.319805
18.5576	19.4081569	21.611875
17.5843319	18.3902794	20.4784188
18.7683325	19.6285481	21.8572894
18.8087294	19.6707956	21.9043338
17.6042306	18.41109	20.5015944
15.1710362	15.8663762	17.6679375
15.6887981	16.4078694	18.2709137
15.945355	16.6761831	18.5696956
17.6827731	18.4932319	20.5930644
19.2325237	20.1140131	22.3978769
21.4417856	22.424535	24.9707469
26.2916144	27.4966456	30.6187769
33.6227187	35.1637594	39.15646
43.2969375	45.2813794	50.4228937
57.9497244	60.60575	67.487285
68.9899469	72.1519831	80.3445469
69.4569881	72.6404313	80.888455
57.1914675	59.8127413	66.6042331
42.87198	44.8369437	49.9279962
33.3551781	34.883955	38.844885
26.7335044	27.95879	31.1333969
22.8914038	23.9405919	26.6589481
19.0403088	19.9129869	22.1740269
17.6251263	18.432945	20.5259288
16.4375888	17.1909781	19.142945
16.5262175	17.2836694	19.2461587
11.48956	12.0161637	13.3805506
11.1121838	11.6214919	12.9410631
11.2770781	11.7939456	13.1330981
12.2108612	12.7705262	14.2205669
12.1552994	12.7124175	14.15586
12.0540725	12.60655	14.0379713
11.8192106	12.3609237	13.7644569
11.7769969	12.3167744	13.7152931
11.4262819	11.949985	13.3068569
12.4872356	13.0595669	14.5424288
13.821405	14.4548863	16.0961788
17.4031656	18.20081	20.2674388
23.1260581	24.1859988	26.9322206
33.3077419	34.8343475	38.7896444
53.7635644	56.2277263	62.6121538
81.545435	85.2829294	94.9664581
1540.03633189315	1543.85697369315	1553.75592559315
56.5643113	59.15684	65.8738569
33.8110044	35.3606762	39.3757362
23.5039694	24.5812337	27.3723313
17.7389763	18.5520119	20.6585175
14.6406825	15.3117144	17.050295
12.3516525	12.9177706	14.38453
11.8068	12.347945	13.7500031
9.3501935	9.77874431	10.88908
9.19015425	9.61136938	10.7027002
8.98523563	9.39705881	10.4640559
9.08725925	9.50375775	10.5828707
9.26484275	9.68948069	10.7896821
9.19133688	9.61260656	10.7040771
9.15144606	9.570887	10.6576231
9.46990269	9.90394031	11.0284906
9.89280281	10.3462227	11.5209931
10.8302954	11.326685	12.6127825
12.6084481	13.1863331	14.6835887
15.7743069	16.4972963	18.3704969
20.231255	21.1585225	23.5609837
32.4832625	33.9720794	37.82947
54.6951112	57.20197	63.6970194
3130.40633954303	3134.51252894303	3145.15133254304
4024.3314028865	4028.9870928865	4041.0495468865
59.5691656	62.2994163	69.3732594
34.043035	35.6033387	39.6459525
22.1658125	23.181745	25.81394
16.32638	17.0746719	19.0134319
12.8259456	13.4138019	14.9368831
10.9816606	11.4849862	12.7890606
10.1098198	10.5731863	11.7737275
8.82774981	9.232355	10.2806515
8.30440206	8.68502044	9.67116894
8.06453925	8.43416356	9.39182838
8.09241294	8.46331481	9.4242895
8.20751681	8.58369462	9.558338
8.58930969	8.98298606	10.0029673
9.31217238	9.73897944	10.8448019
11.1990075	11.712295	13.0421787
13.7830213	14.4147425	16.0514775
19.9907069	20.9069456	23.2808444
28.7226769	30.0391319	33.449955
50.0447219	52.3384394	58.2812531
62.9546325	65.8400525	73.3159175
36.8958094	38.5868681	42.9682481
22.7795337	23.8235938	26.5286675
15.2591837	15.9585619	17.7705912
11.6060462	12.13799	13.5162081
9.76752144	10.2151988	11.3750925
8.86446506	9.2707525	10.3234095
8.3012265	8.68169938	9.66747056
8.10380256	8.47522662	9.43755388
8.43802881	8.82477138	9.8267885
9.52961513	9.96638925	11.0980312
12.4052775	12.9738519	14.4469806
17.4972819	18.2992419	20.3770462
24.1617756	25.2691881	28.1384025
30.3560956	31.7474169	35.3522063
21.6968469	22.6912856	25.2677875
13.9846962	14.6256606	16.2863444
10.5892578	11.0746	12.3320756
10.0497779	10.5103944	11.703805
9.443629	9.87646175	10.9978936
10.5583011	11.0422231	12.2960219
13.7637725	14.3946113	16.0290594
15.48531	16.1950519	18.0339337
13.15421	13.7571094	15.3191731
11.5105025	12.0380669	13.4049406
