#?RADIANCE
genskyvec -m 1
NROWS=146
NCOLS=1
NCOMP=3
FORMAT=ascii

3.99438194	4.17745781	4.65179094
18.7251888	19.5834263	21.8070425
18.6800675	19.5362381	21.7544981
19.6383837	20.538475	22.8705375
21.9789481	22.9863156	25.5963169
26.935815	28.1703725	31.3690038
35.4010394	37.0235875	41.227465
48.1605306	50.3678862	56.0869531
75.8567969	79.3335637	88.3415587
115.288291	120.572343	134.262852
114.153244	119.385255	132.940974
101.087518	105.720684	117.724841
61.4793931	64.2971963	71.5978794
41.2972375	43.1900256	48.0940744
30.6139481	32.0170856	35.6524969
24.1456906	25.2523681	28.1196725
21.0152588	21.9784575	24.4740225
18.9772225	19.84701	22.1005563
18.5210706	19.3699519	21.5693325
18.6292806	19.4831225	21.6953519
19.79046	20.6975237	23.0476444
21.0813269	22.0475537	24.5509637
21.6522863	22.6446813	25.2158925
22.1361381	23.1507112	25.7793787
23.4979856	24.5749775	27.3653656
22.8960794	23.9454819	26.664395
23.3160025	24.3846519	27.1534281
22.1194625	23.13327	25.7599581
21.2041544	22.1760106	24.6940056
19.7300906	20.6343856	22.9773363
18.8822375	19.7476725	21.9899394
14.1676006	14.8169481	16.4993525
13.5204631	14.14015	15.7457069
15.5691063	16.28269	18.1315225
17.3966325	18.1939781	20.2598287
22.2292081	23.2480462	25.8877669
28.6818369	29.9964194	33.4023894
41.7675625	43.6819075	48.6418106
67.5787644	70.6761225	78.7011044
851.85804507036	857.29185707036	871.37036007036
2027.33932770987	2033.88189670987	2050.83307170987
90.5018687	94.6498756	105.396984
54.56848	57.0695337	63.5495481
37.1410194	38.8433137	43.2538144
25.6396294	26.8147787	29.8594875
19.7110319	20.6144531	22.95514
16.0993537	16.8372419	18.74904
15.7709044	16.4937356	18.3665325
13.6690312	14.2955269	15.9187262
13.6622275	14.2884131	15.910805
13.4610869	14.0780531	15.67656
14.2861313	14.9409137	16.6373913
15.4173975	16.1240288	17.9548456
14.9873281	15.6742456	17.4539925
16.8066913	17.5769988	19.5727919
17.21943	18.0086544	20.0534631
17.2750281	18.0668019	20.1182113
15.78554	16.5090425	18.3835788
15.4185025	16.1251831	17.95613
14.3528388	15.0106769	16.7150781
14.1798919	14.829805	16.5136675
9.30242488	9.72878506	10.8334496
9.28866519	9.71439606	10.8174247
10.5338937	11.0166972	12.2675975
14.2881025	14.9429738	16.6396881
20.193395	21.1189256	23.5168925
32.6456	34.1418544	38.0185231
54.7321181	57.2406719	63.740115
659.676970827284	663.354845127284	672.883887727284
53.5842	56.0401406	62.40327
32.6939931	34.192465	38.0748819
21.29089	22.2667219	24.7950162
14.6308644	15.3014456	17.0388606
11.3931761	11.9153624	13.2683037
9.677545	10.1210979	11.2703082
9.30034663	9.72661206	10.8310298
9.399575	9.83038806	10.9465891
9.39537144	9.82599131	10.9416922
10.4291553	10.9071577	12.1456218
10.3176114	10.7904997	12.0157179
9.81039088	10.2600336	11.4250192
10.2787943	10.7499057	11.9705144
10.0927017	10.5552823	11.7537921
9.13107525	9.54958263	10.6338985
9.30455275	9.73101181	10.8359266
6.735638	7.04435431	7.84421194
7.25996375	7.59271187	8.45483313
8.18748956	8.5627495	9.53501388
9.86237819	10.3144027	11.4855611
14.0540156	14.6981581	16.3670737
18.1728481	19.00577	21.1637994
25.994855	27.186285	30.2731775
31.54834	32.9943038	36.7406725
25.4056806	26.5701062	29.5870325
19.1941094	20.0738388	22.3531412
13.4683588	14.0856569	15.6850263
9.79931731	10.2484523	11.4121223
8.46332875	8.85123088	9.85625075
7.41190875	7.751621	8.63178569
6.93304462	7.25080881	8.07410856
6.59384775	6.8960655	7.67908556
6.62886206	6.93268481	7.71986281
6.80863519	7.12069744	7.92922337
7.13341875	7.46036712	8.30746112
7.12529138	7.45186719	8.29799613
7.13700819	7.46412081	8.31164125
7.06085756	7.38448006	8.22295738
6.74918262	7.05852006	7.85998613
6.85751437	7.17181675	7.98614719
5.421505	5.66999056	6.31379469
6.05191213	6.32929131	7.04795625
7.04164125	7.36438294	8.20057844
9.40024312	9.8310865	10.9473657
12.3299085	12.8950279	14.3592069
14.44766	15.1098438	16.8255037
14.0587363	14.7030956	16.3725713
10.6850864	11.1748194	12.443674
8.36870206	8.75226706	9.74605075
6.69483188	7.00167819	7.79669
5.66542919	5.9250945	6.59786475
5.40738437	5.65522269	6.29734987
5.30635694	5.54956506	6.17969544
5.24828325	5.48882937	6.11206356
5.15648319	5.39282169	6.00515456
5.18219644	5.41971381	6.03509994
5.26661581	5.50800225	6.13341344
5.25563331	5.49651644	6.12062344
4.83452537	5.05610763	5.63020781
5.37179125	5.61799794	6.25589881
6.94682306	7.26521912	8.09015519
8.71275469	9.11208844	10.1467286
8.15578675	8.52959375	9.49809419
6.62129731	6.92477331	7.71105281
5.50967244	5.762199	6.41647306
4.81006456	5.03052556	5.60172125
4.50306406	4.70945419	5.24419362
4.39255475	4.59388	5.11549631
4.47001356	4.67488919	5.20570369
4.4442685	4.647964	5.17572112
4.46883763	4.67365906	5.20433419
5.06379387	5.29588425	5.89721025
5.36800806	5.6140415	6.25149306
4.929476	5.15541019	5.74078581
4.23492375	4.42902431	4.93192206
4.15942813	4.35006856	4.844001
4.49866906	4.704858	5.23907519
