#?RADIANCE
genskyvec -m 1
NROWS=146
NCOLS=1
NCOMP=3
FORMAT=ascii

6.171029	6.45386763	7.18667762
22.7225506	23.7640006	26.4623062
23.2443663	24.30973	27.0700006
24.1312462	25.2372594	28.10285
25.3656181	26.5282069	29.5403763
26.3445156	27.5519713	30.6803844
26.6378125	27.8587112	31.0219531
27.0666025	28.3071538	31.5213144
26.0165262	27.20895	30.2984156
25.8161963	26.9994381	30.0651119
25.3922706	26.5560837	29.5714181
24.3058656	25.419885	28.3062075
23.3374638	24.4070975	27.1784238
22.5142044	23.546105	26.2196694
22.2566837	23.2767806	25.9197638
23.4729656	24.5488087	27.336225
26.6673381	27.8895906	31.0563381
30.0697412	31.4479362	35.0187212
38.9950181	40.7822881	45.41295
56.6949769	59.293495	66.0260306
76.9962494	80.5252444	89.6685562
115.239113	120.520906	134.205556
119.198351	124.661619	138.816429
108.863015	113.85256	126.780034
77.5734706	81.12892	90.3407769
50.231185	52.5334444	58.4984038
38.2074194	39.9585919	44.495725
30.1842263	31.5676681	35.1520469
26.1686094	27.3680038	30.4755288
23.4205087	24.4939488	27.2751369
22.512455	23.544275	26.2176313
17.1339425	17.9192469	19.9539037
16.13799	16.8776475	18.7940369
17.9362644	18.7583406	20.888275
18.1722675	19.0051638	21.1631219
18.7791519	19.6398625	21.8698881
18.2703844	19.1077787	21.2773875
19.7556125	20.6610763	23.0070569
20.1791012	21.1039762	23.5002469
19.1908244	20.0704044	22.3493169
16.4506512	17.2046388	19.158155
16.6114369	17.3727925	19.3454031
16.1804562	16.9220594	18.8434894
17.0279469	17.8083931	19.8304637
17.16579	17.9525537	19.9909925
17.9320344	18.7539175	20.8833494
20.5941156	21.5380112	23.9835662
26.1664681	27.3657631	30.473035
32.6677075	34.1649781	38.0442706
48.3929225	50.6109281	56.3575931
71.7579681	75.0468737	83.5681369
114.698331	119.955333	133.575781
1807.14886865708	1814.21943765708	1832.53866265708
109.504313	114.523275	127.526904
69.5484337	72.7360712	80.9949512
46.2256825	48.3443575	53.8336619
34.1016637	35.664655	39.7142325
24.64802	25.7777206	28.7046744
20.6368725	21.5827294	24.03336
17.9654569	18.7888725	20.9222725
17.2300281	18.0197369	20.0658044
11.3628652	11.8836619	13.2330038
10.8259066	11.3220944	12.6076706
11.0176856	11.5226619	12.8310144
12.2208399	12.7809619	14.2321862
12.4147669	12.9837756	14.4580319
12.5461831	13.1212156	14.6110762
12.3555937	12.9218919	14.3891187
12.1434046	12.699975	14.1420044
11.1450106	11.6558225	12.979295
11.4012707	11.9238281	13.2777306
11.5439709	12.0730694	13.4439169
12.9813069	13.5762844	15.1178162
15.2735513	15.9735875	17.7873237
19.4121987	20.3019225	22.607125
29.6589981	31.0183675	34.5403763
49.3241519	51.5848431	57.4420887
949.95519915047	953.99262605047	964.45323565047
1493.58845847886	1499.19521247886	1513.72183547886
60.2838662	63.0468738	70.2055894
34.5143544	36.0962612	40.194845
23.3033919	24.3714612	27.1387412
17.2770731	18.0689394	20.1205925
13.1415769	13.7438981	15.3044631
12.0820131	12.6357725	14.0705125
8.51522681	8.90550775	9.91669194
8.38082162	8.76494238	9.76016562
8.17964225	8.55454225	9.52587569
8.40255437	8.78767131	9.78547575
8.744804	9.14560737	10.1840527
8.681221	9.07910975	10.1100062
8.49180875	8.88101563	9.88941862
8.56884569	8.96158406	9.97913512
8.33155169	8.71341406	9.702787
8.51283663	8.90300762	9.91390881
8.86997944	9.27651975	10.3298309
9.61272687	10.0533101	11.1948218
11.1937369	11.7067837	13.0360406
15.1337125	15.8273412	17.62447
21.2923306	22.2682294	24.796695
28.4500825	29.7540437	33.1324938
41.0346506	42.9154031	47.7882719
45.79441	47.8933194	53.3314081
36.8417869	38.5303681	42.905335
24.9237987	26.0661381	29.0258419
17.6072025	18.4141975	20.5050556
12.9550725	13.5488444	15.0872606
10.5050102	10.9864899	12.23396
9.51812175	9.95436781	11.0846469
7.18539919	7.51472988	8.36799669
6.82159906	7.13425544	7.94432088
6.61348063	6.91659825	7.70194969
6.77095525	7.08129037	7.88534212
6.80619275	7.11814294	7.92637906
6.70953406	7.01705437	7.813812
6.84022619	7.15373625	7.96601369
7.25886	7.59155744	8.45354775
7.88385963	8.24520319	9.18141188
9.59062731	10.0301963	11.1690844
11.4981309	12.0251281	13.3905338
16.5478356	17.3062794	19.271335
21.9186525	22.9232575	25.5260994
21.6194181	22.6103087	25.1776156
16.7727644	17.541515	19.5332831
12.3050119	12.8689919	14.3302112
9.6713035	10.1145714	11.2630388
8.00640106	8.37336081	9.32412188
6.44940294	6.74500038	7.51086775
5.935882	6.20794319	6.91282962
5.87676019	6.1461115	6.84397731
5.96151937	6.23475563	6.94268644
6.06926575	6.34744044	7.06816619
6.73219713	7.040756	7.840205
8.06684819	8.43657837	9.39451756
9.83129962	10.2819005	11.4493669
12.566255	13.1422094	14.6344544
11.7745346	12.3142007	13.7124275
9.51550612	9.95163206	11.0815993
7.34330675	7.67987469	8.55189306
6.25251387	6.53908719	7.28157413
5.79779081	6.06352262	6.75201069
5.98893069	6.26342319	6.97460919
6.8646335	7.17926231	7.99443838
7.74820944	8.10333569	9.02343587
7.50461744	7.84857881	8.73975294
6.3573935	6.64877375	7.40371481
